3.1962e+01
3.1938e+01
3.1912e+01
3.1881e+01
3.1849e+01
3.1823e+01
3.1794e+01
3.1758e+01
3.1728e+01
3.1693e+01
3.1657e+01
3.1627e+01
3.1596e+01
3.1546e+01
3.1513e+01
3.1475e+01
3.1446e+01
3.1398e+01
3.1353e+01
3.1303e+01
3.1242e+01
3.1183e+01
3.1128e+01
3.1081e+01
3.1041e+01
3.0998e+01
3.0959e+01
3.0917e+01
3.0886e+01
3.0847e+01
3.0805e+01
3.0770e+01
3.0733e+01
3.0709e+01
3.0682e+01
3.0642e+01
3.0615e+01
3.0589e+01
3.0564e+01
3.0538e+01
3.0505e+01
3.0479e+01
3.0458e+01
3.0425e+01
3.0397e+01
3.0374e+01
3.0352e+01
3.0325e+01
3.0284e+01
3.0235e+01
3.0186e+01
3.0147e+01
3.0113e+01
3.0074e+01
3.0039e+01
3.0012e+01
2.9988e+01
2.9955e+01
2.9926e+01
2.9891e+01
2.9859e+01
2.9828e+01
2.9803e+01
2.9781e+01
2.9764e+01
2.9733e+01
2.9719e+01
2.9692e+01
2.9668e+01
2.9643e+01
2.9616e+01
2.9590e+01
2.9571e+01
2.9544e+01
2.9522e+01
2.9499e+01
2.9483e+01
2.9454e+01
2.9427e+01
2.9398e+01
2.9357e+01
2.9312e+01
2.9266e+01
2.9234e+01
2.9201e+01
2.9170e+01
2.9149e+01
2.9122e+01
2.9095e+01
2.9071e+01
2.9042e+01
2.9013e+01
2.8992e+01
2.8965e+01
2.8941e+01
2.8912e+01
2.8887e+01
2.8862e+01
2.8841e+01
2.8816e+01
2.8790e+01
2.8771e+01
2.8746e+01
2.8728e+01
2.8705e+01
2.8684e+01
2.8651e+01
2.8636e+01
2.8618e+01
2.8605e+01
2.8564e+01
2.8533e+01
2.8489e+01
2.8462e+01
2.8438e+01
2.8417e+01
2.8394e+01
2.8382e+01
2.8367e+01
2.8348e+01
2.8340e+01
2.8323e+01
2.8323e+01
2.8309e+01
2.8315e+01
2.8305e+01
2.8311e+01
2.8299e+01
2.8315e+01
2.8305e+01
2.8319e+01
2.8315e+01
2.8315e+01
2.8309e+01
2.8313e+01
2.8305e+01
2.8299e+01
2.8292e+01
2.8284e+01
2.8284e+01
2.8255e+01
2.8230e+01
2.8203e+01
2.8182e+01
2.8153e+01
2.8143e+01
2.8126e+01
2.8112e+01
2.8099e+01
2.8084e+01
2.8068e+01
2.8053e+01
2.8043e+01
2.8035e+01
2.8026e+01
2.8012e+01
2.8001e+01
2.7995e+01
2.7983e+01
2.7974e+01
2.7974e+01
2.7968e+01
2.7958e+01
2.7943e+01
2.7924e+01
2.7914e+01
2.7891e+01
2.7874e+01
2.7858e+01
2.7845e+01
2.7818e+01
2.7799e+01
2.7755e+01
2.7720e+01
2.7676e+01
2.7651e+01
2.7624e+01
2.7601e+01
2.7564e+01
2.7541e+01
2.7520e+01
2.7499e+01
2.7474e+01
2.7449e+01
2.7415e+01
2.7390e+01
2.7363e+01
2.7340e+01
2.7315e+01
2.7290e+01
2.7269e+01
2.7237e+01
2.7210e+01
2.7187e+01
2.7156e+01
2.7131e+01
2.7103e+01
2.7074e+01
2.7051e+01
2.7030e+01
2.6999e+01
2.6965e+01
2.6934e+01
2.6900e+01
2.6852e+01
2.6805e+01
2.6757e+01
2.6719e+01
2.6688e+01
2.6652e+01
2.6625e+01
2.6587e+01
2.6562e+01
2.6538e+01
2.6509e+01
2.6477e+01
2.6450e+01
2.6423e+01
2.6399e+01
2.6381e+01
2.6355e+01
2.6330e+01
2.6300e+01
2.6273e+01
2.6250e+01
2.6227e+01
2.6199e+01
2.6174e+01
2.6149e+01
2.6123e+01
2.6102e+01
2.6081e+01
2.6056e+01
2.6030e+01
2.5999e+01
2.5958e+01
2.5910e+01
2.5872e+01
2.5846e+01
2.5817e+01
2.5785e+01
2.5766e+01
2.5738e+01
2.5707e+01
2.5688e+01
2.5664e+01
2.5639e+01
2.5611e+01
2.5596e+01
2.5571e+01
2.5546e+01
2.5531e+01
2.5512e+01
2.5493e+01
2.5473e+01
2.5456e+01
2.5431e+01
2.5425e+01
2.5414e+01
2.5405e+01
2.5386e+01
2.5389e+01
2.5380e+01
2.5384e+01
2.5374e+01
2.5386e+01
2.5367e+01
2.5365e+01
2.5340e+01
2.5344e+01
2.5331e+01
2.5342e+01
2.5329e+01
2.5338e+01
2.5331e+01
2.5352e+01
2.5355e+01
2.5401e+01
2.5431e+01
2.5454e+01
2.5486e+01
2.5486e+01
2.5507e+01
2.5514e+01
2.5524e+01
2.5524e+01
2.5546e+01
2.5552e+01
2.5571e+01
2.5573e+01
2.5588e+01
2.5601e+01
2.5626e+01
2.5641e+01
2.5660e+01
2.5675e+01
2.5685e+01
2.5690e+01
2.5690e+01
2.5694e+01
2.5698e+01
2.5709e+01
2.5726e+01
2.5736e+01
2.5749e+01
2.5745e+01
2.5751e+01
2.5736e+01
2.5728e+01
2.5713e+01
2.5702e+01
2.5688e+01
2.5671e+01
2.5647e+01
2.5628e+01
2.5603e+01
2.5577e+01
2.5558e+01
2.5541e+01
2.5516e+01
2.5495e+01
2.5469e+01
2.5450e+01
2.5429e+01
2.5403e+01
2.5384e+01
2.5359e+01
2.5333e+01
2.5280e+01
2.5236e+01
2.5195e+01
2.5163e+01
2.5123e+01
2.5091e+01
2.5059e+01
2.5038e+01
2.5008e+01
2.4980e+01
2.4953e+01
2.4925e+01
2.4893e+01
2.4869e+01
2.4837e+01
2.4808e+01
2.4778e+01
2.4754e+01
2.4726e+01
2.4705e+01
2.4667e+01
2.4637e+01
2.4607e+01
2.4583e+01
2.4562e+01
2.4539e+01
2.4504e+01
2.4477e+01
2.4453e+01
2.4425e+01
2.4400e+01
2.4372e+01
2.4331e+01
2.4290e+01
2.4239e+01
2.4200e+01
2.4164e+01
2.4121e+01
2.4089e+01
2.4063e+01
2.4035e+01
2.4007e+01
2.3973e+01
2.3945e+01
2.3919e+01
2.3889e+01
2.3861e+01
2.3834e+01
2.3810e+01
2.3786e+01
2.3758e+01
2.3735e+01
2.3705e+01
2.3674e+01
2.3653e+01
2.3623e+01
2.3591e+01
2.3563e+01
2.3543e+01
2.3515e+01
2.3487e+01
2.3461e+01
2.3433e+01
2.3399e+01
2.3349e+01
2.3304e+01
2.3263e+01
2.3233e+01
2.3192e+01
2.3155e+01
2.3129e+01
2.3105e+01
2.3073e+01
2.3047e+01
2.3021e+01
2.2986e+01
2.2963e+01
2.2937e+01
2.2917e+01
2.2893e+01
2.2867e+01
2.2841e+01
2.2818e+01
2.2794e+01
2.2770e+01
2.2746e+01
2.2724e+01
2.2698e+01
2.2685e+01
2.2668e+01
2.2649e+01
2.2623e+01
2.2605e+01
2.2588e+01
2.2564e+01
2.2547e+01
2.2529e+01
2.2503e+01
2.2466e+01
2.2434e+01
2.2399e+01
2.2366e+01
2.2338e+01
2.2308e+01
2.2284e+01
2.2264e+01
2.2236e+01
2.2212e+01
2.2188e+01
2.2171e+01
2.2147e+01
2.2125e+01
2.2103e+01
2.2084e+01
2.2060e+01
2.2040e+01
2.2021e+01
2.1994e+01
2.1968e+01
2.1944e+01
2.1918e+01
2.1898e+01
2.1872e+01
2.1846e+01
2.1822e+01
2.1800e+01
2.1774e+01
2.1748e+01
2.1726e+01
2.1702e+01
2.1678e+01
2.1654e+01
2.1630e+01
2.1602e+01
2.1567e+01
2.1536e+01
2.1501e+01
2.1464e+01
2.1429e+01
2.1405e+01
2.1383e+01
2.1357e+01
2.1341e+01
2.1322e+01
2.1306e+01
2.1293e+01
2.1280e+01
2.1269e+01
2.1262e+01
2.1258e+01
2.1258e+01
2.1258e+01
2.1267e+01
2.1276e+01
2.1284e+01
2.1289e+01
2.1284e+01
2.1280e+01
2.1278e+01
2.1278e+01
2.1271e+01
2.1260e+01
2.1260e+01
2.1256e+01
2.1245e+01
2.1243e+01
2.1236e+01
2.1227e+01
2.1197e+01
2.1175e+01
2.1146e+01
2.1124e+01
2.1098e+01
2.1076e+01
2.1045e+01
2.1019e+01
2.0995e+01
2.0964e+01
2.0938e+01
2.0909e+01
2.0874e+01
2.0854e+01
2.0826e+01
2.0795e+01
2.0766e+01
2.0736e+01
2.0709e+01
2.0683e+01
2.0652e+01
2.0630e+01
2.0601e+01
2.0570e+01
2.0548e+01
2.0518e+01
2.0493e+01
2.0469e+01
2.0440e+01
2.0412e+01
2.0385e+01
2.0365e+01
2.0339e+01
2.0310e+01
2.0288e+01
2.0266e+01
2.0226e+01
2.0193e+01
2.0145e+01
2.0103e+01
2.0074e+01
2.0047e+01
2.0016e+01
1.9990e+01
1.9968e+01
1.9943e+01
1.9919e+01
1.9890e+01
1.9859e+01
1.9842e+01
1.9819e+01
1.9802e+01
1.9784e+01
1.9769e+01
1.9737e+01
1.9718e+01
1.9702e+01
1.9691e+01
1.9669e+01
1.9655e+01
1.9631e+01
1.9620e+01
1.9604e+01
1.9589e+01
1.9573e+01
1.9558e+01
1.9545e+01
1.9529e+01
1.9509e+01
1.9496e+01
1.9473e+01
1.9453e+01
1.9418e+01
1.9378e+01
1.9340e+01
1.9318e+01
1.9285e+01
1.9262e+01
1.9231e+01
1.9202e+01
1.9182e+01
1.9158e+01
1.9133e+01
1.9113e+01
1.9087e+01
1.9060e+01
1.9044e+01
1.9024e+01
1.9004e+01
1.8986e+01
1.8957e+01
1.8928e+01
1.8904e+01
1.8884e+01
1.8859e+01
1.8835e+01
1.8817e+01
1.8788e+01
1.8763e+01
1.8739e+01
1.8716e+01
1.8698e+01
1.8674e+01
1.8649e+01
1.8620e+01
1.8582e+01
1.8551e+01
1.8526e+01
1.8508e+01
1.8488e+01
1.8477e+01
1.8461e+01
1.8441e+01
1.8435e+01
1.8428e+01
1.8417e+01
1.8403e+01
1.8397e+01
1.8390e+01
1.8381e+01
1.8372e+01
1.8367e+01
1.8358e+01
1.8350e+01
1.8345e+01
1.8345e+01
1.8341e+01
1.8336e+01
1.8338e+01
1.8343e+01
1.8343e+01
1.8336e+01
1.8329e+01
1.8318e+01
1.8305e+01
1.8300e+01
1.8298e+01
1.8294e+01
1.8300e+01
1.8302e+01
1.8318e+01
1.8341e+01
1.8367e+01
1.8383e+01
1.8417e+01
1.8448e+01
1.8497e+01
1.8535e+01
1.8596e+01
1.8647e+01
1.8721e+01
1.8772e+01
1.8848e+01
1.8906e+01
1.8980e+01
1.9051e+01
1.9133e+01
1.9180e+01
1.9280e+01
1.9351e+01
1.9427e+01
1.9496e+01
1.9556e+01
1.9627e+01
1.9651e+01
1.9698e+01
1.9706e+01
1.9746e+01
1.9753e+01
1.9788e+01
1.9797e+01
1.9828e+01
1.9831e+01
1.9864e+01
1.9868e+01
1.9895e+01
1.9895e+01
1.9912e+01
1.9917e+01
1.9924e+01
1.9935e+01
1.9952e+01
1.9946e+01
1.9948e+01
1.9946e+01
1.9943e+01
1.9928e+01
1.9915e+01
1.9904e+01
1.9888e+01
1.9873e+01
1.9857e+01
1.9835e+01
1.9808e+01
1.9780e+01
1.9742e+01
1.9689e+01
1.9642e+01
1.9602e+01
1.9556e+01
1.9520e+01
1.9469e+01
1.9433e+01
1.9396e+01
1.9365e+01
1.9311e+01
1.9273e+01
1.9227e+01
1.9189e+01
1.9147e+01
1.9115e+01
1.9075e+01
1.9038e+01
1.8997e+01
1.8962e+01
1.8915e+01
1.8877e+01
1.8835e+01
1.8794e+01
1.8759e+01
1.8727e+01
1.8685e+01
1.8647e+01
1.8609e+01
1.8580e+01
1.8540e+01
1.8482e+01
1.8430e+01
1.8376e+01
1.8325e+01
1.8278e+01
1.8231e+01
1.8186e+01
1.8134e+01
1.8103e+01
1.8072e+01
1.8042e+01
1.8009e+01
1.7971e+01
1.7937e+01
1.7908e+01
1.7878e+01
1.7851e+01
1.7820e+01
1.7788e+01
1.7750e+01
1.7721e+01
1.7689e+01
1.7658e+01
1.7624e+01
1.7597e+01
1.7568e+01
1.7541e+01
1.7509e+01
1.7478e+01
1.7448e+01
1.7428e+01
1.7397e+01
1.7372e+01
1.7349e+01
1.7315e+01
1.7291e+01
1.7248e+01
1.7202e+01
1.7155e+01
1.7114e+01
1.7067e+01
1.7035e+01
1.7004e+01
1.6967e+01
1.6938e+01
1.6913e+01
1.6881e+01
1.6854e+01
1.6827e+01
1.6804e+01
1.6775e+01
1.6750e+01
1.6732e+01
1.6700e+01
1.6677e+01
1.6657e+01
1.6632e+01
1.6603e+01
1.6580e+01
1.6559e+01
1.6534e+01
1.6516e+01
1.6498e+01
1.6482e+01
1.6469e+01
1.6453e+01
1.6439e+01
1.6423e+01
1.6398e+01
1.6382e+01
1.6346e+01
1.6305e+01
1.6260e+01
1.6235e+01
1.6210e+01
1.6194e+01
1.6166e+01
1.6150e+01
1.6128e+01
1.6105e+01
1.6077e+01
1.6055e+01
1.6027e+01
1.6007e+01
1.5984e+01
1.5964e+01
1.5943e+01
1.5916e+01
1.5888e+01
1.5870e+01
1.5854e+01
1.5829e+01
1.5804e+01
1.5786e+01
1.5758e+01
1.5747e+01
1.5731e+01
1.5703e+01
1.5687e+01
1.5667e+01
1.5644e+01
1.5621e+01
1.5587e+01
1.5553e+01
1.5514e+01
1.5486e+01
1.5445e+01
1.5408e+01
1.5379e+01
1.5351e+01
1.5321e+01
1.5301e+01
1.5276e+01
1.5253e+01
1.5230e+01
1.5205e+01
1.5184e+01
1.5163e+01
1.5140e+01
1.5117e+01
1.5101e+01
1.5081e+01
1.5055e+01
1.5026e+01
1.5007e+01
1.4991e+01
1.4964e+01
1.4936e+01
1.4913e+01
1.4904e+01
1.4876e+01
1.4849e+01
1.4833e+01
1.4810e+01
1.4787e+01
1.4761e+01
1.4734e+01
1.4711e+01
1.4667e+01
1.4628e+01
1.4584e+01
1.4554e+01
1.4517e+01
1.4478e+01
1.4448e+01
1.4421e+01
1.4395e+01
1.4370e+01
1.4338e+01
1.4308e+01
1.4280e+01
1.4252e+01
1.4224e+01
1.4199e+01
1.4174e+01
1.4146e+01
1.4121e+01
1.4100e+01
1.4079e+01
1.4058e+01
1.4033e+01
1.4010e+01
1.3993e+01
1.3968e+01
1.3942e+01
1.3926e+01
1.3905e+01
1.3889e+01
1.3871e+01
1.3850e+01
1.3820e+01
1.3792e+01
1.3755e+01
1.3734e+01
1.3716e+01
1.3692e+01
1.3667e+01
1.3655e+01
1.3632e+01
1.3616e+01
1.3602e+01
1.3583e+01
1.3565e+01
1.3558e+01
1.3546e+01
1.3530e+01
1.3514e+01
1.3497e+01
1.3488e+01
1.3472e+01
1.3456e+01
1.3444e+01
1.3423e+01
1.3405e+01
1.3393e+01
1.3377e+01
1.3363e+01
1.3342e+01
1.3333e+01
1.3316e+01
1.3286e+01
1.3261e+01
1.3233e+01
1.3209e+01
1.3179e+01
1.3158e+01
1.3140e+01
1.3116e+01
1.3107e+01
1.3091e+01
1.3065e+01
1.3039e+01
1.3021e+01
1.3000e+01
1.2981e+01
1.2965e+01
1.2946e+01
1.2932e+01
1.2916e+01
1.2893e+01
1.2872e+01
1.2853e+01
1.2841e+01
1.2825e+01
1.2797e+01
1.2781e+01
1.2762e+01
1.2743e+01
1.2729e+01
1.2711e+01
1.2690e+01
1.2676e+01
1.2650e+01
1.2627e+01
1.2591e+01
1.2568e+01
1.2535e+01
1.2514e+01
1.2489e+01
1.2477e+01
1.2461e+01
1.2442e+01
1.2421e+01
1.2407e+01
1.2386e+01
1.2374e+01
1.2360e+01
1.2351e+01
1.2329e+01
1.2308e+01
1.2297e+01
1.2290e+01
1.2271e+01
1.2262e+01
1.2248e+01
1.2245e+01
1.2233e+01
1.2222e+01
1.2205e+01
1.2191e+01
1.2180e+01
1.2173e+01
1.2158e+01
1.2142e+01
1.2123e+01
1.2107e+01
1.2095e+01
1.2081e+01
1.2044e+01
1.2013e+01
1.1983e+01
1.1959e+01
1.1936e+01
1.1912e+01
1.1889e+01
1.1872e+01
1.1846e+01
1.1825e+01
1.1813e+01
1.1790e+01
1.1766e+01
1.1750e+01
1.1729e+01
1.1715e+01
1.1694e+01
1.1672e+01
1.1646e+01
1.1623e+01
1.1606e+01
1.1592e+01
1.1573e+01
1.1552e+01
1.1526e+01
1.1505e+01
1.1489e+01
1.1463e+01
1.1442e+01
1.1425e+01
1.1404e+01
1.1378e+01
1.1347e+01
1.1338e+01
1.1314e+01
1.1291e+01
1.1258e+01
1.1220e+01
1.1189e+01
1.1166e+01
1.1140e+01
1.1114e+01
1.1085e+01
1.1057e+01
1.1038e+01
1.1017e+01
1.0998e+01
1.0969e+01
1.0941e+01
1.0920e+01
1.0899e+01
1.0875e+01
1.0851e+01
1.0832e+01
1.0804e+01
1.0775e+01
1.0761e+01
1.0738e+01
1.0714e+01
1.0685e+01
1.0664e+01
1.0638e+01
1.0619e+01
1.0598e+01
1.0567e+01
1.0543e+01
1.0517e+01
1.0484e+01
1.0455e+01
1.0427e+01
1.0396e+01
1.0368e+01
1.0332e+01
1.0306e+01
1.0282e+01
1.0249e+01
1.0215e+01
1.0182e+01
1.0158e+01
1.0137e+01
1.0108e+01
1.0085e+01
1.0061e+01
1.0039e+01
1.0011e+01
9.9775e+00
9.9465e+00
9.9227e+00
9.8965e+00
9.8655e+00
9.8369e+00
9.8106e+00
9.7916e+00
9.7629e+00
9.7343e+00
9.7128e+00
9.6890e+00
9.6675e+00
9.6460e+00
9.6221e+00
9.5959e+00
9.5744e+00
9.5457e+00
9.5242e+00
9.5051e+00
9.4955e+00
9.4764e+00
9.4597e+00
9.4310e+00
9.4238e+00
9.3927e+00
9.3951e+00
9.3425e+00
9.3353e+00
9.2946e+00
9.2874e+00
9.2778e+00
9.3185e+00
9.3066e+00
9.3760e+00
9.3879e+00
9.4357e+00
9.4238e+00
9.4764e+00
9.4501e+00
9.5003e+00
9.4644e+00
9.4931e+00
9.4310e+00
9.4668e+00
9.4047e+00
9.4453e+00
9.3855e+00
9.4190e+00
9.3544e+00
9.3807e+00
9.3305e+00
9.3616e+00
9.3113e+00
9.3209e+00
9.2778e+00
9.2850e+00
9.2467e+00
9.2347e+00
9.1988e+00
9.1821e+00
9.1461e+00
9.1126e+00
9.0982e+00
9.0742e+00
9.0598e+00
9.0311e+00
9.0215e+00
9.0071e+00
9.0598e+00
9.0454e+00
9.1485e+00
9.1437e+00
9.2012e+00
9.2228e+00
9.2563e+00
9.3305e+00
9.3831e+00
9.4023e+00
9.4668e+00
9.4788e+00
9.5337e+00
9.5290e+00
9.5242e+00
9.5122e+00
9.5027e+00
9.4836e+00
9.4907e+00
9.4716e+00
9.4620e+00
9.4357e+00
9.4381e+00
9.4238e+00
9.4238e+00
9.4047e+00
9.4047e+00
9.3760e+00
9.3640e+00
9.3257e+00
9.3090e+00
9.2731e+00
9.2587e+00
9.2276e+00
9.2180e+00
9.1844e+00
9.1773e+00
9.1581e+00
9.1533e+00
9.1317e+00
9.1269e+00
9.1102e+00
9.1126e+00
9.1078e+00
9.1269e+00
9.1269e+00
9.1557e+00
9.1677e+00
9.1988e+00
9.2324e+00
9.2778e+00
9.3066e+00
9.3568e+00
9.3927e+00
9.4453e+00
9.4907e+00
9.5505e+00
9.6102e+00
9.6699e+00
9.7176e+00
9.7796e+00
9.8297e+00
9.8917e+00
9.9417e+00
1.0008e+01
1.0049e+01
1.0111e+01
1.0139e+01
1.0189e+01
1.0239e+01
1.0303e+01
1.0334e+01
1.0415e+01
1.0451e+01
1.0519e+01
1.0562e+01
1.0638e+01
1.0674e+01
1.0704e+01
1.0726e+01
1.0749e+01
1.0775e+01
1.0780e+01
1.0787e+01
1.0799e+01
1.0818e+01
1.0823e+01
1.0823e+01
1.0820e+01
1.0813e+01
1.0797e+01
1.0783e+01
1.0754e+01
1.0735e+01
1.0714e+01
1.0690e+01
1.0662e+01
1.0631e+01
1.0591e+01
1.0553e+01
1.0512e+01
1.0477e+01
1.0429e+01
1.0384e+01
1.0349e+01
1.0301e+01
1.0265e+01
1.0227e+01
1.0182e+01
1.0137e+01
1.0094e+01
1.0058e+01
1.0011e+01
9.9703e+00
9.9322e+00
9.8941e+00
9.8559e+00
9.8202e+00
9.7892e+00
9.7510e+00
9.7128e+00
9.6746e+00
9.6508e+00
9.6221e+00
9.5887e+00
9.5576e+00
9.5361e+00
9.5075e+00
9.4883e+00
9.4620e+00
9.4405e+00
9.4214e+00
9.4023e+00
9.3831e+00
9.3664e+00
9.3377e+00
9.3281e+00
9.3185e+00
9.2970e+00
9.2850e+00
9.2778e+00
9.2539e+00
9.2419e+00
9.2228e+00
9.2132e+00
9.1964e+00
9.1892e+00
9.1653e+00
9.1509e+00
9.1341e+00
9.1222e+00
9.0958e+00
9.0814e+00
9.0670e+00
9.0502e+00
9.0311e+00
9.0215e+00
8.9999e+00
8.9831e+00
8.9639e+00
8.9495e+00
8.9303e+00
8.9087e+00
8.8823e+00
8.8679e+00
8.8463e+00
8.8247e+00
8.8103e+00
8.7910e+00
8.7574e+00
8.7406e+00
8.7214e+00
8.6901e+00
8.6637e+00
8.6396e+00
8.6132e+00
8.5867e+00
8.5530e+00
8.5217e+00
8.4856e+00
8.4591e+00
8.4302e+00
8.3989e+00
8.3748e+00
8.3435e+00
8.3122e+00
8.2832e+00
8.2567e+00
8.2326e+00
8.2012e+00
8.1747e+00
8.1409e+00
8.1192e+00
8.0950e+00
8.0636e+00
8.0371e+00
8.0129e+00
7.9839e+00
7.9525e+00
7.9235e+00
7.9042e+00
7.8776e+00
7.8510e+00
7.8268e+00
7.8002e+00
7.7760e+00
7.7469e+00
7.7227e+00
7.7058e+00
7.6816e+00
7.6598e+00
7.6404e+00
7.6137e+00
7.5919e+00
7.5653e+00
7.5362e+00
7.4998e+00
7.4683e+00
7.4392e+00
7.4028e+00
7.3810e+00
7.3518e+00
7.3227e+00
7.2936e+00
7.2717e+00
7.2450e+00
7.2183e+00
7.1964e+00
7.1697e+00
7.1454e+00
7.1211e+00
7.0968e+00
7.0724e+00
7.0481e+00
7.0286e+00
7.0043e+00
6.9873e+00
6.9629e+00
6.9410e+00
6.9216e+00
6.9069e+00
6.8850e+00
6.8655e+00
6.8485e+00
6.8217e+00
6.7925e+00
6.7681e+00
6.7535e+00
6.7340e+00
6.7096e+00
6.6827e+00
6.6681e+00
6.6364e+00
6.5925e+00
6.5681e+00
6.5437e+00
6.5144e+00
6.4850e+00
6.4557e+00
6.4386e+00
6.4118e+00
6.3922e+00
6.3678e+00
6.3384e+00
6.3164e+00
6.2969e+00
6.2675e+00
6.2455e+00
6.2333e+00
6.2112e+00
6.1868e+00
6.1647e+00
6.1549e+00
6.1305e+00
6.1084e+00
6.0913e+00
6.0692e+00
6.0447e+00
6.0300e+00
6.0129e+00
5.9908e+00
5.9712e+00
5.9540e+00
5.9393e+00
5.9124e+00
5.8854e+00
5.8535e+00
5.8289e+00
5.8093e+00
5.7848e+00
5.7602e+00
5.7357e+00
5.7136e+00
5.6915e+00
5.6669e+00
5.6522e+00
5.6276e+00
5.6079e+00
5.5907e+00
5.5661e+00
5.5440e+00
5.5293e+00
5.5096e+00
5.4899e+00
5.4702e+00
5.4530e+00
5.4333e+00
5.4112e+00
5.3890e+00
5.3742e+00
5.3496e+00
5.3299e+00
5.3176e+00
5.2979e+00
5.2733e+00
5.2634e+00
5.2437e+00
5.2240e+00
5.1969e+00
5.1698e+00
5.1476e+00
5.1204e+00
5.0982e+00
5.0859e+00
5.0662e+00
5.0440e+00
5.0292e+00
5.0144e+00
4.9946e+00
4.9798e+00
4.9699e+00
4.9576e+00
4.9403e+00
4.9329e+00
4.9205e+00
4.9131e+00
4.9057e+00
4.8983e+00
4.8860e+00
4.8736e+00
4.8662e+00
4.8637e+00
4.8538e+00
4.8365e+00
4.8217e+00
4.8143e+00
4.8019e+00
4.7920e+00
4.7772e+00
4.7624e+00
4.7525e+00
4.7401e+00
4.7253e+00
4.7055e+00
4.6808e+00
4.6709e+00
4.6585e+00
4.6461e+00
4.6313e+00
4.6139e+00
4.5991e+00
4.5867e+00
4.5768e+00
4.5620e+00
4.5446e+00
4.5273e+00
4.5174e+00
4.5050e+00
4.5025e+00
4.4877e+00
4.4728e+00
4.4678e+00
4.4554e+00
4.4356e+00
4.4232e+00
4.4183e+00
4.4084e+00
4.3984e+00
4.3836e+00
4.3860e+00
4.3761e+00
4.3761e+00
4.3612e+00
4.3538e+00
4.3414e+00
4.3290e+00
4.3141e+00
4.3017e+00
4.2918e+00
4.2844e+00
4.2670e+00
4.2620e+00
4.2496e+00
4.2322e+00
4.2223e+00
4.2174e+00
4.2049e+00
4.1826e+00
4.1776e+00
4.1702e+00
4.1578e+00
4.1454e+00
4.1354e+00
4.1255e+00
4.1155e+00
4.1006e+00
4.0957e+00
4.0882e+00
4.0833e+00
4.0833e+00
4.0833e+00
4.0857e+00
4.0932e+00
4.1106e+00
4.1255e+00
4.1429e+00
4.1652e+00
4.1950e+00
4.2248e+00
4.2695e+00
4.3067e+00
4.3588e+00
4.3984e+00
4.4579e+00
4.5223e+00
4.5917e+00
4.6634e+00
4.7475e+00
4.8266e+00
4.9181e+00
5.0094e+00
5.1032e+00
5.1870e+00
5.3053e+00
5.4013e+00
5.5194e+00
5.6128e+00
5.7185e+00
5.8142e+00
5.9197e+00
6.0055e+00
6.1060e+00
6.1794e+00
6.2577e+00
6.3238e+00
6.3922e+00
6.4386e+00
6.4850e+00
6.5339e+00
6.5729e+00
6.6071e+00
6.6486e+00
6.6901e+00
6.7291e+00
6.7535e+00
6.7876e+00
6.8022e+00
6.8046e+00
6.8095e+00
6.8119e+00
6.8144e+00
6.8046e+00
6.8071e+00
6.8046e+00
6.7925e+00
6.7900e+00
6.7827e+00
6.7949e+00
6.8412e+00
6.8923e+00
6.9094e+00
6.9094e+00
6.9118e+00
6.9069e+00
6.8948e+00
6.8802e+00
6.8631e+00
6.8461e+00
6.8290e+00
6.7998e+00
6.7608e+00
6.7218e+00
6.6852e+00
6.6437e+00
6.6071e+00
6.5656e+00
6.5290e+00
6.4899e+00
6.4435e+00
6.3995e+00
6.3653e+00
6.3189e+00
6.2846e+00
6.2430e+00
6.2112e+00
6.1721e+00
6.1378e+00
6.0986e+00
6.0594e+00
6.0251e+00
5.9908e+00
5.9516e+00
5.9246e+00
5.9001e+00
5.8682e+00
5.8388e+00
5.8191e+00
5.7995e+00
5.7750e+00
5.7529e+00
5.7381e+00
5.7111e+00
5.6939e+00
5.6767e+00
5.6571e+00
5.6399e+00
5.6202e+00
5.6030e+00
5.5883e+00
5.5735e+00
5.5538e+00
5.5391e+00
5.5293e+00
5.4973e+00
5.4727e+00
5.4456e+00
5.4309e+00
5.4062e+00
5.3742e+00
5.3521e+00
5.3225e+00
5.2905e+00
5.2634e+00
5.2289e+00
5.1993e+00
5.1722e+00
5.1500e+00
5.1155e+00
5.0884e+00
5.0563e+00
5.0316e+00
4.9995e+00
4.9699e+00
4.9403e+00
4.9107e+00
4.8761e+00
4.8489e+00
4.8242e+00
4.8019e+00
4.7723e+00
4.7401e+00
4.7129e+00
4.6882e+00
4.6585e+00
4.6337e+00
4.6090e+00
4.5818e+00
4.5446e+00
4.5199e+00
4.4926e+00
4.4629e+00
4.4356e+00
4.4108e+00
4.3885e+00
4.3612e+00
4.3364e+00
4.3042e+00
4.2794e+00
4.2521e+00
4.2198e+00
4.1851e+00
4.1528e+00
4.1304e+00
4.0957e+00
4.0683e+00
4.0485e+00
4.0236e+00
3.9988e+00
3.9739e+00
3.9490e+00
3.9241e+00
3.8968e+00
3.8719e+00
3.8445e+00
3.8296e+00
3.8097e+00
3.7848e+00
3.7624e+00
3.7449e+00
3.7200e+00
3.7001e+00
3.6777e+00
3.6553e+00
3.6403e+00
3.6129e+00
3.6004e+00
3.5855e+00
3.5605e+00
3.5356e+00
3.5206e+00
3.5032e+00
3.4882e+00
3.4682e+00
3.4458e+00
3.4158e+00
3.3884e+00
3.3659e+00
3.3459e+00
3.3209e+00
3.2984e+00
3.2735e+00
3.2535e+00
3.2335e+00
3.2110e+00
3.1910e+00
3.1760e+00
3.1560e+00
3.1334e+00
3.1109e+00
3.0959e+00
3.0784e+00
3.0584e+00
3.0359e+00
3.0158e+00
2.9908e+00
2.9658e+00
2.9557e+00
2.9407e+00
2.9157e+00
2.8931e+00
2.8756e+00
2.8605e+00
2.8355e+00
2.8129e+00
2.7954e+00
2.7753e+00
2.7527e+00
2.7277e+00
2.7026e+00
2.6750e+00
2.6524e+00
2.6248e+00
2.6047e+00
2.5846e+00
2.5670e+00
2.5494e+00
2.5293e+00
2.5092e+00
2.4841e+00
2.4640e+00
2.4414e+00
2.4213e+00
2.4037e+00
2.3811e+00
2.3685e+00
2.3534e+00
2.3308e+00
2.3132e+00
2.3006e+00
2.2804e+00
2.2578e+00
2.2477e+00
2.2301e+00
2.2175e+00
2.2100e+00
2.1898e+00
2.1697e+00
2.1571e+00
2.1369e+00
2.1168e+00
2.0916e+00
2.0664e+00
2.0412e+00
2.0210e+00
2.0008e+00
1.9882e+00
1.9681e+00
1.9454e+00
1.9252e+00
1.9025e+00
1.8823e+00
1.8671e+00
1.8495e+00
1.8268e+00
1.8091e+00
1.7939e+00
1.7763e+00
1.7535e+00
1.7384e+00
1.7182e+00
1.7030e+00
1.6777e+00
1.6575e+00
1.6398e+00
1.6221e+00
1.5943e+00
1.5791e+00
1.5614e+00
1.5361e+00
1.5134e+00
1.4931e+00
1.4704e+00
1.4400e+00
1.4121e+00
1.3894e+00
1.3590e+00
1.3362e+00
1.3184e+00
1.2982e+00
1.2779e+00
1.2602e+00
1.2424e+00
1.2272e+00
1.2069e+00
1.1917e+00
1.1740e+00
1.1613e+00
1.1435e+00
1.1258e+00
1.1131e+00
1.0953e+00
1.0877e+00
1.0725e+00
1.0446e+00
1.0268e+00
1.0039e+00
9.8616e-01
9.7346e-01
9.5822e-01
9.4298e-01
9.3282e-01
9.1249e-01
8.8708e-01
8.7184e-01
8.5659e-01
8.3625e-01
8.1846e-01
7.9049e-01
7.6760e-01
7.4216e-01
7.1927e-01
6.9382e-01
6.7855e-01
6.5056e-01
6.2256e-01
6.0473e-01
5.8436e-01
5.5889e-01
5.3852e-01
5.1559e-01
4.9520e-01
4.7482e-01
4.4933e-01
4.3148e-01
4.1109e-01
3.9069e-01
3.7539e-01
3.5498e-01
3.3203e-01
3.0907e-01
2.9120e-01
2.7079e-01
2.5292e-01
2.3761e-01
2.1463e-01
1.8909e-01
1.6611e-01
1.5334e-01
1.3290e-01
1.0735e-01
8.9468e-02
7.4134e-02
5.3687e-02
3.0681e-02
1.7898e-02
0000
