1.4509e+01
1.4446e+01
1.4383e+01
1.4310e+01
1.4247e+01
1.4184e+01
1.4117e+01
1.4049e+01
1.3981e+01
1.3908e+01
1.3850e+01
1.3777e+01
1.3709e+01
1.3646e+01
1.3583e+01
1.3510e+01
1.3442e+01
1.3384e+01
1.3316e+01
1.3243e+01
1.3150e+01
1.3077e+01
1.2999e+01
1.2926e+01
1.2858e+01
1.2790e+01
1.2736e+01
1.2682e+01
1.2638e+01
1.2590e+01
1.2550e+01
1.2516e+01
1.2487e+01
1.2438e+01
1.2404e+01
1.2375e+01
1.2345e+01
1.2311e+01
1.2291e+01
1.2267e+01
1.2252e+01
1.2223e+01
1.2213e+01
1.2189e+01
1.2179e+01
1.2179e+01
1.2184e+01
1.2189e+01
1.2208e+01
1.2213e+01
1.2247e+01
1.2272e+01
1.2306e+01
1.2345e+01
1.2379e+01
1.2419e+01
1.2477e+01
1.2531e+01
1.2590e+01
1.2653e+01
1.2716e+01
1.2785e+01
1.2843e+01
1.2907e+01
1.2980e+01
1.3053e+01
1.3121e+01
1.3189e+01
1.3257e+01
1.3325e+01
1.3389e+01
1.3452e+01
1.3510e+01
1.3549e+01
1.3602e+01
1.3661e+01
1.3700e+01
1.3729e+01
1.3748e+01
1.3777e+01
1.3792e+01
1.3806e+01
1.3777e+01
1.3768e+01
1.3719e+01
1.3700e+01
1.3646e+01
1.3612e+01
1.3564e+01
1.3520e+01
1.3471e+01
1.3423e+01
1.3355e+01
1.3301e+01
1.3233e+01
1.3179e+01
1.3111e+01
1.3053e+01
1.2985e+01
1.2921e+01
1.2853e+01
1.2785e+01
1.2702e+01
1.2633e+01
1.2555e+01
1.2487e+01
1.2409e+01
1.2345e+01
1.2272e+01
1.2203e+01
1.2130e+01
1.2066e+01
1.1988e+01
1.1915e+01
1.1822e+01
1.1738e+01
1.1655e+01
1.1571e+01
1.1488e+01
1.1419e+01
1.1350e+01
1.1282e+01
1.1218e+01
1.1154e+01
1.1090e+01
1.1031e+01
1.0982e+01
1.0923e+01
1.0868e+01
1.0824e+01
1.0780e+01
1.0740e+01
1.0701e+01
1.0661e+01
1.0622e+01
1.0592e+01
1.0568e+01
1.0533e+01
1.0513e+01
1.0494e+01
1.0474e+01
1.0464e+01
1.0454e+01
1.0439e+01
1.0430e+01
1.0415e+01
1.0380e+01
1.0356e+01
1.0321e+01
1.0281e+01
1.0252e+01
1.0227e+01
1.0197e+01
1.0173e+01
1.0143e+01
1.0123e+01
1.0094e+01
1.0059e+01
1.0034e+01
1.0010e+01
9.9799e+00
9.9453e+00
9.9156e+00
9.8908e+00
9.8661e+00
9.8314e+00
9.7918e+00
9.7522e+00
9.7126e+00
9.6680e+00
9.6184e+00
9.5689e+00
9.5193e+00
9.4697e+00
9.4151e+00
9.3655e+00
9.2861e+00
9.2265e+00
9.1570e+00
9.1073e+00
9.0626e+00
9.0179e+00
8.9880e+00
8.9482e+00
8.9284e+00
8.9035e+00
8.8935e+00
8.8836e+00
8.8935e+00
8.8985e+00
8.9134e+00
8.9284e+00
8.9731e+00
9.0228e+00
9.0974e+00
9.1769e+00
9.3159e+00
9.4499e+00
9.6383e+00
9.8413e+00
1.0113e+01
1.0400e+01
1.0775e+01
1.1183e+01
1.1640e+01
1.2130e+01
1.2668e+01
1.3213e+01
1.3806e+01
1.4441e+01
1.5127e+01
1.5882e+01
1.6605e+01
1.7436e+01
1.8135e+01
1.8987e+01
1.9667e+01
2.0555e+01
2.1238e+01
2.2230e+01
2.2917e+01
2.3965e+01
2.4632e+01
2.5817e+01
2.6536e+01
2.7781e+01
2.8655e+01
2.9905e+01
3.0720e+01
3.1823e+01
3.2635e+01
3.3736e+01
3.4617e+01
3.5689e+01
3.6536e+01
3.7391e+01
3.8234e+01
3.9052e+01
4.0014e+01
4.0812e+01
4.1845e+01
4.2747e+01
4.3835e+01
4.4632e+01
4.5496e+01
4.6213e+01
4.7085e+01
4.7719e+01
4.8519e+01
4.9200e+01
4.9954e+01
5.0502e+01
5.1032e+01
5.1461e+01
5.1940e+01
5.2411e+01
5.2868e+01
5.3167e+01
5.3501e+01
5.3772e+01
5.4010e+01
5.4186e+01
5.4433e+01
5.4608e+01
5.4799e+01
5.4959e+01
5.5145e+01
5.5301e+01
5.5448e+01
5.5584e+01
5.5731e+01
5.5852e+01
5.5987e+01
5.6111e+01
5.6211e+01
5.6339e+01
5.6489e+01
5.6609e+01
5.6682e+01
5.6748e+01
5.6790e+01
5.6809e+01
5.6828e+01
5.6813e+01
5.6782e+01
5.6744e+01
5.6728e+01
5.6671e+01
5.6624e+01
5.6512e+01
5.6451e+01
5.6377e+01
5.6397e+01
5.6362e+01
5.6335e+01
5.6265e+01
5.6180e+01
5.5975e+01
5.5805e+01
5.5526e+01
5.5285e+01
5.4966e+01
5.4682e+01
5.4331e+01
5.4018e+01
5.3658e+01
5.3321e+01
5.2943e+01
5.2596e+01
5.2213e+01
5.1845e+01
5.1473e+01
5.1115e+01
5.0741e+01
5.0394e+01
5.0026e+01
4.9682e+01
4.9333e+01
4.9011e+01
4.8668e+01
4.8346e+01
4.8002e+01
4.7678e+01
4.7349e+01
4.7053e+01
4.6727e+01
4.6445e+01
4.6147e+01
4.5877e+01
4.5582e+01
4.5324e+01
4.5061e+01
4.4826e+01
4.4554e+01
4.4319e+01
4.4067e+01
4.3843e+01
4.3632e+01
4.3433e+01
4.3213e+01
4.3034e+01
4.2847e+01
4.2701e+01
4.2522e+01
4.2384e+01
4.2229e+01
4.2108e+01
4.1991e+01
4.1916e+01
4.1811e+01
4.1744e+01
4.1673e+01
4.1627e+01
4.1581e+01
4.1564e+01
4.1530e+01
4.1547e+01
4.1543e+01
4.1572e+01
4.1593e+01
4.1644e+01
4.1681e+01
4.1761e+01
4.1832e+01
4.1912e+01
4.1995e+01
4.2083e+01
4.2179e+01
4.2296e+01
4.2392e+01
4.2484e+01
4.2580e+01
4.2659e+01
4.2742e+01
4.2813e+01
4.2872e+01
4.2934e+01
4.2967e+01
4.3001e+01
4.3013e+01
4.3042e+01
4.3030e+01
4.3042e+01
4.3009e+01
4.2988e+01
4.2959e+01
4.2926e+01
4.2863e+01
4.2817e+01
4.2751e+01
4.2676e+01
4.2588e+01
4.2501e+01
4.2401e+01
4.2288e+01
4.2188e+01
4.2066e+01
4.1937e+01
4.1803e+01
4.1685e+01
4.1556e+01
4.1417e+01
4.1266e+01
4.1123e+01
4.0993e+01
4.0858e+01
4.0723e+01
4.0597e+01
4.0471e+01
4.0336e+01
4.0222e+01
4.0099e+01
3.9985e+01
3.9875e+01
3.9761e+01
3.9646e+01
3.9545e+01
3.9447e+01
3.9354e+01
3.9260e+01
3.9167e+01
3.9065e+01
3.8971e+01
3.8891e+01
3.8810e+01
3.8725e+01
3.8665e+01
3.8601e+01
3.8567e+01
3.8520e+01
3.8503e+01
3.8507e+01
3.8541e+01
3.8563e+01
3.8618e+01
3.8682e+01
3.8742e+01
3.8818e+01
3.8908e+01
3.8984e+01
3.9086e+01
3.9171e+01
3.9286e+01
3.9379e+01
3.9502e+01
3.9612e+01
3.9731e+01
3.9845e+01
3.9985e+01
4.0124e+01
4.0298e+01
4.0424e+01
4.0580e+01
4.0715e+01
4.0871e+01
4.0972e+01
4.1098e+01
4.1190e+01
4.1291e+01
4.1358e+01
4.1451e+01
4.1497e+01
4.1560e+01
4.1602e+01
4.1610e+01
4.1606e+01
4.1589e+01
4.1547e+01
4.1493e+01
4.1426e+01
4.1346e+01
4.1245e+01
4.1153e+01
4.1047e+01
4.0930e+01
4.0816e+01
4.0686e+01
4.0568e+01
4.0428e+01
4.0293e+01
4.0141e+01
4.0014e+01
3.9866e+01
3.9722e+01
3.9570e+01
3.9430e+01
3.9273e+01
3.9133e+01
3.8971e+01
3.8844e+01
3.8682e+01
3.8554e+01
3.8409e+01
3.8273e+01
3.8136e+01
3.8008e+01
3.7875e+01
3.7743e+01
3.7610e+01
3.7494e+01
3.7378e+01
3.7263e+01
3.7138e+01
3.7009e+01
3.6880e+01
3.6764e+01
3.6631e+01
3.6514e+01
3.6402e+01
3.6290e+01
3.6174e+01
3.6066e+01
3.5958e+01
3.5849e+01
3.5737e+01
3.5633e+01
3.5533e+01
3.5434e+01
3.5334e+01
3.5226e+01
3.5130e+01
3.5035e+01
3.4939e+01
3.4843e+01
3.4761e+01
3.4678e+01
3.4600e+01
3.4530e+01
3.4447e+01
3.4378e+01
3.4308e+01
3.4247e+01
3.4186e+01
3.4120e+01
3.4059e+01
3.4007e+01
3.3950e+01
3.3884e+01
3.3823e+01
3.3771e+01
3.3705e+01
3.3639e+01
3.3587e+01
3.3521e+01
3.3473e+01
3.3421e+01
3.3372e+01
3.3315e+01
3.3276e+01
3.3210e+01
3.3175e+01
3.3122e+01
3.3079e+01
3.3039e+01
3.3008e+01
3.2964e+01
3.2938e+01
3.2898e+01
3.2872e+01
3.2837e+01
3.2815e+01
3.2784e+01
3.2771e+01
3.2731e+01
3.2709e+01
3.2679e+01
3.2657e+01
3.2617e+01
3.2591e+01
3.2547e+01
3.2511e+01
3.2472e+01
3.2423e+01
3.2366e+01
3.2300e+01
3.2238e+01
3.2177e+01
3.2102e+01
3.2035e+01
3.1974e+01
3.1903e+01
3.1832e+01
3.1766e+01
3.1704e+01
3.1633e+01
3.1562e+01
3.1496e+01
3.1434e+01
3.1359e+01
3.1297e+01
3.1244e+01
3.1186e+01
3.1119e+01
3.1066e+01
3.1013e+01
3.0964e+01
3.0911e+01
3.0867e+01
3.0818e+01
3.0769e+01
3.0715e+01
3.0667e+01
3.0622e+01
3.0578e+01
3.0524e+01
3.0471e+01
3.0426e+01
3.0377e+01
3.0306e+01
3.0239e+01
3.0163e+01
3.0106e+01
3.0048e+01
2.9990e+01
2.9936e+01
2.9874e+01
2.9820e+01
2.9766e+01
2.9699e+01
2.9632e+01
2.9561e+01
2.9503e+01
2.9435e+01
2.9377e+01
2.9315e+01
2.9261e+01
2.9203e+01
2.9140e+01
2.9091e+01
2.9032e+01
2.8974e+01
2.8934e+01
2.8884e+01
2.8848e+01
2.8799e+01
2.8768e+01
2.8727e+01
2.8687e+01
2.8646e+01
2.8606e+01
2.8547e+01
2.8484e+01
2.8412e+01
2.8363e+01
2.8304e+01
2.8246e+01
2.8192e+01
2.8142e+01
2.8093e+01
2.8030e+01
2.7975e+01
2.7921e+01
2.7881e+01
2.7836e+01
2.7790e+01
2.7745e+01
2.7700e+01
2.7660e+01
2.7619e+01
2.7578e+01
2.7538e+01
2.7492e+01
2.7465e+01
2.7424e+01
2.7388e+01
2.7352e+01
2.7307e+01
2.7262e+01
2.7225e+01
2.7185e+01
2.7126e+01
2.7071e+01
2.7008e+01
2.6944e+01
2.6863e+01
2.6790e+01
2.6727e+01
2.6668e+01
2.6604e+01
2.6545e+01
2.6481e+01
2.6427e+01
2.6350e+01
2.6281e+01
2.6218e+01
2.6172e+01
2.6104e+01
2.6045e+01
2.5972e+01
2.5912e+01
2.5839e+01
2.5780e+01
2.5707e+01
2.5630e+01
2.5552e+01
2.5488e+01
2.5419e+01
2.5351e+01
2.5278e+01
2.5218e+01
2.5140e+01
2.5072e+01
2.4994e+01
2.4916e+01
2.4820e+01
2.4746e+01
2.4664e+01
2.4595e+01
2.4517e+01
2.4439e+01
2.4388e+01
2.4324e+01
2.4255e+01
2.4186e+01
2.4122e+01
2.4062e+01
2.4007e+01
2.3942e+01
2.3887e+01
2.3836e+01
2.3781e+01
2.3721e+01
2.3666e+01
2.3619e+01
2.3564e+01
2.3513e+01
2.3458e+01
2.3402e+01
2.3352e+01
2.3301e+01
2.3250e+01
2.3199e+01
2.3144e+01
2.3083e+01
2.3005e+01
2.2949e+01
2.2875e+01
2.2810e+01
2.2755e+01
2.2694e+01
2.2643e+01
2.2588e+01
2.2527e+01
2.2476e+01
2.2421e+01
2.2360e+01
2.2314e+01
2.2258e+01
2.2207e+01
2.2156e+01
2.2109e+01
2.2068e+01
2.2007e+01
2.1956e+01
2.1909e+01
2.1858e+01
2.1802e+01
2.1756e+01
2.1709e+01
2.1663e+01
2.1616e+01
2.1569e+01
2.1513e+01
2.1462e+01
2.1392e+01
2.1327e+01
2.1257e+01
2.1201e+01
2.1135e+01
2.1079e+01
2.1018e+01
2.0962e+01
2.0911e+01
2.0864e+01
2.0798e+01
2.0752e+01
2.0700e+01
2.0648e+01
2.0597e+01
2.0541e+01
2.0484e+01
2.0447e+01
2.0395e+01
2.0348e+01
2.0292e+01
2.0250e+01
2.0203e+01
2.0161e+01
2.0109e+01
2.0062e+01
2.0015e+01
1.9977e+01
1.9935e+01
1.9893e+01
1.9841e+01
1.9789e+01
1.9714e+01
1.9662e+01
1.9601e+01
1.9554e+01
1.9497e+01
1.9445e+01
1.9403e+01
1.9360e+01
1.9304e+01
1.9266e+01
1.9214e+01
1.9181e+01
1.9143e+01
1.9101e+01
1.9058e+01
1.9030e+01
1.8983e+01
1.8940e+01
1.8893e+01
1.8860e+01
1.8817e+01
1.8784e+01
1.8746e+01
1.8713e+01
1.8680e+01
1.8637e+01
1.8609e+01
1.8585e+01
1.8562e+01
1.8533e+01
1.8514e+01
1.8486e+01
1.8462e+01
1.8443e+01
1.8439e+01
1.8439e+01
1.8453e+01
1.8462e+01
1.8491e+01
1.8500e+01
1.8529e+01
1.8548e+01
1.8585e+01
1.8614e+01
1.8647e+01
1.8666e+01
1.8690e+01
1.8713e+01
1.8742e+01
1.8765e+01
1.8784e+01
1.8808e+01
1.8822e+01
1.8836e+01
1.8855e+01
1.8869e+01
1.8874e+01
1.8884e+01
1.8888e+01
1.8888e+01
1.8888e+01
1.8888e+01
1.8865e+01
1.8836e+01
1.8789e+01
1.8765e+01
1.8732e+01
1.8699e+01
1.8661e+01
1.8619e+01
1.8581e+01
1.8538e+01
1.8491e+01
1.8443e+01
1.8391e+01
1.8344e+01
1.8301e+01
1.8258e+01
1.8206e+01
1.8149e+01
1.8107e+01
1.8064e+01
1.8012e+01
1.7955e+01
1.7902e+01
1.7855e+01
1.7798e+01
1.7745e+01
1.7698e+01
1.7646e+01
1.7593e+01
1.7541e+01
1.7474e+01
1.7407e+01
1.7355e+01
1.7303e+01
1.7265e+01
1.7212e+01
1.7193e+01
1.7164e+01
1.7169e+01
1.7155e+01
1.7174e+01
1.7193e+01
1.7245e+01
1.7303e+01
1.7412e+01
1.7508e+01
1.7650e+01
1.7793e+01
1.7983e+01
1.8197e+01
1.8429e+01
1.8690e+01
1.8983e+01
1.9276e+01
1.9587e+01
1.9912e+01
2.0264e+01
2.0625e+01
2.0990e+01
2.1383e+01
2.1765e+01
2.2170e+01
2.2546e+01
2.2963e+01
2.3342e+01
2.3753e+01
2.4135e+01
2.4531e+01
2.4884e+01
2.5241e+01
2.5543e+01
2.5858e+01
2.6145e+01
2.6450e+01
2.6713e+01
2.6967e+01
2.7198e+01
2.7420e+01
2.7632e+01
2.7818e+01
2.7980e+01
2.8124e+01
2.8250e+01
2.8358e+01
2.8444e+01
2.8516e+01
2.8561e+01
2.8574e+01
2.8592e+01
2.8588e+01
2.8552e+01
2.8493e+01
2.8426e+01
2.8340e+01
2.8268e+01
2.8165e+01
2.8070e+01
2.7966e+01
2.7885e+01
2.7777e+01
2.7664e+01
2.7547e+01
2.7438e+01
2.7307e+01
2.7185e+01
2.7049e+01
2.6922e+01
2.6781e+01
2.6636e+01
2.6495e+01
2.6368e+01
2.6240e+01
2.6113e+01
2.6004e+01
2.5885e+01
2.5776e+01
2.5684e+01
2.5588e+01
2.5483e+01
2.5392e+01
2.5287e+01
2.5186e+01
2.5072e+01
2.4989e+01
2.4898e+01
2.4806e+01
2.4710e+01
2.4632e+01
2.4549e+01
2.4476e+01
2.4388e+01
2.4315e+01
2.4237e+01
2.4154e+01
2.4076e+01
2.4002e+01
2.3924e+01
2.3850e+01
2.3781e+01
2.3702e+01
2.3629e+01
2.3555e+01
2.3481e+01
2.3416e+01
2.3338e+01
2.3268e+01
2.3204e+01
2.3130e+01
2.3074e+01
2.3009e+01
2.2935e+01
2.2857e+01
2.2773e+01
2.2690e+01
2.2616e+01
2.2532e+01
2.2435e+01
2.2346e+01
2.2254e+01
2.2161e+01
2.2072e+01
2.1989e+01
2.1909e+01
2.1835e+01
2.1770e+01
2.1690e+01
2.1621e+01
2.1565e+01
2.1504e+01
2.1434e+01
2.1378e+01
2.1322e+01
2.1266e+01
2.1210e+01
2.1163e+01
2.1116e+01
2.1070e+01
2.1023e+01
2.0986e+01
2.0939e+01
2.0901e+01
2.0855e+01
2.0808e+01
2.0770e+01
2.0723e+01
2.0677e+01
2.0625e+01
2.0583e+01
2.0536e+01
2.0489e+01
2.0447e+01
2.0400e+01
2.0348e+01
2.0292e+01
2.0222e+01
2.0175e+01
2.0118e+01
2.0067e+01
2.0015e+01
1.9973e+01
1.9935e+01
1.9897e+01
1.9855e+01
1.9813e+01
1.9770e+01
1.9737e+01
1.9709e+01
1.9667e+01
1.9639e+01
1.9601e+01
1.9568e+01
1.9530e+01
1.9497e+01
1.9464e+01
1.9431e+01
1.9398e+01
1.9375e+01
1.9337e+01
1.9299e+01
1.9271e+01
1.9238e+01
1.9205e+01
1.9172e+01
1.9143e+01
1.9110e+01
1.9082e+01
1.9049e+01
1.9016e+01
1.8973e+01
1.8921e+01
1.8869e+01
1.8827e+01
1.8784e+01
1.8742e+01
1.8694e+01
1.8666e+01
1.8628e+01
1.8595e+01
1.8552e+01
1.8519e+01
1.8476e+01
1.8448e+01
1.8410e+01
1.8377e+01
1.8344e+01
1.8320e+01
1.8273e+01
1.8244e+01
1.8206e+01
1.8178e+01
1.8140e+01
1.8107e+01
1.8083e+01
1.8050e+01
1.8026e+01
1.7993e+01
1.7959e+01
1.7921e+01
1.7902e+01
1.7869e+01
1.7826e+01
1.7788e+01
1.7731e+01
1.7688e+01
1.7650e+01
1.7617e+01
1.7584e+01
1.7550e+01
1.7536e+01
1.7503e+01
1.7479e+01
1.7455e+01
1.7427e+01
1.7403e+01
1.7388e+01
1.7365e+01
1.7355e+01
1.7336e+01
1.7317e+01
1.7303e+01
1.7284e+01
1.7265e+01
1.7250e+01
1.7231e+01
1.7207e+01
1.7193e+01
1.7174e+01
1.7145e+01
1.7121e+01
1.7102e+01
1.7088e+01
1.7059e+01
1.7012e+01
1.6978e+01
1.6931e+01
1.6892e+01
1.6854e+01
1.6816e+01
1.6778e+01
1.6749e+01
1.6711e+01
1.6677e+01
1.6644e+01
1.6605e+01
1.6577e+01
1.6539e+01
1.6510e+01
1.6476e+01
1.6448e+01
1.6414e+01
1.6390e+01
1.6366e+01
1.6337e+01
1.6313e+01
1.6290e+01
1.6266e+01
1.6251e+01
1.6242e+01
1.6222e+01
1.6203e+01
1.6189e+01
1.6174e+01
1.6160e+01
1.6136e+01
1.6103e+01
1.6083e+01
1.6045e+01
1.6011e+01
1.5978e+01
1.5959e+01
1.5925e+01
1.5891e+01
1.5848e+01
1.5824e+01
1.5786e+01
1.5747e+01
1.5719e+01
1.5680e+01
1.5642e+01
1.5603e+01
1.5565e+01
1.5521e+01
1.5483e+01
1.5454e+01
1.5416e+01
1.5372e+01
1.5334e+01
1.5290e+01
1.5247e+01
1.5199e+01
1.5165e+01
1.5122e+01
1.5078e+01
1.5030e+01
1.4982e+01
1.4924e+01
1.4847e+01
1.4799e+01
1.4745e+01
1.4697e+01
1.4644e+01
1.4596e+01
1.4543e+01
1.4494e+01
1.4446e+01
1.4397e+01
1.4354e+01
1.4310e+01
1.4262e+01
1.4223e+01
1.4184e+01
1.4136e+01
1.4097e+01
1.4058e+01
1.4010e+01
1.3966e+01
1.3923e+01
1.3889e+01
1.3850e+01
1.3811e+01
1.3772e+01
1.3738e+01
1.3700e+01
1.3666e+01
1.3632e+01
1.3593e+01
1.3549e+01
1.3505e+01
1.3442e+01
1.3403e+01
1.3345e+01
1.3296e+01
1.3243e+01
1.3204e+01
1.3165e+01
1.3131e+01
1.3092e+01
1.3058e+01
1.3019e+01
1.2980e+01
1.2946e+01
1.2911e+01
1.2872e+01
1.2838e+01
1.2804e+01
1.2765e+01
1.2726e+01
1.2697e+01
1.2663e+01
1.2624e+01
1.2594e+01
1.2560e+01
1.2526e+01
1.2502e+01
1.2467e+01
1.2433e+01
1.2399e+01
1.2370e+01
1.2321e+01
1.2282e+01
1.2223e+01
1.2184e+01
1.2135e+01
1.2091e+01
1.2057e+01
1.2017e+01
1.1983e+01
1.1944e+01
1.1905e+01
1.1871e+01
1.1826e+01
1.1797e+01
1.1772e+01
1.1733e+01
1.1699e+01
1.1670e+01
1.1635e+01
1.1596e+01
1.1562e+01
1.1537e+01
1.1498e+01
1.1468e+01
1.1439e+01
1.1404e+01
1.1370e+01
1.1341e+01
1.1306e+01
1.1272e+01
1.1242e+01
1.1218e+01
1.1183e+01
1.1144e+01
1.1095e+01
1.1055e+01
1.0996e+01
1.0957e+01
1.0908e+01
1.0868e+01
1.0829e+01
1.0794e+01
1.0755e+01
1.0721e+01
1.0686e+01
1.0652e+01
1.0617e+01
1.0583e+01
1.0548e+01
1.0518e+01
1.0484e+01
1.0459e+01
1.0430e+01
1.0400e+01
1.0360e+01
1.0326e+01
1.0301e+01
1.0267e+01
1.0242e+01
1.0212e+01
1.0183e+01
1.0163e+01
1.0123e+01
1.0089e+01
1.0069e+01
1.0039e+01
1.0010e+01
9.9749e+00
9.9304e+00
9.8958e+00
9.8463e+00
9.8067e+00
9.7621e+00
9.7175e+00
9.6878e+00
9.6482e+00
9.6135e+00
9.5788e+00
9.5441e+00
9.5044e+00
9.4697e+00
9.4449e+00
9.4151e+00
9.3804e+00
9.3457e+00
9.3159e+00
9.2911e+00
9.2563e+00
9.2216e+00
9.1967e+00
9.1669e+00
9.1421e+00
9.1123e+00
9.0775e+00
9.0477e+00
9.0179e+00
8.9930e+00
8.9681e+00
8.9383e+00
8.9134e+00
8.8736e+00
8.8388e+00
8.7791e+00
8.7393e+00
8.6895e+00
8.6546e+00
8.6198e+00
8.5799e+00
8.5351e+00
8.5002e+00
8.4703e+00
8.4354e+00
8.4005e+00
8.3706e+00
8.3407e+00
8.3157e+00
8.2908e+00
8.2608e+00
8.2259e+00
8.1910e+00
8.1560e+00
8.1311e+00
8.0961e+00
8.0661e+00
8.0462e+00
8.0212e+00
7.9862e+00
7.9612e+00
7.9312e+00
7.9062e+00
7.8812e+00
7.8562e+00
7.8312e+00
7.8062e+00
7.7762e+00
7.7462e+00
7.6962e+00
7.6511e+00
7.6111e+00
7.5710e+00
7.5310e+00
7.4909e+00
7.4559e+00
7.4308e+00
7.3957e+00
7.3556e+00
7.3306e+00
7.3055e+00
7.2604e+00
7.2353e+00
7.2102e+00
7.1751e+00
7.1450e+00
7.1149e+00
7.0898e+00
7.0597e+00
7.0346e+00
6.9994e+00
6.9793e+00
6.9542e+00
6.9291e+00
6.9090e+00
6.8889e+00
6.8739e+00
6.8487e+00
6.8186e+00
6.7985e+00
6.7834e+00
6.7583e+00
6.7381e+00
6.7080e+00
6.6778e+00
6.6275e+00
6.6074e+00
6.5671e+00
6.5319e+00
6.5017e+00
6.4765e+00
6.4463e+00
6.4211e+00
6.3909e+00
6.3607e+00
6.3254e+00
6.2952e+00
6.2700e+00
6.2448e+00
6.2297e+00
6.1994e+00
6.1692e+00
6.1339e+00
6.1087e+00
6.0885e+00
6.0734e+00
6.0380e+00
6.0179e+00
5.9926e+00
5.9623e+00
5.9371e+00
5.9169e+00
5.8967e+00
5.8765e+00
5.8513e+00
5.8210e+00
5.7856e+00
5.7401e+00
5.7048e+00
5.6694e+00
5.6340e+00
5.5935e+00
5.5683e+00
5.5430e+00
5.5076e+00
5.4823e+00
5.4519e+00
5.4266e+00
5.4013e+00
5.3811e+00
5.3557e+00
5.3304e+00
5.3051e+00
5.2899e+00
5.2646e+00
5.2393e+00
5.2291e+00
5.2089e+00
5.1886e+00
5.1633e+00
5.1481e+00
5.1329e+00
5.1126e+00
5.1024e+00
5.0974e+00
5.0872e+00
5.0771e+00
5.0619e+00
5.0416e+00
5.0264e+00
5.0163e+00
5.0010e+00
4.9960e+00
4.9960e+00
4.9960e+00
5.0010e+00
5.0061e+00
5.0163e+00
5.0264e+00
5.0365e+00
5.0416e+00
5.0518e+00
5.0619e+00
5.0619e+00
5.0670e+00
5.0720e+00
5.0771e+00
5.0822e+00
5.0720e+00
5.0720e+00
5.0670e+00
5.0619e+00
5.0619e+00
5.0568e+00
5.0518e+00
5.0518e+00
5.0467e+00
5.0365e+00
5.0213e+00
5.0112e+00
4.9909e+00
4.9554e+00
4.9402e+00
4.9097e+00
4.8742e+00
4.8387e+00
4.8082e+00
4.7727e+00
4.7422e+00
4.7067e+00
4.6711e+00
4.6406e+00
4.5949e+00
4.5542e+00
4.5288e+00
4.4932e+00
4.4576e+00
4.4119e+00
4.3712e+00
4.3407e+00
4.3101e+00
4.2745e+00
4.2338e+00
4.1930e+00
4.1574e+00
4.1217e+00
4.0963e+00
4.0708e+00
4.0300e+00
3.9893e+00
3.9587e+00
3.9281e+00
3.8975e+00
3.8618e+00
3.8312e+00
3.7853e+00
3.7496e+00
3.7036e+00
3.6730e+00
3.6526e+00
3.6219e+00
3.6015e+00
3.5760e+00
3.5504e+00
3.5300e+00
3.5147e+00
3.5147e+00
3.4993e+00
3.4891e+00
3.4840e+00
3.4738e+00
3.4636e+00
3.4534e+00
3.4431e+00
3.4380e+00
3.4278e+00
3.4227e+00
3.4278e+00
3.4176e+00
3.4176e+00
3.4227e+00
3.4278e+00
3.4227e+00
3.4176e+00
3.4125e+00
3.4074e+00
3.4074e+00
3.3920e+00
3.3869e+00
3.3869e+00
3.3920e+00
3.3818e+00
3.3818e+00
3.3767e+00
3.3716e+00
3.3562e+00
3.3562e+00
3.3409e+00
3.3358e+00
3.3256e+00
3.3051e+00
3.2949e+00
3.2846e+00
3.2693e+00
3.2539e+00
3.2335e+00
3.2130e+00
3.1925e+00
3.1721e+00
3.1516e+00
3.1414e+00
3.1260e+00
3.1055e+00
3.0902e+00
3.0697e+00
3.0441e+00
3.0185e+00
2.9980e+00
2.9673e+00
2.9263e+00
2.8955e+00
2.8545e+00
2.8084e+00
2.7725e+00
2.7366e+00
2.7058e+00
2.6648e+00
2.6289e+00
2.5981e+00
2.5570e+00
2.5159e+00
2.4851e+00
2.4595e+00
2.4286e+00
2.3978e+00
2.3773e+00
2.3516e+00
2.3362e+00
2.3156e+00
2.3002e+00
2.2950e+00
2.2899e+00
2.2848e+00
2.2796e+00
2.2848e+00
2.2899e+00
2.2950e+00
2.3053e+00
2.3207e+00
2.3362e+00
2.3567e+00
2.3721e+00
2.3875e+00
2.4081e+00
2.4286e+00
2.4338e+00
2.4492e+00
2.4492e+00
2.4595e+00
2.4646e+00
2.4749e+00
2.4851e+00
2.4800e+00
2.4851e+00
2.4903e+00
2.4903e+00
2.4800e+00
2.4851e+00
2.4749e+00
2.4697e+00
2.4543e+00
2.4389e+00
2.4338e+00
2.4184e+00
2.4030e+00
2.3927e+00
2.3773e+00
2.3619e+00
2.3464e+00
2.3259e+00
2.3053e+00
2.2848e+00
2.2539e+00
2.2334e+00
2.2128e+00
2.1871e+00
2.1511e+00
2.1254e+00
2.0996e+00
2.0688e+00
2.0379e+00
1.9967e+00
1.9555e+00
1.9143e+00
1.8783e+00
1.8474e+00
1.8113e+00
1.7907e+00
1.7701e+00
1.7546e+00
1.7392e+00
1.7340e+00
1.7289e+00
1.7340e+00
1.7546e+00
1.7752e+00
1.7959e+00
1.8371e+00
1.8783e+00
1.9349e+00
1.9813e+00
2.0482e+00
2.1151e+00
2.1819e+00
2.2385e+00
2.3053e+00
2.3721e+00
2.4389e+00
2.5057e+00
2.5827e+00
2.6494e+00
2.7161e+00
2.7725e+00
2.8238e+00
2.8802e+00
2.9263e+00
2.9724e+00
3.0185e+00
3.0595e+00
3.0902e+00
3.1209e+00
3.1618e+00
3.1925e+00
3.2181e+00
3.2488e+00
3.2795e+00
3.3051e+00
3.3409e+00
3.3665e+00
3.3920e+00
3.4125e+00
3.4431e+00
3.4585e+00
3.4687e+00
3.4687e+00
3.4738e+00
3.4687e+00
3.4687e+00
3.4585e+00
3.4482e+00
3.4329e+00
3.4329e+00
3.4125e+00
3.3869e+00
3.3665e+00
3.3409e+00
3.3051e+00
3.2693e+00
3.2284e+00
3.1925e+00
3.1516e+00
3.1107e+00
3.0646e+00
3.0134e+00
2.9775e+00
2.9468e+00
2.9007e+00
2.8494e+00
2.8033e+00
2.7571e+00
2.7110e+00
2.6699e+00
2.6237e+00
2.5724e+00
2.5262e+00
2.4851e+00
2.4286e+00
2.3824e+00
2.3413e+00
2.3002e+00
2.2488e+00
2.1974e+00
2.1614e+00
2.1202e+00
2.0688e+00
2.0173e+00
1.9710e+00
1.9401e+00
1.9040e+00
1.8577e+00
1.8165e+00
1.7649e+00
1.7082e+00
1.6618e+00
1.6154e+00
1.5690e+00
1.5226e+00
1.4865e+00
1.4503e+00
1.4090e+00
1.3729e+00
1.3316e+00
1.2954e+00
1.2593e+00
1.2231e+00
1.1921e+00
1.1611e+00
1.1249e+00
1.0939e+00
1.0629e+00
1.0267e+00
9.9046e-01
9.5942e-01
9.3355e-01
9.0767e-01
8.7662e-01
8.4556e-01
8.1450e-01
7.8343e-01
7.5754e-01
7.2128e-01
6.8502e-01
6.5393e-01
6.1247e-01
5.8138e-01
5.3990e-01
5.0880e-01
4.8287e-01
4.4137e-01
4.1544e-01
3.8431e-01
3.4799e-01
3.2204e-01
3.0128e-01
2.7013e-01
2.4417e-01
2.2340e-01
1.9744e-01
1.7147e-01
1.5069e-01
1.2992e-01
1.1952e-01
9.8743e-02
8.3155e-02
7.2762e-02
6.2369e-02
4.6779e-02
4.1582e-02
3.6384e-02
3.1187e-02
1.5594e-02
5.1980e-03
5.1980e-03
1.0396e-02
0000
5.1980e-03
5.1980e-03
2.0792e-02
2.5989e-02
5.1976e-02
4.6779e-02
8.3155e-02
9.8743e-02
1.1433e-01
1.2472e-01
1.6108e-01
1.7147e-01
1.9744e-01
2.1302e-01
2.2860e-01
2.5975e-01
2.8051e-01
3.0647e-01
3.2723e-01
3.6355e-01
3.9469e-01
4.4137e-01
4.6731e-01
5.2435e-01
5.6583e-01
6.1766e-01
6.6430e-01
7.2128e-01
7.5754e-01
8.1450e-01
8.6627e-01
9.0250e-01
9.4390e-01
9.9046e-01
1.0318e+00
1.0732e+00
1.0991e+00
1.1353e+00
1.1456e+00
1.1714e+00
1.1663e+00
1.1869e+00
