3.7904e+00
3.7857e+00
3.7857e+00
3.7762e+00
3.7762e+00
3.7762e+00
3.7714e+00
3.7667e+00
3.7714e+00
3.7809e+00
3.7904e+00
3.7999e+00
3.8046e+00
3.8141e+00
3.8141e+00
3.8283e+00
3.8330e+00
3.8330e+00
3.8377e+00
3.8424e+00
3.8472e+00
3.8519e+00
3.8472e+00
3.8472e+00
3.8472e+00
3.8472e+00
3.8472e+00
3.8377e+00
3.8330e+00
3.8330e+00
3.8235e+00
3.8235e+00
3.8141e+00
3.8141e+00
3.8093e+00
3.8046e+00
3.7999e+00
3.7999e+00
3.7951e+00
3.7857e+00
3.7904e+00
3.7809e+00
3.7714e+00
3.7667e+00
3.7620e+00
3.7478e+00
3.7288e+00
3.7194e+00
3.7004e+00
3.6862e+00
3.6673e+00
3.6531e+00
3.6388e+00
3.6246e+00
3.6104e+00
3.5915e+00
3.5725e+00
3.5536e+00
3.5393e+00
3.5156e+00
3.5014e+00
3.4825e+00
3.4682e+00
3.4493e+00
3.4350e+00
3.4208e+00
3.4066e+00
3.3971e+00
3.4018e+00
3.3876e+00
3.3781e+00
3.3781e+00
3.3923e+00
3.3923e+00
3.3971e+00
3.4018e+00
3.4113e+00
3.4303e+00
3.4398e+00
3.4493e+00
3.4493e+00
3.4587e+00
3.4587e+00
3.4777e+00
3.4825e+00
3.4967e+00
3.5014e+00
3.5109e+00
3.5204e+00
3.5251e+00
3.5251e+00
3.5251e+00
3.5299e+00
3.5299e+00
3.5299e+00
3.5346e+00
3.5441e+00
3.5393e+00
3.5346e+00
3.5299e+00
3.5299e+00
3.5204e+00
3.5109e+00
3.5109e+00
3.5014e+00
3.4919e+00
3.4919e+00
3.4872e+00
3.4919e+00
3.4967e+00
3.5062e+00
3.5156e+00
3.5251e+00
3.5346e+00
3.5583e+00
3.5820e+00
3.6057e+00
3.6388e+00
3.6815e+00
3.7288e+00
3.7857e+00
3.8377e+00
3.8992e+00
3.9655e+00
4.0364e+00
4.1026e+00
4.1640e+00
4.2254e+00
4.2915e+00
4.3623e+00
4.4237e+00
4.4803e+00
4.5510e+00
4.5982e+00
4.6594e+00
4.7160e+00
4.7678e+00
4.8149e+00
4.8667e+00
4.9043e+00
4.9561e+00
4.9890e+00
5.0267e+00
5.0502e+00
5.0831e+00
5.1113e+00
5.1301e+00
5.1395e+00
5.1630e+00
5.1724e+00
5.1865e+00
5.1865e+00
5.1959e+00
5.1912e+00
5.2006e+00
5.1959e+00
5.1912e+00
5.1724e+00
5.1724e+00
5.1489e+00
5.1348e+00
5.1207e+00
5.1066e+00
5.0784e+00
5.0549e+00
5.0314e+00
5.0032e+00
4.9655e+00
4.9279e+00
4.8949e+00
4.8667e+00
4.8337e+00
4.7961e+00
4.7678e+00
4.7301e+00
4.6971e+00
4.6547e+00
4.6170e+00
4.5793e+00
4.5416e+00
4.4991e+00
4.4803e+00
4.4425e+00
4.4142e+00
4.3954e+00
4.3718e+00
4.3434e+00
4.3198e+00
4.2915e+00
4.2773e+00
4.2679e+00
4.2490e+00
4.2348e+00
4.2254e+00
4.2112e+00
4.2018e+00
4.1923e+00
4.1782e+00
4.1687e+00
4.1498e+00
4.1404e+00
4.1215e+00
4.1167e+00
4.1026e+00
4.0978e+00
4.0978e+00
4.0884e+00
4.1026e+00
4.1120e+00
4.1073e+00
4.0978e+00
4.0978e+00
4.0837e+00
4.0695e+00
4.0553e+00
4.0458e+00
4.0317e+00
4.0175e+00
4.0080e+00
3.9891e+00
3.9749e+00
3.9560e+00
3.9465e+00
3.9418e+00
3.9276e+00
3.9182e+00
3.9229e+00
3.9229e+00
3.9229e+00
3.9276e+00
3.9371e+00
3.9607e+00
3.9844e+00
4.0175e+00
4.0506e+00
4.0837e+00
4.1262e+00
4.1734e+00
4.2207e+00
4.2821e+00
4.3293e+00
4.4001e+00
4.4708e+00
4.5557e+00
4.6312e+00
4.7113e+00
4.8008e+00
4.8949e+00
4.9890e+00
5.0925e+00
5.1912e+00
5.2852e+00
5.3838e+00
5.4871e+00
5.5997e+00
5.6935e+00
5.8106e+00
5.9183e+00
6.0353e+00
6.1429e+00
6.3065e+00
6.4280e+00
6.5820e+00
6.6893e+00
6.8245e+00
6.9177e+00
7.0341e+00
7.1086e+00
7.2016e+00
7.2714e+00
7.3411e+00
7.3876e+00
7.4619e+00
7.4991e+00
7.5455e+00
7.5734e+00
7.6105e+00
7.6430e+00
7.6708e+00
7.6940e+00
7.7126e+00
7.7404e+00
7.7589e+00
7.7775e+00
7.7729e+00
7.7960e+00
7.7960e+00
7.8146e+00
7.8007e+00
7.8192e+00
7.8053e+00
7.8285e+00
7.8285e+00
7.8424e+00
7.8192e+00
7.8239e+00
7.7960e+00
7.7914e+00
7.7775e+00
7.7775e+00
7.7589e+00
7.7589e+00
7.7404e+00
7.7358e+00
7.7033e+00
7.6847e+00
7.6523e+00
7.6383e+00
7.5966e+00
7.5873e+00
7.5594e+00
7.5362e+00
7.5084e+00
7.4991e+00
7.4758e+00
7.4573e+00
7.4294e+00
7.4108e+00
7.3829e+00
7.3736e+00
7.3504e+00
7.3318e+00
7.3086e+00
7.2993e+00
7.2807e+00
7.2760e+00
7.2760e+00
7.2667e+00
7.2481e+00
7.2528e+00
7.2481e+00
7.2481e+00
7.2574e+00
7.2667e+00
7.2667e+00
7.2807e+00
7.2807e+00
7.2760e+00
7.2714e+00
7.2714e+00
7.2528e+00
7.2481e+00
7.2481e+00
7.2481e+00
7.2388e+00
7.2342e+00
7.2295e+00
7.2109e+00
7.1970e+00
7.1830e+00
7.1644e+00
7.1458e+00
7.1272e+00
7.1132e+00
7.0900e+00
7.0620e+00
7.0434e+00
7.0248e+00
7.0108e+00
6.9969e+00
6.9922e+00
6.9736e+00
6.9596e+00
6.9317e+00
6.9130e+00
6.8851e+00
6.8571e+00
6.8292e+00
6.8012e+00
6.7639e+00
6.7220e+00
6.6800e+00
6.7126e+00
6.7360e+00
6.7313e+00
6.6893e+00
6.6660e+00
6.6287e+00
6.6007e+00
6.5540e+00
6.5074e+00
6.4700e+00
6.4327e+00
6.3953e+00
6.3626e+00
6.3252e+00
6.2972e+00
6.2645e+00
6.2364e+00
6.1990e+00
6.1757e+00
6.1429e+00
6.1195e+00
6.0868e+00
6.0634e+00
6.0353e+00
6.0166e+00
5.9839e+00
5.9558e+00
5.9230e+00
5.8762e+00
5.8434e+00
5.8153e+00
5.7778e+00
5.7591e+00
5.7263e+00
5.7028e+00
5.6794e+00
5.6559e+00
5.6325e+00
5.6137e+00
5.5856e+00
5.5668e+00
5.5481e+00
5.5340e+00
5.5199e+00
5.5059e+00
5.4918e+00
5.4871e+00
5.4730e+00
5.4589e+00
5.4495e+00
5.4402e+00
5.4261e+00
5.4214e+00
5.4120e+00
5.3979e+00
5.3791e+00
5.3650e+00
5.3416e+00
5.3181e+00
5.2946e+00
5.2805e+00
5.2664e+00
5.2476e+00
5.2335e+00
5.2241e+00
5.2100e+00
5.1959e+00
5.1771e+00
5.1677e+00
5.1489e+00
5.1395e+00
5.1254e+00
5.1113e+00
5.0925e+00
5.0784e+00
5.0596e+00
5.0361e+00
5.0220e+00
5.0032e+00
4.9843e+00
4.9702e+00
4.9561e+00
4.9373e+00
4.9138e+00
4.8949e+00
4.8667e+00
4.8290e+00
4.8055e+00
4.7725e+00
4.7442e+00
4.7207e+00
4.7018e+00
4.6783e+00
4.6642e+00
4.6453e+00
4.6406e+00
4.6170e+00
4.5982e+00
4.5887e+00
4.5840e+00
4.5699e+00
4.5605e+00
4.5416e+00
4.5416e+00
4.5274e+00
4.5133e+00
4.4991e+00
4.4850e+00
4.4661e+00
4.4520e+00
4.4378e+00
4.4190e+00
4.4048e+00
4.3859e+00
4.3670e+00
4.3529e+00
4.3151e+00
4.2915e+00
4.2585e+00
4.2348e+00
4.2112e+00
4.1923e+00
4.1640e+00
4.1451e+00
4.1167e+00
4.0931e+00
4.0742e+00
4.0506e+00
4.0222e+00
3.9938e+00
3.9749e+00
3.9513e+00
3.9323e+00
3.9040e+00
3.8898e+00
3.8614e+00
3.8330e+00
3.8141e+00
3.7904e+00
3.7667e+00
3.7430e+00
3.7194e+00
3.6910e+00
3.6625e+00
3.6436e+00
3.6246e+00
3.6009e+00
3.5678e+00
3.5299e+00
3.5062e+00
3.4872e+00
3.4682e+00
3.4540e+00
3.4350e+00
3.4303e+00
3.4255e+00
3.4208e+00
3.4161e+00
3.4161e+00
3.4255e+00
3.4303e+00
3.4398e+00
3.4445e+00
3.4493e+00
3.4635e+00
3.4825e+00
3.4919e+00
3.5014e+00
3.5109e+00
3.5204e+00
3.5299e+00
3.5393e+00
3.5441e+00
3.5441e+00
3.5441e+00
3.5393e+00
3.5299e+00
3.5251e+00
3.5062e+00
3.4825e+00
3.4587e+00
3.4398e+00
3.4208e+00
3.4018e+00
3.3923e+00
3.3686e+00
3.3449e+00
3.3212e+00
3.3022e+00
3.2785e+00
3.2547e+00
3.2310e+00
3.2073e+00
3.1835e+00
3.1598e+00
3.1360e+00
3.1170e+00
3.0885e+00
3.0600e+00
3.0315e+00
3.0078e+00
2.9745e+00
2.9460e+00
2.9222e+00
2.8984e+00
2.8746e+00
2.8508e+00
2.8223e+00
2.7938e+00
2.7605e+00
2.7224e+00
2.6843e+00
2.6510e+00
2.6176e+00
2.5891e+00
2.5557e+00
2.5367e+00
2.5081e+00
2.4795e+00
2.4509e+00
2.4271e+00
2.3984e+00
2.3794e+00
2.3555e+00
2.3269e+00
2.3078e+00
2.2840e+00
2.2554e+00
2.2411e+00
2.2172e+00
2.2077e+00
2.1886e+00
2.1551e+00
2.1313e+00
2.1217e+00
2.1074e+00
2.0883e+00
2.0644e+00
2.0453e+00
2.0214e+00
2.0071e+00
1.9928e+00
1.9689e+00
1.9498e+00
1.9211e+00
1.9020e+00
1.8685e+00
1.8494e+00
1.8303e+00
1.8064e+00
1.7872e+00
1.7729e+00
1.7490e+00
1.7251e+00
1.7107e+00
1.6963e+00
1.6772e+00
1.6581e+00
1.6389e+00
1.6198e+00
1.6006e+00
1.5911e+00
1.5671e+00
1.5432e+00
1.5336e+00
1.5192e+00
1.5001e+00
1.4857e+00
1.4665e+00
1.4474e+00
1.4378e+00
1.4234e+00
1.4091e+00
1.3899e+00
1.3803e+00
1.3659e+00
1.3420e+00
1.3132e+00
1.2940e+00
1.2796e+00
1.2557e+00
1.2413e+00
1.2269e+00
1.2077e+00
1.1837e+00
1.1693e+00
1.1549e+00
1.1405e+00
1.1213e+00
1.1021e+00
1.0829e+00
1.0733e+00
1.0589e+00
1.0349e+00
1.0157e+00
1.0013e+00
9.8212e-01
9.6771e-01
9.6291e-01
9.4369e-01
9.2448e-01
9.1487e-01
8.9566e-01
8.7644e-01
8.6683e-01
8.5722e-01
8.4280e-01
8.1877e-01
8.0435e-01
7.9474e-01
7.8032e-01
7.6109e-01
7.4185e-01
7.2262e-01
7.0339e-01
6.9377e-01
6.6972e-01
6.5048e-01
6.3605e-01
6.2161e-01
6.0718e-01
5.9275e-01
5.7831e-01
5.6868e-01
5.4943e-01
5.3018e-01
5.1574e-01
5.0130e-01
4.8686e-01
4.7241e-01
4.5797e-01
4.4834e-01
4.3389e-01
4.1944e-01
4.0500e-01
3.9536e-01
3.8573e-01
3.7609e-01
3.6164e-01
3.4237e-01
3.3274e-01
3.1828e-01
2.9901e-01
2.8937e-01
2.7491e-01
2.5563e-01
2.2671e-01
2.1224e-01
1.9778e-01
1.8814e-01
1.7849e-01
1.7367e-01
1.5438e-01
1.3991e-01
1.3027e-01
1.2545e-01
1.2545e-01
1.1580e-01
1.1097e-01
1.0615e-01
1.0615e-01
1.0133e-01
1.0133e-01
9.6503e-02
9.6503e-02
9.6503e-02
9.6503e-02
9.6503e-02
9.1679e-02
8.6855e-02
8.2031e-02
7.7206e-02
6.7557e-02
5.7907e-02
5.3082e-02
5.3082e-02
3.8607e-02
3.3781e-02
2.4130e-02
1.4478e-02
1.4478e-02
1.4478e-02
4.8260e-03
4.8260e-03
0000
4.8260e-03
9.6520e-03
1.4478e-02
1.4478e-02
2.4130e-02
3.8607e-02
4.8257e-02
5.3082e-02
6.2732e-02
7.7206e-02
9.1679e-02
1.0133e-01
1.1097e-01
1.3027e-01
1.5438e-01
1.6403e-01
1.7849e-01
1.9778e-01
2.0742e-01
2.3153e-01
2.4599e-01
2.5563e-01
2.6527e-01
2.7973e-01
2.9901e-01
3.1828e-01
3.3274e-01
3.4719e-01
3.5683e-01
3.7128e-01
3.8091e-01
3.9055e-01
4.0018e-01
4.0500e-01
4.0981e-01
4.2426e-01
4.2908e-01
4.3389e-01
4.2908e-01
4.4352e-01
4.4352e-01
4.5315e-01
4.4834e-01
4.5315e-01
4.6278e-01
4.8204e-01
4.8686e-01
5.2537e-01
5.4462e-01
6.0237e-01
6.6491e-01
7.2743e-01
7.9474e-01
8.5241e-01
9.1007e-01
9.5810e-01
1.0157e+00
1.0733e+00
1.1309e+00
1.1885e+00
1.2509e+00
1.3180e+00
1.3803e+00
1.4426e+00
1.5097e+00
1.5719e+00
1.6389e+00
1.7155e+00
1.7872e+00
1.8590e+00
1.9163e+00
1.9784e+00
2.0167e+00
2.0644e+00
2.1026e+00
2.1456e+00
2.1838e+00
2.2267e+00
2.2554e+00
2.2792e+00
2.2888e+00
2.3031e+00
2.3126e+00
2.3174e+00
2.3126e+00
2.3078e+00
2.3126e+00
2.3174e+00
2.3317e+00
2.3508e+00
2.3698e+00
2.4080e+00
2.4557e+00
2.5128e+00
2.5748e+00
2.6510e+00
2.7319e+00
2.8033e+00
2.8794e+00
2.9507e+00
3.0220e+00
3.0600e+00
3.1123e+00
3.1313e+00
3.1598e+00
3.1693e+00
3.1835e+00
3.1835e+00
3.1883e+00
3.1835e+00
3.1835e+00
3.1835e+00
3.1930e+00
3.1883e+00
3.1978e+00
3.2120e+00
3.2263e+00
3.2452e+00
3.2500e+00
3.2690e+00
3.2785e+00
3.3069e+00
3.3212e+00
3.3497e+00
3.3497e+00
3.3829e+00
3.3971e+00
3.4208e+00
3.4208e+00
3.4350e+00
3.4161e+00
3.4255e+00
3.4018e+00
3.4113e+00
3.3829e+00
3.4113e+00
3.3923e+00
3.4255e+00
3.4066e+00
3.4350e+00
3.4255e+00
3.4350e+00
3.4113e+00
3.4113e+00
3.3829e+00
3.3686e+00
3.3402e+00
3.3259e+00
3.2927e+00
3.2785e+00
3.2452e+00
3.2215e+00
3.1835e+00
3.1550e+00
3.1123e+00
3.0743e+00
3.0268e+00
2.9840e+00
2.9364e+00
2.8937e+00
2.8508e+00
2.7985e+00
2.7462e+00
2.6938e+00
2.6462e+00
2.5843e+00
2.5414e+00
2.4842e+00
2.4414e+00
2.3794e+00
2.3269e+00
2.2745e+00
2.2315e+00
2.1647e+00
2.1217e+00
2.0644e+00
2.0214e+00
1.9689e+00
1.9307e+00
1.8924e+00
1.8590e+00
1.8111e+00
1.7872e+00
1.7585e+00
1.7346e+00
1.7107e+00
1.6963e+00
1.6629e+00
1.6533e+00
1.6437e+00
1.6437e+00
1.6294e+00
1.6341e+00
1.6294e+00
1.6341e+00
1.6246e+00
1.6294e+00
1.6198e+00
1.6246e+00
1.6150e+00
1.6198e+00
1.6150e+00
1.6198e+00
1.6246e+00
1.6246e+00
1.6150e+00
1.6102e+00
1.6006e+00
1.6054e+00
1.6054e+00
1.6054e+00
1.6006e+00
1.5958e+00
1.5958e+00
1.5911e+00
1.5815e+00
1.5719e+00
1.5671e+00
1.5671e+00
1.5623e+00
1.5528e+00
1.5575e+00
1.5575e+00
1.5480e+00
1.5384e+00
1.5384e+00
1.5384e+00
1.5288e+00
1.5384e+00
1.5384e+00
1.5432e+00
1.5480e+00
1.5575e+00
1.5623e+00
1.5767e+00
1.5767e+00
1.5863e+00
1.5863e+00
1.6006e+00
1.6102e+00
1.6198e+00
1.6246e+00
1.6341e+00
1.6437e+00
1.6581e+00
1.6724e+00
1.6820e+00
1.6820e+00
1.6868e+00
1.6963e+00
1.7011e+00
1.7203e+00
1.7251e+00
1.7298e+00
1.7442e+00
1.7538e+00
1.7633e+00
1.7729e+00
1.7825e+00
1.7968e+00
1.8016e+00
1.8111e+00
1.8159e+00
1.8351e+00
1.8351e+00
1.8494e+00
1.8637e+00
1.8781e+00
1.8876e+00
1.8876e+00
1.8924e+00
1.9115e+00
1.9211e+00
1.9354e+00
1.9450e+00
1.9498e+00
1.9641e+00
1.9784e+00
1.9689e+00
1.9689e+00
1.9689e+00
1.9689e+00
1.9641e+00
1.9593e+00
1.9546e+00
1.9450e+00
1.9307e+00
1.9115e+00
1.8876e+00
1.8685e+00
1.8494e+00
1.8111e+00
1.7825e+00
1.7538e+00
1.7203e+00
1.6916e+00
1.6581e+00
1.6198e+00
1.5767e+00
1.5480e+00
1.5097e+00
1.4665e+00
1.4282e+00
1.3851e+00
1.3420e+00
1.3036e+00
1.2700e+00
1.2365e+00
1.2029e+00
1.1741e+00
1.1453e+00
1.1261e+00
1.1165e+00
1.1117e+00
1.0973e+00
1.1165e+00
1.1213e+00
1.1309e+00
1.1597e+00
1.1933e+00
1.2269e+00
1.2700e+00
1.3180e+00
1.3755e+00
1.4234e+00
1.4953e+00
1.5528e+00
1.6198e+00
1.6820e+00
1.7585e+00
1.8207e+00
1.9020e+00
1.9737e+00
2.0358e+00
2.0788e+00
2.1456e+00
2.2077e+00
2.2649e+00
2.3222e+00
2.3889e+00
2.4461e+00
2.5224e+00
2.5986e+00
2.6843e+00
2.7700e+00
2.8508e+00
2.9269e+00
3.0173e+00
3.0885e+00
3.1693e+00
3.2547e+00
3.3259e+00
3.4018e+00
3.4825e+00
3.5583e+00
3.6199e+00
3.6767e+00
3.7383e+00
3.7999e+00
3.8472e+00
3.8992e+00
3.9513e+00
3.9938e+00
4.0269e+00
4.0553e+00
4.0789e+00
4.0931e+00
4.1026e+00
4.1026e+00
4.1073e+00
4.0931e+00
4.0931e+00
4.0742e+00
4.0647e+00
4.0506e+00
4.0222e+00
3.9986e+00
3.9655e+00
3.9323e+00
3.9040e+00
3.8661e+00
3.8424e+00
3.8046e+00
3.7809e+00
3.7620e+00
3.7383e+00
3.7194e+00
3.7099e+00
3.6957e+00
3.6910e+00
3.6957e+00
3.7052e+00
3.7194e+00
3.7336e+00
3.7525e+00
3.7525e+00
3.7667e+00
3.7762e+00
3.7857e+00
3.7999e+00
3.8188e+00
3.8283e+00
3.8424e+00
3.8614e+00
3.8756e+00
3.8708e+00
3.8708e+00
3.8708e+00
3.8614e+00
3.8472e+00
3.8330e+00
3.8235e+00
3.7999e+00
3.7809e+00
3.7525e+00
3.7430e+00
3.7052e+00
3.6767e+00
3.6531e+00
3.6294e+00
3.6104e+00
3.5820e+00
3.5488e+00
3.5251e+00
3.4872e+00
3.4635e+00
3.4255e+00
3.4066e+00
3.3734e+00
3.3639e+00
3.3734e+00
3.4208e+00
3.4540e+00
3.5299e+00
3.5867e+00
3.6388e+00
3.6767e+00
3.7478e+00
3.8141e+00
3.8661e+00
3.9134e+00
3.9749e+00
4.0553e+00
4.1876e+00
4.3576e+00
4.4614e+00
4.4944e+00
4.5133e+00
4.5086e+00
4.4897e+00
4.4756e+00
4.4614e+00
4.4614e+00
4.4473e+00
4.4661e+00
4.4567e+00
4.4850e+00
4.4614e+00
4.4520e+00
4.4095e+00
4.3906e+00
4.3529e+00
4.3293e+00
4.2915e+00
4.2632e+00
4.2065e+00
4.1734e+00
4.1262e+00
4.0884e+00
4.0317e+00
3.9891e+00
3.9371e+00
3.8945e+00
3.8424e+00
3.7999e+00
3.7525e+00
3.7004e+00
3.6578e+00
3.6199e+00
3.5725e+00
3.5346e+00
3.4919e+00
3.4587e+00
3.4303e+00
3.4018e+00
3.3639e+00
3.3354e+00
3.3117e+00
3.2880e+00
3.2595e+00
3.2405e+00
3.2215e+00
3.2073e+00
3.1740e+00
3.1550e+00
3.1360e+00
3.1218e+00
3.1075e+00
3.0933e+00
3.0790e+00
3.0553e+00
3.0363e+00
3.0220e+00
3.0030e+00
2.9745e+00
2.9555e+00
2.9317e+00
2.9032e+00
2.8841e+00
2.8699e+00
2.8461e+00
2.8318e+00
2.8128e+00
2.7985e+00
2.7747e+00
2.7605e+00
2.7509e+00
2.7319e+00
2.7224e+00
2.7176e+00
2.7081e+00
2.7033e+00
2.6986e+00
2.7033e+00
2.6986e+00
2.6938e+00
2.6986e+00
2.7081e+00
2.7224e+00
2.7414e+00
2.7557e+00
2.7938e+00
2.8128e+00
2.8366e+00
2.8604e+00
2.8841e+00
2.9174e+00
2.9697e+00
3.0125e+00
3.0695e+00
3.1313e+00
3.1883e+00
3.2405e+00
3.2927e+00
3.3449e+00
3.3971e+00
3.4445e+00
3.4825e+00
3.5204e+00
3.5630e+00
3.6009e+00
3.6294e+00
3.6531e+00
3.6815e+00
3.7099e+00
3.7241e+00
3.7430e+00
3.7478e+00
3.7667e+00
3.7904e+00
3.8188e+00
3.8330e+00
3.8519e+00
3.8803e+00
3.9134e+00
3.9371e+00
3.9655e+00
3.9891e+00
4.0127e+00
4.0364e+00
4.0695e+00
4.0931e+00
4.1167e+00
4.1404e+00
4.1593e+00
4.1829e+00
4.2065e+00
4.2396e+00
4.2821e+00
4.3057e+00
4.3293e+00
4.3576e+00
4.3765e+00
4.4001e+00
4.4284e+00
4.4567e+00
4.4991e+00
4.5180e+00
4.5557e+00
4.5887e+00
4.6217e+00
4.6453e+00
4.6830e+00
4.7018e+00
4.7207e+00
4.7395e+00
4.7584e+00
4.7631e+00
4.7678e+00
4.7772e+00
4.7866e+00
4.7866e+00
4.7772e+00
4.7961e+00
4.8008e+00
4.8102e+00
4.8055e+00
4.8196e+00
4.8055e+00
4.8243e+00
4.8055e+00
4.8102e+00
4.8008e+00
4.8008e+00
4.7772e+00
4.7678e+00
4.7442e+00
4.7066e+00
4.6783e+00
4.6642e+00
4.6453e+00
4.6265e+00
4.6029e+00
4.5982e+00
4.5793e+00
4.5746e+00
4.5605e+00
4.5510e+00
4.5369e+00
4.5274e+00
4.5322e+00
4.5227e+00
4.5180e+00
4.5133e+00
4.5133e+00
4.5039e+00
4.5086e+00
4.4991e+00
4.4991e+00
4.4944e+00
4.4944e+00
4.4850e+00
4.4944e+00
4.4803e+00
4.4756e+00
4.4520e+00
4.4473e+00
4.4237e+00
4.4237e+00
4.4142e+00
4.4190e+00
4.4142e+00
4.4284e+00
4.4284e+00
4.4378e+00
4.4284e+00
4.4378e+00
4.4378e+00
4.4614e+00
4.4661e+00
4.4708e+00
4.4708e+00
4.4803e+00
4.4850e+00
4.4897e+00
4.4803e+00
4.4708e+00
4.4661e+00
4.4614e+00
4.4473e+00
4.4331e+00
4.4190e+00
4.4001e+00
4.3765e+00
4.3623e+00
4.3246e+00
4.2915e+00
4.2585e+00
4.2301e+00
4.2018e+00
4.1734e+00
4.1498e+00
4.1073e+00
4.0837e+00
4.0411e+00
4.0175e+00
3.9749e+00
3.9418e+00
3.9087e+00
3.8850e+00
3.8377e+00
3.8141e+00
3.7857e+00
3.7620e+00
3.7288e+00
3.6957e+00
3.6720e+00
3.6436e+00
3.6246e+00
3.6057e+00
3.5725e+00
3.5536e+00
3.5441e+00
3.5251e+00
3.5109e+00
3.5062e+00
3.4967e+00
3.4967e+00
3.4967e+00
3.4967e+00
3.4919e+00
3.4825e+00
3.4777e+00
3.4682e+00
3.4635e+00
3.4635e+00
3.4540e+00
3.4493e+00
3.4398e+00
3.4303e+00
3.4208e+00
3.4113e+00
3.3971e+00
3.3781e+00
3.3639e+00
3.3497e+00
3.3354e+00
3.3212e+00
3.3069e+00
3.2880e+00
3.2642e+00
3.2405e+00
3.2168e+00
3.1930e+00
3.1645e+00
3.1408e+00
3.1170e+00
3.0838e+00
3.0553e+00
3.0363e+00
3.0078e+00
2.9745e+00
2.9412e+00
2.9079e+00
2.8794e+00
2.8461e+00
2.8223e+00
2.7890e+00
2.7605e+00
2.7319e+00
2.7081e+00
2.6843e+00
2.6605e+00
2.6367e+00
2.6224e+00
2.6033e+00
2.5938e+00
2.5795e+00
2.5700e+00
2.5652e+00
2.5605e+00
2.5557e+00
2.5510e+00
2.5557e+00
2.5510e+00
2.5557e+00
2.5557e+00
2.5605e+00
2.5700e+00
2.5795e+00
2.5891e+00
2.6033e+00
2.6129e+00
2.6367e+00
2.6510e+00
2.6653e+00
2.6700e+00
2.6843e+00
2.6938e+00
2.7033e+00
2.7176e+00
2.7271e+00
2.7414e+00
2.7557e+00
2.7605e+00
2.7652e+00
2.7700e+00
2.7795e+00
2.7890e+00
2.7890e+00
2.7842e+00
2.7890e+00
2.7985e+00
2.8128e+00
2.8175e+00
2.8033e+00
2.7985e+00
2.7842e+00
2.7795e+00
2.7652e+00
2.7557e+00
2.7462e+00
2.7271e+00
2.7129e+00
2.7033e+00
2.6748e+00
2.6510e+00
2.6176e+00
2.5986e+00
2.5652e+00
2.5271e+00
2.4938e+00
2.4557e+00
2.4223e+00
2.3841e+00
2.3412e+00
2.3078e+00
2.2649e+00
2.2315e+00
2.1886e+00
2.1408e+00
2.1026e+00
2.0740e+00
2.0358e+00
1.9928e+00
1.9593e+00
1.9259e+00
1.8876e+00
1.8590e+00
1.8255e+00
1.8016e+00
1.7729e+00
1.7394e+00
1.7011e+00
1.6629e+00
1.6341e+00
1.6054e+00
1.5671e+00
1.5288e+00
1.5001e+00
1.4665e+00
1.4378e+00
1.4091e+00
1.3851e+00
1.3659e+00
1.3276e+00
1.3036e+00
1.2652e+00
1.2413e+00
1.2125e+00
1.1885e+00
1.1597e+00
1.1453e+00
1.1309e+00
1.1165e+00
1.1069e+00
1.0925e+00
1.0781e+00
1.0733e+00
1.0637e+00
1.0685e+00
1.0637e+00
1.0589e+00
1.0541e+00
1.0637e+00
1.0685e+00
1.0829e+00
1.0877e+00
1.1117e+00
1.1165e+00
1.1357e+00
1.1597e+00
1.1981e+00
1.2317e+00
1.2844e+00
1.3324e+00
1.3899e+00
1.4474e+00
1.5144e+00
1.5911e+00
1.6676e+00
1.7442e+00
1.8303e+00
1.9259e+00
2.0214e+00
2.1217e+00
2.2315e+00
2.3794e+00
2.5748e+00
2.7842e+00
2.9840e+00
3.1978e+00
3.3923e+00
3.5773e+00
3.7762e+00
4.0364e+00
4.3198e+00
4.5887e+00
4.8149e+00
5.0502e+00
5.2523e+00
5.4308e+00
5.5528e+00
5.6466e+00
5.6981e+00
5.7403e+00
5.7591e+00
5.7778e+00
5.7731e+00
5.7591e+00
5.7450e+00
5.7122e+00
5.6747e+00
5.6513e+00
5.5950e+00
5.5668e+00
5.5059e+00
5.4589e+00
5.3885e+00
5.3463e+00
5.2617e+00
5.1865e+00
5.1301e+00
5.0737e+00
5.0173e+00
4.9514e+00
4.8808e+00
4.8055e+00
4.7395e+00
4.6594e+00
4.5840e+00
4.5086e+00
4.4284e+00
4.3529e+00
4.2821e+00
4.2207e+00
4.1545e+00
4.0931e+00
4.0317e+00
3.9702e+00
3.9087e+00
3.8330e+00
3.7667e+00
3.6957e+00
3.6294e+00
3.5678e+00
3.5109e+00
3.4445e+00
3.3923e+00
3.3354e+00
3.2785e+00
3.2310e+00
3.1693e+00
3.1075e+00
3.0600e+00
3.0125e+00
2.9555e+00
2.8984e+00
2.8508e+00
2.8080e+00
2.7509e+00
2.7081e+00
2.6605e+00
2.6176e+00
2.5795e+00
2.5367e+00
2.4938e+00
2.4604e+00
2.4175e+00
2.3794e+00
2.3460e+00
2.3078e+00
2.2697e+00
2.2267e+00
2.1838e+00
2.1361e+00
2.1026e+00
2.0644e+00
2.0262e+00
1.9976e+00
1.9641e+00
1.9354e+00
1.9068e+00
1.8781e+00
1.8446e+00
1.8303e+00
1.8111e+00
1.7968e+00
1.7920e+00
1.7968e+00
1.8016e+00
1.8159e+00
1.8446e+00
1.8733e+00
1.8924e+00
1.9450e+00
1.9880e+00
2.0405e+00
2.0979e+00
2.1695e+00
2.2363e+00
2.3222e+00
2.3937e+00
2.4747e+00
2.5414e+00
2.5986e+00
2.6653e+00
2.7176e+00
2.7700e+00
2.8033e+00
2.8508e+00
2.8937e+00
2.9412e+00
2.9887e+00
3.0363e+00
3.0743e+00
3.1218e+00
3.1503e+00
3.1930e+00
3.2263e+00
3.2547e+00
3.2832e+00
3.3117e+00
3.3307e+00
3.3449e+00
3.3544e+00
3.3686e+00
3.3829e+00
3.3971e+00
3.3923e+00
3.3971e+00
3.3923e+00
3.3971e+00
3.3876e+00
3.3971e+00
3.3829e+00
3.3734e+00
3.3591e+00
3.3354e+00
3.2975e+00
3.2737e+00
3.2263e+00
3.1883e+00
3.1503e+00
3.1265e+00
3.0885e+00
3.0553e+00
3.0315e+00
3.0125e+00
2.9887e+00
2.9697e+00
2.9460e+00
2.9317e+00
2.9127e+00
2.9032e+00
2.9032e+00
2.8984e+00
2.9032e+00
2.9222e+00
2.9412e+00
2.9602e+00
2.9840e+00
3.0125e+00
3.0553e+00
3.0980e+00
3.1503e+00
3.1978e+00
3.2737e+00
3.3354e+00
3.4208e+00
3.5014e+00
3.6057e+00
3.7004e+00
3.8188e+00
3.9229e+00
4.0411e+00
4.1451e+00
4.2821e+00
4.3906e+00
4.5605e+00
4.6783e+00
4.9043e+00
5.0408e+00
5.2617e+00
5.4073e+00
5.6325e+00
5.8153e+00
6.1242e+00
6.3206e+00
6.5400e+00
6.6847e+00
6.8665e+00
6.9876e+00
7.1225e+00
7.2156e+00
7.3225e+00
7.3690e+00
7.4480e+00
7.4944e+00
7.5594e+00
7.6105e+00
7.6755e+00
7.7172e+00
7.7450e+00
7.7589e+00
7.7682e+00
7.7589e+00
7.7589e+00
7.7636e+00
7.7682e+00
7.7589e+00
7.7589e+00
7.7404e+00
7.7218e+00
7.7033e+00
7.6662e+00
7.6476e+00
7.6058e+00
7.5873e+00
7.5455e+00
7.5269e+00
7.4805e+00
7.4480e+00
7.4062e+00
7.3736e+00
7.3225e+00
7.2853e+00
7.2249e+00
7.1830e+00
7.1225e+00
7.0807e+00
7.0155e+00
6.9689e+00
6.8944e+00
6.8478e+00
6.7966e+00
6.7453e+00
6.6567e+00
6.5960e+00
6.5167e+00
6.4607e+00
6.3906e+00
6.3299e+00
6.2505e+00
6.2037e+00
6.1383e+00
6.0728e+00
6.0026e+00
5.9558e+00
5.8996e+00
5.8481e+00
5.7919e+00
5.7497e+00
5.6935e+00
5.6513e+00
5.6044e+00
5.5622e+00
5.5199e+00
5.4730e+00
5.4214e+00
5.3838e+00
5.3416e+00
5.3040e+00
