3.1361e+01
3.1318e+01
3.1280e+01
3.1239e+01
3.1199e+01
3.1161e+01
3.1117e+01
3.1077e+01
3.1042e+01
3.1010e+01
3.0963e+01
3.0937e+01
3.0896e+01
3.0867e+01
3.0823e+01
3.0797e+01
3.0765e+01
3.0747e+01
3.0733e+01
3.0712e+01
3.0698e+01
3.0689e+01
3.0674e+01
3.0660e+01
3.0657e+01
3.0651e+01
3.0663e+01
3.0663e+01
3.0666e+01
3.0672e+01
3.0689e+01
3.0692e+01
3.0712e+01
3.0727e+01
3.0750e+01
3.0765e+01
3.0797e+01
3.0829e+01
3.0867e+01
3.0887e+01
3.0934e+01
3.0966e+01
3.1010e+01
3.1036e+01
3.1062e+01
3.1091e+01
3.1117e+01
3.1138e+01
3.1167e+01
3.1190e+01
3.1219e+01
3.1237e+01
3.1245e+01
3.1254e+01
3.1260e+01
3.1263e+01
3.1260e+01
3.1260e+01
3.1257e+01
3.1239e+01
3.1216e+01
3.1196e+01
3.1184e+01
3.1164e+01
3.1135e+01
3.1106e+01
3.1079e+01
3.1050e+01
3.1015e+01
3.0989e+01
3.0960e+01
3.0925e+01
3.0887e+01
3.0841e+01
3.0794e+01
3.0759e+01
3.0701e+01
3.0657e+01
3.0610e+01
3.0564e+01
3.0517e+01
3.0479e+01
3.0447e+01
3.0412e+01
3.0382e+01
3.0350e+01
3.0318e+01
3.0298e+01
3.0277e+01
3.0257e+01
3.0245e+01
3.0227e+01
3.0224e+01
3.0219e+01
3.0216e+01
3.0210e+01
3.0219e+01
3.0222e+01
3.0233e+01
3.0236e+01
3.0248e+01
3.0254e+01
3.0271e+01
3.0274e+01
3.0274e+01
3.0286e+01
3.0286e+01
3.0298e+01
3.0289e+01
3.0301e+01
3.0309e+01
3.0339e+01
3.0350e+01
3.0371e+01
3.0391e+01
3.0406e+01
3.0423e+01
3.0447e+01
3.0461e+01
3.0476e+01
3.0485e+01
3.0499e+01
3.0502e+01
3.0511e+01
3.0523e+01
3.0514e+01
3.0508e+01
3.0493e+01
3.0488e+01
3.0470e+01
3.0461e+01
3.0444e+01
3.0429e+01
3.0412e+01
3.0382e+01
3.0356e+01
3.0321e+01
3.0292e+01
3.0268e+01
3.0254e+01
3.0230e+01
3.0213e+01
3.0201e+01
3.0183e+01
3.0181e+01
3.0172e+01
3.0172e+01
3.0169e+01
3.0175e+01
3.0175e+01
3.0181e+01
3.0183e+01
3.0198e+01
3.0201e+01
3.0213e+01
3.0213e+01
3.0222e+01
3.0224e+01
3.0227e+01
3.0230e+01
3.0230e+01
3.0224e+01
3.0222e+01
3.0219e+01
3.0210e+01
3.0186e+01
3.0163e+01
3.0145e+01
3.0131e+01
3.0119e+01
3.0104e+01
3.0084e+01
3.0063e+01
3.0040e+01
3.0028e+01
3.0005e+01
2.9987e+01
2.9958e+01
2.9937e+01
2.9905e+01
2.9885e+01
2.9861e+01
2.9838e+01
2.9820e+01
2.9805e+01
2.9788e+01
2.9767e+01
2.9761e+01
2.9735e+01
2.9720e+01
2.9711e+01
2.9697e+01
2.9682e+01
2.9656e+01
2.9638e+01
2.9626e+01
2.9594e+01
2.9579e+01
2.9553e+01
2.9529e+01
2.9506e+01
2.9491e+01
2.9476e+01
2.9456e+01
2.9429e+01
2.9409e+01
2.9379e+01
2.9356e+01
2.9338e+01
2.9306e+01
2.9285e+01
2.9259e+01
2.9232e+01
2.9197e+01
2.9167e+01
2.9135e+01
2.9123e+01
2.9091e+01
2.9049e+01
2.9011e+01
2.8982e+01
2.8952e+01
2.8914e+01
2.8869e+01
2.8828e+01
2.8796e+01
2.8760e+01
2.8719e+01
2.8669e+01
2.8627e+01
2.8580e+01
2.8538e+01
2.8503e+01
2.8470e+01
2.8429e+01
2.8396e+01
2.8367e+01
2.8334e+01
2.8310e+01
2.8290e+01
2.8263e+01
2.8239e+01
2.8222e+01
2.8210e+01
2.8204e+01
2.8180e+01
2.8165e+01
2.8147e+01
2.8133e+01
2.8115e+01
2.8103e+01
2.8085e+01
2.8067e+01
2.8046e+01
2.8026e+01
2.7996e+01
2.7972e+01
2.7949e+01
2.7928e+01
2.7898e+01
2.7877e+01
2.7839e+01
2.7806e+01
2.7776e+01
2.7732e+01
2.7693e+01
2.7663e+01
2.7627e+01
2.7592e+01
2.7562e+01
2.7529e+01
2.7502e+01
2.7482e+01
2.7458e+01
2.7434e+01
2.7407e+01
2.7392e+01
2.7371e+01
2.7350e+01
2.7335e+01
2.7321e+01
2.7300e+01
2.7276e+01
2.7255e+01
2.7237e+01
2.7219e+01
2.7195e+01
2.7171e+01
2.7148e+01
2.7121e+01
2.7094e+01
2.7067e+01
2.7046e+01
2.7016e+01
2.6992e+01
2.6962e+01
2.6932e+01
2.6908e+01
2.6876e+01
2.6858e+01
2.6825e+01
2.6804e+01
2.6783e+01
2.6771e+01
2.6762e+01
2.6744e+01
2.6732e+01
2.6726e+01
2.6714e+01
2.6699e+01
2.6678e+01
2.6669e+01
2.6663e+01
2.6645e+01
2.6630e+01
2.6609e+01
2.6600e+01
2.6579e+01
2.6561e+01
2.6540e+01
2.6516e+01
2.6486e+01
2.6483e+01
2.6456e+01
2.6441e+01
2.6417e+01
2.6405e+01
2.6387e+01
2.6375e+01
2.6354e+01
2.6330e+01
2.6315e+01
2.6300e+01
2.6276e+01
2.6270e+01
2.6258e+01
2.6258e+01
2.6237e+01
2.6234e+01
2.6219e+01
2.6204e+01
2.6189e+01
2.6183e+01
2.6174e+01
2.6171e+01
2.6171e+01
2.6165e+01
2.6147e+01
2.6141e+01
2.6135e+01
2.6129e+01
2.6120e+01
2.6111e+01
2.6099e+01
2.6093e+01
2.6078e+01
2.6072e+01
2.6063e+01
2.6048e+01
2.6033e+01
2.6000e+01
2.5991e+01
2.5967e+01
2.5958e+01
2.5940e+01
2.5931e+01
2.5907e+01
2.5888e+01
2.5873e+01
2.5855e+01
2.5825e+01
2.5807e+01
2.5780e+01
2.5762e+01
2.5735e+01
2.5717e+01
2.5687e+01
2.5660e+01
2.5623e+01
2.5605e+01
2.5575e+01
2.5542e+01
2.5515e+01
2.5488e+01
2.5461e+01
2.5427e+01
2.5400e+01
2.5370e+01
2.5343e+01
2.5313e+01
2.5285e+01
2.5261e+01
2.5225e+01
2.5195e+01
2.5164e+01
2.5134e+01
2.5107e+01
2.5074e+01
2.5046e+01
2.5019e+01
2.4986e+01
2.4950e+01
2.4925e+01
2.4895e+01
2.4862e+01
2.4831e+01
2.4807e+01
2.4783e+01
2.4756e+01
2.4719e+01
2.4692e+01
2.4662e+01
2.4625e+01
2.4595e+01
2.4571e+01
2.4540e+01
2.4510e+01
2.4483e+01
2.4449e+01
2.4419e+01
2.4388e+01
2.4361e+01
2.4322e+01
2.4294e+01
2.4242e+01
2.4209e+01
2.4169e+01
2.4139e+01
2.4102e+01
2.4072e+01
2.4051e+01
2.4020e+01
2.3996e+01
2.3965e+01
2.3941e+01
2.3923e+01
2.3911e+01
2.3886e+01
2.3877e+01
2.3868e+01
2.3862e+01
2.3859e+01
2.3862e+01
2.3868e+01
2.3880e+01
2.3892e+01
2.3914e+01
2.3932e+01
2.3956e+01
2.3975e+01
2.4002e+01
2.4023e+01
2.4042e+01
2.4063e+01
2.4075e+01
2.4102e+01
2.4118e+01
2.4136e+01
2.4145e+01
2.4154e+01
2.4166e+01
2.4166e+01
2.4169e+01
2.4160e+01
2.4148e+01
2.4133e+01
2.4121e+01
2.4102e+01
2.4087e+01
2.4063e+01
2.4048e+01
2.4020e+01
2.3996e+01
2.3971e+01
2.3944e+01
2.3911e+01
2.3880e+01
2.3847e+01
2.3816e+01
2.3782e+01
2.3749e+01
2.3718e+01
2.3682e+01
2.3642e+01
2.3590e+01
2.3557e+01
2.3511e+01
2.3480e+01
2.3434e+01
2.3401e+01
2.3358e+01
2.3327e+01
2.3287e+01
2.3257e+01
2.3220e+01
2.3193e+01
2.3162e+01
2.3137e+01
2.3110e+01
2.3085e+01
2.3058e+01
2.3036e+01
2.3009e+01
2.2990e+01
2.2969e+01
2.2953e+01
2.2932e+01
2.2920e+01
2.2904e+01
2.2886e+01
2.2871e+01
2.2858e+01
2.2840e+01
2.2825e+01
2.2797e+01
2.2779e+01
2.2748e+01
2.2729e+01
2.2702e+01
2.2693e+01
2.2665e+01
2.2646e+01
2.2631e+01
2.2610e+01
2.2582e+01
2.2560e+01
2.2536e+01
2.2514e+01
2.2493e+01
2.2468e+01
2.2440e+01
2.2419e+01
2.2391e+01
2.2367e+01
2.2345e+01
2.2317e+01
2.2287e+01
2.2265e+01
2.2234e+01
2.2206e+01
2.2179e+01
2.2154e+01
2.2132e+01
2.2105e+01
2.2077e+01
2.2043e+01
2.2003e+01
2.1984e+01
2.1957e+01
2.1935e+01
2.1910e+01
2.1889e+01
2.1879e+01
2.1867e+01
2.1849e+01
2.1842e+01
2.1824e+01
2.1805e+01
2.1796e+01
2.1793e+01
2.1787e+01
2.1771e+01
2.1762e+01
2.1747e+01
2.1734e+01
2.1716e+01
2.1694e+01
2.1679e+01
2.1660e+01
2.1638e+01
2.1623e+01
2.1595e+01
2.1573e+01
2.1558e+01
2.1539e+01
2.1508e+01
2.1484e+01
2.1459e+01
2.1416e+01
2.1388e+01
2.1360e+01
2.1335e+01
2.1301e+01
2.1270e+01
2.1239e+01
2.1211e+01
2.1177e+01
2.1149e+01
2.1121e+01
2.1093e+01
2.1059e+01
2.1031e+01
2.1000e+01
2.0960e+01
2.0925e+01
2.0901e+01
2.0873e+01
2.0841e+01
2.0807e+01
2.0773e+01
2.0739e+01
2.0714e+01
2.0683e+01
2.0655e+01
2.0624e+01
2.0589e+01
2.0555e+01
2.0533e+01
2.0496e+01
2.0465e+01
2.0421e+01
2.0396e+01
2.0359e+01
2.0325e+01
2.0290e+01
2.0262e+01
2.0231e+01
2.0209e+01
2.0178e+01
2.0153e+01
2.0119e+01
2.0087e+01
2.0066e+01
2.0041e+01
2.0009e+01
1.9981e+01
1.9956e+01
1.9928e+01
1.9894e+01
1.9869e+01
1.9837e+01
1.9812e+01
1.9790e+01
1.9765e+01
1.9740e+01
1.9722e+01
1.9693e+01
1.9662e+01
1.9637e+01
1.9615e+01
1.9587e+01
1.9565e+01
1.9534e+01
1.9512e+01
1.9474e+01
1.9443e+01
1.9418e+01
1.9396e+01
1.9367e+01
1.9349e+01
1.9320e+01
1.9298e+01
1.9276e+01
1.9251e+01
1.9232e+01
1.9217e+01
1.9195e+01
1.9173e+01
1.9148e+01
1.9126e+01
1.9104e+01
1.9078e+01
1.9053e+01
1.9028e+01
1.9003e+01
1.8978e+01
1.8959e+01
1.8940e+01
1.8918e+01
1.8896e+01
1.8871e+01
1.8852e+01
1.8833e+01
1.8811e+01
1.8783e+01
1.8761e+01
1.8723e+01
1.8698e+01
1.8669e+01
1.8644e+01
1.8616e+01
1.8594e+01
1.8568e+01
1.8553e+01
1.8531e+01
1.8515e+01
1.8490e+01
1.8471e+01
1.8452e+01
1.8426e+01
1.8404e+01
1.8389e+01
1.8373e+01
1.8354e+01
1.8332e+01
1.8313e+01
1.8297e+01
1.8278e+01
1.8253e+01
1.8234e+01
1.8221e+01
1.8202e+01
1.8190e+01
1.8174e+01
1.8158e+01
1.8145e+01
1.8129e+01
1.8117e+01
1.8104e+01
1.8088e+01
1.8073e+01
1.8076e+01
1.8076e+01
1.8069e+01
1.8066e+01
1.8069e+01
1.8073e+01
1.8079e+01
1.8082e+01
1.8088e+01
1.8088e+01
1.8088e+01
1.8095e+01
1.8092e+01
1.8092e+01
1.8098e+01
1.8095e+01
1.8095e+01
1.8098e+01
1.8095e+01
1.8095e+01
1.8095e+01
1.8095e+01
1.8088e+01
1.8088e+01
1.8088e+01
1.8085e+01
1.8082e+01
1.8073e+01
1.8069e+01
1.8063e+01
1.8063e+01
1.8054e+01
1.8050e+01
1.8047e+01
1.8035e+01
1.8025e+01
1.8012e+01
1.8003e+01
1.7993e+01
1.7981e+01
1.7959e+01
1.7943e+01
1.7924e+01
1.7902e+01
1.7879e+01
1.7854e+01
1.7832e+01
1.7813e+01
1.7794e+01
1.7756e+01
1.7737e+01
1.7718e+01
1.7689e+01
1.7661e+01
1.7635e+01
1.7607e+01
1.7585e+01
1.7553e+01
1.7528e+01
1.7493e+01
1.7458e+01
1.7420e+01
1.7397e+01
1.7369e+01
1.7340e+01
1.7308e+01
1.7286e+01
1.7257e+01
1.7229e+01
1.7200e+01
1.7168e+01
1.7140e+01
1.7124e+01
1.7102e+01
1.7073e+01
1.7044e+01
1.7019e+01
1.6990e+01
1.6968e+01
1.6942e+01
1.6917e+01
1.6888e+01
1.6860e+01
1.6831e+01
1.6809e+01
1.6780e+01
1.6761e+01
1.6732e+01
1.6706e+01
1.6684e+01
1.6662e+01
1.6633e+01
1.6608e+01
1.6576e+01
1.6547e+01
1.6518e+01
1.6493e+01
1.6467e+01
1.6445e+01
1.6413e+01
1.6393e+01
1.6371e+01
1.6349e+01
1.6323e+01
1.6304e+01
1.6282e+01
1.6259e+01
1.6240e+01
1.6221e+01
1.6205e+01
1.6186e+01
1.6163e+01
1.6150e+01
1.6134e+01
1.6118e+01
1.6099e+01
1.6086e+01
1.6077e+01
1.6070e+01
1.6061e+01
1.6051e+01
1.6045e+01
1.6041e+01
1.6035e+01
1.6025e+01
1.6016e+01
1.6006e+01
1.5990e+01
1.5987e+01
1.5981e+01
1.5974e+01
1.5961e+01
1.5958e+01
1.5958e+01
1.5945e+01
1.5948e+01
1.5942e+01
1.5929e+01
1.5923e+01
1.5920e+01
1.5913e+01
1.5907e+01
1.5900e+01
1.5897e+01
1.5884e+01
1.5881e+01
1.5872e+01
1.5878e+01
1.5875e+01
1.5894e+01
1.5913e+01
1.5932e+01
1.5932e+01
1.5942e+01
1.5942e+01
1.5942e+01
1.5926e+01
1.5923e+01
1.5907e+01
1.5910e+01
1.5904e+01
1.5907e+01
1.5897e+01
1.5897e+01
1.5888e+01
1.5878e+01
1.5868e+01
1.5868e+01
1.5862e+01
1.5862e+01
1.5855e+01
1.5849e+01
1.5843e+01
1.5846e+01
1.5836e+01
1.5827e+01
1.5814e+01
1.5807e+01
1.5798e+01
1.5791e+01
1.5782e+01
1.5778e+01
1.5778e+01
1.5769e+01
1.5750e+01
1.5737e+01
1.5721e+01
1.5711e+01
1.5698e+01
1.5679e+01
1.5653e+01
1.5618e+01
1.5592e+01
1.5567e+01
1.5547e+01
1.5522e+01
1.5496e+01
1.5473e+01
1.5451e+01
1.5422e+01
1.5396e+01
1.5370e+01
1.5338e+01
1.5309e+01
1.5284e+01
1.5255e+01
1.5232e+01
1.5200e+01
1.5164e+01
1.5142e+01
1.5113e+01
1.5074e+01
1.5045e+01
1.5019e+01
1.4990e+01
1.4961e+01
1.4932e+01
1.4900e+01
1.4874e+01
1.4848e+01
1.4823e+01
1.4787e+01
1.4758e+01
1.4716e+01
1.4687e+01
1.4651e+01
1.4629e+01
1.4593e+01
1.4567e+01
1.4541e+01
1.4516e+01
1.4486e+01
1.4461e+01
1.4438e+01
1.4412e+01
1.4393e+01
1.4370e+01
1.4347e+01
1.4321e+01
1.4286e+01
1.4266e+01
1.4253e+01
1.4231e+01
1.4205e+01
1.4176e+01
1.4153e+01
1.4140e+01
1.4117e+01
1.4091e+01
1.4072e+01
1.4052e+01
1.4023e+01
1.4000e+01
1.3981e+01
1.3952e+01
1.3919e+01
1.3893e+01
1.3864e+01
1.3841e+01
1.3822e+01
1.3802e+01
1.3776e+01
1.3757e+01
1.3737e+01
1.3715e+01
1.3689e+01
1.3669e+01
1.3656e+01
1.3633e+01
1.3611e+01
1.3594e+01
1.3578e+01
1.3559e+01
1.3542e+01
1.3516e+01
1.3500e+01
1.3487e+01
1.3461e+01
1.3448e+01
1.3435e+01
1.3409e+01
1.3389e+01
1.3379e+01
1.3360e+01
1.3337e+01
1.3311e+01
1.3292e+01
1.3256e+01
1.3236e+01
1.3217e+01
1.3197e+01
1.3177e+01
1.3158e+01
1.3142e+01
1.3125e+01
1.3102e+01
1.3083e+01
1.3063e+01
1.3044e+01
1.3027e+01
1.3011e+01
1.2991e+01
1.2972e+01
1.2949e+01
1.2933e+01
1.2920e+01
1.2900e+01
1.2877e+01
1.2861e+01
1.2841e+01
1.2822e+01
1.2808e+01
1.2789e+01
1.2776e+01
1.2756e+01
1.2736e+01
1.2723e+01
1.2701e+01
1.2678e+01
1.2651e+01
1.2622e+01
1.2596e+01
1.2576e+01
1.2553e+01
1.2524e+01
1.2504e+01
1.2475e+01
1.2458e+01
1.2439e+01
1.2416e+01
1.2396e+01
1.2376e+01
1.2367e+01
1.2350e+01
1.2340e+01
1.2327e+01
1.2324e+01
1.2314e+01
1.2301e+01
1.2294e+01
1.2294e+01
1.2285e+01
1.2281e+01
1.2271e+01
1.2268e+01
1.2265e+01
1.2258e+01
1.2245e+01
1.2239e+01
1.2226e+01
1.2212e+01
1.2196e+01
1.2180e+01
1.2163e+01
1.2157e+01
1.2140e+01
1.2134e+01
1.2124e+01
1.2107e+01
1.2098e+01
1.2084e+01
1.2071e+01
1.2052e+01
1.2038e+01
1.2019e+01
1.2002e+01
1.1989e+01
1.1973e+01
1.1960e+01
1.1946e+01
1.1917e+01
1.1894e+01
1.1881e+01
1.1864e+01
1.1841e+01
1.1821e+01
1.1798e+01
1.1779e+01
1.1762e+01
1.1743e+01
1.1713e+01
1.1683e+01
1.1660e+01
1.1637e+01
1.1608e+01
1.1588e+01
1.1565e+01
1.1538e+01
1.1519e+01
1.1502e+01
1.1482e+01
1.1459e+01
1.1436e+01
1.1420e+01
1.1400e+01
1.1380e+01
1.1360e+01
1.1337e+01
1.1311e+01
1.1298e+01
1.1271e+01
1.1252e+01
1.1232e+01
1.1209e+01
1.1189e+01
1.1172e+01
1.1152e+01
1.1139e+01
1.1113e+01
1.1090e+01
1.1070e+01
1.1047e+01
1.1024e+01
1.0994e+01
1.0967e+01
1.0941e+01
1.0918e+01
1.0898e+01
1.0878e+01
1.0855e+01
1.0835e+01
1.0822e+01
1.0799e+01
1.0776e+01
1.0756e+01
1.0729e+01
1.0706e+01
1.0676e+01
1.0660e+01
1.0640e+01
1.0617e+01
1.0590e+01
1.0570e+01
1.0550e+01
1.0534e+01
1.0520e+01
1.0497e+01
1.0474e+01
1.0454e+01
1.0441e+01
1.0431e+01
1.0414e+01
1.0398e+01
1.0381e+01
1.0368e+01
1.0358e+01
1.0358e+01
1.0355e+01
1.0351e+01
1.0348e+01
1.0345e+01
1.0341e+01
1.0341e+01
1.0345e+01
1.0338e+01
1.0341e+01
1.0338e+01
1.0335e+01
1.0335e+01
1.0331e+01
1.0328e+01
1.0328e+01
1.0325e+01
1.0315e+01
1.0308e+01
1.0302e+01
1.0292e+01
1.0285e+01
1.0275e+01
1.0268e+01
1.0255e+01
1.0245e+01
1.0232e+01
1.0215e+01
1.0199e+01
1.0172e+01
1.0142e+01
1.0125e+01
1.0106e+01
1.0082e+01
1.0062e+01
1.0039e+01
1.0019e+01
1.0002e+01
9.9792e+00
9.9559e+00
9.9259e+00
9.9060e+00
9.8860e+00
9.8627e+00
9.8427e+00
9.8194e+00
9.7995e+00
9.7795e+00
9.7528e+00
9.7295e+00
9.7128e+00
9.6895e+00
9.6729e+00
9.6529e+00
9.6262e+00
9.6062e+00
9.5895e+00
9.5662e+00
9.5462e+00
9.5295e+00
9.5028e+00
9.4661e+00
9.4428e+00
9.4194e+00
9.3960e+00
9.3727e+00
9.3459e+00
9.3192e+00
9.2925e+00
9.2691e+00
9.2424e+00
9.2190e+00
9.1989e+00
9.1755e+00
9.1488e+00
9.1221e+00
9.0953e+00
9.0685e+00
9.0485e+00
9.0251e+00
8.9983e+00
8.9782e+00
8.9514e+00
8.9247e+00
8.8945e+00
8.8778e+00
8.8510e+00
8.8275e+00
8.8041e+00
8.7873e+00
8.7572e+00
8.7337e+00
8.7102e+00
8.6834e+00
8.6532e+00
8.6331e+00
8.6096e+00
8.5929e+00
8.5593e+00
8.5392e+00
8.5191e+00
8.5056e+00
8.4754e+00
8.4553e+00
8.4284e+00
8.4116e+00
8.3948e+00
8.3747e+00
8.3411e+00
8.3209e+00
8.3008e+00
8.2806e+00
8.2503e+00
8.2335e+00
8.2134e+00
8.1898e+00
8.1629e+00
8.1427e+00
8.1158e+00
8.0855e+00
8.0620e+00
8.0451e+00
8.0250e+00
8.0014e+00
7.9778e+00
7.9475e+00
7.9206e+00
7.8902e+00
7.8565e+00
7.8330e+00
7.8127e+00
7.7790e+00
7.7554e+00
7.7386e+00
7.7082e+00
7.6812e+00
7.6576e+00
7.6306e+00
7.6070e+00
7.5800e+00
7.5496e+00
7.5327e+00
7.5158e+00
7.4888e+00
7.4652e+00
7.4382e+00
7.4111e+00
7.3875e+00
7.3604e+00
7.3402e+00
7.3165e+00
7.2894e+00
7.2692e+00
7.2455e+00
7.2218e+00
7.1981e+00
7.1778e+00
7.1541e+00
7.1304e+00
7.0932e+00
7.0695e+00
7.0458e+00
7.0187e+00
6.9916e+00
6.9747e+00
6.9543e+00
6.9340e+00
6.9171e+00
6.9001e+00
6.8764e+00
6.8594e+00
6.8357e+00
6.8188e+00
6.8018e+00
6.7848e+00
6.7645e+00
6.7374e+00
6.7068e+00
6.6831e+00
6.6559e+00
6.6355e+00
6.6084e+00
6.5812e+00
6.5506e+00
6.5201e+00
6.4963e+00
6.4725e+00
6.4487e+00
6.4181e+00
6.3909e+00
6.3637e+00
6.3263e+00
6.2991e+00
6.2685e+00
6.2447e+00
6.2140e+00
6.2004e+00
6.1834e+00
6.1596e+00
6.1425e+00
6.1255e+00
6.1085e+00
6.0983e+00
6.0846e+00
6.0710e+00
6.0540e+00
6.0472e+00
6.0370e+00
6.0233e+00
6.0233e+00
6.0131e+00
6.0029e+00
5.9961e+00
5.9892e+00
5.9790e+00
5.9722e+00
5.9654e+00
5.9620e+00
5.9518e+00
5.9415e+00
5.9313e+00
5.9177e+00
5.9040e+00
5.8836e+00
5.8767e+00
5.8699e+00
5.8529e+00
5.8392e+00
5.8290e+00
5.8187e+00
5.7983e+00
5.7846e+00
5.7642e+00
5.7505e+00
5.7403e+00
5.7300e+00
5.7095e+00
5.6925e+00
5.6788e+00
5.6651e+00
5.6481e+00
5.6344e+00
5.6207e+00
5.6037e+00
5.5900e+00
5.5729e+00
5.5558e+00
5.5353e+00
5.5114e+00
5.4943e+00
5.4772e+00
5.4533e+00
5.4396e+00
5.4123e+00
5.3917e+00
5.3644e+00
5.3404e+00
5.3199e+00
5.2959e+00
5.2788e+00
5.2617e+00
5.2377e+00
5.2138e+00
5.1932e+00
5.1761e+00
5.1624e+00
5.1418e+00
5.1281e+00
5.1110e+00
5.0939e+00
5.0802e+00
5.0767e+00
5.0733e+00
5.0630e+00
5.0596e+00
5.0596e+00
5.0493e+00
5.0459e+00
5.0493e+00
5.0527e+00
5.0527e+00
5.0562e+00
5.0562e+00
5.0562e+00
5.0596e+00
5.0527e+00
5.0527e+00
5.0527e+00
5.0562e+00
5.0527e+00
5.0596e+00
5.0665e+00
5.0767e+00
5.0836e+00
5.0870e+00
5.0904e+00
5.0973e+00
5.1007e+00
5.1042e+00
5.1042e+00
5.1076e+00
5.1042e+00
5.1110e+00
5.1042e+00
5.1007e+00
5.1007e+00
5.1007e+00
5.0973e+00
5.0939e+00
5.0904e+00
5.0939e+00
5.0939e+00
5.0904e+00
5.0904e+00
5.0870e+00
5.0699e+00
5.0630e+00
5.0493e+00
5.0459e+00
5.0356e+00
5.0253e+00
5.0150e+00
4.9979e+00
4.9876e+00
4.9739e+00
4.9636e+00
4.9499e+00
4.9327e+00
4.9225e+00
4.9156e+00
4.9053e+00
4.8916e+00
4.8881e+00
4.8847e+00
4.8779e+00
4.8744e+00
4.8744e+00
4.8710e+00
4.8744e+00
4.8813e+00
4.8847e+00
4.8916e+00
4.8984e+00
4.9087e+00
4.9122e+00
4.9259e+00
4.9293e+00
4.9293e+00
4.9362e+00
4.9396e+00
4.9430e+00
4.9430e+00
4.9499e+00
4.9499e+00
4.9602e+00
4.9636e+00
4.9670e+00
4.9773e+00
4.9910e+00
5.0013e+00
5.0185e+00
5.0288e+00
5.0493e+00
5.0665e+00
5.0870e+00
5.0973e+00
5.1213e+00
5.1384e+00
5.1521e+00
5.1727e+00
5.1898e+00
5.2035e+00
5.2138e+00
5.2240e+00
5.2309e+00
5.2412e+00
5.2480e+00
5.2480e+00
5.2549e+00
5.2549e+00
5.2514e+00
5.2446e+00
5.2480e+00
5.2446e+00
5.2412e+00
5.2343e+00
5.2309e+00
5.2172e+00
5.2138e+00
5.2069e+00
5.1932e+00
5.1864e+00
5.1761e+00
5.1658e+00
5.1555e+00
5.1418e+00
5.1384e+00
5.1281e+00
5.1144e+00
5.1007e+00
5.0904e+00
5.0836e+00
5.0733e+00
5.0596e+00
5.0390e+00
5.0185e+00
4.9945e+00
4.9670e+00
4.9430e+00
4.9122e+00
4.8847e+00
4.8504e+00
4.8195e+00
4.7921e+00
4.7612e+00
4.7371e+00
4.7096e+00
4.6822e+00
4.6547e+00
4.6272e+00
4.5963e+00
4.5756e+00
4.5516e+00
4.5206e+00
4.4931e+00
4.4725e+00
4.4587e+00
4.4346e+00
4.4243e+00
4.4174e+00
4.4174e+00
4.4071e+00
4.4106e+00
4.3968e+00
4.4002e+00
4.3830e+00
4.3727e+00
4.3555e+00
4.3486e+00
4.3417e+00
4.3383e+00
4.3348e+00
4.3383e+00
4.3348e+00
4.3383e+00
4.3486e+00
4.3520e+00
4.3624e+00
4.3658e+00
4.3865e+00
4.4002e+00
4.4209e+00
4.4381e+00
4.4518e+00
4.4690e+00
4.4828e+00
4.5000e+00
4.5206e+00
4.5413e+00
4.5653e+00
4.5859e+00
4.6100e+00
4.6444e+00
4.6719e+00
4.7028e+00
4.7371e+00
4.7783e+00
4.8161e+00
4.8641e+00
4.9190e+00
4.9670e+00
5.0288e+00
5.0904e+00
5.1487e+00
5.2103e+00
5.2925e+00
5.3678e+00
5.4465e+00
5.5148e+00
5.5729e+00
5.6276e+00
5.6856e+00
5.7232e+00
5.7437e+00
5.7573e+00
5.7642e+00
5.7642e+00
5.7539e+00
5.7437e+00
5.7300e+00
5.7198e+00
5.6925e+00
5.6720e+00
5.6344e+00
5.6242e+00
5.5934e+00
5.5661e+00
5.5456e+00
5.5148e+00
5.4875e+00
5.4567e+00
5.4294e+00
5.4020e+00
5.3712e+00
5.3370e+00
5.3028e+00
5.2651e+00
5.2240e+00
5.1829e+00
5.1453e+00
5.1110e+00
5.0802e+00
5.0390e+00
5.0048e+00
4.9705e+00
4.9327e+00
4.8950e+00
4.8779e+00
4.8504e+00
4.8367e+00
4.8161e+00
4.8092e+00
4.8092e+00
4.8161e+00
4.8264e+00
4.8435e+00
4.8641e+00
4.8847e+00
4.9053e+00
4.9396e+00
4.9670e+00
4.9979e+00
5.0288e+00
5.0733e+00
5.1144e+00
5.1521e+00
5.1898e+00
5.2377e+00
5.2891e+00
5.3370e+00
5.3815e+00
5.4396e+00
5.4841e+00
5.5422e+00
5.5798e+00
5.6378e+00
5.6788e+00
5.7403e+00
5.7710e+00
5.8256e+00
5.8665e+00
5.9245e+00
5.9449e+00
5.9858e+00
6.0063e+00
6.0472e+00
6.0744e+00
6.1017e+00
6.1187e+00
6.1494e+00
6.1528e+00
6.1868e+00
6.1868e+00
6.1936e+00
6.1868e+00
6.1936e+00
6.1970e+00
6.2140e+00
6.2140e+00
6.2208e+00
6.2140e+00
6.2174e+00
6.2106e+00
6.2038e+00
6.2004e+00
6.1970e+00
6.1970e+00
6.2004e+00
6.1936e+00
6.2072e+00
6.2072e+00
6.2276e+00
6.2345e+00
6.2413e+00
6.2447e+00
6.2481e+00
6.2413e+00
6.2413e+00
6.2276e+00
6.2208e+00
6.2004e+00
6.1868e+00
6.1664e+00
6.1494e+00
6.1289e+00
6.1051e+00
6.0881e+00
6.0642e+00
6.0335e+00
6.0063e+00
5.9790e+00
5.9415e+00
5.9006e+00
5.8665e+00
5.8324e+00
5.7915e+00
5.7573e+00
5.7095e+00
5.6617e+00
5.6173e+00
5.5661e+00
5.5012e+00
5.4465e+00
5.3780e+00
5.3301e+00
5.2685e+00
5.2206e+00
5.1555e+00
5.1042e+00
5.0390e+00
4.9842e+00
4.9190e+00
4.8607e+00
4.7955e+00
4.7405e+00
4.6787e+00
4.6169e+00
4.5516e+00
4.5000e+00
4.4278e+00
4.3727e+00
4.3107e+00
4.2556e+00
4.1936e+00
4.1385e+00
4.0833e+00
4.0247e+00
3.9730e+00
3.9212e+00
3.8626e+00
3.8211e+00
3.7693e+00
3.7140e+00
3.6518e+00
3.6000e+00
3.5377e+00
3.5031e+00
3.4512e+00
3.4201e+00
3.3681e+00
3.3335e+00
3.2885e+00
3.2469e+00
3.2053e+00
3.1637e+00
3.1187e+00
3.0770e+00
3.0458e+00
2.9972e+00
2.9591e+00
2.9209e+00
2.8827e+00
2.8375e+00
2.7958e+00
2.7646e+00
2.7368e+00
2.6985e+00
2.6638e+00
2.6290e+00
2.5942e+00
2.5664e+00
2.5316e+00
2.4898e+00
2.4446e+00
2.4167e+00
2.3854e+00
2.3645e+00
2.3227e+00
2.2948e+00
2.2564e+00
2.2355e+00
2.1972e+00
2.1797e+00
2.1553e+00
2.1309e+00
2.1030e+00
2.0821e+00
2.0541e+00
2.0262e+00
2.0088e+00
1.9878e+00
1.9669e+00
1.9459e+00
1.9250e+00
1.9040e+00
1.8865e+00
1.8656e+00
1.8481e+00
1.8271e+00
1.7957e+00
1.7747e+00
1.7363e+00
1.7118e+00
1.6908e+00
1.6628e+00
1.6418e+00
1.6243e+00
1.6068e+00
1.5858e+00
1.5543e+00
1.5333e+00
1.5053e+00
1.4808e+00
1.4633e+00
1.4668e+00
1.4423e+00
1.4283e+00
1.3968e+00
1.3687e+00
1.3442e+00
1.3197e+00
1.2881e+00
1.2565e+00
1.2320e+00
1.2074e+00
1.1864e+00
1.1583e+00
1.1303e+00
1.0987e+00
1.0495e+00
1.0074e+00
9.7227e-01
9.3363e-01
8.9498e-01
8.6335e-01
8.2820e-01
7.9304e-01
7.6491e-01
7.4732e-01
7.0863e-01
6.7696e-01
6.4529e-01
6.2065e-01
5.8545e-01
5.5024e-01
5.1854e-01
4.9036e-01
4.5866e-01
4.2694e-01
4.0227e-01
3.7055e-01
3.3882e-01
3.0709e-01
2.8240e-01
2.4713e-01
2.1537e-01
1.9420e-01
1.6597e-01
1.4126e-01
9.8894e-02
6.7113e-02
3.5326e-02
0000
