8.4731e+00
8.4549e+00
8.4184e+00
8.4002e+00
8.3637e+00
8.3515e+00
8.3150e+00
8.3029e+00
8.2664e+00
8.2481e+00
8.2177e+00
8.1995e+00
8.1629e+00
8.1508e+00
8.1203e+00
8.1021e+00
8.0838e+00
8.0777e+00
8.0534e+00
8.0595e+00
8.0412e+00
8.0290e+00
8.0108e+00
8.0168e+00
8.0229e+00
8.0168e+00
8.0108e+00
8.0229e+00
8.0290e+00
8.0412e+00
8.0534e+00
8.0777e+00
8.0899e+00
8.1325e+00
8.1508e+00
8.1995e+00
8.2116e+00
8.2420e+00
8.2725e+00
8.3272e+00
8.3637e+00
8.4184e+00
8.4670e+00
8.5339e+00
8.5885e+00
8.6675e+00
8.7221e+00
8.8010e+00
8.8617e+00
8.9345e+00
8.9830e+00
9.0618e+00
9.1103e+00
9.1830e+00
9.2254e+00
9.3041e+00
9.3465e+00
9.4070e+00
9.4554e+00
9.5159e+00
9.5582e+00
9.6005e+00
9.6368e+00
9.6610e+00
9.6852e+00
9.7093e+00
9.7214e+00
9.7395e+00
9.7516e+00
9.7637e+00
9.7758e+00
9.7939e+00
9.8060e+00
9.8000e+00
9.8060e+00
9.8000e+00
9.8060e+00
9.8120e+00
9.8181e+00
9.8120e+00
9.8241e+00
9.8302e+00
9.8422e+00
9.8483e+00
9.8724e+00
9.8785e+00
9.8966e+00
9.9147e+00
9.9449e+00
9.9630e+00
9.9932e+00
1.0029e+01
1.0078e+01
1.0120e+01
1.0192e+01
1.0240e+01
1.0331e+01
1.0403e+01
1.0506e+01
1.0596e+01
1.0734e+01
1.0855e+01
1.1035e+01
1.1197e+01
1.1419e+01
1.1623e+01
1.1904e+01
1.2203e+01
1.2591e+01
1.3008e+01
1.3430e+01
1.3733e+01
1.4059e+01
1.4266e+01
1.4503e+01
1.4633e+01
1.4804e+01
1.4916e+01
1.5052e+01
1.5105e+01
1.5217e+01
1.5264e+01
1.5359e+01
1.5400e+01
1.5459e+01
1.5488e+01
1.5523e+01
1.5535e+01
1.5576e+01
1.5582e+01
1.5623e+01
1.5659e+01
1.5700e+01
1.5723e+01
1.5770e+01
1.5788e+01
1.5823e+01
1.5835e+01
1.5882e+01
1.5888e+01
1.5929e+01
1.5929e+01
1.5952e+01
1.5935e+01
1.5958e+01
1.5952e+01
1.5952e+01
1.5947e+01
1.5929e+01
1.5911e+01
1.5894e+01
1.5894e+01
1.5888e+01
1.5882e+01
1.5870e+01
1.5876e+01
1.5858e+01
1.5829e+01
1.5794e+01
1.5782e+01
1.5729e+01
1.5717e+01
1.5670e+01
1.5641e+01
1.5570e+01
1.5529e+01
1.5476e+01
1.5435e+01
1.5388e+01
1.5370e+01
1.5329e+01
1.5335e+01
1.5323e+01
1.5341e+01
1.5353e+01
1.5359e+01
1.5382e+01
1.5412e+01
1.5435e+01
1.5453e+01
1.5476e+01
1.5488e+01
1.5512e+01
1.5529e+01
1.5565e+01
1.5588e+01
1.5612e+01
1.5635e+01
1.5653e+01
1.5670e+01
1.5682e+01
1.5688e+01
1.5688e+01
1.5688e+01
1.5688e+01
1.5694e+01
1.5694e+01
1.5706e+01
1.5741e+01
1.5759e+01
1.5782e+01
1.5823e+01
1.5864e+01
1.5911e+01
1.5958e+01
1.5999e+01
1.6023e+01
1.6046e+01
1.6070e+01
1.6099e+01
1.6111e+01
1.6134e+01
1.6134e+01
1.6146e+01
1.6129e+01
1.6129e+01
1.6093e+01
1.6087e+01
1.6052e+01
1.6046e+01
1.5994e+01
1.5982e+01
1.5929e+01
1.5935e+01
1.5864e+01
1.5858e+01
1.5788e+01
1.5776e+01
1.5706e+01
1.5712e+01
1.5641e+01
1.5647e+01
1.5576e+01
1.5582e+01
1.5529e+01
1.5517e+01
1.5464e+01
1.5464e+01
1.5412e+01
1.5400e+01
1.5364e+01
1.5359e+01
1.5323e+01
1.5306e+01
1.5288e+01
1.5282e+01
1.5258e+01
1.5247e+01
1.5223e+01
1.5217e+01
1.5194e+01
1.5176e+01
1.5152e+01
1.5146e+01
1.5117e+01
1.5093e+01
1.5076e+01
1.5052e+01
1.5046e+01
1.5023e+01
1.5017e+01
1.5017e+01
1.5023e+01
1.5023e+01
1.5034e+01
1.5046e+01
1.5064e+01
1.5070e+01
1.5082e+01
1.5099e+01
1.5123e+01
1.5123e+01
1.5152e+01
1.5176e+01
1.5205e+01
1.5229e+01
1.5258e+01
1.5270e+01
1.5294e+01
1.5323e+01
1.5347e+01
1.5376e+01
1.5412e+01
1.5464e+01
1.5494e+01
1.5535e+01
1.5547e+01
1.5559e+01
1.5559e+01
1.5576e+01
1.5606e+01
1.5629e+01
1.5635e+01
1.5659e+01
1.5676e+01
1.5688e+01
1.5717e+01
1.5788e+01
1.5882e+01
1.5970e+01
1.6035e+01
1.6093e+01
1.6134e+01
1.6158e+01
1.6199e+01
1.6252e+01
1.6322e+01
1.6387e+01
1.6422e+01
1.6392e+01
1.6351e+01
1.6275e+01
1.6205e+01
1.6129e+01
1.6046e+01
1.5958e+01
1.5882e+01
1.5794e+01
1.5717e+01
1.5629e+01
1.5553e+01
1.5464e+01
1.5388e+01
1.5311e+01
1.5247e+01
1.5170e+01
1.5105e+01
1.5029e+01
1.4970e+01
1.4899e+01
1.4834e+01
1.4769e+01
1.4716e+01
1.4645e+01
1.4586e+01
1.4509e+01
1.4456e+01
1.4391e+01
1.4337e+01
1.4278e+01
1.4231e+01
1.4160e+01
1.4118e+01
1.4071e+01
1.4024e+01
1.3976e+01
1.3941e+01
1.3887e+01
1.3864e+01
1.3822e+01
1.3775e+01
1.3727e+01
1.3692e+01
1.3638e+01
1.3602e+01
1.3555e+01
1.3513e+01
1.3466e+01
1.3430e+01
1.3389e+01
1.3347e+01
1.3311e+01
1.3276e+01
1.3228e+01
1.3192e+01
1.3151e+01
1.3115e+01
1.3062e+01
1.3020e+01
1.2972e+01
1.2943e+01
1.2901e+01
1.2865e+01
1.2829e+01
1.2794e+01
1.2764e+01
1.2734e+01
1.2704e+01
1.2680e+01
1.2651e+01
1.2627e+01
1.2615e+01
1.2609e+01
1.2603e+01
1.2591e+01
1.2591e+01
1.2597e+01
1.2609e+01
1.2609e+01
1.2621e+01
1.2639e+01
1.2657e+01
1.2668e+01
1.2698e+01
1.2716e+01
1.2734e+01
1.2752e+01
1.2758e+01
1.2764e+01
1.2770e+01
1.2782e+01
1.2788e+01
1.2788e+01
1.2800e+01
1.2800e+01
1.2800e+01
1.2800e+01
1.2794e+01
1.2782e+01
1.2776e+01
1.2770e+01
1.2752e+01
1.2728e+01
1.2710e+01
1.2686e+01
1.2668e+01
1.2645e+01
1.2621e+01
1.2597e+01
1.2567e+01
1.2549e+01
1.2531e+01
1.2525e+01
1.2507e+01
1.2490e+01
1.2478e+01
1.2472e+01
1.2466e+01
1.2460e+01
1.2442e+01
1.2424e+01
1.2406e+01
1.2394e+01
1.2388e+01
1.2388e+01
1.2370e+01
1.2358e+01
1.2340e+01
1.2328e+01
1.2316e+01
1.2304e+01
1.2293e+01
1.2275e+01
1.2263e+01
1.2251e+01
1.2227e+01
1.2203e+01
1.2191e+01
1.2173e+01
1.2149e+01
1.2131e+01
1.2107e+01
1.2077e+01
1.2065e+01
1.2042e+01
1.2018e+01
1.1994e+01
1.1976e+01
1.1940e+01
1.1904e+01
1.1874e+01
1.1844e+01
1.1808e+01
1.1766e+01
1.1736e+01
1.1712e+01
1.1677e+01
1.1635e+01
1.1593e+01
1.1563e+01
1.1527e+01
1.1491e+01
1.1461e+01
1.1425e+01
1.1389e+01
1.1347e+01
1.1311e+01
1.1281e+01
1.1245e+01
1.1203e+01
1.1173e+01
1.1131e+01
1.1089e+01
1.1047e+01
1.1011e+01
1.0975e+01
1.0939e+01
1.0903e+01
1.0867e+01
1.0830e+01
1.0788e+01
1.0740e+01
1.0704e+01
1.0668e+01
1.0632e+01
1.0590e+01
1.0560e+01
1.0524e+01
1.0487e+01
1.0469e+01
1.0433e+01
1.0403e+01
1.0379e+01
1.0355e+01
1.0331e+01
1.0307e+01
1.0289e+01
1.0271e+01
1.0259e+01
1.0246e+01
1.0240e+01
1.0234e+01
1.0234e+01
1.0234e+01
1.0246e+01
1.0259e+01
1.0283e+01
1.0307e+01
1.0343e+01
1.0379e+01
1.0427e+01
1.0463e+01
1.0506e+01
1.0542e+01
1.0596e+01
1.0644e+01
1.0692e+01
1.0740e+01
1.0788e+01
1.0836e+01
1.0897e+01
1.0939e+01
1.0993e+01
1.1035e+01
1.1083e+01
1.1131e+01
1.1185e+01
1.1233e+01
1.1275e+01
1.1329e+01
1.1353e+01
1.1395e+01
1.1425e+01
1.1467e+01
1.1491e+01
1.1515e+01
1.1533e+01
1.1557e+01
1.1569e+01
1.1587e+01
1.1605e+01
1.1617e+01
1.1623e+01
1.1617e+01
1.1617e+01
1.1605e+01
1.1599e+01
1.1599e+01
1.1599e+01
1.1587e+01
1.1593e+01
1.1581e+01
1.1569e+01
1.1551e+01
1.1539e+01
1.1533e+01
1.1515e+01
1.1497e+01
1.1485e+01
1.1467e+01
1.1449e+01
1.1431e+01
1.1425e+01
1.1407e+01
1.1389e+01
1.1371e+01
1.1359e+01
1.1341e+01
1.1323e+01
1.1311e+01
1.1293e+01
1.1275e+01
1.1251e+01
1.1215e+01
1.1191e+01
1.1161e+01
1.1137e+01
1.1107e+01
1.1083e+01
1.1059e+01
1.1035e+01
1.1017e+01
1.0993e+01
1.0963e+01
1.0927e+01
1.0897e+01
1.0879e+01
1.0861e+01
1.0836e+01
1.0818e+01
1.0806e+01
1.0794e+01
1.0782e+01
1.0782e+01
1.0782e+01
1.0776e+01
1.0776e+01
1.0788e+01
1.0806e+01
1.0818e+01
1.0842e+01
1.0873e+01
1.0897e+01
1.0903e+01
1.0939e+01
1.0981e+01
1.1029e+01
1.1077e+01
1.1137e+01
1.1197e+01
1.1263e+01
1.1335e+01
1.1407e+01
1.1491e+01
1.1581e+01
1.1677e+01
1.1772e+01
1.1862e+01
1.1964e+01
1.2054e+01
1.2167e+01
1.2269e+01
1.2388e+01
1.2501e+01
1.2663e+01
1.2806e+01
1.2966e+01
1.3103e+01
1.3240e+01
1.3371e+01
1.3466e+01
1.3608e+01
1.3703e+01
1.3858e+01
1.3947e+01
1.4101e+01
1.4225e+01
1.4367e+01
1.4473e+01
1.4603e+01
1.4674e+01
1.4775e+01
1.4810e+01
1.4893e+01
1.4893e+01
1.4958e+01
1.4940e+01
1.4999e+01
1.4981e+01
1.4993e+01
1.4952e+01
1.4928e+01
1.4893e+01
1.4834e+01
1.4775e+01
1.4704e+01
1.4651e+01
1.4568e+01
1.4503e+01
1.4426e+01
1.4361e+01
1.4278e+01
1.4213e+01
1.4130e+01
1.4071e+01
1.3970e+01
1.3911e+01
1.3822e+01
1.3769e+01
1.3686e+01
1.3626e+01
1.3543e+01
1.3490e+01
1.3412e+01
1.3359e+01
1.3282e+01
1.3234e+01
1.3157e+01
1.3109e+01
1.3044e+01
1.2996e+01
1.2925e+01
1.2883e+01
1.2812e+01
1.2764e+01
1.2692e+01
1.2657e+01
1.2597e+01
1.2561e+01
1.2496e+01
1.2460e+01
1.2406e+01
1.2364e+01
1.2310e+01
1.2275e+01
1.2227e+01
1.2179e+01
1.2119e+01
1.2083e+01
1.2030e+01
1.1994e+01
1.1934e+01
1.1898e+01
1.1856e+01
1.1820e+01
1.1778e+01
1.1748e+01
1.1706e+01
1.1677e+01
1.1635e+01
1.1605e+01
1.1581e+01
1.1551e+01
1.1515e+01
1.1485e+01
1.1461e+01
1.1431e+01
1.1395e+01
1.1371e+01
1.1341e+01
1.1311e+01
1.1281e+01
1.1257e+01
1.1227e+01
1.1197e+01
1.1179e+01
1.1155e+01
1.1125e+01
1.1101e+01
1.1065e+01
1.1041e+01
1.0999e+01
1.0957e+01
1.0921e+01
1.0891e+01
1.0848e+01
1.0818e+01
1.0794e+01
1.0770e+01
1.0746e+01
1.0710e+01
1.0680e+01
1.0656e+01
1.0632e+01
1.0608e+01
1.0584e+01
1.0554e+01
1.0530e+01
1.0506e+01
1.0481e+01
1.0457e+01
1.0433e+01
1.0409e+01
1.0379e+01
1.0361e+01
1.0337e+01
1.0319e+01
1.0295e+01
1.0265e+01
1.0240e+01
1.0216e+01
1.0198e+01
1.0174e+01
1.0144e+01
1.0120e+01
1.0084e+01
1.0054e+01
1.0023e+01
9.9992e+00
9.9751e+00
9.9570e+00
9.9388e+00
9.9147e+00
9.9026e+00
9.8845e+00
9.8604e+00
9.8483e+00
9.8302e+00
9.8120e+00
9.8060e+00
9.7879e+00
9.7758e+00
9.7637e+00
9.7516e+00
9.7335e+00
9.7214e+00
9.7093e+00
9.6972e+00
9.6731e+00
9.6610e+00
9.6549e+00
9.6428e+00
9.6126e+00
9.6066e+00
9.5945e+00
9.5824e+00
9.5642e+00
9.5522e+00
9.5219e+00
9.4917e+00
9.4735e+00
9.4493e+00
9.4251e+00
9.4070e+00
9.3949e+00
9.3767e+00
9.3586e+00
9.3343e+00
9.3162e+00
9.2980e+00
9.2738e+00
9.2556e+00
9.2375e+00
9.2132e+00
9.1951e+00
9.1769e+00
9.1527e+00
9.1284e+00
9.1103e+00
9.0860e+00
9.0618e+00
9.0315e+00
9.0072e+00
8.9830e+00
8.9587e+00
8.9345e+00
8.9163e+00
8.8981e+00
8.8738e+00
8.8435e+00
8.8192e+00
8.7828e+00
8.7525e+00
8.7282e+00
8.6978e+00
8.6614e+00
8.6432e+00
8.6250e+00
8.6067e+00
8.5825e+00
8.5582e+00
8.5339e+00
8.5156e+00
8.4913e+00
8.4731e+00
8.4549e+00
8.4366e+00
8.4123e+00
8.4002e+00
8.3758e+00
8.3576e+00
8.3454e+00
8.3272e+00
8.3090e+00
8.2968e+00
8.2725e+00
8.2542e+00
8.2420e+00
8.2238e+00
8.2055e+00
8.1934e+00
8.1812e+00
8.1569e+00
8.1264e+00
8.1021e+00
8.0777e+00
8.0656e+00
8.0412e+00
8.0168e+00
7.9925e+00
7.9803e+00
7.9681e+00
7.9559e+00
7.9316e+00
7.9194e+00
7.9011e+00
7.8889e+00
7.8706e+00
7.8585e+00
7.8463e+00
7.8341e+00
7.8219e+00
7.8036e+00
7.7853e+00
7.7670e+00
7.7548e+00
7.7487e+00
7.7365e+00
7.7244e+00
7.7061e+00
7.6939e+00
7.6756e+00
7.6695e+00
7.6573e+00
7.6390e+00
7.6207e+00
7.6024e+00
7.5658e+00
7.5413e+00
7.5230e+00
7.5108e+00
7.4864e+00
7.4559e+00
7.4498e+00
7.4315e+00
7.4131e+00
7.3887e+00
7.3704e+00
7.3582e+00
7.3399e+00
7.3215e+00
7.3032e+00
7.2910e+00
7.2727e+00
7.2543e+00
7.2360e+00
7.2238e+00
7.2116e+00
7.1993e+00
7.1810e+00
7.1688e+00
7.1504e+00
7.1321e+00
7.1260e+00
7.1137e+00
7.0954e+00
7.0893e+00
7.0648e+00
7.0465e+00
7.0281e+00
7.0159e+00
7.0098e+00
6.9975e+00
6.9853e+00
6.9731e+00
6.9608e+00
6.9486e+00
6.9425e+00
6.9302e+00
6.9180e+00
6.9057e+00
6.8996e+00
6.8874e+00
6.8751e+00
6.8690e+00
6.8629e+00
6.8507e+00
6.8445e+00
6.8323e+00
6.8200e+00
6.8078e+00
6.7956e+00
6.7833e+00
6.7772e+00
6.7649e+00
6.7466e+00
6.7404e+00
6.7221e+00
6.7037e+00
6.6792e+00
6.6547e+00
6.6179e+00
6.6057e+00
6.5873e+00
6.5627e+00
6.5505e+00
6.5321e+00
6.5137e+00
6.4953e+00
6.4830e+00
6.4585e+00
6.4340e+00
6.4217e+00
6.4094e+00
6.3849e+00
6.3665e+00
6.3542e+00
6.3358e+00
6.3174e+00
6.2929e+00
6.2745e+00
6.2499e+00
6.2254e+00
6.2069e+00
6.1885e+00
6.1701e+00
6.1455e+00
6.1210e+00
6.0964e+00
6.0718e+00
6.0411e+00
5.9981e+00
5.9674e+00
5.9366e+00
5.9120e+00
5.8936e+00
5.8690e+00
5.8444e+00
5.8321e+00
5.8136e+00
5.7952e+00
5.7767e+00
5.7644e+00
5.7521e+00
5.7460e+00
5.7337e+00
5.7275e+00
5.7214e+00
5.7214e+00
5.7152e+00
5.7214e+00
5.7275e+00
5.7337e+00
5.7275e+00
5.7337e+00
5.7460e+00
5.7583e+00
5.7644e+00
5.7767e+00
5.7829e+00
5.7829e+00
5.7767e+00
5.7767e+00
5.7767e+00
5.7829e+00
5.7767e+00
5.7829e+00
5.7952e+00
5.7952e+00
5.8013e+00
5.8075e+00
5.8013e+00
5.8075e+00
5.8075e+00
5.8013e+00
5.8013e+00
5.8013e+00
5.8013e+00
5.7952e+00
5.7952e+00
5.7829e+00
5.7767e+00
5.7767e+00
5.7644e+00
5.7521e+00
5.7521e+00
5.7398e+00
5.7214e+00
5.7091e+00
5.6906e+00
5.6721e+00
5.6475e+00
5.6352e+00
5.6167e+00
5.5921e+00
5.5736e+00
5.5552e+00
5.5429e+00
5.5244e+00
5.5182e+00
5.4997e+00
5.4751e+00
5.4690e+00
5.4628e+00
5.4505e+00
5.4443e+00
5.4320e+00
5.4135e+00
5.4012e+00
5.3950e+00
5.3827e+00
5.3642e+00
5.3580e+00
5.3457e+00
5.3272e+00
5.3149e+00
5.3026e+00
5.2902e+00
5.2717e+00
5.2471e+00
5.2224e+00
5.1977e+00
5.1792e+00
5.1546e+00
5.1299e+00
5.1114e+00
5.0867e+00
5.0682e+00
5.0497e+00
5.0312e+00
5.0188e+00
5.0126e+00
5.0003e+00
4.9879e+00
4.9879e+00
4.9879e+00
4.9879e+00
4.9879e+00
4.9879e+00
4.9879e+00
4.9879e+00
4.9941e+00
5.0003e+00
5.0065e+00
5.0126e+00
5.0126e+00
5.0126e+00
5.0250e+00
5.0373e+00
5.0373e+00
5.0373e+00
5.0312e+00
5.0250e+00
5.0250e+00
5.0188e+00
5.0065e+00
5.0065e+00
5.0065e+00
5.0003e+00
4.9941e+00
4.9879e+00
4.9818e+00
4.9756e+00
4.9632e+00
4.9509e+00
4.9447e+00
4.9324e+00
4.9262e+00
4.9138e+00
4.9077e+00
4.9077e+00
4.8953e+00
4.8953e+00
4.9015e+00
4.9077e+00
4.9138e+00
4.9138e+00
4.9262e+00
4.9447e+00
4.9509e+00
4.9509e+00
4.9756e+00
4.9879e+00
5.0003e+00
5.0126e+00
5.0250e+00
5.0312e+00
5.0497e+00
5.0558e+00
5.0682e+00
5.0744e+00
5.0744e+00
5.0744e+00
5.0867e+00
5.0744e+00
5.0867e+00
5.0867e+00
5.0867e+00
5.0805e+00
5.0867e+00
5.0744e+00
5.0744e+00
5.0620e+00
5.0682e+00
5.0558e+00
5.0558e+00
5.0497e+00
5.0558e+00
5.0373e+00
5.0373e+00
5.0250e+00
5.0312e+00
5.0065e+00
4.9879e+00
4.9694e+00
4.9571e+00
4.9324e+00
4.9200e+00
4.8953e+00
4.8891e+00
4.8644e+00
4.8521e+00
4.8397e+00
4.8212e+00
4.8027e+00
4.7903e+00
4.7779e+00
4.7594e+00
4.7470e+00
4.7409e+00
4.7347e+00
4.7223e+00
4.7100e+00
4.7038e+00
4.6976e+00
4.6976e+00
4.6914e+00
4.6976e+00
4.6914e+00
4.6976e+00
4.6976e+00
4.7100e+00
4.7285e+00
4.7409e+00
4.7470e+00
4.7656e+00
4.7841e+00
4.8027e+00
4.8336e+00
4.8644e+00
4.9138e+00
4.9509e+00
4.9879e+00
5.0312e+00
5.0682e+00
5.1175e+00
5.1546e+00
5.2101e+00
5.2594e+00
5.3149e+00
5.3519e+00
5.3950e+00
5.4505e+00
5.4813e+00
5.5305e+00
5.5675e+00
5.6229e+00
5.6598e+00
5.7091e+00
5.7460e+00
5.8075e+00
5.8321e+00
5.8813e+00
5.9059e+00
5.9305e+00
5.9243e+00
5.9489e+00
5.9551e+00
5.9674e+00
5.9735e+00
5.9797e+00
5.9797e+00
5.9858e+00
5.9735e+00
5.9735e+00
5.9797e+00
5.9735e+00
5.9735e+00
5.9674e+00
5.9674e+00
5.9612e+00
5.9674e+00
5.9674e+00
5.9674e+00
5.9674e+00
5.9797e+00
5.9797e+00
5.9981e+00
6.0165e+00
6.0411e+00
6.0657e+00
6.0903e+00
6.1025e+00
6.1271e+00
6.1455e+00
6.1455e+00
6.1578e+00
6.1701e+00
6.1824e+00
6.2008e+00
6.2192e+00
6.2499e+00
6.2683e+00
6.3051e+00
6.3297e+00
6.3542e+00
6.3726e+00
6.4094e+00
6.4279e+00
6.4646e+00
6.4953e+00
6.5505e+00
6.5627e+00
6.5811e+00
6.5811e+00
6.5750e+00
6.5689e+00
6.5750e+00
6.5566e+00
6.5627e+00
6.5505e+00
6.5260e+00
6.5137e+00
6.5014e+00
6.4830e+00
6.4769e+00
6.4463e+00
6.4217e+00
6.3910e+00
6.3481e+00
6.3174e+00
6.2867e+00
6.2560e+00
6.2192e+00
6.1824e+00
6.1640e+00
6.1271e+00
6.0841e+00
6.0534e+00
6.0350e+00
5.9919e+00
5.9551e+00
5.9243e+00
5.8874e+00
5.8567e+00
5.8198e+00
5.7890e+00
5.7583e+00
5.7214e+00
5.6906e+00
5.6537e+00
5.6291e+00
5.5983e+00
5.5613e+00
5.5244e+00
5.4874e+00
5.4566e+00
5.4197e+00
5.3889e+00
5.3519e+00
5.3149e+00
5.2779e+00
5.2409e+00
5.2101e+00
5.1792e+00
5.1422e+00
5.1114e+00
5.0867e+00
5.0558e+00
5.0312e+00
5.0003e+00
4.9694e+00
4.9447e+00
4.9138e+00
4.8891e+00
4.8644e+00
4.8336e+00
4.8150e+00
4.7903e+00
4.7656e+00
4.7409e+00
4.7223e+00
4.7100e+00
4.6852e+00
4.6605e+00
4.6358e+00
4.6172e+00
4.5987e+00
4.5739e+00
4.5492e+00
4.5245e+00
4.5059e+00
4.4811e+00
4.4688e+00
4.4564e+00
4.4378e+00
4.4254e+00
4.4193e+00
4.4069e+00
4.4069e+00
4.4069e+00
4.4069e+00
4.3945e+00
4.4007e+00
4.4069e+00
4.4007e+00
4.4007e+00
4.4007e+00
4.4069e+00
4.4131e+00
4.4193e+00
4.4254e+00
4.4316e+00
4.4378e+00
4.4440e+00
4.4502e+00
4.4626e+00
4.4750e+00
4.4811e+00
4.4873e+00
4.4935e+00
4.4997e+00
4.5059e+00
4.5059e+00
4.5121e+00
4.5121e+00
4.5121e+00
4.5121e+00
4.5121e+00
4.5059e+00
4.4997e+00
4.4873e+00
4.4688e+00
4.4564e+00
4.4440e+00
4.4254e+00
4.4069e+00
4.3883e+00
4.3635e+00
4.3450e+00
4.3202e+00
4.2954e+00
4.2769e+00
4.2459e+00
4.2149e+00
4.1901e+00
4.1654e+00
4.1406e+00
4.1034e+00
4.0724e+00
4.0414e+00
4.0042e+00
3.9670e+00
3.9298e+00
3.8988e+00
3.8615e+00
3.8243e+00
3.7995e+00
3.7622e+00
3.7250e+00
3.6939e+00
3.6691e+00
3.6318e+00
3.6070e+00
3.5821e+00
3.5573e+00
3.5324e+00
3.5076e+00
3.4889e+00
3.4516e+00
3.4268e+00
3.4143e+00
3.3895e+00
3.3708e+00
3.3522e+00
3.3335e+00
3.3148e+00
3.2900e+00
3.2651e+00
3.2526e+00
3.2402e+00
3.2277e+00
3.2028e+00
3.1842e+00
3.1593e+00
3.1406e+00
3.1282e+00
3.1157e+00
3.0908e+00
3.0908e+00
3.0721e+00
3.0597e+00
3.0534e+00
3.0410e+00
3.0348e+00
3.0285e+00
3.0223e+00
3.0098e+00
3.0098e+00
2.9974e+00
2.9849e+00
2.9787e+00
2.9725e+00
2.9600e+00
2.9476e+00
2.9413e+00
2.9289e+00
2.9164e+00
2.9039e+00
2.8977e+00
2.8915e+00
2.8790e+00
2.8665e+00
2.8416e+00
2.8291e+00
2.8167e+00
2.8167e+00
2.8104e+00
2.8042e+00
2.7980e+00
2.7980e+00
2.7980e+00
2.8042e+00
2.7980e+00
2.7980e+00
2.7980e+00
2.7980e+00
2.7980e+00
2.7980e+00
2.7980e+00
2.7855e+00
2.7730e+00
2.7668e+00
2.7606e+00
2.7543e+00
2.7356e+00
2.7232e+00
2.7044e+00
2.6920e+00
2.6733e+00
2.6545e+00
2.6296e+00
2.6046e+00
2.5797e+00
2.5547e+00
2.5173e+00
2.4798e+00
2.4423e+00
2.4174e+00
2.3861e+00
2.3611e+00
2.3299e+00
2.2987e+00
2.2737e+00
2.2424e+00
2.2174e+00
2.1924e+00
2.1674e+00
2.1487e+00
2.1236e+00
2.0986e+00
2.0674e+00
2.0548e+00
2.0298e+00
2.0048e+00
1.9798e+00
1.9610e+00
1.9297e+00
1.9047e+00
1.8859e+00
1.8734e+00
1.8608e+00
1.8358e+00
1.8108e+00
1.7982e+00
1.7794e+00
1.7544e+00
1.7293e+00
1.7105e+00
1.6855e+00
1.6667e+00
1.6479e+00
1.6354e+00
1.6103e+00
1.6040e+00
1.5915e+00
1.5789e+00
1.5601e+00
1.5539e+00
1.5413e+00
1.5413e+00
1.5225e+00
1.5163e+00
1.5037e+00
1.4912e+00
1.4849e+00
1.4786e+00
1.4598e+00
1.4410e+00
1.4222e+00
1.4222e+00
1.4159e+00
1.4034e+00
1.3845e+00
1.3657e+00
1.3594e+00
1.3406e+00
1.3218e+00
1.3030e+00
1.2904e+00
1.2590e+00
1.2339e+00
1.2088e+00
1.1837e+00
1.1586e+00
1.1334e+00
1.1146e+00
1.1083e+00
1.0895e+00
1.0643e+00
1.0455e+00
1.0392e+00
1.0266e+00
1.0078e+00
9.8893e-01
9.7636e-01
9.7007e-01
9.5121e-01
9.4493e-01
9.2607e-01
9.0721e-01
8.8834e-01
8.6948e-01
8.6319e-01
8.3175e-01
8.1288e-01
8.0659e-01
7.8143e-01
7.7513e-01
7.5626e-01
7.3739e-01
7.1851e-01
6.9963e-01
6.8075e-01
6.6187e-01
6.3669e-01
6.1151e-01
5.8632e-01
5.7373e-01
5.5484e-01
5.4225e-01
5.2965e-01
5.2335e-01
5.1076e-01
5.0446e-01
4.9186e-01
4.9186e-01
4.7296e-01
4.6666e-01
4.6666e-01
4.6036e-01
4.4776e-01
4.3516e-01
4.3516e-01
4.2256e-01
4.1626e-01
4.0366e-01
3.9735e-01
3.9105e-01
3.8475e-01
3.7215e-01
3.6584e-01
3.6584e-01
3.5324e-01
3.3433e-01
3.1542e-01
3.0281e-01
2.7759e-01
2.6498e-01
2.5237e-01
2.3976e-01
2.2715e-01
2.1453e-01
2.0823e-01
1.8930e-01
1.7669e-01
1.6407e-01
1.5776e-01
1.5146e-01
1.3884e-01
1.3253e-01
1.2622e-01
1.0729e-01
1.0729e-01
1.0098e-01
9.4672e-02
8.2051e-02
8.2051e-02
6.9430e-02
6.3119e-02
6.9430e-02
6.9430e-02
5.6808e-02
5.0497e-02
5.0497e-02
5.0497e-02
4.4185e-02
3.1562e-02
1.8938e-02
6.3130e-03
6.3130e-03
0000
0000
6.3130e-03
1.2625e-02
1.8938e-02
2.5250e-02
3.1562e-02
4.4185e-02
5.6808e-02
6.9430e-02
7.5741e-02
9.4672e-02
1.0729e-01
1.1991e-01
1.2622e-01
1.4515e-01
1.5776e-01
1.7038e-01
1.7669e-01
1.8930e-01
2.0192e-01
2.0823e-01
2.0823e-01
2.1453e-01
2.1453e-01
2.2715e-01
2.3345e-01
2.2715e-01
2.2715e-01
2.1453e-01
2.0192e-01
1.9561e-01
1.8300e-01
1.7038e-01
1.7038e-01
1.5776e-01
1.4515e-01
1.3884e-01
1.3884e-01
1.1991e-01
1.0729e-01
9.4672e-02
8.8362e-02
6.9430e-02
6.3119e-02
5.0497e-02
3.7874e-02
3.1562e-02
2.5250e-02
2.5250e-02
2.5250e-02
2.5250e-02
1.2625e-02
1.2625e-02
1.8938e-02
2.5250e-02
3.1562e-02
3.1562e-02
2.5250e-02
3.1562e-02
2.5250e-02
2.5250e-02
2.5250e-02
1.8938e-02
1.8938e-02
3.1562e-02
3.7874e-02
3.1562e-02
3.1562e-02
3.7874e-02
3.7874e-02
4.4185e-02
6.3119e-02
6.9430e-02
8.2051e-02
1.0098e-01
1.1991e-01
1.4515e-01
1.7038e-01
2.0823e-01
2.3976e-01
2.9020e-01
3.3433e-01
4.0996e-01
4.8556e-01
5.6743e-01
6.7446e-01
7.5626e-01
8.6948e-01
9.7636e-01
1.0643e+00
1.1837e+00
1.2716e+00
1.4159e+00
1.5288e+00
1.6980e+00
1.8108e+00
1.9860e+00
2.1299e+00
2.3299e+00
2.4923e+00
2.7107e+00
2.9039e+00
3.1468e+00
3.3335e+00
3.5076e+00
3.6877e+00
3.9298e+00
4.2521e+00
4.5801e+00
5.0003e+00
5.1916e+00
5.4628e+00
5.5429e+00
5.7091e+00
5.7460e+00
5.8690e+00
5.8813e+00
5.9919e+00
5.9858e+00
6.0534e+00
6.0350e+00
6.0780e+00
6.0595e+00
6.0534e+00
6.0227e+00
6.0042e+00
5.9674e+00
5.9243e+00
5.8751e+00
5.8136e+00
5.7521e+00
5.6783e+00
5.6229e+00
5.5429e+00
5.4751e+00
5.3765e+00
5.3149e+00
5.2101e+00
5.1422e+00
5.0373e+00
4.9694e+00
4.8644e+00
4.7903e+00
4.6852e+00
4.6234e+00
4.5245e+00
4.4626e+00
4.3574e+00
4.3016e+00
4.2025e+00
4.1406e+00
4.0538e+00
3.9980e+00
3.9112e+00
3.8677e+00
3.7871e+00
3.7374e+00
3.6567e+00
3.6070e+00
3.5138e+00
3.4641e+00
3.3895e+00
3.3397e+00
3.2713e+00
3.2340e+00
3.1717e+00
3.1282e+00
3.0784e+00
3.0472e+00
3.0036e+00
2.9849e+00
2.9476e+00
2.9226e+00
2.8915e+00
2.8728e+00
2.8416e+00
2.8229e+00
2.8104e+00
2.7980e+00
2.7793e+00
2.7730e+00
2.7606e+00
2.7481e+00
2.7419e+00
2.7543e+00
2.7481e+00
2.7356e+00
2.7356e+00
2.7419e+00
2.7356e+00
2.7294e+00
2.7232e+00
2.7107e+00
2.6920e+00
2.6982e+00
2.7044e+00
2.6982e+00
2.6920e+00
2.6982e+00
2.7107e+00
2.7356e+00
2.7419e+00
2.7356e+00
2.7294e+00
2.7232e+00
2.7107e+00
2.7044e+00
2.6920e+00
2.6795e+00
2.6608e+00
2.6483e+00
2.6358e+00
2.6171e+00
2.6046e+00
2.5921e+00
2.5797e+00
2.5734e+00
2.5672e+00
2.5547e+00
2.5422e+00
2.5360e+00
2.5297e+00
2.5297e+00
2.5235e+00
2.5173e+00
2.5048e+00
2.4798e+00
2.4548e+00
