2.0385e+01
2.0395e+01
2.0390e+01
2.0395e+01
2.0405e+01
2.0420e+01
2.0441e+01
2.0471e+01
2.0502e+01
2.0553e+01
2.0594e+01
2.0635e+01
2.0696e+01
2.0757e+01
2.0818e+01
2.0879e+01
2.0956e+01
2.1022e+01
2.1108e+01
2.1179e+01
2.1271e+01
2.1347e+01
2.1434e+01
2.1510e+01
2.1571e+01
2.1637e+01
2.1718e+01
2.1789e+01
2.1900e+01
2.2012e+01
2.2113e+01
2.2250e+01
2.2391e+01
2.2482e+01
2.2583e+01
2.2684e+01
2.2810e+01
2.2911e+01
2.2992e+01
2.3057e+01
2.3143e+01
2.3193e+01
2.3264e+01
2.3314e+01
2.3395e+01
2.3450e+01
2.3540e+01
2.3596e+01
2.3686e+01
2.3746e+01
2.3847e+01
2.3902e+01
2.4027e+01
2.4103e+01
2.4218e+01
2.4278e+01
2.4388e+01
2.4448e+01
2.4538e+01
2.4583e+01
2.4663e+01
2.4708e+01
2.4763e+01
2.4798e+01
2.4848e+01
2.4898e+01
2.4938e+01
2.4983e+01
2.5008e+01
2.5068e+01
2.5097e+01
2.5152e+01
2.5157e+01
2.5207e+01
2.5202e+01
2.5227e+01
2.5207e+01
2.5217e+01
2.5197e+01
2.5192e+01
2.5182e+01
2.5172e+01
2.5152e+01
2.5132e+01
2.5102e+01
2.5082e+01
2.5063e+01
2.5038e+01
2.5018e+01
2.4993e+01
2.4978e+01
2.4948e+01
2.4933e+01
2.4908e+01
2.4888e+01
2.4838e+01
2.4828e+01
2.4793e+01
2.4768e+01
2.4723e+01
2.4683e+01
2.4633e+01
2.4593e+01
2.4543e+01
2.4498e+01
2.4443e+01
2.4388e+01
2.4333e+01
2.4288e+01
2.4228e+01
2.4183e+01
2.4148e+01
2.4118e+01
2.4057e+01
2.4007e+01
2.3957e+01
2.3917e+01
2.3877e+01
2.3847e+01
2.3837e+01
2.3907e+01
2.3957e+01
2.3967e+01
2.3977e+01
2.3992e+01
2.4012e+01
2.4037e+01
2.4087e+01
2.4128e+01
2.4123e+01
2.4077e+01
2.4032e+01
2.3972e+01
2.3912e+01
2.3837e+01
2.3776e+01
2.3711e+01
2.3651e+01
2.3576e+01
2.3515e+01
2.3460e+01
2.3380e+01
2.3304e+01
2.3239e+01
2.3163e+01
2.3088e+01
2.3017e+01
2.2957e+01
2.2886e+01
2.2810e+01
2.2750e+01
2.2679e+01
2.2608e+01
2.2558e+01
2.2502e+01
2.2432e+01
2.2356e+01
2.2295e+01
2.2224e+01
2.2148e+01
2.2072e+01
2.2002e+01
2.1931e+01
2.1860e+01
2.1763e+01
2.1692e+01
2.1611e+01
2.1540e+01
2.1459e+01
2.1388e+01
2.1307e+01
2.1240e+01
2.1154e+01
2.1083e+01
2.1012e+01
2.0950e+01
2.0884e+01
2.0833e+01
2.0787e+01
2.0752e+01
2.0711e+01
2.0691e+01
2.0675e+01
2.0670e+01
2.0665e+01
2.0670e+01
2.0665e+01
2.0675e+01
2.0691e+01
2.0706e+01
2.0716e+01
2.0731e+01
2.0747e+01
2.0772e+01
2.0782e+01
2.0803e+01
2.0823e+01
2.0833e+01
2.0869e+01
2.0889e+01
2.0905e+01
2.0925e+01
2.0945e+01
2.0961e+01
2.0981e+01
2.0996e+01
2.1012e+01
2.1027e+01
2.1042e+01
2.1052e+01
2.1073e+01
2.1083e+01
2.1088e+01
2.1093e+01
2.1113e+01
2.1129e+01
2.1154e+01
2.1185e+01
2.1225e+01
2.1296e+01
2.1362e+01
2.1459e+01
2.1560e+01
2.1703e+01
2.1845e+01
2.2007e+01
2.2159e+01
2.2325e+01
2.2482e+01
2.2674e+01
2.2851e+01
2.3052e+01
2.3234e+01
2.3450e+01
2.3671e+01
2.3912e+01
2.4143e+01
2.4393e+01
2.4628e+01
2.4888e+01
2.5117e+01
2.5386e+01
2.5635e+01
2.5943e+01
2.6231e+01
2.6568e+01
2.6875e+01
2.7250e+01
2.7566e+01
2.7949e+01
2.8234e+01
2.8480e+01
2.8671e+01
2.8886e+01
2.9101e+01
2.9482e+01
2.9765e+01
3.0106e+01
3.0358e+01
3.0601e+01
3.0776e+01
3.0921e+01
3.1032e+01
3.1095e+01
3.1139e+01
3.1153e+01
3.1182e+01
3.1153e+01
3.1134e+01
3.1081e+01
3.1037e+01
3.0950e+01
3.0887e+01
3.0790e+01
3.0708e+01
3.0582e+01
3.0460e+01
3.0329e+01
3.0213e+01
3.0072e+01
2.9950e+01
2.9794e+01
2.9653e+01
2.9502e+01
2.9370e+01
2.9214e+01
2.9072e+01
2.8916e+01
2.8783e+01
2.8641e+01
2.8499e+01
2.8352e+01
2.8220e+01
2.8077e+01
2.7959e+01
2.7841e+01
2.7723e+01
2.7610e+01
2.7502e+01
2.7413e+01
2.7319e+01
2.7235e+01
2.7156e+01
2.7068e+01
2.6979e+01
2.6890e+01
2.6806e+01
2.6717e+01
2.6652e+01
2.6563e+01
2.6479e+01
2.6390e+01
2.6311e+01
2.6226e+01
2.6142e+01
2.6058e+01
2.5983e+01
2.5904e+01
2.5834e+01
2.5750e+01
2.5660e+01
2.5571e+01
2.5476e+01
2.5391e+01
2.5312e+01
2.5222e+01
2.5142e+01
2.5068e+01
2.4993e+01
2.4918e+01
2.4848e+01
2.4773e+01
2.4708e+01
2.4638e+01
2.4568e+01
2.4503e+01
2.4443e+01
2.4373e+01
2.4313e+01
2.4243e+01
2.4188e+01
2.4128e+01
2.4062e+01
2.4012e+01
2.3952e+01
2.3892e+01
2.3837e+01
2.3787e+01
2.3736e+01
2.3676e+01
2.3611e+01
2.3540e+01
2.3475e+01
2.3420e+01
2.3369e+01
2.3309e+01
2.3254e+01
2.3198e+01
2.3153e+01
2.3103e+01
2.3047e+01
2.2997e+01
2.2946e+01
2.2891e+01
2.2846e+01
2.2800e+01
2.2755e+01
2.2704e+01
2.2664e+01
2.2624e+01
2.2573e+01
2.2523e+01
2.2482e+01
2.2442e+01
2.2391e+01
2.2341e+01
2.2290e+01
2.2245e+01
2.2199e+01
2.2153e+01
2.2103e+01
2.2057e+01
2.1986e+01
2.1931e+01
2.1870e+01
2.1824e+01
2.1774e+01
2.1723e+01
2.1672e+01
2.1626e+01
2.1586e+01
2.1540e+01
2.1484e+01
2.1444e+01
2.1403e+01
2.1367e+01
2.1317e+01
2.1276e+01
2.1235e+01
2.1200e+01
2.1154e+01
2.1118e+01
2.1078e+01
2.1032e+01
2.0991e+01
2.0956e+01
2.0915e+01
2.0889e+01
2.0844e+01
2.0813e+01
2.0782e+01
2.0752e+01
2.0711e+01
2.0670e+01
2.0619e+01
2.0584e+01
2.0538e+01
2.0502e+01
2.0461e+01
2.0420e+01
2.0385e+01
2.0344e+01
2.0308e+01
2.0277e+01
2.0236e+01
2.0206e+01
2.0175e+01
2.0144e+01
2.0109e+01
2.0073e+01
2.0037e+01
2.0006e+01
1.9965e+01
1.9935e+01
1.9909e+01
1.9873e+01
1.9843e+01
1.9812e+01
1.9771e+01
1.9740e+01
1.9704e+01
1.9679e+01
1.9648e+01
1.9617e+01
1.9571e+01
1.9530e+01
1.9484e+01
1.9448e+01
1.9412e+01
1.9381e+01
1.9345e+01
1.9320e+01
1.9279e+01
1.9248e+01
1.9217e+01
1.9186e+01
1.9156e+01
1.9125e+01
1.9089e+01
1.9063e+01
1.9037e+01
1.9006e+01
1.8976e+01
1.8950e+01
1.8914e+01
1.8883e+01
1.8857e+01
1.8826e+01
1.8790e+01
1.8765e+01
1.8729e+01
1.8708e+01
1.8677e+01
1.8641e+01
1.8615e+01
1.8579e+01
1.8528e+01
1.8497e+01
1.8456e+01
1.8425e+01
1.8384e+01
1.8353e+01
1.8322e+01
1.8286e+01
1.8249e+01
1.8224e+01
1.8193e+01
1.8151e+01
1.8126e+01
1.8095e+01
1.8064e+01
1.8038e+01
1.8017e+01
1.7986e+01
1.7950e+01
1.7924e+01
1.7898e+01
1.7867e+01
1.7836e+01
1.7805e+01
1.7774e+01
1.7743e+01
1.7717e+01
1.7697e+01
1.7666e+01
1.7629e+01
1.7588e+01
1.7541e+01
1.7500e+01
1.7474e+01
1.7438e+01
1.7402e+01
1.7376e+01
1.7350e+01
1.7319e+01
1.7288e+01
1.7251e+01
1.7220e+01
1.7194e+01
1.7168e+01
1.7137e+01
1.7106e+01
1.7080e+01
1.7054e+01
1.7023e+01
1.7002e+01
1.6981e+01
1.6950e+01
1.6919e+01
1.6888e+01
1.6862e+01
1.6836e+01
1.6815e+01
1.6789e+01
1.6774e+01
1.6753e+01
1.6711e+01
1.6680e+01
1.6654e+01
1.6644e+01
1.6633e+01
1.6618e+01
1.6602e+01
1.6597e+01
1.6592e+01
1.6597e+01
1.6597e+01
1.6597e+01
1.6602e+01
1.6607e+01
1.6612e+01
1.6602e+01
1.6597e+01
1.6592e+01
1.6592e+01
1.6592e+01
1.6597e+01
1.6586e+01
1.6581e+01
1.6566e+01
1.6560e+01
1.6550e+01
1.6545e+01
1.6529e+01
1.6519e+01
1.6508e+01
1.6488e+01
1.6462e+01
1.6446e+01
1.6430e+01
1.6420e+01
1.6399e+01
1.6383e+01
1.6363e+01
1.6352e+01
1.6321e+01
1.6305e+01
1.6285e+01
1.6264e+01
1.6238e+01
1.6217e+01
1.6191e+01
1.6170e+01
1.6149e+01
1.6123e+01
1.6097e+01
1.6076e+01
1.6050e+01
1.6013e+01
1.5987e+01
1.5961e+01
1.5935e+01
1.5914e+01
1.5888e+01
1.5852e+01
1.5826e+01
1.5794e+01
1.5768e+01
1.5742e+01
1.5716e+01
1.5690e+01
1.5669e+01
1.5643e+01
1.5622e+01
1.5606e+01
1.5596e+01
1.5580e+01
1.5570e+01
1.5564e+01
1.5559e+01
1.5554e+01
1.5549e+01
1.5543e+01
1.5549e+01
1.5554e+01
1.5554e+01
1.5559e+01
1.5559e+01
1.5559e+01
1.5559e+01
1.5564e+01
1.5564e+01
1.5564e+01
1.5564e+01
1.5564e+01
1.5549e+01
1.5543e+01
1.5538e+01
1.5528e+01
1.5512e+01
1.5502e+01
1.5486e+01
1.5475e+01
1.5465e+01
1.5449e+01
1.5439e+01
1.5423e+01
1.5402e+01
1.5387e+01
1.5360e+01
1.5339e+01
1.5313e+01
1.5292e+01
1.5266e+01
1.5240e+01
1.5209e+01
1.5182e+01
1.5146e+01
1.5114e+01
1.5088e+01
1.5046e+01
1.5009e+01
1.4983e+01
1.4947e+01
1.4905e+01
1.4873e+01
1.4826e+01
1.4784e+01
1.4747e+01
1.4716e+01
1.4674e+01
1.4637e+01
1.4600e+01
1.4574e+01
1.4537e+01
1.4495e+01
1.4464e+01
1.4432e+01
1.4390e+01
1.4358e+01
1.4311e+01
1.4285e+01
1.4248e+01
1.4211e+01
1.4174e+01
1.4143e+01
1.4106e+01
1.4069e+01
1.4037e+01
1.3995e+01
1.3953e+01
1.3927e+01
1.3895e+01
1.3863e+01
1.3832e+01
1.3795e+01
1.3758e+01
1.3726e+01
1.3695e+01
1.3658e+01
1.3616e+01
1.3584e+01
1.3547e+01
1.3515e+01
1.3484e+01
1.3452e+01
1.3420e+01
1.3394e+01
1.3367e+01
1.3336e+01
1.3309e+01
1.3283e+01
1.3262e+01
1.3246e+01
1.3219e+01
1.3198e+01
1.3188e+01
1.3172e+01
1.3166e+01
1.3161e+01
1.3161e+01
1.3156e+01
1.3151e+01
1.3156e+01
1.3166e+01
1.3177e+01
1.3182e+01
1.3193e+01
1.3198e+01
1.3219e+01
1.3240e+01
1.3251e+01
1.3256e+01
1.3267e+01
1.3262e+01
1.3262e+01
1.3262e+01
1.3267e+01
1.3267e+01
1.3262e+01
1.3267e+01
1.3267e+01
1.3272e+01
1.3288e+01
1.3293e+01
1.3304e+01
1.3336e+01
1.3357e+01
1.3383e+01
1.3404e+01
1.3420e+01
1.3431e+01
1.3447e+01
1.3452e+01
1.3457e+01
1.3457e+01
1.3462e+01
1.3457e+01
1.3457e+01
1.3452e+01
1.3447e+01
1.3441e+01
1.3436e+01
1.3425e+01
1.3415e+01
1.3399e+01
1.3378e+01
1.3362e+01
1.3346e+01
1.3325e+01
1.3304e+01
1.3283e+01
1.3272e+01
1.3251e+01
1.3230e+01
1.3198e+01
1.3177e+01
1.3151e+01
1.3129e+01
1.3108e+01
1.3087e+01
1.3055e+01
1.3029e+01
1.2997e+01
1.2965e+01
1.2934e+01
1.2907e+01
1.2870e+01
1.2838e+01
1.2806e+01
1.2769e+01
1.2738e+01
1.2695e+01
1.2658e+01
1.2626e+01
1.2584e+01
1.2541e+01
1.2504e+01
1.2472e+01
1.2430e+01
1.2377e+01
1.2340e+01
1.2308e+01
1.2265e+01
1.2233e+01
1.2201e+01
1.2170e+01
1.2138e+01
1.2106e+01
1.2074e+01
1.2053e+01
1.2026e+01
1.2010e+01
1.1999e+01
1.1989e+01
1.1978e+01
1.1978e+01
1.1978e+01
1.1978e+01
1.1989e+01
1.1994e+01
1.2005e+01
1.2010e+01
1.2021e+01
1.2042e+01
1.2053e+01
1.2058e+01
1.2074e+01
1.2085e+01
1.2090e+01
1.2090e+01
1.2090e+01
1.2100e+01
1.2095e+01
1.2100e+01
1.2100e+01
1.2090e+01
1.2095e+01
1.2085e+01
1.2079e+01
1.2069e+01
1.2058e+01
1.2042e+01
1.2031e+01
1.2015e+01
1.1999e+01
1.1983e+01
1.1952e+01
1.1930e+01
1.1914e+01
1.1898e+01
1.1882e+01
1.1861e+01
1.1850e+01
1.1829e+01
1.1818e+01
1.1818e+01
1.1818e+01
1.1813e+01
1.1813e+01
1.1818e+01
1.1829e+01
1.1840e+01
1.1850e+01
1.1850e+01
1.1872e+01
1.1882e+01
1.1898e+01
1.1909e+01
1.1920e+01
1.1936e+01
1.1941e+01
1.1952e+01
1.1946e+01
1.1957e+01
1.1957e+01
1.1946e+01
1.1941e+01
1.1930e+01
1.1920e+01
1.1914e+01
1.1898e+01
1.1882e+01
1.1866e+01
1.1845e+01
1.1824e+01
1.1803e+01
1.1781e+01
1.1765e+01
1.1733e+01
1.1707e+01
1.1675e+01
1.1643e+01
1.1605e+01
1.1573e+01
1.1536e+01
1.1493e+01
1.1451e+01
1.1419e+01
1.1376e+01
1.1339e+01
1.1296e+01
1.1248e+01
1.1205e+01
1.1168e+01
1.1120e+01
1.1072e+01
1.1034e+01
1.0997e+01
1.0949e+01
1.0906e+01
1.0863e+01
1.0831e+01
1.0788e+01
1.0751e+01
1.0713e+01
1.0676e+01
1.0638e+01
1.0601e+01
1.0564e+01
1.0526e+01
1.0489e+01
1.0462e+01
1.0424e+01
1.0392e+01
1.0355e+01
1.0317e+01
1.0285e+01
1.0247e+01
1.0210e+01
1.0183e+01
1.0145e+01
1.0118e+01
1.0092e+01
1.0059e+01
1.0033e+01
1.0006e+01
9.9788e+00
9.9573e+00
9.9305e+00
9.9090e+00
9.8875e+00
9.8606e+00
9.8337e+00
9.8176e+00
9.8069e+00
9.7854e+00
9.7638e+00
9.7423e+00
9.7208e+00
9.6993e+00
9.6832e+00
9.6617e+00
9.6401e+00
9.6240e+00
9.6078e+00
9.5917e+00
9.5702e+00
9.5433e+00
9.5271e+00
9.5002e+00
9.4840e+00
9.4625e+00
9.4517e+00
9.4356e+00
9.4194e+00
9.4033e+00
9.3871e+00
9.3763e+00
9.3602e+00
9.3494e+00
9.3332e+00
9.3278e+00
9.3170e+00
9.3063e+00
9.2955e+00
9.2793e+00
9.2793e+00
9.2578e+00
9.2524e+00
9.2524e+00
9.2685e+00
9.2685e+00
9.2955e+00
9.3117e+00
9.3494e+00
9.3763e+00
9.4248e+00
9.4679e+00
9.5325e+00
9.5971e+00
9.6724e+00
9.7423e+00
9.8284e+00
9.9036e+00
9.9896e+00
1.0065e+01
1.0151e+01
1.0220e+01
1.0301e+01
1.0381e+01
1.0462e+01
1.0537e+01
1.0617e+01
1.0697e+01
1.0756e+01
1.0826e+01
1.0895e+01
1.0976e+01
1.1050e+01
1.1131e+01
1.1200e+01
1.1264e+01
1.1344e+01
1.1424e+01
1.1499e+01
1.1563e+01
1.1632e+01
1.1691e+01
1.1755e+01
1.1803e+01
1.1856e+01
1.1882e+01
1.1920e+01
1.1936e+01
1.1952e+01
1.1952e+01
1.1957e+01
1.1952e+01
1.1941e+01
1.1925e+01
1.1920e+01
1.1898e+01
1.1866e+01
1.1845e+01
1.1813e+01
1.1787e+01
1.1749e+01
1.1723e+01
1.1685e+01
1.1659e+01
1.1627e+01
1.1611e+01
1.1589e+01
1.1568e+01
1.1563e+01
1.1573e+01
1.1568e+01
1.1579e+01
1.1584e+01
1.1611e+01
1.1637e+01
1.1669e+01
1.1707e+01
1.1765e+01
1.1824e+01
1.1877e+01
1.1920e+01
1.1973e+01
1.2031e+01
1.2079e+01
1.2143e+01
1.2212e+01
1.2265e+01
1.2313e+01
1.2361e+01
1.2414e+01
1.2456e+01
1.2499e+01
1.2520e+01
1.2536e+01
1.2552e+01
1.2563e+01
1.2573e+01
1.2589e+01
1.2594e+01
1.2600e+01
1.2589e+01
1.2573e+01
1.2563e+01
1.2557e+01
1.2531e+01
1.2494e+01
1.2467e+01
1.2425e+01
1.2382e+01
1.2345e+01
1.2286e+01
1.2233e+01
1.2186e+01
1.2127e+01
1.2074e+01
1.2026e+01
1.1978e+01
1.1920e+01
1.1866e+01
1.1824e+01
1.1781e+01
1.1733e+01
1.1680e+01
1.1627e+01
1.1557e+01
1.1488e+01
1.1429e+01
1.1355e+01
1.1285e+01
1.1227e+01
1.1157e+01
1.1082e+01
1.1029e+01
1.0954e+01
1.0890e+01
1.0820e+01
1.0751e+01
1.0687e+01
1.0612e+01
1.0537e+01
1.0462e+01
1.0387e+01
1.0322e+01
1.0247e+01
1.0172e+01
1.0108e+01
1.0043e+01
9.9681e+00
9.9036e+00
9.8499e+00
9.7907e+00
9.7208e+00
9.6670e+00
9.6186e+00
9.5648e+00
9.5002e+00
9.4463e+00
9.3979e+00
9.3494e+00
9.2901e+00
9.2470e+00
9.1931e+00
9.1391e+00
9.0852e+00
9.0366e+00
8.9827e+00
8.9341e+00
8.8801e+00
8.8261e+00
8.7775e+00
8.7234e+00
8.6694e+00
8.6207e+00
8.5612e+00
8.5071e+00
8.4530e+00
8.3989e+00
8.3502e+00
8.3069e+00
8.2636e+00
8.2148e+00
8.1715e+00
8.1281e+00
8.0793e+00
8.0305e+00
7.9926e+00
7.9437e+00
7.9112e+00
7.8732e+00
7.8244e+00
7.7972e+00
7.7592e+00
7.7212e+00
7.6832e+00
7.6452e+00
7.6126e+00
7.5854e+00
7.5528e+00
7.5202e+00
7.4876e+00
7.4550e+00
7.4169e+00
7.3788e+00
7.3407e+00
7.3081e+00
7.2646e+00
7.2265e+00
7.1938e+00
7.1611e+00
7.1230e+00
7.0903e+00
7.0577e+00
7.0304e+00
6.9977e+00
6.9650e+00
6.9378e+00
6.9160e+00
6.8887e+00
6.8615e+00
6.8287e+00
6.8015e+00
6.7796e+00
6.7469e+00
6.7196e+00
6.6923e+00
6.6651e+00
6.6378e+00
6.6159e+00
6.5886e+00
6.5559e+00
6.5286e+00
6.5067e+00
6.4794e+00
6.4521e+00
6.4193e+00
6.3974e+00
6.3701e+00
6.3319e+00
6.3045e+00
6.2717e+00
6.2389e+00
6.2116e+00
6.1842e+00
6.1569e+00
6.1295e+00
6.1076e+00
6.0857e+00
6.0529e+00
6.0200e+00
5.9927e+00
5.9762e+00
5.9598e+00
5.9379e+00
5.9105e+00
5.8831e+00
5.8557e+00
5.8338e+00
5.8119e+00
5.7845e+00
5.7626e+00
5.7406e+00
5.7132e+00
5.6913e+00
5.6748e+00
5.6529e+00
5.6255e+00
5.6035e+00
5.5816e+00
5.5596e+00
5.5267e+00
5.4938e+00
5.4663e+00
5.4444e+00
5.4169e+00
5.3895e+00
5.3675e+00
5.3510e+00
5.3346e+00
5.3071e+00
5.2796e+00
5.2576e+00
5.2412e+00
5.2137e+00
5.1917e+00
5.1807e+00
5.1532e+00
5.1312e+00
5.1092e+00
5.0982e+00
5.0762e+00
5.0542e+00
5.0377e+00
5.0212e+00
4.9882e+00
4.9717e+00
4.9497e+00
4.9387e+00
4.9112e+00
4.8947e+00
4.8727e+00
4.8451e+00
4.8066e+00
4.7791e+00
4.7515e+00
4.7240e+00
4.7019e+00
4.6799e+00
4.6579e+00
4.6358e+00
4.6138e+00
4.5972e+00
4.5752e+00
4.5476e+00
4.5311e+00
4.5090e+00
4.4815e+00
4.4539e+00
4.4318e+00
4.4097e+00
4.3932e+00
4.3711e+00
4.3490e+00
4.3325e+00
4.3049e+00
4.2828e+00
4.2663e+00
4.2442e+00
4.2221e+00
4.2000e+00
4.1779e+00
4.1503e+00
4.1282e+00
4.1006e+00
4.0674e+00
4.0398e+00
4.0121e+00
3.9845e+00
3.9569e+00
3.9292e+00
3.9071e+00
3.8850e+00
3.8684e+00
3.8463e+00
3.8241e+00
3.8020e+00
3.7743e+00
3.7577e+00
3.7356e+00
3.7134e+00
3.6913e+00
3.6692e+00
3.6526e+00
3.6304e+00
3.6138e+00
3.5916e+00
3.5639e+00
3.5473e+00
3.5252e+00
3.5030e+00
3.4808e+00
3.4642e+00
3.4420e+00
3.4254e+00
3.4032e+00
3.3811e+00
3.3533e+00
3.3201e+00
3.2923e+00
3.2702e+00
3.2424e+00
3.2202e+00
3.1980e+00
3.1703e+00
3.1536e+00
3.1314e+00
3.1092e+00
3.0870e+00
3.0704e+00
3.0426e+00
3.0148e+00
2.9926e+00
2.9704e+00
2.9482e+00
2.9204e+00
2.9093e+00
2.8926e+00
2.8648e+00
2.8426e+00
2.8204e+00
2.7926e+00
2.7648e+00
2.7481e+00
2.7259e+00
2.6980e+00
2.6814e+00
2.6591e+00
2.6313e+00
2.5979e+00
2.5756e+00
2.5534e+00
2.5311e+00
2.4977e+00
2.4754e+00
2.4587e+00
2.4420e+00
2.4198e+00
2.3975e+00
2.3641e+00
2.3418e+00
2.3195e+00
2.2972e+00
2.2749e+00
2.2582e+00
2.2359e+00
2.2136e+00
2.2024e+00
2.1801e+00
2.1578e+00
2.1300e+00
2.1132e+00
2.1021e+00
2.0742e+00
2.0519e+00
2.0351e+00
2.0072e+00
1.9905e+00
1.9682e+00
1.9514e+00
1.9235e+00
1.8956e+00
1.8677e+00
1.8398e+00
1.8230e+00
1.8007e+00
1.7839e+00
1.7560e+00
1.7392e+00
1.7224e+00
1.7113e+00
1.6889e+00
1.6666e+00
1.6442e+00
1.6218e+00
1.6051e+00
1.5883e+00
1.5715e+00
1.5547e+00
1.5324e+00
1.5044e+00
1.4876e+00
1.4708e+00
1.4541e+00
1.4317e+00
1.4149e+00
1.3981e+00
1.3757e+00
1.3533e+00
1.3365e+00
1.3197e+00
1.2973e+00
1.2749e+00
1.2581e+00
1.2413e+00
1.2133e+00
1.1853e+00
1.1629e+00
1.1349e+00
1.1069e+00
1.0957e+00
1.0789e+00
1.0508e+00
1.0284e+00
1.0116e+00
9.8356e-01
9.6674e-01
9.4431e-01
9.2187e-01
8.9383e-01
8.7700e-01
8.6016e-01
8.4333e-01
8.2650e-01
8.0405e-01
7.8721e-01
7.6476e-01
7.4792e-01
7.3670e-01
7.1424e-01
6.9178e-01
6.8616e-01
6.6932e-01
6.5809e-01
6.4124e-01
6.3562e-01
6.1315e-01
6.0192e-01
5.9068e-01
5.8507e-01
5.6821e-01
5.6259e-01
5.5698e-01
5.5136e-01
5.3450e-01
5.1764e-01
5.1764e-01
5.2326e-01
5.1202e-01
5.0078e-01
4.8954e-01
4.8392e-01
4.7268e-01
4.6706e-01
4.6144e-01
4.4457e-01
4.3333e-01
4.3333e-01
4.1646e-01
4.0522e-01
3.9960e-01
3.8273e-01
3.6585e-01
3.5461e-01
3.4898e-01
3.2649e-01
3.1524e-01
2.9836e-01
2.7586e-01
2.5335e-01
2.3084e-01
2.1396e-01
2.0271e-01
1.8019e-01
1.6331e-01
1.5205e-01
1.2953e-01
1.0701e-01
9.0115e-02
7.3221e-02
6.1958e-02
4.5062e-02
3.3797e-02
2.2532e-02
1.6899e-02
5.6330e-03
0000
0000
1.1266e-02
1.1266e-02
1.1266e-02
2.2532e-02
3.9430e-02
4.5062e-02
5.6326e-02
7.3221e-02
9.0115e-02
1.0138e-01
1.2953e-01
1.4079e-01
1.5768e-01
1.6893e-01
1.9145e-01
2.0271e-01
2.0833e-01
2.2522e-01
2.3647e-01
2.4773e-01
2.5335e-01
2.5335e-01
2.5335e-01
2.5898e-01
2.7023e-01
2.7586e-01
2.7586e-01
2.8148e-01
2.9274e-01
3.0399e-01
3.2086e-01
3.3774e-01
3.6023e-01
3.8273e-01
4.1084e-01
4.2209e-01
4.4457e-01
4.6706e-01
4.9516e-01
5.1202e-01
5.2888e-01
5.4574e-01
5.6821e-01
5.7383e-01
5.9630e-01
6.0754e-01
6.1877e-01
6.1877e-01
6.3001e-01
6.4124e-01
6.4685e-01
6.5247e-01
6.6370e-01
6.7493e-01
6.9739e-01
7.1424e-01
7.4792e-01
7.8160e-01
8.3211e-01
8.8822e-01
9.6113e-01
1.0452e+00
1.1461e+00
1.2413e+00
1.3477e+00
1.4541e+00
1.5771e+00
1.6889e+00
1.8118e+00
1.9235e+00
2.0351e+00
2.1578e+00
2.2582e+00
2.3641e+00
2.4643e+00
2.5701e+00
2.6591e+00
2.7648e+00
2.8648e+00
2.9815e+00
3.0537e+00
3.1814e+00
3.2258e+00
3.3256e+00
3.3589e+00
3.4698e+00
3.4864e+00
3.5695e+00
3.5861e+00
3.6581e+00
3.6692e+00
3.7467e+00
3.7688e+00
3.8407e+00
3.8518e+00
3.9182e+00
3.9347e+00
4.0121e+00
4.0343e+00
4.1061e+00
4.1227e+00
4.1724e+00
4.1889e+00
4.2442e+00
4.2442e+00
4.2663e+00
4.2607e+00
4.2718e+00
4.2607e+00
4.2552e+00
4.2386e+00
4.2276e+00
4.2055e+00
4.1779e+00
4.1503e+00
4.1227e+00
4.0950e+00
4.0564e+00
4.0177e+00
3.9790e+00
3.9458e+00
3.8960e+00
3.8518e+00
3.7965e+00
3.7577e+00
3.6968e+00
3.6526e+00
3.5972e+00
3.5529e+00
3.4864e+00
3.4420e+00
3.3700e+00
3.3256e+00
3.2535e+00
3.2036e+00
3.1370e+00
3.0815e+00
3.0093e+00
2.9593e+00
2.8815e+00
2.8259e+00
2.7592e+00
2.7147e+00
2.6369e+00
2.5923e+00
2.5256e+00
2.4866e+00
2.4309e+00
2.3919e+00
2.3362e+00
2.3028e+00
2.2526e+00
2.2415e+00
2.2192e+00
2.2247e+00
2.2247e+00
2.2526e+00
2.2638e+00
2.3083e+00
2.3529e+00
2.4253e+00
2.4866e+00
2.5756e+00
2.6535e+00
2.7425e+00
2.8371e+00
2.9260e+00
2.9871e+00
3.0482e+00
3.0870e+00
3.1370e+00
3.1758e+00
3.2036e+00
3.2369e+00
3.2646e+00
3.2923e+00
3.3145e+00
3.3423e+00
3.3589e+00
3.3977e+00
3.4088e+00
3.4420e+00
3.4420e+00
3.4642e+00
3.4753e+00
3.5141e+00
3.5141e+00
3.5473e+00
3.5473e+00
3.5584e+00
3.5584e+00
3.5750e+00
3.5695e+00
3.5750e+00
3.5695e+00
3.5806e+00
3.5750e+00
3.5750e+00
3.5750e+00
3.5861e+00
3.5861e+00
3.6027e+00
3.6138e+00
3.6359e+00
3.6526e+00
3.6913e+00
3.7134e+00
3.7577e+00
3.7854e+00
3.8297e+00
3.8518e+00
3.9071e+00
3.9403e+00
3.9900e+00
4.0066e+00
4.0564e+00
4.0785e+00
4.1171e+00
4.1337e+00
4.1779e+00
4.1945e+00
4.2166e+00
4.2221e+00
4.2386e+00
4.2331e+00
4.2386e+00
4.2276e+00
4.2386e+00
4.2221e+00
4.2166e+00
4.1889e+00
4.1724e+00
4.1448e+00
4.1227e+00
4.0895e+00
4.0564e+00
4.0398e+00
4.0121e+00
3.9900e+00
3.9790e+00
3.9624e+00
3.9458e+00
3.9347e+00
3.9292e+00
3.9126e+00
3.8960e+00
3.8905e+00
3.8684e+00
3.8573e+00
3.8407e+00
3.8241e+00
3.8075e+00
3.7854e+00
3.7633e+00
3.7467e+00
3.7301e+00
3.6968e+00
3.6470e+00
3.6249e+00
3.6083e+00
3.5695e+00
3.5252e+00
3.4919e+00
3.4531e+00
3.4199e+00
3.3589e+00
3.3256e+00
3.2702e+00
3.2202e+00
3.1536e+00
3.1148e+00
3.0537e+00
3.0093e+00
2.9537e+00
2.9037e+00
2.8259e+00
2.7815e+00
2.7147e+00
2.6591e+00
2.5868e+00
2.5367e+00
2.4754e+00
2.4198e+00
2.3585e+00
2.3195e+00
2.2693e+00
2.2303e+00
2.1969e+00
2.1746e+00
2.1467e+00
2.1467e+00
2.1300e+00
2.1355e+00
2.1411e+00
2.1467e+00
2.1578e+00
2.1801e+00
2.1801e+00
2.2024e+00
2.2136e+00
2.2359e+00
2.2415e+00
2.2582e+00
2.2638e+00
2.2749e+00
2.2805e+00
2.2916e+00
2.3028e+00
2.3083e+00
2.3139e+00
2.3139e+00
2.3139e+00
2.3362e+00
2.3473e+00
2.3418e+00
2.3529e+00
2.3696e+00
2.3696e+00
2.3808e+00
2.3975e+00
2.3975e+00
2.3919e+00
2.3919e+00
2.4031e+00
2.3975e+00
2.3863e+00
2.3752e+00
2.3696e+00
2.3473e+00
2.3195e+00
2.2972e+00
2.2749e+00
2.2470e+00
2.2080e+00
2.1690e+00
2.1355e+00
2.0965e+00
2.0463e+00
2.0016e+00
1.9626e+00
1.9123e+00
1.8677e+00
1.8118e+00
1.7504e+00
1.7057e+00
1.6498e+00
1.5883e+00
1.5268e+00
1.4764e+00
1.4261e+00
1.3701e+00
1.3085e+00
1.2469e+00
1.1853e+00
1.1293e+00
1.0733e+00
1.0116e+00
9.4431e-01
8.9383e-01
8.2650e-01
7.7038e-01
7.0862e-01
6.5809e-01
5.9630e-01
5.4574e-01
4.9516e-01
4.3895e-01
3.8835e-01
3.4898e-01
2.9274e-01
2.5898e-01
2.2522e-01
1.9145e-01
1.5768e-01
1.4642e-01
1.2390e-01
1.2390e-01
1.1264e-01
1.1827e-01
1.2953e-01
1.3516e-01
1.4079e-01
1.6331e-01
1.8582e-01
2.1396e-01
2.4773e-01
2.6461e-01
2.7586e-01
2.9836e-01
3.0961e-01
3.2086e-01
3.3774e-01
3.4898e-01
3.4336e-01
3.4898e-01
3.6023e-01
3.4898e-01
3.4898e-01
3.4336e-01
3.3774e-01
3.3211e-01
3.3211e-01
3.2649e-01
3.2086e-01
3.1524e-01
3.1524e-01
3.1524e-01
