1.6425e+01
1.6423e+01
1.6428e+01
1.6440e+01
1.6440e+01
1.6449e+01
1.6463e+01
1.6469e+01
1.6492e+01
1.6507e+01
1.6521e+01
1.6527e+01
1.6536e+01
1.6547e+01
1.6564e+01
1.6576e+01
1.6599e+01
1.6619e+01
1.6654e+01
1.6674e+01
1.6706e+01
1.6735e+01
1.6776e+01
1.6810e+01
1.6851e+01
1.6903e+01
1.6963e+01
1.7007e+01
1.7067e+01
1.7096e+01
1.7133e+01
1.7133e+01
1.7145e+01
1.7142e+01
1.7142e+01
1.7142e+01
1.7142e+01
1.7151e+01
1.7145e+01
1.7151e+01
1.7151e+01
1.7145e+01
1.7133e+01
1.7131e+01
1.7128e+01
1.7113e+01
1.7093e+01
1.7079e+01
1.7053e+01
1.7044e+01
1.7012e+01
1.6992e+01
1.6952e+01
1.6926e+01
1.6888e+01
1.6859e+01
1.6822e+01
1.6793e+01
1.6755e+01
1.6729e+01
1.6686e+01
1.6640e+01
1.6576e+01
1.6530e+01
1.6472e+01
1.6434e+01
1.6379e+01
1.6341e+01
1.6298e+01
1.6266e+01
1.6214e+01
1.6182e+01
1.6136e+01
1.6101e+01
1.6063e+01
1.6025e+01
1.5985e+01
1.5950e+01
1.5912e+01
1.5880e+01
1.5839e+01
1.5810e+01
1.5772e+01
1.5743e+01
1.5706e+01
1.5671e+01
1.5636e+01
1.5612e+01
1.5583e+01
1.5569e+01
1.5545e+01
1.5522e+01
1.5499e+01
1.5490e+01
1.5481e+01
1.5490e+01
1.5493e+01
1.5508e+01
1.5534e+01
1.5566e+01
1.5595e+01
1.5624e+01
1.5656e+01
1.5697e+01
1.5732e+01
1.5770e+01
1.5810e+01
1.5845e+01
1.5871e+01
1.5909e+01
1.5935e+01
1.5958e+01
1.5982e+01
1.6008e+01
1.6025e+01
1.6072e+01
1.6109e+01
1.6130e+01
1.6168e+01
1.6208e+01
1.6228e+01
1.6226e+01
1.6208e+01
1.6191e+01
1.6159e+01
1.6130e+01
1.6092e+01
1.6063e+01
1.6034e+01
1.5999e+01
1.5973e+01
1.5938e+01
1.5903e+01
1.5868e+01
1.5842e+01
1.5810e+01
1.5778e+01
1.5746e+01
1.5717e+01
1.5688e+01
1.5662e+01
1.5630e+01
1.5604e+01
1.5572e+01
1.5540e+01
1.5502e+01
1.5473e+01
1.5446e+01
1.5414e+01
1.5382e+01
1.5356e+01
1.5324e+01
1.5298e+01
1.5254e+01
1.5216e+01
1.5169e+01
1.5122e+01
1.5084e+01
1.5049e+01
1.5008e+01
1.4973e+01
1.4941e+01
1.4912e+01
1.4886e+01
1.4851e+01
1.4815e+01
1.4789e+01
1.4760e+01
1.4728e+01
1.4701e+01
1.4675e+01
1.4646e+01
1.4616e+01
1.4584e+01
1.4563e+01
1.4528e+01
1.4505e+01
1.4487e+01
1.4452e+01
1.4423e+01
1.4393e+01
1.4373e+01
1.4352e+01
1.4329e+01
1.4305e+01
1.4261e+01
1.4220e+01
1.4188e+01
1.4164e+01
1.4135e+01
1.4117e+01
1.4100e+01
1.4082e+01
1.4064e+01
1.4047e+01
1.4029e+01
1.4014e+01
1.4008e+01
1.3991e+01
1.3982e+01
1.3976e+01
1.3964e+01
1.3961e+01
1.3955e+01
1.3947e+01
1.3941e+01
1.3929e+01
1.3917e+01
1.3908e+01
1.3905e+01
1.3888e+01
1.3882e+01
1.3870e+01
1.3858e+01
1.3844e+01
1.3832e+01
1.3802e+01
1.3773e+01
1.3749e+01
1.3723e+01
1.3696e+01
1.3670e+01
1.3655e+01
1.3634e+01
1.3614e+01
1.3593e+01
1.3578e+01
1.3563e+01
1.3540e+01
1.3519e+01
1.3501e+01
1.3496e+01
1.3478e+01
1.3460e+01
1.3451e+01
1.3436e+01
1.3422e+01
1.3407e+01
1.3398e+01
1.3392e+01
1.3383e+01
1.3377e+01
1.3369e+01
1.3366e+01
1.3366e+01
1.3366e+01
1.3360e+01
1.3360e+01
1.3354e+01
1.3333e+01
1.3321e+01
1.3301e+01
1.3280e+01
1.3268e+01
1.3256e+01
1.3241e+01
1.3227e+01
1.3212e+01
1.3197e+01
1.3188e+01
1.3167e+01
1.3147e+01
1.3132e+01
1.3120e+01
1.3096e+01
1.3082e+01
1.3064e+01
1.3043e+01
1.3022e+01
1.3002e+01
1.2981e+01
1.2957e+01
1.2942e+01
1.2925e+01
1.2898e+01
1.2880e+01
1.2862e+01
1.2848e+01
1.2833e+01
1.2818e+01
1.2806e+01
1.2771e+01
1.2747e+01
1.2720e+01
1.2699e+01
1.2676e+01
1.2670e+01
1.2652e+01
1.2631e+01
1.2613e+01
1.2592e+01
1.2581e+01
1.2578e+01
1.2569e+01
1.2566e+01
1.2560e+01
1.2548e+01
1.2545e+01
1.2545e+01
1.2545e+01
1.2545e+01
1.2545e+01
1.2548e+01
1.2551e+01
1.2551e+01
1.2545e+01
1.2539e+01
1.2539e+01
1.2539e+01
1.2542e+01
1.2539e+01
1.2533e+01
1.2533e+01
1.2512e+01
1.2491e+01
1.2477e+01
1.2459e+01
1.2444e+01
1.2426e+01
1.2417e+01
1.2399e+01
1.2376e+01
1.2361e+01
1.2349e+01
1.2331e+01
1.2316e+01
1.2304e+01
1.2295e+01
1.2289e+01
1.2280e+01
1.2265e+01
1.2260e+01
1.2265e+01
1.2262e+01
1.2268e+01
1.2280e+01
1.2298e+01
1.2307e+01
1.2340e+01
1.2358e+01
1.2390e+01
1.2426e+01
1.2471e+01
1.2494e+01
1.2554e+01
1.2584e+01
1.2634e+01
1.2670e+01
1.2717e+01
1.2750e+01
1.2803e+01
1.2854e+01
1.2910e+01
1.2954e+01
1.3005e+01
1.3049e+01
1.3096e+01
1.3138e+01
1.3176e+01
1.3206e+01
1.3241e+01
1.3277e+01
1.3304e+01
1.3336e+01
1.3360e+01
1.3389e+01
1.3410e+01
1.3434e+01
1.3451e+01
1.3469e+01
1.3478e+01
1.3490e+01
1.3493e+01
1.3510e+01
1.3516e+01
1.3540e+01
1.3549e+01
1.3566e+01
1.3572e+01
1.3566e+01
1.3555e+01
1.3549e+01
1.3543e+01
1.3543e+01
1.3531e+01
1.3516e+01
1.3504e+01
1.3496e+01
1.3478e+01
1.3460e+01
1.3431e+01
1.3404e+01
1.3374e+01
1.3351e+01
1.3324e+01
1.3295e+01
1.3265e+01
1.3233e+01
1.3197e+01
1.3167e+01
1.3129e+01
1.3102e+01
1.3070e+01
1.3031e+01
1.2996e+01
1.2975e+01
1.2945e+01
1.2922e+01
1.2895e+01
1.2871e+01
1.2839e+01
1.2794e+01
1.2750e+01
1.2708e+01
1.2667e+01
1.2634e+01
1.2601e+01
1.2578e+01
1.2545e+01
1.2518e+01
1.2491e+01
1.2474e+01
1.2447e+01
1.2423e+01
1.2405e+01
1.2390e+01
1.2361e+01
1.2340e+01
1.2325e+01
1.2307e+01
1.2280e+01
1.2260e+01
1.2233e+01
1.2212e+01
1.2182e+01
1.2155e+01
1.2131e+01
1.2105e+01
1.2084e+01
1.2054e+01
1.2024e+01
1.1997e+01
1.1968e+01
1.1932e+01
1.1902e+01
1.1851e+01
1.1792e+01
1.1753e+01
1.1714e+01
1.1669e+01
1.1633e+01
1.1594e+01
1.1559e+01
1.1529e+01
1.1505e+01
1.1475e+01
1.1436e+01
1.1406e+01
1.1379e+01
1.1352e+01
1.1328e+01
1.1295e+01
1.1268e+01
1.1250e+01
1.1223e+01
1.1202e+01
1.1175e+01
1.1154e+01
1.1136e+01
1.1109e+01
1.1088e+01
1.1070e+01
1.1049e+01
1.1022e+01
1.0998e+01
1.0980e+01
1.0962e+01
1.0944e+01
1.0917e+01
1.0875e+01
1.0836e+01
1.0812e+01
1.0785e+01
1.0764e+01
1.0740e+01
1.0716e+01
1.0695e+01
1.0674e+01
1.0653e+01
1.0626e+01
1.0605e+01
1.0599e+01
1.0578e+01
1.0557e+01
1.0542e+01
1.0533e+01
1.0521e+01
1.0500e+01
1.0491e+01
1.0476e+01
1.0470e+01
1.0451e+01
1.0445e+01
1.0430e+01
1.0415e+01
1.0403e+01
1.0406e+01
1.0394e+01
1.0400e+01
1.0391e+01
1.0376e+01
1.0346e+01
1.0313e+01
1.0286e+01
1.0271e+01
1.0250e+01
1.0225e+01
1.0198e+01
1.0183e+01
1.0168e+01
1.0150e+01
1.0135e+01
1.0123e+01
1.0099e+01
1.0087e+01
1.0072e+01
1.0050e+01
1.0041e+01
1.0023e+01
1.0014e+01
9.9991e+00
9.9840e+00
9.9659e+00
9.9538e+00
9.9327e+00
9.9206e+00
9.9115e+00
9.8934e+00
9.8692e+00
9.8571e+00
9.8420e+00
9.8330e+00
9.8209e+00
9.7997e+00
9.7785e+00
9.7543e+00
9.7332e+00
9.7090e+00
9.6757e+00
9.6515e+00
9.6333e+00
9.6091e+00
9.5909e+00
9.5728e+00
9.5576e+00
9.5425e+00
9.5273e+00
9.5001e+00
9.4879e+00
9.4728e+00
9.4486e+00
9.4334e+00
9.4182e+00
9.4061e+00
9.3849e+00
9.3637e+00
9.3485e+00
9.3364e+00
9.3273e+00
9.3152e+00
9.3030e+00
9.2939e+00
9.2818e+00
9.2818e+00
9.2757e+00
9.2727e+00
9.2757e+00
9.2666e+00
9.2696e+00
9.2666e+00
9.2696e+00
9.2696e+00
9.2696e+00
9.2666e+00
9.2757e+00
9.2818e+00
9.2909e+00
9.3000e+00
9.3182e+00
9.3243e+00
9.3333e+00
9.3455e+00
9.3515e+00
9.3667e+00
9.3788e+00
9.4031e+00
9.4182e+00
9.4364e+00
9.4576e+00
9.4758e+00
9.4970e+00
9.5152e+00
9.5334e+00
9.5425e+00
9.5637e+00
9.5818e+00
9.5939e+00
9.5939e+00
9.6091e+00
9.6272e+00
9.6303e+00
9.6242e+00
9.6182e+00
9.6151e+00
9.6151e+00
9.6151e+00
9.6212e+00
9.6212e+00
9.6333e+00
9.6363e+00
9.6575e+00
9.6696e+00
9.6878e+00
9.6848e+00
9.7059e+00
9.7241e+00
9.7422e+00
9.7513e+00
9.7725e+00
9.7846e+00
9.8057e+00
9.8299e+00
9.8511e+00
9.8722e+00
9.8904e+00
9.9085e+00
9.9236e+00
9.9327e+00
9.9478e+00
9.9659e+00
9.9780e+00
9.9870e+00
1.0008e+01
1.0008e+01
1.0020e+01
1.0014e+01
1.0023e+01
1.0023e+01
1.0029e+01
1.0029e+01
1.0047e+01
1.0050e+01
1.0075e+01
1.0093e+01
1.0123e+01
1.0144e+01
1.0177e+01
1.0195e+01
1.0222e+01
1.0234e+01
1.0262e+01
1.0274e+01
1.0298e+01
1.0301e+01
1.0313e+01
1.0310e+01
1.0319e+01
1.0310e+01
1.0301e+01
1.0289e+01
1.0283e+01
1.0274e+01
1.0262e+01
1.0247e+01
1.0228e+01
1.0198e+01
1.0159e+01
1.0126e+01
1.0096e+01
1.0066e+01
1.0023e+01
9.9840e+00
9.9478e+00
9.9176e+00
9.8904e+00
9.8541e+00
9.8178e+00
9.7815e+00
9.7422e+00
9.7090e+00
9.6726e+00
9.6394e+00
9.5970e+00
9.5637e+00
9.5273e+00
9.4940e+00
9.4607e+00
9.4243e+00
9.3879e+00
9.3606e+00
9.3303e+00
9.3000e+00
9.2605e+00
9.2302e+00
9.2029e+00
9.1634e+00
9.1209e+00
9.0814e+00
9.0359e+00
8.9963e+00
8.9599e+00
8.9295e+00
8.8960e+00
8.8656e+00
8.8413e+00
8.8139e+00
8.7804e+00
8.7561e+00
8.7287e+00
8.7043e+00
8.6769e+00
8.6525e+00
8.6251e+00
8.6038e+00
8.5855e+00
8.5581e+00
8.5276e+00
8.5063e+00
8.4910e+00
8.4666e+00
8.4453e+00
8.4331e+00
8.4087e+00
8.3904e+00
8.3751e+00
8.3537e+00
8.3354e+00
8.3049e+00
8.2713e+00
8.2499e+00
8.2194e+00
8.1980e+00
8.1797e+00
8.1583e+00
8.1430e+00
8.1216e+00
8.1033e+00
8.0849e+00
8.0635e+00
8.0421e+00
8.0238e+00
8.0085e+00
7.9901e+00
7.9718e+00
7.9595e+00
7.9381e+00
7.9198e+00
7.9045e+00
7.8769e+00
7.8585e+00
7.8432e+00
7.8249e+00
7.8065e+00
7.7973e+00
7.7820e+00
7.7636e+00
7.7514e+00
7.7360e+00
7.7207e+00
7.7207e+00
7.7054e+00
7.6839e+00
7.6594e+00
7.6441e+00
7.6288e+00
7.6165e+00
7.6012e+00
7.5828e+00
7.5674e+00
7.5490e+00
7.5306e+00
7.5122e+00
7.4877e+00
7.4693e+00
7.4508e+00
7.4386e+00
7.4109e+00
7.3894e+00
7.3710e+00
7.3587e+00
7.3403e+00
7.3280e+00
7.3065e+00
7.2881e+00
7.2696e+00
7.2573e+00
7.2420e+00
7.2235e+00
7.2082e+00
7.1959e+00
7.1805e+00
7.1620e+00
7.1436e+00
7.1251e+00
7.1036e+00
7.0821e+00
7.0698e+00
7.0574e+00
7.0451e+00
7.0328e+00
7.0236e+00
7.0113e+00
6.9959e+00
6.9867e+00
6.9743e+00
6.9682e+00
6.9559e+00
6.9497e+00
6.9528e+00
6.9435e+00
6.9466e+00
6.9343e+00
6.9312e+00
6.9158e+00
6.9189e+00
6.9066e+00
6.9004e+00
6.8912e+00
6.8881e+00
6.8758e+00
6.8758e+00
6.8696e+00
6.8635e+00
6.8481e+00
6.8419e+00
6.8326e+00
6.8265e+00
6.8080e+00
6.7864e+00
6.7618e+00
6.7494e+00
6.7278e+00
6.7093e+00
6.6816e+00
6.6631e+00
6.6384e+00
6.6168e+00
6.5983e+00
6.5767e+00
6.5581e+00
6.5427e+00
6.5087e+00
6.4902e+00
6.4686e+00
6.4439e+00
6.4223e+00
6.4006e+00
6.3759e+00
6.3481e+00
6.3264e+00
6.3048e+00
6.2770e+00
6.2491e+00
6.2368e+00
6.2151e+00
6.1842e+00
6.1594e+00
6.1408e+00
6.1130e+00
6.0944e+00
6.0696e+00
6.0449e+00
6.0170e+00
5.9860e+00
5.9612e+00
5.9364e+00
5.8992e+00
5.8682e+00
5.8372e+00
5.8124e+00
5.7876e+00
5.7628e+00
5.7379e+00
5.7131e+00
5.6883e+00
5.6603e+00
5.6324e+00
5.6107e+00
5.5858e+00
5.5672e+00
5.5423e+00
5.5175e+00
5.4957e+00
5.4740e+00
5.4522e+00
5.4304e+00
5.4118e+00
5.3931e+00
5.3713e+00
5.3465e+00
5.3278e+00
5.3122e+00
5.2842e+00
5.2718e+00
5.2469e+00
5.2189e+00
5.1940e+00
5.1628e+00
5.1379e+00
5.1161e+00
5.0912e+00
5.0631e+00
5.0413e+00
5.0195e+00
4.9977e+00
4.9852e+00
4.9634e+00
4.9446e+00
4.9228e+00
4.9010e+00
4.8854e+00
4.8729e+00
4.8542e+00
4.8355e+00
4.8292e+00
4.8167e+00
4.7980e+00
4.7824e+00
4.7668e+00
4.7512e+00
4.7418e+00
4.7262e+00
4.7137e+00
4.6949e+00
4.6793e+00
4.6731e+00
4.6606e+00
4.6356e+00
4.6231e+00
4.6043e+00
4.5793e+00
4.5574e+00
4.5356e+00
4.5168e+00
4.5012e+00
4.4886e+00
4.4699e+00
4.4511e+00
4.4261e+00
4.4104e+00
4.3917e+00
4.3823e+00
4.3635e+00
4.3447e+00
4.3290e+00
4.3197e+00
4.3009e+00
4.2789e+00
4.2727e+00
4.2633e+00
4.2508e+00
4.2351e+00
4.2288e+00
4.2226e+00
4.2132e+00
4.2069e+00
4.2006e+00
4.1944e+00
4.1944e+00
4.1818e+00
4.1630e+00
4.1567e+00
4.1505e+00
4.1379e+00
4.1317e+00
4.1254e+00
4.1191e+00
4.1160e+00
4.1066e+00
4.0940e+00
4.0909e+00
4.0784e+00
4.0721e+00
4.0596e+00
4.0533e+00
4.0470e+00
4.0439e+00
4.0313e+00
4.0219e+00
4.0031e+00
3.9905e+00
3.9811e+00
3.9717e+00
3.9592e+00
3.9372e+00
3.9246e+00
3.9058e+00
3.8870e+00
3.8681e+00
3.8524e+00
3.8304e+00
3.7990e+00
3.7708e+00
3.7488e+00
3.7236e+00
3.7016e+00
3.6733e+00
3.6513e+00
3.6356e+00
3.6167e+00
3.5947e+00
3.5695e+00
3.5475e+00
3.5286e+00
3.5003e+00
3.4877e+00
3.4720e+00
3.4531e+00
3.4310e+00
3.4090e+00
3.3901e+00
3.3744e+00
3.3555e+00
3.3366e+00
3.3177e+00
3.3050e+00
3.2861e+00
3.2672e+00
3.2452e+00
3.2231e+00
3.2073e+00
3.1884e+00
3.1632e+00
3.1379e+00
3.1001e+00
3.0748e+00
3.0591e+00
3.0433e+00
3.0149e+00
2.9928e+00
2.9801e+00
2.9675e+00
2.9422e+00
2.9138e+00
2.9043e+00
2.8949e+00
2.8696e+00
2.8506e+00
2.8348e+00
2.8190e+00
2.8032e+00
2.7811e+00
2.7621e+00
2.7495e+00
2.7305e+00
2.7147e+00
2.7020e+00
2.6735e+00
2.6482e+00
2.6419e+00
2.6324e+00
2.6198e+00
2.6071e+00
2.5913e+00
2.5786e+00
2.5533e+00
2.5216e+00
2.4963e+00
2.4709e+00
2.4519e+00
2.4329e+00
2.4171e+00
2.4044e+00
2.3885e+00
2.3695e+00
2.3505e+00
2.3347e+00
2.3188e+00
2.2998e+00
2.2839e+00
2.2712e+00
2.2649e+00
2.2554e+00
2.2395e+00
2.2205e+00
2.2078e+00
2.1919e+00
2.1792e+00
2.1634e+00
2.1475e+00
2.1316e+00
2.1157e+00
2.0999e+00
2.0872e+00
2.0745e+00
2.0522e+00
2.0300e+00
2.0109e+00
1.9887e+00
1.9696e+00
1.9506e+00
1.9347e+00
1.9220e+00
1.9061e+00
1.8870e+00
1.8711e+00
1.8552e+00
1.8425e+00
1.8202e+00
1.8043e+00
1.7947e+00
1.7820e+00
1.7693e+00
1.7598e+00
1.7534e+00
1.7470e+00
1.7343e+00
1.7247e+00
1.7152e+00
1.7088e+00
1.7056e+00
1.6993e+00
1.6993e+00
1.6993e+00
1.6961e+00
1.7025e+00
1.7088e+00
1.6929e+00
1.6770e+00
1.6643e+00
1.6547e+00
1.6515e+00
1.6515e+00
1.6388e+00
1.6356e+00
1.6388e+00
1.6261e+00
1.6197e+00
1.6165e+00
1.6038e+00
1.5942e+00
1.5910e+00
1.5878e+00
1.5751e+00
1.5655e+00
1.5592e+00
1.5528e+00
1.5560e+00
1.5432e+00
1.5305e+00
1.5241e+00
1.5177e+00
1.5082e+00
1.4986e+00
1.4986e+00
1.4954e+00
1.5018e+00
1.5050e+00
1.5114e+00
1.4986e+00
1.4859e+00
1.4795e+00
1.4731e+00
1.4667e+00
1.4636e+00
1.4667e+00
1.4667e+00
1.4604e+00
1.4604e+00
1.4636e+00
1.4508e+00
1.4380e+00
1.4349e+00
1.4253e+00
1.4157e+00
1.4157e+00
1.4093e+00
1.3966e+00
1.3902e+00
1.3838e+00
1.3711e+00
1.3551e+00
1.3519e+00
1.3456e+00
1.3360e+00
1.3232e+00
1.3105e+00
1.2977e+00
1.2785e+00
1.2626e+00
1.2370e+00
1.2019e+00
1.1796e+00
1.1604e+00
1.1381e+00
1.1221e+00
1.0997e+00
1.0773e+00
1.0518e+00
1.0326e+00
1.0134e+00
9.9104e-01
9.7825e-01
9.5587e-01
9.3348e-01
9.1749e-01
9.0149e-01
8.8229e-01
8.7270e-01
8.5030e-01
8.3429e-01
8.2469e-01
8.0869e-01
7.9589e-01
7.9268e-01
7.7347e-01
7.7027e-01
7.6067e-01
7.4786e-01
7.3505e-01
7.2864e-01
7.1263e-01
7.0302e-01
6.8380e-01
6.7419e-01
6.5176e-01
6.4215e-01
6.2933e-01
6.2292e-01
6.1331e-01
6.1972e-01
6.1651e-01
6.1972e-01
6.1972e-01
6.2933e-01
6.2613e-01
6.2613e-01
6.2933e-01
6.2613e-01
6.2292e-01
6.3574e-01
6.3574e-01
6.3895e-01
6.4215e-01
6.5497e-01
6.5817e-01
6.6138e-01
6.5497e-01
6.5176e-01
6.5497e-01
6.5176e-01
6.4856e-01
6.4215e-01
6.3574e-01
6.2933e-01
6.1651e-01
5.9728e-01
5.7805e-01
5.5240e-01
5.3637e-01
5.1393e-01
4.9468e-01
4.8827e-01
4.7865e-01
4.7223e-01
4.7865e-01
4.8185e-01
4.8506e-01
4.9148e-01
4.8506e-01
4.8506e-01
4.8185e-01
4.9148e-01
4.9148e-01
4.9468e-01
4.9789e-01
5.0751e-01
5.1072e-01
5.3317e-01
5.4599e-01
5.5561e-01
5.5882e-01
5.8767e-01
6.1651e-01
6.6778e-01
7.0302e-01
7.2864e-01
7.2864e-01
7.2864e-01
7.4466e-01
7.5106e-01
7.4786e-01
7.4466e-01
7.3505e-01
7.3185e-01
7.2864e-01
7.2224e-01
7.2544e-01
7.1263e-01
7.0622e-01
6.9982e-01
6.9341e-01
6.8060e-01
6.7419e-01
6.6138e-01
6.5817e-01
6.4215e-01
6.3895e-01
6.2613e-01
6.1331e-01
6.1010e-01
6.1651e-01
6.1010e-01
6.1010e-01
6.1651e-01
6.1972e-01
6.1972e-01
6.1331e-01
6.1651e-01
6.0369e-01
6.0049e-01
5.9408e-01
5.9408e-01
5.9087e-01
5.9408e-01
5.8446e-01
5.8126e-01
5.7485e-01
5.7485e-01
5.6843e-01
5.6523e-01
5.6202e-01
5.5882e-01
5.5240e-01
5.4599e-01
5.3958e-01
5.3317e-01
5.1713e-01
5.0751e-01
5.0751e-01
4.8827e-01
4.7223e-01
4.6582e-01
4.4977e-01
4.3052e-01
4.1127e-01
3.9202e-01
3.7918e-01
3.6313e-01
3.4387e-01
3.2140e-01
2.9250e-01
2.5075e-01
2.2504e-01
1.9613e-01
1.7042e-01
1.3828e-01
1.2221e-01
9.9702e-02
7.3978e-02
5.4683e-02
3.2168e-02
2.2518e-02
1.2868e-02
3.2170e-03
0000
0000
9.6510e-03
2.5735e-02
3.5385e-02
5.7899e-02
8.6840e-02
1.3185e-01
1.7685e-01
2.3789e-01
3.1176e-01
3.8560e-01
4.3373e-01
5.0431e-01
5.7485e-01
6.6138e-01
7.4145e-01
8.3750e-01
9.1749e-01
1.0230e+00
1.1285e+00
1.2562e+00
1.3615e+00
1.4572e+00
1.5432e+00
1.6292e+00
1.7025e+00
1.7788e+00
1.8615e+00
1.9378e+00
1.9982e+00
2.0522e+00
2.0935e+00
2.1443e+00
2.1824e+00
2.2141e+00
2.2427e+00
2.2617e+00
2.2871e+00
2.3093e+00
2.3315e+00
2.3442e+00
2.3664e+00
2.3854e+00
2.3949e+00
2.4076e+00
2.4171e+00
2.4266e+00
2.4361e+00
2.4424e+00
2.4488e+00
2.4583e+00
2.4773e+00
2.5089e+00
2.5438e+00
2.5723e+00
2.6039e+00
2.6356e+00
2.6609e+00
2.6989e+00
2.7368e+00
2.7779e+00
2.8190e+00
2.8633e+00
2.9043e+00
2.9612e+00
3.0149e+00
3.0654e+00
3.1096e+00
3.1663e+00
3.2136e+00
3.2578e+00
3.2830e+00
3.3208e+00
3.3492e+00
3.3807e+00
3.3996e+00
3.4373e+00
3.4625e+00
3.4877e+00
3.5035e+00
3.5192e+00
3.5223e+00
3.5318e+00
3.5381e+00
3.5507e+00
3.5601e+00
3.5569e+00
3.5601e+00
3.5569e+00
3.5569e+00
3.5538e+00
3.5475e+00
3.5475e+00
3.5412e+00
3.5349e+00
3.5349e+00
3.5349e+00
3.5381e+00
3.5349e+00
3.5475e+00
3.5569e+00
3.5790e+00
3.5978e+00
3.6387e+00
3.6765e+00
3.7236e+00
3.7676e+00
3.8242e+00
3.8807e+00
3.9497e+00
4.0125e+00
4.0909e+00
4.1693e+00
4.2476e+00
4.3384e+00
4.4448e+00
4.5418e+00
4.6450e+00
4.7480e+00
4.8511e+00
4.9602e+00
5.0569e+00
5.1504e+00
5.2220e+00
5.3122e+00
5.3776e+00
5.4491e+00
5.5299e+00
5.6045e+00
5.6603e+00
5.7379e+00
5.7783e+00
5.8217e+00
5.8434e+00
5.8806e+00
5.9240e+00
5.9767e+00
6.0015e+00
6.0325e+00
6.0665e+00
6.1037e+00
6.1192e+00
6.1161e+00
6.0913e+00
6.0634e+00
6.0356e+00
6.0015e+00
5.9767e+00
5.9426e+00
5.9085e+00
5.8620e+00
5.8248e+00
5.7814e+00
5.7442e+00
5.7038e+00
5.6697e+00
5.6293e+00
5.5982e+00
5.5641e+00
5.5361e+00
5.4957e+00
5.4708e+00
5.4367e+00
5.4056e+00
5.3713e+00
5.3433e+00
5.3091e+00
5.2780e+00
5.2469e+00
5.2158e+00
5.1784e+00
5.1504e+00
5.1130e+00
5.0787e+00
5.0444e+00
5.0070e+00
4.9634e+00
4.9259e+00
4.8854e+00
4.8542e+00
4.8167e+00
4.7855e+00
4.7512e+00
4.7231e+00
4.6856e+00
4.6543e+00
4.6231e+00
4.5981e+00
4.5825e+00
4.5606e+00
4.5449e+00
4.5481e+00
4.5762e+00
4.6043e+00
4.6637e+00
4.7324e+00
4.8230e+00
4.8511e+00
4.9197e+00
4.9665e+00
5.0444e+00
5.0943e+00
5.1597e+00
5.2033e+00
5.2749e+00
5.3154e+00
5.3651e+00
5.3931e+00
5.4429e+00
5.4771e+00
5.5081e+00
5.5299e+00
5.5579e+00
5.5889e+00
5.6200e+00
5.6510e+00
5.6976e+00
5.7317e+00
5.7659e+00
5.7876e+00
5.8000e+00
5.8093e+00
5.8217e+00
5.8217e+00
5.8217e+00
5.8217e+00
5.8186e+00
5.8031e+00
5.7845e+00
5.7721e+00
5.7597e+00
5.7379e+00
5.7131e+00
5.6914e+00
5.6697e+00
5.6479e+00
5.6324e+00
5.6169e+00
5.5982e+00
5.5765e+00
5.5423e+00
5.5237e+00
5.5019e+00
5.4926e+00
5.4740e+00
5.4708e+00
5.4646e+00
5.4771e+00
5.4708e+00
5.4740e+00
5.4771e+00
5.4926e+00
5.4926e+00
5.5050e+00
5.5144e+00
5.5299e+00
5.5299e+00
5.5423e+00
5.5454e+00
5.5485e+00
5.5423e+00
5.5423e+00
5.5485e+00
5.5516e+00
5.5485e+00
5.5485e+00
5.5485e+00
5.5548e+00
5.5579e+00
5.5548e+00
5.5423e+00
5.5268e+00
5.4988e+00
5.4833e+00
5.4429e+00
5.4242e+00
5.3931e+00
5.3620e+00
5.3154e+00
5.3091e+00
5.2687e+00
5.2313e+00
5.1908e+00
5.1441e+00
5.1005e+00
5.0538e+00
5.0070e+00
4.9634e+00
4.9166e+00
4.8667e+00
4.8230e+00
4.7699e+00
4.7231e+00
4.6606e+00
4.6106e+00
4.5637e+00
4.5168e+00
4.4605e+00
4.4073e+00
4.3572e+00
4.3040e+00
4.2351e+00
4.1756e+00
4.1254e+00
4.0627e+00
4.0156e+00
3.9560e+00
3.9089e+00
3.8587e+00
3.8022e+00
3.7550e+00
3.7016e+00
3.6513e+00
3.5947e+00
3.5569e+00
3.5003e+00
3.4562e+00
3.4059e+00
3.3712e+00
3.3177e+00
3.2767e+00
3.2326e+00
3.1884e+00
3.1379e+00
3.0969e+00
3.0622e+00
3.0338e+00
2.9991e+00
2.9580e+00
2.9201e+00
2.8854e+00
2.8443e+00
2.8064e+00
2.7589e+00
2.7083e+00
2.6735e+00
2.6419e+00
2.6008e+00
2.5659e+00
2.5406e+00
2.5153e+00
2.4868e+00
2.4583e+00
2.4234e+00
2.3885e+00
2.3664e+00
2.3505e+00
2.3220e+00
2.3029e+00
2.2871e+00
2.2585e+00
2.2427e+00
2.2205e+00
2.2014e+00
2.1792e+00
2.1634e+00
2.1443e+00
2.1284e+00
2.1157e+00
2.1062e+00
2.0903e+00
2.0776e+00
2.0713e+00
2.0586e+00
2.0363e+00
2.0109e+00
1.9919e+00
1.9760e+00
1.9633e+00
1.9601e+00
1.9474e+00
1.9315e+00
1.9251e+00
1.9156e+00
1.8902e+00
1.8743e+00
1.8552e+00
1.8361e+00
1.8170e+00
1.7947e+00
1.7725e+00
1.7534e+00
1.7343e+00
1.7216e+00
1.6961e+00
1.6738e+00
1.6547e+00
1.6324e+00
1.6069e+00
1.5910e+00
1.5719e+00
1.5464e+00
1.5241e+00
1.5050e+00
1.4731e+00
1.4349e+00
1.3998e+00
1.3711e+00
1.3392e+00
1.3168e+00
1.2881e+00
1.2626e+00
1.2434e+00
1.2243e+00
1.1987e+00
1.1732e+00
1.1540e+00
1.1285e+00
1.1093e+00
1.0869e+00
1.0646e+00
1.0550e+00
1.0358e+00
1.0166e+00
9.9744e-01
9.7825e-01
9.5906e-01
9.3668e-01
9.2388e-01
9.0789e-01
8.8549e-01
8.7270e-01
8.5670e-01
8.3750e-01
8.2149e-01
7.9589e-01
7.7027e-01
7.4466e-01
7.2224e-01
7.0302e-01
6.8700e-01
6.7419e-01
6.8060e-01
6.7739e-01
6.7739e-01
6.8060e-01
7.0302e-01
7.1263e-01
7.3825e-01
7.6387e-01
8.0869e-01
8.3750e-01
8.8549e-01
9.3028e-01
9.7825e-01
1.0230e+00
1.0805e+00
1.1412e+00
1.1987e+00
1.2530e+00
1.3168e+00
1.3838e+00
1.4540e+00
1.5241e+00
1.5910e+00
1.6547e+00
1.7279e+00
1.7757e+00
1.8202e+00
1.8679e+00
1.9220e+00
1.9664e+00
2.0014e+00
2.0300e+00
2.0554e+00
2.0681e+00
2.0840e+00
2.0967e+00
2.0935e+00
2.0999e+00
2.1062e+00
2.1062e+00
2.1157e+00
2.1157e+00
2.1094e+00
2.1062e+00
2.1062e+00
2.1030e+00
2.0999e+00
2.0967e+00
2.0872e+00
2.0776e+00
2.0745e+00
2.0745e+00
2.0713e+00
2.0649e+00
2.0554e+00
2.0395e+00
2.0205e+00
2.0205e+00
2.0141e+00
2.0205e+00
2.0173e+00
2.0300e+00
2.0427e+00
2.0586e+00
2.0681e+00
2.0776e+00
2.0872e+00
2.0967e+00
2.1094e+00
2.1253e+00
2.1253e+00
2.1284e+00
2.1253e+00
2.1157e+00
2.1062e+00
2.0999e+00
2.0935e+00
2.0935e+00
2.0745e+00
2.0618e+00
2.0459e+00
2.0300e+00
2.0141e+00
1.9950e+00
1.9601e+00
1.9283e+00
1.8933e+00
1.8615e+00
1.8202e+00
1.7820e+00
1.7502e+00
1.7216e+00
1.6834e+00
1.6515e+00
1.6165e+00
1.5783e+00
1.5400e+00
1.5050e+00
1.4667e+00
1.4317e+00
1.3902e+00
1.3519e+00
1.3168e+00
1.2785e+00
1.2402e+00
1.1987e+00
1.1636e+00
1.1221e+00
1.0773e+00
1.0390e+00
9.9744e-01
9.6546e-01
9.2388e-01
8.8869e-01
8.4710e-01
8.0549e-01
7.6067e-01
7.1263e-01
6.6458e-01
6.2292e-01
5.8446e-01
5.5240e-01
