3.0324e-01
2.8303e-01
2.7293e-01
2.6283e-01
2.5272e-01
2.4262e-01
2.4262e-01
2.2241e-01
2.2241e-01
2.0220e-01
1.9209e-01
1.9209e-01
1.7188e-01
1.6177e-01
1.5166e-01
1.4155e-01
1.4155e-01
1.3144e-01
1.2133e-01
1.1123e-01
1.0112e-01
9.1006e-02
8.0896e-02
7.0785e-02
6.0674e-02
6.0674e-02
5.0563e-02
4.0451e-02
4.0451e-02
4.0451e-02
3.0339e-02
3.0339e-02
3.0339e-02
2.0226e-02
1.0113e-02
1.0113e-02
1.0113e-02
2.0226e-02
1.0113e-02
0000
0000
0000
1.0113e-02
1.0113e-02
1.0113e-02
1.0113e-02
1.0113e-02
1.0113e-02
2.0226e-02
2.0226e-02
2.0226e-02
3.0339e-02
3.0339e-02
3.0339e-02
3.0339e-02
4.0451e-02
5.0563e-02
5.0563e-02
5.0563e-02
6.0674e-02
6.0674e-02
7.0785e-02
7.0785e-02
6.0674e-02
7.0785e-02
7.0785e-02
8.0896e-02
9.1006e-02
9.1006e-02
1.0112e-01
1.0112e-01
1.0112e-01
1.1123e-01
1.1123e-01
1.2133e-01
1.2133e-01
1.3144e-01
1.3144e-01
1.4155e-01
1.5166e-01
1.4155e-01
1.4155e-01
1.5166e-01
1.5166e-01
1.5166e-01
1.5166e-01
1.5166e-01
1.6177e-01
1.6177e-01
1.6177e-01
1.7188e-01
1.8198e-01
1.8198e-01
1.8198e-01
1.9209e-01
2.0220e-01
2.0220e-01
2.0220e-01
2.0220e-01
2.1230e-01
2.1230e-01
2.2241e-01
2.3251e-01
2.2241e-01
2.3251e-01
2.4262e-01
2.4262e-01
2.4262e-01
2.5272e-01
2.6283e-01
2.6283e-01
2.6283e-01
2.7293e-01
2.7293e-01
2.7293e-01
2.8303e-01
2.9314e-01
2.9314e-01
2.9314e-01
3.0324e-01
3.0324e-01
3.0324e-01
3.1334e-01
3.2344e-01
3.1334e-01
3.2344e-01
3.2344e-01
3.2344e-01
3.2344e-01
3.3355e-01
3.4365e-01
3.3355e-01
3.4365e-01
3.4365e-01
3.3355e-01
3.3355e-01
3.3355e-01
3.4365e-01
3.4365e-01
3.4365e-01
3.4365e-01
3.4365e-01
3.4365e-01
3.4365e-01
3.4365e-01
3.5375e-01
3.4365e-01
3.4365e-01
3.4365e-01
3.4365e-01
3.4365e-01
3.4365e-01
3.4365e-01
3.4365e-01
3.4365e-01
3.5375e-01
3.4365e-01
3.5375e-01
3.4365e-01
3.5375e-01
3.5375e-01
3.6385e-01
3.5375e-01
3.6385e-01
3.6385e-01
3.6385e-01
3.6385e-01
3.7395e-01
3.7395e-01
3.8405e-01
3.8405e-01
3.8405e-01
3.8405e-01
3.8405e-01
3.8405e-01
3.9415e-01
3.9415e-01
3.9415e-01
3.9415e-01
4.0425e-01
4.0425e-01
4.0425e-01
3.9415e-01
3.9415e-01
3.9415e-01
3.9415e-01
3.9415e-01
3.9415e-01
3.9415e-01
3.9415e-01
3.9415e-01
3.8405e-01
3.8405e-01
3.8405e-01
3.8405e-01
3.7395e-01
3.7395e-01
3.6385e-01
3.7395e-01
3.6385e-01
3.6385e-01
3.5375e-01
3.5375e-01
3.4365e-01
3.3355e-01
3.3355e-01
3.3355e-01
3.2344e-01
3.2344e-01
3.1334e-01
3.1334e-01
3.0324e-01
2.9314e-01
2.9314e-01
2.8303e-01
2.8303e-01
2.8303e-01
2.7293e-01
2.6283e-01
2.5272e-01
2.5272e-01
2.5272e-01
2.5272e-01
2.4262e-01
2.4262e-01
2.3251e-01
2.3251e-01
2.2241e-01
2.2241e-01
2.1230e-01
2.1230e-01
2.0220e-01
2.0220e-01
2.0220e-01
1.9209e-01
1.9209e-01
1.9209e-01
1.8198e-01
1.8198e-01
1.8198e-01
1.8198e-01
1.8198e-01
1.7188e-01
1.6177e-01
1.7188e-01
1.7188e-01
1.6177e-01
1.6177e-01
1.7188e-01
1.6177e-01
1.6177e-01
1.6177e-01
1.6177e-01
1.6177e-01
1.6177e-01
1.6177e-01
1.6177e-01
1.6177e-01
1.7188e-01
1.6177e-01
1.7188e-01
1.7188e-01
1.7188e-01
1.7188e-01
1.7188e-01
1.8198e-01
1.7188e-01
1.7188e-01
1.8198e-01
1.8198e-01
1.9209e-01
2.0220e-01
2.0220e-01
1.9209e-01
2.0220e-01
2.0220e-01
2.1230e-01
2.1230e-01
2.2241e-01
2.2241e-01
2.2241e-01
2.3251e-01
2.3251e-01
2.3251e-01
2.4262e-01
2.4262e-01
2.4262e-01
2.5272e-01
2.6283e-01
2.6283e-01
2.6283e-01
2.6283e-01
2.7293e-01
2.7293e-01
2.7293e-01
2.7293e-01
2.8303e-01
2.8303e-01
2.9314e-01
2.9314e-01
3.0324e-01
3.0324e-01
3.0324e-01
2.9314e-01
3.0324e-01
3.1334e-01
3.1334e-01
3.1334e-01
3.1334e-01
3.1334e-01
3.1334e-01
3.1334e-01
3.2344e-01
3.2344e-01
3.2344e-01
3.2344e-01
3.2344e-01
3.3355e-01
3.3355e-01
3.3355e-01
3.3355e-01
3.4365e-01
3.4365e-01
3.4365e-01
3.4365e-01
3.5375e-01
3.5375e-01
3.4365e-01
3.5375e-01
3.5375e-01
3.5375e-01
3.5375e-01
3.5375e-01
3.6385e-01
3.6385e-01
3.7395e-01
3.7395e-01
3.6385e-01
3.7395e-01
3.8405e-01
3.7395e-01
3.8405e-01
3.8405e-01
3.8405e-01
3.9415e-01
3.9415e-01
3.9415e-01
4.0425e-01
4.0425e-01
4.0425e-01
4.0425e-01
4.1435e-01
4.2445e-01
4.2445e-01
4.2445e-01
4.3454e-01
4.3454e-01
4.4464e-01
4.3454e-01
4.3454e-01
4.4464e-01
4.4464e-01
4.5474e-01
4.5474e-01
4.6484e-01
4.6484e-01
4.7493e-01
4.8503e-01
4.8503e-01
4.9513e-01
4.9513e-01
4.9513e-01
4.9513e-01
5.1532e-01
5.1532e-01
5.1532e-01
5.2541e-01
5.3551e-01
5.3551e-01
5.4560e-01
5.5569e-01
5.5569e-01
5.6579e-01
5.6579e-01
5.7588e-01
5.8597e-01
5.8597e-01
5.9607e-01
5.9607e-01
6.0616e-01
6.1625e-01
6.2634e-01
6.2634e-01
6.3643e-01
6.4652e-01
6.4652e-01
6.4652e-01
6.5661e-01
6.6670e-01
6.7679e-01
6.7679e-01
6.8688e-01
6.9697e-01
7.0706e-01
7.1715e-01
7.1715e-01
7.1715e-01
7.3732e-01
7.4741e-01
7.5750e-01
7.5750e-01
7.6758e-01
7.6758e-01
7.7767e-01
7.8775e-01
7.8775e-01
7.9784e-01
8.0792e-01
8.0792e-01
8.1801e-01
8.1801e-01
8.1801e-01
8.2809e-01
8.2809e-01
8.2809e-01
8.2809e-01
8.2809e-01
8.3818e-01
8.4826e-01
8.4826e-01
8.4826e-01
8.4826e-01
8.4826e-01
8.5834e-01
8.4826e-01
8.4826e-01
8.3818e-01
8.2809e-01
8.2809e-01
8.1801e-01
8.1801e-01
8.0792e-01
7.9784e-01
7.8775e-01
7.7767e-01
7.7767e-01
7.5750e-01
7.4741e-01
7.4741e-01
7.3732e-01
7.3732e-01
7.2723e-01
7.1715e-01
7.0706e-01
7.0706e-01
7.0706e-01
6.9697e-01
6.8688e-01
6.8688e-01
6.8688e-01
6.7679e-01
6.7679e-01
6.7679e-01
6.7679e-01
6.6670e-01
6.6670e-01
6.6670e-01
6.6670e-01
6.6670e-01
6.6670e-01
6.7679e-01
6.6670e-01
6.6670e-01
6.6670e-01
6.6670e-01
6.7679e-01
6.7679e-01
6.8688e-01
6.8688e-01
6.8688e-01
6.9697e-01
6.9697e-01
6.9697e-01
6.9697e-01
7.0706e-01
7.0706e-01
7.0706e-01
7.0706e-01
7.0706e-01
7.0706e-01
7.0706e-01
7.1715e-01
7.1715e-01
7.2723e-01
7.2723e-01
7.2723e-01
7.2723e-01
7.2723e-01
7.2723e-01
7.2723e-01
7.3732e-01
7.3732e-01
7.3732e-01
7.3732e-01
7.4741e-01
7.4741e-01
7.5750e-01
7.6758e-01
7.6758e-01
7.6758e-01
7.6758e-01
7.6758e-01
7.6758e-01
7.6758e-01
7.7767e-01
7.7767e-01
7.8775e-01
7.8775e-01
7.9784e-01
7.9784e-01
8.0792e-01
8.0792e-01
8.1801e-01
8.1801e-01
8.1801e-01
8.1801e-01
8.2809e-01
8.2809e-01
8.3818e-01
8.3818e-01
8.3818e-01
8.4826e-01
8.5834e-01
8.5834e-01
8.5834e-01
8.6843e-01
8.6843e-01
8.7851e-01
8.7851e-01
8.7851e-01
8.7851e-01
8.7851e-01
8.7851e-01
8.8859e-01
8.9867e-01
8.9867e-01
8.9867e-01
9.0875e-01
8.9867e-01
9.0875e-01
9.0875e-01
9.0875e-01
9.0875e-01
9.0875e-01
9.0875e-01
9.0875e-01
9.1884e-01
9.1884e-01
9.0875e-01
9.1884e-01
9.0875e-01
9.1884e-01
9.1884e-01
9.1884e-01
9.2891e-01
9.2891e-01
9.1884e-01
9.2891e-01
9.2891e-01
9.3900e-01
9.3900e-01
9.4908e-01
9.4908e-01
9.5915e-01
9.5915e-01
9.6923e-01
9.6923e-01
9.7931e-01
9.7931e-01
9.9947e-01
9.8939e-01
9.9947e-01
9.9947e-01
1.0095e+00
1.0095e+00
1.0196e+00
1.0196e+00
1.0297e+00
1.0398e+00
1.0398e+00
1.0499e+00
1.0599e+00
1.0599e+00
1.0700e+00
1.0599e+00
1.0599e+00
1.0700e+00
1.0801e+00
1.0801e+00
1.0902e+00
1.0902e+00
1.0902e+00
1.1002e+00
1.1002e+00
1.1103e+00
1.1103e+00
1.1103e+00
1.1204e+00
1.1204e+00
1.1204e+00
1.1305e+00
1.1405e+00
1.1405e+00
1.1405e+00
1.1506e+00
1.1607e+00
1.1707e+00
1.1707e+00
1.1808e+00
1.1808e+00
1.1909e+00
1.2010e+00
1.2010e+00
1.2010e+00
1.2211e+00
1.2211e+00
1.2312e+00
1.2412e+00
1.2412e+00
1.2513e+00
1.2513e+00
1.2513e+00
1.2614e+00
1.2714e+00
1.2815e+00
1.2815e+00
1.2916e+00
1.2916e+00
1.3016e+00
1.3117e+00
1.3218e+00
1.3218e+00
1.3318e+00
1.3318e+00
1.3419e+00
1.3419e+00
1.3419e+00
1.3620e+00
1.3620e+00
1.3721e+00
1.3721e+00
1.3822e+00
1.3822e+00
1.4023e+00
1.3922e+00
1.4124e+00
1.4124e+00
1.4224e+00
1.4224e+00
1.4526e+00
1.4627e+00
1.4627e+00
1.4727e+00
1.4828e+00
1.4828e+00
1.4929e+00
1.4828e+00
1.4929e+00
1.5029e+00
1.5130e+00
1.5130e+00
1.5130e+00
1.5130e+00
1.5230e+00
1.5331e+00
1.5331e+00
1.5432e+00
1.5633e+00
1.5633e+00
1.5633e+00
1.5733e+00
1.5834e+00
1.5834e+00
1.5934e+00
1.5934e+00
1.6035e+00
1.6035e+00
1.6035e+00
1.6035e+00
1.6035e+00
1.6136e+00
1.6236e+00
1.6136e+00
1.6136e+00
1.6136e+00
1.6136e+00
1.6236e+00
1.6136e+00
1.6035e+00
1.6035e+00
1.6035e+00
1.6035e+00
1.6035e+00
1.5934e+00
1.5934e+00
1.5834e+00
1.5834e+00
1.5834e+00
1.5834e+00
1.5733e+00
1.5733e+00
1.5733e+00
1.5733e+00
1.5633e+00
1.5633e+00
1.5633e+00
1.5633e+00
1.5633e+00
1.5532e+00
1.5532e+00
1.5532e+00
1.5532e+00
1.5532e+00
1.5432e+00
1.5432e+00
1.5432e+00
1.5432e+00
1.5331e+00
1.5331e+00
1.5230e+00
1.5230e+00
1.5130e+00
1.5230e+00
1.5130e+00
1.5130e+00
1.5130e+00
1.5130e+00
1.5029e+00
1.5029e+00
1.4929e+00
1.4929e+00
1.4929e+00
1.4929e+00
1.4929e+00
1.4929e+00
1.4929e+00
1.4828e+00
1.4828e+00
1.4828e+00
1.4828e+00
1.4828e+00
1.4828e+00
1.4727e+00
1.4828e+00
1.4828e+00
1.4828e+00
1.4828e+00
1.4828e+00
1.4828e+00
1.4727e+00
1.4727e+00
1.4727e+00
1.4727e+00
1.4727e+00
1.4727e+00
1.4627e+00
1.4627e+00
1.4627e+00
1.4627e+00
1.4627e+00
1.4627e+00
1.4526e+00
1.4627e+00
1.4627e+00
1.4627e+00
1.4526e+00
1.4426e+00
1.4426e+00
1.4426e+00
1.4426e+00
1.4325e+00
1.4325e+00
1.4325e+00
1.4224e+00
1.4224e+00
1.4224e+00
1.4224e+00
1.4224e+00
1.4224e+00
1.4124e+00
1.4124e+00
1.4023e+00
1.4023e+00
1.4023e+00
1.3922e+00
1.3922e+00
1.3922e+00
1.3922e+00
1.3822e+00
1.3822e+00
1.3822e+00
1.3721e+00
1.3822e+00
1.3822e+00
1.3721e+00
1.3721e+00
1.3721e+00
1.3721e+00
1.3822e+00
1.3721e+00
1.3721e+00
1.3721e+00
1.3721e+00
1.3822e+00
1.3822e+00
1.3822e+00
1.3721e+00
1.3822e+00
1.3822e+00
1.3822e+00
1.3922e+00
1.3922e+00
1.3922e+00
1.3922e+00
1.3922e+00
1.3922e+00
1.4023e+00
1.4124e+00
1.4124e+00
1.4124e+00
1.4224e+00
1.4325e+00
1.4325e+00
1.4426e+00
1.4426e+00
1.4426e+00
1.4526e+00
1.4526e+00
1.4627e+00
1.4627e+00
1.4727e+00
1.4727e+00
1.4828e+00
1.4828e+00
1.4828e+00
1.4828e+00
1.4929e+00
1.5029e+00
1.5029e+00
1.5029e+00
1.5029e+00
1.5029e+00
1.5130e+00
1.5130e+00
1.5029e+00
1.5130e+00
1.5029e+00
1.5029e+00
1.5130e+00
1.5130e+00
1.5130e+00
1.5130e+00
1.5130e+00
1.5029e+00
1.5029e+00
1.4929e+00
1.5029e+00
1.4929e+00
1.4929e+00
1.4929e+00
1.4828e+00
1.4828e+00
1.4727e+00
1.4727e+00
1.4727e+00
1.4627e+00
1.4526e+00
1.4426e+00
1.4426e+00
1.4325e+00
1.4224e+00
1.4124e+00
1.4124e+00
1.3922e+00
1.3822e+00
1.3721e+00
1.3620e+00
1.3520e+00
1.3419e+00
1.3117e+00
1.3016e+00
1.2815e+00
1.2714e+00
1.2412e+00
1.2312e+00
1.2211e+00
1.2010e+00
1.1808e+00
1.1707e+00
1.1607e+00
1.1506e+00
1.1405e+00
1.1305e+00
1.1204e+00
1.1103e+00
1.1002e+00
1.0902e+00
1.0801e+00
1.0801e+00
1.0599e+00
1.0599e+00
1.0599e+00
1.0499e+00
1.0398e+00
1.0297e+00
1.0196e+00
1.0196e+00
1.0196e+00
1.0095e+00
1.0095e+00
1.0095e+00
9.9947e-01
9.9947e-01
9.9947e-01
9.9947e-01
9.9947e-01
9.9947e-01
9.9947e-01
9.9947e-01
9.9947e-01
9.9947e-01
9.9947e-01
9.9947e-01
9.9947e-01
9.9947e-01
9.9947e-01
1.0095e+00
1.0095e+00
1.0095e+00
1.0095e+00
1.0095e+00
1.0095e+00
1.0196e+00
1.0095e+00
1.0095e+00
1.0095e+00
1.0196e+00
1.0196e+00
1.0297e+00
1.0297e+00
1.0297e+00
1.0297e+00
1.0297e+00
1.0398e+00
1.0398e+00
1.0398e+00
1.0398e+00
1.0398e+00
1.0398e+00
1.0398e+00
1.0499e+00
1.0499e+00
1.0499e+00
1.0499e+00
1.0499e+00
1.0599e+00
1.0700e+00
1.0599e+00
1.0599e+00
1.0700e+00
1.0700e+00
1.0801e+00
1.0801e+00
1.0801e+00
1.0801e+00
1.0801e+00
1.0801e+00
1.0902e+00
1.0902e+00
1.0902e+00
1.0902e+00
1.0902e+00
1.0902e+00
1.1002e+00
1.1002e+00
1.1103e+00
1.1103e+00
1.1103e+00
1.1103e+00
1.1103e+00
1.1204e+00
1.1204e+00
1.1204e+00
1.1305e+00
1.1305e+00
1.1305e+00
1.1305e+00
1.1405e+00
1.1405e+00
1.1405e+00
1.1405e+00
1.1405e+00
1.1405e+00
1.1506e+00
1.1506e+00
1.1607e+00
1.1607e+00
1.1607e+00
1.1607e+00
1.1707e+00
1.1707e+00
1.1707e+00
1.1808e+00
1.1808e+00
1.1909e+00
1.1909e+00
1.1909e+00
1.1909e+00
1.1909e+00
1.1909e+00
1.1909e+00
1.2010e+00
1.2010e+00
1.2110e+00
1.2110e+00
1.2211e+00
1.2211e+00
1.2211e+00
1.2312e+00
1.2513e+00
1.2614e+00
1.2614e+00
1.2714e+00
1.2815e+00
1.2916e+00
1.2916e+00
1.3016e+00
1.3016e+00
1.3016e+00
1.3117e+00
1.3117e+00
1.3117e+00
1.3117e+00
1.3218e+00
1.3218e+00
1.3218e+00
1.3218e+00
1.3318e+00
1.3318e+00
1.3419e+00
1.3419e+00
1.3419e+00
1.3419e+00
1.3520e+00
1.3520e+00
1.3520e+00
1.3520e+00
1.3520e+00
1.3520e+00
1.3419e+00
1.3520e+00
1.3620e+00
1.3620e+00
1.3620e+00
1.3620e+00
1.3620e+00
1.3620e+00
1.3620e+00
1.3620e+00
1.3620e+00
1.3620e+00
1.3620e+00
1.3721e+00
1.3721e+00
1.3721e+00
1.3721e+00
1.3721e+00
1.3721e+00
1.3721e+00
1.3721e+00
1.3721e+00
1.3721e+00
1.3620e+00
1.3620e+00
1.3620e+00
1.3721e+00
1.3721e+00
1.3721e+00
1.3721e+00
1.3721e+00
1.3822e+00
1.3922e+00
1.3922e+00
1.3922e+00
1.3922e+00
1.3922e+00
1.4023e+00
1.4023e+00
1.4023e+00
1.4023e+00
1.4124e+00
1.4224e+00
1.4224e+00
1.4325e+00
1.4325e+00
1.4325e+00
1.4426e+00
1.4426e+00
1.4426e+00
1.4526e+00
1.4627e+00
1.4627e+00
1.4727e+00
1.4828e+00
1.4929e+00
1.5029e+00
1.5029e+00
1.4929e+00
1.5029e+00
1.5029e+00
1.5130e+00
1.5230e+00
1.5130e+00
1.5130e+00
1.5130e+00
1.5230e+00
1.5230e+00
1.5230e+00
1.5230e+00
1.5230e+00
1.5230e+00
1.5230e+00
1.5331e+00
1.5331e+00
1.5331e+00
1.5331e+00
1.5331e+00
1.5331e+00
1.5432e+00
1.5432e+00
1.5432e+00
1.5432e+00
1.5432e+00
1.5532e+00
1.5432e+00
1.5532e+00
1.5532e+00
1.5432e+00
1.5432e+00
1.5432e+00
1.5432e+00
1.5432e+00
1.5532e+00
1.5532e+00
1.5432e+00
1.5432e+00
1.5432e+00
1.5432e+00
1.5432e+00
1.5432e+00
1.5331e+00
1.5331e+00
1.5331e+00
1.5432e+00
1.5532e+00
1.5432e+00
1.5532e+00
1.5532e+00
1.5532e+00
1.5532e+00
1.5532e+00
1.5532e+00
1.5532e+00
1.5532e+00
1.5532e+00
1.5532e+00
1.5532e+00
1.5532e+00
1.5532e+00
1.5532e+00
1.5532e+00
1.5532e+00
1.5532e+00
1.5532e+00
1.5532e+00
1.5532e+00
1.5532e+00
1.5532e+00
1.5633e+00
1.5633e+00
1.5633e+00
1.5633e+00
1.5733e+00
1.5733e+00
1.5733e+00
1.5733e+00
1.5834e+00
1.5834e+00
1.5934e+00
1.5834e+00
1.5834e+00
1.5934e+00
1.6035e+00
1.6035e+00
1.6035e+00
1.6035e+00
1.6035e+00
1.6136e+00
1.6136e+00
1.6136e+00
1.6236e+00
1.6236e+00
1.6337e+00
1.6437e+00
1.6437e+00
1.6437e+00
1.6538e+00
1.6538e+00
1.6538e+00
1.6538e+00
1.6538e+00
1.6538e+00
1.6638e+00
1.6638e+00
1.6638e+00
1.6739e+00
1.6739e+00
1.6839e+00
1.6940e+00
1.6940e+00
1.6940e+00
1.7040e+00
1.7040e+00
1.7141e+00
1.7141e+00
1.7242e+00
1.7242e+00
1.7242e+00
1.7342e+00
1.7443e+00
1.7443e+00
1.7443e+00
1.7543e+00
1.7543e+00
1.7644e+00
1.7744e+00
1.7744e+00
1.7744e+00
1.7845e+00
1.7945e+00
1.7945e+00
1.8046e+00
1.8046e+00
1.8046e+00
1.8146e+00
1.8146e+00
1.8247e+00
1.8247e+00
1.8247e+00
1.8347e+00
1.8347e+00
1.8347e+00
1.8347e+00
1.8548e+00
1.8648e+00
1.8648e+00
1.8648e+00
1.8749e+00
1.8749e+00
1.8849e+00
1.8849e+00
1.8950e+00
1.8950e+00
1.8950e+00
1.9050e+00
1.9151e+00
1.9151e+00
1.9251e+00
1.9251e+00
1.9151e+00
1.9151e+00
1.9151e+00
1.9251e+00
1.9352e+00
1.9352e+00
1.9452e+00
1.9452e+00
1.9553e+00
1.9653e+00
1.9753e+00
1.9753e+00
1.9753e+00
1.9854e+00
1.9854e+00
1.9954e+00
1.9954e+00
1.9954e+00
2.0055e+00
2.0155e+00
2.0155e+00
2.0155e+00
2.0256e+00
2.0256e+00
2.0256e+00
2.0256e+00
2.0256e+00
2.0356e+00
2.0356e+00
2.0356e+00
2.0356e+00
2.0456e+00
2.0456e+00
2.0456e+00
2.0356e+00
2.0356e+00
2.0456e+00
2.0456e+00
2.0456e+00
2.0456e+00
2.0456e+00
2.0557e+00
2.0456e+00
2.0356e+00
2.0356e+00
2.0256e+00
2.0356e+00
2.0356e+00
2.0356e+00
2.0356e+00
2.0356e+00
2.0256e+00
2.0356e+00
2.0356e+00
2.0256e+00
2.0256e+00
2.0256e+00
2.0256e+00
2.0356e+00
2.0256e+00
2.0256e+00
2.0256e+00
2.0256e+00
2.0256e+00
2.0256e+00
2.0256e+00
2.0256e+00
2.0256e+00
2.0256e+00
2.0155e+00
2.0155e+00
2.0155e+00
2.0155e+00
2.0155e+00
2.0055e+00
2.0155e+00
2.0155e+00
2.0155e+00
2.0055e+00
2.0055e+00
1.9954e+00
2.0055e+00
2.0055e+00
2.0055e+00
2.0055e+00
2.0055e+00
2.0055e+00
2.0055e+00
2.0055e+00
2.0055e+00
2.0055e+00
2.0055e+00
1.9954e+00
1.9954e+00
1.9954e+00
1.9954e+00
1.9854e+00
1.9854e+00
1.9854e+00
1.9854e+00
1.9854e+00
1.9854e+00
1.9854e+00
1.9854e+00
1.9854e+00
1.9753e+00
1.9753e+00
1.9753e+00
1.9753e+00
1.9753e+00
1.9854e+00
1.9854e+00
1.9854e+00
1.9854e+00
1.9954e+00
1.9954e+00
2.0055e+00
2.0055e+00
2.0155e+00
2.0155e+00
2.0256e+00
2.0256e+00
2.0356e+00
2.0456e+00
2.0456e+00
2.0456e+00
2.0557e+00
2.0557e+00
2.0557e+00
2.0557e+00
2.0557e+00
2.0657e+00
2.0557e+00
2.0557e+00
2.0657e+00
2.0657e+00
2.0657e+00
2.0557e+00
2.0557e+00
2.0657e+00
2.0758e+00
2.0758e+00
2.0758e+00
2.0758e+00
2.0758e+00
2.0758e+00
2.0758e+00
2.0858e+00
2.0758e+00
2.0657e+00
2.0758e+00
2.0657e+00
2.0657e+00
2.0758e+00
2.0657e+00
2.0657e+00
2.0657e+00
2.0557e+00
2.0557e+00
2.0557e+00
2.0557e+00
2.0456e+00
2.0456e+00
2.0356e+00
2.0356e+00
2.0356e+00
2.0256e+00
2.0256e+00
2.0256e+00
2.0155e+00
2.0155e+00
2.0155e+00
2.0055e+00
2.0055e+00
2.0055e+00
1.9954e+00
1.9954e+00
1.9954e+00
1.9854e+00
1.9954e+00
1.9954e+00
1.9954e+00
1.9954e+00
1.9954e+00
1.9854e+00
1.9753e+00
1.9753e+00
1.9653e+00
1.9553e+00
1.9553e+00
1.9452e+00
1.9452e+00
1.9352e+00
1.9251e+00
1.9050e+00
1.9050e+00
1.9050e+00
1.8950e+00
1.8849e+00
1.8749e+00
1.8648e+00
1.8548e+00
1.8548e+00
1.8548e+00
1.8448e+00
1.8448e+00
1.8347e+00
1.8347e+00
1.8247e+00
1.8146e+00
1.8146e+00
1.8146e+00
1.8046e+00
1.8046e+00
1.8046e+00
1.8046e+00
1.7945e+00
1.7945e+00
1.7945e+00
1.7945e+00
1.7845e+00
1.7845e+00
1.7744e+00
1.7744e+00
1.7644e+00
1.7644e+00
1.7543e+00
1.7443e+00
1.7443e+00
1.7443e+00
1.7342e+00
1.7242e+00
1.7141e+00
1.7141e+00
1.7040e+00
1.6940e+00
1.6839e+00
1.6839e+00
1.6739e+00
1.6638e+00
1.6638e+00
1.6638e+00
1.6538e+00
1.6437e+00
1.6437e+00
1.6337e+00
1.6236e+00
1.6236e+00
1.6236e+00
1.6236e+00
1.6136e+00
1.6136e+00
1.6035e+00
1.6035e+00
1.5934e+00
1.5934e+00
1.5934e+00
1.5834e+00
1.5834e+00
1.5834e+00
1.5834e+00
1.5733e+00
1.5733e+00
1.5633e+00
1.5532e+00
1.5532e+00
1.5532e+00
1.5532e+00
1.5432e+00
1.5432e+00
1.5432e+00
1.5331e+00
1.5331e+00
1.5331e+00
1.5331e+00
1.5432e+00
1.5432e+00
1.5532e+00
1.5432e+00
1.5331e+00
1.5432e+00
1.5331e+00
1.5331e+00
1.5331e+00
1.5331e+00
1.5331e+00
1.5331e+00
1.5331e+00
1.5130e+00
1.5029e+00
1.5130e+00
1.5130e+00
1.5029e+00
1.5029e+00
1.5029e+00
1.4929e+00
1.4929e+00
1.4929e+00
1.4929e+00
1.4929e+00
1.4929e+00
1.4929e+00
1.4929e+00
1.4828e+00
1.4929e+00
1.4929e+00
1.4929e+00
1.4828e+00
1.4828e+00
1.4828e+00
1.4929e+00
1.4929e+00
1.4929e+00
1.4929e+00
1.4929e+00
1.4929e+00
1.4929e+00
1.5029e+00
1.5029e+00
1.5029e+00
1.5029e+00
1.5029e+00
1.5029e+00
1.5029e+00
1.5029e+00
1.5029e+00
1.5130e+00
1.5130e+00
1.5029e+00
1.5130e+00
1.5130e+00
1.5230e+00
1.5230e+00
1.5230e+00
1.5331e+00
1.5331e+00
1.5331e+00
1.5432e+00
1.5432e+00
1.5432e+00
1.5432e+00
1.5432e+00
1.5432e+00
1.5432e+00
1.5532e+00
1.5532e+00
1.5532e+00
1.5532e+00
1.5532e+00
1.5532e+00
1.5633e+00
1.5633e+00
1.5733e+00
1.5633e+00
1.5633e+00
1.5633e+00
1.5633e+00
1.5633e+00
1.5633e+00
1.5633e+00
1.5633e+00
1.5633e+00
1.5633e+00
1.5633e+00
1.5633e+00
1.5532e+00
1.5633e+00
1.5532e+00
1.5432e+00
1.5432e+00
1.5532e+00
1.5633e+00
1.5733e+00
1.5633e+00
1.5633e+00
1.5633e+00
1.5633e+00
1.5532e+00
1.5733e+00
1.5633e+00
1.5733e+00
1.5733e+00
1.5834e+00
1.5733e+00
1.5633e+00
1.5532e+00
1.5532e+00
1.5532e+00
1.5633e+00
1.5633e+00
1.5633e+00
1.5633e+00
1.5733e+00
1.5633e+00
1.5733e+00
1.5733e+00
1.5733e+00
1.5834e+00
1.5934e+00
1.5934e+00
1.5934e+00
1.5934e+00
1.5934e+00
1.6035e+00
1.6136e+00
1.6136e+00
1.6035e+00
1.6035e+00
1.6035e+00
1.6136e+00
1.6136e+00
1.6136e+00
1.6136e+00
1.6236e+00
1.6236e+00
1.6337e+00
1.6337e+00
1.6337e+00
1.6337e+00
1.6337e+00
1.6337e+00
1.6437e+00
1.6437e+00
1.6437e+00
1.6437e+00
1.6437e+00
1.6437e+00
1.6437e+00
1.6437e+00
1.6437e+00
1.6437e+00
1.6437e+00
1.6437e+00
1.6538e+00
1.6437e+00
1.6437e+00
1.6437e+00
1.6437e+00
1.6437e+00
1.6437e+00
1.6437e+00
1.6437e+00
1.6437e+00
1.6437e+00
1.6437e+00
1.6538e+00
1.6437e+00
1.6437e+00
1.6437e+00
1.6437e+00
1.6437e+00
1.6337e+00
1.6337e+00
1.6337e+00
1.6337e+00
1.6236e+00
1.6136e+00
1.6236e+00
1.6236e+00
1.6136e+00
1.6136e+00
1.6136e+00
1.6035e+00
1.6035e+00
1.6035e+00
1.6136e+00
1.6136e+00
1.6035e+00
1.6035e+00
1.6035e+00
1.5934e+00
1.5934e+00
1.5934e+00
1.5934e+00
1.5934e+00
1.5934e+00
1.5934e+00
1.5934e+00
1.5834e+00
1.5733e+00
1.5733e+00
1.5633e+00
1.5633e+00
1.5633e+00
1.5633e+00
1.5633e+00
1.5633e+00
1.5633e+00
1.5633e+00
1.5633e+00
1.5633e+00
1.5633e+00
1.5733e+00
1.5733e+00
1.5733e+00
1.5733e+00
1.5733e+00
1.5733e+00
1.5733e+00
1.5733e+00
1.5733e+00
1.5733e+00
1.5733e+00
1.5733e+00
1.5733e+00
1.5733e+00
1.5733e+00
1.5633e+00
1.5633e+00
1.5633e+00
1.5633e+00
1.5633e+00
1.5532e+00
1.5532e+00
1.5532e+00
1.5532e+00
1.5432e+00
1.5432e+00
1.5432e+00
1.5532e+00
1.5532e+00
1.5532e+00
1.5532e+00
1.5532e+00
1.5532e+00
1.5432e+00
1.5532e+00
1.5532e+00
1.5633e+00
1.5633e+00
1.5633e+00
1.5633e+00
1.5633e+00
1.5633e+00
1.5633e+00
1.5633e+00
1.5532e+00
1.5633e+00
1.5532e+00
1.5532e+00
1.5432e+00
1.5432e+00
1.5432e+00
1.5331e+00
1.5432e+00
1.5432e+00
1.5331e+00
1.5331e+00
1.5331e+00
1.5331e+00
1.5331e+00
1.5331e+00
1.5230e+00
1.5230e+00
1.5230e+00
1.5130e+00
1.5029e+00
1.5029e+00
1.5029e+00
1.5029e+00
1.5029e+00
1.5029e+00
1.5029e+00
1.4929e+00
1.4929e+00
1.4929e+00
1.4828e+00
1.4828e+00
1.4828e+00
1.4727e+00
1.4727e+00
1.4727e+00
1.4727e+00
1.4627e+00
1.4526e+00
1.4526e+00
1.4526e+00
1.4526e+00
1.4526e+00
1.4526e+00
1.4526e+00
1.4627e+00
1.4627e+00
1.4627e+00
1.4727e+00
1.4727e+00
1.4727e+00
1.4727e+00
1.4828e+00
1.4828e+00
1.4929e+00
1.5029e+00
1.5130e+00
1.5130e+00
1.5230e+00
1.5230e+00
1.5432e+00
1.5432e+00
1.5532e+00
1.5532e+00
1.5733e+00
1.5733e+00
1.5934e+00
1.5834e+00
1.6035e+00
1.6236e+00
1.6236e+00
1.6337e+00
1.6538e+00
1.6538e+00
1.6538e+00
1.6638e+00
1.6739e+00
1.6839e+00
1.6940e+00
1.6940e+00
1.7040e+00
1.7141e+00
1.7242e+00
1.7242e+00
1.7242e+00
1.7242e+00
1.7342e+00
1.7443e+00
1.7443e+00
1.7443e+00
1.7543e+00
1.7543e+00
1.7543e+00
1.7644e+00
1.7644e+00
1.7644e+00
1.7744e+00
1.7744e+00
1.7845e+00
1.7845e+00
1.7945e+00
1.7945e+00
1.8046e+00
1.8046e+00
1.8046e+00
