4.4055e-01
4.4991e-01
4.4991e-01
4.4991e-01
4.4991e-01
4.5928e-01
4.6864e-01
4.7801e-01
4.7801e-01
4.7801e-01
4.7801e-01
4.8737e-01
4.9674e-01
5.0610e-01
5.1546e-01
5.1546e-01
5.2483e-01
5.4355e-01
5.6228e-01
5.7164e-01
5.8100e-01
5.9036e-01
6.0908e-01
6.2780e-01
6.4652e-01
6.6523e-01
6.7459e-01
6.9331e-01
7.0266e-01
7.2138e-01
7.4009e-01
7.4944e-01
7.6815e-01
7.8686e-01
8.0557e-01
8.1492e-01
8.3363e-01
8.3363e-01
8.5233e-01
8.6168e-01
8.7104e-01
8.8039e-01
8.9909e-01
9.0844e-01
9.1779e-01
9.2714e-01
9.3648e-01
9.4583e-01
9.5518e-01
9.6453e-01
9.7388e-01
9.8322e-01
9.9257e-01
1.0019e+00
1.0113e+00
1.0206e+00
1.0300e+00
1.0393e+00
1.0393e+00
1.0486e+00
1.0486e+00
1.0486e+00
1.0580e+00
1.0580e+00
1.0486e+00
1.0486e+00
1.0486e+00
1.0580e+00
1.0486e+00
1.0486e+00
1.0486e+00
1.0486e+00
1.0486e+00
1.0393e+00
1.0300e+00
1.0300e+00
1.0300e+00
1.0300e+00
1.0300e+00
1.0206e+00
1.0206e+00
1.0113e+00
1.0019e+00
1.0019e+00
9.9257e-01
9.8322e-01
9.7388e-01
9.8322e-01
9.7388e-01
9.6453e-01
9.5518e-01
9.4583e-01
9.3648e-01
9.2714e-01
9.1779e-01
9.0844e-01
8.9909e-01
8.8974e-01
8.8974e-01
8.8974e-01
8.7104e-01
8.7104e-01
8.6168e-01
8.6168e-01
8.5233e-01
8.4298e-01
8.4298e-01
8.3363e-01
8.3363e-01
8.3363e-01
8.1492e-01
8.0557e-01
8.0557e-01
8.0557e-01
7.9622e-01
7.8686e-01
7.8686e-01
7.7751e-01
7.6815e-01
7.6815e-01
7.5880e-01
7.4944e-01
7.4009e-01
7.3073e-01
7.2138e-01
7.2138e-01
7.1202e-01
7.0266e-01
7.0266e-01
7.1202e-01
7.0266e-01
7.0266e-01
7.0266e-01
7.0266e-01
6.9331e-01
7.0266e-01
7.0266e-01
7.1202e-01
7.1202e-01
7.1202e-01
7.1202e-01
7.1202e-01
7.1202e-01
7.1202e-01
7.2138e-01
7.2138e-01
7.2138e-01
7.4009e-01
7.4009e-01
7.4009e-01
7.4009e-01
7.4009e-01
7.4944e-01
7.4944e-01
7.4009e-01
7.4009e-01
7.4009e-01
7.4009e-01
7.4009e-01
7.4009e-01
7.3073e-01
7.3073e-01
7.3073e-01
7.3073e-01
7.3073e-01
7.3073e-01
7.3073e-01
7.3073e-01
7.3073e-01
7.3073e-01
7.3073e-01
7.3073e-01
7.4009e-01
7.4009e-01
7.4009e-01
7.4009e-01
7.4944e-01
7.4944e-01
7.5880e-01
7.6815e-01
7.7751e-01
7.7751e-01
7.8686e-01
8.0557e-01
8.1492e-01
8.1492e-01
8.3363e-01
8.4298e-01
8.5233e-01
8.6168e-01
8.7104e-01
8.8039e-01
8.8974e-01
8.8974e-01
8.9909e-01
9.0844e-01
9.0844e-01
9.1779e-01
9.2714e-01
9.3648e-01
9.3648e-01
9.4583e-01
9.4583e-01
9.5518e-01
9.5518e-01
9.5518e-01
9.6453e-01
9.5518e-01
9.5518e-01
9.5518e-01
9.6453e-01
9.6453e-01
9.7388e-01
9.6453e-01
9.6453e-01
9.6453e-01
9.6453e-01
9.6453e-01
9.5518e-01
9.5518e-01
9.6453e-01
9.6453e-01
9.6453e-01
9.6453e-01
9.5518e-01
9.5518e-01
9.5518e-01
9.5518e-01
9.4583e-01
9.4583e-01
9.3648e-01
9.3648e-01
9.3648e-01
9.2714e-01
9.2714e-01
9.2714e-01
9.2714e-01
9.2714e-01
9.2714e-01
9.2714e-01
9.2714e-01
9.1779e-01
9.1779e-01
9.0844e-01
9.0844e-01
8.9909e-01
8.8974e-01
8.8974e-01
8.8039e-01
8.7104e-01
8.7104e-01
8.6168e-01
8.5233e-01
8.4298e-01
8.3363e-01
8.2428e-01
8.1492e-01
7.9622e-01
7.9622e-01
7.8686e-01
7.7751e-01
7.5880e-01
7.4944e-01
7.4009e-01
7.2138e-01
7.2138e-01
7.1202e-01
7.0266e-01
6.9331e-01
6.8395e-01
6.8395e-01
6.6523e-01
6.5587e-01
6.5587e-01
6.4652e-01
6.3716e-01
6.2780e-01
6.1844e-01
6.0908e-01
5.9972e-01
5.9036e-01
5.8100e-01
5.7164e-01
5.5291e-01
5.4355e-01
5.3419e-01
5.2483e-01
5.2483e-01
5.1546e-01
5.0610e-01
4.9674e-01
4.9674e-01
4.8737e-01
4.7801e-01
4.7801e-01
4.7801e-01
4.7801e-01
4.6864e-01
4.6864e-01
4.6864e-01
4.6864e-01
4.7801e-01
4.7801e-01
4.7801e-01
4.7801e-01
4.7801e-01
4.7801e-01
4.8737e-01
4.8737e-01
4.8737e-01
4.8737e-01
4.8737e-01
4.9674e-01
5.0610e-01
5.1546e-01
5.1546e-01
5.2483e-01
5.2483e-01
5.3419e-01
5.3419e-01
5.4355e-01
5.4355e-01
5.6228e-01
5.7164e-01
5.8100e-01
5.9036e-01
5.9972e-01
6.0908e-01
6.1844e-01
6.1844e-01
6.3716e-01
6.4652e-01
6.5587e-01
6.6523e-01
6.6523e-01
6.6523e-01
6.7459e-01
6.8395e-01
6.8395e-01
6.9331e-01
7.1202e-01
7.0266e-01
7.1202e-01
7.1202e-01
7.1202e-01
7.1202e-01
7.2138e-01
7.2138e-01
7.2138e-01
7.2138e-01
7.2138e-01
7.2138e-01
7.4009e-01
7.4009e-01
7.3073e-01
7.3073e-01
7.4009e-01
7.4009e-01
7.4944e-01
7.4944e-01
7.5880e-01
7.5880e-01
7.5880e-01
7.6815e-01
7.7751e-01
7.7751e-01
7.8686e-01
7.8686e-01
7.9622e-01
8.0557e-01
8.0557e-01
8.0557e-01
8.1492e-01
8.2428e-01
8.3363e-01
8.4298e-01
8.5233e-01
8.6168e-01
8.7104e-01
8.7104e-01
8.8039e-01
8.8974e-01
8.9909e-01
8.9909e-01
8.9909e-01
8.9909e-01
9.0844e-01
9.0844e-01
9.0844e-01
9.0844e-01
9.0844e-01
9.0844e-01
9.0844e-01
9.0844e-01
9.0844e-01
9.0844e-01
9.0844e-01
9.0844e-01
9.0844e-01
8.9909e-01
8.9909e-01
9.0844e-01
9.0844e-01
9.0844e-01
9.0844e-01
9.0844e-01
9.0844e-01
9.0844e-01
9.0844e-01
9.0844e-01
8.9909e-01
8.9909e-01
8.9909e-01
8.9909e-01
8.9909e-01
8.8974e-01
8.8039e-01
8.8039e-01
8.8039e-01
8.7104e-01
8.7104e-01
8.7104e-01
8.7104e-01
8.7104e-01
8.7104e-01
8.6168e-01
8.6168e-01
8.7104e-01
8.6168e-01
8.6168e-01
8.6168e-01
8.6168e-01
8.6168e-01
8.6168e-01
8.6168e-01
8.6168e-01
8.6168e-01
8.6168e-01
8.6168e-01
8.7104e-01
8.7104e-01
8.7104e-01
8.7104e-01
8.8039e-01
8.8974e-01
8.8974e-01
8.8974e-01
8.9909e-01
8.9909e-01
9.0844e-01
9.1779e-01
9.2714e-01
9.2714e-01
9.3648e-01
9.4583e-01
9.5518e-01
9.6453e-01
9.7388e-01
9.9257e-01
1.0019e+00
1.0206e+00
1.0300e+00
1.0486e+00
1.0580e+00
1.0767e+00
1.0954e+00
1.1047e+00
1.1141e+00
1.1327e+00
1.1514e+00
1.1701e+00
1.1888e+00
1.2075e+00
1.2168e+00
1.2355e+00
1.2542e+00
1.2635e+00
1.2822e+00
1.2915e+00
1.3102e+00
1.3289e+00
1.3382e+00
1.3475e+00
1.3662e+00
1.3755e+00
1.3942e+00
1.4035e+00
1.4129e+00
1.4315e+00
1.4409e+00
1.4595e+00
1.4688e+00
1.4782e+00
1.4968e+00
1.5062e+00
1.5155e+00
1.5248e+00
1.5435e+00
1.5528e+00
1.5621e+00
1.5808e+00
1.5808e+00
1.5901e+00
1.5994e+00
1.6088e+00
1.6088e+00
1.6181e+00
1.6274e+00
1.6274e+00
1.6367e+00
1.6367e+00
1.6367e+00
1.6367e+00
1.6461e+00
1.6554e+00
1.6461e+00
1.6461e+00
1.6554e+00
1.6554e+00
1.6554e+00
1.6647e+00
1.6647e+00
1.6647e+00
1.6740e+00
1.6647e+00
1.6647e+00
1.6740e+00
1.6740e+00
1.6740e+00
1.6834e+00
1.6834e+00
1.6834e+00
1.6834e+00
1.6834e+00
1.6834e+00
1.6834e+00
1.6740e+00
1.6740e+00
1.6740e+00
1.6647e+00
1.6647e+00
1.6740e+00
1.6647e+00
1.6647e+00
1.6554e+00
1.6554e+00
1.6554e+00
1.6554e+00
1.6554e+00
1.6554e+00
1.6461e+00
1.6461e+00
1.6554e+00
1.6554e+00
1.6554e+00
1.6554e+00
1.6554e+00
1.6647e+00
1.6647e+00
1.6740e+00
1.6740e+00
1.6740e+00
1.6834e+00
1.6834e+00
1.6740e+00
1.6834e+00
1.6834e+00
1.6927e+00
1.6927e+00
1.6834e+00
1.6927e+00
1.6927e+00
1.6834e+00
1.6927e+00
1.6927e+00
1.6927e+00
1.6834e+00
1.6740e+00
1.6740e+00
1.6740e+00
1.6647e+00
1.6554e+00
1.6461e+00
1.6461e+00
1.6461e+00
1.6367e+00
1.6274e+00
1.6181e+00
1.6088e+00
1.5994e+00
1.5901e+00
1.5808e+00
1.5621e+00
1.5528e+00
1.5435e+00
1.5342e+00
1.5248e+00
1.5155e+00
1.5062e+00
1.4968e+00
1.4875e+00
1.4782e+00
1.4595e+00
1.4502e+00
1.4409e+00
1.4315e+00
1.4222e+00
1.4129e+00
1.4035e+00
1.4035e+00
1.4035e+00
1.3942e+00
1.3942e+00
1.3942e+00
1.3849e+00
1.3755e+00
1.3755e+00
1.3755e+00
1.3755e+00
1.3662e+00
1.3755e+00
1.3755e+00
1.3755e+00
1.3755e+00
1.3662e+00
1.3662e+00
1.3755e+00
1.3755e+00
1.3755e+00
1.3662e+00
1.3755e+00
1.3849e+00
1.3755e+00
1.3755e+00
1.3849e+00
1.3849e+00
1.3849e+00
1.3942e+00
1.3942e+00
1.3849e+00
1.3849e+00
1.3849e+00
1.3942e+00
1.3849e+00
1.3942e+00
1.3942e+00
1.4035e+00
1.4035e+00
1.4035e+00
1.4035e+00
1.4129e+00
1.4222e+00
1.4315e+00
1.4409e+00
1.4409e+00
1.4502e+00
1.4595e+00
1.4688e+00
1.4782e+00
1.4968e+00
1.5062e+00
1.5155e+00
1.5248e+00
1.5342e+00
1.5342e+00
1.5342e+00
1.5435e+00
1.5528e+00
1.5621e+00
1.5621e+00
1.5715e+00
1.5808e+00
1.5808e+00
1.5994e+00
1.6088e+00
1.6181e+00
1.6181e+00
1.6274e+00
1.6367e+00
1.6367e+00
1.6461e+00
1.6461e+00
1.6461e+00
1.6554e+00
1.6461e+00
1.6461e+00
1.6274e+00
1.6274e+00
1.6088e+00
1.5994e+00
1.5901e+00
1.5808e+00
1.5715e+00
1.5715e+00
1.5621e+00
1.5528e+00
1.5435e+00
1.5342e+00
1.5248e+00
1.5248e+00
1.5062e+00
1.4968e+00
1.4968e+00
1.4875e+00
1.4782e+00
1.4688e+00
1.4688e+00
1.4595e+00
1.4502e+00
1.4502e+00
1.4409e+00
1.4409e+00
1.4315e+00
1.4222e+00
1.4222e+00
1.4222e+00
1.4222e+00
1.4129e+00
1.4129e+00
1.4035e+00
1.4035e+00
1.4035e+00
1.4035e+00
1.4035e+00
1.4035e+00
1.4129e+00
1.4129e+00
1.4129e+00
1.4129e+00
1.4129e+00
1.4129e+00
1.4129e+00
1.4129e+00
1.4129e+00
1.4222e+00
1.4129e+00
1.4129e+00
1.4129e+00
1.4129e+00
1.4129e+00
1.4129e+00
1.4129e+00
1.4129e+00
1.4129e+00
1.4129e+00
1.4222e+00
1.4129e+00
1.4129e+00
1.4129e+00
1.4222e+00
1.4222e+00
1.4129e+00
1.4129e+00
1.4222e+00
1.4222e+00
1.4222e+00
1.4222e+00
1.4222e+00
1.4315e+00
1.4315e+00
1.4409e+00
1.4409e+00
1.4409e+00
1.4409e+00
1.4409e+00
1.4409e+00
1.4409e+00
1.4502e+00
1.4502e+00
1.4502e+00
1.4502e+00
1.4409e+00
1.4502e+00
1.4502e+00
1.4502e+00
1.4502e+00
1.4595e+00
1.4595e+00
1.4688e+00
1.4782e+00
1.4782e+00
1.4782e+00
1.4875e+00
1.4875e+00
1.4875e+00
1.4968e+00
1.5062e+00
1.5062e+00
1.5155e+00
1.5155e+00
1.5248e+00
1.5248e+00
1.5342e+00
1.5342e+00
1.5435e+00
1.5435e+00
1.5435e+00
1.5528e+00
1.5435e+00
1.5528e+00
1.5621e+00
1.5621e+00
1.5621e+00
1.5715e+00
1.5808e+00
1.5901e+00
1.5808e+00
1.5901e+00
1.5901e+00
1.5994e+00
1.6088e+00
1.6088e+00
1.6181e+00
1.6181e+00
1.6181e+00
1.6274e+00
1.6367e+00
1.6461e+00
1.6554e+00
1.6554e+00
1.6740e+00
1.6740e+00
1.6834e+00
1.7020e+00
1.7113e+00
1.7207e+00
1.7393e+00
1.7393e+00
1.7486e+00
1.7673e+00
1.7766e+00
1.7766e+00
1.7859e+00
1.7952e+00
1.8139e+00
1.8232e+00
1.8232e+00
1.8232e+00
1.8232e+00
1.8139e+00
1.8139e+00
1.8139e+00
1.8139e+00
1.8139e+00
1.8232e+00
1.8139e+00
1.8139e+00
1.8139e+00
1.8045e+00
1.8045e+00
1.8045e+00
1.7952e+00
1.7952e+00
1.7859e+00
1.7766e+00
1.7673e+00
1.7673e+00
1.7579e+00
1.7393e+00
1.7393e+00
1.7300e+00
1.7207e+00
1.7020e+00
1.6927e+00
1.6740e+00
1.6554e+00
1.6461e+00
1.6367e+00
1.6181e+00
1.5994e+00
1.5901e+00
1.5715e+00
1.5528e+00
1.5342e+00
1.5248e+00
1.5062e+00
1.4968e+00
1.4782e+00
1.4688e+00
1.4502e+00
1.4409e+00
1.4409e+00
1.4222e+00
1.4035e+00
1.3942e+00
1.3849e+00
1.3849e+00
1.3755e+00
1.3569e+00
1.3569e+00
1.3475e+00
1.3475e+00
1.3382e+00
1.3195e+00
1.3102e+00
1.3008e+00
1.2822e+00
1.2728e+00
1.2635e+00
1.2542e+00
1.2355e+00
1.2261e+00
1.2168e+00
1.2075e+00
1.1888e+00
1.1701e+00
1.1608e+00
1.1421e+00
1.1327e+00
1.1327e+00
1.1141e+00
1.1047e+00
1.0954e+00
1.0860e+00
1.0767e+00
1.0767e+00
1.0673e+00
1.0580e+00
1.0486e+00
1.0393e+00
1.0206e+00
1.0113e+00
1.0019e+00
9.9257e-01
9.8322e-01
9.7388e-01
9.6453e-01
9.5518e-01
9.4583e-01
9.3648e-01
9.2714e-01
9.1779e-01
9.0844e-01
8.9909e-01
8.8974e-01
8.8039e-01
8.6168e-01
8.5233e-01
8.2428e-01
8.1492e-01
7.9622e-01
7.7751e-01
7.5880e-01
7.4009e-01
7.2138e-01
6.9331e-01
6.8395e-01
6.7459e-01
6.5587e-01
6.3716e-01
6.1844e-01
5.9972e-01
5.8100e-01
5.7164e-01
5.5291e-01
5.2483e-01
5.2483e-01
5.0610e-01
4.9674e-01
4.7801e-01
4.5928e-01
4.4991e-01
4.4055e-01
4.3118e-01
4.1245e-01
4.0308e-01
3.9371e-01
3.8435e-01
3.7498e-01
3.5624e-01
3.3750e-01
3.2813e-01
3.2813e-01
3.0939e-01
3.0939e-01
3.0002e-01
2.9065e-01
2.9065e-01
2.9065e-01
2.8128e-01
2.7191e-01
2.7191e-01
2.7191e-01
2.7191e-01
2.6254e-01
2.5317e-01
2.5317e-01
2.6254e-01
2.5317e-01
2.4380e-01
2.4380e-01
2.4380e-01
2.4380e-01
2.4380e-01
2.3442e-01
2.2505e-01
2.2505e-01
2.2505e-01
2.2505e-01
2.1568e-01
2.1568e-01
2.1568e-01
2.1568e-01
2.0630e-01
2.0630e-01
2.0630e-01
2.0630e-01
1.9693e-01
1.8755e-01
1.8755e-01
1.7818e-01
1.6880e-01
1.6880e-01
1.6880e-01
1.6880e-01
1.5943e-01
1.5943e-01
1.5005e-01
1.5005e-01
1.5005e-01
1.4068e-01
1.4068e-01
1.5005e-01
1.4068e-01
1.4068e-01
1.4068e-01
1.4068e-01
1.4068e-01
1.3130e-01
1.3130e-01
1.2193e-01
1.3130e-01
1.3130e-01
1.2193e-01
1.3130e-01
1.3130e-01
1.2193e-01
1.2193e-01
1.2193e-01
1.2193e-01
1.2193e-01
1.2193e-01
1.3130e-01
1.3130e-01
1.3130e-01
1.3130e-01
1.3130e-01
1.3130e-01
1.4068e-01
1.4068e-01
1.5005e-01
1.5005e-01
1.5005e-01
1.5005e-01
1.5005e-01
1.5943e-01
1.5943e-01
1.6880e-01
1.6880e-01
1.6880e-01
1.6880e-01
1.6880e-01
1.6880e-01
1.6880e-01
1.6880e-01
1.6880e-01
1.7818e-01
1.6880e-01
1.6880e-01
1.6880e-01
1.5943e-01
1.5943e-01
1.5943e-01
1.5943e-01
1.5005e-01
1.5005e-01
1.5943e-01
1.5005e-01
1.5005e-01
1.5005e-01
1.5005e-01
1.5005e-01
1.4068e-01
1.4068e-01
1.5005e-01
1.4068e-01
1.4068e-01
1.5005e-01
1.5005e-01
1.5005e-01
1.5005e-01
1.5943e-01
1.6880e-01
1.6880e-01
1.6880e-01
1.7818e-01
1.7818e-01
1.7818e-01
1.8755e-01
1.8755e-01
1.9693e-01
1.9693e-01
1.9693e-01
1.9693e-01
1.9693e-01
1.9693e-01
1.8755e-01
1.8755e-01
1.8755e-01
1.9693e-01
1.9693e-01
1.9693e-01
1.9693e-01
1.8755e-01
1.8755e-01
1.8755e-01
1.8755e-01
1.8755e-01
1.8755e-01
1.8755e-01
1.8755e-01
1.8755e-01
1.8755e-01
1.8755e-01
1.8755e-01
1.7818e-01
1.7818e-01
1.7818e-01
1.6880e-01
1.6880e-01
1.5943e-01
1.5943e-01
1.5943e-01
1.5943e-01
1.5943e-01
1.5005e-01
1.5005e-01
1.5005e-01
1.4068e-01
1.4068e-01
1.3130e-01
1.3130e-01
1.2193e-01
1.1255e-01
1.1255e-01
1.0317e-01
1.0317e-01
9.3793e-02
8.4415e-02
8.4415e-02
7.5037e-02
6.5659e-02
6.5659e-02
6.5659e-02
5.6280e-02
5.6280e-02
4.6901e-02
4.6901e-02
4.6901e-02
3.7521e-02
4.6901e-02
3.7521e-02
2.8141e-02
3.7521e-02
3.7521e-02
3.7521e-02
3.7521e-02
3.7521e-02
3.7521e-02
3.7521e-02
3.7521e-02
4.6901e-02
4.6901e-02
4.6901e-02
4.6901e-02
4.6901e-02
4.6901e-02
4.6901e-02
4.6901e-02
3.7521e-02
3.7521e-02
4.6901e-02
3.7521e-02
3.7521e-02
3.7521e-02
2.8141e-02
1.8761e-02
2.8141e-02
1.8761e-02
2.8141e-02
2.8141e-02
2.8141e-02
1.8761e-02
1.8761e-02
1.8761e-02
1.8761e-02
1.8761e-02
9.3810e-03
9.3810e-03
9.3810e-03
9.3810e-03
0000
0000
0000
9.3810e-03
9.3810e-03
1.8761e-02
1.8761e-02
1.8761e-02
1.8761e-02
2.8141e-02
2.8141e-02
2.8141e-02
2.8141e-02
1.8761e-02
1.8761e-02
1.8761e-02
2.8141e-02
2.8141e-02
2.8141e-02
2.8141e-02
2.8141e-02
2.8141e-02
3.7521e-02
3.7521e-02
2.8141e-02
2.8141e-02
3.7521e-02
3.7521e-02
3.7521e-02
3.7521e-02
3.7521e-02
4.6901e-02
4.6901e-02
5.6280e-02
5.6280e-02
6.5659e-02
6.5659e-02
7.5037e-02
8.4415e-02
9.3793e-02
9.3793e-02
1.0317e-01
1.1255e-01
1.1255e-01
1.2193e-01
1.3130e-01
1.4068e-01
1.5005e-01
1.5005e-01
1.5943e-01
1.6880e-01
1.6880e-01
1.7818e-01
1.8755e-01
1.9693e-01
1.9693e-01
2.0630e-01
2.1568e-01
2.1568e-01
2.1568e-01
2.2505e-01
2.3442e-01
2.3442e-01
2.3442e-01
2.4380e-01
2.5317e-01
2.5317e-01
2.6254e-01
2.7191e-01
2.8128e-01
2.8128e-01
2.8128e-01
2.9065e-01
3.0939e-01
3.1876e-01
3.2813e-01
3.3750e-01
3.4687e-01
3.4687e-01
3.5624e-01
3.6561e-01
3.6561e-01
3.7498e-01
3.7498e-01
3.8435e-01
3.9371e-01
3.9371e-01
4.1245e-01
4.2181e-01
4.2181e-01
4.3118e-01
4.4055e-01
4.4991e-01
4.5928e-01
4.6864e-01
4.6864e-01
4.7801e-01
4.8737e-01
4.9674e-01
4.9674e-01
5.0610e-01
5.1546e-01
5.2483e-01
5.3419e-01
5.4355e-01
5.5291e-01
5.7164e-01
5.8100e-01
5.9036e-01
5.9972e-01
6.0908e-01
6.2780e-01
6.4652e-01
6.5587e-01
6.6523e-01
6.8395e-01
6.9331e-01
7.0266e-01
7.1202e-01
7.1202e-01
7.3073e-01
7.4009e-01
7.4944e-01
7.5880e-01
7.5880e-01
7.6815e-01
7.7751e-01
7.7751e-01
7.7751e-01
7.7751e-01
7.7751e-01
7.8686e-01
7.8686e-01
7.8686e-01
7.8686e-01
7.9622e-01
7.9622e-01
7.9622e-01
7.9622e-01
7.8686e-01
7.8686e-01
7.8686e-01
7.8686e-01
7.8686e-01
7.8686e-01
7.8686e-01
7.9622e-01
7.9622e-01
7.9622e-01
7.9622e-01
8.0557e-01
8.1492e-01
8.3363e-01
8.4298e-01
8.5233e-01
8.6168e-01
8.7104e-01
8.8039e-01
8.8974e-01
8.8974e-01
8.9909e-01
9.0844e-01
9.0844e-01
9.1779e-01
9.2714e-01
9.1779e-01
9.2714e-01
9.2714e-01
9.2714e-01
9.1779e-01
9.2714e-01
9.2714e-01
9.1779e-01
9.0844e-01
9.0844e-01
9.0844e-01
9.0844e-01
8.9909e-01
8.9909e-01
8.9909e-01
8.9909e-01
9.0844e-01
9.0844e-01
9.0844e-01
9.0844e-01
9.0844e-01
9.0844e-01
9.1779e-01
9.2714e-01
9.2714e-01
9.3648e-01
9.4583e-01
9.4583e-01
9.5518e-01
9.6453e-01
9.6453e-01
9.7388e-01
9.8322e-01
9.9257e-01
9.9257e-01
1.0019e+00
1.0019e+00
1.0113e+00
1.0206e+00
1.0206e+00
1.0206e+00
1.0300e+00
1.0393e+00
1.0393e+00
1.0486e+00
1.0486e+00
1.0580e+00
1.0673e+00
1.0673e+00
1.0767e+00
1.0673e+00
1.0673e+00
1.0673e+00
1.0580e+00
1.0486e+00
1.0300e+00
1.0206e+00
1.0113e+00
9.9257e-01
9.8322e-01
9.6453e-01
9.4583e-01
9.3648e-01
9.2714e-01
9.0844e-01
8.8974e-01
8.8039e-01
8.6168e-01
8.5233e-01
8.4298e-01
8.3363e-01
8.2428e-01
8.1492e-01
8.0557e-01
7.9622e-01
7.9622e-01
7.8686e-01
7.7751e-01
7.6815e-01
7.6815e-01
7.5880e-01
7.4944e-01
7.4944e-01
7.4009e-01
7.3073e-01
7.4009e-01
7.3073e-01
7.2138e-01
7.2138e-01
7.2138e-01
7.2138e-01
7.1202e-01
7.2138e-01
7.1202e-01
7.0266e-01
7.0266e-01
6.9331e-01
6.9331e-01
6.8395e-01
6.8395e-01
6.7459e-01
6.6523e-01
6.5587e-01
6.5587e-01
6.3716e-01
6.2780e-01
5.9972e-01
5.9036e-01
5.7164e-01
5.5291e-01
5.3419e-01
5.2483e-01
5.1546e-01
5.0610e-01
4.8737e-01
4.7801e-01
4.6864e-01
4.5928e-01
4.4991e-01
4.3118e-01
4.2181e-01
4.1245e-01
4.0308e-01
4.0308e-01
3.8435e-01
3.7498e-01
3.7498e-01
3.7498e-01
3.6561e-01
3.5624e-01
3.5624e-01
3.5624e-01
3.5624e-01
3.5624e-01
3.5624e-01
3.4687e-01
3.5624e-01
3.6561e-01
3.5624e-01
3.4687e-01
3.5624e-01
3.6561e-01
3.6561e-01
3.6561e-01
3.6561e-01
3.5624e-01
3.6561e-01
3.6561e-01
3.5624e-01
3.6561e-01
3.6561e-01
3.6561e-01
3.7498e-01
3.7498e-01
3.7498e-01
3.8435e-01
3.8435e-01
3.9371e-01
4.0308e-01
4.0308e-01
4.1245e-01
4.2181e-01
4.3118e-01
4.3118e-01
4.4991e-01
4.4991e-01
4.4991e-01
4.5928e-01
4.7801e-01
4.7801e-01
4.8737e-01
4.9674e-01
5.0610e-01
5.1546e-01
5.2483e-01
5.3419e-01
5.4355e-01
5.4355e-01
5.5291e-01
5.6228e-01
5.8100e-01
5.9036e-01
5.9972e-01
6.0908e-01
6.1844e-01
6.2780e-01
6.4652e-01
6.4652e-01
6.6523e-01
6.7459e-01
6.9331e-01
7.0266e-01
7.1202e-01
7.3073e-01
7.4944e-01
7.5880e-01
7.6815e-01
7.6815e-01
7.8686e-01
7.9622e-01
8.0557e-01
8.1492e-01
8.2428e-01
8.3363e-01
8.4298e-01
8.4298e-01
8.5233e-01
8.6168e-01
8.7104e-01
8.8039e-01
8.8039e-01
8.8974e-01
8.9909e-01
8.9909e-01
9.0844e-01
9.0844e-01
9.1779e-01
9.1779e-01
9.2714e-01
9.3648e-01
9.3648e-01
9.3648e-01
9.4583e-01
9.4583e-01
9.4583e-01
9.5518e-01
9.4583e-01
9.4583e-01
9.4583e-01
9.5518e-01
9.5518e-01
9.4583e-01
9.4583e-01
9.4583e-01
9.3648e-01
9.2714e-01
9.2714e-01
9.2714e-01
9.3648e-01
9.3648e-01
9.3648e-01
9.3648e-01
9.3648e-01
9.3648e-01
9.3648e-01
9.3648e-01
9.3648e-01
9.4583e-01
9.4583e-01
9.4583e-01
9.4583e-01
9.4583e-01
9.4583e-01
9.4583e-01
9.4583e-01
9.5518e-01
9.5518e-01
9.6453e-01
9.6453e-01
9.6453e-01
9.7388e-01
9.7388e-01
9.7388e-01
9.7388e-01
9.8322e-01
9.9257e-01
9.9257e-01
9.9257e-01
9.9257e-01
1.0019e+00
1.0113e+00
1.0113e+00
1.0113e+00
1.0113e+00
1.0113e+00
1.0206e+00
1.0206e+00
1.0206e+00
1.0113e+00
1.0113e+00
1.0113e+00
1.0113e+00
1.0113e+00
1.0113e+00
1.0206e+00
1.0206e+00
1.0206e+00
1.0300e+00
1.0300e+00
1.0393e+00
1.0393e+00
1.0393e+00
1.0393e+00
1.0393e+00
1.0486e+00
1.0486e+00
1.0486e+00
1.0580e+00
1.0580e+00
1.0673e+00
1.0767e+00
1.0767e+00
1.0767e+00
1.0767e+00
1.0860e+00
1.0954e+00
1.1047e+00
1.1141e+00
1.1234e+00
1.1327e+00
1.1421e+00
1.1514e+00
1.1701e+00
1.1794e+00
1.1888e+00
1.2075e+00
1.2168e+00
1.2261e+00
1.2355e+00
1.2355e+00
1.2355e+00
1.2355e+00
1.2355e+00
1.2261e+00
1.2261e+00
1.2261e+00
1.2261e+00
1.2168e+00
1.2075e+00
1.2075e+00
1.1981e+00
1.1888e+00
1.1888e+00
1.1888e+00
1.1794e+00
1.1701e+00
1.1794e+00
1.1794e+00
1.1701e+00
1.1701e+00
1.1701e+00
1.1701e+00
1.1701e+00
1.1608e+00
1.1701e+00
1.1794e+00
1.1794e+00
1.1794e+00
1.1794e+00
1.1794e+00
1.1794e+00
1.1794e+00
1.1701e+00
1.1701e+00
1.1794e+00
1.1701e+00
1.1608e+00
1.1608e+00
1.1514e+00
1.1421e+00
1.1327e+00
1.1421e+00
1.1421e+00
1.1421e+00
1.1421e+00
1.1421e+00
1.1421e+00
1.1421e+00
1.1421e+00
1.1514e+00
1.1514e+00
1.1608e+00
1.1701e+00
1.1701e+00
1.1701e+00
1.1794e+00
1.1888e+00
1.1981e+00
1.1981e+00
1.2075e+00
1.2168e+00
1.2261e+00
1.2355e+00
1.2448e+00
1.2448e+00
1.2542e+00
1.2542e+00
1.2635e+00
1.2728e+00
1.2822e+00
1.2822e+00
1.2915e+00
1.2915e+00
1.3008e+00
1.3008e+00
1.3008e+00
1.3008e+00
1.3008e+00
1.3008e+00
1.3008e+00
1.3008e+00
1.3008e+00
1.3008e+00
1.2915e+00
1.2915e+00
1.3008e+00
1.3008e+00
1.3008e+00
1.3008e+00
1.2915e+00
1.3008e+00
1.3102e+00
1.3102e+00
1.3195e+00
1.3195e+00
1.3195e+00
1.3195e+00
1.3289e+00
1.3382e+00
1.3382e+00
1.3475e+00
1.3475e+00
1.3569e+00
1.3662e+00
1.3662e+00
1.3755e+00
1.3849e+00
1.3942e+00
1.4035e+00
1.4035e+00
1.4129e+00
1.4222e+00
1.4315e+00
1.4502e+00
1.4502e+00
1.4595e+00
1.4688e+00
1.4782e+00
1.4875e+00
1.4968e+00
1.5062e+00
1.5155e+00
1.5248e+00
1.5342e+00
1.5435e+00
1.5528e+00
1.5621e+00
1.5621e+00
1.5715e+00
1.5715e+00
1.5808e+00
1.5901e+00
1.5901e+00
1.5901e+00
1.5901e+00
1.5901e+00
1.5901e+00
1.5901e+00
1.5901e+00
1.5808e+00
1.5808e+00
1.5808e+00
1.5808e+00
1.5808e+00
1.5808e+00
1.5715e+00
1.5715e+00
1.5715e+00
1.5715e+00
1.5715e+00
1.5621e+00
1.5528e+00
1.5528e+00
1.5528e+00
1.5528e+00
1.5435e+00
1.5342e+00
1.5342e+00
1.5342e+00
1.5248e+00
1.5155e+00
1.5062e+00
1.5062e+00
1.4968e+00
1.4875e+00
1.4875e+00
1.4782e+00
1.4782e+00
1.4688e+00
1.4782e+00
1.4782e+00
1.4688e+00
1.4595e+00
1.4595e+00
1.4595e+00
1.4595e+00
1.4595e+00
1.4595e+00
1.4595e+00
1.4595e+00
1.4595e+00
1.4595e+00
1.4688e+00
1.4595e+00
1.4595e+00
1.4595e+00
1.4595e+00
1.4595e+00
1.4502e+00
1.4595e+00
1.4595e+00
1.4502e+00
1.4595e+00
1.4595e+00
1.4595e+00
1.4595e+00
1.4502e+00
1.4502e+00
1.4502e+00
1.4502e+00
1.4409e+00
1.4315e+00
1.4409e+00
1.4409e+00
1.4315e+00
1.4222e+00
1.4222e+00
1.4222e+00
1.4129e+00
1.4129e+00
1.4129e+00
1.4129e+00
1.4129e+00
1.4129e+00
1.4129e+00
1.4129e+00
1.4129e+00
1.4129e+00
1.4129e+00
1.4129e+00
1.4129e+00
1.4129e+00
1.4129e+00
1.4129e+00
1.4222e+00
1.4315e+00
1.4315e+00
1.4409e+00
1.4502e+00
1.4502e+00
1.4595e+00
1.4595e+00
1.4688e+00
1.4688e+00
