1.6538e+00
1.6538e+00
1.6640e+00
1.6538e+00
1.6640e+00
1.6640e+00
1.6640e+00
1.6640e+00
1.6742e+00
1.6742e+00
1.6742e+00
1.6843e+00
1.6742e+00
1.6742e+00
1.6742e+00
1.6742e+00
1.6843e+00
1.6843e+00
1.6843e+00
1.6843e+00
1.6843e+00
1.6843e+00
1.6843e+00
1.6843e+00
1.6843e+00
1.6843e+00
1.6843e+00
1.6945e+00
1.6945e+00
1.6945e+00
1.6843e+00
1.6843e+00
1.6843e+00
1.6742e+00
1.6742e+00
1.6742e+00
1.6742e+00
1.6742e+00
1.6742e+00
1.6742e+00
1.6640e+00
1.6742e+00
1.6742e+00
1.6640e+00
1.6640e+00
1.6640e+00
1.6640e+00
1.6640e+00
1.6538e+00
1.6538e+00
1.6538e+00
1.6640e+00
1.6640e+00
1.6640e+00
1.6538e+00
1.6640e+00
1.6640e+00
1.6640e+00
1.6742e+00
1.6742e+00
1.6742e+00
1.6742e+00
1.6843e+00
1.6843e+00
1.6843e+00
1.6843e+00
1.6945e+00
1.6945e+00
1.6945e+00
1.6945e+00
1.7047e+00
1.7149e+00
1.7149e+00
1.7149e+00
1.7149e+00
1.7149e+00
1.7251e+00
1.7251e+00
1.7149e+00
1.7251e+00
1.7251e+00
1.7251e+00
1.7149e+00
1.7149e+00
1.7149e+00
1.7149e+00
1.7047e+00
1.7047e+00
1.7047e+00
1.6945e+00
1.6843e+00
1.6742e+00
1.6742e+00
1.6640e+00
1.6538e+00
1.6538e+00
1.6538e+00
1.6436e+00
1.6334e+00
1.6334e+00
1.6233e+00
1.6131e+00
1.6131e+00
1.6029e+00
1.5927e+00
1.5927e+00
1.5825e+00
1.5825e+00
1.5825e+00
1.5724e+00
1.5724e+00
1.5622e+00
1.5622e+00
1.5622e+00
1.5520e+00
1.5520e+00
1.5418e+00
1.5520e+00
1.5520e+00
1.5418e+00
1.5418e+00
1.5520e+00
1.5418e+00
1.5418e+00
1.5520e+00
1.5520e+00
1.5520e+00
1.5520e+00
1.5520e+00
1.5622e+00
1.5622e+00
1.5622e+00
1.5724e+00
1.5724e+00
1.5724e+00
1.5927e+00
1.6029e+00
1.6029e+00
1.6029e+00
1.6131e+00
1.6131e+00
1.6233e+00
1.6233e+00
1.6436e+00
1.6436e+00
1.6538e+00
1.6538e+00
1.6640e+00
1.6742e+00
1.6742e+00
1.6742e+00
1.6843e+00
1.6945e+00
1.7047e+00
1.7047e+00
1.7149e+00
1.7251e+00
1.7251e+00
1.7251e+00
1.7352e+00
1.7454e+00
1.7454e+00
1.7556e+00
1.7556e+00
1.7556e+00
1.7658e+00
1.7658e+00
1.7759e+00
1.7861e+00
1.7861e+00
1.7963e+00
1.7963e+00
1.7963e+00
1.8065e+00
1.8065e+00
1.8166e+00
1.8166e+00
1.8166e+00
1.8268e+00
1.8268e+00
1.8268e+00
1.8268e+00
1.8370e+00
1.8370e+00
1.8471e+00
1.8471e+00
1.8471e+00
1.8471e+00
1.8471e+00
1.8471e+00
1.8471e+00
1.8471e+00
1.8471e+00
1.8471e+00
1.8573e+00
1.8573e+00
1.8573e+00
1.8675e+00
1.8675e+00
1.8675e+00
1.8675e+00
1.8675e+00
1.8675e+00
1.8675e+00
1.8573e+00
1.8675e+00
1.8573e+00
1.8573e+00
1.8675e+00
1.8573e+00
1.8573e+00
1.8573e+00
1.8471e+00
1.8471e+00
1.8471e+00
1.8471e+00
1.8471e+00
1.8471e+00
1.8471e+00
1.8471e+00
1.8471e+00
1.8471e+00
1.8471e+00
1.8471e+00
1.8370e+00
1.8370e+00
1.8370e+00
1.8370e+00
1.8268e+00
1.8268e+00
1.8268e+00
1.8166e+00
1.8166e+00
1.8166e+00
1.8166e+00
1.8065e+00
1.8065e+00
1.8065e+00
1.7963e+00
1.7861e+00
1.7759e+00
1.7759e+00
1.7759e+00
1.7658e+00
1.7454e+00
1.7454e+00
1.7352e+00
1.7352e+00
1.7251e+00
1.7149e+00
1.7047e+00
1.6945e+00
1.7047e+00
1.6945e+00
1.6843e+00
1.6640e+00
1.6640e+00
1.6538e+00
1.6436e+00
1.6436e+00
1.6233e+00
1.6131e+00
1.6029e+00
1.5927e+00
1.5927e+00
1.5724e+00
1.5622e+00
1.5520e+00
1.5418e+00
1.5316e+00
1.5316e+00
1.5214e+00
1.5113e+00
1.5011e+00
1.4909e+00
1.4807e+00
1.4705e+00
1.4705e+00
1.4603e+00
1.4502e+00
1.4502e+00
1.4502e+00
1.4502e+00
1.4400e+00
1.4502e+00
1.4400e+00
1.4298e+00
1.4298e+00
1.4196e+00
1.4298e+00
1.4400e+00
1.4400e+00
1.4400e+00
1.4400e+00
1.4502e+00
1.4502e+00
1.4502e+00
1.4502e+00
1.4502e+00
1.4603e+00
1.4705e+00
1.4705e+00
1.4807e+00
1.4807e+00
1.4807e+00
1.4909e+00
1.5011e+00
1.5011e+00
1.4909e+00
1.4807e+00
1.4909e+00
1.4807e+00
1.4807e+00
1.4807e+00
1.4705e+00
1.4705e+00
1.4603e+00
1.4502e+00
1.4400e+00
1.4502e+00
1.4400e+00
1.4400e+00
1.4196e+00
1.4094e+00
1.3992e+00
1.3992e+00
1.3992e+00
1.3890e+00
1.3788e+00
1.3788e+00
1.3686e+00
1.3686e+00
1.3585e+00
1.3585e+00
1.3585e+00
1.3483e+00
1.3483e+00
1.3483e+00
1.3381e+00
1.3381e+00
1.3381e+00
1.3279e+00
1.3177e+00
1.3177e+00
1.3279e+00
1.3177e+00
1.3177e+00
1.3177e+00
1.3075e+00
1.3075e+00
1.3075e+00
1.3075e+00
1.2973e+00
1.2973e+00
1.2973e+00
1.2973e+00
1.2973e+00
1.2973e+00
1.2871e+00
1.2871e+00
1.2871e+00
1.2871e+00
1.2871e+00
1.2871e+00
1.2871e+00
1.2973e+00
1.2973e+00
1.2871e+00
1.2871e+00
1.2973e+00
1.2973e+00
1.2973e+00
1.2973e+00
1.2973e+00
1.2973e+00
1.2973e+00
1.2973e+00
1.2871e+00
1.2871e+00
1.2871e+00
1.2871e+00
1.2871e+00
1.2871e+00
1.2769e+00
1.2769e+00
1.2769e+00
1.2667e+00
1.2667e+00
1.2667e+00
1.2667e+00
1.2565e+00
1.2565e+00
1.2463e+00
1.2463e+00
1.2463e+00
1.2362e+00
1.2362e+00
1.2362e+00
1.2362e+00
1.2362e+00
1.2260e+00
1.2260e+00
1.2260e+00
1.2158e+00
1.2158e+00
1.2158e+00
1.2158e+00
1.2158e+00
1.2260e+00
1.2158e+00
1.2158e+00
1.2260e+00
1.2158e+00
1.2260e+00
1.2158e+00
1.2158e+00
1.2158e+00
1.2158e+00
1.2056e+00
1.2158e+00
1.2056e+00
1.2056e+00
1.2056e+00
1.2056e+00
1.1954e+00
1.1954e+00
1.1852e+00
1.1954e+00
1.1852e+00
1.1852e+00
1.1852e+00
1.1852e+00
1.1852e+00
1.1852e+00
1.1954e+00
1.1954e+00
1.1954e+00
1.1954e+00
1.1954e+00
1.2056e+00
1.2056e+00
1.2056e+00
1.2056e+00
1.1954e+00
1.1954e+00
1.1954e+00
1.1852e+00
1.1750e+00
1.1648e+00
1.1546e+00
1.1444e+00
1.1342e+00
1.1240e+00
1.1138e+00
1.1036e+00
1.0934e+00
1.0832e+00
1.0730e+00
1.0628e+00
1.0424e+00
1.0424e+00
1.0322e+00
1.0220e+00
1.0016e+00
9.9139e-01
9.7099e-01
9.7099e-01
9.6078e-01
9.5058e-01
9.4037e-01
9.3017e-01
9.0976e-01
8.9955e-01
8.9955e-01
8.8935e-01
8.7914e-01
8.6893e-01
8.5872e-01
8.4852e-01
8.3831e-01
8.3831e-01
8.2810e-01
8.2810e-01
8.1789e-01
8.0768e-01
8.0768e-01
7.9747e-01
7.9747e-01
7.8726e-01
7.7705e-01
7.7705e-01
7.7705e-01
7.6684e-01
7.5663e-01
7.5663e-01
7.5663e-01
7.4642e-01
7.3621e-01
7.3621e-01
7.3621e-01
7.2600e-01
7.2600e-01
7.1578e-01
7.1578e-01
7.0557e-01
7.0557e-01
7.0557e-01
6.9536e-01
6.8514e-01
6.8514e-01
6.8514e-01
6.8514e-01
6.8514e-01
6.8514e-01
6.8514e-01
6.8514e-01
6.8514e-01
6.8514e-01
6.8514e-01
6.8514e-01
6.8514e-01
6.9536e-01
6.9536e-01
6.9536e-01
6.9536e-01
6.9536e-01
6.9536e-01
6.9536e-01
7.0557e-01
7.0557e-01
7.0557e-01
7.0557e-01
7.0557e-01
7.0557e-01
7.1578e-01
7.1578e-01
7.1578e-01
7.2600e-01
7.2600e-01
7.3621e-01
7.2600e-01
7.3621e-01
7.4642e-01
7.4642e-01
7.5663e-01
7.5663e-01
7.5663e-01
7.6684e-01
7.7705e-01
7.7705e-01
7.8726e-01
7.9747e-01
7.9747e-01
7.9747e-01
8.0768e-01
8.1789e-01
8.1789e-01
8.2810e-01
8.2810e-01
8.3831e-01
8.4852e-01
8.4852e-01
8.5872e-01
8.5872e-01
8.6893e-01
8.7914e-01
8.7914e-01
8.7914e-01
8.8935e-01
8.8935e-01
8.8935e-01
8.9955e-01
9.0976e-01
9.0976e-01
9.0976e-01
9.0976e-01
9.0976e-01
9.0976e-01
9.0976e-01
9.1996e-01
9.1996e-01
9.1996e-01
9.3017e-01
9.1996e-01
9.1996e-01
9.3017e-01
9.3017e-01
9.3017e-01
9.4037e-01
9.4037e-01
9.4037e-01
9.4037e-01
9.4037e-01
9.4037e-01
9.5058e-01
9.5058e-01
9.5058e-01
9.5058e-01
9.5058e-01
9.6078e-01
9.7099e-01
9.7099e-01
9.6078e-01
9.7099e-01
9.9139e-01
9.8119e-01
9.9139e-01
9.9139e-01
9.9139e-01
9.9139e-01
1.0016e+00
1.0118e+00
1.0118e+00
1.0220e+00
1.0220e+00
1.0322e+00
1.0424e+00
1.0424e+00
1.0526e+00
1.0526e+00
1.0628e+00
1.0628e+00
1.0730e+00
1.0832e+00
1.0832e+00
1.0832e+00
1.0934e+00
1.1036e+00
1.1036e+00
1.1138e+00
1.1138e+00
1.1240e+00
1.1342e+00
1.1444e+00
1.1444e+00
1.1444e+00
1.1444e+00
1.1546e+00
1.1546e+00
1.1648e+00
1.1648e+00
1.1750e+00
1.1750e+00
1.1750e+00
1.1750e+00
1.1852e+00
1.1852e+00
1.1852e+00
1.1852e+00
1.1852e+00
1.1954e+00
1.1954e+00
1.1954e+00
1.1954e+00
1.1852e+00
1.1852e+00
1.1954e+00
1.1954e+00
1.1852e+00
1.1852e+00
1.1852e+00
1.1852e+00
1.1852e+00
1.1852e+00
1.1852e+00
1.1852e+00
1.1852e+00
1.1852e+00
1.1852e+00
1.1954e+00
1.1954e+00
1.1954e+00
1.2056e+00
1.1954e+00
1.2056e+00
1.2056e+00
1.2056e+00
1.2056e+00
1.2056e+00
1.2158e+00
1.2158e+00
1.2158e+00
1.2158e+00
1.2158e+00
1.2260e+00
1.2260e+00
1.2362e+00
1.2362e+00
1.2362e+00
1.2463e+00
1.2463e+00
1.2565e+00
1.2565e+00
1.2565e+00
1.2565e+00
1.2769e+00
1.2769e+00
1.2769e+00
1.2871e+00
1.2973e+00
1.2973e+00
1.2973e+00
1.3075e+00
1.2973e+00
1.3075e+00
1.3177e+00
1.3177e+00
1.3279e+00
1.3279e+00
1.3381e+00
1.3279e+00
1.3381e+00
1.3483e+00
1.3483e+00
1.3585e+00
1.3585e+00
1.3585e+00
1.3686e+00
1.3788e+00
1.3788e+00
1.3890e+00
1.3890e+00
1.3992e+00
1.4094e+00
1.4094e+00
1.4196e+00
1.4196e+00
1.4298e+00
1.4400e+00
1.4502e+00
1.4502e+00
1.4603e+00
1.4603e+00
1.4705e+00
1.4705e+00
1.4807e+00
1.4807e+00
1.4909e+00
1.4909e+00
1.4909e+00
1.4909e+00
1.5011e+00
1.5113e+00
1.5214e+00
1.5214e+00
1.5214e+00
1.5214e+00
1.5214e+00
1.5214e+00
1.5214e+00
1.5214e+00
1.5214e+00
1.5214e+00
1.5214e+00
1.5214e+00
1.5214e+00
1.5214e+00
1.5214e+00
1.5214e+00
1.5214e+00
1.5316e+00
1.5316e+00
1.5316e+00
1.5316e+00
1.5316e+00
1.5316e+00
1.5316e+00
1.5316e+00
1.5316e+00
1.5418e+00
1.5316e+00
1.5418e+00
1.5520e+00
1.5520e+00
1.5520e+00
1.5622e+00
1.5622e+00
1.5724e+00
1.5724e+00
1.5825e+00
1.5825e+00
1.5927e+00
1.6029e+00
1.6029e+00
1.6131e+00
1.6233e+00
1.6334e+00
1.6334e+00
1.6436e+00
1.6436e+00
1.6538e+00
1.6640e+00
1.6640e+00
1.6742e+00
1.6843e+00
1.6945e+00
1.7047e+00
1.7149e+00
1.7251e+00
1.7352e+00
1.7454e+00
1.7556e+00
1.7658e+00
1.7861e+00
1.7861e+00
1.8065e+00
1.8166e+00
1.8268e+00
1.8268e+00
1.8471e+00
1.8573e+00
1.8573e+00
1.8777e+00
1.8878e+00
1.8878e+00
1.8980e+00
1.9082e+00
1.9183e+00
1.9285e+00
1.9387e+00
1.9489e+00
1.9590e+00
1.9794e+00
1.9895e+00
1.9997e+00
2.0099e+00
2.0200e+00
2.0302e+00
2.0404e+00
2.0505e+00
2.0607e+00
2.0607e+00
2.0708e+00
2.0810e+00
2.0912e+00
2.1013e+00
2.1115e+00
2.1115e+00
2.1115e+00
2.1217e+00
2.1318e+00
2.1318e+00
2.1420e+00
2.1420e+00
2.1522e+00
2.1522e+00
2.1420e+00
2.1522e+00
2.1522e+00
2.1522e+00
2.1522e+00
2.1522e+00
2.1522e+00
2.1522e+00
2.1522e+00
2.1522e+00
2.1522e+00
2.1623e+00
2.1522e+00
2.1623e+00
2.1725e+00
2.1623e+00
2.1623e+00
2.1725e+00
2.1725e+00
2.1623e+00
2.1623e+00
2.1623e+00
2.1623e+00
2.1623e+00
2.1623e+00
2.1623e+00
2.1623e+00
2.1522e+00
2.1522e+00
2.1522e+00
2.1420e+00
2.1420e+00
2.1420e+00
2.1318e+00
2.1318e+00
2.1217e+00
2.1217e+00
2.1115e+00
2.1115e+00
2.1013e+00
2.1013e+00
2.1013e+00
2.1013e+00
2.1013e+00
2.0912e+00
2.0912e+00
2.0810e+00
2.0708e+00
2.0708e+00
2.0708e+00
2.0708e+00
2.0607e+00
2.0607e+00
2.0505e+00
2.0404e+00
2.0404e+00
2.0302e+00
2.0200e+00
2.0099e+00
1.9997e+00
1.9895e+00
1.9895e+00
1.9794e+00
1.9692e+00
1.9590e+00
1.9590e+00
1.9387e+00
1.9387e+00
1.9285e+00
1.9183e+00
1.9082e+00
1.9082e+00
1.9082e+00
1.9082e+00
1.8980e+00
1.8980e+00
1.8980e+00
1.8878e+00
1.8777e+00
1.8777e+00
1.8777e+00
1.8675e+00
1.8675e+00
1.8573e+00
1.8675e+00
1.8675e+00
1.8573e+00
1.8573e+00
1.8573e+00
1.8573e+00
1.8471e+00
1.8471e+00
1.8471e+00
1.8471e+00
1.8370e+00
1.8370e+00
1.8268e+00
1.8166e+00
1.8166e+00
1.8166e+00
1.8166e+00
1.8166e+00
1.8065e+00
1.7963e+00
1.7963e+00
1.8065e+00
1.7963e+00
1.7963e+00
1.7963e+00
1.7963e+00
1.7963e+00
1.7963e+00
1.7963e+00
1.7861e+00
1.7861e+00
1.7861e+00
1.7861e+00
1.7861e+00
1.7861e+00
1.7861e+00
1.7759e+00
1.7759e+00
1.7861e+00
1.7861e+00
1.7759e+00
1.7759e+00
1.7759e+00
1.7759e+00
1.7759e+00
1.7658e+00
1.7658e+00
1.7556e+00
1.7556e+00
1.7556e+00
1.7454e+00
1.7454e+00
1.7454e+00
1.7352e+00
1.7251e+00
1.7251e+00
1.7149e+00
1.7149e+00
1.7047e+00
1.7047e+00
1.7047e+00
1.6843e+00
1.6742e+00
1.6742e+00
1.6640e+00
1.6640e+00
1.6640e+00
1.6538e+00
1.6436e+00
1.6334e+00
1.6436e+00
1.6334e+00
1.6233e+00
1.6131e+00
1.6029e+00
1.6029e+00
1.6029e+00
1.5927e+00
1.5927e+00
1.5825e+00
1.5825e+00
1.5724e+00
1.5622e+00
1.5622e+00
1.5520e+00
1.5418e+00
1.5418e+00
1.5418e+00
1.5316e+00
1.5316e+00
1.5316e+00
1.5316e+00
1.5214e+00
1.5316e+00
1.5214e+00
1.5214e+00
1.5214e+00
1.5113e+00
1.5113e+00
1.5011e+00
1.5011e+00
1.5011e+00
1.5011e+00
1.4909e+00
1.4909e+00
1.4909e+00
1.4909e+00
1.4909e+00
1.4807e+00
1.4807e+00
1.4705e+00
1.4603e+00
1.4502e+00
1.4400e+00
1.4400e+00
1.4196e+00
1.3992e+00
1.3788e+00
1.3686e+00
1.3483e+00
1.3177e+00
1.2871e+00
1.2667e+00
1.2260e+00
1.1852e+00
1.1444e+00
1.1138e+00
1.0730e+00
1.0424e+00
9.9139e-01
9.6078e-01
9.3017e-01
8.8935e-01
8.4852e-01
8.1789e-01
7.7705e-01
7.5663e-01
7.1578e-01
6.8514e-01
6.5450e-01
6.2385e-01
5.8299e-01
5.5233e-01
5.2168e-01
4.9102e-01
4.6035e-01
4.2969e-01
3.9901e-01
3.7857e-01
3.4789e-01
3.2744e-01
3.0698e-01
2.8653e-01
2.5584e-01
2.4561e-01
2.3538e-01
2.1492e-01
2.0469e-01
1.8423e-01
1.8423e-01
1.7400e-01
1.6377e-01
1.5353e-01
1.5353e-01
1.4330e-01
1.3307e-01
1.2283e-01
1.2283e-01
1.1260e-01
1.0237e-01
1.1260e-01
1.1260e-01
1.1260e-01
1.0237e-01
1.0237e-01
9.2130e-02
9.2130e-02
9.2130e-02
9.2130e-02
9.2130e-02
8.1895e-02
8.1895e-02
7.1659e-02
7.1659e-02
7.1659e-02
6.1423e-02
6.1423e-02
6.1423e-02
6.1423e-02
5.1187e-02
4.0950e-02
4.0950e-02
4.0950e-02
4.0950e-02
3.0714e-02
3.0714e-02
2.0476e-02
2.0476e-02
1.0238e-02
1.0238e-02
1.0238e-02
1.0238e-02
1.0238e-02
1.0238e-02
1.0238e-02
0000
0000
0000
0000
0000
0000
0000
0000
0000
0000
1.0238e-02
1.0238e-02
1.0238e-02
2.0476e-02
2.0476e-02
2.0476e-02
3.0714e-02
3.0714e-02
3.0714e-02
3.0714e-02
4.0950e-02
4.0950e-02
5.1187e-02
5.1187e-02
6.1423e-02
6.1423e-02
6.1423e-02
6.1423e-02
7.1659e-02
7.1659e-02
7.1659e-02
7.1659e-02
7.1659e-02
7.1659e-02
7.1659e-02
7.1659e-02
7.1659e-02
7.1659e-02
6.1423e-02
6.1423e-02
7.1659e-02
7.1659e-02
6.1423e-02
6.1423e-02
5.1187e-02
5.1187e-02
5.1187e-02
5.1187e-02
5.1187e-02
5.1187e-02
4.0950e-02
4.0950e-02
4.0950e-02
3.0714e-02
3.0714e-02
3.0714e-02
4.0950e-02
3.0714e-02
3.0714e-02
3.0714e-02
4.0950e-02
4.0950e-02
4.0950e-02
4.0950e-02
4.0950e-02
4.0950e-02
4.0950e-02
5.1187e-02
4.0950e-02
5.1187e-02
5.1187e-02
5.1187e-02
6.1423e-02
6.1423e-02
6.1423e-02
7.1659e-02
6.1423e-02
7.1659e-02
7.1659e-02
7.1659e-02
8.1895e-02
9.2130e-02
9.2130e-02
9.2130e-02
9.2130e-02
1.0237e-01
1.0237e-01
1.1260e-01
1.1260e-01
1.2283e-01
1.2283e-01
1.2283e-01
1.2283e-01
1.3307e-01
1.3307e-01
1.4330e-01
1.4330e-01
1.4330e-01
1.4330e-01
1.4330e-01
1.5353e-01
1.5353e-01
1.5353e-01
1.5353e-01
1.5353e-01
1.5353e-01
1.4330e-01
1.4330e-01
1.3307e-01
1.3307e-01
1.2283e-01
1.1260e-01
1.1260e-01
1.1260e-01
1.0237e-01
9.2130e-02
9.2130e-02
8.1895e-02
8.1895e-02
7.1659e-02
7.1659e-02
7.1659e-02
6.1423e-02
6.1423e-02
6.1423e-02
5.1187e-02
5.1187e-02
5.1187e-02
4.0950e-02
4.0950e-02
4.0950e-02
4.0950e-02
4.0950e-02
4.0950e-02
3.0714e-02
4.0950e-02
4.0950e-02
4.0950e-02
4.0950e-02
5.1187e-02
5.1187e-02
6.1423e-02
6.1423e-02
6.1423e-02
6.1423e-02
6.1423e-02
7.1659e-02
7.1659e-02
7.1659e-02
8.1895e-02
9.2130e-02
8.1895e-02
9.2130e-02
1.0237e-01
9.2130e-02
9.2130e-02
1.0237e-01
1.0237e-01
1.0237e-01
1.0237e-01
1.1260e-01
1.1260e-01
1.1260e-01
1.2283e-01
1.1260e-01
1.2283e-01
1.2283e-01
1.2283e-01
1.2283e-01
1.2283e-01
1.3307e-01
1.3307e-01
1.4330e-01
1.4330e-01
1.5353e-01
1.5353e-01
1.6377e-01
1.6377e-01
1.7400e-01
1.7400e-01
1.7400e-01
1.8423e-01
1.8423e-01
1.9446e-01
1.9446e-01
1.9446e-01
2.0469e-01
2.0469e-01
2.0469e-01
2.1492e-01
2.2515e-01
2.1492e-01
2.2515e-01
2.3538e-01
2.3538e-01
2.4561e-01
2.5584e-01
2.6607e-01
2.6607e-01
2.6607e-01
2.7630e-01
2.8653e-01
2.9676e-01
2.9676e-01
3.0698e-01
3.1721e-01
3.1721e-01
3.2744e-01
3.3766e-01
3.3766e-01
3.4789e-01
3.5812e-01
3.6834e-01
3.7857e-01
3.8879e-01
3.9901e-01
4.0924e-01
4.0924e-01
4.2969e-01
4.3991e-01
4.5013e-01
4.6035e-01
4.7057e-01
4.7057e-01
4.9102e-01
5.0124e-01
5.1146e-01
5.2168e-01
5.3190e-01
5.3190e-01
5.4211e-01
5.5233e-01
5.6255e-01
5.7277e-01
5.8299e-01
5.9320e-01
6.0342e-01
6.1364e-01
6.2385e-01
6.2385e-01
6.4429e-01
6.4429e-01
6.5450e-01
6.6471e-01
6.6471e-01
6.7493e-01
6.7493e-01
6.8514e-01
6.9536e-01
6.9536e-01
7.0557e-01
7.1578e-01
7.1578e-01
7.2600e-01
7.2600e-01
7.2600e-01
7.3621e-01
7.3621e-01
7.4642e-01
7.4642e-01
7.4642e-01
7.5663e-01
7.5663e-01
7.5663e-01
7.5663e-01
7.5663e-01
7.5663e-01
7.5663e-01
7.6684e-01
7.6684e-01
7.7705e-01
7.7705e-01
7.7705e-01
7.7705e-01
7.8726e-01
7.8726e-01
7.8726e-01
7.9747e-01
7.9747e-01
7.9747e-01
8.0768e-01
8.1789e-01
8.1789e-01
8.1789e-01
8.2810e-01
8.2810e-01
8.3831e-01
8.4852e-01
8.4852e-01
8.5872e-01
8.6893e-01
8.6893e-01
8.6893e-01
8.7914e-01
8.8935e-01
8.8935e-01
8.9955e-01
9.0976e-01
9.0976e-01
9.0976e-01
9.1996e-01
9.1996e-01
9.1996e-01
9.1996e-01
9.1996e-01
9.1996e-01
9.3017e-01
9.1996e-01
9.3017e-01
9.3017e-01
9.3017e-01
9.3017e-01
9.3017e-01
9.3017e-01
9.4037e-01
9.4037e-01
9.4037e-01
9.4037e-01
9.5058e-01
9.6078e-01
9.6078e-01
9.7099e-01
9.7099e-01
9.8119e-01
9.9139e-01
9.9139e-01
9.9139e-01
1.0016e+00
1.0118e+00
1.0118e+00
1.0118e+00
1.0322e+00
1.0322e+00
1.0322e+00
1.0322e+00
1.0424e+00
1.0424e+00
1.0526e+00
1.0526e+00
1.0526e+00
1.0526e+00
1.0526e+00
1.0526e+00
1.0628e+00
1.0628e+00
1.0628e+00
1.0628e+00
1.0628e+00
1.0628e+00
1.0730e+00
1.0730e+00
1.0730e+00
1.0832e+00
1.0832e+00
1.0832e+00
1.0934e+00
1.0934e+00
1.0934e+00
1.1036e+00
1.1138e+00
1.1138e+00
1.1240e+00
1.1240e+00
1.1342e+00
1.1444e+00
1.1546e+00
1.1546e+00
1.1546e+00
1.1648e+00
1.1750e+00
1.1852e+00
1.1954e+00
1.1954e+00
1.1954e+00
1.2056e+00
1.2158e+00
1.2260e+00
1.2362e+00
1.2362e+00
1.2362e+00
1.2463e+00
1.2565e+00
1.2565e+00
1.2565e+00
1.2667e+00
1.2769e+00
1.2871e+00
1.2871e+00
1.2871e+00
1.2871e+00
1.2973e+00
1.2973e+00
1.3075e+00
1.3075e+00
1.3177e+00
1.3279e+00
1.3279e+00
1.3381e+00
1.3381e+00
1.3381e+00
1.3483e+00
1.3585e+00
1.3585e+00
1.3585e+00
1.3686e+00
1.3788e+00
1.3890e+00
1.3890e+00
1.3890e+00
1.3992e+00
1.4094e+00
1.4094e+00
1.4094e+00
1.4196e+00
1.4196e+00
1.4298e+00
1.4400e+00
1.4400e+00
1.4400e+00
1.4400e+00
1.4400e+00
1.4502e+00
1.4603e+00
1.4603e+00
1.4603e+00
1.4603e+00
1.4603e+00
1.4603e+00
1.4603e+00
1.4705e+00
1.4705e+00
1.4705e+00
1.4705e+00
1.4705e+00
1.4705e+00
1.4705e+00
1.4705e+00
1.4705e+00
1.4705e+00
1.4705e+00
1.4705e+00
1.4705e+00
1.4705e+00
1.4807e+00
1.4807e+00
1.4807e+00
1.4807e+00
1.4807e+00
1.4807e+00
1.4807e+00
1.4909e+00
1.4909e+00
1.4807e+00
1.4807e+00
1.4909e+00
1.4909e+00
1.4909e+00
1.4909e+00
1.4909e+00
1.4909e+00
1.4909e+00
1.4909e+00
1.4909e+00
1.4909e+00
1.4909e+00
1.4909e+00
1.4909e+00
1.4807e+00
1.4807e+00
1.4909e+00
1.4807e+00
1.4807e+00
1.4807e+00
1.4705e+00
1.4705e+00
1.4705e+00
1.4603e+00
1.4603e+00
1.4603e+00
1.4603e+00
1.4603e+00
1.4603e+00
1.4603e+00
1.4603e+00
1.4603e+00
1.4502e+00
1.4502e+00
1.4502e+00
1.4502e+00
1.4502e+00
1.4502e+00
1.4502e+00
1.4502e+00
1.4502e+00
1.4502e+00
1.4502e+00
1.4603e+00
1.4502e+00
1.4603e+00
1.4603e+00
1.4603e+00
1.4603e+00
1.4603e+00
1.4705e+00
1.4705e+00
1.4603e+00
1.4705e+00
1.4705e+00
1.4807e+00
1.4807e+00
1.4807e+00
1.4807e+00
1.4909e+00
1.4909e+00
1.4909e+00
1.4909e+00
1.5011e+00
1.5011e+00
1.5011e+00
1.5011e+00
1.5113e+00
1.5113e+00
1.5113e+00
1.5214e+00
1.5214e+00
1.5214e+00
1.5214e+00
1.5316e+00
1.5316e+00
1.5316e+00
1.5316e+00
1.5316e+00
1.5214e+00
1.5214e+00
1.5214e+00
1.5214e+00
1.5214e+00
1.5214e+00
1.5316e+00
1.5418e+00
1.5418e+00
1.5418e+00
1.5418e+00
1.5520e+00
1.5520e+00
1.5520e+00
1.5520e+00
1.5520e+00
1.5622e+00
1.5622e+00
1.5622e+00
1.5622e+00
1.5724e+00
1.5724e+00
1.5724e+00
1.5724e+00
1.5724e+00
1.5724e+00
1.5724e+00
1.5724e+00
1.5825e+00
1.5825e+00
1.5825e+00
1.5825e+00
1.5825e+00
1.5927e+00
1.5927e+00
1.5927e+00
1.5927e+00
1.5927e+00
1.5927e+00
1.5927e+00
1.5927e+00
1.6029e+00
1.6029e+00
1.5927e+00
1.6029e+00
1.6029e+00
1.6029e+00
1.6029e+00
1.6029e+00
1.6029e+00
1.6029e+00
1.6029e+00
1.6029e+00
1.6029e+00
1.6029e+00
1.6029e+00
1.6029e+00
1.6029e+00
1.6029e+00
1.6029e+00
1.6029e+00
1.6029e+00
1.6029e+00
1.6029e+00
1.6029e+00
1.6029e+00
1.6029e+00
1.5927e+00
1.5927e+00
1.5927e+00
1.5927e+00
1.5927e+00
1.5825e+00
1.5825e+00
1.5825e+00
1.5825e+00
1.5825e+00
1.5724e+00
1.5724e+00
1.5724e+00
1.5622e+00
1.5622e+00
1.5622e+00
1.5622e+00
1.5622e+00
1.5622e+00
1.5622e+00
1.5622e+00
1.5622e+00
1.5520e+00
1.5418e+00
1.5418e+00
1.5418e+00
1.5418e+00
1.5316e+00
1.5316e+00
1.5316e+00
1.5316e+00
1.5214e+00
1.5214e+00
1.5214e+00
1.5214e+00
1.5113e+00
1.5113e+00
1.5113e+00
1.5113e+00
1.5011e+00
1.5011e+00
1.5011e+00
1.5011e+00
1.5011e+00
1.5011e+00
1.5011e+00
1.5011e+00
1.4909e+00
1.4909e+00
1.4909e+00
1.4909e+00
1.4909e+00
1.4909e+00
1.4909e+00
1.4807e+00
1.4807e+00
1.4807e+00
1.4705e+00
1.4705e+00
1.4705e+00
1.4705e+00
1.4705e+00
1.4705e+00
1.4603e+00
1.4603e+00
1.4603e+00
1.4603e+00
1.4603e+00
1.4502e+00
1.4603e+00
1.4603e+00
1.4603e+00
1.4603e+00
1.4502e+00
1.4502e+00
1.4502e+00
1.4502e+00
1.4502e+00
1.4603e+00
1.4603e+00
1.4603e+00
1.4603e+00
1.4502e+00
1.4502e+00
1.4502e+00
1.4502e+00
1.4603e+00
1.4502e+00
1.4502e+00
1.4502e+00
1.4400e+00
1.4502e+00
1.4502e+00
1.4502e+00
1.4400e+00
1.4502e+00
1.4400e+00
1.4400e+00
1.4400e+00
1.4400e+00
1.4400e+00
1.4400e+00
1.4400e+00
1.4400e+00
1.4400e+00
1.4400e+00
1.4400e+00
1.4400e+00
1.4400e+00
1.4298e+00
1.4400e+00
1.4400e+00
1.4400e+00
1.4400e+00
1.4400e+00
1.4400e+00
1.4400e+00
1.4400e+00
1.4298e+00
1.4298e+00
1.4298e+00
1.4298e+00
1.4298e+00
1.4298e+00
1.4298e+00
1.4298e+00
1.4196e+00
1.4196e+00
1.4298e+00
1.4196e+00
1.4196e+00
1.4094e+00
1.4094e+00
1.4094e+00
1.4094e+00
1.3992e+00
1.3992e+00
1.3992e+00
1.3992e+00
1.3890e+00
1.3890e+00
1.3890e+00
1.3890e+00
1.3788e+00
1.3788e+00
1.3788e+00
1.3788e+00
1.3788e+00
1.3686e+00
1.3788e+00
1.3788e+00
1.3686e+00
1.3788e+00
1.3686e+00
1.3686e+00
1.3686e+00
1.3686e+00
1.3686e+00
1.3686e+00
1.3686e+00
1.3585e+00
1.3585e+00
1.3585e+00
1.3483e+00
1.3585e+00
1.3585e+00
1.3585e+00
1.3585e+00
1.3483e+00
1.3585e+00
1.3585e+00
1.3483e+00
1.3483e+00
1.3483e+00
1.3381e+00
1.3381e+00
1.3381e+00
1.3279e+00
1.3279e+00
1.3177e+00
1.3177e+00
1.3177e+00
1.3075e+00
1.3075e+00
1.2973e+00
1.2973e+00
