1.8001e+00
1.7896e+00
1.7792e+00
1.7792e+00
1.7688e+00
1.7583e+00
1.7479e+00
1.7479e+00
1.7479e+00
1.7374e+00
1.7374e+00
1.7374e+00
1.7374e+00
1.7374e+00
1.7374e+00
1.7479e+00
1.7479e+00
1.7479e+00
1.7479e+00
1.7374e+00
1.7374e+00
1.7374e+00
1.7374e+00
1.7270e+00
1.7270e+00
1.7374e+00
1.7374e+00
1.7270e+00
1.7270e+00
1.7270e+00
1.7270e+00
1.7270e+00
1.7270e+00
1.7270e+00
1.7270e+00
1.7270e+00
1.7270e+00
1.7270e+00
1.7374e+00
1.7479e+00
1.7479e+00
1.7479e+00
1.7583e+00
1.7583e+00
1.7583e+00
1.7688e+00
1.7688e+00
1.7688e+00
1.7792e+00
1.7792e+00
1.7792e+00
1.7896e+00
1.8001e+00
1.8105e+00
1.8105e+00
1.8209e+00
1.8209e+00
1.8209e+00
1.8313e+00
1.8418e+00
1.8522e+00
1.8522e+00
1.8626e+00
1.8626e+00
1.8731e+00
1.8835e+00
1.8835e+00
1.8939e+00
1.8939e+00
1.9044e+00
1.9044e+00
1.9044e+00
1.9148e+00
1.9252e+00
1.9252e+00
1.9356e+00
1.9356e+00
1.9356e+00
1.9461e+00
1.9461e+00
1.9565e+00
1.9565e+00
1.9669e+00
1.9669e+00
1.9774e+00
1.9878e+00
1.9878e+00
1.9982e+00
2.0086e+00
2.0086e+00
2.0086e+00
2.0191e+00
2.0191e+00
2.0295e+00
2.0295e+00
2.0399e+00
2.0503e+00
2.0608e+00
2.0608e+00
2.0608e+00
2.0608e+00
2.0608e+00
2.0712e+00
2.0816e+00
2.0920e+00
2.0816e+00
2.0920e+00
2.1024e+00
2.1024e+00
2.1024e+00
2.1129e+00
2.1233e+00
2.1233e+00
2.1337e+00
2.1337e+00
2.1337e+00
2.1441e+00
2.1337e+00
2.1337e+00
2.1337e+00
2.1441e+00
2.1337e+00
2.1337e+00
2.1441e+00
2.1441e+00
2.1441e+00
2.1441e+00
2.1441e+00
2.1441e+00
2.1441e+00
2.1441e+00
2.1337e+00
2.1337e+00
2.1337e+00
2.1441e+00
2.1441e+00
2.1441e+00
2.1441e+00
2.1441e+00
2.1441e+00
2.1441e+00
2.1546e+00
2.1546e+00
2.1546e+00
2.1546e+00
2.1546e+00
2.1546e+00
2.1546e+00
2.1546e+00
2.1546e+00
2.1546e+00
2.1546e+00
2.1650e+00
2.1650e+00
2.1650e+00
2.1650e+00
2.1754e+00
2.1754e+00
2.1858e+00
2.1858e+00
2.1962e+00
2.2066e+00
2.2066e+00
2.2171e+00
2.2171e+00
2.2275e+00
2.2275e+00
2.2483e+00
2.2587e+00
2.2796e+00
2.2900e+00
2.3004e+00
2.3108e+00
2.3212e+00
2.3421e+00
2.3525e+00
2.3525e+00
2.3733e+00
2.3733e+00
2.3733e+00
2.3837e+00
2.3837e+00
2.3837e+00
2.3941e+00
2.3941e+00
2.3941e+00
2.3941e+00
2.3941e+00
2.3941e+00
2.4045e+00
2.4045e+00
2.4149e+00
2.4149e+00
2.4253e+00
2.4253e+00
2.4358e+00
2.4462e+00
2.4462e+00
2.4566e+00
2.4462e+00
2.4566e+00
2.4670e+00
2.4670e+00
2.4670e+00
2.4566e+00
2.4670e+00
2.4670e+00
2.4670e+00
2.4774e+00
2.4774e+00
2.4774e+00
2.4774e+00
2.4774e+00
2.4878e+00
2.4982e+00
2.4982e+00
2.4982e+00
2.5086e+00
2.5190e+00
2.5294e+00
2.5398e+00
2.5502e+00
2.5607e+00
2.5607e+00
2.5711e+00
2.5711e+00
2.5815e+00
2.6023e+00
2.6127e+00
2.6231e+00
2.6439e+00
2.6543e+00
2.6647e+00
2.6751e+00
2.6959e+00
2.7167e+00
2.7271e+00
2.7375e+00
2.7479e+00
2.7687e+00
2.7791e+00
2.7999e+00
2.8103e+00
2.8207e+00
2.8415e+00
2.8519e+00
2.8726e+00
2.8934e+00
2.9038e+00
2.9246e+00
2.9350e+00
2.9454e+00
2.9558e+00
2.9766e+00
2.9766e+00
2.9870e+00
2.9974e+00
3.0077e+00
3.0181e+00
3.0181e+00
3.0285e+00
3.0389e+00
3.0493e+00
3.0493e+00
3.0493e+00
3.0597e+00
3.0597e+00
3.0701e+00
3.0805e+00
3.0908e+00
3.1012e+00
3.1116e+00
3.1116e+00
3.1324e+00
3.1428e+00
3.1532e+00
3.1739e+00
3.1739e+00
3.1739e+00
3.1843e+00
3.1843e+00
3.1843e+00
3.1843e+00
3.1739e+00
3.1635e+00
3.1635e+00
3.1532e+00
3.1324e+00
3.1220e+00
3.1116e+00
3.0908e+00
3.0805e+00
3.0701e+00
3.0493e+00
3.0389e+00
3.0181e+00
3.0077e+00
2.9870e+00
2.9766e+00
2.9662e+00
2.9558e+00
2.9454e+00
2.9350e+00
2.9246e+00
2.9142e+00
2.9038e+00
2.8934e+00
2.8934e+00
2.8830e+00
2.8830e+00
2.8726e+00
2.8726e+00
2.8726e+00
2.8726e+00
2.8726e+00
2.8726e+00
2.8726e+00
2.8726e+00
2.8726e+00
2.8726e+00
2.8830e+00
2.8934e+00
2.8934e+00
2.8934e+00
2.9038e+00
2.9142e+00
2.9246e+00
2.9350e+00
2.9454e+00
2.9558e+00
2.9662e+00
2.9766e+00
2.9870e+00
2.9974e+00
3.0181e+00
3.0285e+00
3.0389e+00
3.0493e+00
3.0701e+00
3.0805e+00
3.1012e+00
3.1116e+00
3.1220e+00
3.1428e+00
3.1532e+00
3.1739e+00
3.1843e+00
3.1947e+00
3.2051e+00
3.2155e+00
3.2258e+00
3.2362e+00
3.2570e+00
3.2674e+00
3.2881e+00
3.2985e+00
3.3089e+00
3.3193e+00
3.3296e+00
3.3400e+00
3.3504e+00
3.3608e+00
3.3711e+00
3.3815e+00
3.3919e+00
3.3919e+00
3.4023e+00
3.4126e+00
3.4230e+00
3.4438e+00
3.4541e+00
3.4541e+00
3.4645e+00
3.4749e+00
3.4853e+00
3.4956e+00
3.5060e+00
3.5164e+00
3.5164e+00
3.5371e+00
3.5475e+00
3.5579e+00
3.5682e+00
3.5786e+00
3.5890e+00
3.6097e+00
3.6201e+00
3.6304e+00
3.6512e+00
3.6615e+00
3.6719e+00
3.6823e+00
3.6926e+00
3.7134e+00
3.7237e+00
3.7341e+00
3.7444e+00
3.7652e+00
3.7652e+00
3.7755e+00
3.7859e+00
3.7963e+00
3.8170e+00
3.8273e+00
3.8377e+00
3.8377e+00
3.8481e+00
3.8584e+00
3.8688e+00
3.8688e+00
3.8791e+00
3.8791e+00
3.8895e+00
3.8998e+00
3.8998e+00
3.8998e+00
3.9102e+00
3.9102e+00
3.9102e+00
3.9102e+00
3.9102e+00
3.8998e+00
3.9102e+00
3.9206e+00
3.9206e+00
3.9102e+00
3.9102e+00
3.9102e+00
3.9206e+00
3.9102e+00
3.9102e+00
3.9102e+00
3.9102e+00
3.9206e+00
3.9206e+00
3.9102e+00
3.9102e+00
3.9102e+00
3.9206e+00
3.9206e+00
3.9206e+00
3.9309e+00
3.9413e+00
3.9413e+00
3.9620e+00
3.9620e+00
3.9620e+00
3.9723e+00
3.9723e+00
3.9827e+00
3.9930e+00
4.0034e+00
4.0137e+00
4.0345e+00
4.0345e+00
4.0552e+00
4.0655e+00
4.0759e+00
4.0862e+00
4.0966e+00
4.1069e+00
4.1173e+00
4.1276e+00
4.1483e+00
4.1587e+00
4.1794e+00
4.1897e+00
4.2000e+00
4.2104e+00
4.2104e+00
4.2311e+00
4.2414e+00
4.2414e+00
4.2518e+00
4.2518e+00
4.2621e+00
4.2621e+00
4.2621e+00
4.2725e+00
4.2725e+00
4.2725e+00
4.2725e+00
4.2725e+00
4.2725e+00
4.2725e+00
4.2621e+00
4.2621e+00
4.2518e+00
4.2518e+00
4.2518e+00
4.2414e+00
4.2414e+00
4.2311e+00
4.2311e+00
4.2311e+00
4.2311e+00
4.2311e+00
4.2207e+00
4.2207e+00
4.2207e+00
4.2104e+00
4.2104e+00
4.2104e+00
4.2000e+00
4.2000e+00
4.1897e+00
4.1794e+00
4.1690e+00
4.1690e+00
4.1587e+00
4.1380e+00
4.1173e+00
4.1069e+00
4.0862e+00
4.0655e+00
4.0552e+00
4.0345e+00
4.0137e+00
3.9930e+00
3.9620e+00
3.9309e+00
3.9102e+00
3.8895e+00
3.8688e+00
3.8481e+00
3.8273e+00
3.8066e+00
3.7859e+00
3.7755e+00
3.7652e+00
3.7444e+00
3.7237e+00
3.7134e+00
3.7030e+00
3.6823e+00
3.6719e+00
3.6512e+00
3.6304e+00
3.6201e+00
3.5993e+00
3.5890e+00
3.5786e+00
3.5579e+00
3.5371e+00
3.5267e+00
3.5164e+00
3.4956e+00
3.4853e+00
3.4749e+00
3.4541e+00
3.4334e+00
3.4230e+00
3.4126e+00
3.3919e+00
3.3815e+00
3.3711e+00
3.3608e+00
3.3400e+00
3.3296e+00
3.3089e+00
3.2985e+00
3.2881e+00
3.2674e+00
3.2466e+00
3.2466e+00
3.2362e+00
3.2155e+00
3.2051e+00
3.1947e+00
3.1843e+00
3.1739e+00
3.1635e+00
3.1635e+00
3.1428e+00
3.1428e+00
3.1220e+00
3.1116e+00
3.1012e+00
3.0908e+00
3.0805e+00
3.0805e+00
3.0597e+00
3.0389e+00
3.0285e+00
3.0181e+00
3.0077e+00
2.9974e+00
2.9870e+00
2.9766e+00
2.9558e+00
2.9454e+00
2.9454e+00
2.9246e+00
2.9142e+00
2.9038e+00
2.8934e+00
2.8830e+00
2.8726e+00
2.8623e+00
2.8519e+00
2.8415e+00
2.8415e+00
2.8311e+00
2.8103e+00
2.7999e+00
2.7999e+00
2.7895e+00
2.7791e+00
2.7687e+00
2.7583e+00
2.7479e+00
2.7479e+00
2.7375e+00
2.7271e+00
2.7167e+00
2.7063e+00
2.6959e+00
2.6855e+00
2.6855e+00
2.6751e+00
2.6751e+00
2.6647e+00
2.6543e+00
2.6543e+00
2.6439e+00
2.6439e+00
2.6439e+00
2.6439e+00
2.6439e+00
2.6439e+00
2.6335e+00
2.6439e+00
2.6439e+00
2.6543e+00
2.6647e+00
2.6543e+00
2.6543e+00
2.6647e+00
2.6751e+00
2.6855e+00
2.6959e+00
2.7063e+00
2.7063e+00
2.7271e+00
2.7375e+00
2.7479e+00
2.7583e+00
2.7687e+00
2.7791e+00
2.7895e+00
2.7999e+00
2.8103e+00
2.8207e+00
2.8207e+00
2.8311e+00
2.8519e+00
2.8519e+00
2.8623e+00
2.8623e+00
2.8726e+00
2.8830e+00
2.8830e+00
2.8934e+00
2.8934e+00
2.9038e+00
2.9038e+00
2.9142e+00
2.9246e+00
2.9350e+00
2.9350e+00
2.9350e+00
2.9454e+00
2.9454e+00
2.9558e+00
2.9662e+00
2.9662e+00
2.9662e+00
2.9766e+00
2.9870e+00
2.9870e+00
2.9974e+00
2.9974e+00
2.9974e+00
3.0077e+00
3.0181e+00
3.0181e+00
3.0181e+00
3.0285e+00
3.0389e+00
3.0389e+00
3.0493e+00
3.0597e+00
3.0701e+00
3.0701e+00
3.0805e+00
3.0805e+00
3.0908e+00
3.1012e+00
3.1116e+00
3.1220e+00
3.1324e+00
3.1428e+00
3.1532e+00
3.1635e+00
3.1739e+00
3.1843e+00
3.1947e+00
3.2155e+00
3.2051e+00
3.2155e+00
3.2258e+00
3.2362e+00
3.2466e+00
3.2570e+00
3.2570e+00
3.2674e+00
3.2674e+00
3.2777e+00
3.2777e+00
3.2881e+00
3.2985e+00
3.2985e+00
3.2985e+00
3.3089e+00
3.3089e+00
3.3089e+00
3.3193e+00
3.3193e+00
3.3193e+00
3.3193e+00
3.3296e+00
3.3296e+00
3.3400e+00
3.3504e+00
3.3504e+00
3.3504e+00
3.3504e+00
3.3608e+00
3.3504e+00
3.3504e+00
3.3608e+00
3.3608e+00
3.3608e+00
3.3608e+00
3.3608e+00
3.3504e+00
3.3608e+00
3.3504e+00
3.3504e+00
3.3504e+00
3.3504e+00
3.3400e+00
3.3296e+00
3.3193e+00
3.3193e+00
3.3089e+00
3.3089e+00
3.2985e+00
3.2985e+00
3.2881e+00
3.2777e+00
3.2674e+00
3.2570e+00
3.2570e+00
3.2466e+00
3.2362e+00
3.2362e+00
3.2155e+00
3.2155e+00
3.2051e+00
3.2051e+00
3.2051e+00
3.1947e+00
3.1843e+00
3.1843e+00
3.1739e+00
3.1739e+00
3.1739e+00
3.1635e+00
3.1532e+00
3.1532e+00
3.1635e+00
3.1532e+00
3.1428e+00
3.1428e+00
3.1532e+00
3.1532e+00
3.1532e+00
3.1635e+00
3.1635e+00
3.1635e+00
3.1739e+00
3.1843e+00
3.1843e+00
3.1947e+00
3.2051e+00
3.2155e+00
3.2258e+00
3.2362e+00
3.2466e+00
3.2466e+00
3.2570e+00
3.2674e+00
3.2674e+00
3.2674e+00
3.2674e+00
3.2674e+00
3.2777e+00
3.2777e+00
3.2674e+00
3.2777e+00
3.2777e+00
3.2777e+00
3.2777e+00
3.2777e+00
3.2674e+00
3.2674e+00
3.2674e+00
3.2570e+00
3.2466e+00
3.2362e+00
3.2362e+00
3.2362e+00
3.2258e+00
3.2258e+00
3.2155e+00
3.2051e+00
3.2051e+00
3.1947e+00
3.1843e+00
3.1843e+00
3.1635e+00
3.1635e+00
3.1532e+00
3.1532e+00
3.1324e+00
3.1324e+00
3.1220e+00
3.1116e+00
3.1116e+00
3.1116e+00
3.1012e+00
3.1012e+00
3.0908e+00
3.0908e+00
3.0805e+00
3.0805e+00
3.0701e+00
3.0701e+00
3.0597e+00
3.0701e+00
3.0597e+00
3.0597e+00
3.0597e+00
3.0493e+00
3.0493e+00
3.0389e+00
3.0389e+00
3.0493e+00
3.0493e+00
3.0493e+00
3.0493e+00
3.0389e+00
3.0389e+00
3.0389e+00
3.0493e+00
3.0389e+00
3.0389e+00
3.0493e+00
3.0493e+00
3.0493e+00
3.0597e+00
3.0597e+00
3.0701e+00
3.0701e+00
3.0805e+00
3.0908e+00
3.1012e+00
3.1012e+00
3.1116e+00
3.1116e+00
3.1116e+00
3.1220e+00
3.1324e+00
3.1324e+00
3.1324e+00
3.1324e+00
3.1324e+00
3.1324e+00
3.1324e+00
3.1324e+00
3.1220e+00
3.1324e+00
3.1324e+00
3.1324e+00
3.1324e+00
3.1324e+00
3.1428e+00
3.1428e+00
3.1428e+00
3.1428e+00
3.1428e+00
3.1532e+00
3.1532e+00
3.1532e+00
3.1635e+00
3.1635e+00
3.1635e+00
3.1739e+00
3.1739e+00
3.1843e+00
3.1843e+00
3.1843e+00
3.1843e+00
3.1947e+00
3.1947e+00
3.1947e+00
3.1947e+00
3.2051e+00
3.2051e+00
3.2051e+00
3.2051e+00
3.2155e+00
3.2155e+00
3.2258e+00
3.2362e+00
3.2466e+00
3.2466e+00
3.2466e+00
3.2570e+00
3.2570e+00
3.2570e+00
3.2570e+00
3.2466e+00
3.2258e+00
3.2258e+00
3.2155e+00
3.2155e+00
3.2051e+00
3.1947e+00
3.1739e+00
3.1635e+00
3.1635e+00
3.1532e+00
3.1428e+00
3.1324e+00
3.1324e+00
3.1220e+00
3.1220e+00
3.1116e+00
3.1116e+00
3.1116e+00
3.1116e+00
3.1116e+00
3.1220e+00
3.1220e+00
3.1220e+00
3.1324e+00
3.1324e+00
3.1324e+00
3.1428e+00
3.1428e+00
3.1532e+00
3.1635e+00
3.1635e+00
3.1739e+00
3.1843e+00
3.1947e+00
3.2051e+00
3.2155e+00
3.2258e+00
3.2362e+00
3.2570e+00
3.2674e+00
3.2777e+00
3.2985e+00
3.2985e+00
3.3089e+00
3.3296e+00
3.3400e+00
3.3504e+00
3.3608e+00
3.3711e+00
3.3815e+00
3.4023e+00
3.4126e+00
3.4230e+00
3.4334e+00
3.4438e+00
3.4645e+00
3.4749e+00
3.4956e+00
3.4956e+00
3.5060e+00
3.5164e+00
3.5267e+00
3.5371e+00
3.5371e+00
3.5371e+00
3.5371e+00
3.5475e+00
3.5475e+00
3.5579e+00
3.5579e+00
3.5475e+00
3.5579e+00
3.5579e+00
3.5579e+00
3.5579e+00
3.5579e+00
3.5579e+00
3.5682e+00
3.5682e+00
3.5579e+00
3.5579e+00
3.5682e+00
3.5786e+00
3.5786e+00
3.5786e+00
3.5786e+00
3.5890e+00
3.5993e+00
3.5993e+00
3.6097e+00
3.6097e+00
3.6201e+00
3.6201e+00
3.6201e+00
3.6201e+00
3.6304e+00
3.6304e+00
3.6304e+00
3.6304e+00
3.6304e+00
3.6304e+00
3.6304e+00
3.6304e+00
3.6304e+00
3.6304e+00
3.6304e+00
3.6304e+00
3.6304e+00
3.6304e+00
3.6304e+00
3.6304e+00
3.6304e+00
3.6304e+00
3.6304e+00
3.6304e+00
3.6304e+00
3.6304e+00
3.6408e+00
3.6408e+00
3.6408e+00
3.6512e+00
3.6512e+00
3.6615e+00
3.6615e+00
3.6615e+00
3.6719e+00
3.6823e+00
3.6823e+00
3.6926e+00
3.7030e+00
3.7134e+00
3.7237e+00
3.7341e+00
3.7548e+00
3.7652e+00
3.7755e+00
3.7963e+00
3.8170e+00
3.8273e+00
3.8377e+00
3.8584e+00
3.8584e+00
3.8688e+00
3.8895e+00
3.8895e+00
3.8895e+00
3.8998e+00
3.8998e+00
3.8998e+00
3.8998e+00
3.8998e+00
3.8998e+00
3.8895e+00
3.8791e+00
3.8688e+00
3.8584e+00
3.8584e+00
3.8481e+00
3.8377e+00
3.8170e+00
3.8170e+00
3.7963e+00
3.7859e+00
3.7652e+00
3.7548e+00
3.7341e+00
3.7134e+00
3.7030e+00
3.6823e+00
3.6719e+00
3.6512e+00
3.6408e+00
3.6304e+00
3.6097e+00
3.5993e+00
3.5890e+00
3.5682e+00
3.5579e+00
3.5475e+00
3.5267e+00
3.5164e+00
3.4956e+00
3.4853e+00
3.4645e+00
3.4541e+00
3.4230e+00
3.4023e+00
3.3815e+00
3.3711e+00
3.3400e+00
3.3193e+00
3.2985e+00
3.2777e+00
3.2570e+00
3.2258e+00
3.2051e+00
3.1843e+00
3.1532e+00
3.1324e+00
3.1116e+00
3.0908e+00
3.0597e+00
3.0389e+00
3.0181e+00
3.0077e+00
2.9766e+00
2.9662e+00
2.9454e+00
2.9142e+00
2.8934e+00
2.8830e+00
2.8623e+00
2.8415e+00
2.8207e+00
2.7999e+00
2.7895e+00
2.7791e+00
2.7479e+00
2.7375e+00
2.7271e+00
2.7167e+00
2.6959e+00
2.6855e+00
2.6751e+00
2.6647e+00
2.6543e+00
2.6543e+00
2.6335e+00
2.6335e+00
2.6231e+00
2.6127e+00
2.6023e+00
2.6023e+00
2.5919e+00
2.5919e+00
2.5815e+00
2.5711e+00
2.5607e+00
2.5607e+00
2.5502e+00
2.5294e+00
2.5190e+00
2.5086e+00
2.4982e+00
2.4774e+00
2.4566e+00
2.4462e+00
2.4253e+00
2.4045e+00
2.3941e+00
2.3837e+00
2.3629e+00
2.3421e+00
2.3212e+00
2.3108e+00
2.2900e+00
2.2796e+00
2.2587e+00
2.2483e+00
2.2379e+00
2.2171e+00
2.2066e+00
2.1962e+00
2.1858e+00
2.1754e+00
2.1650e+00
2.1546e+00
2.1441e+00
2.1441e+00
2.1337e+00
2.1233e+00
2.1129e+00
2.1024e+00
2.0920e+00
2.0920e+00
2.0712e+00
2.0712e+00
2.0712e+00
2.0608e+00
2.0608e+00
2.0503e+00
2.0503e+00
2.0399e+00
2.0399e+00
2.0295e+00
2.0295e+00
2.0295e+00
2.0191e+00
2.0086e+00
2.0086e+00
2.0086e+00
1.9982e+00
1.9878e+00
1.9774e+00
1.9669e+00
1.9565e+00
1.9565e+00
1.9356e+00
1.9148e+00
1.9044e+00
1.8939e+00
1.8731e+00
1.8626e+00
1.8418e+00
1.8313e+00
1.8105e+00
1.7896e+00
1.7688e+00
1.7583e+00
1.7374e+00
1.7166e+00
1.6957e+00
1.6853e+00
1.6644e+00
1.6435e+00
1.6226e+00
1.6122e+00
1.5913e+00
1.5704e+00
1.5600e+00
1.5496e+00
1.5391e+00
1.5182e+00
1.5078e+00
1.5078e+00
1.4869e+00
1.4765e+00
1.4660e+00
1.4556e+00
1.4451e+00
1.4242e+00
1.4138e+00
1.4033e+00
1.3929e+00
1.3824e+00
1.3720e+00
1.3615e+00
1.3511e+00
1.3406e+00
1.3197e+00
1.3093e+00
1.3093e+00
1.2988e+00
1.2884e+00
1.2779e+00
1.2675e+00
1.2570e+00
1.2466e+00
1.2361e+00
1.2257e+00
1.2257e+00
1.2048e+00
1.1943e+00
1.1943e+00
1.1839e+00
1.1734e+00
1.1629e+00
1.1525e+00
1.1525e+00
1.1420e+00
1.1316e+00
1.1316e+00
1.1211e+00
1.1107e+00
1.1107e+00
1.0897e+00
1.0897e+00
1.0793e+00
1.0688e+00
1.0584e+00
1.0584e+00
1.0374e+00
1.0165e+00
1.0061e+00
9.9560e-01
9.8514e-01
9.7467e-01
9.6421e-01
9.4328e-01
9.3282e-01
9.3282e-01
9.2236e-01
9.0143e-01
8.9096e-01
8.8049e-01
8.7003e-01
8.5956e-01
8.4909e-01
8.2816e-01
8.1769e-01
8.0722e-01
8.0722e-01
7.8628e-01
7.7581e-01
7.6534e-01
7.4440e-01
7.3393e-01
7.2346e-01
7.1299e-01
6.9204e-01
6.8157e-01
6.6062e-01
6.5015e-01
6.3967e-01
6.2920e-01
6.1872e-01
6.0825e-01
5.8729e-01
5.7682e-01
5.6634e-01
5.5586e-01
5.4538e-01
5.3491e-01
5.2443e-01
5.2443e-01
5.1395e-01
5.0347e-01
4.9299e-01
4.8251e-01
4.7203e-01
4.7203e-01
4.7203e-01
4.6155e-01
4.6155e-01
4.5106e-01
4.4058e-01
4.4058e-01
4.5106e-01
4.4058e-01
4.4058e-01
4.4058e-01
4.4058e-01
4.4058e-01
4.4058e-01
4.5106e-01
4.4058e-01
4.4058e-01
4.5106e-01
4.5106e-01
4.5106e-01
4.5106e-01
4.5106e-01
4.6155e-01
4.6155e-01
4.6155e-01
4.7203e-01
4.7203e-01
4.8251e-01
4.8251e-01
4.8251e-01
4.9299e-01
4.9299e-01
5.0347e-01
5.1395e-01
5.1395e-01
5.2443e-01
5.2443e-01
5.2443e-01
5.3491e-01
5.3491e-01
5.4538e-01
5.4538e-01
5.5586e-01
5.5586e-01
5.5586e-01
5.5586e-01
5.5586e-01
5.5586e-01
5.5586e-01
5.5586e-01
5.5586e-01
5.5586e-01
5.5586e-01
5.5586e-01
5.4538e-01
5.4538e-01
5.3491e-01
5.2443e-01
5.2443e-01
5.1395e-01
4.9299e-01
4.8251e-01
4.7203e-01
4.5106e-01
4.4058e-01
4.1962e-01
4.0913e-01
3.9865e-01
3.8817e-01
3.6720e-01
3.5671e-01
3.3574e-01
3.2526e-01
3.1477e-01
3.0428e-01
2.8331e-01
2.6233e-01
2.5184e-01
2.3086e-01
2.2037e-01
2.0988e-01
1.8890e-01
1.7841e-01
1.6792e-01
1.5743e-01
1.4694e-01
1.4694e-01
1.3644e-01
1.2595e-01
1.1546e-01
1.0496e-01
9.4467e-02
8.3972e-02
7.3477e-02
7.3477e-02
6.2981e-02
5.2485e-02
4.1989e-02
4.1989e-02
3.1492e-02
3.1492e-02
3.1492e-02
3.1492e-02
2.0995e-02
2.0995e-02
1.0498e-02
1.0498e-02
1.0498e-02
1.0498e-02
1.0498e-02
1.0498e-02
1.0498e-02
1.0498e-02
0000
0000
0000
0000
0000
0000
1.0498e-02
1.0498e-02
0000
0000
0000
1.0498e-02
1.0498e-02
2.0995e-02
2.0995e-02
2.0995e-02
2.0995e-02
3.1492e-02
3.1492e-02
4.1989e-02
4.1989e-02
5.2485e-02
5.2485e-02
5.2485e-02
6.2981e-02
6.2981e-02
6.2981e-02
7.3477e-02
7.3477e-02
7.3477e-02
8.3972e-02
8.3972e-02
9.4467e-02
9.4467e-02
9.4467e-02
9.4467e-02
9.4467e-02
1.0496e-01
1.1546e-01
1.1546e-01
1.1546e-01
1.1546e-01
1.1546e-01
1.2595e-01
1.2595e-01
1.3644e-01
1.3644e-01
1.4694e-01
1.4694e-01
1.4694e-01
1.4694e-01
1.4694e-01
1.4694e-01
1.5743e-01
1.5743e-01
1.6792e-01
1.6792e-01
1.6792e-01
1.6792e-01
1.6792e-01
1.7841e-01
1.6792e-01
1.6792e-01
1.7841e-01
1.7841e-01
1.7841e-01
1.8890e-01
1.8890e-01
1.8890e-01
1.8890e-01
1.9939e-01
2.0988e-01
1.9939e-01
2.0988e-01
2.0988e-01
2.2037e-01
2.3086e-01
2.4135e-01
2.5184e-01
2.6233e-01
2.7282e-01
2.8331e-01
3.0428e-01
3.1477e-01
3.3574e-01
3.5671e-01
3.5671e-01
3.7768e-01
3.8817e-01
3.9865e-01
4.1962e-01
4.3010e-01
4.4058e-01
4.6155e-01
4.7203e-01
4.8251e-01
4.9299e-01
5.0347e-01
5.2443e-01
5.3491e-01
5.4538e-01
5.6634e-01
5.7682e-01
5.9777e-01
6.1872e-01
6.2920e-01
6.3967e-01
6.6062e-01
6.7110e-01
6.8157e-01
6.9204e-01
7.0252e-01
7.0252e-01
7.1299e-01
7.1299e-01
7.2346e-01
7.2346e-01
7.2346e-01
7.2346e-01
7.2346e-01
7.2346e-01
7.2346e-01
7.2346e-01
7.2346e-01
7.3393e-01
7.2346e-01
7.2346e-01
7.3393e-01
7.3393e-01
7.3393e-01
7.3393e-01
7.3393e-01
7.3393e-01
7.3393e-01
7.3393e-01
7.4440e-01
7.5487e-01
7.5487e-01
7.6534e-01
7.6534e-01
7.7581e-01
7.7581e-01
7.8628e-01
7.9675e-01
7.9675e-01
8.0722e-01
8.1769e-01
8.1769e-01
8.2816e-01
8.2816e-01
8.2816e-01
8.3863e-01
8.4909e-01
8.5956e-01
8.5956e-01
8.7003e-01
8.8049e-01
8.8049e-01
8.9096e-01
9.0143e-01
9.0143e-01
9.0143e-01
9.2236e-01
9.2236e-01
9.2236e-01
9.2236e-01
9.3282e-01
9.4328e-01
9.3282e-01
9.4328e-01
9.4328e-01
9.4328e-01
9.5375e-01
9.5375e-01
9.6421e-01
9.6421e-01
9.7467e-01
9.7467e-01
9.7467e-01
9.8514e-01
9.8514e-01
9.8514e-01
9.9560e-01
9.9560e-01
1.0061e+00
1.0061e+00
1.0061e+00
1.0061e+00
1.0061e+00
1.0061e+00
1.0061e+00
1.0061e+00
1.0061e+00
1.0061e+00
1.0061e+00
1.0061e+00
1.0061e+00
1.0061e+00
1.0061e+00
1.0061e+00
1.0061e+00
1.0061e+00
1.0061e+00
9.9560e-01
9.9560e-01
9.9560e-01
9.9560e-01
9.9560e-01
9.9560e-01
9.8514e-01
9.8514e-01
9.9560e-01
9.9560e-01
9.8514e-01
9.8514e-01
9.7467e-01
9.7467e-01
9.8514e-01
9.7467e-01
9.6421e-01
9.6421e-01
9.5375e-01
9.4328e-01
9.4328e-01
9.4328e-01
9.4328e-01
9.4328e-01
9.3282e-01
9.3282e-01
9.2236e-01
9.1189e-01
9.1189e-01
9.1189e-01
9.0143e-01
8.9096e-01
8.9096e-01
8.8049e-01
8.7003e-01
8.7003e-01
8.7003e-01
8.5956e-01
8.5956e-01
8.4909e-01
8.4909e-01
8.3863e-01
8.3863e-01
8.2816e-01
8.1769e-01
8.1769e-01
8.0722e-01
8.0722e-01
8.0722e-01
7.8628e-01
7.7581e-01
7.6534e-01
7.6534e-01
7.5487e-01
7.4440e-01
7.3393e-01
7.2346e-01
7.1299e-01
7.0252e-01
6.9204e-01
6.8157e-01
6.7110e-01
6.6062e-01
6.5015e-01
6.3967e-01
6.2920e-01
6.2920e-01
6.1872e-01
6.0825e-01
5.9777e-01
5.9777e-01
5.8729e-01
5.8729e-01
5.7682e-01
5.7682e-01
5.7682e-01
5.6634e-01
5.5586e-01
5.5586e-01
5.4538e-01
5.4538e-01
5.4538e-01
5.4538e-01
5.4538e-01
5.3491e-01
5.3491e-01
5.3491e-01
5.4538e-01
5.3491e-01
5.3491e-01
5.3491e-01
5.3491e-01
5.3491e-01
5.3491e-01
5.2443e-01
5.2443e-01
5.2443e-01
5.2443e-01
5.2443e-01
5.2443e-01
5.1395e-01
5.1395e-01
5.1395e-01
5.0347e-01
5.0347e-01
5.0347e-01
5.0347e-01
5.0347e-01
5.0347e-01
4.9299e-01
4.9299e-01
4.9299e-01
4.9299e-01
4.9299e-01
4.9299e-01
4.8251e-01
4.8251e-01
4.9299e-01
4.9299e-01
4.9299e-01
4.9299e-01
4.9299e-01
4.9299e-01
4.9299e-01
4.9299e-01
5.0347e-01
5.0347e-01
5.0347e-01
5.0347e-01
5.0347e-01
5.1395e-01
5.1395e-01
5.1395e-01
5.1395e-01
5.1395e-01
5.2443e-01
5.2443e-01
5.2443e-01
5.2443e-01
5.3491e-01
5.4538e-01
5.4538e-01
5.5586e-01
5.5586e-01
5.6634e-01
5.6634e-01
5.7682e-01
5.7682e-01
5.8729e-01
5.9777e-01
5.9777e-01
5.9777e-01
6.0825e-01
6.0825e-01
6.1872e-01
6.1872e-01
6.2920e-01
6.3967e-01
6.3967e-01
6.3967e-01
6.5015e-01
6.5015e-01
6.6062e-01
6.6062e-01
6.7110e-01
6.7110e-01
6.8157e-01
6.9204e-01
6.9204e-01
6.9204e-01
7.0252e-01
7.0252e-01
7.1299e-01
7.1299e-01
7.1299e-01
7.2346e-01
7.2346e-01
7.3393e-01
7.3393e-01
7.4440e-01
7.4440e-01
7.5487e-01
7.5487e-01
7.6534e-01
7.7581e-01
7.7581e-01
7.9675e-01
7.9675e-01
7.9675e-01
8.0722e-01
8.0722e-01
8.1769e-01
8.1769e-01
8.2816e-01
8.3863e-01
8.4909e-01
8.5956e-01
8.7003e-01
8.7003e-01
8.8049e-01
8.8049e-01
8.9096e-01
9.0143e-01
9.0143e-01
9.0143e-01
9.1189e-01
9.1189e-01
9.1189e-01
9.1189e-01
9.2236e-01
9.2236e-01
9.2236e-01
9.2236e-01
9.3282e-01
9.3282e-01
9.4328e-01
9.4328e-01
9.4328e-01
9.4328e-01
9.5375e-01
9.6421e-01
9.6421e-01
9.6421e-01
9.7467e-01
9.7467e-01
9.8514e-01
9.8514e-01
9.9560e-01
9.9560e-01
1.0061e+00
1.0165e+00
1.0165e+00
1.0270e+00
1.0374e+00
1.0374e+00
1.0479e+00
1.0479e+00
1.0584e+00
1.0688e+00
1.0688e+00
1.0793e+00
1.0793e+00
1.0897e+00
1.0897e+00
1.0897e+00
1.1002e+00
1.1107e+00
1.1107e+00
1.1107e+00
1.1107e+00
