2.4504e+01
2.4700e+01
2.4920e+01
2.5159e+01
2.5381e+01
2.5587e+01
2.5796e+01
2.5992e+01
2.6194e+01
2.6380e+01
2.6554e+01
2.6743e+01
2.6921e+01
2.7080e+01
2.7257e+01
2.7399e+01
2.7557e+01
2.7667e+01
2.7789e+01
2.7876e+01
2.7976e+01
2.8026e+01
2.8056e+01
2.8053e+01
2.8052e+01
2.8032e+01
2.8021e+01
2.7969e+01
2.7948e+01
2.7923e+01
2.7931e+01
2.7908e+01
2.7926e+01
2.7924e+01
2.7970e+01
2.8003e+01
2.8089e+01
2.8162e+01
2.8271e+01
2.8373e+01
2.8528e+01
2.8664e+01
2.8817e+01
2.8957e+01
2.9115e+01
2.9263e+01
2.9429e+01
2.9617e+01
2.9809e+01
2.9982e+01
3.0186e+01
3.0356e+01
3.0542e+01
3.0718e+01
3.0904e+01
3.1077e+01
3.1286e+01
3.1469e+01
3.1635e+01
3.1778e+01
3.1925e+01
3.2044e+01
3.2167e+01
3.2262e+01
3.2361e+01
3.2446e+01
3.2539e+01
3.2615e+01
3.2680e+01
3.2752e+01
3.2812e+01
3.2855e+01
3.2907e+01
3.2939e+01
3.2950e+01
3.2962e+01
3.2963e+01
3.2924e+01
3.2880e+01
3.2803e+01
3.2729e+01
3.2633e+01
3.2538e+01
3.2426e+01
3.2346e+01
3.2227e+01
3.2104e+01
3.1976e+01
3.1836e+01
3.1669e+01
3.1485e+01
3.1293e+01
3.1118e+01
3.0942e+01
3.0755e+01
3.0551e+01
3.0356e+01
3.0149e+01
2.9933e+01
2.9725e+01
2.9516e+01
2.9308e+01
2.9097e+01
2.8900e+01
2.8699e+01
2.8508e+01
2.8319e+01
2.8128e+01
2.7947e+01
2.7768e+01
2.7591e+01
2.7422e+01
2.7242e+01
2.7067e+01
2.6904e+01
2.6749e+01
2.6589e+01
2.6422e+01
2.6273e+01
2.6121e+01
2.5976e+01
2.5841e+01
2.5704e+01
2.5561e+01
2.5427e+01
2.5292e+01
2.5157e+01
2.5034e+01
2.4912e+01
2.4790e+01
2.4665e+01
2.4556e+01
2.4443e+01
2.4326e+01
2.4214e+01
2.4103e+01
2.3996e+01
2.3904e+01
2.3811e+01
2.3715e+01
2.3628e+01
2.3547e+01
2.3463e+01
2.3378e+01
2.3285e+01
2.3201e+01
2.3119e+01
2.3031e+01
2.2944e+01
2.2852e+01
2.2764e+01
2.2691e+01
2.2606e+01
2.2517e+01
2.2440e+01
2.2362e+01
2.2283e+01
2.2204e+01
2.2142e+01
2.2066e+01
2.2001e+01
2.1936e+01
2.1852e+01
2.1776e+01
2.1709e+01
2.1642e+01
2.1574e+01
2.1510e+01
2.1456e+01
2.1393e+01
2.1332e+01
2.1260e+01
2.1199e+01
2.1136e+01
2.1075e+01
2.1015e+01
2.0957e+01
2.0898e+01
2.0839e+01
2.0791e+01
2.0732e+01
2.0674e+01
2.0616e+01
2.0568e+01
2.0520e+01
2.0472e+01
2.0412e+01
2.0366e+01
2.0316e+01
2.0264e+01
2.0218e+01
2.0175e+01
2.0121e+01
2.0074e+01
2.0032e+01
1.9991e+01
1.9945e+01
1.9907e+01
1.9864e+01
1.9818e+01
1.9764e+01
1.9728e+01
1.9691e+01
1.9646e+01
1.9601e+01
1.9565e+01
1.9526e+01
1.9485e+01
1.9441e+01
1.9403e+01
1.9358e+01
1.9305e+01
1.9267e+01
1.9234e+01
1.9193e+01
1.9151e+01
1.9109e+01
1.9065e+01
1.9021e+01
1.8984e+01
1.8945e+01
1.8909e+01
1.8873e+01
1.8837e+01
1.8792e+01
1.8752e+01
1.8724e+01
1.8688e+01
1.8646e+01
1.8607e+01
1.8563e+01
1.8519e+01
1.8481e+01
1.8447e+01
1.8411e+01
1.8376e+01
1.8337e+01
1.8302e+01
1.8263e+01
1.8228e+01
1.8197e+01
1.8159e+01
1.8124e+01
1.8099e+01
1.8069e+01
1.8040e+01
1.8007e+01
1.7981e+01
1.7947e+01
1.7913e+01
1.7878e+01
1.7838e+01
1.7808e+01
1.7774e+01
1.7739e+01
1.7717e+01
1.7683e+01
1.7659e+01
1.7629e+01
1.7597e+01
1.7566e+01
1.7540e+01
1.7518e+01
1.7489e+01
1.7450e+01
1.7427e+01
1.7397e+01
1.7372e+01
1.7344e+01
1.7314e+01
1.7283e+01
1.7255e+01
1.7218e+01
1.7192e+01
1.7169e+01
1.7142e+01
1.7115e+01
1.7086e+01
1.7059e+01
1.7031e+01
1.6999e+01
1.6969e+01
1.6942e+01
1.6919e+01
1.6896e+01
1.6870e+01
1.6836e+01
1.6802e+01
1.6784e+01
1.6762e+01
1.6727e+01
1.6702e+01
1.6676e+01
1.6651e+01
1.6626e+01
1.6600e+01
1.6573e+01
1.6546e+01
1.6515e+01
1.6500e+01
1.6474e+01
1.6451e+01
1.6433e+01
1.6416e+01
1.6384e+01
1.6359e+01
1.6341e+01
1.6329e+01
1.6302e+01
1.6281e+01
1.6258e+01
1.6236e+01
1.6211e+01
1.6185e+01
1.6154e+01
1.6130e+01
1.6107e+01
1.6085e+01
1.6061e+01
1.6036e+01
1.6006e+01
1.5987e+01
1.5960e+01
1.5932e+01
1.5915e+01
1.5892e+01
1.5866e+01
1.5839e+01
1.5807e+01
1.5794e+01
1.5773e+01
1.5740e+01
1.5718e+01
1.5693e+01
1.5668e+01
1.5641e+01
1.5613e+01
1.5587e+01
1.5557e+01
1.5516e+01
1.5488e+01
1.5457e+01
1.5430e+01
1.5407e+01
1.5385e+01
1.5349e+01
1.5314e+01
1.5280e+01
1.5252e+01
1.5223e+01
1.5199e+01
1.5162e+01
1.5127e+01
1.5099e+01
1.5065e+01
1.5033e+01
1.5005e+01
1.4969e+01
1.4940e+01
1.4908e+01
1.4875e+01
1.4842e+01
1.4807e+01
1.4770e+01
1.4736e+01
1.4703e+01
1.4674e+01
1.4643e+01
1.4607e+01
1.4575e+01
1.4553e+01
1.4518e+01
1.4490e+01
1.4458e+01
1.4428e+01
1.4399e+01
1.4371e+01
1.4345e+01
1.4314e+01
1.4286e+01
1.4263e+01
1.4234e+01
1.4215e+01
1.4191e+01
1.4166e+01
1.4136e+01
1.4116e+01
1.4086e+01
1.4056e+01
1.4026e+01
1.4001e+01
1.3971e+01
1.3940e+01
1.3916e+01
1.3895e+01
1.3871e+01
1.3844e+01
1.3820e+01
1.3798e+01
1.3773e+01
1.3744e+01
1.3718e+01
1.3708e+01
1.3695e+01
1.3678e+01
1.3650e+01
1.3629e+01
1.3615e+01
1.3594e+01
1.3581e+01
1.3555e+01
1.3539e+01
1.3524e+01
1.3499e+01
1.3475e+01
1.3457e+01
1.3441e+01
1.3414e+01
1.3398e+01
1.3377e+01
1.3344e+01
1.3325e+01
1.3313e+01
1.3293e+01
1.3266e+01
1.3239e+01
1.3228e+01
1.3212e+01
1.3195e+01
1.3171e+01
1.3150e+01
1.3131e+01
1.3109e+01
1.3088e+01
1.3074e+01
1.3052e+01
1.3028e+01
1.3006e+01
1.2983e+01
1.2968e+01
1.2946e+01
1.2914e+01
1.2888e+01
1.2870e+01
1.2854e+01
1.2827e+01
1.2809e+01
1.2788e+01
1.2768e+01
1.2742e+01
1.2721e+01
1.2705e+01
1.2684e+01
1.2655e+01
1.2638e+01
1.2613e+01
1.2588e+01
1.2566e+01
1.2559e+01
1.2543e+01
1.2525e+01
1.2506e+01
1.2488e+01
1.2468e+01
1.2443e+01
1.2424e+01
1.2409e+01
1.2388e+01
1.2366e+01
1.2345e+01
1.2330e+01
1.2315e+01
1.2302e+01
1.2283e+01
1.2257e+01
1.2238e+01
1.2223e+01
1.2213e+01
1.2195e+01
1.2180e+01
1.2169e+01
1.2148e+01
1.2123e+01
1.2111e+01
1.2095e+01
1.2083e+01
1.2062e+01
1.2041e+01
1.2031e+01
1.2024e+01
1.2009e+01
1.1982e+01
1.1963e+01
1.1944e+01
1.1926e+01
1.1910e+01
1.1891e+01
1.1875e+01
1.1852e+01
1.1835e+01
1.1815e+01
1.1801e+01
1.1780e+01
1.1759e+01
1.1745e+01
1.1720e+01
1.1703e+01
1.1686e+01
1.1670e+01
1.1648e+01
1.1628e+01
1.1616e+01
1.1598e+01
1.1579e+01
1.1563e+01
1.1536e+01
1.1522e+01
1.1501e+01
1.1481e+01
1.1449e+01
1.1429e+01
1.1415e+01
1.1386e+01
1.1367e+01
1.1348e+01
1.1324e+01
1.1308e+01
1.1291e+01
1.1267e+01
1.1244e+01
1.1227e+01
1.1208e+01
1.1183e+01
1.1166e+01
1.1150e+01
1.1132e+01
1.1117e+01
1.1097e+01
1.1079e+01
1.1055e+01
1.1044e+01
1.1027e+01
1.0997e+01
1.0974e+01
1.0965e+01
1.0935e+01
1.0912e+01
1.0902e+01
1.0878e+01
1.0848e+01
1.0835e+01
1.0818e+01
1.0793e+01
1.0783e+01
1.0765e+01
1.0744e+01
1.0716e+01
1.0703e+01
1.0700e+01
1.0684e+01
1.0662e+01
1.0648e+01
1.0637e+01
1.0617e+01
1.0596e+01
1.0579e+01
1.0563e+01
1.0549e+01
1.0533e+01
1.0508e+01
1.0490e+01
1.0472e+01
1.0451e+01
1.0438e+01
1.0428e+01
1.0406e+01
1.0388e+01
1.0374e+01
1.0361e+01
1.0345e+01
1.0332e+01
1.0322e+01
1.0309e+01
1.0291e+01
1.0280e+01
1.0271e+01
1.0252e+01
1.0233e+01
1.0219e+01
1.0206e+01
1.0187e+01
1.0167e+01
1.0146e+01
1.0125e+01
1.0106e+01
1.0086e+01
1.0076e+01
1.0058e+01
1.0046e+01
1.0028e+01
1.0016e+01
9.9948e+00
9.9763e+00
9.9614e+00
9.9441e+00
9.9325e+00
9.9127e+00
9.8970e+00
9.8896e+00
9.8702e+00
9.8574e+00
9.8454e+00
9.8313e+00
9.8131e+00
9.7978e+00
9.7717e+00
9.7548e+00
9.7403e+00
9.7216e+00
9.7017e+00
9.6872e+00
9.6731e+00
9.6586e+00
9.6483e+00
9.6329e+00
9.6163e+00
9.6014e+00
9.5860e+00
9.5736e+00
9.5611e+00
9.5474e+00
9.5399e+00
9.5254e+00
9.5075e+00
9.4908e+00
9.4821e+00
9.4700e+00
9.4484e+00
9.4367e+00
9.4172e+00
9.4009e+00
9.3872e+00
9.3655e+00
9.3413e+00
9.3317e+00
9.3117e+00
9.2992e+00
9.2750e+00
9.2566e+00
9.2395e+00
9.2232e+00
9.1994e+00
9.1881e+00
9.1684e+00
9.1496e+00
9.1320e+00
9.1090e+00
9.0906e+00
9.0872e+00
9.0722e+00
9.0596e+00
9.0311e+00
9.0139e+00
9.0009e+00
8.9887e+00
8.9627e+00
8.9476e+00
8.9388e+00
8.9228e+00
8.9064e+00
8.8905e+00
8.8808e+00
8.8707e+00
8.8518e+00
8.8404e+00
8.8291e+00
8.8173e+00
8.8026e+00
8.7882e+00
8.7756e+00
8.7718e+00
8.7478e+00
8.7331e+00
8.7086e+00
8.7006e+00
8.6884e+00
8.6702e+00
8.6475e+00
8.6399e+00
8.6272e+00
8.6238e+00
8.6040e+00
8.5871e+00
8.5740e+00
8.5655e+00
8.5571e+00
8.5444e+00
8.5245e+00
8.5114e+00
8.5004e+00
8.4886e+00
8.4763e+00
8.4602e+00
8.4399e+00
8.4365e+00
8.4191e+00
8.4030e+00
8.3992e+00
8.3945e+00
8.3873e+00
8.3772e+00
8.3699e+00
8.3657e+00
8.3632e+00
8.3623e+00
8.3636e+00
8.3682e+00
8.3687e+00
8.3691e+00
8.3772e+00
8.3801e+00
8.3831e+00
8.3890e+00
8.3984e+00
8.4039e+00
8.4094e+00
8.4200e+00
8.4208e+00
8.4280e+00
8.4301e+00
8.4390e+00
8.4428e+00
8.4517e+00
8.4564e+00
8.4627e+00
8.4610e+00
8.4729e+00
8.4691e+00
8.4746e+00
8.4877e+00
8.5042e+00
8.5161e+00
8.5448e+00
8.5710e+00
8.6095e+00
8.6424e+00
8.7010e+00
8.7503e+00
8.8333e+00
8.9190e+00
9.0332e+00
9.1337e+00
9.2767e+00
9.4088e+00
9.5756e+00
9.7407e+00
9.9391e+00
1.0133e+01
1.0354e+01
1.0591e+01
1.0815e+01
1.1056e+01
1.1273e+01
1.1520e+01
1.1849e+01
1.2102e+01
1.2390e+01
1.2641e+01
1.2854e+01
1.3080e+01
1.3270e+01
1.3467e+01
1.3658e+01
1.3829e+01
1.4001e+01
1.4148e+01
1.4309e+01
1.4431e+01
1.4589e+01
1.4712e+01
1.4866e+01
1.4986e+01
1.5159e+01
1.5283e+01
1.5466e+01
1.5610e+01
1.5812e+01
1.6008e+01
1.6239e+01
1.6450e+01
1.6699e+01
1.6929e+01
1.7206e+01
1.7467e+01
1.7751e+01
1.8047e+01
1.8337e+01
1.8633e+01
1.8940e+01
1.9237e+01
1.9547e+01
1.9837e+01
2.0122e+01
2.0402e+01
2.0674e+01
2.0922e+01
2.1180e+01
2.1417e+01
2.1669e+01
2.1899e+01
2.2095e+01
2.2288e+01
2.2459e+01
2.2630e+01
2.2778e+01
2.2917e+01
2.3045e+01
2.3143e+01
2.3242e+01
2.3330e+01
2.3384e+01
2.3446e+01
2.3479e+01
2.3506e+01
2.3517e+01
2.3525e+01
2.3504e+01
2.3490e+01
2.3446e+01
2.3409e+01
2.3360e+01
2.3292e+01
2.3206e+01
2.3107e+01
2.2995e+01
2.2881e+01
2.2754e+01
2.2631e+01
2.2505e+01
2.2365e+01
2.2228e+01
2.2093e+01
2.1936e+01
2.1789e+01
2.1633e+01
2.1484e+01
2.1331e+01
2.1168e+01
2.1013e+01
2.0869e+01
2.0709e+01
2.0556e+01
2.0406e+01
2.0268e+01
2.0114e+01
1.9969e+01
1.9827e+01
1.9668e+01
1.9515e+01
1.9380e+01
1.9229e+01
1.9097e+01
1.8956e+01
1.8823e+01
1.8693e+01
1.8575e+01
1.8439e+01
1.8326e+01
1.8206e+01
1.8088e+01
1.7976e+01
1.7869e+01
1.7756e+01
1.7653e+01
1.7545e+01
1.7458e+01
1.7367e+01
1.7273e+01
1.7174e+01
1.7102e+01
1.7003e+01
1.6907e+01
1.6831e+01
1.6754e+01
1.6669e+01
1.6602e+01
1.6515e+01
1.6448e+01
1.6381e+01
1.6320e+01
1.6252e+01
1.6197e+01
1.6132e+01
1.6079e+01
1.6022e+01
1.5973e+01
1.5919e+01
1.5872e+01
1.5820e+01
1.5783e+01
1.5736e+01
1.5698e+01
1.5651e+01
1.5610e+01
1.5565e+01
1.5527e+01
1.5483e+01
1.5440e+01
1.5398e+01
1.5359e+01
1.5307e+01
1.5273e+01
1.5232e+01
1.5204e+01
1.5161e+01
1.5119e+01
1.5076e+01
1.5042e+01
1.5000e+01
1.4970e+01
1.4925e+01
1.4887e+01
1.4852e+01
1.4817e+01
1.4776e+01
1.4742e+01
1.4701e+01
1.4661e+01
1.4625e+01
1.4587e+01
1.4549e+01
1.4502e+01
1.4456e+01
1.4419e+01
1.4373e+01
1.4326e+01
1.4289e+01
1.4257e+01
1.4218e+01
1.4179e+01
1.4142e+01
1.4099e+01
1.4053e+01
1.4015e+01
1.3976e+01
1.3942e+01
1.3911e+01
1.3874e+01
1.3843e+01
1.3799e+01
1.3764e+01
1.3740e+01
1.3705e+01
1.3675e+01
1.3641e+01
1.3602e+01
1.3571e+01
1.3534e+01
1.3504e+01
1.3474e+01
1.3434e+01
1.3398e+01
1.3363e+01
1.3333e+01
1.3298e+01
1.3265e+01
1.3242e+01
1.3212e+01
1.3180e+01
1.3148e+01
1.3123e+01
1.3094e+01
1.3063e+01
1.3037e+01
1.3003e+01
1.2972e+01
1.2948e+01
1.2918e+01
1.2892e+01
1.2869e+01
1.2847e+01
1.2819e+01
1.2796e+01
1.2768e+01
1.2734e+01
1.2711e+01
1.2689e+01
1.2657e+01
1.2636e+01
1.2610e+01
1.2590e+01
1.2566e+01
1.2539e+01
1.2517e+01
1.2497e+01
1.2469e+01
1.2443e+01
1.2426e+01
1.2399e+01
1.2380e+01
1.2361e+01
1.2337e+01
1.2312e+01
1.2293e+01
1.2277e+01
1.2256e+01
1.2238e+01
1.2215e+01
1.2190e+01
1.2168e+01
1.2144e+01
1.2130e+01
1.2111e+01
1.2089e+01
1.2071e+01
1.2055e+01
1.2037e+01
1.2013e+01
1.1994e+01
1.1979e+01
1.1962e+01
1.1940e+01
1.1915e+01
1.1901e+01
1.1887e+01
1.1864e+01
1.1848e+01
1.1827e+01
1.1804e+01
1.1782e+01
1.1766e+01
1.1746e+01
1.1721e+01
1.1702e+01
1.1696e+01
1.1697e+01
1.1699e+01
1.1692e+01
1.1678e+01
1.1664e+01
1.1639e+01
1.1623e+01
1.1610e+01
1.1587e+01
1.1574e+01
1.1558e+01
1.1538e+01
1.1521e+01
1.1504e+01
1.1482e+01
1.1461e+01
1.1439e+01
1.1421e+01
1.1399e+01
1.1374e+01
1.1349e+01
1.1324e+01
1.1306e+01
1.1283e+01
1.1267e+01
1.1248e+01
1.1226e+01
1.1208e+01
1.1189e+01
1.1170e+01
1.1149e+01
1.1130e+01
1.1116e+01
1.1102e+01
1.1086e+01
1.1067e+01
1.1048e+01
1.1027e+01
1.1014e+01
1.0998e+01
1.0980e+01
1.0967e+01
1.0948e+01
1.0933e+01
1.0911e+01
1.0891e+01
1.0874e+01
1.0849e+01
1.0838e+01
1.0824e+01
1.0806e+01
1.0783e+01
1.0766e+01
1.0755e+01
1.0737e+01
1.0726e+01
1.0707e+01
1.0690e+01
1.0676e+01
1.0661e+01
1.0644e+01
1.0624e+01
1.0603e+01
1.0593e+01
1.0575e+01
1.0556e+01
1.0536e+01
1.0517e+01
1.0499e+01
1.0479e+01
1.0464e+01
1.0447e+01
1.0435e+01
1.0413e+01
1.0405e+01
1.0397e+01
1.0375e+01
1.0356e+01
1.0338e+01
1.0326e+01
1.0311e+01
1.0295e+01
1.0280e+01
1.0270e+01
1.0255e+01
1.0236e+01
1.0220e+01
1.0204e+01
1.0183e+01
1.0162e+01
1.0143e+01
1.0120e+01
1.0095e+01
1.0082e+01
1.0067e+01
1.0046e+01
1.0027e+01
1.0015e+01
9.9940e+00
9.9763e+00
9.9598e+00
9.9424e+00
9.9305e+00
9.9168e+00
9.8950e+00
9.8772e+00
9.8574e+00
9.8421e+00
9.8284e+00
9.8119e+00
9.7962e+00
9.7796e+00
9.7527e+00
9.7378e+00
9.7129e+00
9.6918e+00
9.6707e+00
9.6541e+00
9.6329e+00
9.6147e+00
9.6001e+00
9.5814e+00
9.5623e+00
9.5453e+00
9.5162e+00
9.4983e+00
9.4813e+00
9.4571e+00
9.4401e+00
9.4272e+00
9.4005e+00
9.3788e+00
9.3618e+00
9.3422e+00
9.3188e+00
9.3063e+00
9.2758e+00
9.2541e+00
9.2332e+00
9.2107e+00
9.1977e+00
9.1827e+00
9.1630e+00
9.1475e+00
9.1253e+00
9.1069e+00
9.0906e+00
9.0709e+00
9.0554e+00
9.0403e+00
9.0193e+00
9.0021e+00
8.9812e+00
8.9694e+00
8.9551e+00
8.9354e+00
8.9165e+00
8.9039e+00
8.8829e+00
8.8585e+00
8.8354e+00
8.8244e+00
8.8076e+00
8.7895e+00
8.7781e+00
8.7533e+00
8.7369e+00
8.7272e+00
8.7124e+00
8.6981e+00
8.6762e+00
8.6635e+00
8.6567e+00
8.6458e+00
8.6306e+00
8.6150e+00
8.6006e+00
8.5896e+00
8.5774e+00
8.5660e+00
8.5419e+00
8.5262e+00
8.5135e+00
8.4924e+00
8.4784e+00
8.4610e+00
8.4577e+00
8.4348e+00
8.4238e+00
8.4102e+00
8.3962e+00
8.3835e+00
8.3755e+00
8.3598e+00
8.3487e+00
8.3313e+00
8.3156e+00
8.3008e+00
8.2876e+00
8.2736e+00
8.2681e+00
8.2553e+00
8.2362e+00
8.2184e+00
8.2056e+00
8.1963e+00
8.1712e+00
8.1529e+00
8.1341e+00
8.1103e+00
8.1022e+00
8.0907e+00
8.0792e+00
8.0677e+00
8.0434e+00
8.0212e+00
8.0071e+00
7.9994e+00
7.9892e+00
7.9721e+00
7.9623e+00
7.9448e+00
7.9341e+00
7.9213e+00
7.9132e+00
7.8982e+00
7.8815e+00
7.8648e+00
7.8546e+00
7.8422e+00
7.8212e+00
7.8084e+00
7.7938e+00
7.7771e+00
7.7672e+00
7.7582e+00
7.7450e+00
7.7304e+00
7.7137e+00
7.6978e+00
7.6892e+00
7.6759e+00
7.6622e+00
7.6420e+00
7.6308e+00
7.6188e+00
7.6085e+00
7.5935e+00
7.5819e+00
7.5707e+00
7.5556e+00
7.5427e+00
7.5169e+00
7.5100e+00
7.4971e+00
7.4799e+00
7.4631e+00
7.4472e+00
7.4360e+00
7.4179e+00
7.4088e+00
7.3942e+00
7.3791e+00
7.3644e+00
7.3463e+00
7.3338e+00
7.3200e+00
7.3048e+00
7.2854e+00
7.2690e+00
7.2573e+00
7.2448e+00
7.2236e+00
7.2085e+00
7.1860e+00
7.1687e+00
7.1470e+00
7.1388e+00
7.1158e+00
7.0968e+00
7.0816e+00
7.0560e+00
7.0426e+00
7.0282e+00
7.0087e+00
7.0022e+00
6.9866e+00
6.9675e+00
6.9457e+00
6.9362e+00
6.9245e+00
6.9075e+00
6.8910e+00
6.8753e+00
6.8658e+00
6.8488e+00
6.8383e+00
6.8218e+00
6.8118e+00
6.7965e+00
6.7748e+00
6.7595e+00
6.7416e+00
6.7220e+00
6.7067e+00
6.6880e+00
6.6749e+00
6.6613e+00
6.6461e+00
6.6351e+00
6.6194e+00
6.6033e+00
6.5963e+00
6.5805e+00
6.5657e+00
6.5539e+00
6.5385e+00
6.5298e+00
6.5162e+00
6.5013e+00
6.4900e+00
6.4790e+00
6.4624e+00
6.4567e+00
6.4400e+00
6.4242e+00
6.4067e+00
6.3900e+00
6.3791e+00
6.3681e+00
6.3571e+00
6.3462e+00
6.3299e+00
6.3229e+00
6.3176e+00
6.3053e+00
6.2948e+00
6.2799e+00
6.2702e+00
6.2601e+00
6.2478e+00
6.2368e+00
6.2232e+00
6.2082e+00
6.2012e+00
6.1950e+00
6.1717e+00
6.1602e+00
6.1448e+00
6.1281e+00
6.1162e+00
6.1047e+00
6.0955e+00
6.0787e+00
6.0708e+00
6.0637e+00
6.0567e+00
6.0386e+00
6.0253e+00
6.0223e+00
6.0086e+00
5.9927e+00
5.9878e+00
5.9777e+00
5.9671e+00
5.9635e+00
5.9520e+00
5.9432e+00
5.9330e+00
5.9251e+00
5.9167e+00
5.9047e+00
5.8915e+00
5.8844e+00
5.8725e+00
5.8556e+00
5.8472e+00
5.8379e+00
5.8313e+00
5.8198e+00
5.8069e+00
5.7990e+00
5.7852e+00
5.7821e+00
5.7719e+00
5.7600e+00
5.7542e+00
5.7445e+00
5.7356e+00
5.7214e+00
5.7152e+00
5.7037e+00
5.7028e+00
5.6908e+00
5.6832e+00
5.6699e+00
5.6557e+00
5.6491e+00
5.6353e+00
5.6157e+00
5.6113e+00
5.6051e+00
5.5957e+00
5.5842e+00
5.5797e+00
5.5695e+00
5.5620e+00
5.5406e+00
5.5295e+00
5.5170e+00
5.5072e+00
5.5019e+00
5.4890e+00
5.4707e+00
5.4631e+00
5.4547e+00
5.4431e+00
5.4226e+00
5.4092e+00
5.4030e+00
5.3887e+00
5.3668e+00
5.3530e+00
5.3441e+00
5.3249e+00
5.3079e+00
5.2909e+00
5.2775e+00
5.2686e+00
5.2592e+00
5.2436e+00
5.2257e+00
5.2096e+00
5.1935e+00
5.1787e+00
5.1644e+00
5.1545e+00
5.1438e+00
5.1227e+00
5.1120e+00
5.0994e+00
5.0806e+00
5.0613e+00
5.0474e+00
5.0241e+00
5.0030e+00
4.9787e+00
4.9594e+00
4.9482e+00
4.9374e+00
4.9104e+00
4.8938e+00
4.8749e+00
4.8555e+00
4.8402e+00
4.8249e+00
4.7988e+00
4.7858e+00
4.7650e+00
4.7447e+00
4.7303e+00
4.7217e+00
4.7087e+00
4.6834e+00
4.6590e+00
4.6464e+00
4.6306e+00
4.6152e+00
4.5872e+00
4.5700e+00
4.5438e+00
4.5307e+00
4.5162e+00
4.4944e+00
4.4809e+00
4.4641e+00
4.4428e+00
4.4265e+00
4.4138e+00
4.3998e+00
4.3834e+00
4.3675e+00
4.3585e+00
4.3444e+00
4.3285e+00
4.3104e+00
4.2926e+00
4.2872e+00
4.2754e+00
4.2631e+00
4.2399e+00
4.2272e+00
4.2181e+00
4.2008e+00
4.1835e+00
4.1703e+00
4.1626e+00
4.1457e+00
4.1275e+00
4.1184e+00
4.1079e+00
4.0984e+00
4.0874e+00
4.0724e+00
4.0642e+00
4.0405e+00
4.0332e+00
4.0208e+00
4.0108e+00
4.0035e+00
3.9884e+00
3.9788e+00
3.9592e+00
3.9464e+00
3.9327e+00
3.9158e+00
3.8993e+00
3.8852e+00
3.8765e+00
3.8705e+00
3.8573e+00
3.8385e+00
3.8257e+00
3.8133e+00
3.8051e+00
3.8014e+00
3.7872e+00
3.7703e+00
3.7602e+00
3.7478e+00
3.7409e+00
3.7350e+00
3.7254e+00
3.7180e+00
3.7020e+00
3.6873e+00
3.6731e+00
3.6602e+00
3.6478e+00
3.6350e+00
3.6322e+00
3.6207e+00
3.6101e+00
3.6065e+00
3.6037e+00
3.5918e+00
3.5853e+00
3.5803e+00
3.5683e+00
3.5573e+00
3.5559e+00
3.5430e+00
3.5361e+00
3.5297e+00
3.5191e+00
3.5108e+00
3.4929e+00
3.4846e+00
3.4712e+00
3.4574e+00
3.4482e+00
3.4376e+00
3.4298e+00
3.4160e+00
3.4003e+00
3.3957e+00
3.3809e+00
3.3703e+00
3.3639e+00
3.3533e+00
3.3408e+00
3.3293e+00
3.3182e+00
3.3062e+00
3.2988e+00
3.2891e+00
3.2715e+00
3.2595e+00
3.2452e+00
3.2299e+00
3.2225e+00
3.2031e+00
3.1925e+00
3.1814e+00
3.1643e+00
3.1550e+00
3.1420e+00
3.1319e+00
3.1221e+00
3.1106e+00
3.1050e+00
3.0814e+00
3.0712e+00
3.0563e+00
3.0489e+00
3.0420e+00
3.0216e+00
3.0062e+00
2.9840e+00
2.9696e+00
2.9589e+00
2.9431e+00
2.9264e+00
2.9143e+00
2.9008e+00
2.8869e+00
2.8715e+00
2.8622e+00
2.8501e+00
2.8385e+00
2.8278e+00
2.8180e+00
2.8003e+00
2.7840e+00
2.7803e+00
2.7677e+00
2.7459e+00
2.7319e+00
2.7081e+00
2.6978e+00
2.6768e+00
2.6605e+00
2.6488e+00
2.6302e+00
2.6138e+00
2.6017e+00
2.5844e+00
2.5685e+00
2.5592e+00
2.5536e+00
2.5325e+00
2.5199e+00
2.5157e+00
2.5054e+00
2.4951e+00
2.4843e+00
2.4708e+00
2.4628e+00
2.4492e+00
2.4422e+00
2.4272e+00
2.4136e+00
2.4043e+00
2.3968e+00
2.3855e+00
2.3738e+00
2.3691e+00
2.3602e+00
2.3447e+00
2.3358e+00
2.3307e+00
2.3255e+00
2.3246e+00
2.3119e+00
2.3058e+00
2.2978e+00
2.2903e+00
2.2823e+00
2.2786e+00
2.2687e+00
2.2579e+00
2.2584e+00
2.2424e+00
2.2325e+00
2.2212e+00
2.2184e+00
2.2142e+00
2.2194e+00
2.2109e+00
2.2165e+00
2.2175e+00
2.2283e+00
2.2292e+00
2.2419e+00
2.2551e+00
2.2814e+00
2.2940e+00
2.3189e+00
2.3424e+00
2.3813e+00
2.4150e+00
2.4623e+00
2.4928e+00
2.5372e+00
2.5755e+00
2.6227e+00
2.6633e+00
2.7072e+00
2.7486e+00
2.7882e+00
2.8329e+00
2.8692e+00
2.9106e+00
2.9491e+00
2.9937e+00
3.0229e+00
3.0554e+00
3.0851e+00
3.1166e+00
3.1430e+00
3.1717e+00
3.1768e+00
3.2110e+00
3.2198e+00
3.2346e+00
3.2480e+00
3.2554e+00
3.2604e+00
3.2641e+00
3.2641e+00
3.2678e+00
3.2743e+00
3.2725e+00
3.2614e+00
3.2549e+00
3.2489e+00
3.2461e+00
3.2346e+00
3.2239e+00
3.2110e+00
3.1943e+00
3.1791e+00
3.1643e+00
3.1402e+00
3.1226e+00
3.1036e+00
3.0892e+00
3.0726e+00
3.0401e+00
3.0127e+00
2.9872e+00
2.9645e+00
2.9478e+00
2.9231e+00
2.9092e+00
2.8864e+00
2.8687e+00
2.8385e+00
2.8218e+00
2.7957e+00
2.7817e+00
2.7547e+00
2.7417e+00
2.7235e+00
2.7067e+00
2.6852e+00
2.6684e+00
2.6400e+00
2.6157e+00
2.5895e+00
2.5662e+00
2.5414e+00
2.5194e+00
2.4979e+00
2.4680e+00
2.4450e+00
2.4169e+00
2.3883e+00
2.3644e+00
2.3419e+00
2.3208e+00
2.2884e+00
2.2602e+00
2.2391e+00
2.2170e+00
2.1926e+00
2.1611e+00
2.1352e+00
2.1088e+00
2.0824e+00
2.0518e+00
2.0249e+00
2.0037e+00
1.9712e+00
1.9362e+00
1.9126e+00
1.8904e+00
1.8644e+00
1.8337e+00
1.8105e+00
1.7778e+00
1.7551e+00
1.7324e+00
1.6978e+00
1.6722e+00
1.6485e+00
1.6224e+00
1.5948e+00
1.5720e+00
1.5507e+00
1.5222e+00
1.4955e+00
1.4703e+00
1.4456e+00
1.4284e+00
1.4084e+00
1.3827e+00
1.3579e+00
1.3427e+00
1.3212e+00
1.2950e+00
1.2773e+00
1.2606e+00
1.2425e+00
1.2191e+00
1.1952e+00
1.1732e+00
1.1555e+00
1.1316e+00
1.1101e+00
1.0914e+00
1.0727e+00
1.0574e+00
1.0387e+00
1.0239e+00
1.0052e+00
9.8887e-01
9.7017e-01
9.5577e-01
9.3466e-01
9.2218e-01
9.1018e-01
8.9386e-01
8.7512e-01
8.6359e-01
8.5014e-01
8.2755e-01
8.1072e-01
7.9725e-01
7.8042e-01
7.5780e-01
7.4577e-01
7.2507e-01
7.0821e-01
6.9280e-01
6.7882e-01
6.6485e-01
6.4267e-01
6.2820e-01
6.1325e-01
6.0022e-01
5.8768e-01
5.7175e-01
5.5678e-01
5.3940e-01
5.3360e-01
5.1959e-01
5.0172e-01
4.9157e-01
4.7996e-01
4.7078e-01
4.5821e-01
4.4805e-01
4.3402e-01
4.1176e-01
3.9918e-01
3.8659e-01
3.6383e-01
3.4736e-01
3.3670e-01
3.2604e-01
3.1441e-01
3.0035e-01
2.8774e-01
2.7174e-01
2.5913e-01
2.4748e-01
2.3389e-01
2.2176e-01
2.0962e-01
1.9505e-01
1.8242e-01
1.6736e-01
1.5084e-01
1.4063e-01
1.2702e-01
1.1827e-01
1.0855e-01
8.9576e-02
7.1574e-02
5.6000e-02
3.9449e-02
2.1919e-02
9.7430e-03
0000
