2.8206e+01
2.8123e+01
2.8047e+01
2.7964e+01
2.7883e+01
2.7803e+01
2.7731e+01
2.7651e+01
2.7582e+01
2.7511e+01
2.7444e+01
2.7369e+01
2.7308e+01
2.7238e+01
2.7181e+01
2.7113e+01
2.7057e+01
2.6996e+01
2.6945e+01
2.6876e+01
2.6814e+01
2.6753e+01
2.6694e+01
2.6630e+01
2.6578e+01
2.6511e+01
2.6443e+01
2.6368e+01
2.6302e+01
2.6234e+01
2.6176e+01
2.6098e+01
2.6030e+01
2.5968e+01
2.5912e+01
2.5840e+01
2.5782e+01
2.5716e+01
2.5663e+01
2.5594e+01
2.5530e+01
2.5472e+01
2.5413e+01
2.5352e+01
2.5299e+01
2.5235e+01
2.5178e+01
2.5124e+01
2.5064e+01
2.4999e+01
2.4941e+01
2.4868e+01
2.4805e+01
2.4739e+01
2.4685e+01
2.4624e+01
2.4569e+01
2.4512e+01
2.4461e+01
2.4397e+01
2.4343e+01
2.4290e+01
2.4235e+01
2.4181e+01
2.4131e+01
2.4080e+01
2.4030e+01
2.3977e+01
2.3931e+01
2.3887e+01
2.3846e+01
2.3799e+01
2.3753e+01
2.3692e+01
2.3644e+01
2.3586e+01
2.3539e+01
2.3489e+01
2.3441e+01
2.3399e+01
2.3359e+01
2.3307e+01
2.3265e+01
2.3216e+01
2.3173e+01
2.3126e+01
2.3087e+01
2.3043e+01
2.3001e+01
2.2954e+01
2.2916e+01
2.2871e+01
2.2834e+01
2.2792e+01
2.2746e+01
2.2697e+01
2.2649e+01
2.2593e+01
2.2552e+01
2.2495e+01
2.2455e+01
2.2415e+01
2.2375e+01
2.2325e+01
2.2291e+01
2.2240e+01
2.2217e+01
2.2164e+01
2.2124e+01
2.2085e+01
2.2043e+01
2.2006e+01
2.1972e+01
2.1938e+01
2.1904e+01
2.1867e+01
2.1834e+01
2.1797e+01
2.1764e+01
2.1730e+01
2.1695e+01
2.1646e+01
2.1610e+01
2.1570e+01
2.1538e+01
2.1502e+01
2.1472e+01
2.1436e+01
2.1408e+01
2.1374e+01
2.1345e+01
2.1315e+01
2.1291e+01
2.1259e+01
2.1234e+01
2.1198e+01
2.1173e+01
2.1145e+01
2.1120e+01
2.1095e+01
2.1068e+01
2.1041e+01
2.1012e+01
2.0985e+01
2.0960e+01
2.0922e+01
2.0896e+01
2.0861e+01
2.0842e+01
2.0805e+01
2.0780e+01
2.0754e+01
2.0734e+01
2.0705e+01
2.0677e+01
2.0651e+01
2.0629e+01
2.0598e+01
2.0578e+01
2.0546e+01
2.0529e+01
2.0504e+01
2.0476e+01
2.0453e+01
2.0435e+01
2.0413e+01
2.0393e+01
2.0365e+01
2.0337e+01
2.0303e+01
2.0274e+01
2.0242e+01
2.0219e+01
2.0194e+01
2.0171e+01
2.0151e+01
2.0131e+01
2.0100e+01
2.0074e+01
2.0049e+01
2.0033e+01
2.0006e+01
1.9988e+01
1.9976e+01
1.9955e+01
1.9927e+01
1.9908e+01
1.9891e+01
1.9877e+01
1.9855e+01
1.9835e+01
1.9809e+01
1.9785e+01
1.9754e+01
1.9735e+01
1.9721e+01
1.9708e+01
1.9692e+01
1.9676e+01
1.9658e+01
1.9640e+01
1.9625e+01
1.9609e+01
1.9591e+01
1.9577e+01
1.9567e+01
1.9557e+01
1.9546e+01
1.9532e+01
1.9522e+01
1.9508e+01
1.9498e+01
1.9488e+01
1.9474e+01
1.9457e+01
1.9435e+01
1.9416e+01
1.9393e+01
1.9378e+01
1.9365e+01
1.9353e+01
1.9333e+01
1.9316e+01
1.9293e+01
1.9272e+01
1.9258e+01
1.9243e+01
1.9220e+01
1.9203e+01
1.9194e+01
1.9176e+01
1.9155e+01
1.9137e+01
1.9121e+01
1.9095e+01
1.9069e+01
1.9056e+01
1.9028e+01
1.8995e+01
1.8969e+01
1.8947e+01
1.8916e+01
1.8893e+01
1.8869e+01
1.8852e+01
1.8827e+01
1.8799e+01
1.8776e+01
1.8759e+01
1.8730e+01
1.8705e+01
1.8680e+01
1.8656e+01
1.8632e+01
1.8606e+01
1.8581e+01
1.8557e+01
1.8532e+01
1.8511e+01
1.8483e+01
1.8444e+01
1.8408e+01
1.8374e+01
1.8330e+01
1.8296e+01
1.8274e+01
1.8241e+01
1.8210e+01
1.8191e+01
1.8160e+01
1.8123e+01
1.8096e+01
1.8075e+01
1.8046e+01
1.8020e+01
1.7995e+01
1.7974e+01
1.7948e+01
1.7923e+01
1.7899e+01
1.7877e+01
1.7850e+01
1.7824e+01
1.7797e+01
1.7768e+01
1.7734e+01
1.7701e+01
1.7667e+01
1.7636e+01
1.7609e+01
1.7578e+01
1.7549e+01
1.7520e+01
1.7483e+01
1.7456e+01
1.7423e+01
1.7395e+01
1.7368e+01
1.7335e+01
1.7311e+01
1.7289e+01
1.7257e+01
1.7236e+01
1.7207e+01
1.7181e+01
1.7157e+01
1.7134e+01
1.7100e+01
1.7072e+01
1.7041e+01
1.7016e+01
1.6998e+01
1.6974e+01
1.6945e+01
1.6925e+01
1.6897e+01
1.6875e+01
1.6856e+01
1.6834e+01
1.6810e+01
1.6789e+01
1.6765e+01
1.6741e+01
1.6729e+01
1.6710e+01
1.6687e+01
1.6668e+01
1.6652e+01
1.6630e+01
1.6618e+01
1.6588e+01
1.6560e+01
1.6537e+01
1.6509e+01
1.6493e+01
1.6468e+01
1.6448e+01
1.6420e+01
1.6390e+01
1.6370e+01
1.6348e+01
1.6316e+01
1.6297e+01
1.6278e+01
1.6256e+01
1.6229e+01
1.6206e+01
1.6185e+01
1.6167e+01
1.6148e+01
1.6132e+01
1.6106e+01
1.6079e+01
1.6054e+01
1.6030e+01
1.6006e+01
1.5981e+01
1.5961e+01
1.5945e+01
1.5919e+01
1.5900e+01
1.5881e+01
1.5863e+01
1.5844e+01
1.5827e+01
1.5811e+01
1.5789e+01
1.5771e+01
1.5755e+01
1.5737e+01
1.5720e+01
1.5697e+01
1.5679e+01
1.5666e+01
1.5649e+01
1.5635e+01
1.5617e+01
1.5599e+01
1.5577e+01
1.5556e+01
1.5536e+01
1.5517e+01
1.5504e+01
1.5487e+01
1.5475e+01
1.5462e+01
1.5445e+01
1.5429e+01
1.5414e+01
1.5396e+01
1.5385e+01
1.5370e+01
1.5355e+01
1.5343e+01
1.5335e+01
1.5326e+01
1.5312e+01
1.5289e+01
1.5277e+01
1.5272e+01
1.5259e+01
1.5232e+01
1.5211e+01
1.5195e+01
1.5187e+01
1.5164e+01
1.5148e+01
1.5142e+01
1.5128e+01
1.5110e+01
1.5098e+01
1.5086e+01
1.5072e+01
1.5058e+01
1.5042e+01
1.5023e+01
1.5013e+01
1.5006e+01
1.4993e+01
1.4975e+01
1.4962e+01
1.4949e+01
1.4933e+01
1.4916e+01
1.4895e+01
1.4875e+01
1.4862e+01
1.4841e+01
1.4830e+01
1.4813e+01
1.4803e+01
1.4795e+01
1.4777e+01
1.4764e+01
1.4753e+01
1.4747e+01
1.4736e+01
1.4731e+01
1.4723e+01
1.4715e+01
1.4712e+01
1.4710e+01
1.4707e+01
1.4696e+01
1.4685e+01
1.4682e+01
1.4671e+01
1.4659e+01
1.4646e+01
1.4638e+01
1.4627e+01
1.4608e+01
1.4596e+01
1.4585e+01
1.4581e+01
1.4575e+01
1.4570e+01
1.4561e+01
1.4549e+01
1.4547e+01
1.4547e+01
1.4537e+01
1.4543e+01
1.4540e+01
1.4535e+01
1.4532e+01
1.4524e+01
1.4518e+01
1.4521e+01
1.4521e+01
1.4514e+01
1.4509e+01
1.4510e+01
1.4496e+01
1.4487e+01
1.4474e+01
1.4471e+01
1.4468e+01
1.4466e+01
1.4455e+01
1.4449e+01
1.4438e+01
1.4433e+01
1.4411e+01
1.4401e+01
1.4387e+01
1.4379e+01
1.4366e+01
1.4356e+01
1.4343e+01
1.4328e+01
1.4316e+01
1.4310e+01
1.4294e+01
1.4272e+01
1.4260e+01
1.4242e+01
1.4217e+01
1.4202e+01
1.4181e+01
1.4158e+01
1.4139e+01
1.4125e+01
1.4112e+01
1.4101e+01
1.4081e+01
1.4063e+01
1.4046e+01
1.4030e+01
1.4017e+01
1.3999e+01
1.3981e+01
1.3959e+01
1.3946e+01
1.3924e+01
1.3909e+01
1.3892e+01
1.3872e+01
1.3852e+01
1.3835e+01
1.3818e+01
1.3794e+01
1.3763e+01
1.3742e+01
1.3720e+01
1.3697e+01
1.3675e+01
1.3661e+01
1.3647e+01
1.3623e+01
1.3597e+01
1.3582e+01
1.3564e+01
1.3540e+01
1.3524e+01
1.3515e+01
1.3506e+01
1.3487e+01
1.3465e+01
1.3452e+01
1.3434e+01
1.3419e+01
1.3400e+01
1.3383e+01
1.3365e+01
1.3347e+01
1.3327e+01
1.3309e+01
1.3292e+01
1.3276e+01
1.3264e+01
1.3249e+01
1.3231e+01
1.3221e+01
1.3209e+01
1.3198e+01
1.3181e+01
1.3172e+01
1.3155e+01
1.3144e+01
1.3133e+01
1.3125e+01
1.3109e+01
1.3094e+01
1.3082e+01
1.3067e+01
1.3049e+01
1.3039e+01
1.3023e+01
1.3008e+01
1.2992e+01
1.2978e+01
1.2962e+01
1.2950e+01
1.2932e+01
1.2914e+01
1.2898e+01
1.2886e+01
1.2867e+01
1.2855e+01
1.2837e+01
1.2818e+01
1.2802e+01
1.2793e+01
1.2778e+01
1.2762e+01
1.2746e+01
1.2732e+01
1.2716e+01
1.2705e+01
1.2690e+01
1.2669e+01
1.2647e+01
1.2624e+01
1.2600e+01
1.2576e+01
1.2560e+01
1.2547e+01
1.2534e+01
1.2517e+01
1.2502e+01
1.2480e+01
1.2460e+01
1.2443e+01
1.2433e+01
1.2416e+01
1.2403e+01
1.2389e+01
1.2368e+01
1.2356e+01
1.2343e+01
1.2320e+01
1.2302e+01
1.2288e+01
1.2271e+01
1.2246e+01
1.2226e+01
1.2209e+01
1.2191e+01
1.2174e+01
1.2161e+01
1.2145e+01
1.2133e+01
1.2123e+01
1.2105e+01
1.2089e+01
1.2081e+01
1.2073e+01
1.2057e+01
1.2044e+01
1.2034e+01
1.2024e+01
1.2022e+01
1.2009e+01
1.1996e+01
1.1992e+01
1.1985e+01
1.1973e+01
1.1959e+01
1.1934e+01
1.1917e+01
1.1901e+01
1.1887e+01
1.1875e+01
1.1862e+01
1.1848e+01
1.1837e+01
1.1816e+01
1.1801e+01
1.1797e+01
1.1784e+01
1.1773e+01
1.1760e+01
1.1745e+01
1.1729e+01
1.1722e+01
1.1716e+01
1.1699e+01
1.1688e+01
1.1680e+01
1.1665e+01
1.1649e+01
1.1631e+01
1.1615e+01
1.1599e+01
1.1583e+01
1.1569e+01
1.1560e+01
1.1548e+01
1.1534e+01
1.1520e+01
1.1509e+01
1.1496e+01
1.1486e+01
1.1474e+01
1.1459e+01
1.1445e+01
1.1440e+01
1.1430e+01
1.1418e+01
1.1406e+01
1.1401e+01
1.1394e+01
1.1389e+01
1.1378e+01
1.1361e+01
1.1349e+01
1.1333e+01
1.1320e+01
1.1307e+01
1.1295e+01
1.1284e+01
1.1271e+01
1.1259e+01
1.1245e+01
1.1233e+01
1.1231e+01
1.1219e+01
1.1210e+01
1.1194e+01
1.1186e+01
1.1181e+01
1.1176e+01
1.1167e+01
1.1159e+01
1.1151e+01
1.1151e+01
1.1149e+01
1.1143e+01
1.1135e+01
1.1127e+01
1.1112e+01
1.1108e+01
1.1107e+01
1.1109e+01
1.1104e+01
1.1100e+01
1.1104e+01
1.1111e+01
1.1112e+01
1.1114e+01
1.1113e+01
1.1122e+01
1.1125e+01
1.1129e+01
1.1130e+01
1.1135e+01
1.1148e+01
1.1155e+01
1.1159e+01
1.1170e+01
1.1173e+01
1.1185e+01
1.1199e+01
1.1206e+01
1.1209e+01
1.1222e+01
1.1231e+01
1.1243e+01
1.1253e+01
1.1270e+01
1.1280e+01
1.1294e+01
1.1302e+01
1.1316e+01
1.1329e+01
1.1329e+01
1.1369e+01
1.1391e+01
1.1400e+01
1.1414e+01
1.1424e+01
1.1434e+01
1.1435e+01
1.1438e+01
1.1439e+01
1.1438e+01
1.1436e+01
1.1433e+01
1.1428e+01
1.1426e+01
1.1416e+01
1.1405e+01
1.1400e+01
1.1402e+01
1.1400e+01
1.1391e+01
1.1382e+01
1.1367e+01
1.1357e+01
1.1343e+01
1.1336e+01
1.1326e+01
1.1315e+01
1.1306e+01
1.1291e+01
1.1271e+01
1.1256e+01
1.1242e+01
1.1231e+01
1.1213e+01
1.1198e+01
1.1178e+01
1.1160e+01
1.1136e+01
1.1118e+01
1.1095e+01
1.1072e+01
1.1051e+01
1.1031e+01
1.1010e+01
1.0990e+01
1.0970e+01
1.0968e+01
1.0933e+01
1.0915e+01
1.0894e+01
1.0878e+01
1.0864e+01
1.0848e+01
1.0836e+01
1.0824e+01
1.0811e+01
1.0793e+01
1.0774e+01
1.0758e+01
1.0741e+01
1.0714e+01
1.0695e+01
1.0676e+01
1.0662e+01
1.0649e+01
1.0633e+01
1.0612e+01
1.0596e+01
1.0576e+01
1.0569e+01
1.0551e+01
1.0535e+01
1.0522e+01
1.0505e+01
1.0482e+01
1.0472e+01
1.0465e+01
1.0450e+01
1.0430e+01
1.0416e+01
1.0399e+01
1.0379e+01
1.0363e+01
1.0348e+01
1.0319e+01
1.0306e+01
1.0286e+01
1.0271e+01
1.0250e+01
1.0233e+01
1.0224e+01
1.0205e+01
1.0196e+01
1.0181e+01
1.0166e+01
1.0150e+01
1.0141e+01
1.0135e+01
1.0124e+01
1.0119e+01
1.0105e+01
1.0100e+01
1.0094e+01
1.0086e+01
1.0066e+01
1.0063e+01
1.0058e+01
1.0046e+01
1.0029e+01
1.0013e+01
1.0007e+01
9.9978e+00
9.9836e+00
9.9776e+00
9.9799e+00
9.9716e+00
9.9589e+00
9.9500e+00
9.9447e+00
9.9313e+00
9.9201e+00
9.9111e+00
9.9044e+00
9.9014e+00
9.8887e+00
9.8804e+00
9.8767e+00
9.8662e+00
9.8647e+00
9.8587e+00
9.8460e+00
9.8370e+00
9.8251e+00
9.8153e+00
9.7989e+00
9.7884e+00
9.7801e+00
9.7741e+00
9.7629e+00
9.7547e+00
9.7464e+00
9.7389e+00
9.7299e+00
9.7187e+00
9.7090e+00
9.7022e+00
9.7037e+00
9.6970e+00
9.6820e+00
9.6760e+00
9.6692e+00
9.6655e+00
9.6647e+00
9.6580e+00
9.6482e+00
9.6460e+00
9.6332e+00
9.6197e+00
9.6099e+00
9.6077e+00
9.6002e+00
9.5964e+00
9.5882e+00
9.5904e+00
9.5897e+00
9.5912e+00
9.5882e+00
9.5957e+00
9.5942e+00
9.6144e+00
9.6227e+00
9.6452e+00
9.6535e+00
9.6842e+00
9.7052e+00
9.7524e+00
9.7824e+00
9.8251e+00
9.8677e+00
9.9201e+00
9.9545e+00
1.0003e+01
1.0043e+01
1.0096e+01
1.0146e+01
1.0201e+01
1.0257e+01
1.0312e+01
1.0367e+01
1.0424e+01
1.0477e+01
1.0529e+01
1.0591e+01
1.0640e+01
1.0711e+01
1.0760e+01
1.0833e+01
1.0879e+01
1.0942e+01
1.0986e+01
1.1037e+01
1.1081e+01
1.1128e+01
1.1162e+01
1.1201e+01
1.1231e+01
1.1273e+01
1.1303e+01
1.1334e+01
1.1355e+01
1.1383e+01
1.1415e+01
1.1427e+01
1.1432e+01
1.1450e+01
1.1460e+01
1.1473e+01
1.1477e+01
1.1487e+01
1.1492e+01
1.1490e+01
1.1477e+01
1.1487e+01
1.1479e+01
1.1482e+01
1.1470e+01
1.1465e+01
1.1441e+01
1.1430e+01
1.1411e+01
1.1393e+01
1.1373e+01
1.1358e+01
1.1340e+01
1.1332e+01
1.1309e+01
1.1300e+01
1.1287e+01
1.1265e+01
1.1240e+01
1.1225e+01
1.1203e+01
1.1190e+01
1.1174e+01
1.1159e+01
1.1134e+01
1.1122e+01
1.1096e+01
1.1084e+01
1.1056e+01
1.1034e+01
1.1012e+01
1.0989e+01
1.0960e+01
1.0939e+01
1.0920e+01
1.0898e+01
1.0886e+01
1.0865e+01
1.0840e+01
1.0820e+01
1.0804e+01
1.0781e+01
1.0758e+01
1.0744e+01
1.0720e+01
1.0700e+01
1.0680e+01
1.0672e+01
1.0654e+01
1.0626e+01
1.0605e+01
1.0582e+01
1.0559e+01
1.0537e+01
1.0517e+01
1.0487e+01
1.0460e+01
1.0441e+01
1.0425e+01
1.0398e+01
1.0380e+01
1.0355e+01
1.0330e+01
1.0309e+01
1.0295e+01
1.0277e+01
1.0259e+01
1.0238e+01
1.0222e+01
1.0210e+01
1.0192e+01
1.0178e+01
1.0169e+01
1.0151e+01
1.0127e+01
1.0110e+01
1.0093e+01
1.0066e+01
1.0043e+01
1.0025e+01
1.0010e+01
9.9918e+00
9.9746e+00
9.9612e+00
9.9455e+00
9.9268e+00
9.9171e+00
9.8954e+00
9.8730e+00
9.8632e+00
9.8513e+00
9.8363e+00
9.8168e+00
9.8004e+00
9.7861e+00
9.7734e+00
9.7584e+00
9.7442e+00
9.7307e+00
9.7105e+00
9.6940e+00
9.6692e+00
9.6490e+00
9.6340e+00
9.6249e+00
9.6144e+00
9.5987e+00
9.5822e+00
9.5664e+00
9.5491e+00
9.5401e+00
9.5348e+00
9.5266e+00
9.5130e+00
9.4958e+00
9.4837e+00
9.4822e+00
9.4800e+00
9.4649e+00
9.4551e+00
9.4446e+00
9.4288e+00
9.4175e+00
9.3995e+00
9.3822e+00
9.3739e+00
9.3671e+00
9.3498e+00
9.3302e+00
9.3242e+00
9.3159e+00
9.3053e+00
9.2948e+00
9.2857e+00
9.2722e+00
9.2639e+00
9.2556e+00
9.2443e+00
9.2345e+00
9.2262e+00
9.2186e+00
9.2118e+00
9.2020e+00
9.1945e+00
9.1794e+00
9.1575e+00
9.1469e+00
9.1363e+00
9.1212e+00
9.1046e+00
9.0895e+00
9.0812e+00
9.0676e+00
9.0615e+00
9.0502e+00
9.0373e+00
9.0298e+00
9.0139e+00
9.0018e+00
8.9874e+00
8.9776e+00
8.9677e+00
8.9556e+00
8.9481e+00
8.9314e+00
8.9223e+00
8.9110e+00
8.8958e+00
8.8776e+00
8.8610e+00
8.8511e+00
8.8405e+00
8.8291e+00
8.8170e+00
8.7988e+00
8.7935e+00
8.7798e+00
8.7677e+00
8.7586e+00
8.7449e+00
8.7343e+00
8.7244e+00
8.7138e+00
8.7069e+00
8.6902e+00
8.6781e+00
8.6720e+00
8.6652e+00
8.6553e+00
8.6439e+00
8.6333e+00
8.6196e+00
8.6044e+00
8.5907e+00
8.5747e+00
8.5656e+00
8.5572e+00
8.5458e+00
8.5329e+00
8.5245e+00
8.5093e+00
8.4963e+00
8.4834e+00
8.4750e+00
8.4697e+00
8.4605e+00
8.4514e+00
8.4445e+00
8.4293e+00
8.4194e+00
8.4163e+00
8.4102e+00
8.3950e+00
8.3889e+00
8.3767e+00
8.3530e+00
8.3393e+00
8.3286e+00
8.3133e+00
8.2996e+00
8.2897e+00
8.2798e+00
8.2660e+00
8.2584e+00
8.2439e+00
8.2301e+00
8.2118e+00
8.2057e+00
8.1972e+00
8.1843e+00
8.1743e+00
8.1682e+00
8.1537e+00
8.1468e+00
8.1345e+00
8.1261e+00
8.1139e+00
8.1016e+00
8.0863e+00
8.0726e+00
8.0595e+00
8.0488e+00
8.0373e+00
8.0205e+00
8.0090e+00
8.0029e+00
7.9898e+00
7.9745e+00
7.9630e+00
7.9507e+00
7.9385e+00
7.9339e+00
7.9224e+00
7.9147e+00
7.9078e+00
7.8986e+00
7.8886e+00
7.8840e+00
7.8694e+00
7.8610e+00
7.8471e+00
7.8387e+00
7.8256e+00
7.8118e+00
7.8011e+00
7.7849e+00
7.7703e+00
7.7611e+00
7.7542e+00
7.7473e+00
7.7250e+00
7.7127e+00
7.7065e+00
7.6973e+00
7.6880e+00
7.6819e+00
7.6734e+00
7.6642e+00
7.6519e+00
7.6426e+00
7.6326e+00
7.6249e+00
7.6118e+00
7.6011e+00
7.5910e+00
7.5910e+00
7.5833e+00
7.5702e+00
7.5494e+00
7.5325e+00
7.5178e+00
7.5101e+00
7.4978e+00
7.4847e+00
7.4754e+00
7.4716e+00
7.4654e+00
7.4554e+00
7.4446e+00
7.4376e+00
7.4291e+00
7.4160e+00
7.3998e+00
7.3959e+00
7.3913e+00
7.3812e+00
7.3681e+00
7.3604e+00
7.3542e+00
7.3550e+00
7.3527e+00
7.3372e+00
7.3202e+00
7.3032e+00
7.2916e+00
7.2831e+00
7.2676e+00
7.2568e+00
7.2467e+00
7.2390e+00
7.2289e+00
7.2135e+00
7.1964e+00
7.1918e+00
7.1786e+00
7.1647e+00
7.1476e+00
7.1352e+00
7.1221e+00
7.1112e+00
7.0996e+00
7.0911e+00
7.0709e+00
7.0616e+00
7.0453e+00
7.0314e+00
7.0158e+00
6.9988e+00
6.9894e+00
6.9724e+00
6.9592e+00
6.9545e+00
6.9390e+00
6.9258e+00
6.9110e+00
6.8978e+00
6.8885e+00
6.8784e+00
6.8683e+00
6.8582e+00
6.8480e+00
6.8356e+00
6.8216e+00
6.8146e+00
6.8053e+00
6.8006e+00
6.7889e+00
6.7773e+00
6.7625e+00
6.7555e+00
6.7375e+00
6.7173e+00
6.7033e+00
6.6916e+00
6.6807e+00
6.6674e+00
6.6542e+00
6.6464e+00
6.6324e+00
6.6191e+00
6.6074e+00
6.5926e+00
6.5778e+00
6.5723e+00
6.5621e+00
6.5536e+00
6.5411e+00
6.5309e+00
6.5145e+00
6.5075e+00
6.4997e+00
6.4927e+00
6.4903e+00
6.4887e+00
6.4762e+00
6.4630e+00
6.4458e+00
6.4333e+00
6.4200e+00
6.4114e+00
6.3989e+00
6.3895e+00
6.3762e+00
6.3644e+00
6.3472e+00
6.3394e+00
6.3198e+00
6.3081e+00
6.2948e+00
6.2854e+00
6.2791e+00
6.2658e+00
6.2509e+00
6.2454e+00
6.2274e+00
6.2211e+00
6.2125e+00
6.2015e+00
6.1819e+00
6.1678e+00
6.1506e+00
6.1333e+00
6.1168e+00
6.1105e+00
6.0980e+00
6.0799e+00
6.0674e+00
6.0579e+00
6.0414e+00
6.0289e+00
6.0226e+00
6.0132e+00
5.9943e+00
5.9849e+00
5.9676e+00
5.9550e+00
5.9495e+00
5.9440e+00
5.9298e+00
5.9212e+00
5.9101e+00
5.8952e+00
5.8794e+00
5.8621e+00
5.8432e+00
5.8220e+00
5.8117e+00
5.8054e+00
5.7936e+00
5.7849e+00
5.7699e+00
5.7542e+00
5.7431e+00
5.7321e+00
5.7195e+00
5.7092e+00
5.7021e+00
5.6934e+00
5.6753e+00
5.6627e+00
5.6485e+00
5.6327e+00
5.6169e+00
5.6034e+00
5.5845e+00
5.5655e+00
5.5442e+00
5.5260e+00
5.5118e+00
5.4936e+00
5.4769e+00
5.4619e+00
5.4421e+00
5.4303e+00
5.4200e+00
5.4041e+00
5.3867e+00
5.3732e+00
5.3606e+00
5.3487e+00
5.3400e+00
5.3304e+00
5.3170e+00
5.3114e+00
5.2964e+00
5.2852e+00
5.2734e+00
5.2583e+00
5.2424e+00
5.2186e+00
5.1940e+00
5.1757e+00
5.1638e+00
5.1519e+00
5.1328e+00
5.1161e+00
5.1074e+00
5.0955e+00
5.0780e+00
5.0661e+00
5.0541e+00
5.0414e+00
5.0318e+00
5.0175e+00
5.0000e+00
4.9913e+00
4.9753e+00
4.9674e+00
4.9562e+00
4.9467e+00
4.9347e+00
4.9220e+00
4.9084e+00
4.8885e+00
4.8702e+00
4.8598e+00
4.8454e+00
4.8367e+00
4.8255e+00
4.8151e+00
4.8056e+00
4.7984e+00
4.7840e+00
4.7705e+00
4.7585e+00
4.7505e+00
4.7449e+00
4.7337e+00
4.7233e+00
4.7209e+00
4.7138e+00
4.7050e+00
4.6914e+00
4.6802e+00
4.6666e+00
4.6474e+00
4.6346e+00
4.6234e+00
4.6066e+00
4.5970e+00
4.5882e+00
4.5730e+00
4.5586e+00
4.5498e+00
4.5402e+00
4.5298e+00
4.5114e+00
4.4938e+00
4.4770e+00
4.4681e+00
4.4553e+00
4.4433e+00
4.4305e+00
4.4168e+00
4.4040e+00
4.3904e+00
4.3679e+00
4.3511e+00
4.3302e+00
4.3085e+00
4.2901e+00
4.2716e+00
4.2579e+00
4.2419e+00
4.2202e+00
4.2041e+00
4.1816e+00
4.1623e+00
4.1414e+00
4.1285e+00
4.1124e+00
4.0923e+00
4.0721e+00
4.0528e+00
4.0311e+00
4.0174e+00
3.9956e+00
3.9730e+00
3.9497e+00
3.9295e+00
3.9045e+00
3.8843e+00
3.8577e+00
3.8334e+00
3.8092e+00
3.7785e+00
3.7551e+00
3.7365e+00
3.7130e+00
3.6928e+00
3.6709e+00
3.6491e+00
3.6224e+00
3.6037e+00
3.5794e+00
3.5616e+00
3.5389e+00
3.5178e+00
3.4960e+00
3.4789e+00
3.4611e+00
3.4457e+00
3.4229e+00
3.4034e+00
3.3888e+00
3.3701e+00
3.3515e+00
3.3377e+00
3.3084e+00
3.2767e+00
3.2531e+00
3.2336e+00
3.2059e+00
3.1872e+00
3.1750e+00
3.1570e+00
3.1359e+00
3.1196e+00
3.0992e+00
3.0821e+00
3.0609e+00
3.0413e+00
3.0258e+00
3.0111e+00
2.9964e+00
2.9793e+00
2.9630e+00
2.9483e+00
2.9295e+00
2.9140e+00
2.8960e+00
2.8805e+00
2.8568e+00
2.8306e+00
2.8110e+00
2.7914e+00
2.7676e+00
2.7472e+00
2.7300e+00
2.7177e+00
2.7046e+00
2.6833e+00
2.6620e+00
2.6456e+00
2.6251e+00
2.6087e+00
2.5915e+00
2.5767e+00
2.5529e+00
2.5275e+00
2.5094e+00
2.4963e+00
2.4749e+00
2.4577e+00
2.4388e+00
2.4224e+00
2.3944e+00
2.3706e+00
2.3508e+00
2.3228e+00
2.2973e+00
2.2825e+00
2.2586e+00
2.2372e+00
2.2183e+00
2.1985e+00
2.1721e+00
2.1507e+00
2.1350e+00
2.1127e+00
2.0839e+00
2.0674e+00
2.0459e+00
2.0236e+00
2.0054e+00
1.9881e+00
1.9641e+00
1.9476e+00
1.9277e+00
1.9104e+00
1.8913e+00
1.8723e+00
1.8433e+00
1.8210e+00
1.7953e+00
1.7713e+00
1.7440e+00
1.7207e+00
1.7000e+00
1.6859e+00
1.6619e+00
1.6469e+00
1.6295e+00
1.6162e+00
1.5988e+00
1.5855e+00
1.5681e+00
1.5523e+00
1.5423e+00
1.5257e+00
1.5066e+00
1.4966e+00
1.4808e+00
1.4683e+00
1.4525e+00
1.4401e+00
1.4276e+00
1.4184e+00
1.3935e+00
1.3735e+00
1.3527e+00
1.3352e+00
1.3202e+00
1.3094e+00
1.3002e+00
1.2860e+00
1.2710e+00
1.2610e+00
1.2485e+00
1.2368e+00
1.2202e+00
1.2093e+00
1.1993e+00
1.1859e+00
1.1801e+00
1.1751e+00
1.1668e+00
1.1617e+00
1.1592e+00
1.1517e+00
1.1409e+00
1.1309e+00
1.1167e+00
1.0991e+00
1.0874e+00
1.0791e+00
1.0699e+00
1.0573e+00
1.0481e+00
1.0423e+00
1.0323e+00
1.0197e+00
1.0097e+00
1.0047e+00
9.9380e-01
9.8042e-01
9.6703e-01
9.6034e-01
9.5615e-01
9.5030e-01
9.3439e-01
9.2770e-01
9.1430e-01
9.0844e-01
8.9337e-01
8.7578e-01
8.6573e-01
8.4562e-01
8.3138e-01
8.2132e-01
8.0204e-01
7.9114e-01
7.8108e-01
7.7185e-01
7.5927e-01
7.4837e-01
7.4165e-01
7.3242e-01
7.2236e-01
7.0893e-01
7.0137e-01
6.8878e-01
6.8039e-01
6.7115e-01
6.6023e-01
6.5435e-01
6.4679e-01
6.3587e-01
6.1823e-01
6.0815e-01
5.9218e-01
5.7200e-01
5.5014e-01
5.3668e-01
5.2659e-01
5.1145e-01
4.9883e-01
4.8704e-01
4.7358e-01
4.6011e-01
4.4074e-01
4.2811e-01
4.1632e-01
4.0453e-01
3.8768e-01
3.7504e-01
3.6324e-01
3.5734e-01
3.5143e-01
3.3879e-01
3.2867e-01
3.1771e-01
3.0506e-01
2.9747e-01
2.7891e-01
2.6034e-01
2.4515e-01
2.3249e-01
2.1560e-01
1.9449e-01
1.8013e-01
1.7168e-01
1.5732e-01
1.4971e-01
1.3704e-01
1.1759e-01
1.0407e-01
9.7302e-02
8.4617e-02
6.9392e-02
6.3471e-02
5.7549e-02
4.5704e-02
3.7242e-02
2.9626e-02
3.1318e-02
2.6240e-02
1.7777e-02
1.3544e-02
4.2330e-03
5.0790e-03
0000
1.1851e-02
1.6930e-02
3.4703e-02
6.0087e-02
8.8845e-02
1.1590e-01
1.6408e-01
2.1391e-01
2.8312e-01
3.3879e-01
4.2053e-01
4.9125e-01
5.7537e-01
6.6107e-01
7.4753e-01
8.6238e-01
9.5866e-01
1.0908e+00
1.2135e+00
1.3627e+00
1.4816e+00
1.6428e+00
1.7821e+00
1.9682e+00
2.1301e+00
2.3475e+00
2.5398e+00
2.7815e+00
2.9842e+00
3.2360e+00
3.4603e+00
3.7397e+00
4.0004e+00
4.3077e+00
4.6082e+00
4.9491e+00
5.2726e+00
5.6224e+00
5.9613e+00
6.3237e+00
6.6643e+00
7.0407e+00
7.3789e+00
7.7419e+00
8.0863e+00
8.4430e+00
8.7874e+00
9.1258e+00
9.4619e+00
9.7809e+00
1.0151e+01
1.0477e+01
1.0845e+01
1.1213e+01
1.1588e+01
1.1916e+01
1.2313e+01
1.2661e+01
1.3034e+01
1.3332e+01
1.3665e+01
1.3953e+01
1.4234e+01
1.4492e+01
1.4741e+01
1.4958e+01
1.5188e+01
1.5381e+01
1.5576e+01
1.5743e+01
1.5930e+01
1.6105e+01
1.6263e+01
1.6397e+01
1.6520e+01
1.6623e+01
1.6700e+01
1.6772e+01
1.6834e+01
1.6931e+01
1.6999e+01
1.7140e+01
1.7196e+01
1.7222e+01
1.7234e+01
1.7222e+01
1.7194e+01
1.7171e+01
1.7112e+01
1.7070e+01
1.7010e+01
1.6971e+01
1.6911e+01
1.6845e+01
1.6777e+01
1.6731e+01
1.6656e+01
1.6585e+01
1.6516e+01
1.6452e+01
1.6369e+01
1.6304e+01
1.6231e+01
1.6170e+01
1.6090e+01
1.6016e+01
1.5932e+01
1.5869e+01
1.5789e+01
1.5716e+01
1.5638e+01
1.5560e+01
1.5487e+01
1.5415e+01
1.5351e+01
1.5284e+01
1.5218e+01
1.5167e+01
1.5103e+01
1.5040e+01
1.4981e+01
1.4927e+01
1.4867e+01
1.4806e+01
1.4752e+01
1.4700e+01
1.4637e+01
1.4575e+01
1.4518e+01
1.4465e+01
