2.2784e+01
2.2733e+01
2.2675e+01
2.2616e+01
2.2565e+01
2.2514e+01
2.2463e+01
2.2415e+01
2.2368e+01
2.2321e+01
2.2262e+01
2.2219e+01
2.2160e+01
2.2112e+01
2.2061e+01
2.2019e+01
2.1978e+01
2.1930e+01
2.1887e+01
2.1840e+01
2.1790e+01
2.1749e+01
2.1704e+01
2.1660e+01
2.1613e+01
2.1572e+01
2.1528e+01
2.1486e+01
2.1453e+01
2.1413e+01
2.1383e+01
2.1342e+01
2.1306e+01
2.1271e+01
2.1230e+01
2.1193e+01
2.1157e+01
2.1128e+01
2.1092e+01
2.1059e+01
2.1025e+01
2.0992e+01
2.0958e+01
2.0923e+01
2.0888e+01
2.0858e+01
2.0826e+01
2.0796e+01
2.0760e+01
2.0725e+01
2.0697e+01
2.0663e+01
2.0634e+01
2.0607e+01
2.0575e+01
2.0541e+01
2.0497e+01
2.0461e+01
2.0420e+01
2.0383e+01
2.0349e+01
2.0324e+01
2.0289e+01
2.0251e+01
2.0214e+01
2.0183e+01
2.0148e+01
2.0118e+01
2.0077e+01
2.0053e+01
2.0023e+01
1.9996e+01
1.9962e+01
1.9924e+01
1.9905e+01
1.9873e+01
1.9844e+01
1.9823e+01
1.9790e+01
1.9765e+01
1.9732e+01
1.9708e+01
1.9674e+01
1.9646e+01
1.9611e+01
1.9586e+01
1.9558e+01
1.9532e+01
1.9504e+01
1.9479e+01
1.9448e+01
1.9422e+01
1.9395e+01
1.9357e+01
1.9326e+01
1.9299e+01
1.9265e+01
1.9246e+01
1.9221e+01
1.9200e+01
1.9183e+01
1.9155e+01
1.9125e+01
1.9107e+01
1.9078e+01
1.9042e+01
1.9006e+01
1.8975e+01
1.8948e+01
1.8924e+01
1.8893e+01
1.8872e+01
1.8845e+01
1.8819e+01
1.8785e+01
1.8759e+01
1.8734e+01
1.8716e+01
1.8690e+01
1.8669e+01
1.8636e+01
1.8622e+01
1.8602e+01
1.8585e+01
1.8557e+01
1.8532e+01
1.8507e+01
1.8486e+01
1.8453e+01
1.8441e+01
1.8415e+01
1.8391e+01
1.8364e+01
1.8352e+01
1.8333e+01
1.8321e+01
1.8312e+01
1.8305e+01
1.8297e+01
1.8278e+01
1.8275e+01
1.8273e+01
1.8260e+01
1.8254e+01
1.8242e+01
1.8235e+01
1.8228e+01
1.8217e+01
1.8202e+01
1.8195e+01
1.8189e+01
1.8186e+01
1.8163e+01
1.8151e+01
1.8134e+01
1.8115e+01
1.8107e+01
1.8089e+01
1.8076e+01
1.8067e+01
1.8052e+01
1.8031e+01
1.8017e+01
1.7999e+01
1.7987e+01
1.7966e+01
1.7942e+01
1.7931e+01
1.7923e+01
1.7910e+01
1.7892e+01
1.7878e+01
1.7868e+01
1.7841e+01
1.7819e+01
1.7801e+01
1.7783e+01
1.7777e+01
1.7770e+01
1.7762e+01
1.7760e+01
1.7772e+01
1.7774e+01
1.7774e+01
1.7775e+01
1.7780e+01
1.7787e+01
1.7797e+01
1.7806e+01
1.7842e+01
1.7875e+01
1.7895e+01
1.7922e+01
1.7942e+01
1.7960e+01
1.7987e+01
1.8009e+01
1.8027e+01
1.8029e+01
1.8041e+01
1.8054e+01
1.8075e+01
1.8095e+01
1.8105e+01
1.8119e+01
1.8129e+01
1.8140e+01
1.8134e+01
1.8154e+01
1.8154e+01
1.8162e+01
1.8167e+01
1.8174e+01
1.8168e+01
1.8166e+01
1.8157e+01
1.8149e+01
1.8131e+01
1.8115e+01
1.8103e+01
1.8080e+01
1.8051e+01
1.8020e+01
1.7999e+01
1.7967e+01
1.7948e+01
1.7923e+01
1.7897e+01
1.7867e+01
1.7839e+01
1.7807e+01
1.7777e+01
1.7742e+01
1.7718e+01
1.7691e+01
1.7661e+01
1.7627e+01
1.7601e+01
1.7569e+01
1.7535e+01
1.7504e+01
1.7480e+01
1.7438e+01
1.7406e+01
1.7368e+01
1.7331e+01
1.7298e+01
1.7263e+01
1.7228e+01
1.7208e+01
1.7175e+01
1.7147e+01
1.7116e+01
1.7086e+01
1.7057e+01
1.7038e+01
1.7012e+01
1.6988e+01
1.6968e+01
1.6943e+01
1.6915e+01
1.6891e+01
1.6864e+01
1.6840e+01
1.6805e+01
1.6777e+01
1.6747e+01
1.6731e+01
1.6705e+01
1.6684e+01
1.6661e+01
1.6644e+01
1.6618e+01
1.6596e+01
1.6569e+01
1.6547e+01
1.6523e+01
1.6508e+01
1.6495e+01
1.6486e+01
1.6470e+01
1.6454e+01
1.6444e+01
1.6420e+01
1.6397e+01
1.6375e+01
1.6346e+01
1.6323e+01
1.6299e+01
1.6287e+01
1.6273e+01
1.6256e+01
1.6242e+01
1.6224e+01
1.6208e+01
1.6182e+01
1.6167e+01
1.6159e+01
1.6150e+01
1.6141e+01
1.6125e+01
1.6113e+01
1.6100e+01
1.6085e+01
1.6069e+01
1.6054e+01
1.6036e+01
1.6029e+01
1.6013e+01
1.6010e+01
1.6001e+01
1.6006e+01
1.5992e+01
1.6012e+01
1.6010e+01
1.6036e+01
1.6037e+01
1.6056e+01
1.6070e+01
1.6103e+01
1.6117e+01
1.6164e+01
1.6182e+01
1.6238e+01
1.6256e+01
1.6316e+01
1.6342e+01
1.6400e+01
1.6422e+01
1.6476e+01
1.6495e+01
1.6545e+01
1.6574e+01
1.6619e+01
1.6645e+01
1.6701e+01
1.6729e+01
1.6769e+01
1.6796e+01
1.6825e+01
1.6844e+01
1.6876e+01
1.6897e+01
1.6917e+01
1.6937e+01
1.6948e+01
1.6970e+01
1.6983e+01
1.6997e+01
1.6999e+01
1.6995e+01
1.6997e+01
1.6983e+01
1.6979e+01
1.6981e+01
1.6953e+01
1.6939e+01
1.6932e+01
1.6914e+01
1.6896e+01
1.6878e+01
1.6859e+01
1.6838e+01
1.6813e+01
1.6798e+01
1.6770e+01
1.6743e+01
1.6699e+01
1.6664e+01
1.6626e+01
1.6600e+01
1.6567e+01
1.6528e+01
1.6507e+01
1.6474e+01
1.6440e+01
1.6411e+01
1.6378e+01
1.6350e+01
1.6313e+01
1.6280e+01
1.6237e+01
1.6209e+01
1.6178e+01
1.6147e+01
1.6129e+01
1.6096e+01
1.6080e+01
1.6057e+01
1.6027e+01
1.5996e+01
1.5963e+01
1.5942e+01
1.5917e+01
1.5879e+01
1.5854e+01
1.5820e+01
1.5806e+01
1.5773e+01
1.5757e+01
1.5745e+01
1.5703e+01
1.5678e+01
1.5650e+01
1.5622e+01
1.5594e+01
1.5576e+01
1.5567e+01
1.5544e+01
1.5531e+01
1.5512e+01
1.5502e+01
1.5496e+01
1.5456e+01
1.5439e+01
1.5420e+01
1.5401e+01
1.5391e+01
1.5366e+01
1.5374e+01
1.5343e+01
1.5332e+01
1.5314e+01
1.5298e+01
1.5282e+01
1.5248e+01
1.5229e+01
1.5216e+01
1.5191e+01
1.5189e+01
1.5171e+01
1.5164e+01
1.5156e+01
1.5146e+01
1.5134e+01
1.5129e+01
1.5114e+01
1.5095e+01
1.5075e+01
1.5063e+01
1.5048e+01
1.5033e+01
1.5018e+01
1.5013e+01
1.4983e+01
1.4964e+01
1.4937e+01
1.4919e+01
1.4896e+01
1.4887e+01
1.4872e+01
1.4864e+01
1.4849e+01
1.4833e+01
1.4819e+01
1.4811e+01
1.4794e+01
1.4775e+01
1.4768e+01
1.4750e+01
1.4737e+01
1.4725e+01
1.4720e+01
1.4710e+01
1.4708e+01
1.4705e+01
1.4698e+01
1.4701e+01
1.4680e+01
1.4682e+01
1.4682e+01
1.4690e+01
1.4686e+01
1.4693e+01
1.4704e+01
1.4716e+01
1.4724e+01
1.4740e+01
1.4748e+01
1.4763e+01
1.4772e+01
1.4786e+01
1.4796e+01
1.4809e+01
1.4827e+01
1.4832e+01
1.4839e+01
1.4847e+01
1.4860e+01
1.4851e+01
1.4851e+01
1.4849e+01
1.4844e+01
1.4845e+01
1.4830e+01
1.4839e+01
1.4842e+01
1.4841e+01
1.4840e+01
1.4832e+01
1.4832e+01
1.4821e+01
1.4814e+01
1.4794e+01
1.4786e+01
1.4776e+01
1.4773e+01
1.4771e+01
1.4762e+01
1.4762e+01
1.4764e+01
1.4752e+01
1.4746e+01
1.4728e+01
1.4727e+01
1.4712e+01
1.4689e+01
1.4674e+01
1.4660e+01
1.4646e+01
1.4632e+01
1.4634e+01
1.4634e+01
1.4622e+01
1.4609e+01
1.4598e+01
1.4580e+01
1.4554e+01
1.4546e+01
1.4537e+01
1.4520e+01
1.4506e+01
1.4495e+01
1.4485e+01
1.4479e+01
1.4463e+01
1.4451e+01
1.4439e+01
1.4423e+01
1.4414e+01
1.4400e+01
1.4388e+01
1.4370e+01
1.4355e+01
1.4335e+01
1.4322e+01
1.4318e+01
1.4298e+01
1.4287e+01
1.4269e+01
1.4246e+01
1.4235e+01
1.4222e+01
1.4213e+01
1.4204e+01
1.4193e+01
1.4180e+01
1.4169e+01
1.4168e+01
1.4155e+01
1.4145e+01
1.4130e+01
1.4120e+01
1.4112e+01
1.4097e+01
1.4085e+01
1.4062e+01
1.4046e+01
1.4031e+01
1.4021e+01
1.4004e+01
1.3991e+01
1.3978e+01
1.3965e+01
1.3960e+01
1.3946e+01
1.3935e+01
1.3924e+01
1.3913e+01
1.3898e+01
1.3881e+01
1.3867e+01
1.3860e+01
1.3844e+01
1.3838e+01
1.3830e+01
1.3817e+01
1.3807e+01
1.3789e+01
1.3783e+01
1.3759e+01
1.3742e+01
1.3729e+01
1.3720e+01
1.3718e+01
1.3709e+01
1.3695e+01
1.3687e+01
1.3682e+01
1.3680e+01
1.3672e+01
1.3663e+01
1.3662e+01
1.3656e+01
1.3649e+01
1.3645e+01
1.3645e+01
1.3644e+01
1.3629e+01
1.3627e+01
1.3627e+01
1.3619e+01
1.3604e+01
1.3598e+01
1.3579e+01
1.3571e+01
1.3557e+01
1.3549e+01
1.3549e+01
1.3541e+01
1.3530e+01
1.3525e+01
1.3512e+01
1.3503e+01
1.3495e+01
1.3484e+01
1.3472e+01
1.3463e+01
1.3451e+01
1.3439e+01
1.3435e+01
1.3422e+01
1.3415e+01
1.3409e+01
1.3399e+01
1.3379e+01
1.3363e+01
1.3355e+01
1.3337e+01
1.3319e+01
1.3302e+01
1.3289e+01
1.3279e+01
1.3260e+01
1.3254e+01
1.3239e+01
1.3221e+01
1.3205e+01
1.3199e+01
1.3188e+01
1.3176e+01
1.3165e+01
1.3145e+01
1.3129e+01
1.3120e+01
1.3109e+01
1.3108e+01
1.3098e+01
1.3091e+01
1.3077e+01
1.3061e+01
1.3056e+01
1.3034e+01
1.3014e+01
1.3000e+01
1.2983e+01
1.2976e+01
1.2967e+01
1.2952e+01
1.2939e+01
1.2930e+01
1.2922e+01
1.2907e+01
1.2898e+01
1.2889e+01
1.2889e+01
1.2879e+01
1.2866e+01
1.2858e+01
1.2844e+01
1.2840e+01
1.2825e+01
1.2815e+01
1.2805e+01
1.2782e+01
1.2776e+01
1.2755e+01
1.2735e+01
1.2718e+01
1.2702e+01
1.2700e+01
1.2689e+01
1.2677e+01
1.2662e+01
1.2659e+01
1.2651e+01
1.2640e+01
1.2634e+01
1.2632e+01
1.2634e+01
1.2640e+01
1.2651e+01
1.2668e+01
1.2679e+01
1.2700e+01
1.2726e+01
1.2748e+01
1.2784e+01
1.2809e+01
1.2845e+01
1.2879e+01
1.2924e+01
1.2986e+01
1.3036e+01
1.3098e+01
1.3152e+01
1.3222e+01
1.3273e+01
1.3335e+01
1.3389e+01
1.3454e+01
1.3515e+01
1.3587e+01
1.3643e+01
1.3696e+01
1.3746e+01
1.3808e+01
1.3860e+01
1.3919e+01
1.3954e+01
1.4008e+01
1.4056e+01
1.4100e+01
1.4136e+01
1.4183e+01
1.4223e+01
1.4263e+01
1.4283e+01
1.4314e+01
1.4337e+01
1.4366e+01
1.4378e+01
1.4403e+01
1.4412e+01
1.4431e+01
1.4443e+01
1.4460e+01
1.4460e+01
1.4477e+01
1.4486e+01
1.4489e+01
1.4481e+01
1.4477e+01
1.4455e+01
1.4436e+01
1.4414e+01
1.4393e+01
1.4375e+01
1.4362e+01
1.4331e+01
1.4303e+01
1.4288e+01
1.4275e+01
1.4254e+01
1.4227e+01
1.4204e+01
1.4188e+01
1.4173e+01
1.4152e+01
1.4132e+01
1.4114e+01
1.4090e+01
1.4066e+01
1.4044e+01
1.4018e+01
1.4001e+01
1.3983e+01
1.3964e+01
1.3926e+01
1.3911e+01
1.3879e+01
1.3851e+01
1.3821e+01
1.3802e+01
1.3778e+01
1.3764e+01
1.3746e+01
1.3724e+01
1.3702e+01
1.3683e+01
1.3664e+01
1.3641e+01
1.3621e+01
1.3601e+01
1.3584e+01
1.3569e+01
1.3553e+01
1.3537e+01
1.3530e+01
1.3511e+01
1.3487e+01
1.3475e+01
1.3447e+01
1.3428e+01
1.3411e+01
1.3388e+01
1.3377e+01
1.3357e+01
1.3339e+01
1.3320e+01
1.3303e+01
1.3289e+01
1.3281e+01
1.3269e+01
1.3251e+01
1.3237e+01
1.3228e+01
1.3209e+01
1.3201e+01
1.3189e+01
1.3178e+01
1.3166e+01
1.3149e+01
1.3129e+01
1.3109e+01
1.3095e+01
1.3074e+01
1.3056e+01
1.3044e+01
1.3036e+01
1.3025e+01
1.3008e+01
1.2994e+01
1.2978e+01
1.2961e+01
1.2952e+01
1.2942e+01
1.2922e+01
1.2909e+01
1.2902e+01
1.2897e+01
1.2879e+01
1.2875e+01
1.2868e+01
1.2866e+01
1.2852e+01
1.2834e+01
1.2831e+01
1.2813e+01
1.2790e+01
1.2772e+01
1.2764e+01
1.2755e+01
1.2740e+01
1.2733e+01
1.2723e+01
1.2708e+01
1.2697e+01
1.2686e+01
1.2675e+01
1.2664e+01
1.2653e+01
1.2652e+01
1.2642e+01
1.2635e+01
1.2626e+01
1.2617e+01
1.2602e+01
1.2599e+01
1.2593e+01
1.2581e+01
1.2572e+01
1.2555e+01
1.2543e+01
1.2526e+01
1.2513e+01
1.2503e+01
1.2493e+01
1.2478e+01
1.2466e+01
1.2458e+01
1.2454e+01
1.2440e+01
1.2423e+01
1.2410e+01
1.2396e+01
1.2394e+01
1.2382e+01
1.2374e+01
1.2367e+01
1.2357e+01
1.2340e+01
1.2334e+01
1.2326e+01
1.2316e+01
1.2302e+01
1.2279e+01
1.2261e+01
1.2239e+01
1.2216e+01
1.2201e+01
1.2182e+01
1.2162e+01
1.2147e+01
1.2129e+01
1.2109e+01
1.2091e+01
1.2074e+01
1.2062e+01
1.2045e+01
1.2024e+01
1.1999e+01
1.1984e+01
1.1963e+01
1.1944e+01
1.1935e+01
1.1923e+01
1.1907e+01
1.1881e+01
1.1858e+01
1.1830e+01
1.1807e+01
1.1785e+01
1.1766e+01
1.1757e+01
1.1744e+01
1.1736e+01
1.1716e+01
1.1703e+01
1.1686e+01
1.1671e+01
1.1660e+01
1.1647e+01
1.1631e+01
1.1628e+01
1.1613e+01
1.1604e+01
1.1591e+01
1.1588e+01
1.1576e+01
1.1559e+01
1.1557e+01
1.1529e+01
1.1513e+01
1.1493e+01
1.1473e+01
1.1464e+01
1.1453e+01
1.1444e+01
1.1435e+01
1.1423e+01
1.1410e+01
1.1402e+01
1.1388e+01
1.1372e+01
1.1361e+01
1.1350e+01
1.1340e+01
1.1338e+01
1.1329e+01
1.1320e+01
1.1310e+01
1.1302e+01
1.1288e+01
1.1276e+01
1.1268e+01
1.1239e+01
1.1225e+01
1.1219e+01
1.1203e+01
1.1197e+01
1.1186e+01
1.1180e+01
1.1166e+01
1.1153e+01
1.1137e+01
1.1134e+01
1.1119e+01
1.1114e+01
1.1108e+01
1.1093e+01
1.1082e+01
1.1083e+01
1.1069e+01
1.1064e+01
1.1055e+01
1.1051e+01
1.1044e+01
1.1024e+01
1.1019e+01
1.1009e+01
1.0989e+01
1.0975e+01
1.0956e+01
1.0951e+01
1.0937e+01
1.0927e+01
1.0920e+01
1.0911e+01
1.0902e+01
1.0899e+01
1.0887e+01
1.0873e+01
1.0861e+01
1.0857e+01
1.0840e+01
1.0832e+01
1.0819e+01
1.0812e+01
1.0804e+01
1.0794e+01
1.0800e+01
1.0786e+01
1.0774e+01
1.0773e+01
1.0756e+01
1.0748e+01
1.0729e+01
1.0721e+01
1.0703e+01
1.0694e+01
1.0689e+01
1.0689e+01
1.0688e+01
1.0686e+01
1.0680e+01
1.0676e+01
1.0668e+01
1.0660e+01
1.0643e+01
1.0642e+01
1.0645e+01
1.0643e+01
1.0637e+01
1.0624e+01
1.0618e+01
1.0600e+01
1.0591e+01
1.0589e+01
1.0575e+01
1.0566e+01
1.0559e+01
1.0554e+01
1.0549e+01
1.0539e+01
1.0530e+01
1.0523e+01
1.0511e+01
1.0505e+01
1.0495e+01
1.0495e+01
1.0475e+01
1.0459e+01
1.0461e+01
1.0462e+01
1.0451e+01
1.0443e+01
1.0441e+01
1.0428e+01
1.0418e+01
1.0407e+01
1.0408e+01
1.0404e+01
1.0395e+01
1.0391e+01
1.0380e+01
1.0380e+01
1.0371e+01
1.0367e+01
1.0355e+01
1.0350e+01
1.0348e+01
1.0346e+01
1.0347e+01
1.0343e+01
1.0331e+01
1.0331e+01
1.0326e+01
1.0325e+01
1.0315e+01
1.0288e+01
1.0287e+01
1.0281e+01
1.0272e+01
1.0263e+01
1.0243e+01
1.0238e+01
1.0221e+01
1.0215e+01
1.0203e+01
1.0194e+01
1.0179e+01
1.0169e+01
1.0148e+01
1.0145e+01
1.0128e+01
1.0126e+01
1.0114e+01
1.0108e+01
1.0089e+01
1.0085e+01
1.0073e+01
1.0061e+01
1.0053e+01
1.0039e+01
1.0017e+01
1.0009e+01
9.9907e+00
9.9824e+00
9.9691e+00
9.9628e+00
9.9481e+00
9.9446e+00
9.9264e+00
9.9229e+00
9.9048e+00
9.9034e+00
9.8901e+00
9.8873e+00
9.8726e+00
9.8628e+00
9.8488e+00
9.8446e+00
9.8334e+00
9.8243e+00
9.8215e+00
9.7956e+00
9.7788e+00
9.7640e+00
9.7521e+00
9.7486e+00
9.7269e+00
9.7080e+00
9.7010e+00
9.6869e+00
9.6715e+00
9.6610e+00
9.6582e+00
9.6525e+00
9.6385e+00
9.6280e+00
9.6146e+00
9.6104e+00
9.6048e+00
9.5971e+00
9.5851e+00
9.5746e+00
9.5613e+00
9.5493e+00
9.5472e+00
9.5296e+00
9.5170e+00
9.5008e+00
9.4839e+00
9.4727e+00
9.4692e+00
9.4530e+00
9.4312e+00
9.4206e+00
9.4129e+00
9.4016e+00
9.3889e+00
9.3734e+00
9.3579e+00
9.3488e+00
9.3424e+00
9.3333e+00
9.3234e+00
9.3170e+00
9.3001e+00
9.2924e+00
9.2846e+00
9.2733e+00
9.2620e+00
9.2388e+00
9.2225e+00
9.2056e+00
9.1915e+00
9.1780e+00
9.1604e+00
9.1512e+00
9.1378e+00
9.1258e+00
9.1116e+00
9.0975e+00
9.0848e+00
9.0643e+00
9.0487e+00
9.0416e+00
9.0338e+00
9.0218e+00
9.0020e+00
8.9914e+00
8.9836e+00
8.9737e+00
8.9517e+00
8.9425e+00
8.9290e+00
8.9042e+00
8.8816e+00
8.8631e+00
8.8475e+00
8.8347e+00
8.8135e+00
8.7964e+00
8.7815e+00
8.7645e+00
8.7503e+00
8.7403e+00
8.7247e+00
8.7119e+00
8.6913e+00
8.6728e+00
8.6586e+00
8.6557e+00
8.6415e+00
8.6316e+00
8.6180e+00
8.6074e+00
8.5924e+00
8.5789e+00
8.5632e+00
8.5362e+00
8.5162e+00
8.4927e+00
8.4806e+00
8.4685e+00
8.4514e+00
8.4407e+00
8.4285e+00
8.4143e+00
8.3986e+00
8.3900e+00
8.3729e+00
8.3572e+00
8.3422e+00
8.3322e+00
8.3200e+00
8.3115e+00
8.2936e+00
8.2843e+00
8.2722e+00
8.2650e+00
8.2450e+00
8.2228e+00
8.2057e+00
8.1849e+00
8.1713e+00
8.1534e+00
8.1334e+00
8.1183e+00
8.1004e+00
8.0818e+00
8.0682e+00
8.0517e+00
8.0288e+00
8.0094e+00
7.9965e+00
7.9857e+00
7.9714e+00
7.9541e+00
7.9398e+00
7.9269e+00
7.9147e+00
7.9017e+00
7.8845e+00
7.8744e+00
7.8522e+00
7.8299e+00
7.8184e+00
7.7932e+00
7.7738e+00
7.7587e+00
7.7392e+00
7.7241e+00
7.7075e+00
7.6867e+00
7.6759e+00
7.6636e+00
7.6413e+00
7.6240e+00
7.6117e+00
7.5987e+00
7.5800e+00
7.5684e+00
7.5533e+00
7.5389e+00
7.5237e+00
7.5136e+00
7.4926e+00
7.4818e+00
7.4703e+00
7.4493e+00
7.4377e+00
7.4190e+00
7.3973e+00
7.3835e+00
7.3698e+00
7.3597e+00
7.3474e+00
7.3329e+00
7.3206e+00
7.3090e+00
7.2989e+00
7.2851e+00
7.2713e+00
7.2583e+00
7.2503e+00
7.2489e+00
7.2257e+00
7.2192e+00
7.2163e+00
7.2076e+00
7.1895e+00
7.1764e+00
7.1634e+00
7.1438e+00
7.1256e+00
7.1111e+00
7.1010e+00
7.0937e+00
7.0828e+00
7.0785e+00
7.0683e+00
7.0538e+00
7.0385e+00
7.0254e+00
7.0131e+00
7.0036e+00
6.9942e+00
6.9891e+00
6.9724e+00
6.9636e+00
6.9542e+00
6.9476e+00
6.9360e+00
6.9222e+00
6.9040e+00
6.8887e+00
6.8734e+00
6.8603e+00
6.8421e+00
6.8348e+00
6.8304e+00
6.8144e+00
6.8006e+00
6.7853e+00
6.7656e+00
6.7561e+00
6.7481e+00
6.7299e+00
6.7196e+00
6.7116e+00
6.6919e+00
6.6868e+00
6.6722e+00
6.6656e+00
6.6561e+00
6.6408e+00
6.6299e+00
6.6182e+00
6.6036e+00
6.5926e+00
6.5787e+00
6.5663e+00
6.5502e+00
6.5370e+00
6.5210e+00
6.5063e+00
6.4880e+00
6.4756e+00
6.4580e+00
6.4485e+00
6.4361e+00
6.4317e+00
6.4214e+00
6.4075e+00
6.3892e+00
6.3767e+00
6.3650e+00
6.3533e+00
6.3386e+00
6.3320e+00
6.3217e+00
6.3144e+00
6.3115e+00
6.2997e+00
6.2799e+00
6.2785e+00
6.2697e+00
6.2469e+00
6.2286e+00
6.2227e+00
6.2095e+00
6.1999e+00
6.1918e+00
6.1816e+00
6.1720e+00
6.1735e+00
6.1632e+00
6.1558e+00
6.1419e+00
6.1367e+00
6.1316e+00
6.1242e+00
6.1110e+00
6.1066e+00
6.0904e+00
6.0735e+00
6.0588e+00
6.0440e+00
6.0308e+00
6.0323e+00
6.0234e+00
6.0146e+00
6.0028e+00
5.9955e+00
5.9896e+00
5.9800e+00
5.9697e+00
5.9579e+00
5.9446e+00
5.9373e+00
5.9151e+00
5.9122e+00
5.9011e+00
5.8908e+00
5.8783e+00
5.8687e+00
5.8525e+00
5.8347e+00
5.8156e+00
5.8037e+00
5.7927e+00
5.7868e+00
5.7764e+00
5.7639e+00
5.7439e+00
5.7402e+00
5.7269e+00
5.7129e+00
5.7040e+00
5.6966e+00
5.6811e+00
5.6678e+00
5.6522e+00
5.6426e+00
5.6345e+00
5.6271e+00
5.6152e+00
5.6152e+00
5.6012e+00
5.5901e+00
5.5753e+00
5.5642e+00
5.5486e+00
5.5360e+00
5.5227e+00
5.5101e+00
5.4945e+00
5.4871e+00
5.4708e+00
5.4560e+00
5.4441e+00
5.4344e+00
5.4129e+00
5.4018e+00
5.3907e+00
5.3788e+00
5.3632e+00
5.3625e+00
5.3446e+00
5.3320e+00
5.3231e+00
5.3179e+00
5.3038e+00
5.2949e+00
5.2926e+00
5.2807e+00
5.2726e+00
5.2688e+00
5.2733e+00
5.2696e+00
5.2346e+00
5.2198e+00
5.2049e+00
5.1937e+00
5.1855e+00
5.1759e+00
5.1721e+00
5.1706e+00
5.1595e+00
5.1416e+00
5.1304e+00
5.1319e+00
5.1178e+00
5.1021e+00
5.0738e+00
5.0678e+00
5.0492e+00
5.0388e+00
5.0418e+00
5.0373e+00
5.0149e+00
4.9940e+00
4.9895e+00
4.9828e+00
4.9537e+00
4.9328e+00
4.9186e+00
4.9044e+00
4.8790e+00
4.8663e+00
4.8581e+00
4.8484e+00
4.8342e+00
4.8327e+00
4.8237e+00
4.8103e+00
4.7975e+00
4.7953e+00
4.7773e+00
4.7646e+00
4.7512e+00
4.7399e+00
4.7197e+00
4.7040e+00
4.6815e+00
4.6665e+00
4.6575e+00
4.6486e+00
4.6216e+00
4.6021e+00
4.5871e+00
4.5728e+00
4.5548e+00
4.5421e+00
4.5301e+00
4.5158e+00
4.4940e+00
4.4775e+00
4.4625e+00
4.4512e+00
4.4339e+00
4.4249e+00
4.4114e+00
4.3978e+00
4.3805e+00
4.3700e+00
4.3572e+00
4.3399e+00
4.3173e+00
4.3068e+00
4.2902e+00
4.2827e+00
4.2684e+00
4.2488e+00
4.2300e+00
4.2225e+00
4.2096e+00
4.1923e+00
4.1750e+00
4.1704e+00
4.1546e+00
4.1478e+00
4.1373e+00
4.1237e+00
4.1086e+00
4.1010e+00
4.0859e+00
4.0739e+00
4.0580e+00
4.0588e+00
4.0444e+00
4.0248e+00
4.0157e+00
4.0059e+00
3.9953e+00
3.9893e+00
3.9749e+00
3.9673e+00
3.9575e+00
3.9484e+00
3.9333e+00
3.9310e+00
3.9121e+00
3.9015e+00
3.8894e+00
3.8834e+00
3.8750e+00
3.8667e+00
3.8493e+00
3.8440e+00
3.8319e+00
3.8273e+00
3.8145e+00
3.8099e+00
3.7925e+00
3.7842e+00
3.7720e+00
3.7584e+00
3.7500e+00
3.7387e+00
3.7250e+00
3.7197e+00
3.7099e+00
3.7000e+00
3.6841e+00
3.6825e+00
3.6742e+00
3.6681e+00
3.6499e+00
3.6400e+00
3.6340e+00
3.6249e+00
3.6081e+00
3.6013e+00
3.5831e+00
3.5778e+00
3.5626e+00
3.5481e+00
3.5322e+00
3.5185e+00
3.5017e+00
3.4896e+00
3.4721e+00
3.4584e+00
3.4439e+00
3.4363e+00
3.4173e+00
3.4104e+00
3.3899e+00
3.3685e+00
3.3579e+00
3.3518e+00
3.3335e+00
3.3251e+00
3.3068e+00
3.2953e+00
3.2870e+00
3.2816e+00
3.2641e+00
3.2534e+00
3.2389e+00
3.2282e+00
3.2107e+00
3.1961e+00
3.1809e+00
3.1740e+00
3.1541e+00
3.1412e+00
3.1259e+00
3.1198e+00
3.1083e+00
3.0968e+00
3.0815e+00
3.0639e+00
3.0471e+00
3.0425e+00
3.0288e+00
3.0234e+00
3.0058e+00
3.0043e+00
2.9920e+00
2.9775e+00
2.9644e+00
2.9622e+00
2.9430e+00
2.9246e+00
2.9139e+00
2.8932e+00
2.8710e+00
2.8694e+00
2.8610e+00
2.8449e+00
2.8288e+00
2.8211e+00
2.8096e+00
2.7966e+00
2.7958e+00
2.7666e+00
2.7720e+00
2.7505e+00
2.7313e+00
2.7305e+00
2.7167e+00
2.7044e+00
2.6906e+00
2.6844e+00
2.6691e+00
2.6560e+00
2.6368e+00
2.6183e+00
2.6037e+00
2.6014e+00
2.5875e+00
2.5729e+00
2.5614e+00
2.5567e+00
2.5352e+00
2.5244e+00
2.5113e+00
2.4998e+00
2.4820e+00
2.4743e+00
2.4620e+00
2.4566e+00
2.4373e+00
2.4342e+00
2.4219e+00
2.4127e+00
2.3988e+00
2.3911e+00
2.3733e+00
2.3540e+00
2.3417e+00
2.3363e+00
2.3278e+00
2.3162e+00
2.3054e+00
2.3031e+00
2.2922e+00
2.2853e+00
2.2698e+00
2.2637e+00
2.2559e+00
2.2552e+00
2.2505e+00
2.2459e+00
2.2320e+00
2.2304e+00
2.2297e+00
2.2134e+00
2.2103e+00
2.2010e+00
2.2041e+00
2.1840e+00
2.1786e+00
2.1670e+00
2.1492e+00
2.1508e+00
2.1368e+00
2.1322e+00
2.1198e+00
2.1121e+00
2.0981e+00
2.0950e+00
2.0850e+00
2.0718e+00
2.0571e+00
2.0509e+00
2.0362e+00
2.0315e+00
2.0145e+00
2.0083e+00
1.9904e+00
1.9819e+00
1.9656e+00
1.9610e+00
1.9408e+00
1.9229e+00
1.9074e+00
1.9059e+00
1.9043e+00
1.8989e+00
1.8826e+00
1.8678e+00
1.8562e+00
1.8406e+00
1.8267e+00
1.8150e+00
1.8041e+00
1.7963e+00
1.7754e+00
1.7660e+00
1.7652e+00
1.7691e+00
1.7505e+00
1.7536e+00
1.7435e+00
1.7372e+00
1.7295e+00
1.7232e+00
1.7092e+00
1.6960e+00
1.6789e+00
1.6695e+00
1.6641e+00
1.6641e+00
1.6516e+00
1.6438e+00
1.6275e+00
1.6166e+00
1.6111e+00
1.6026e+00
1.5893e+00
1.5776e+00
1.5714e+00
1.5558e+00
1.5457e+00
1.5410e+00
1.5262e+00
1.5168e+00
1.4957e+00
1.4887e+00
1.4809e+00
1.4762e+00
1.4630e+00
1.4442e+00
1.4333e+00
1.4341e+00
1.4169e+00
1.4044e+00
1.3989e+00
1.3888e+00
1.3716e+00
1.3638e+00
1.3458e+00
1.3380e+00
1.3200e+00
1.3114e+00
1.2973e+00
1.2887e+00
1.2762e+00
1.2644e+00
1.2496e+00
1.2394e+00
1.2237e+00
1.2143e+00
1.1979e+00
1.1885e+00
1.1728e+00
1.1579e+00
1.1321e+00
1.1172e+00
1.1086e+00
1.1007e+00
1.0780e+00
1.0584e+00
1.0411e+00
1.0317e+00
1.0074e+00
9.9243e-01
9.7987e-01
9.6652e-01
9.4609e-01
9.3745e-01
9.2016e-01
9.0680e-01
8.9343e-01
8.8557e-01
8.6905e-01
8.6198e-01
8.5647e-01
8.5332e-01
8.4074e-01
8.3208e-01
8.2343e-01
8.1320e-01
7.9667e-01
7.8801e-01
7.6990e-01
7.5336e-01
7.3603e-01
7.2579e-01
7.1318e-01
7.0294e-01
6.9269e-01
6.8244e-01
6.6746e-01
6.5643e-01
6.4538e-01
6.3434e-01
6.1935e-01
6.1146e-01
5.9647e-01
5.8305e-01
5.6806e-01
5.5779e-01
5.4595e-01
5.2778e-01
5.1199e-01
5.0646e-01
4.9539e-01
4.8196e-01
4.5667e-01
4.4085e-01
4.2741e-01
4.1317e-01
3.9814e-01
3.8628e-01
3.7599e-01
3.6728e-01
3.4670e-01
3.3087e-01
3.1978e-01
3.0711e-01
2.9285e-01
2.8572e-01
2.6750e-01
2.5640e-01
2.3976e-01
2.2787e-01
2.1597e-01
2.0567e-01
1.8822e-01
1.8028e-01
1.6680e-01
1.5569e-01
1.3981e-01
1.2553e-01
1.0409e-01
9.0590e-02
7.5499e-02
5.9611e-02
5.1665e-02
4.4514e-02
2.8619e-02
1.9875e-02
0000
