3.5724e+00
3.5724e+00
3.5861e+00
3.5997e+00
3.6134e+00
3.6271e+00
3.6271e+00
3.6271e+00
3.6407e+00
3.6544e+00
3.6544e+00
3.6681e+00
3.6817e+00
3.6681e+00
3.6817e+00
3.6817e+00
3.6817e+00
3.6817e+00
3.6817e+00
3.6817e+00
3.6954e+00
3.6954e+00
3.6954e+00
3.6954e+00
3.6954e+00
3.6954e+00
3.6954e+00
3.7090e+00
3.7090e+00
3.6954e+00
3.7090e+00
3.7090e+00
3.7090e+00
3.7090e+00
3.7090e+00
3.7090e+00
3.7090e+00
3.6954e+00
3.6954e+00
3.6817e+00
3.6817e+00
3.6681e+00
3.6407e+00
3.6271e+00
3.6134e+00
3.5861e+00
3.5724e+00
3.5451e+00
3.5451e+00
3.5177e+00
3.4904e+00
3.4904e+00
3.4631e+00
3.4631e+00
3.4631e+00
3.4494e+00
3.4494e+00
3.4494e+00
3.4357e+00
3.4494e+00
3.4494e+00
3.4494e+00
3.4631e+00
3.4631e+00
3.4631e+00
3.4631e+00
3.4631e+00
3.4631e+00
3.4767e+00
3.4767e+00
3.4767e+00
3.4767e+00
3.4904e+00
3.4904e+00
3.4904e+00
3.4904e+00
3.4904e+00
3.5041e+00
3.5041e+00
3.5041e+00
3.4904e+00
3.4904e+00
3.4904e+00
3.4904e+00
3.4767e+00
3.4767e+00
3.4631e+00
3.4631e+00
3.4631e+00
3.4494e+00
3.4357e+00
3.4220e+00
3.4084e+00
3.3947e+00
3.3674e+00
3.3537e+00
3.3127e+00
3.2990e+00
3.2716e+00
3.2443e+00
3.2169e+00
3.1895e+00
3.1622e+00
3.1348e+00
3.1074e+00
3.0664e+00
3.0390e+00
3.0116e+00
2.9842e+00
2.9706e+00
2.9432e+00
2.9158e+00
2.8884e+00
2.8610e+00
2.8473e+00
2.8199e+00
2.8062e+00
2.7788e+00
2.7651e+00
2.7514e+00
2.7240e+00
2.7103e+00
2.6829e+00
2.6692e+00
2.6418e+00
2.6281e+00
2.6144e+00
2.6007e+00
2.5870e+00
2.5596e+00
2.5459e+00
2.5459e+00
2.5459e+00
2.5321e+00
2.5321e+00
2.5321e+00
2.5321e+00
2.5321e+00
2.5321e+00
2.5459e+00
2.5321e+00
2.5459e+00
2.5596e+00
2.5596e+00
2.5733e+00
2.5870e+00
2.5870e+00
2.6007e+00
2.6144e+00
2.6418e+00
2.6418e+00
2.6555e+00
2.6692e+00
2.6966e+00
2.7103e+00
2.7240e+00
2.7514e+00
2.7651e+00
2.7788e+00
2.7925e+00
2.8199e+00
2.8473e+00
2.8610e+00
2.8884e+00
2.9021e+00
2.9295e+00
2.9432e+00
2.9706e+00
2.9842e+00
2.9979e+00
3.0116e+00
3.0253e+00
3.0390e+00
3.0527e+00
3.0664e+00
3.0664e+00
3.0801e+00
3.0937e+00
3.0937e+00
3.1074e+00
3.1211e+00
3.1348e+00
3.1485e+00
3.1485e+00
3.1622e+00
3.1759e+00
3.1759e+00
3.1895e+00
3.1895e+00
3.2032e+00
3.2032e+00
3.2032e+00
3.2169e+00
3.2169e+00
3.2306e+00
3.2306e+00
3.2306e+00
3.2443e+00
3.2716e+00
3.2716e+00
3.2853e+00
3.2853e+00
3.2990e+00
3.2990e+00
3.3127e+00
3.3127e+00
3.3263e+00
3.3263e+00
3.3263e+00
3.3400e+00
3.3400e+00
3.3537e+00
3.3537e+00
3.3537e+00
3.3537e+00
3.3537e+00
3.3674e+00
3.3674e+00
3.3674e+00
3.3674e+00
3.3674e+00
3.3537e+00
3.3537e+00
3.3537e+00
3.3537e+00
3.3537e+00
3.3400e+00
3.3537e+00
3.3537e+00
3.3537e+00
3.3400e+00
3.3400e+00
3.3400e+00
3.3537e+00
3.3537e+00
3.3537e+00
3.3400e+00
3.3400e+00
3.3400e+00
3.3537e+00
3.3537e+00
3.3400e+00
3.3400e+00
3.3537e+00
3.3537e+00
3.3537e+00
3.3537e+00
3.3537e+00
3.3674e+00
3.3674e+00
3.3810e+00
3.3810e+00
3.3810e+00
3.3810e+00
3.3674e+00
3.3810e+00
3.3674e+00
3.3810e+00
3.3810e+00
3.3947e+00
3.4084e+00
3.4084e+00
3.4084e+00
3.4084e+00
3.4220e+00
3.4220e+00
3.4220e+00
3.4357e+00
3.4357e+00
3.4357e+00
3.4357e+00
3.4357e+00
3.4357e+00
3.4357e+00
3.4357e+00
3.4357e+00
3.4357e+00
3.4357e+00
3.4357e+00
3.4357e+00
3.4357e+00
3.4220e+00
3.4220e+00
3.4220e+00
3.4220e+00
3.4220e+00
3.3947e+00
3.3947e+00
3.3947e+00
3.3810e+00
3.3810e+00
3.3674e+00
3.3537e+00
3.3537e+00
3.3537e+00
3.3400e+00
3.3263e+00
3.3263e+00
3.3127e+00
3.2990e+00
3.2990e+00
3.2716e+00
3.2579e+00
3.2443e+00
3.2306e+00
3.2169e+00
3.2169e+00
3.2032e+00
3.1759e+00
3.1622e+00
3.1622e+00
3.1485e+00
3.1348e+00
3.1211e+00
3.1211e+00
3.1074e+00
3.0937e+00
3.0801e+00
3.0664e+00
3.0664e+00
3.0527e+00
3.0527e+00
3.0390e+00
3.0390e+00
3.0390e+00
3.0390e+00
3.0390e+00
3.0253e+00
3.0253e+00
3.0253e+00
3.0116e+00
3.0116e+00
3.0116e+00
2.9979e+00
2.9842e+00
2.9842e+00
2.9706e+00
2.9569e+00
2.9432e+00
2.9295e+00
2.9158e+00
2.9021e+00
2.8884e+00
2.8747e+00
2.8610e+00
2.8473e+00
2.8199e+00
2.8199e+00
2.7925e+00
2.7788e+00
2.7514e+00
2.7377e+00
2.7240e+00
2.7103e+00
2.6966e+00
2.6829e+00
2.6829e+00
2.6692e+00
2.6692e+00
2.6555e+00
2.6555e+00
2.6555e+00
2.6555e+00
2.6555e+00
2.6418e+00
2.6418e+00
2.6418e+00
2.6418e+00
2.6555e+00
2.6418e+00
2.6555e+00
2.6555e+00
2.6692e+00
2.6692e+00
2.6829e+00
2.6829e+00
2.6966e+00
2.6966e+00
2.7103e+00
2.7103e+00
2.7103e+00
2.7240e+00
2.7240e+00
2.7377e+00
2.7514e+00
2.7514e+00
2.7651e+00
2.7651e+00
2.7788e+00
2.7925e+00
2.7788e+00
2.7925e+00
2.8062e+00
2.8062e+00
2.8062e+00
2.8199e+00
2.8199e+00
2.8062e+00
2.8062e+00
2.8062e+00
2.8062e+00
2.7925e+00
2.7925e+00
2.7925e+00
2.7788e+00
2.7788e+00
2.7788e+00
2.7651e+00
2.7651e+00
2.7514e+00
2.7514e+00
2.7514e+00
2.7377e+00
2.7377e+00
2.7240e+00
2.7240e+00
2.7103e+00
2.7103e+00
2.7103e+00
2.6966e+00
2.6966e+00
2.6966e+00
2.6829e+00
2.6966e+00
2.6829e+00
2.6829e+00
2.6829e+00
2.6829e+00
2.6692e+00
2.6692e+00
2.6555e+00
2.6555e+00
2.6555e+00
2.6555e+00
2.6555e+00
2.6418e+00
2.6555e+00
2.6555e+00
2.6555e+00
2.6555e+00
2.6418e+00
2.6555e+00
2.6555e+00
2.6418e+00
2.6418e+00
2.6418e+00
2.6281e+00
2.6281e+00
2.6144e+00
2.6144e+00
2.6144e+00
2.6007e+00
2.6007e+00
2.5870e+00
2.6007e+00
2.5870e+00
2.5733e+00
2.5733e+00
2.5596e+00
2.5596e+00
2.5596e+00
2.5459e+00
2.5459e+00
2.5321e+00
2.5321e+00
2.5184e+00
2.5184e+00
2.5184e+00
2.5184e+00
2.5184e+00
2.5184e+00
2.5184e+00
2.5184e+00
2.5184e+00
2.4910e+00
2.5047e+00
2.5047e+00
2.5047e+00
2.5047e+00
2.5047e+00
2.5047e+00
2.5184e+00
2.5184e+00
2.5184e+00
2.5184e+00
2.5321e+00
2.5321e+00
2.5321e+00
2.5459e+00
2.5459e+00
2.5321e+00
2.5321e+00
2.5321e+00
2.5184e+00
2.5184e+00
2.5184e+00
2.5184e+00
2.5047e+00
2.5047e+00
2.4910e+00
2.5047e+00
2.5047e+00
2.5184e+00
2.5184e+00
2.5047e+00
2.5184e+00
2.5184e+00
2.5184e+00
2.5184e+00
2.5184e+00
2.5184e+00
2.5321e+00
2.5321e+00
2.5459e+00
2.5596e+00
2.5596e+00
2.5733e+00
2.5733e+00
2.5733e+00
2.5870e+00
2.6007e+00
2.6007e+00
2.6007e+00
2.6007e+00
2.6144e+00
2.6007e+00
2.6007e+00
2.6007e+00
2.6007e+00
2.6007e+00
2.6007e+00
2.6007e+00
2.6007e+00
2.6007e+00
2.6007e+00
2.6007e+00
2.5870e+00
2.5870e+00
2.5733e+00
2.5733e+00
2.5733e+00
2.5596e+00
2.5596e+00
2.5596e+00
2.5596e+00
2.5596e+00
2.5596e+00
2.5596e+00
2.5596e+00
2.5733e+00
2.5870e+00
2.6007e+00
2.6144e+00
2.6144e+00
2.6007e+00
2.6144e+00
2.6418e+00
2.6281e+00
2.6555e+00
2.6692e+00
2.6692e+00
2.6692e+00
2.6966e+00
2.6966e+00
2.7103e+00
2.7103e+00
2.7377e+00
2.7377e+00
2.7377e+00
2.7514e+00
2.7514e+00
2.7651e+00
2.7651e+00
2.7651e+00
2.7788e+00
2.7788e+00
2.7651e+00
2.7788e+00
2.7788e+00
2.7788e+00
2.7651e+00
2.7788e+00
2.7925e+00
2.7788e+00
2.7788e+00
2.7925e+00
2.7925e+00
2.7788e+00
2.7788e+00
2.7788e+00
2.7925e+00
2.7925e+00
2.8062e+00
2.8062e+00
2.8062e+00
2.8199e+00
2.8199e+00
2.8336e+00
2.8473e+00
2.8473e+00
2.8473e+00
2.8610e+00
2.8610e+00
2.8610e+00
2.8610e+00
2.8610e+00
2.8610e+00
2.8473e+00
2.8473e+00
2.8473e+00
2.8336e+00
2.8199e+00
2.8199e+00
2.8062e+00
2.7925e+00
2.7788e+00
2.7788e+00
2.7651e+00
2.7514e+00
2.7377e+00
2.7240e+00
2.7103e+00
2.6966e+00
2.6829e+00
2.6829e+00
2.6692e+00
2.6692e+00
2.6692e+00
2.6555e+00
2.6555e+00
2.6418e+00
2.6418e+00
2.6418e+00
2.6418e+00
2.6418e+00
2.6555e+00
2.6555e+00
2.6555e+00
2.6555e+00
2.6555e+00
2.6555e+00
2.6555e+00
2.6692e+00
2.6829e+00
2.6966e+00
2.6966e+00
2.7103e+00
2.7240e+00
2.7240e+00
2.7240e+00
2.7377e+00
2.7514e+00
2.7514e+00
2.7651e+00
2.7788e+00
2.7788e+00
2.7925e+00
2.7925e+00
2.8199e+00
2.8336e+00
2.8199e+00
2.8473e+00
2.8610e+00
2.8610e+00
2.8747e+00
2.8747e+00
2.8884e+00
2.9021e+00
2.9158e+00
2.9158e+00
2.9158e+00
2.9295e+00
2.9295e+00
2.9432e+00
2.9569e+00
2.9569e+00
2.9706e+00
2.9706e+00
2.9842e+00
2.9842e+00
2.9979e+00
3.0116e+00
3.0253e+00
3.0253e+00
3.0253e+00
3.0390e+00
3.0527e+00
3.0527e+00
3.0664e+00
3.0801e+00
3.0801e+00
3.0937e+00
3.1074e+00
3.1348e+00
3.1485e+00
3.1622e+00
3.1759e+00
3.1895e+00
3.2032e+00
3.2169e+00
3.2306e+00
3.2443e+00
3.2579e+00
3.2716e+00
3.2853e+00
3.2990e+00
3.3127e+00
3.3263e+00
3.3400e+00
3.3537e+00
3.3810e+00
3.3947e+00
3.4084e+00
3.4220e+00
3.4494e+00
3.4494e+00
3.4631e+00
3.4767e+00
3.5041e+00
3.5041e+00
3.5177e+00
3.5314e+00
3.5451e+00
3.5587e+00
3.5724e+00
3.5861e+00
3.5997e+00
3.5997e+00
3.6134e+00
3.6271e+00
3.6407e+00
3.6407e+00
3.6544e+00
3.6681e+00
3.6544e+00
3.6681e+00
3.6817e+00
3.6817e+00
3.6954e+00
3.6954e+00
3.7090e+00
3.7227e+00
3.7227e+00
3.7364e+00
3.7364e+00
3.7364e+00
3.7364e+00
3.7500e+00
3.7637e+00
3.7637e+00
3.7773e+00
3.7773e+00
3.7773e+00
3.7773e+00
3.7910e+00
3.8047e+00
3.8047e+00
3.8183e+00
3.8320e+00
3.8320e+00
3.8456e+00
3.8456e+00
3.8593e+00
3.8729e+00
3.8866e+00
3.8866e+00
3.8866e+00
3.9002e+00
3.9139e+00
3.9139e+00
3.9275e+00
3.9412e+00
3.9412e+00
3.9548e+00
3.9548e+00
3.9685e+00
3.9821e+00
3.9821e+00
3.9958e+00
3.9958e+00
3.9958e+00
3.9958e+00
3.9958e+00
3.9958e+00
4.0094e+00
4.0094e+00
3.9958e+00
3.9958e+00
3.9958e+00
4.0094e+00
3.9958e+00
3.9958e+00
3.9958e+00
3.9821e+00
3.9685e+00
3.9685e+00
3.9548e+00
3.9412e+00
3.9412e+00
3.9275e+00
3.9275e+00
3.9275e+00
3.9275e+00
3.9275e+00
3.9275e+00
3.9275e+00
3.9275e+00
3.9275e+00
3.9275e+00
3.9275e+00
3.9275e+00
3.9412e+00
3.9412e+00
3.9412e+00
3.9412e+00
3.9275e+00
3.9412e+00
3.9412e+00
3.9412e+00
3.9412e+00
3.9412e+00
3.9412e+00
3.9412e+00
3.9412e+00
3.9412e+00
3.9412e+00
3.9412e+00
3.9548e+00
3.9548e+00
3.9548e+00
3.9548e+00
3.9548e+00
3.9548e+00
3.9685e+00
3.9685e+00
3.9685e+00
3.9821e+00
3.9958e+00
4.0094e+00
4.0094e+00
4.0231e+00
4.0231e+00
4.0367e+00
4.0504e+00
4.0504e+00
4.0640e+00
4.0777e+00
4.0913e+00
4.1186e+00
4.1186e+00
4.1186e+00
4.1323e+00
4.1459e+00
4.1595e+00
4.1595e+00
4.1732e+00
4.1868e+00
4.1868e+00
4.1732e+00
4.1868e+00
4.1732e+00
4.1732e+00
4.1868e+00
4.1868e+00
4.1868e+00
4.2005e+00
4.2005e+00
4.2141e+00
4.2277e+00
4.2414e+00
4.2414e+00
4.2550e+00
4.2687e+00
4.2823e+00
4.2823e+00
4.2959e+00
4.3096e+00
4.3232e+00
4.3368e+00
4.3505e+00
4.3641e+00
4.3641e+00
4.3914e+00
4.4050e+00
4.4050e+00
4.4186e+00
4.4323e+00
4.4459e+00
4.4459e+00
4.4595e+00
4.4732e+00
4.4732e+00
4.4868e+00
4.4868e+00
4.5004e+00
4.5004e+00
4.5004e+00
4.5004e+00
4.5277e+00
4.5140e+00
4.5140e+00
4.5140e+00
4.5004e+00
4.4868e+00
4.4732e+00
4.4595e+00
4.4323e+00
4.4050e+00
4.3777e+00
4.3505e+00
4.3368e+00
4.2959e+00
4.2550e+00
4.2277e+00
4.2005e+00
4.1732e+00
4.1459e+00
4.1186e+00
4.0777e+00
4.0367e+00
4.0094e+00
3.9685e+00
3.9275e+00
3.8866e+00
3.8456e+00
3.8047e+00
3.7773e+00
3.7364e+00
3.6954e+00
3.6544e+00
3.6134e+00
3.5724e+00
3.5177e+00
3.4767e+00
3.4494e+00
3.3947e+00
3.3537e+00
3.3127e+00
3.2716e+00
3.2306e+00
3.2032e+00
3.1622e+00
3.1211e+00
3.0801e+00
3.0527e+00
3.0253e+00
2.9979e+00
2.9706e+00
2.9432e+00
2.9295e+00
2.9158e+00
2.8884e+00
2.8884e+00
2.8610e+00
2.8473e+00
2.8336e+00
2.8199e+00
2.8062e+00
2.7788e+00
2.7788e+00
2.7514e+00
2.7514e+00
2.7377e+00
2.7377e+00
2.7240e+00
2.7103e+00
2.6966e+00
2.6966e+00
2.6692e+00
2.6555e+00
2.6555e+00
2.6281e+00
2.6144e+00
2.6007e+00
2.5870e+00
2.5733e+00
2.5733e+00
2.5596e+00
2.5459e+00
2.5459e+00
2.5321e+00
2.5321e+00
2.5184e+00
2.5184e+00
2.5184e+00
2.5047e+00
2.5047e+00
2.5047e+00
2.4910e+00
2.4910e+00
2.4773e+00
2.4773e+00
2.4773e+00
2.4636e+00
2.4773e+00
2.4636e+00
2.4636e+00
2.4636e+00
2.4499e+00
2.4499e+00
2.4362e+00
2.4225e+00
2.4225e+00
2.4087e+00
2.4087e+00
2.3813e+00
2.3813e+00
2.3676e+00
2.3539e+00
2.3402e+00
2.3264e+00
2.3264e+00
2.3127e+00
2.2990e+00
2.2990e+00
2.2853e+00
2.2716e+00
2.2578e+00
2.2578e+00
2.2304e+00
2.2167e+00
2.2167e+00
2.2167e+00
2.1892e+00
2.1755e+00
2.1755e+00
2.1618e+00
2.1618e+00
2.1481e+00
2.1343e+00
2.1206e+00
2.1206e+00
2.1206e+00
2.1069e+00
2.1069e+00
2.1069e+00
2.0932e+00
2.0932e+00
2.0794e+00
2.0794e+00
2.0657e+00
2.0657e+00
2.0794e+00
2.0657e+00
2.0657e+00
2.0794e+00
2.0794e+00
2.0794e+00
2.0794e+00
2.0932e+00
2.0794e+00
2.0932e+00
2.1069e+00
2.1069e+00
2.0932e+00
2.1069e+00
2.1069e+00
2.1069e+00
2.1206e+00
2.1343e+00
2.1343e+00
2.1481e+00
2.1481e+00
2.1481e+00
2.1618e+00
2.1618e+00
2.1618e+00
2.1618e+00
2.1755e+00
2.1618e+00
2.1755e+00
2.1755e+00
2.1892e+00
2.1892e+00
2.1892e+00
2.1892e+00
2.2167e+00
2.2167e+00
2.2167e+00
2.2304e+00
2.2304e+00
2.2441e+00
2.2304e+00
2.2304e+00
2.2441e+00
2.2441e+00
2.2441e+00
2.2578e+00
2.2578e+00
2.2578e+00
2.2578e+00
2.2578e+00
2.2578e+00
2.2716e+00
2.2716e+00
2.2716e+00
2.2853e+00
2.2853e+00
2.2990e+00
2.2853e+00
2.2990e+00
2.2990e+00
2.2990e+00
2.2990e+00
2.2990e+00
2.3127e+00
2.3264e+00
2.3264e+00
2.3264e+00
2.3402e+00
2.3402e+00
2.3402e+00
2.3402e+00
2.3402e+00
2.3539e+00
2.3539e+00
2.3402e+00
2.3402e+00
2.3539e+00
2.3539e+00
2.3539e+00
2.3539e+00
2.3539e+00
2.3539e+00
2.3676e+00
2.3676e+00
2.3676e+00
2.3813e+00
2.3813e+00
2.3676e+00
2.3813e+00
2.3813e+00
2.3813e+00
2.3813e+00
2.3950e+00
2.3813e+00
2.3813e+00
2.3950e+00
2.3950e+00
2.4087e+00
2.4087e+00
2.4225e+00
2.4225e+00
2.4225e+00
2.4225e+00
2.4362e+00
2.4362e+00
2.4362e+00
2.4499e+00
2.4362e+00
2.4499e+00
2.4499e+00
2.4499e+00
2.4636e+00
2.4636e+00
2.4636e+00
2.4636e+00
2.4773e+00
2.4773e+00
2.4773e+00
2.4773e+00
2.4773e+00
2.4773e+00
2.4773e+00
2.4773e+00
2.4773e+00
2.4773e+00
2.4636e+00
2.4499e+00
2.4499e+00
2.4636e+00
2.4636e+00
2.4636e+00
2.4773e+00
2.4773e+00
2.4773e+00
2.4773e+00
2.4910e+00
2.4910e+00
2.5047e+00
2.5184e+00
2.5047e+00
2.5184e+00
2.5321e+00
2.5321e+00
2.5459e+00
2.5596e+00
2.5596e+00
2.5733e+00
2.5870e+00
2.6007e+00
2.6144e+00
2.6281e+00
2.6418e+00
2.6418e+00
2.6418e+00
2.6555e+00
2.6692e+00
2.6829e+00
2.6829e+00
2.6966e+00
2.6829e+00
2.6829e+00
2.6966e+00
2.6829e+00
2.6966e+00
2.6966e+00
2.6966e+00
2.6829e+00
2.6829e+00
2.6692e+00
2.6555e+00
2.6281e+00
2.6144e+00
2.6007e+00
2.5733e+00
2.5596e+00
2.5321e+00
2.5047e+00
2.4910e+00
2.4636e+00
2.4362e+00
2.4087e+00
2.3950e+00
2.3539e+00
2.3402e+00
2.3127e+00
2.2853e+00
2.2578e+00
2.2304e+00
2.2030e+00
2.1755e+00
2.1481e+00
2.1206e+00
2.0932e+00
2.0657e+00
2.0520e+00
2.0382e+00
2.0108e+00
1.9971e+00
1.9833e+00
1.9559e+00
1.9284e+00
1.9147e+00
1.9009e+00
1.8872e+00
1.8734e+00
1.8734e+00
1.8597e+00
1.8460e+00
1.8322e+00
1.8185e+00
1.8185e+00
1.8048e+00
1.8048e+00
1.7910e+00
1.7773e+00
1.7773e+00
1.7635e+00
1.7498e+00
1.7361e+00
1.7223e+00
1.7223e+00
1.7086e+00
1.6948e+00
1.6811e+00
1.6673e+00
1.6536e+00
1.6398e+00
1.6398e+00
1.6398e+00
1.6261e+00
1.6124e+00
1.6124e+00
1.5986e+00
1.5849e+00
1.5849e+00
1.5849e+00
1.5574e+00
1.5436e+00
1.5436e+00
1.5436e+00
1.5436e+00
1.5299e+00
1.5161e+00
1.5161e+00
1.5161e+00
1.5024e+00
1.5024e+00
1.5024e+00
1.4886e+00
1.4748e+00
1.4748e+00
1.4748e+00
1.4611e+00
1.4473e+00
1.4473e+00
1.4336e+00
1.4336e+00
1.4336e+00
1.4336e+00
1.4061e+00
1.4061e+00
1.4198e+00
1.4061e+00
1.3923e+00
1.3786e+00
1.3786e+00
1.3648e+00
1.3510e+00
1.3648e+00
1.3373e+00
1.3235e+00
1.3235e+00
1.3098e+00
1.3098e+00
1.3098e+00
1.2960e+00
1.2822e+00
1.2960e+00
1.2822e+00
1.2685e+00
1.2685e+00
1.2547e+00
1.2410e+00
1.2410e+00
1.2410e+00
1.2410e+00
1.2272e+00
1.2272e+00
1.2134e+00
1.2134e+00
1.2134e+00
1.2134e+00
1.2134e+00
1.1997e+00
1.1859e+00
1.1859e+00
1.1859e+00
1.1859e+00
1.1721e+00
1.1721e+00
1.1721e+00
1.1584e+00
1.1584e+00
1.1584e+00
1.1584e+00
1.1584e+00
1.1584e+00
1.1446e+00
1.1446e+00
1.1446e+00
1.1446e+00
1.1308e+00
1.1308e+00
1.1308e+00
1.1308e+00
1.1171e+00
1.1171e+00
1.1171e+00
1.1308e+00
1.1308e+00
1.1308e+00
1.1308e+00
1.1308e+00
1.1446e+00
1.1446e+00
1.1446e+00
1.1446e+00
1.1446e+00
1.1584e+00
1.1584e+00
1.1584e+00
1.1446e+00
1.1584e+00
1.1584e+00
1.1584e+00
1.1584e+00
1.1584e+00
1.1584e+00
1.1584e+00
1.1721e+00
1.1859e+00
1.1859e+00
1.1997e+00
1.1997e+00
1.1997e+00
1.2134e+00
1.2134e+00
1.2272e+00
1.2410e+00
1.2547e+00
1.2547e+00
1.2685e+00
1.2960e+00
1.2960e+00
1.3098e+00
1.3235e+00
1.3235e+00
1.3373e+00
1.3510e+00
1.3510e+00
1.3510e+00
1.3648e+00
1.3786e+00
1.3923e+00
1.3923e+00
1.4061e+00
1.4198e+00
1.4198e+00
1.4198e+00
1.4473e+00
1.4473e+00
1.4611e+00
1.4748e+00
1.4886e+00
1.5024e+00
1.4886e+00
1.4748e+00
1.4886e+00
1.4748e+00
1.4611e+00
1.4611e+00
1.4611e+00
1.4473e+00
1.4336e+00
1.4198e+00
1.4061e+00
1.3923e+00
1.3923e+00
1.3786e+00
1.3786e+00
1.3648e+00
1.3510e+00
1.3510e+00
1.3510e+00
1.3373e+00
1.3235e+00
1.3235e+00
1.3235e+00
1.3235e+00
1.3098e+00
1.3098e+00
1.3235e+00
1.3235e+00
1.3373e+00
1.3373e+00
1.3510e+00
1.3648e+00
1.3510e+00
1.3510e+00
1.3648e+00
1.3786e+00
1.3786e+00
1.3786e+00
1.3923e+00
1.3923e+00
1.3923e+00
1.3923e+00
1.3923e+00
1.3923e+00
1.4061e+00
1.4061e+00
1.4061e+00
1.4061e+00
1.4061e+00
1.4061e+00
1.4061e+00
1.4061e+00
1.4061e+00
1.4198e+00
1.4198e+00
1.4198e+00
1.4061e+00
1.4336e+00
1.4336e+00
1.4473e+00
1.4473e+00
1.4473e+00
1.4748e+00
1.4748e+00
1.4748e+00
1.4886e+00
1.5024e+00
1.5024e+00
1.5161e+00
1.5299e+00
1.5299e+00
1.5574e+00
1.5574e+00
1.5574e+00
1.5574e+00
1.5711e+00
1.5711e+00
1.5849e+00
1.5986e+00
1.5849e+00
1.5986e+00
1.5986e+00
1.5986e+00
1.5986e+00
1.6124e+00
1.6124e+00
1.6124e+00
1.6124e+00
1.6124e+00
1.6124e+00
1.5986e+00
1.6124e+00
1.6124e+00
1.5986e+00
1.6124e+00
1.6261e+00
1.6124e+00
1.6124e+00
1.6124e+00
1.6124e+00
1.6124e+00
1.5986e+00
1.5986e+00
1.5986e+00
1.5986e+00
1.5986e+00
1.5986e+00
1.6124e+00
1.5986e+00
1.5986e+00
1.5986e+00
1.5986e+00
1.5986e+00
1.5986e+00
1.5849e+00
1.5849e+00
1.5711e+00
1.5574e+00
1.5574e+00
1.5574e+00
1.5436e+00
1.5436e+00
1.5299e+00
1.5299e+00
1.5299e+00
1.5161e+00
1.5161e+00
1.5161e+00
1.5161e+00
1.5161e+00
1.5161e+00
1.5024e+00
1.5024e+00
1.5024e+00
1.5024e+00
1.5024e+00
1.4886e+00
1.4886e+00
1.4886e+00
1.4886e+00
1.4886e+00
1.4886e+00
1.4748e+00
1.4748e+00
1.4611e+00
1.4611e+00
1.4611e+00
1.4473e+00
1.4611e+00
1.4611e+00
1.4611e+00
1.4611e+00
1.4473e+00
1.4473e+00
1.4473e+00
1.4473e+00
1.4473e+00
1.4473e+00
1.4473e+00
1.4611e+00
1.4611e+00
1.4611e+00
1.4473e+00
1.4473e+00
1.4473e+00
1.4473e+00
1.4611e+00
1.4611e+00
1.4748e+00
1.4748e+00
1.4748e+00
1.4886e+00
1.4886e+00
1.5024e+00
1.5024e+00
1.5024e+00
1.5161e+00
1.5161e+00
1.5299e+00
1.5299e+00
1.5299e+00
1.5436e+00
1.5436e+00
1.5436e+00
1.5436e+00
1.5574e+00
1.5574e+00
1.5574e+00
1.5711e+00
1.5711e+00
1.5711e+00
1.5711e+00
1.5849e+00
1.5849e+00
1.5849e+00
1.5849e+00
1.5849e+00
1.5986e+00
1.5849e+00
1.5711e+00
1.5849e+00
1.5849e+00
1.5849e+00
1.5711e+00
1.5711e+00
1.5574e+00
1.5436e+00
1.5436e+00
1.5299e+00
1.5161e+00
1.4886e+00
1.4748e+00
1.4611e+00
1.4473e+00
1.4336e+00
1.4198e+00
1.4061e+00
1.4061e+00
1.3923e+00
1.3786e+00
1.3648e+00
1.3510e+00
1.3510e+00
1.3510e+00
1.3373e+00
1.3373e+00
1.3235e+00
1.3235e+00
1.3235e+00
1.3235e+00
1.3235e+00
1.3373e+00
1.3373e+00
1.3373e+00
1.3373e+00
1.3510e+00
1.3648e+00
1.3648e+00
1.3786e+00
1.3786e+00
1.3923e+00
1.3923e+00
1.4061e+00
1.4061e+00
1.4198e+00
1.4198e+00
1.4336e+00
1.4336e+00
1.4336e+00
1.4473e+00
1.4473e+00
1.4611e+00
1.4611e+00
1.4748e+00
1.4748e+00
1.4611e+00
1.4611e+00
1.4611e+00
1.4473e+00
1.4336e+00
1.4336e+00
1.4198e+00
1.4061e+00
1.4061e+00
1.3923e+00
1.3923e+00
1.3786e+00
1.3786e+00
1.3786e+00
1.3786e+00
1.3648e+00
1.3510e+00
1.3510e+00
1.3373e+00
1.3373e+00
1.3373e+00
1.3235e+00
1.3235e+00
1.3098e+00
1.3098e+00
1.2960e+00
1.2822e+00
1.2822e+00
1.2822e+00
1.2822e+00
1.2685e+00
1.2685e+00
1.2410e+00
1.2272e+00
1.2272e+00
1.2134e+00
1.1997e+00
1.1859e+00
1.1859e+00
1.1721e+00
1.1584e+00
1.1446e+00
1.1446e+00
1.1308e+00
1.1308e+00
1.1308e+00
1.1308e+00
1.1308e+00
1.1308e+00
1.1171e+00
1.1171e+00
1.1171e+00
1.1171e+00
1.1033e+00
1.1033e+00
1.1033e+00
1.1033e+00
1.1033e+00
1.0895e+00
1.0895e+00
1.0895e+00
1.0895e+00
1.0758e+00
1.0758e+00
1.0620e+00
1.0620e+00
1.0482e+00
1.0345e+00
1.0345e+00
1.0207e+00
1.0069e+00
9.9314e-01
9.7937e-01
9.7937e-01
9.6559e-01
9.5182e-01
9.6559e-01
9.5182e-01
9.3804e-01
9.5182e-01
9.3804e-01
9.2427e-01
9.1049e-01
8.9672e-01
8.9672e-01
8.6916e-01
8.5538e-01
8.4160e-01
8.2782e-01
8.1404e-01
7.8648e-01
7.7270e-01
7.7270e-01
7.4513e-01
7.3135e-01
7.1757e-01
7.0378e-01
6.9000e-01
6.7621e-01
6.4864e-01
6.4864e-01
6.2106e-01
6.0727e-01
5.9348e-01
5.7969e-01
5.6590e-01
5.5211e-01
5.5211e-01
5.2453e-01
5.2453e-01
5.2453e-01
5.1074e-01
5.1074e-01
4.9694e-01
4.8315e-01
4.8315e-01
4.6935e-01
4.6935e-01
4.6935e-01
4.5556e-01
4.5556e-01
4.5556e-01
4.4176e-01
4.4176e-01
4.2797e-01
4.2797e-01
4.2797e-01
4.2797e-01
4.2797e-01
4.2797e-01
4.2797e-01
4.2797e-01
4.1417e-01
4.1417e-01
4.1417e-01
4.1417e-01
4.1417e-01
4.1417e-01
4.1417e-01
4.0037e-01
4.1417e-01
4.0037e-01
4.0037e-01
4.0037e-01
4.0037e-01
4.0037e-01
3.8657e-01
3.8657e-01
3.8657e-01
3.7278e-01
3.7278e-01
3.7278e-01
3.7278e-01
3.5898e-01
3.5898e-01
3.5898e-01
3.5898e-01
3.5898e-01
3.4518e-01
3.4518e-01
3.4518e-01
3.4518e-01
3.3138e-01
3.4518e-01
3.4518e-01
3.3138e-01
3.3138e-01
3.3138e-01
3.3138e-01
3.4518e-01
3.4518e-01
3.3138e-01
3.4518e-01
3.5898e-01
3.5898e-01
3.5898e-01
3.4518e-01
3.5898e-01
3.5898e-01
3.5898e-01
3.5898e-01
3.5898e-01
3.4518e-01
3.4518e-01
3.3138e-01
3.3138e-01
3.3138e-01
3.3138e-01
3.1758e-01
3.1758e-01
3.1758e-01
3.1758e-01
3.1758e-01
3.1758e-01
3.0377e-01
3.0377e-01
2.8997e-01
2.7617e-01
2.7617e-01
2.7617e-01
2.7617e-01
2.7617e-01
2.6237e-01
2.6237e-01
2.7617e-01
2.7617e-01
2.8997e-01
2.8997e-01
2.7617e-01
2.8997e-01
2.8997e-01
2.8997e-01
2.8997e-01
2.8997e-01
3.0377e-01
3.1758e-01
3.1758e-01
3.3138e-01
3.3138e-01
3.3138e-01
3.4518e-01
3.4518e-01
3.4518e-01
3.4518e-01
3.4518e-01
3.4518e-01
3.4518e-01
3.3138e-01
3.3138e-01
3.1758e-01
3.0377e-01
2.8997e-01
2.7617e-01
2.6237e-01
2.4856e-01
2.3476e-01
2.0715e-01
2.0715e-01
1.7954e-01
1.6573e-01
1.5192e-01
1.3811e-01
1.1050e-01
9.6686e-02
6.9064e-02
4.1440e-02
1.3814e-02
0000
