3.2610e+00
3.2610e+00
3.2610e+00
3.2610e+00
3.2610e+00
3.2610e+00
3.2770e+00
3.2770e+00
3.2770e+00
3.2770e+00
3.2930e+00
3.2770e+00
3.2930e+00
3.3090e+00
3.3090e+00
3.3090e+00
3.3250e+00
3.3250e+00
3.3250e+00
3.3250e+00
3.3250e+00
3.3410e+00
3.3410e+00
3.3410e+00
3.3410e+00
3.3410e+00
3.3410e+00
3.3410e+00
3.3570e+00
3.3570e+00
3.3570e+00
3.3410e+00
3.3410e+00
3.3410e+00
3.3410e+00
3.3250e+00
3.3250e+00
3.3090e+00
3.2930e+00
3.2770e+00
3.2770e+00
3.2610e+00
3.2610e+00
3.2291e+00
3.2131e+00
3.2131e+00
3.1971e+00
3.1811e+00
3.1651e+00
3.1651e+00
3.1491e+00
3.1331e+00
3.1171e+00
3.1011e+00
3.0851e+00
3.0691e+00
3.0531e+00
3.0371e+00
3.0211e+00
3.0211e+00
3.0051e+00
2.9891e+00
2.9731e+00
2.9731e+00
2.9571e+00
2.9411e+00
2.9411e+00
2.9251e+00
2.9091e+00
2.9091e+00
2.8931e+00
2.8931e+00
2.8770e+00
2.8770e+00
2.8931e+00
2.8770e+00
2.8770e+00
2.8610e+00
2.8610e+00
2.8610e+00
2.8450e+00
2.8450e+00
2.8450e+00
2.8290e+00
2.8290e+00
2.8130e+00
2.7970e+00
2.7970e+00
2.7810e+00
2.7650e+00
2.7650e+00
2.7490e+00
2.7490e+00
2.7329e+00
2.7329e+00
2.7169e+00
2.7169e+00
2.7009e+00
2.7009e+00
2.7009e+00
2.6849e+00
2.6689e+00
2.6529e+00
2.6529e+00
2.6368e+00
2.6368e+00
2.6208e+00
2.6208e+00
2.6048e+00
2.6048e+00
2.5888e+00
2.5728e+00
2.5728e+00
2.5728e+00
2.5567e+00
2.5407e+00
2.5247e+00
2.5247e+00
2.5087e+00
2.4926e+00
2.4926e+00
2.4766e+00
2.4766e+00
2.4606e+00
2.4446e+00
2.4285e+00
2.4285e+00
2.4125e+00
2.3965e+00
2.3965e+00
2.3804e+00
2.3644e+00
2.3644e+00
2.3484e+00
2.3163e+00
2.3003e+00
2.3003e+00
2.2842e+00
2.2682e+00
2.2522e+00
2.2361e+00
2.2361e+00
2.2201e+00
2.2041e+00
2.2041e+00
2.1880e+00
2.1880e+00
2.1720e+00
2.1559e+00
2.1399e+00
2.1399e+00
2.1239e+00
2.1239e+00
2.1239e+00
2.1078e+00
2.1078e+00
2.0918e+00
2.0918e+00
2.0918e+00
2.0757e+00
2.0918e+00
2.0918e+00
2.0757e+00
2.0597e+00
2.0597e+00
2.0597e+00
2.0436e+00
2.0276e+00
2.0276e+00
2.0276e+00
2.0115e+00
1.9955e+00
1.9955e+00
1.9955e+00
1.9794e+00
1.9634e+00
1.9473e+00
1.9313e+00
1.9313e+00
1.8992e+00
1.8992e+00
1.8831e+00
1.8671e+00
1.8510e+00
1.8350e+00
1.8189e+00
1.8189e+00
1.8029e+00
1.7868e+00
1.7707e+00
1.7707e+00
1.7547e+00
1.7547e+00
1.7386e+00
1.7386e+00
1.7226e+00
1.7226e+00
1.7226e+00
1.7065e+00
1.7065e+00
1.7065e+00
1.7065e+00
1.7065e+00
1.7065e+00
1.7065e+00
1.7065e+00
1.7065e+00
1.7065e+00
1.7065e+00
1.7065e+00
1.7065e+00
1.7065e+00
1.7226e+00
1.7065e+00
1.7065e+00
1.7065e+00
1.7065e+00
1.7065e+00
1.7065e+00
1.6904e+00
1.7065e+00
1.7065e+00
1.7065e+00
1.7065e+00
1.7065e+00
1.7065e+00
1.7065e+00
1.7065e+00
1.6904e+00
1.6904e+00
1.6904e+00
1.6744e+00
1.6744e+00
1.6744e+00
1.6744e+00
1.6583e+00
1.6744e+00
1.6744e+00
1.6744e+00
1.6744e+00
1.6744e+00
1.6744e+00
1.6744e+00
1.6744e+00
1.6744e+00
1.6744e+00
1.6744e+00
1.6583e+00
1.6744e+00
1.6583e+00
1.6744e+00
1.6744e+00
1.6744e+00
1.6583e+00
1.6744e+00
1.6744e+00
1.6744e+00
1.6904e+00
1.6904e+00
1.6904e+00
1.6904e+00
1.6904e+00
1.6744e+00
1.6744e+00
1.6744e+00
1.6744e+00
1.6744e+00
1.6583e+00
1.6744e+00
1.6744e+00
1.6744e+00
1.6583e+00
1.6583e+00
1.6583e+00
1.6583e+00
1.6583e+00
1.6583e+00
1.6423e+00
1.6423e+00
1.6423e+00
1.6423e+00
1.6262e+00
1.6262e+00
1.6262e+00
1.6262e+00
1.6262e+00
1.6262e+00
1.6262e+00
1.6262e+00
1.6262e+00
1.6262e+00
1.6423e+00
1.6423e+00
1.6423e+00
1.6423e+00
1.6423e+00
1.6423e+00
1.6423e+00
1.6583e+00
1.6583e+00
1.6583e+00
1.6744e+00
1.6744e+00
1.6744e+00
1.6744e+00
1.6904e+00
1.7065e+00
1.7065e+00
1.7065e+00
1.7226e+00
1.7226e+00
1.7226e+00
1.7226e+00
1.7386e+00
1.7386e+00
1.7386e+00
1.7547e+00
1.7547e+00
1.7547e+00
1.7707e+00
1.7707e+00
1.7707e+00
1.7707e+00
1.7868e+00
1.7868e+00
1.7868e+00
1.7868e+00
1.7868e+00
1.8029e+00
1.8029e+00
1.8029e+00
1.8029e+00
1.8029e+00
1.8029e+00
1.8029e+00
1.8189e+00
1.8189e+00
1.8029e+00
1.7868e+00
1.7868e+00
1.7707e+00
1.7547e+00
1.7386e+00
1.7386e+00
1.7226e+00
1.7226e+00
1.7065e+00
1.7065e+00
1.6904e+00
1.6904e+00
1.6904e+00
1.6744e+00
1.6744e+00
1.6583e+00
1.6583e+00
1.6423e+00
1.6423e+00
1.6262e+00
1.6101e+00
1.5941e+00
1.5941e+00
1.5941e+00
1.5780e+00
1.5780e+00
1.5780e+00
1.5619e+00
1.5619e+00
1.5619e+00
1.5619e+00
1.5459e+00
1.5459e+00
1.5459e+00
1.5298e+00
1.5137e+00
1.5137e+00
1.5137e+00
1.4977e+00
1.4977e+00
1.4977e+00
1.4977e+00
1.4816e+00
1.4816e+00
1.4816e+00
1.4655e+00
1.4816e+00
1.4655e+00
1.4655e+00
1.4655e+00
1.4494e+00
1.4494e+00
1.4494e+00
1.4494e+00
1.4494e+00
1.4494e+00
1.4494e+00
1.4494e+00
1.4494e+00
1.4494e+00
1.4494e+00
1.4494e+00
1.4334e+00
1.4334e+00
1.4334e+00
1.4173e+00
1.4173e+00
1.4173e+00
1.4012e+00
1.4012e+00
1.4012e+00
1.4012e+00
1.3851e+00
1.3851e+00
1.3851e+00
1.3851e+00
1.3691e+00
1.3691e+00
1.3851e+00
1.3691e+00
1.3691e+00
1.3691e+00
1.3691e+00
1.3530e+00
1.3530e+00
1.3530e+00
1.3530e+00
1.3530e+00
1.3369e+00
1.3369e+00
1.3530e+00
1.3530e+00
1.3530e+00
1.3530e+00
1.3530e+00
1.3530e+00
1.3530e+00
1.3369e+00
1.3369e+00
1.3369e+00
1.3369e+00
1.3369e+00
1.3208e+00
1.3208e+00
1.3208e+00
1.3048e+00
1.3208e+00
1.3208e+00
1.3208e+00
1.3208e+00
1.3208e+00
1.3208e+00
1.3048e+00
1.3048e+00
1.3208e+00
1.3048e+00
1.3048e+00
1.3048e+00
1.3048e+00
1.3048e+00
1.3048e+00
1.3048e+00
1.3048e+00
1.3048e+00
1.3048e+00
1.2887e+00
1.2887e+00
1.2887e+00
1.2887e+00
1.2726e+00
1.2726e+00
1.2565e+00
1.2404e+00
1.2404e+00
1.2404e+00
1.2244e+00
1.2244e+00
1.2244e+00
1.2244e+00
1.2244e+00
1.2083e+00
1.2083e+00
1.2083e+00
1.2083e+00
1.2083e+00
1.2083e+00
1.2083e+00
1.2083e+00
1.2083e+00
1.1922e+00
1.1922e+00
1.1922e+00
1.1922e+00
1.1922e+00
1.1922e+00
1.1922e+00
1.1922e+00
1.1922e+00
1.1761e+00
1.1922e+00
1.1922e+00
1.1922e+00
1.1761e+00
1.1761e+00
1.1761e+00
1.1761e+00
1.1600e+00
1.1600e+00
1.1600e+00
1.1600e+00
1.1600e+00
1.1600e+00
1.1439e+00
1.1600e+00
1.1600e+00
1.1439e+00
1.1439e+00
1.1600e+00
1.1439e+00
1.1439e+00
1.1439e+00
1.1439e+00
1.1439e+00
1.1279e+00
1.1439e+00
1.1279e+00
1.1279e+00
1.1439e+00
1.1439e+00
1.1439e+00
1.1439e+00
1.1439e+00
1.1439e+00
1.1439e+00
1.1439e+00
1.1439e+00
1.1279e+00
1.1279e+00
1.1279e+00
1.1279e+00
1.1118e+00
1.1118e+00
1.1118e+00
1.0957e+00
1.0957e+00
1.0796e+00
1.0796e+00
1.0635e+00
1.0635e+00
1.0635e+00
1.0474e+00
1.0313e+00
1.0313e+00
1.0313e+00
1.0152e+00
1.0152e+00
9.9913e-01
9.9913e-01
9.8304e-01
9.8304e-01
9.6694e-01
9.5085e-01
9.3476e-01
9.1866e-01
9.1866e-01
9.0256e-01
8.8647e-01
8.7037e-01
8.3817e-01
8.2207e-01
8.0597e-01
7.8987e-01
7.7376e-01
7.5766e-01
7.5766e-01
7.2545e-01
7.0935e-01
7.0935e-01
7.0935e-01
6.9324e-01
6.7713e-01
6.7713e-01
6.6103e-01
6.4492e-01
6.4492e-01
6.4492e-01
6.2881e-01
6.2881e-01
6.2881e-01
6.1270e-01
6.1270e-01
6.2881e-01
6.1270e-01
6.2881e-01
6.2881e-01
6.1270e-01
6.2881e-01
6.1270e-01
6.1270e-01
6.2881e-01
6.1270e-01
6.1270e-01
6.1270e-01
6.1270e-01
6.2881e-01
6.2881e-01
6.4492e-01
6.4492e-01
6.4492e-01
6.6103e-01
6.6103e-01
6.6103e-01
6.6103e-01
6.7713e-01
6.7713e-01
6.7713e-01
6.6103e-01
6.7713e-01
6.7713e-01
6.7713e-01
6.7713e-01
6.7713e-01
6.7713e-01
6.9324e-01
6.9324e-01
6.9324e-01
7.0935e-01
7.0935e-01
7.0935e-01
7.2545e-01
7.0935e-01
7.0935e-01
7.2545e-01
7.2545e-01
7.2545e-01
7.2545e-01
7.4156e-01
7.4156e-01
7.4156e-01
7.4156e-01
7.5766e-01
7.5766e-01
7.7376e-01
7.7376e-01
7.7376e-01
7.8987e-01
7.8987e-01
7.8987e-01
7.8987e-01
8.0597e-01
8.0597e-01
8.2207e-01
8.2207e-01
8.3817e-01
8.3817e-01
8.5427e-01
8.5427e-01
8.7037e-01
8.7037e-01
8.8647e-01
9.0256e-01
9.0256e-01
9.1866e-01
9.1866e-01
9.1866e-01
9.3476e-01
9.3476e-01
9.5085e-01
9.5085e-01
9.6694e-01
9.8304e-01
9.8304e-01
9.9913e-01
9.9913e-01
1.0152e+00
1.0152e+00
1.0313e+00
1.0474e+00
1.0635e+00
1.0635e+00
1.0635e+00
1.0635e+00
1.0635e+00
1.0635e+00
1.0635e+00
1.0635e+00
1.0796e+00
1.0796e+00
1.0796e+00
1.0796e+00
1.0957e+00
1.0957e+00
1.0957e+00
1.0957e+00
1.0957e+00
1.0957e+00
1.0957e+00
1.0957e+00
1.0957e+00
1.0957e+00
1.0957e+00
1.0957e+00
1.0957e+00
1.0957e+00
1.0957e+00
1.1118e+00
1.1118e+00
1.1279e+00
1.1279e+00
1.1279e+00
1.1279e+00
1.1279e+00
1.1279e+00
1.1279e+00
1.1279e+00
1.1279e+00
1.1439e+00
1.1439e+00
1.1600e+00
1.1600e+00
1.1600e+00
1.1761e+00
1.1761e+00
1.1922e+00
1.1922e+00
1.2083e+00
1.2083e+00
1.2244e+00
1.2244e+00
1.2244e+00
1.2404e+00
1.2404e+00
1.2404e+00
1.2565e+00
1.2565e+00
1.2726e+00
1.2726e+00
1.2726e+00
1.3048e+00
1.3048e+00
1.3048e+00
1.3208e+00
1.3208e+00
1.3369e+00
1.3369e+00
1.3369e+00
1.3530e+00
1.3530e+00
1.3530e+00
1.3691e+00
1.3851e+00
1.3851e+00
1.4012e+00
1.4173e+00
1.4173e+00
1.4334e+00
1.4334e+00
1.4494e+00
1.4494e+00
1.4494e+00
1.4494e+00
1.4655e+00
1.4816e+00
1.4816e+00
1.4816e+00
1.4977e+00
1.5137e+00
1.5298e+00
1.5298e+00
1.5459e+00
1.5619e+00
1.5619e+00
1.5780e+00
1.5780e+00
1.5941e+00
1.6101e+00
1.6101e+00
1.6101e+00
1.6262e+00
1.6262e+00
1.6423e+00
1.6583e+00
1.6744e+00
1.6744e+00
1.6904e+00
1.7065e+00
1.7065e+00
1.7065e+00
1.7226e+00
1.7386e+00
1.7386e+00
1.7386e+00
1.7547e+00
1.7707e+00
1.7868e+00
1.7868e+00
1.7868e+00
1.7868e+00
1.8029e+00
1.8029e+00
1.8029e+00
1.8189e+00
1.8189e+00
1.8350e+00
1.8350e+00
1.8350e+00
1.8510e+00
1.8510e+00
1.8510e+00
1.8510e+00
1.8510e+00
1.8510e+00
1.8510e+00
1.8510e+00
1.8510e+00
1.8510e+00
1.8350e+00
1.8350e+00
1.8189e+00
1.8189e+00
1.8029e+00
1.7868e+00
1.7707e+00
1.7547e+00
1.7386e+00
1.7226e+00
1.7065e+00
1.7065e+00
1.6744e+00
1.6744e+00
1.6744e+00
1.6583e+00
1.6583e+00
1.6583e+00
1.6423e+00
1.6262e+00
1.6101e+00
1.6101e+00
1.5941e+00
1.5619e+00
1.5619e+00
1.5459e+00
1.5298e+00
1.5137e+00
1.4977e+00
1.4816e+00
1.4816e+00
1.4655e+00
1.4655e+00
1.4494e+00
1.4494e+00
1.4334e+00
1.4334e+00
1.4173e+00
1.4173e+00
1.4012e+00
1.4012e+00
1.3851e+00
1.3851e+00
1.3691e+00
1.3691e+00
1.3530e+00
1.3369e+00
1.3369e+00
1.3369e+00
1.3208e+00
1.3208e+00
1.3208e+00
1.3048e+00
1.2887e+00
1.2726e+00
1.2726e+00
1.2565e+00
1.2404e+00
1.2404e+00
1.2244e+00
1.2083e+00
1.2083e+00
1.1922e+00
1.1761e+00
1.1761e+00
1.1761e+00
1.1761e+00
1.1600e+00
1.1600e+00
1.1439e+00
1.1439e+00
1.1439e+00
1.1279e+00
1.1279e+00
1.1279e+00
1.1118e+00
1.1118e+00
1.1118e+00
1.1118e+00
1.1118e+00
1.1118e+00
1.1118e+00
1.1118e+00
1.0957e+00
1.1118e+00
1.0957e+00
1.0957e+00
1.1118e+00
1.0957e+00
1.0957e+00
1.0957e+00
1.0957e+00
1.0957e+00
1.0957e+00
1.0957e+00
1.0957e+00
1.0957e+00
1.0957e+00
1.0957e+00
1.0957e+00
1.1118e+00
1.1118e+00
1.1118e+00
1.0957e+00
1.0957e+00
1.0957e+00
1.0957e+00
1.0957e+00
1.0796e+00
1.0796e+00
1.0796e+00
1.0635e+00
1.0635e+00
1.0474e+00
1.0474e+00
1.0313e+00
1.0152e+00
1.0152e+00
9.9913e-01
9.8304e-01
9.6694e-01
9.5085e-01
9.3476e-01
9.1866e-01
9.0256e-01
8.8647e-01
8.8647e-01
8.7037e-01
8.7037e-01
8.5427e-01
8.3817e-01
8.3817e-01
8.3817e-01
8.2207e-01
8.0597e-01
7.8987e-01
7.8987e-01
7.7376e-01
7.7376e-01
7.5766e-01
7.5766e-01
7.4156e-01
7.4156e-01
7.4156e-01
7.4156e-01
7.4156e-01
7.4156e-01
7.4156e-01
7.2545e-01
7.4156e-01
7.5766e-01
7.4156e-01
7.4156e-01
7.4156e-01
7.4156e-01
7.4156e-01
7.4156e-01
7.4156e-01
7.4156e-01
7.4156e-01
7.5766e-01
7.5766e-01
7.7376e-01
7.7376e-01
7.7376e-01
7.8987e-01
7.8987e-01
7.8987e-01
8.0597e-01
8.0597e-01
8.0597e-01
8.0597e-01
8.2207e-01
8.2207e-01
8.3817e-01
8.3817e-01
8.5427e-01
8.5427e-01
8.5427e-01
8.7037e-01
8.7037e-01
8.7037e-01
8.8647e-01
8.8647e-01
8.8647e-01
8.8647e-01
9.0256e-01
9.0256e-01
9.0256e-01
9.0256e-01
9.1866e-01
9.3476e-01
9.3476e-01
9.3476e-01
9.3476e-01
9.3476e-01
9.5085e-01
9.3476e-01
9.5085e-01
9.5085e-01
9.6694e-01
9.5085e-01
9.5085e-01
9.5085e-01
9.5085e-01
9.6694e-01
9.6694e-01
9.6694e-01
9.8304e-01
9.8304e-01
9.8304e-01
9.8304e-01
9.8304e-01
9.8304e-01
9.8304e-01
9.8304e-01
9.8304e-01
9.6694e-01
9.8304e-01
9.6694e-01
9.5085e-01
9.6694e-01
9.8304e-01
9.8304e-01
9.8304e-01
9.8304e-01
9.8304e-01
9.8304e-01
9.8304e-01
9.9913e-01
9.9913e-01
9.8304e-01
9.9913e-01
9.8304e-01
9.9913e-01
9.8304e-01
9.8304e-01
9.9913e-01
9.9913e-01
1.0152e+00
1.0152e+00
1.0152e+00
1.0313e+00
1.0313e+00
1.0313e+00
1.0313e+00
1.0474e+00
1.0474e+00
1.0474e+00
1.0635e+00
1.0635e+00
1.0635e+00
1.0635e+00
1.0796e+00
1.0957e+00
1.0957e+00
1.1118e+00
1.1279e+00
1.1439e+00
1.1439e+00
1.1439e+00
1.1761e+00
1.1761e+00
1.1922e+00
1.1922e+00
1.1922e+00
1.2083e+00
1.2244e+00
1.2244e+00
1.2404e+00
1.2565e+00
1.2565e+00
1.2726e+00
1.2887e+00
1.2887e+00
1.3048e+00
1.3048e+00
1.3048e+00
1.3208e+00
1.3369e+00
1.3369e+00
1.3369e+00
1.3530e+00
1.3530e+00
1.3530e+00
1.3691e+00
1.3691e+00
1.3851e+00
1.3851e+00
1.4012e+00
1.4012e+00
1.4173e+00
1.4173e+00
1.4334e+00
1.4334e+00
1.4334e+00
1.4494e+00
1.4494e+00
1.4494e+00
1.4655e+00
1.4655e+00
1.4655e+00
1.4816e+00
1.4816e+00
1.4977e+00
1.5137e+00
1.5137e+00
1.5298e+00
1.5459e+00
1.5459e+00
1.5619e+00
1.5619e+00
1.5780e+00
1.5780e+00
1.5941e+00
1.5941e+00
1.6101e+00
1.6262e+00
1.6262e+00
1.6423e+00
1.6583e+00
1.6583e+00
1.6744e+00
1.6744e+00
1.6744e+00
1.6904e+00
1.6904e+00
1.6904e+00
1.6904e+00
1.6904e+00
1.6904e+00
1.6904e+00
1.6904e+00
1.6904e+00
1.6904e+00
1.6904e+00
1.6904e+00
1.6904e+00
1.6904e+00
1.6904e+00
1.6904e+00
1.6744e+00
1.6744e+00
1.6744e+00
1.6744e+00
1.6744e+00
1.6744e+00
1.6744e+00
1.6744e+00
1.6904e+00
1.6904e+00
1.6904e+00
1.6904e+00
1.7065e+00
1.6904e+00
1.6904e+00
1.6904e+00
1.6904e+00
1.6904e+00
1.6904e+00
1.6904e+00
1.6904e+00
1.6904e+00
1.6904e+00
1.6744e+00
1.6904e+00
1.6744e+00
1.6904e+00
1.6904e+00
1.6744e+00
1.6904e+00
1.6904e+00
1.7065e+00
1.7065e+00
1.7065e+00
1.7065e+00
1.7065e+00
1.7065e+00
1.7065e+00
1.7065e+00
1.7065e+00
1.7065e+00
1.7065e+00
1.7065e+00
1.7226e+00
1.7226e+00
1.7226e+00
1.7226e+00
1.7226e+00
1.7226e+00
1.7226e+00
1.7226e+00
1.7226e+00
1.7065e+00
1.6904e+00
1.6904e+00
1.6904e+00
1.6904e+00
1.6904e+00
1.6744e+00
1.6744e+00
1.6744e+00
1.6583e+00
1.6744e+00
1.6744e+00
1.6583e+00
1.6583e+00
1.6423e+00
1.6423e+00
1.6262e+00
1.6262e+00
1.6101e+00
1.6101e+00
1.6262e+00
1.6101e+00
1.6262e+00
1.6262e+00
1.6262e+00
1.6262e+00
1.6262e+00
1.6423e+00
1.6423e+00
1.6423e+00
1.6423e+00
1.6423e+00
1.6423e+00
1.6423e+00
1.6423e+00
1.6423e+00
1.6423e+00
1.6583e+00
1.6583e+00
1.6583e+00
1.6423e+00
1.6423e+00
1.6423e+00
1.6262e+00
1.6101e+00
1.5780e+00
1.5459e+00
1.5298e+00
1.4977e+00
1.4655e+00
1.4173e+00
1.4012e+00
1.3691e+00
1.3369e+00
1.3048e+00
1.2726e+00
1.2404e+00
1.2244e+00
1.1922e+00
1.1600e+00
1.1279e+00
1.1118e+00
1.0957e+00
1.0635e+00
1.0313e+00
1.0152e+00
9.8304e-01
9.6694e-01
9.5085e-01
9.3476e-01
9.1866e-01
9.0256e-01
9.0256e-01
8.8647e-01
8.7037e-01
8.5427e-01
8.5427e-01
8.2207e-01
8.2207e-01
8.0597e-01
7.8987e-01
7.7376e-01
7.5766e-01
7.7376e-01
7.5766e-01
7.4156e-01
7.4156e-01
7.2545e-01
7.2545e-01
7.0935e-01
7.0935e-01
7.0935e-01
6.9324e-01
6.7713e-01
6.7713e-01
6.6103e-01
6.4492e-01
6.2881e-01
6.1270e-01
5.9659e-01
5.8048e-01
5.6437e-01
5.6437e-01
5.4826e-01
5.3214e-01
4.9991e-01
4.9991e-01
4.8380e-01
4.6768e-01
4.3545e-01
4.1933e-01
4.0321e-01
3.8709e-01
3.7097e-01
3.7097e-01
3.3873e-01
3.2260e-01
3.2260e-01
3.0648e-01
3.0648e-01
3.0648e-01
3.0648e-01
3.0648e-01
3.0648e-01
3.0648e-01
2.9036e-01
2.9036e-01
2.9036e-01
2.9036e-01
3.0648e-01
2.9036e-01
2.9036e-01
3.0648e-01
3.0648e-01
3.0648e-01
3.0648e-01
3.2260e-01
3.2260e-01
3.2260e-01
3.3873e-01
3.3873e-01
3.3873e-01
3.5485e-01
3.3873e-01
3.5485e-01
3.3873e-01
3.5485e-01
3.5485e-01
3.5485e-01
3.7097e-01
3.7097e-01
3.8709e-01
4.0321e-01
4.0321e-01
4.1933e-01
4.1933e-01
4.3545e-01
4.5156e-01
4.5156e-01
4.6768e-01
4.8380e-01
4.8380e-01
4.9991e-01
4.9991e-01
5.1603e-01
5.3214e-01
5.4826e-01
5.6437e-01
5.8048e-01
5.9659e-01
5.9659e-01
6.1270e-01
6.4492e-01
6.4492e-01
6.6103e-01
6.6103e-01
6.7713e-01
6.9324e-01
6.9324e-01
7.0935e-01
7.0935e-01
7.2545e-01
7.2545e-01
7.4156e-01
7.4156e-01
7.5766e-01
7.7376e-01
7.7376e-01
7.7376e-01
7.7376e-01
7.7376e-01
7.7376e-01
7.7376e-01
7.7376e-01
7.5766e-01
7.5766e-01
7.5766e-01
7.5766e-01
7.5766e-01
7.4156e-01
7.4156e-01
7.4156e-01
7.4156e-01
7.4156e-01
7.4156e-01
7.2545e-01
7.2545e-01
7.4156e-01
7.2545e-01
7.0935e-01
7.0935e-01
7.0935e-01
7.0935e-01
6.9324e-01
6.9324e-01
7.0935e-01
7.0935e-01
7.0935e-01
7.0935e-01
7.0935e-01
7.0935e-01
7.2545e-01
7.2545e-01
7.2545e-01
7.2545e-01
7.2545e-01
7.2545e-01
7.2545e-01
7.4156e-01
7.4156e-01
7.5766e-01
7.5766e-01
7.5766e-01
7.7376e-01
7.7376e-01
7.8987e-01
7.8987e-01
7.8987e-01
7.8987e-01
8.0597e-01
8.0597e-01
8.0597e-01
8.2207e-01
8.2207e-01
8.3817e-01
8.3817e-01
8.3817e-01
8.5427e-01
8.5427e-01
8.5427e-01
8.7037e-01
8.8647e-01
8.8647e-01
9.0256e-01
9.0256e-01
9.0256e-01
8.8647e-01
9.0256e-01
9.0256e-01
8.8647e-01
9.0256e-01
9.0256e-01
9.0256e-01
8.8647e-01
8.8647e-01
9.0256e-01
8.8647e-01
9.0256e-01
9.0256e-01
9.0256e-01
9.0256e-01
9.0256e-01
9.0256e-01
9.0256e-01
9.0256e-01
9.0256e-01
9.0256e-01
9.0256e-01
9.0256e-01
9.0256e-01
9.1866e-01
9.1866e-01
9.1866e-01
9.1866e-01
9.3476e-01
9.5085e-01
9.5085e-01
9.5085e-01
9.6694e-01
9.6694e-01
9.6694e-01
9.6694e-01
9.8304e-01
9.8304e-01
9.8304e-01
9.8304e-01
9.9913e-01
9.9913e-01
1.0152e+00
1.0313e+00
1.0313e+00
1.0313e+00
1.0313e+00
1.0474e+00
1.0474e+00
1.0635e+00
1.0635e+00
1.0635e+00
1.0635e+00
1.0796e+00
1.0635e+00
1.0635e+00
1.0796e+00
1.0957e+00
1.0957e+00
1.0957e+00
1.0957e+00
1.0957e+00
1.0957e+00
1.0796e+00
1.0957e+00
1.0957e+00
1.0796e+00
1.0796e+00
1.0796e+00
1.0635e+00
1.0635e+00
1.0635e+00
1.0635e+00
1.0635e+00
1.0474e+00
1.0474e+00
1.0474e+00
1.0474e+00
1.0474e+00
1.0313e+00
1.0313e+00
1.0313e+00
1.0152e+00
1.0152e+00
9.9913e-01
9.9913e-01
9.9913e-01
9.8304e-01
9.8304e-01
9.8304e-01
9.6694e-01
9.6694e-01
9.6694e-01
9.6694e-01
9.6694e-01
9.5085e-01
9.5085e-01
9.5085e-01
9.3476e-01
9.3476e-01
9.3476e-01
9.3476e-01
9.3476e-01
9.1866e-01
9.1866e-01
9.1866e-01
9.1866e-01
9.1866e-01
9.0256e-01
9.1866e-01
9.0256e-01
9.0256e-01
9.0256e-01
9.0256e-01
9.0256e-01
9.0256e-01
9.0256e-01
9.0256e-01
9.0256e-01
9.0256e-01
9.0256e-01
9.0256e-01
9.1866e-01
9.3476e-01
9.3476e-01
9.3476e-01
9.3476e-01
9.3476e-01
9.5085e-01
9.5085e-01
9.5085e-01
9.5085e-01
9.5085e-01
9.5085e-01
9.5085e-01
9.5085e-01
9.5085e-01
9.5085e-01
9.6694e-01
9.5085e-01
9.5085e-01
9.5085e-01
9.5085e-01
9.5085e-01
9.3476e-01
9.3476e-01
9.1866e-01
9.0256e-01
9.0256e-01
8.8647e-01
8.8647e-01
8.7037e-01
8.7037e-01
8.7037e-01
8.7037e-01
8.7037e-01
8.7037e-01
8.7037e-01
8.7037e-01
8.5427e-01
8.5427e-01
8.5427e-01
8.5427e-01
8.3817e-01
8.5427e-01
8.3817e-01
8.3817e-01
8.3817e-01
8.2207e-01
8.2207e-01
8.2207e-01
8.0597e-01
8.0597e-01
8.0597e-01
7.8987e-01
7.7376e-01
7.7376e-01
7.5766e-01
7.4156e-01
7.2545e-01
7.0935e-01
6.9324e-01
6.7713e-01
6.6103e-01
6.4492e-01
6.2881e-01
6.1270e-01
5.9659e-01
5.8048e-01
5.6437e-01
5.3214e-01
5.1603e-01
5.1603e-01
4.8380e-01
4.5156e-01
4.1933e-01
4.0321e-01
3.7097e-01
3.3873e-01
3.2260e-01
3.0648e-01
2.9036e-01
2.7423e-01
2.4198e-01
2.2585e-01
2.0973e-01
1.9360e-01
1.7747e-01
1.6134e-01
1.4521e-01
1.2908e-01
1.1294e-01
9.6811e-02
9.6811e-02
8.0678e-02
6.4544e-02
4.8409e-02
4.8409e-02
4.8409e-02
4.8409e-02
4.8409e-02
4.8409e-02
4.8409e-02
4.8409e-02
4.8409e-02
4.8409e-02
6.4544e-02
6.4544e-02
6.4544e-02
6.4544e-02
6.4544e-02
6.4544e-02
6.4544e-02
6.4544e-02
6.4544e-02
6.4544e-02
6.4544e-02
6.4544e-02
6.4544e-02
6.4544e-02
6.4544e-02
6.4544e-02
6.4544e-02
6.4544e-02
6.4544e-02
6.4544e-02
4.8409e-02
4.8409e-02
4.8409e-02
4.8409e-02
3.2273e-02
3.2273e-02
3.2273e-02
3.2273e-02
3.2273e-02
3.2273e-02
3.2273e-02
1.6137e-02
1.6137e-02
1.6137e-02
1.6137e-02
0000
0000
1.6137e-02
0000
1.6137e-02
1.6137e-02
1.6137e-02
3.2273e-02
3.2273e-02
4.8409e-02
4.8409e-02
4.8409e-02
6.4544e-02
6.4544e-02
8.0678e-02
8.0678e-02
9.6811e-02
9.6811e-02
9.6811e-02
1.1294e-01
1.1294e-01
1.2908e-01
1.2908e-01
1.4521e-01
1.6134e-01
1.6134e-01
1.6134e-01
1.7747e-01
1.9360e-01
1.9360e-01
1.9360e-01
2.0973e-01
2.2585e-01
2.2585e-01
2.2585e-01
2.2585e-01
2.4198e-01
2.5811e-01
2.5811e-01
2.7423e-01
2.9036e-01
2.9036e-01
3.2260e-01
3.2260e-01
3.3873e-01
3.5485e-01
3.5485e-01
3.5485e-01
3.7097e-01
3.7097e-01
3.8709e-01
3.8709e-01
4.0321e-01
4.0321e-01
4.1933e-01
4.3545e-01
4.3545e-01
4.5156e-01
4.5156e-01
4.8380e-01
4.9991e-01
4.9991e-01
4.9991e-01
4.9991e-01
5.1603e-01
5.1603e-01
5.1603e-01
5.3214e-01
5.3214e-01
5.4826e-01
5.4826e-01
5.6437e-01
5.8048e-01
5.8048e-01
5.9659e-01
5.9659e-01
6.1270e-01
6.1270e-01
6.1270e-01
6.1270e-01
6.1270e-01
6.1270e-01
6.1270e-01
6.1270e-01
6.2881e-01
6.2881e-01
6.2881e-01
6.4492e-01
6.4492e-01
6.4492e-01
6.4492e-01
6.6103e-01
6.6103e-01
6.6103e-01
6.7713e-01
6.7713e-01
6.7713e-01
6.7713e-01
6.9324e-01
6.9324e-01
7.0935e-01
7.2545e-01
7.2545e-01
7.2545e-01
7.4156e-01
7.4156e-01
7.5766e-01
7.7376e-01
7.7376e-01
7.8987e-01
7.8987e-01
8.0597e-01
8.0597e-01
8.0597e-01
8.0597e-01
8.0597e-01
8.0597e-01
8.0597e-01
8.2207e-01
8.2207e-01
8.2207e-01
8.2207e-01
8.2207e-01
8.2207e-01
8.2207e-01
8.2207e-01
8.2207e-01
8.0597e-01
8.0597e-01
8.0597e-01
8.0597e-01
7.8987e-01
7.8987e-01
7.7376e-01
7.7376e-01
7.7376e-01
7.7376e-01
7.7376e-01
7.7376e-01
7.5766e-01
7.5766e-01
7.7376e-01
7.7376e-01
7.5766e-01
7.5766e-01
7.5766e-01
7.4156e-01
7.4156e-01
7.4156e-01
7.5766e-01
7.5766e-01
7.4156e-01
7.5766e-01
7.5766e-01
7.5766e-01
7.5766e-01
7.4156e-01
7.5766e-01
7.5766e-01
7.5766e-01
7.5766e-01
7.5766e-01
7.7376e-01
7.5766e-01
7.5766e-01
7.5766e-01
7.5766e-01
7.5766e-01
7.5766e-01
7.5766e-01
7.5766e-01
7.7376e-01
7.5766e-01
7.5766e-01
7.5766e-01
7.5766e-01
7.5766e-01
7.4156e-01
7.4156e-01
7.4156e-01
7.2545e-01
7.2545e-01
7.2545e-01
7.2545e-01
7.2545e-01
7.2545e-01
7.2545e-01
7.2545e-01
7.0935e-01
7.0935e-01
7.0935e-01
6.9324e-01
6.9324e-01
6.7713e-01
6.7713e-01
6.6103e-01
