6.7292e-01
6.8901e-01
6.8901e-01
7.0510e-01
7.0510e-01
7.2119e-01
7.2119e-01
7.2119e-01
7.2119e-01
7.3728e-01
7.3728e-01
7.3728e-01
7.3728e-01
7.3728e-01
7.3728e-01
7.3728e-01
7.3728e-01
7.5336e-01
7.5336e-01
7.5336e-01
7.5336e-01
7.6945e-01
7.6945e-01
7.6945e-01
7.6945e-01
7.6945e-01
7.6945e-01
7.6945e-01
7.6945e-01
7.6945e-01
7.8553e-01
7.8553e-01
7.8553e-01
7.8553e-01
8.0162e-01
8.0162e-01
8.0162e-01
8.0162e-01
8.1770e-01
8.0162e-01
8.1770e-01
8.1770e-01
8.1770e-01
8.1770e-01
8.1770e-01
8.3378e-01
8.3378e-01
8.3378e-01
8.4987e-01
8.4987e-01
8.6595e-01
8.6595e-01
8.6595e-01
8.8203e-01
8.8203e-01
8.9811e-01
9.1419e-01
9.1419e-01
9.3027e-01
9.3027e-01
9.4634e-01
9.6242e-01
9.6242e-01
9.7850e-01
9.9457e-01
9.9457e-01
1.0106e+00
1.0106e+00
1.0267e+00
1.0428e+00
1.0589e+00
1.0749e+00
1.0749e+00
1.0910e+00
1.0910e+00
1.1071e+00
1.1071e+00
1.1232e+00
1.1392e+00
1.1392e+00
1.1553e+00
1.1553e+00
1.1714e+00
1.1714e+00
1.1874e+00
1.2035e+00
1.2035e+00
1.2035e+00
1.2196e+00
1.2196e+00
1.2356e+00
1.2356e+00
1.2517e+00
1.2517e+00
1.2517e+00
1.2517e+00
1.2677e+00
1.2677e+00
1.2838e+00
1.2838e+00
1.2999e+00
1.2999e+00
1.3159e+00
1.3159e+00
1.3320e+00
1.3320e+00
1.3320e+00
1.3320e+00
1.3481e+00
1.3481e+00
1.3481e+00
1.3481e+00
1.3641e+00
1.3641e+00
1.3641e+00
1.3802e+00
1.3802e+00
1.3962e+00
1.3962e+00
1.3962e+00
1.3962e+00
1.4123e+00
1.4123e+00
1.4123e+00
1.4283e+00
1.4283e+00
1.4283e+00
1.4283e+00
1.4444e+00
1.4444e+00
1.4605e+00
1.4605e+00
1.4605e+00
1.4605e+00
1.4765e+00
1.4765e+00
1.4926e+00
1.4926e+00
1.4926e+00
1.4926e+00
1.4926e+00
1.5086e+00
1.4926e+00
1.5086e+00
1.5086e+00
1.5086e+00
1.5086e+00
1.5247e+00
1.5247e+00
1.5247e+00
1.5247e+00
1.5247e+00
1.5247e+00
1.5407e+00
1.5407e+00
1.5407e+00
1.5407e+00
1.5407e+00
1.5407e+00
1.5407e+00
1.5407e+00
1.5407e+00
1.5568e+00
1.5407e+00
1.5407e+00
1.5407e+00
1.5407e+00
1.5247e+00
1.5247e+00
1.5247e+00
1.5086e+00
1.4926e+00
1.4765e+00
1.4765e+00
1.4605e+00
1.4444e+00
1.4283e+00
1.4123e+00
1.3962e+00
1.3802e+00
1.3641e+00
1.3320e+00
1.3159e+00
1.2999e+00
1.2677e+00
1.2517e+00
1.2356e+00
1.2035e+00
1.1874e+00
1.1714e+00
1.1553e+00
1.1392e+00
1.1071e+00
1.0910e+00
1.0749e+00
1.0589e+00
1.0428e+00
1.0428e+00
1.0267e+00
1.0106e+00
1.0106e+00
1.0106e+00
9.9457e-01
9.7850e-01
9.7850e-01
9.7850e-01
9.6242e-01
9.6242e-01
9.6242e-01
9.6242e-01
9.6242e-01
9.6242e-01
9.7850e-01
9.7850e-01
9.7850e-01
9.7850e-01
9.7850e-01
9.7850e-01
9.7850e-01
9.7850e-01
9.7850e-01
9.7850e-01
9.7850e-01
9.7850e-01
9.9457e-01
9.9457e-01
9.9457e-01
9.9457e-01
9.9457e-01
1.0106e+00
1.0106e+00
1.0106e+00
1.0106e+00
1.0106e+00
1.0267e+00
1.0267e+00
1.0267e+00
1.0267e+00
1.0106e+00
1.0267e+00
1.0267e+00
1.0267e+00
1.0428e+00
1.0428e+00
1.0428e+00
1.0428e+00
1.0428e+00
1.0428e+00
1.0589e+00
1.0589e+00
1.0589e+00
1.0589e+00
1.0589e+00
1.0589e+00
1.0589e+00
1.0589e+00
1.0589e+00
1.0589e+00
1.0589e+00
1.0749e+00
1.0589e+00
1.0589e+00
1.0589e+00
1.0589e+00
1.0589e+00
1.0428e+00
1.0428e+00
1.0267e+00
1.0106e+00
1.0267e+00
1.0106e+00
9.9457e-01
9.7850e-01
9.7850e-01
9.7850e-01
9.7850e-01
9.6242e-01
9.6242e-01
9.6242e-01
9.6242e-01
9.6242e-01
9.6242e-01
9.4634e-01
9.4634e-01
9.3027e-01
9.3027e-01
9.3027e-01
9.3027e-01
9.3027e-01
9.3027e-01
9.3027e-01
9.3027e-01
9.3027e-01
9.3027e-01
9.3027e-01
9.4634e-01
9.4634e-01
9.4634e-01
9.4634e-01
9.6242e-01
9.4634e-01
9.6242e-01
9.6242e-01
9.6242e-01
9.7850e-01
9.7850e-01
9.7850e-01
9.9457e-01
9.9457e-01
1.0106e+00
1.0106e+00
1.0267e+00
1.0267e+00
1.0428e+00
1.0428e+00
1.0428e+00
1.0589e+00
1.0589e+00
1.0749e+00
1.0749e+00
1.0910e+00
1.0910e+00
1.0910e+00
1.1071e+00
1.1071e+00
1.1071e+00
1.1232e+00
1.1392e+00
1.1392e+00
1.1392e+00
1.1553e+00
1.1392e+00
1.1553e+00
1.1553e+00
1.1553e+00
1.1553e+00
1.1553e+00
1.1714e+00
1.1553e+00
1.1553e+00
1.1553e+00
1.1553e+00
1.1553e+00
1.1553e+00
1.1553e+00
1.1553e+00
1.1553e+00
1.1553e+00
1.1553e+00
1.1553e+00
1.1553e+00
1.1553e+00
1.1553e+00
1.1553e+00
1.1553e+00
1.1553e+00
1.1553e+00
1.1553e+00
1.1553e+00
1.1553e+00
1.1553e+00
1.1553e+00
1.1553e+00
1.1553e+00
1.1714e+00
1.1714e+00
1.1714e+00
1.1874e+00
1.1874e+00
1.1874e+00
1.1874e+00
1.1874e+00
1.1874e+00
1.2035e+00
1.2035e+00
1.2035e+00
1.2035e+00
1.2196e+00
1.2196e+00
1.2196e+00
1.2196e+00
1.2196e+00
1.2356e+00
1.2356e+00
1.2356e+00
1.2356e+00
1.2356e+00
1.2356e+00
1.2517e+00
1.2517e+00
1.2517e+00
1.2677e+00
1.2677e+00
1.2517e+00
1.2517e+00
1.2517e+00
1.2677e+00
1.2677e+00
1.2677e+00
1.2677e+00
1.2838e+00
1.2838e+00
1.2838e+00
1.2838e+00
1.2838e+00
1.2838e+00
1.2999e+00
1.2999e+00
1.2999e+00
1.2999e+00
1.2999e+00
1.2999e+00
1.2999e+00
1.3159e+00
1.3159e+00
1.3159e+00
1.3159e+00
1.3320e+00
1.3159e+00
1.3320e+00
1.3320e+00
1.3481e+00
1.3481e+00
1.3481e+00
1.3641e+00
1.3641e+00
1.3641e+00
1.3641e+00
1.3802e+00
1.3641e+00
1.3802e+00
1.3802e+00
1.3802e+00
1.3962e+00
1.3962e+00
1.3962e+00
1.4123e+00
1.4123e+00
1.4283e+00
1.4283e+00
1.4283e+00
1.4444e+00
1.4444e+00
1.4444e+00
1.4605e+00
1.4605e+00
1.4605e+00
1.4605e+00
1.4765e+00
1.4765e+00
1.4765e+00
1.4926e+00
1.4926e+00
1.4926e+00
1.5086e+00
1.5086e+00
1.5086e+00
1.5247e+00
1.5247e+00
1.5247e+00
1.5407e+00
1.5247e+00
1.5407e+00
1.5407e+00
1.5407e+00
1.5568e+00
1.5568e+00
1.5728e+00
1.5728e+00
1.5728e+00
1.5889e+00
1.5889e+00
1.6049e+00
1.6049e+00
1.5889e+00
1.6049e+00
1.6210e+00
1.6210e+00
1.6210e+00
1.6370e+00
1.6370e+00
1.6370e+00
1.6531e+00
1.6531e+00
1.6531e+00
1.6691e+00
1.6691e+00
1.6691e+00
1.6851e+00
1.6851e+00
1.6851e+00
1.6851e+00
1.6851e+00
1.6851e+00
1.7012e+00
1.7012e+00
1.7012e+00
1.7012e+00
1.7012e+00
1.7012e+00
1.7172e+00
1.7172e+00
1.7172e+00
1.7172e+00
1.7333e+00
1.7172e+00
1.7333e+00
1.7333e+00
1.7333e+00
1.7333e+00
1.7333e+00
1.7333e+00
1.7493e+00
1.7493e+00
1.7493e+00
1.7493e+00
1.7654e+00
1.7654e+00
1.7814e+00
1.7814e+00
1.7814e+00
1.7974e+00
1.7974e+00
1.7974e+00
1.7974e+00
1.7974e+00
1.8135e+00
1.8135e+00
1.8135e+00
1.8135e+00
1.8135e+00
1.8295e+00
1.8295e+00
1.8295e+00
1.8456e+00
1.8456e+00
1.8456e+00
1.8456e+00
1.8616e+00
1.8616e+00
1.8616e+00
1.8616e+00
1.8616e+00
1.8616e+00
1.8616e+00
1.8616e+00
1.8616e+00
1.8456e+00
1.8456e+00
1.8616e+00
1.8456e+00
1.8456e+00
1.8456e+00
1.8456e+00
1.8456e+00
1.8295e+00
1.8295e+00
1.8135e+00
1.8135e+00
1.8135e+00
1.8135e+00
1.7974e+00
1.7974e+00
1.7814e+00
1.7814e+00
1.7814e+00
1.7814e+00
1.7654e+00
1.7814e+00
1.7654e+00
1.7654e+00
1.7654e+00
1.7654e+00
1.7493e+00
1.7493e+00
1.7493e+00
1.7333e+00
1.7333e+00
1.7333e+00
1.7333e+00
1.7333e+00
1.7333e+00
1.7333e+00
1.7333e+00
1.7333e+00
1.7333e+00
1.7333e+00
1.7333e+00
1.7333e+00
1.7333e+00
1.7172e+00
1.7172e+00
1.7172e+00
1.7172e+00
1.7333e+00
1.7172e+00
1.7333e+00
1.7333e+00
1.7333e+00
1.7493e+00
1.7493e+00
1.7493e+00
1.7493e+00
1.7493e+00
1.7493e+00
1.7654e+00
1.7493e+00
1.7493e+00
1.7493e+00
1.7654e+00
1.7493e+00
1.7654e+00
1.7654e+00
1.7654e+00
1.7654e+00
1.7654e+00
1.7814e+00
1.7814e+00
1.7814e+00
1.7974e+00
1.7974e+00
1.7974e+00
1.7974e+00
1.7974e+00
1.7974e+00
1.7974e+00
1.8135e+00
1.8135e+00
1.8135e+00
1.8295e+00
1.8295e+00
1.8295e+00
1.8456e+00
1.8456e+00
1.8456e+00
1.8456e+00
1.8456e+00
1.8616e+00
1.8616e+00
1.8616e+00
1.8616e+00
1.8616e+00
1.8776e+00
1.8776e+00
1.8776e+00
1.8937e+00
1.8937e+00
1.9097e+00
1.9097e+00
1.9097e+00
1.9097e+00
1.9097e+00
1.9097e+00
1.9097e+00
1.9097e+00
1.9097e+00
1.9097e+00
1.9097e+00
1.9097e+00
1.9257e+00
1.9257e+00
1.9257e+00
1.9257e+00
1.9257e+00
1.9418e+00
1.9418e+00
1.9578e+00
1.9418e+00
1.9418e+00
1.9578e+00
1.9418e+00
1.9418e+00
1.9418e+00
1.9578e+00
1.9578e+00
1.9578e+00
1.9578e+00
1.9578e+00
1.9578e+00
1.9578e+00
1.9578e+00
1.9418e+00
1.9418e+00
1.9418e+00
1.9418e+00
1.9418e+00
1.9257e+00
1.9257e+00
1.9097e+00
1.8937e+00
1.8776e+00
1.8776e+00
1.8776e+00
1.8616e+00
1.8616e+00
1.8456e+00
1.8456e+00
1.8295e+00
1.8295e+00
1.8295e+00
1.8135e+00
1.8135e+00
1.7974e+00
1.7974e+00
1.7974e+00
1.7814e+00
1.7654e+00
1.7654e+00
1.7654e+00
1.7654e+00
1.7654e+00
1.7493e+00
1.7654e+00
1.7493e+00
1.7493e+00
1.7493e+00
1.7333e+00
1.7333e+00
1.7172e+00
1.7172e+00
1.7172e+00
1.7172e+00
1.7012e+00
1.6851e+00
1.6851e+00
1.6851e+00
1.6691e+00
1.6691e+00
1.6691e+00
1.6691e+00
1.6531e+00
1.6531e+00
1.6370e+00
1.6370e+00
1.6210e+00
1.6049e+00
1.6049e+00
1.5889e+00
1.5889e+00
1.5889e+00
1.5728e+00
1.5728e+00
1.5728e+00
1.5728e+00
1.5728e+00
1.5568e+00
1.5568e+00
1.5568e+00
1.5568e+00
1.5407e+00
1.5407e+00
1.5407e+00
1.5407e+00
1.5247e+00
1.5247e+00
1.5407e+00
1.5407e+00
1.5407e+00
1.5407e+00
1.5407e+00
1.5407e+00
1.5407e+00
1.5568e+00
1.5568e+00
1.5407e+00
1.5407e+00
1.5407e+00
1.5407e+00
1.5247e+00
1.5407e+00
1.5407e+00
1.5407e+00
1.5407e+00
1.5247e+00
1.5247e+00
1.5247e+00
1.5247e+00
1.5086e+00
1.5086e+00
1.5086e+00
1.5086e+00
1.5086e+00
1.4926e+00
1.4926e+00
1.4765e+00
1.4765e+00
1.4765e+00
1.4926e+00
1.4765e+00
1.4765e+00
1.4765e+00
1.4926e+00
1.4765e+00
1.4765e+00
1.4926e+00
1.4926e+00
1.4926e+00
1.4926e+00
1.4926e+00
1.4765e+00
1.4765e+00
1.4765e+00
1.4765e+00
1.4765e+00
1.4765e+00
1.4765e+00
1.4765e+00
1.4765e+00
1.4765e+00
1.4765e+00
1.4765e+00
1.4765e+00
1.4765e+00
1.4765e+00
1.4605e+00
1.4605e+00
1.4765e+00
1.4605e+00
1.4765e+00
1.4765e+00
1.4765e+00
1.4765e+00
1.4926e+00
1.4926e+00
1.5086e+00
1.5247e+00
1.5247e+00
1.5247e+00
1.5407e+00
1.5407e+00
1.5568e+00
1.5568e+00
1.5568e+00
1.5728e+00
1.5728e+00
1.5889e+00
1.5889e+00
1.5889e+00
1.6049e+00
1.6049e+00
1.6210e+00
1.6370e+00
1.6370e+00
1.6531e+00
1.6531e+00
1.6691e+00
1.6691e+00
1.6851e+00
1.7012e+00
1.7012e+00
1.7172e+00
1.7172e+00
1.7333e+00
1.7493e+00
1.7654e+00
1.7654e+00
1.7814e+00
1.7974e+00
1.7974e+00
1.8135e+00
1.8295e+00
1.8456e+00
1.8456e+00
1.8616e+00
1.8616e+00
1.8776e+00
1.8937e+00
1.8937e+00
1.9097e+00
1.9097e+00
1.9257e+00
1.9418e+00
1.9578e+00
1.9738e+00
1.9899e+00
2.0059e+00
2.0059e+00
2.0219e+00
2.0379e+00
2.0379e+00
2.0540e+00
2.0700e+00
2.0860e+00
2.0860e+00
2.1021e+00
2.1181e+00
2.1341e+00
2.1501e+00
2.1501e+00
2.1662e+00
2.1662e+00
2.1822e+00
2.1822e+00
2.1982e+00
2.2142e+00
2.2142e+00
2.2142e+00
2.2302e+00
2.2302e+00
2.2302e+00
2.2302e+00
2.2302e+00
2.2463e+00
2.2463e+00
2.2463e+00
2.2623e+00
2.2623e+00
2.2623e+00
2.2623e+00
2.2623e+00
2.2623e+00
2.2783e+00
2.2783e+00
2.2783e+00
2.2783e+00
2.2783e+00
2.2783e+00
2.2783e+00
2.2783e+00
2.2783e+00
2.2783e+00
2.2783e+00
2.2783e+00
2.2783e+00
2.2943e+00
2.2783e+00
2.2783e+00
2.2783e+00
2.2783e+00
2.2623e+00
2.2623e+00
2.2623e+00
2.2623e+00
2.2463e+00
2.2463e+00
2.2302e+00
2.2302e+00
2.2142e+00
2.1982e+00
2.1982e+00
2.1662e+00
2.1501e+00
2.1341e+00
2.1181e+00
2.1021e+00
2.0860e+00
2.0700e+00
2.0700e+00
2.0540e+00
2.0379e+00
2.0379e+00
2.0219e+00
2.0059e+00
1.9899e+00
1.9738e+00
1.9578e+00
1.9418e+00
1.9257e+00
1.9097e+00
1.8776e+00
1.8776e+00
1.8456e+00
1.8456e+00
1.8295e+00
1.8295e+00
1.7974e+00
1.7974e+00
1.7974e+00
1.7814e+00
1.7814e+00
1.7654e+00
1.7654e+00
1.7493e+00
1.7172e+00
1.7172e+00
1.7012e+00
1.6691e+00
1.6531e+00
1.6370e+00
1.6210e+00
1.6049e+00
1.5728e+00
1.5568e+00
1.5407e+00
1.5086e+00
1.4926e+00
1.4765e+00
1.4444e+00
1.4283e+00
1.3962e+00
1.3802e+00
1.3641e+00
1.3320e+00
1.3159e+00
1.2999e+00
1.2677e+00
1.2517e+00
1.2356e+00
1.2196e+00
1.2035e+00
1.2035e+00
1.2035e+00
1.1874e+00
1.1874e+00
1.1714e+00
1.1714e+00
1.1714e+00
1.1714e+00
1.1714e+00
1.1714e+00
1.1553e+00
1.1714e+00
1.1553e+00
1.1553e+00
1.1714e+00
1.1714e+00
1.1714e+00
1.1714e+00
1.1553e+00
1.1553e+00
1.1553e+00
1.1392e+00
1.1232e+00
1.1232e+00
1.1071e+00
1.1071e+00
1.0910e+00
1.0749e+00
1.0749e+00
1.0589e+00
1.0428e+00
1.0428e+00
1.0267e+00
1.0106e+00
1.0106e+00
9.9457e-01
9.7850e-01
9.7850e-01
9.6242e-01
9.4634e-01
9.4634e-01
9.1419e-01
9.1419e-01
9.1419e-01
8.8203e-01
8.8203e-01
8.6595e-01
8.6595e-01
8.6595e-01
8.4987e-01
8.4987e-01
8.3378e-01
8.3378e-01
8.1770e-01
8.0162e-01
7.8553e-01
7.8553e-01
7.6945e-01
7.6945e-01
7.5336e-01
7.5336e-01
7.5336e-01
7.3728e-01
7.3728e-01
7.3728e-01
7.3728e-01
7.2119e-01
7.2119e-01
7.2119e-01
7.2119e-01
7.2119e-01
7.2119e-01
7.2119e-01
7.0510e-01
7.0510e-01
7.0510e-01
7.0510e-01
7.0510e-01
7.0510e-01
7.2119e-01
7.0510e-01
7.2119e-01
7.2119e-01
7.2119e-01
7.2119e-01
7.2119e-01
7.3728e-01
7.3728e-01
7.3728e-01
7.3728e-01
7.3728e-01
7.5336e-01
7.6945e-01
7.6945e-01
7.8553e-01
7.8553e-01
8.0162e-01
8.0162e-01
8.1770e-01
8.1770e-01
8.3378e-01
8.3378e-01
8.4987e-01
8.4987e-01
8.4987e-01
8.6595e-01
8.6595e-01
8.8203e-01
8.8203e-01
8.9811e-01
9.1419e-01
9.1419e-01
9.3027e-01
9.4634e-01
9.4634e-01
9.6242e-01
9.7850e-01
9.9457e-01
9.9457e-01
9.9457e-01
1.0106e+00
1.0106e+00
1.0267e+00
1.0267e+00
1.0428e+00
1.0589e+00
1.0589e+00
1.0749e+00
1.0749e+00
1.0910e+00
1.0910e+00
1.1071e+00
1.1071e+00
1.1232e+00
1.1232e+00
1.1232e+00
1.1392e+00
1.1392e+00
1.1232e+00
1.1232e+00
1.1392e+00
1.1392e+00
1.1392e+00
1.1232e+00
1.1392e+00
1.1392e+00
1.1392e+00
1.1392e+00
1.1232e+00
1.1232e+00
1.1232e+00
1.1071e+00
1.1071e+00
1.1071e+00
1.0910e+00
1.0910e+00
1.0749e+00
1.0749e+00
1.0589e+00
1.0589e+00
1.0589e+00
1.0428e+00
1.0428e+00
1.0428e+00
1.0267e+00
1.0267e+00
1.0106e+00
1.0106e+00
9.9457e-01
9.7850e-01
9.6242e-01
9.6242e-01
9.4634e-01
9.3027e-01
9.3027e-01
9.3027e-01
9.1419e-01
8.9811e-01
8.8203e-01
8.8203e-01
8.6595e-01
8.4987e-01
8.4987e-01
8.3378e-01
8.1770e-01
8.3378e-01
8.1770e-01
8.0162e-01
8.0162e-01
8.0162e-01
8.0162e-01
8.0162e-01
8.0162e-01
8.0162e-01
7.8553e-01
7.8553e-01
7.8553e-01
7.8553e-01
7.6945e-01
7.6945e-01
7.6945e-01
7.6945e-01
7.5336e-01
7.5336e-01
7.5336e-01
7.5336e-01
7.5336e-01
7.5336e-01
7.5336e-01
7.5336e-01
7.5336e-01
7.3728e-01
7.3728e-01
7.3728e-01
7.3728e-01
7.3728e-01
7.3728e-01
7.3728e-01
7.3728e-01
7.2119e-01
7.3728e-01
7.3728e-01
7.3728e-01
7.3728e-01
7.3728e-01
7.5336e-01
7.5336e-01
7.5336e-01
7.6945e-01
7.6945e-01
7.6945e-01
7.6945e-01
7.6945e-01
7.8553e-01
7.8553e-01
7.8553e-01
8.0162e-01
8.0162e-01
8.1770e-01
8.1770e-01
8.3378e-01
8.3378e-01
8.4987e-01
8.4987e-01
8.8203e-01
8.8203e-01
8.8203e-01
8.8203e-01
8.9811e-01
8.9811e-01
9.1419e-01
9.1419e-01
9.3027e-01
9.3027e-01
9.4634e-01
9.6242e-01
9.6242e-01
9.7850e-01
9.9457e-01
1.0106e+00
1.0106e+00
1.0106e+00
1.0267e+00
1.0267e+00
1.0428e+00
1.0589e+00
1.0589e+00
1.0589e+00
1.0749e+00
1.0910e+00
1.0910e+00
1.1071e+00
1.1232e+00
1.1232e+00
1.1392e+00
1.1392e+00
1.1392e+00
1.1553e+00
1.1553e+00
1.1553e+00
1.1714e+00
1.1714e+00
1.1714e+00
1.1714e+00
1.1714e+00
1.1874e+00
1.1874e+00
1.1874e+00
1.2035e+00
1.1874e+00
1.1874e+00
1.2035e+00
1.2035e+00
1.2035e+00
1.2035e+00
1.2035e+00
1.2035e+00
1.2035e+00
1.2035e+00
1.2035e+00
1.2196e+00
1.2196e+00
1.2196e+00
1.2356e+00
1.2356e+00
1.2517e+00
1.2517e+00
1.2677e+00
1.2677e+00
1.2677e+00
1.2677e+00
1.2677e+00
1.2677e+00
1.2838e+00
1.2838e+00
1.2838e+00
1.2999e+00
1.3159e+00
1.3159e+00
1.3159e+00
1.3320e+00
1.3320e+00
1.3481e+00
1.3481e+00
1.3481e+00
1.3481e+00
1.3641e+00
1.3802e+00
1.3641e+00
1.3641e+00
1.3802e+00
1.3802e+00
1.3802e+00
1.3962e+00
1.3962e+00
1.3962e+00
1.3962e+00
1.3962e+00
1.3962e+00
1.3962e+00
1.4123e+00
1.3962e+00
1.3962e+00
1.3962e+00
1.3962e+00
1.3802e+00
1.3802e+00
1.3802e+00
1.3641e+00
1.3641e+00
1.3641e+00
1.3641e+00
1.3641e+00
1.3481e+00
1.3320e+00
1.3320e+00
1.3320e+00
1.3159e+00
1.3159e+00
1.3159e+00
1.2999e+00
1.2999e+00
1.2838e+00
1.2838e+00
1.2838e+00
1.2677e+00
1.2677e+00
1.2677e+00
1.2677e+00
1.2517e+00
1.2517e+00
1.2677e+00
1.2517e+00
1.2517e+00
1.2517e+00
1.2356e+00
1.2356e+00
1.2356e+00
1.2356e+00
1.2196e+00
1.2196e+00
1.2196e+00
1.2035e+00
1.2035e+00
1.2035e+00
1.2035e+00
1.1874e+00
1.1874e+00
1.1874e+00
1.1714e+00
1.1553e+00
1.1553e+00
1.1553e+00
1.1392e+00
1.1232e+00
1.1232e+00
1.1071e+00
1.1071e+00
1.1071e+00
1.1071e+00
1.0910e+00
1.0910e+00
1.0910e+00
1.0910e+00
1.0749e+00
1.0910e+00
1.0749e+00
1.0749e+00
1.0749e+00
1.0749e+00
1.0589e+00
1.0589e+00
1.0589e+00
1.0428e+00
1.0589e+00
1.0589e+00
1.0589e+00
1.0589e+00
1.0589e+00
1.0589e+00
1.0589e+00
1.0428e+00
1.0589e+00
1.0589e+00
1.0428e+00
1.0428e+00
1.0428e+00
1.0267e+00
1.0267e+00
1.0267e+00
1.0428e+00
1.0267e+00
1.0267e+00
1.0428e+00
1.0267e+00
1.0267e+00
1.0267e+00
1.0267e+00
1.0267e+00
1.0267e+00
1.0267e+00
1.0106e+00
1.0106e+00
1.0106e+00
1.0267e+00
1.0267e+00
1.0267e+00
1.0267e+00
1.0106e+00
1.0106e+00
1.0267e+00
1.0267e+00
1.0106e+00
1.0267e+00
1.0267e+00
1.0267e+00
1.0267e+00
1.0267e+00
1.0267e+00
1.0267e+00
1.0267e+00
1.0267e+00
1.0267e+00
1.0267e+00
1.0267e+00
1.0267e+00
1.0106e+00
1.0267e+00
1.0106e+00
1.0106e+00
1.0106e+00
1.0106e+00
9.9457e-01
9.9457e-01
9.7850e-01
9.7850e-01
9.6242e-01
9.6242e-01
9.4634e-01
9.4634e-01
9.3027e-01
9.3027e-01
9.1419e-01
9.1419e-01
8.9811e-01
8.8203e-01
8.6595e-01
8.6595e-01
8.6595e-01
8.3378e-01
8.3378e-01
8.1770e-01
8.0162e-01
8.0162e-01
8.0162e-01
8.0162e-01
7.8553e-01
7.6945e-01
7.6945e-01
7.6945e-01
7.6945e-01
7.6945e-01
7.5336e-01
7.5336e-01
7.5336e-01
7.3728e-01
7.3728e-01
7.3728e-01
7.3728e-01
7.2119e-01
7.2119e-01
7.2119e-01
7.2119e-01
7.2119e-01
7.2119e-01
7.2119e-01
7.2119e-01
7.2119e-01
7.2119e-01
7.2119e-01
7.2119e-01
7.2119e-01
7.2119e-01
7.2119e-01
7.2119e-01
7.0510e-01
7.2119e-01
7.2119e-01
7.2119e-01
7.2119e-01
7.2119e-01
7.2119e-01
7.2119e-01
7.3728e-01
7.3728e-01
7.2119e-01
7.2119e-01
7.3728e-01
7.2119e-01
7.2119e-01
7.2119e-01
7.2119e-01
7.2119e-01
7.2119e-01
7.2119e-01
7.3728e-01
7.3728e-01
7.3728e-01
7.3728e-01
7.3728e-01
7.3728e-01
7.3728e-01
7.3728e-01
7.3728e-01
7.3728e-01
7.3728e-01
7.3728e-01
7.2119e-01
7.3728e-01
7.3728e-01
7.3728e-01
7.3728e-01
7.3728e-01
7.3728e-01
7.3728e-01
7.3728e-01
7.5336e-01
7.3728e-01
7.3728e-01
7.3728e-01
7.3728e-01
7.3728e-01
7.2119e-01
7.2119e-01
7.2119e-01
7.2119e-01
7.2119e-01
7.2119e-01
7.0510e-01
7.2119e-01
7.2119e-01
7.2119e-01
7.2119e-01
7.2119e-01
7.2119e-01
7.2119e-01
7.2119e-01
7.0510e-01
7.0510e-01
7.2119e-01
7.2119e-01
7.0510e-01
7.0510e-01
7.0510e-01
7.0510e-01
7.0510e-01
7.2119e-01
7.2119e-01
7.2119e-01
7.2119e-01
7.2119e-01
7.2119e-01
7.2119e-01
7.0510e-01
7.2119e-01
7.0510e-01
7.0510e-01
7.0510e-01
7.0510e-01
7.0510e-01
7.0510e-01
7.0510e-01
6.8901e-01
7.0510e-01
6.8901e-01
7.0510e-01
6.8901e-01
6.8901e-01
7.0510e-01
6.8901e-01
6.8901e-01
6.8901e-01
7.0510e-01
7.0510e-01
6.8901e-01
7.0510e-01
7.0510e-01
7.0510e-01
7.0510e-01
7.2119e-01
7.2119e-01
7.3728e-01
7.3728e-01
7.3728e-01
7.3728e-01
7.3728e-01
7.3728e-01
7.3728e-01
7.5336e-01
7.5336e-01
7.5336e-01
7.6945e-01
7.8553e-01
7.8553e-01
7.8553e-01
8.0162e-01
8.0162e-01
8.0162e-01
8.0162e-01
8.0162e-01
8.0162e-01
8.0162e-01
8.1770e-01
8.0162e-01
8.0162e-01
8.0162e-01
8.0162e-01
8.0162e-01
8.0162e-01
8.0162e-01
8.0162e-01
8.1770e-01
8.1770e-01
8.0162e-01
8.0162e-01
8.1770e-01
8.0162e-01
7.8553e-01
7.8553e-01
7.8553e-01
7.8553e-01
7.8553e-01
7.8553e-01
7.6945e-01
7.6945e-01
7.6945e-01
7.6945e-01
7.5336e-01
7.5336e-01
7.5336e-01
7.5336e-01
7.5336e-01
7.5336e-01
7.3728e-01
7.3728e-01
7.3728e-01
7.3728e-01
7.2119e-01
7.2119e-01
7.0510e-01
7.0510e-01
7.0510e-01
7.0510e-01
7.0510e-01
7.0510e-01
6.8901e-01
6.8901e-01
6.7292e-01
6.7292e-01
6.7292e-01
6.5683e-01
6.5683e-01
6.5683e-01
6.4074e-01
6.4074e-01
6.4074e-01
6.4074e-01
6.4074e-01
6.4074e-01
6.4074e-01
6.4074e-01
6.4074e-01
6.4074e-01
6.2465e-01
6.2465e-01
6.2465e-01
6.2465e-01
6.0856e-01
6.0856e-01
6.0856e-01
6.0856e-01
6.0856e-01
6.0856e-01
6.2465e-01
6.2465e-01
6.2465e-01
6.2465e-01
6.2465e-01
6.0856e-01
6.2465e-01
6.2465e-01
6.0856e-01
6.0856e-01
6.0856e-01
6.2465e-01
6.2465e-01
6.2465e-01
6.2465e-01
6.2465e-01
6.4074e-01
6.4074e-01
6.4074e-01
6.4074e-01
6.4074e-01
6.5683e-01
6.5683e-01
6.5683e-01
6.5683e-01
6.5683e-01
6.7292e-01
6.7292e-01
6.7292e-01
6.8901e-01
6.8901e-01
7.0510e-01
7.2119e-01
7.2119e-01
7.2119e-01
7.2119e-01
7.2119e-01
7.3728e-01
7.3728e-01
7.3728e-01
7.5336e-01
7.5336e-01
7.5336e-01
7.6945e-01
7.6945e-01
7.6945e-01
7.6945e-01
7.8553e-01
8.0162e-01
8.0162e-01
8.0162e-01
8.1770e-01
8.1770e-01
8.3378e-01
8.3378e-01
8.4987e-01
8.4987e-01
8.4987e-01
8.6595e-01
8.6595e-01
8.8203e-01
8.9811e-01
8.9811e-01
8.9811e-01
9.1419e-01
9.3027e-01
9.3027e-01
9.4634e-01
9.4634e-01
9.6242e-01
9.6242e-01
9.7850e-01
9.7850e-01
9.9457e-01
9.9457e-01
1.0106e+00
1.0106e+00
1.0267e+00
1.0267e+00
1.0267e+00
1.0267e+00
1.0428e+00
1.0428e+00
1.0428e+00
1.0589e+00
1.0589e+00
1.0589e+00
1.0749e+00
1.0749e+00
1.0749e+00
1.0749e+00
1.0910e+00
1.0910e+00
1.0910e+00
1.1071e+00
1.1071e+00
1.1232e+00
1.1232e+00
1.1232e+00
1.1392e+00
1.1392e+00
1.1553e+00
1.1553e+00
1.1714e+00
1.1714e+00
1.1714e+00
1.1714e+00
1.1714e+00
1.1874e+00
1.2035e+00
1.2035e+00
1.2196e+00
1.2196e+00
1.2356e+00
1.2517e+00
1.2517e+00
1.2677e+00
1.2838e+00
1.2838e+00
1.2838e+00
1.2999e+00
1.2999e+00
1.2999e+00
1.3159e+00
1.3159e+00
1.3320e+00
1.3481e+00
1.3481e+00
1.3641e+00
1.3641e+00
1.3802e+00
1.3802e+00
1.3802e+00
1.3962e+00
1.3962e+00
1.4123e+00
1.4123e+00
1.4123e+00
1.4123e+00
1.4283e+00
1.4283e+00
1.4444e+00
1.4444e+00
1.4444e+00
1.4605e+00
1.4605e+00
1.4765e+00
1.4765e+00
1.4926e+00
1.5086e+00
1.5086e+00
1.5247e+00
1.5247e+00
1.5247e+00
1.5247e+00
1.5407e+00
1.5407e+00
1.5568e+00
1.5568e+00
1.5728e+00
1.5728e+00
1.5889e+00
1.5889e+00
1.5889e+00
1.6049e+00
1.6049e+00
1.6049e+00
1.6210e+00
1.6210e+00
1.6210e+00
1.6370e+00
1.6370e+00
1.6370e+00
1.6370e+00
1.6531e+00
1.6531e+00
1.6531e+00
1.6531e+00
1.6531e+00
1.6531e+00
1.6531e+00
1.6531e+00
1.6691e+00
1.6691e+00
1.6691e+00
1.6691e+00
1.6691e+00
1.6691e+00
1.6691e+00
1.6691e+00
1.6531e+00
1.6531e+00
1.6531e+00
1.6370e+00
1.6210e+00
1.6210e+00
1.6049e+00
