5.9392e-01
5.9392e-01
5.9392e-01
5.7830e-01
5.7830e-01
5.7830e-01
5.6268e-01
5.6268e-01
5.6268e-01
5.7830e-01
5.6268e-01
5.6268e-01
5.7830e-01
5.6268e-01
5.6268e-01
5.7830e-01
5.7830e-01
5.6268e-01
5.6268e-01
5.6268e-01
5.6268e-01
5.6268e-01
5.6268e-01
5.7830e-01
5.7830e-01
5.7830e-01
5.9392e-01
5.9392e-01
5.9392e-01
5.9392e-01
6.0953e-01
6.0953e-01
6.0953e-01
6.0953e-01
6.2515e-01
6.2515e-01
6.2515e-01
6.4076e-01
6.2515e-01
6.2515e-01
6.4076e-01
6.4076e-01
6.5638e-01
6.5638e-01
6.7199e-01
6.7199e-01
6.8760e-01
7.0321e-01
7.0321e-01
7.0321e-01
7.1883e-01
7.0321e-01
7.1883e-01
7.1883e-01
7.3444e-01
7.3444e-01
7.5005e-01
7.6565e-01
7.6565e-01
7.6565e-01
7.8126e-01
7.9687e-01
8.1248e-01
8.1248e-01
8.2808e-01
8.2808e-01
8.4369e-01
8.7490e-01
8.7490e-01
8.7490e-01
8.9050e-01
9.0611e-01
9.2171e-01
9.3731e-01
9.3731e-01
9.3731e-01
9.5291e-01
9.6851e-01
9.8411e-01
9.9971e-01
9.9971e-01
1.0153e+00
1.0153e+00
1.0153e+00
1.0309e+00
1.0465e+00
1.0621e+00
1.0465e+00
1.0621e+00
1.0777e+00
1.0933e+00
1.1089e+00
1.1245e+00
1.1245e+00
1.1245e+00
1.1401e+00
1.1557e+00
1.1557e+00
1.1557e+00
1.1712e+00
1.1712e+00
1.1868e+00
1.1868e+00
1.2024e+00
1.2024e+00
1.2024e+00
1.2180e+00
1.2336e+00
1.2336e+00
1.2336e+00
1.2492e+00
1.2492e+00
1.2648e+00
1.2648e+00
1.2648e+00
1.2648e+00
1.2804e+00
1.2804e+00
1.2804e+00
1.2804e+00
1.2960e+00
1.3115e+00
1.3115e+00
1.3115e+00
1.3271e+00
1.3271e+00
1.3427e+00
1.3427e+00
1.3427e+00
1.3427e+00
1.3427e+00
1.3583e+00
1.3427e+00
1.3583e+00
1.3583e+00
1.3583e+00
1.3739e+00
1.3739e+00
1.3895e+00
1.3895e+00
1.4050e+00
1.4050e+00
1.4050e+00
1.4050e+00
1.4050e+00
1.4050e+00
1.4050e+00
1.4050e+00
1.4050e+00
1.3895e+00
1.4050e+00
1.3895e+00
1.3895e+00
1.4050e+00
1.4050e+00
1.4050e+00
1.4050e+00
1.4050e+00
1.4050e+00
1.4050e+00
1.4050e+00
1.4206e+00
1.4050e+00
1.4050e+00
1.4050e+00
1.3895e+00
1.3895e+00
1.3895e+00
1.3895e+00
1.3895e+00
1.3739e+00
1.3739e+00
1.3739e+00
1.3739e+00
1.3739e+00
1.3583e+00
1.3427e+00
1.3427e+00
1.3427e+00
1.3427e+00
1.3271e+00
1.3115e+00
1.3271e+00
1.3271e+00
1.3115e+00
1.3115e+00
1.3271e+00
1.3271e+00
1.3271e+00
1.3115e+00
1.3115e+00
1.3115e+00
1.3115e+00
1.3115e+00
1.3271e+00
1.3115e+00
1.3271e+00
1.3271e+00
1.3427e+00
1.3427e+00
1.3427e+00
1.3583e+00
1.3583e+00
1.3583e+00
1.3583e+00
1.3739e+00
1.3583e+00
1.3583e+00
1.3739e+00
1.3739e+00
1.3739e+00
1.3739e+00
1.3739e+00
1.3739e+00
1.3739e+00
1.3583e+00
1.3583e+00
1.3739e+00
1.3739e+00
1.3739e+00
1.3739e+00
1.3739e+00
1.3739e+00
1.3583e+00
1.3583e+00
1.3583e+00
1.3427e+00
1.3427e+00
1.3271e+00
1.3115e+00
1.3115e+00
1.2960e+00
1.2804e+00
1.2648e+00
1.2492e+00
1.2336e+00
1.2180e+00
1.2024e+00
1.1868e+00
1.1557e+00
1.1401e+00
1.1245e+00
1.0933e+00
1.0933e+00
1.0621e+00
1.0309e+00
1.0309e+00
1.0153e+00
9.8411e-01
9.6851e-01
9.6851e-01
9.5291e-01
9.2171e-01
9.0611e-01
9.0611e-01
8.7490e-01
8.5929e-01
8.4369e-01
8.4369e-01
8.2808e-01
7.9687e-01
7.9687e-01
7.8126e-01
7.6565e-01
7.6565e-01
7.5005e-01
7.5005e-01
7.5005e-01
7.3444e-01
7.3444e-01
7.1883e-01
7.1883e-01
7.1883e-01
7.1883e-01
7.0321e-01
6.8760e-01
6.8760e-01
6.8760e-01
6.7199e-01
6.7199e-01
6.7199e-01
6.5638e-01
6.5638e-01
6.5638e-01
6.5638e-01
6.5638e-01
6.4076e-01
6.4076e-01
6.4076e-01
6.4076e-01
6.4076e-01
6.4076e-01
6.2515e-01
6.0953e-01
6.0953e-01
6.0953e-01
6.0953e-01
5.9392e-01
5.7830e-01
5.7830e-01
5.6268e-01
5.4707e-01
5.4707e-01
5.3145e-01
5.3145e-01
5.1583e-01
4.8459e-01
4.6897e-01
4.6897e-01
4.5334e-01
4.3772e-01
4.2210e-01
4.0647e-01
3.9085e-01
3.9085e-01
3.7522e-01
3.5960e-01
3.4397e-01
3.4397e-01
3.2834e-01
3.2834e-01
3.1271e-01
3.1271e-01
2.9708e-01
2.8145e-01
2.8145e-01
2.6582e-01
2.6582e-01
2.5019e-01
2.5019e-01
2.5019e-01
2.5019e-01
2.5019e-01
2.5019e-01
2.3456e-01
2.3456e-01
2.3456e-01
2.3456e-01
2.1893e-01
2.1893e-01
2.1893e-01
2.0329e-01
2.0329e-01
2.0329e-01
2.0329e-01
2.0329e-01
2.0329e-01
2.0329e-01
2.0329e-01
2.0329e-01
2.0329e-01
2.0329e-01
2.0329e-01
1.8766e-01
2.0329e-01
2.0329e-01
2.0329e-01
1.8766e-01
2.0329e-01
2.0329e-01
1.8766e-01
1.8766e-01
1.8766e-01
2.0329e-01
2.0329e-01
2.0329e-01
2.0329e-01
2.0329e-01
2.0329e-01
2.0329e-01
2.1893e-01
2.1893e-01
2.1893e-01
2.1893e-01
2.3456e-01
2.3456e-01
2.3456e-01
2.3456e-01
2.5019e-01
2.5019e-01
2.6582e-01
2.6582e-01
2.8145e-01
2.8145e-01
2.8145e-01
2.8145e-01
2.9708e-01
2.9708e-01
2.9708e-01
3.1271e-01
3.1271e-01
2.9708e-01
3.1271e-01
3.2834e-01
3.1271e-01
3.4397e-01
3.4397e-01
3.4397e-01
3.5960e-01
3.5960e-01
3.5960e-01
3.7522e-01
3.9085e-01
3.9085e-01
3.9085e-01
3.9085e-01
4.0647e-01
4.0647e-01
4.2210e-01
4.2210e-01
4.3772e-01
4.3772e-01
4.5334e-01
4.6897e-01
4.6897e-01
4.6897e-01
4.6897e-01
4.8459e-01
4.8459e-01
5.0021e-01
5.0021e-01
5.0021e-01
5.0021e-01
5.0021e-01
5.0021e-01
5.1583e-01
5.3145e-01
5.4707e-01
5.3145e-01
5.4707e-01
5.6268e-01
5.6268e-01
5.6268e-01
5.6268e-01
5.6268e-01
5.7830e-01
5.7830e-01
5.7830e-01
5.7830e-01
5.7830e-01
5.7830e-01
5.9392e-01
5.9392e-01
5.9392e-01
5.9392e-01
5.9392e-01
6.0953e-01
5.9392e-01
6.0953e-01
6.0953e-01
6.0953e-01
6.0953e-01
6.0953e-01
6.0953e-01
6.0953e-01
6.0953e-01
6.0953e-01
6.0953e-01
6.2515e-01
6.2515e-01
6.2515e-01
6.4076e-01
6.2515e-01
6.4076e-01
6.4076e-01
6.4076e-01
6.4076e-01
6.4076e-01
6.5638e-01
6.5638e-01
6.5638e-01
6.5638e-01
6.5638e-01
6.7199e-01
6.7199e-01
6.7199e-01
6.8760e-01
6.8760e-01
6.8760e-01
6.8760e-01
7.0321e-01
7.0321e-01
7.0321e-01
7.1883e-01
7.1883e-01
7.1883e-01
7.1883e-01
7.1883e-01
7.1883e-01
7.3444e-01
7.3444e-01
7.3444e-01
7.5005e-01
7.5005e-01
7.5005e-01
7.5005e-01
7.5005e-01
7.6565e-01
7.5005e-01
7.6565e-01
7.6565e-01
7.6565e-01
7.6565e-01
7.8126e-01
7.8126e-01
7.8126e-01
7.8126e-01
7.9687e-01
7.9687e-01
7.9687e-01
7.9687e-01
8.1248e-01
8.1248e-01
8.1248e-01
8.2808e-01
8.2808e-01
8.2808e-01
8.2808e-01
8.2808e-01
8.2808e-01
8.2808e-01
8.4369e-01
8.4369e-01
8.4369e-01
8.5929e-01
8.5929e-01
8.7490e-01
8.7490e-01
8.7490e-01
8.9050e-01
8.9050e-01
9.0611e-01
9.0611e-01
9.0611e-01
9.0611e-01
9.0611e-01
9.2171e-01
9.2171e-01
9.3731e-01
9.3731e-01
9.3731e-01
9.3731e-01
9.3731e-01
9.5291e-01
9.3731e-01
9.5291e-01
9.5291e-01
9.5291e-01
9.5291e-01
9.5291e-01
9.5291e-01
9.5291e-01
9.6851e-01
9.6851e-01
9.6851e-01
9.6851e-01
9.5291e-01
9.6851e-01
9.6851e-01
9.6851e-01
9.6851e-01
9.6851e-01
9.5291e-01
9.6851e-01
9.5291e-01
9.6851e-01
9.6851e-01
9.6851e-01
9.6851e-01
9.6851e-01
9.8411e-01
9.8411e-01
9.9971e-01
9.9971e-01
1.0153e+00
1.0153e+00
1.0153e+00
1.0153e+00
1.0309e+00
1.0465e+00
1.0465e+00
1.0465e+00
1.0621e+00
1.0777e+00
1.0777e+00
1.0933e+00
1.1089e+00
1.1089e+00
1.1245e+00
1.1401e+00
1.1557e+00
1.1712e+00
1.1868e+00
1.1868e+00
1.2024e+00
1.2024e+00
1.2180e+00
1.2336e+00
1.2492e+00
1.2648e+00
1.2648e+00
1.2804e+00
1.2960e+00
1.2960e+00
1.3115e+00
1.3271e+00
1.3427e+00
1.3583e+00
1.3739e+00
1.3895e+00
1.3895e+00
1.3895e+00
1.4050e+00
1.4050e+00
1.4206e+00
1.4206e+00
1.4362e+00
1.4362e+00
1.4362e+00
1.4518e+00
1.4518e+00
1.4518e+00
1.4518e+00
1.4518e+00
1.4518e+00
1.4518e+00
1.4518e+00
1.4518e+00
1.4518e+00
1.4362e+00
1.4362e+00
1.4362e+00
1.4206e+00
1.4206e+00
1.4206e+00
1.4206e+00
1.4206e+00
1.4206e+00
1.4206e+00
1.4050e+00
1.3895e+00
1.3895e+00
1.3895e+00
1.3739e+00
1.3739e+00
1.3583e+00
1.3583e+00
1.3427e+00
1.3583e+00
1.3427e+00
1.3427e+00
1.3271e+00
1.3271e+00
1.3271e+00
1.3271e+00
1.3271e+00
1.3271e+00
1.3115e+00
1.3115e+00
1.3115e+00
1.3115e+00
1.2960e+00
1.2960e+00
1.2960e+00
1.2804e+00
1.2960e+00
1.2804e+00
1.2804e+00
1.2804e+00
1.2804e+00
1.2804e+00
1.2804e+00
1.2804e+00
1.2648e+00
1.2648e+00
1.2648e+00
1.2648e+00
1.2648e+00
1.2648e+00
1.2648e+00
1.2492e+00
1.2492e+00
1.2492e+00
1.2492e+00
1.2492e+00
1.2492e+00
1.2492e+00
1.2336e+00
1.2336e+00
1.2336e+00
1.2180e+00
1.2024e+00
1.1868e+00
1.1868e+00
1.1712e+00
1.1557e+00
1.1557e+00
1.1401e+00
1.1401e+00
1.1245e+00
1.1089e+00
1.1089e+00
1.0933e+00
1.0933e+00
1.0777e+00
1.0621e+00
1.0465e+00
1.0309e+00
1.0153e+00
1.0153e+00
9.9971e-01
9.8411e-01
9.6851e-01
9.6851e-01
9.5291e-01
9.3731e-01
9.3731e-01
9.2171e-01
9.2171e-01
9.0611e-01
8.9050e-01
8.9050e-01
8.7490e-01
8.7490e-01
8.7490e-01
8.7490e-01
8.5929e-01
8.5929e-01
8.5929e-01
8.4369e-01
8.4369e-01
8.4369e-01
8.5929e-01
8.5929e-01
8.4369e-01
8.5929e-01
8.4369e-01
8.5929e-01
8.5929e-01
8.5929e-01
8.5929e-01
8.7490e-01
8.7490e-01
8.7490e-01
8.9050e-01
8.9050e-01
8.9050e-01
9.0611e-01
9.0611e-01
9.0611e-01
9.2171e-01
9.3731e-01
9.3731e-01
9.3731e-01
9.3731e-01
9.5291e-01
9.6851e-01
9.6851e-01
9.5291e-01
9.6851e-01
9.6851e-01
9.6851e-01
9.8411e-01
9.8411e-01
9.9971e-01
9.9971e-01
9.9971e-01
1.0153e+00
1.0153e+00
1.0309e+00
1.0309e+00
1.0309e+00
1.0465e+00
1.0465e+00
1.0621e+00
1.0621e+00
1.0621e+00
1.0777e+00
1.0933e+00
1.0933e+00
1.1089e+00
1.1089e+00
1.1245e+00
1.1245e+00
1.1401e+00
1.1401e+00
1.1401e+00
1.1401e+00
1.1401e+00
1.1557e+00
1.1557e+00
1.1557e+00
1.1557e+00
1.1557e+00
1.1557e+00
1.1557e+00
1.1401e+00
1.1401e+00
1.1401e+00
1.1401e+00
1.1245e+00
1.1245e+00
1.1089e+00
1.1089e+00
1.0933e+00
1.0933e+00
1.0777e+00
1.0777e+00
1.0621e+00
1.0465e+00
1.0465e+00
1.0309e+00
1.0309e+00
1.0153e+00
9.9971e-01
9.8411e-01
9.6851e-01
9.6851e-01
9.5291e-01
9.5291e-01
9.3731e-01
9.2171e-01
9.2171e-01
9.0611e-01
9.0611e-01
8.9050e-01
8.9050e-01
8.9050e-01
8.7490e-01
8.7490e-01
8.7490e-01
8.5929e-01
8.5929e-01
8.5929e-01
8.5929e-01
8.4369e-01
8.4369e-01
8.4369e-01
8.2808e-01
8.2808e-01
8.2808e-01
8.2808e-01
8.1248e-01
8.1248e-01
8.1248e-01
7.9687e-01
7.8126e-01
7.8126e-01
7.8126e-01
7.6565e-01
7.6565e-01
7.5005e-01
7.5005e-01
7.3444e-01
7.1883e-01
7.0321e-01
7.0321e-01
7.0321e-01
7.0321e-01
6.8760e-01
6.8760e-01
6.8760e-01
6.7199e-01
6.7199e-01
6.5638e-01
6.5638e-01
6.4076e-01
6.2515e-01
6.0953e-01
5.9392e-01
5.9392e-01
5.7830e-01
5.6268e-01
5.6268e-01
5.4707e-01
5.3145e-01
5.1583e-01
5.0021e-01
4.8459e-01
4.8459e-01
4.6897e-01
4.5334e-01
4.3772e-01
4.2210e-01
4.2210e-01
4.0647e-01
4.0647e-01
3.9085e-01
3.9085e-01
3.9085e-01
3.9085e-01
3.9085e-01
3.9085e-01
3.9085e-01
3.9085e-01
3.9085e-01
3.9085e-01
3.9085e-01
4.0647e-01
4.0647e-01
4.2210e-01
4.2210e-01
4.2210e-01
4.2210e-01
4.3772e-01
4.5334e-01
4.3772e-01
4.5334e-01
4.6897e-01
4.8459e-01
4.8459e-01
4.8459e-01
4.8459e-01
5.0021e-01
5.1583e-01
5.1583e-01
5.1583e-01
5.1583e-01
5.1583e-01
5.1583e-01
5.1583e-01
5.1583e-01
5.1583e-01
5.1583e-01
5.1583e-01
5.1583e-01
5.1583e-01
5.1583e-01
5.1583e-01
5.1583e-01
5.1583e-01
5.0021e-01
5.0021e-01
5.0021e-01
4.8459e-01
4.8459e-01
4.8459e-01
4.6897e-01
4.8459e-01
4.6897e-01
4.6897e-01
4.6897e-01
4.5334e-01
4.5334e-01
4.3772e-01
4.5334e-01
4.3772e-01
4.3772e-01
4.2210e-01
4.2210e-01
4.2210e-01
4.2210e-01
4.2210e-01
4.2210e-01
4.2210e-01
4.2210e-01
4.2210e-01
4.3772e-01
4.3772e-01
4.3772e-01
4.3772e-01
4.3772e-01
4.3772e-01
4.3772e-01
4.5334e-01
4.3772e-01
4.3772e-01
4.3772e-01
4.3772e-01
4.3772e-01
4.3772e-01
4.3772e-01
4.3772e-01
4.3772e-01
4.3772e-01
4.3772e-01
4.2210e-01
4.2210e-01
4.2210e-01
4.2210e-01
4.2210e-01
4.0647e-01
4.0647e-01
4.0647e-01
3.9085e-01
3.9085e-01
3.9085e-01
3.9085e-01
3.9085e-01
3.9085e-01
3.9085e-01
3.9085e-01
3.9085e-01
3.9085e-01
3.9085e-01
4.0647e-01
3.9085e-01
3.9085e-01
4.0647e-01
4.0647e-01
3.9085e-01
4.0647e-01
4.0647e-01
4.2210e-01
4.2210e-01
4.2210e-01
4.3772e-01
4.2210e-01
4.3772e-01
4.3772e-01
4.3772e-01
4.3772e-01
4.3772e-01
4.3772e-01
4.5334e-01
4.6897e-01
4.6897e-01
4.6897e-01
4.8459e-01
4.8459e-01
5.0021e-01
5.0021e-01
5.0021e-01
5.1583e-01
5.1583e-01
5.1583e-01
5.1583e-01
5.1583e-01
5.3145e-01
5.3145e-01
5.3145e-01
5.3145e-01
5.4707e-01
5.4707e-01
5.4707e-01
5.4707e-01
5.4707e-01
5.4707e-01
5.6268e-01
5.6268e-01
5.6268e-01
5.6268e-01
5.6268e-01
5.6268e-01
5.6268e-01
5.6268e-01
5.4707e-01
5.6268e-01
5.6268e-01
5.6268e-01
5.4707e-01
5.4707e-01
5.4707e-01
5.4707e-01
5.4707e-01
5.4707e-01
5.4707e-01
5.4707e-01
5.4707e-01
5.4707e-01
5.4707e-01
5.3145e-01
5.3145e-01
5.3145e-01
5.3145e-01
5.3145e-01
5.3145e-01
5.3145e-01
5.3145e-01
5.3145e-01
5.3145e-01
5.3145e-01
5.4707e-01
5.3145e-01
5.3145e-01
5.3145e-01
5.3145e-01
5.3145e-01
5.3145e-01
5.3145e-01
5.3145e-01
5.3145e-01
5.4707e-01
5.4707e-01
5.4707e-01
5.4707e-01
5.4707e-01
5.4707e-01
5.4707e-01
5.6268e-01
5.6268e-01
5.4707e-01
5.4707e-01
5.6268e-01
5.6268e-01
5.6268e-01
5.6268e-01
5.6268e-01
5.7830e-01
5.9392e-01
5.9392e-01
6.0953e-01
6.0953e-01
6.0953e-01
6.2515e-01
6.2515e-01
6.4076e-01
6.4076e-01
6.4076e-01
6.5638e-01
6.7199e-01
6.7199e-01
6.8760e-01
7.0321e-01
7.0321e-01
7.1883e-01
7.3444e-01
7.3444e-01
7.5005e-01
7.6565e-01
7.8126e-01
7.9687e-01
7.9687e-01
8.1248e-01
8.2808e-01
8.2808e-01
8.4369e-01
8.5929e-01
8.5929e-01
8.7490e-01
8.9050e-01
9.0611e-01
9.0611e-01
9.2171e-01
9.3731e-01
9.5291e-01
9.5291e-01
9.5291e-01
9.6851e-01
9.8411e-01
9.8411e-01
9.9971e-01
9.8411e-01
9.9971e-01
1.0153e+00
1.0153e+00
1.0153e+00
1.0153e+00
1.0153e+00
1.0309e+00
1.0309e+00
1.0309e+00
1.0309e+00
1.0309e+00
1.0309e+00
1.0153e+00
1.0153e+00
1.0153e+00
9.9971e-01
9.9971e-01
9.9971e-01
9.8411e-01
9.8411e-01
9.8411e-01
9.8411e-01
9.6851e-01
9.6851e-01
9.5291e-01
9.5291e-01
9.3731e-01
9.3731e-01
9.2171e-01
9.0611e-01
8.9050e-01
8.9050e-01
8.5929e-01
8.4369e-01
8.2808e-01
8.2808e-01
8.1248e-01
7.9687e-01
7.8126e-01
7.6565e-01
7.5005e-01
7.3444e-01
7.1883e-01
7.0321e-01
7.0321e-01
6.7199e-01
6.7199e-01
6.5638e-01
6.4076e-01
6.4076e-01
6.4076e-01
6.4076e-01
6.2515e-01
6.2515e-01
6.2515e-01
6.0953e-01
6.0953e-01
6.0953e-01
5.9392e-01
5.7830e-01
5.9392e-01
5.7830e-01
5.7830e-01
5.7830e-01
5.7830e-01
5.7830e-01
5.7830e-01
5.7830e-01
5.7830e-01
5.7830e-01
5.7830e-01
5.7830e-01
5.7830e-01
5.7830e-01
5.7830e-01
5.7830e-01
5.7830e-01
5.6268e-01
5.6268e-01
5.6268e-01
5.6268e-01
5.7830e-01
5.7830e-01
5.7830e-01
5.7830e-01
5.7830e-01
5.7830e-01
5.7830e-01
5.9392e-01
5.9392e-01
5.9392e-01
6.0953e-01
6.0953e-01
6.0953e-01
6.0953e-01
6.0953e-01
6.2515e-01
6.2515e-01
6.4076e-01
6.4076e-01
6.4076e-01
6.5638e-01
6.7199e-01
6.7199e-01
6.7199e-01
6.8760e-01
6.8760e-01
6.8760e-01
7.0321e-01
7.0321e-01
7.0321e-01
7.0321e-01
7.1883e-01
7.1883e-01
7.1883e-01
7.3444e-01
7.3444e-01
7.3444e-01
7.3444e-01
7.3444e-01
7.5005e-01
7.3444e-01
7.5005e-01
7.5005e-01
7.5005e-01
7.5005e-01
7.5005e-01
7.5005e-01
7.5005e-01
7.5005e-01
7.6565e-01
7.6565e-01
7.6565e-01
7.6565e-01
7.6565e-01
7.6565e-01
7.6565e-01
7.5005e-01
7.5005e-01
7.5005e-01
7.3444e-01
7.3444e-01
7.1883e-01
7.1883e-01
7.1883e-01
7.0321e-01
6.8760e-01
6.8760e-01
6.8760e-01
6.7199e-01
6.7199e-01
6.5638e-01
6.5638e-01
6.4076e-01
6.4076e-01
6.0953e-01
6.0953e-01
5.7830e-01
5.6268e-01
5.4707e-01
5.4707e-01
5.3145e-01
5.3145e-01
5.1583e-01
5.0021e-01
4.8459e-01
4.8459e-01
4.6897e-01
4.5334e-01
4.3772e-01
4.2210e-01
4.2210e-01
4.0647e-01
3.9085e-01
3.7522e-01
3.7522e-01
3.9085e-01
3.7522e-01
3.5960e-01
3.5960e-01
3.5960e-01
3.5960e-01
3.4397e-01
3.4397e-01
3.4397e-01
3.2834e-01
3.2834e-01
3.2834e-01
3.2834e-01
3.1271e-01
3.1271e-01
3.1271e-01
3.1271e-01
3.1271e-01
3.2834e-01
3.2834e-01
3.2834e-01
3.2834e-01
3.4397e-01
3.4397e-01
3.4397e-01
3.4397e-01
3.4397e-01
3.4397e-01
3.5960e-01
3.5960e-01
3.4397e-01
3.5960e-01
3.5960e-01
3.7522e-01
3.7522e-01
3.9085e-01
3.9085e-01
4.0647e-01
4.0647e-01
4.0647e-01
4.2210e-01
4.0647e-01
4.3772e-01
4.3772e-01
4.3772e-01
4.3772e-01
4.3772e-01
4.5334e-01
4.5334e-01
4.6897e-01
4.6897e-01
4.6897e-01
4.8459e-01
4.8459e-01
5.0021e-01
5.0021e-01
5.0021e-01
5.1583e-01
5.1583e-01
5.1583e-01
5.3145e-01
5.3145e-01
5.1583e-01
5.1583e-01
5.3145e-01
5.4707e-01
5.4707e-01
5.4707e-01
5.3145e-01
5.4707e-01
5.4707e-01
5.4707e-01
5.4707e-01
5.3145e-01
5.3145e-01
5.3145e-01
5.3145e-01
5.3145e-01
5.3145e-01
5.4707e-01
5.4707e-01
5.4707e-01
5.4707e-01
5.3145e-01
5.3145e-01
5.4707e-01
5.3145e-01
5.3145e-01
5.1583e-01
5.1583e-01
5.0021e-01
5.0021e-01
4.8459e-01
4.8459e-01
4.8459e-01
4.6897e-01
4.5334e-01
4.5334e-01
4.3772e-01
4.3772e-01
4.2210e-01
4.2210e-01
4.0647e-01
3.9085e-01
3.9085e-01
3.7522e-01
3.7522e-01
3.5960e-01
3.4397e-01
3.4397e-01
3.2834e-01
3.2834e-01
3.1271e-01
3.1271e-01
2.9708e-01
2.9708e-01
2.8145e-01
2.8145e-01
2.6582e-01
2.6582e-01
2.5019e-01
2.3456e-01
2.1893e-01
2.1893e-01
2.1893e-01
2.0329e-01
2.0329e-01
1.8766e-01
1.8766e-01
1.8766e-01
1.7203e-01
1.7203e-01
1.7203e-01
1.5639e-01
1.5639e-01
1.4075e-01
1.4075e-01
1.2512e-01
1.0948e-01
9.3843e-02
9.3843e-02
9.3843e-02
7.8204e-02
7.8204e-02
6.2565e-02
6.2565e-02
6.2565e-02
6.2565e-02
4.6925e-02
4.6925e-02
4.6925e-02
3.1284e-02
3.1284e-02
3.1284e-02
3.1284e-02
1.5643e-02
1.5643e-02
1.5643e-02
1.5643e-02
1.5643e-02
0000
1.5643e-02
0000
1.5643e-02
3.1284e-02
1.5643e-02
1.5643e-02
1.5643e-02
1.5643e-02
1.5643e-02
3.1284e-02
3.1284e-02
3.1284e-02
3.1284e-02
4.6925e-02
4.6925e-02
4.6925e-02
6.2565e-02
6.2565e-02
7.8204e-02
7.8204e-02
9.3843e-02
9.3843e-02
9.3843e-02
9.3843e-02
1.0948e-01
1.0948e-01
1.2512e-01
1.2512e-01
1.2512e-01
1.4075e-01
1.4075e-01
1.5639e-01
1.5639e-01
1.7203e-01
1.7203e-01
1.7203e-01
1.8766e-01
1.8766e-01
2.0329e-01
2.0329e-01
2.0329e-01
2.0329e-01
2.1893e-01
2.1893e-01
2.3456e-01
2.3456e-01
2.5019e-01
2.5019e-01
2.5019e-01
2.6582e-01
2.6582e-01
2.8145e-01
2.8145e-01
2.8145e-01
2.9708e-01
3.1271e-01
3.1271e-01
3.1271e-01
3.2834e-01
3.2834e-01
3.4397e-01
3.4397e-01
3.5960e-01
3.5960e-01
3.7522e-01
3.9085e-01
4.0647e-01
4.0647e-01
4.2210e-01
4.3772e-01
4.3772e-01
4.3772e-01
4.5334e-01
4.6897e-01
4.8459e-01
4.8459e-01
4.8459e-01
5.0021e-01
5.0021e-01
5.1583e-01
5.3145e-01
5.3145e-01
5.4707e-01
5.4707e-01
5.6268e-01
5.6268e-01
5.7830e-01
5.9392e-01
5.9392e-01
5.9392e-01
5.9392e-01
5.9392e-01
5.9392e-01
6.0953e-01
6.0953e-01
6.0953e-01
6.0953e-01
6.0953e-01
6.0953e-01
6.0953e-01
6.2515e-01
6.2515e-01
6.0953e-01
6.2515e-01
6.0953e-01
6.0953e-01
5.9392e-01
6.0953e-01
6.0953e-01
5.9392e-01
6.0953e-01
6.0953e-01
6.0953e-01
6.0953e-01
6.0953e-01
6.0953e-01
6.0953e-01
6.0953e-01
6.0953e-01
6.0953e-01
6.0953e-01
6.2515e-01
6.0953e-01
6.2515e-01
6.2515e-01
6.2515e-01
6.2515e-01
6.2515e-01
6.2515e-01
6.4076e-01
6.4076e-01
6.4076e-01
6.4076e-01
6.4076e-01
6.4076e-01
6.4076e-01
6.4076e-01
6.4076e-01
6.4076e-01
6.4076e-01
6.2515e-01
6.2515e-01
6.2515e-01
6.2515e-01
6.4076e-01
6.2515e-01
6.0953e-01
6.0953e-01
5.9392e-01
5.9392e-01
5.7830e-01
5.7830e-01
5.6268e-01
5.4707e-01
5.4707e-01
5.3145e-01
5.1583e-01
5.0021e-01
5.0021e-01
5.0021e-01
4.8459e-01
4.6897e-01
4.6897e-01
4.5334e-01
4.5334e-01
4.5334e-01
4.3772e-01
4.3772e-01
4.3772e-01
4.2210e-01
4.2210e-01
4.0647e-01
4.0647e-01
4.0647e-01
4.0647e-01
4.0647e-01
4.0647e-01
4.0647e-01
4.0647e-01
4.2210e-01
4.0647e-01
4.0647e-01
4.0647e-01
4.2210e-01
4.2210e-01
4.2210e-01
4.2210e-01
4.3772e-01
4.3772e-01
4.3772e-01
4.3772e-01
4.5334e-01
4.6897e-01
4.6897e-01
4.6897e-01
4.8459e-01
5.0021e-01
5.0021e-01
5.1583e-01
5.1583e-01
5.1583e-01
5.1583e-01
5.3145e-01
5.3145e-01
5.4707e-01
5.4707e-01
5.6268e-01
5.6268e-01
5.7830e-01
5.7830e-01
5.7830e-01
5.9392e-01
5.9392e-01
5.9392e-01
6.0953e-01
6.0953e-01
6.0953e-01
6.0953e-01
6.2515e-01
6.2515e-01
6.2515e-01
6.2515e-01
6.2515e-01
6.4076e-01
6.4076e-01
6.4076e-01
6.4076e-01
6.4076e-01
6.5638e-01
6.5638e-01
6.5638e-01
6.5638e-01
6.5638e-01
6.4076e-01
6.4076e-01
6.4076e-01
6.4076e-01
6.4076e-01
6.4076e-01
6.4076e-01
6.4076e-01
6.4076e-01
6.2515e-01
6.2515e-01
6.2515e-01
6.2515e-01
6.2515e-01
6.2515e-01
6.0953e-01
6.0953e-01
6.0953e-01
5.9392e-01
5.7830e-01
5.7830e-01
5.7830e-01
5.6268e-01
5.4707e-01
5.4707e-01
5.4707e-01
5.4707e-01
5.3145e-01
5.1583e-01
5.3145e-01
5.1583e-01
5.0021e-01
5.0021e-01
5.0021e-01
4.8459e-01
4.8459e-01
4.6897e-01
4.8459e-01
4.6897e-01
4.6897e-01
4.6897e-01
4.5334e-01
4.5334e-01
4.5334e-01
4.5334e-01
4.6897e-01
4.6897e-01
4.6897e-01
4.6897e-01
4.6897e-01
4.5334e-01
4.5334e-01
4.6897e-01
4.6897e-01
4.6897e-01
4.6897e-01
4.8459e-01
4.8459e-01
5.0021e-01
5.0021e-01
5.1583e-01
5.1583e-01
5.3145e-01
5.3145e-01
5.3145e-01
5.3145e-01
5.3145e-01
5.4707e-01
5.3145e-01
5.4707e-01
5.4707e-01
5.4707e-01
5.6268e-01
5.6268e-01
5.7830e-01
5.9392e-01
5.9392e-01
6.0953e-01
6.0953e-01
6.0953e-01
6.2515e-01
6.2515e-01
6.4076e-01
6.4076e-01
6.5638e-01
6.7199e-01
6.7199e-01
6.8760e-01
6.8760e-01
7.0321e-01
7.0321e-01
7.1883e-01
7.1883e-01
7.1883e-01
7.1883e-01
7.3444e-01
7.3444e-01
7.3444e-01
7.3444e-01
7.3444e-01
7.3444e-01
7.3444e-01
7.3444e-01
7.5005e-01
7.3444e-01
7.3444e-01
7.3444e-01
7.3444e-01
7.3444e-01
7.3444e-01
7.1883e-01
7.1883e-01
7.1883e-01
7.1883e-01
7.0321e-01
7.0321e-01
7.1883e-01
7.1883e-01
7.1883e-01
7.1883e-01
7.1883e-01
7.1883e-01
7.1883e-01
7.1883e-01
7.1883e-01
7.1883e-01
7.1883e-01
7.1883e-01
7.1883e-01
7.1883e-01
7.3444e-01
7.3444e-01
7.3444e-01
7.5005e-01
7.5005e-01
7.6565e-01
7.6565e-01
7.8126e-01
7.8126e-01
7.8126e-01
7.9687e-01
7.9687e-01
8.1248e-01
8.2808e-01
8.2808e-01
8.4369e-01
8.4369e-01
8.5929e-01
8.5929e-01
8.5929e-01
9.0611e-01
7.8126e-01
9.5291e-01
8.9050e-01
8.4369e-01
9.0611e-01
8.5929e-01
9.3731e-01
9.0611e-01
9.3731e-01
9.2171e-01
9.3731e-01
9.3731e-01
9.5291e-01
9.3731e-01
9.5291e-01
9.5291e-01
9.6851e-01
9.5291e-01
9.8411e-01
9.8411e-01
9.6851e-01
9.8411e-01
9.8411e-01
9.8411e-01
9.8411e-01
9.9971e-01
9.8411e-01
9.9971e-01
9.9971e-01
9.9971e-01
9.9971e-01
1.0153e+00
9.9971e-01
1.0153e+00
1.0153e+00
1.0153e+00
1.0153e+00
1.0309e+00
1.0309e+00
1.0465e+00
1.0465e+00
1.0465e+00
1.0465e+00
1.0465e+00
1.0621e+00
1.0621e+00
1.0777e+00
1.0777e+00
1.0933e+00
1.0933e+00
1.1089e+00
1.1245e+00
1.1089e+00
1.1245e+00
1.1245e+00
1.1401e+00
