2.9089e+00
2.8915e+00
2.8742e+00
2.8568e+00
2.8395e+00
2.8221e+00
2.8047e+00
2.7874e+00
2.7700e+00
2.7353e+00
2.7353e+00
2.7006e+00
2.6832e+00
2.6832e+00
2.6832e+00
2.6485e+00
2.6312e+00
2.6312e+00
2.6138e+00
2.6138e+00
2.5964e+00
2.5964e+00
2.5791e+00
2.5617e+00
2.5617e+00
2.5617e+00
2.5443e+00
2.5617e+00
2.5443e+00
2.5443e+00
2.5443e+00
2.5443e+00
2.5443e+00
2.5443e+00
2.5443e+00
2.5443e+00
2.5443e+00
2.5443e+00
2.5443e+00
2.5443e+00
2.5617e+00
2.5443e+00
2.5443e+00
2.5443e+00
2.5617e+00
2.5617e+00
2.5791e+00
2.5791e+00
2.5791e+00
2.5964e+00
2.5964e+00
2.6138e+00
2.6138e+00
2.6312e+00
2.6312e+00
2.6312e+00
2.6485e+00
2.6485e+00
2.6659e+00
2.6659e+00
2.6659e+00
2.6832e+00
2.6832e+00
2.7006e+00
2.7006e+00
2.7180e+00
2.7353e+00
2.7353e+00
2.7353e+00
2.7353e+00
2.7527e+00
2.7353e+00
2.7353e+00
2.7527e+00
2.7527e+00
2.7353e+00
2.7353e+00
2.7353e+00
2.7353e+00
2.7353e+00
2.7527e+00
2.7353e+00
2.7353e+00
2.7353e+00
2.7180e+00
2.7180e+00
2.7180e+00
2.7180e+00
2.7006e+00
2.7006e+00
2.7006e+00
2.6832e+00
2.6832e+00
2.6832e+00
2.6832e+00
2.6659e+00
2.6659e+00
2.6659e+00
2.6485e+00
2.6485e+00
2.6485e+00
2.6485e+00
2.6485e+00
2.6312e+00
2.6312e+00
2.6312e+00
2.6312e+00
2.6312e+00
2.6312e+00
2.6312e+00
2.6312e+00
2.6485e+00
2.6485e+00
2.6312e+00
2.6485e+00
2.6485e+00
2.6312e+00
2.6485e+00
2.6485e+00
2.6485e+00
2.6485e+00
2.6485e+00
2.6485e+00
2.6659e+00
2.6659e+00
2.6659e+00
2.6832e+00
2.6832e+00
2.6832e+00
2.7006e+00
2.7006e+00
2.7180e+00
2.7180e+00
2.7180e+00
2.7353e+00
2.7353e+00
2.7353e+00
2.7527e+00
2.7700e+00
2.7700e+00
2.7527e+00
2.7700e+00
2.7700e+00
2.7874e+00
2.7874e+00
2.8047e+00
2.8221e+00
2.8221e+00
2.8047e+00
2.8221e+00
2.8221e+00
2.8221e+00
2.8395e+00
2.8395e+00
2.8395e+00
2.8568e+00
2.8568e+00
2.8742e+00
2.8742e+00
2.8742e+00
2.8742e+00
2.8742e+00
2.8915e+00
2.8915e+00
2.8915e+00
2.8915e+00
2.8915e+00
2.8915e+00
2.9089e+00
2.9089e+00
2.8915e+00
2.8915e+00
2.9089e+00
2.9089e+00
2.8915e+00
2.8915e+00
2.9089e+00
2.9089e+00
2.9089e+00
2.9089e+00
2.9089e+00
2.9089e+00
2.9089e+00
2.9262e+00
2.9089e+00
2.9262e+00
2.9262e+00
2.9262e+00
2.9436e+00
2.9262e+00
2.9436e+00
2.9436e+00
2.9609e+00
2.9609e+00
2.9609e+00
2.9783e+00
2.9783e+00
2.9956e+00
2.9956e+00
3.0130e+00
3.0130e+00
3.0303e+00
3.0303e+00
3.0303e+00
3.0476e+00
3.0823e+00
3.0823e+00
3.0823e+00
3.0997e+00
3.1170e+00
3.1170e+00
3.1170e+00
3.1344e+00
3.1517e+00
3.1517e+00
3.1517e+00
3.1517e+00
3.1517e+00
3.1517e+00
3.1690e+00
3.1690e+00
3.1690e+00
3.1690e+00
3.1517e+00
3.1517e+00
3.1344e+00
3.1344e+00
3.1170e+00
3.0997e+00
3.0823e+00
3.0650e+00
3.0476e+00
3.0303e+00
3.0130e+00
2.9956e+00
2.9609e+00
2.9262e+00
2.9089e+00
2.8915e+00
2.8742e+00
2.8395e+00
2.8221e+00
2.8047e+00
2.7700e+00
2.7700e+00
2.7353e+00
2.7180e+00
2.6832e+00
2.6485e+00
2.6312e+00
2.6138e+00
2.5791e+00
2.5617e+00
2.5443e+00
2.5270e+00
2.5096e+00
2.4748e+00
2.4401e+00
2.4054e+00
2.3880e+00
2.3532e+00
2.3185e+00
2.3011e+00
2.2663e+00
2.2316e+00
2.1968e+00
2.1794e+00
2.1447e+00
2.1099e+00
2.0925e+00
2.0577e+00
2.0403e+00
2.0055e+00
1.9708e+00
1.9360e+00
1.9012e+00
1.8838e+00
1.8316e+00
1.8142e+00
1.7968e+00
1.7620e+00
1.7446e+00
1.6923e+00
1.6749e+00
1.6401e+00
1.6227e+00
1.5879e+00
1.5705e+00
1.5531e+00
1.5182e+00
1.4834e+00
1.4486e+00
1.4311e+00
1.3963e+00
1.3615e+00
1.3440e+00
1.3092e+00
1.2743e+00
1.2395e+00
1.2220e+00
1.2046e+00
1.1523e+00
1.1349e+00
1.1175e+00
1.1000e+00
1.0652e+00
1.0477e+00
1.0128e+00
9.9540e-01
9.6052e-01
9.4307e-01
9.2563e-01
8.9074e-01
8.7330e-01
8.3840e-01
8.2096e-01
8.0351e-01
7.6861e-01
7.5116e-01
7.3371e-01
7.1625e-01
6.8135e-01
6.6389e-01
6.4644e-01
6.1152e-01
5.9407e-01
5.5915e-01
5.4168e-01
5.4168e-01
5.0676e-01
4.8930e-01
4.7183e-01
4.5437e-01
4.3690e-01
4.1944e-01
4.0197e-01
3.6703e-01
3.4956e-01
3.4956e-01
3.3209e-01
3.1462e-01
2.9715e-01
2.7968e-01
2.6220e-01
2.2725e-01
2.4473e-01
2.0978e-01
1.9230e-01
1.9230e-01
1.7482e-01
1.5734e-01
1.3986e-01
1.2238e-01
1.2238e-01
1.0490e-01
8.7422e-02
6.9939e-02
6.9939e-02
5.2456e-02
5.2456e-02
3.4971e-02
3.4971e-02
1.7486e-02
1.7486e-02
1.7486e-02
1.7486e-02
0000
0000
0000
0000
0000
0000
0000
0000
0000
0000
1.7486e-02
1.7486e-02
1.7486e-02
3.4971e-02
3.4971e-02
5.2456e-02
5.2456e-02
6.9939e-02
6.9939e-02
8.7422e-02
8.7422e-02
1.0490e-01
1.2238e-01
1.2238e-01
1.3986e-01
1.5734e-01
1.5734e-01
1.7482e-01
1.7482e-01
1.9230e-01
2.0978e-01
2.0978e-01
2.2725e-01
2.2725e-01
2.4473e-01
2.4473e-01
2.6220e-01
2.6220e-01
2.7968e-01
2.7968e-01
2.9715e-01
2.9715e-01
3.1462e-01
3.1462e-01
3.3209e-01
3.4956e-01
3.4956e-01
3.6703e-01
3.8450e-01
3.8450e-01
4.0197e-01
4.0197e-01
4.1944e-01
4.3690e-01
4.3690e-01
4.5437e-01
4.5437e-01
4.7183e-01
4.8930e-01
5.0676e-01
5.2422e-01
5.2422e-01
5.4168e-01
5.5915e-01
5.7661e-01
5.9407e-01
5.9407e-01
5.9407e-01
6.1152e-01
6.2898e-01
6.4644e-01
6.4644e-01
6.6389e-01
6.6389e-01
6.8135e-01
6.6389e-01
6.8135e-01
6.8135e-01
6.6389e-01
6.8135e-01
6.6389e-01
6.6389e-01
6.4644e-01
6.4644e-01
6.2898e-01
6.1152e-01
5.9407e-01
5.7661e-01
5.7661e-01
5.5915e-01
5.4168e-01
5.4168e-01
5.2422e-01
5.0676e-01
5.0676e-01
4.8930e-01
4.7183e-01
4.5437e-01
4.5437e-01
4.3690e-01
4.1944e-01
4.0197e-01
3.8450e-01
4.0197e-01
3.8450e-01
3.6703e-01
3.6703e-01
3.4956e-01
3.6703e-01
3.4956e-01
3.4956e-01
3.4956e-01
3.3209e-01
3.3209e-01
3.3209e-01
3.3209e-01
3.1462e-01
3.1462e-01
3.1462e-01
3.1462e-01
3.1462e-01
2.9715e-01
2.9715e-01
2.9715e-01
2.9715e-01
2.9715e-01
2.9715e-01
2.9715e-01
2.9715e-01
2.9715e-01
2.9715e-01
2.7968e-01
2.9715e-01
3.1462e-01
2.9715e-01
2.9715e-01
3.1462e-01
3.1462e-01
3.1462e-01
3.1462e-01
3.3209e-01
3.3209e-01
3.3209e-01
3.4956e-01
3.4956e-01
3.4956e-01
3.4956e-01
3.4956e-01
3.4956e-01
3.6703e-01
3.6703e-01
3.6703e-01
3.6703e-01
3.8450e-01
4.0197e-01
4.0197e-01
4.0197e-01
4.0197e-01
4.1944e-01
4.1944e-01
4.1944e-01
4.3690e-01
4.3690e-01
4.3690e-01
4.5437e-01
4.7183e-01
4.7183e-01
4.7183e-01
4.8930e-01
4.8930e-01
4.8930e-01
5.0676e-01
5.2422e-01
5.2422e-01
5.2422e-01
5.4168e-01
5.5915e-01
5.5915e-01
5.7661e-01
5.9407e-01
5.9407e-01
6.1152e-01
6.1152e-01
6.2898e-01
6.2898e-01
6.4644e-01
6.6389e-01
6.8135e-01
6.8135e-01
6.9880e-01
6.9880e-01
6.9880e-01
6.9880e-01
7.1625e-01
6.9880e-01
6.9880e-01
6.9880e-01
6.9880e-01
6.8135e-01
6.8135e-01
6.8135e-01
6.6389e-01
6.6389e-01
6.4644e-01
6.4644e-01
6.4644e-01
6.2898e-01
6.1152e-01
5.9407e-01
5.9407e-01
5.7661e-01
5.5915e-01
5.5915e-01
5.4168e-01
5.2422e-01
5.0676e-01
5.0676e-01
5.0676e-01
4.8930e-01
4.8930e-01
4.8930e-01
4.8930e-01
4.8930e-01
4.8930e-01
4.7183e-01
4.7183e-01
4.7183e-01
4.7183e-01
4.5437e-01
4.7183e-01
4.8930e-01
4.8930e-01
4.8930e-01
4.8930e-01
5.2422e-01
5.2422e-01
5.2422e-01
5.4168e-01
5.5915e-01
5.7661e-01
5.7661e-01
5.9407e-01
6.1152e-01
6.1152e-01
6.1152e-01
6.2898e-01
6.4644e-01
6.4644e-01
6.6389e-01
6.8135e-01
6.8135e-01
6.9880e-01
7.1625e-01
7.1625e-01
7.3371e-01
7.3371e-01
7.5116e-01
7.5116e-01
7.6861e-01
7.6861e-01
7.6861e-01
7.8606e-01
7.8606e-01
8.0351e-01
8.0351e-01
8.2096e-01
8.3840e-01
8.3840e-01
8.5585e-01
8.7330e-01
8.7330e-01
8.9074e-01
8.9074e-01
9.0819e-01
9.0819e-01
9.0819e-01
9.2563e-01
9.2563e-01
9.4307e-01
9.4307e-01
9.6052e-01
9.6052e-01
9.6052e-01
9.7796e-01
9.9540e-01
9.9540e-01
9.9540e-01
1.0128e+00
1.0128e+00
1.0128e+00
1.0128e+00
1.0128e+00
1.0303e+00
1.0303e+00
1.0477e+00
1.0477e+00
1.0477e+00
1.0652e+00
1.0652e+00
1.0652e+00
1.0826e+00
1.0826e+00
1.1000e+00
1.1000e+00
1.1000e+00
1.1175e+00
1.1175e+00
1.1175e+00
1.1175e+00
1.1175e+00
1.1349e+00
1.1349e+00
1.1523e+00
1.1523e+00
1.1698e+00
1.1698e+00
1.1698e+00
1.1698e+00
1.1872e+00
1.1698e+00
1.1698e+00
1.1872e+00
1.1698e+00
1.1698e+00
1.1698e+00
1.1698e+00
1.1698e+00
1.1698e+00
1.1698e+00
1.1698e+00
1.1872e+00
1.1872e+00
1.1872e+00
1.1872e+00
1.1872e+00
1.1872e+00
1.1872e+00
1.1872e+00
1.1872e+00
1.1872e+00
1.1872e+00
1.2046e+00
1.2046e+00
1.2220e+00
1.2220e+00
1.2395e+00
1.2395e+00
1.2569e+00
1.2569e+00
1.2743e+00
1.2743e+00
1.2918e+00
1.2918e+00
1.3092e+00
1.3092e+00
1.2918e+00
1.3092e+00
1.3266e+00
1.3440e+00
1.3440e+00
1.3440e+00
1.3615e+00
1.3789e+00
1.3789e+00
1.3963e+00
1.3963e+00
1.3963e+00
1.3963e+00
1.3963e+00
1.4137e+00
1.4137e+00
1.4137e+00
1.4311e+00
1.4311e+00
1.4311e+00
1.4486e+00
1.4486e+00
1.4486e+00
1.4486e+00
1.4486e+00
1.4660e+00
1.4660e+00
1.4660e+00
1.4660e+00
1.4660e+00
1.4660e+00
1.4486e+00
1.4486e+00
1.4486e+00
1.4311e+00
1.4311e+00
1.4137e+00
1.4137e+00
1.4137e+00
1.3963e+00
1.3963e+00
1.3789e+00
1.3615e+00
1.3440e+00
1.3440e+00
1.3092e+00
1.3092e+00
1.3266e+00
1.3092e+00
1.2918e+00
1.2918e+00
1.2743e+00
1.2569e+00
1.2743e+00
1.2743e+00
1.2743e+00
1.2743e+00
1.2743e+00
1.2743e+00
1.2743e+00
1.2743e+00
1.2743e+00
1.2743e+00
1.2743e+00
1.2743e+00
1.2918e+00
1.2918e+00
1.2918e+00
1.2918e+00
1.3092e+00
1.3092e+00
1.3092e+00
1.3092e+00
1.3266e+00
1.3266e+00
1.3092e+00
1.3266e+00
1.3266e+00
1.3266e+00
1.3266e+00
1.3266e+00
1.3266e+00
1.3266e+00
1.3266e+00
1.3266e+00
1.3266e+00
1.3266e+00
1.3266e+00
1.3266e+00
1.3266e+00
1.3266e+00
1.3266e+00
1.3092e+00
1.3092e+00
1.3266e+00
1.3092e+00
1.3266e+00
1.3266e+00
1.3092e+00
1.3092e+00
1.3092e+00
1.3266e+00
1.3266e+00
1.2918e+00
1.2918e+00
1.3266e+00
1.3092e+00
1.2918e+00
1.3092e+00
1.3092e+00
1.2743e+00
1.2918e+00
1.3092e+00
1.2918e+00
1.3092e+00
1.3092e+00
1.3092e+00
1.2918e+00
1.3092e+00
1.3092e+00
1.3092e+00
1.3266e+00
1.3266e+00
1.3266e+00
1.3266e+00
1.3092e+00
1.3266e+00
1.3266e+00
1.3266e+00
1.3440e+00
1.3440e+00
1.3440e+00
1.3615e+00
1.3615e+00
1.3789e+00
1.3615e+00
1.3615e+00
1.3615e+00
1.3615e+00
1.3615e+00
1.3440e+00
1.3440e+00
1.3266e+00
1.3266e+00
1.3092e+00
1.3092e+00
1.2918e+00
1.2918e+00
1.2743e+00
1.2743e+00
1.2743e+00
1.2569e+00
1.2395e+00
1.2395e+00
1.2220e+00
1.2220e+00
1.2046e+00
1.2046e+00
1.1872e+00
1.1698e+00
1.1872e+00
1.1698e+00
1.1698e+00
1.1523e+00
1.1698e+00
1.1698e+00
1.1523e+00
1.1523e+00
1.1523e+00
1.1523e+00
1.1523e+00
1.1523e+00
1.1523e+00
1.1523e+00
1.1523e+00
1.1523e+00
1.1523e+00
1.1523e+00
1.1523e+00
1.1698e+00
1.1872e+00
1.1872e+00
1.1872e+00
1.1872e+00
1.2046e+00
1.2046e+00
1.2046e+00
1.2046e+00
1.2046e+00
1.2046e+00
1.2220e+00
1.2220e+00
1.2220e+00
1.2395e+00
1.2395e+00
1.2569e+00
1.2569e+00
1.2743e+00
1.2918e+00
1.2918e+00
1.3092e+00
1.3092e+00
1.3092e+00
1.3266e+00
1.3266e+00
1.3440e+00
1.3440e+00
1.3615e+00
1.3615e+00
1.3789e+00
1.3789e+00
1.3963e+00
1.4137e+00
1.4137e+00
1.4311e+00
1.4486e+00
1.4486e+00
1.4660e+00
1.4486e+00
1.4834e+00
1.4834e+00
1.4834e+00
1.5008e+00
1.5182e+00
1.5356e+00
1.5531e+00
1.5531e+00
1.5705e+00
1.5879e+00
1.6053e+00
1.6227e+00
1.6227e+00
1.6401e+00
1.6401e+00
1.6575e+00
1.6749e+00
1.6923e+00
1.6923e+00
1.7097e+00
1.7272e+00
1.7272e+00
1.7620e+00
1.7794e+00
1.7794e+00
1.7968e+00
1.8142e+00
1.8142e+00
1.8316e+00
1.8316e+00
1.8490e+00
1.8490e+00
1.8664e+00
1.8838e+00
1.8838e+00
1.8838e+00
1.9012e+00
1.9186e+00
1.9360e+00
1.9534e+00
1.9534e+00
1.9708e+00
1.9881e+00
2.0055e+00
2.0055e+00
2.0229e+00
2.0229e+00
2.0403e+00
2.0577e+00
2.0577e+00
2.0925e+00
2.0925e+00
2.1099e+00
2.1273e+00
2.1273e+00
2.1447e+00
2.1620e+00
2.1620e+00
2.1968e+00
2.1968e+00
2.1968e+00
2.2316e+00
2.2316e+00
2.2316e+00
2.2316e+00
2.2490e+00
2.2490e+00
2.2663e+00
2.2837e+00
2.2837e+00
2.3011e+00
2.3011e+00
2.3011e+00
2.3185e+00
2.3185e+00
2.3011e+00
2.3011e+00
2.3011e+00
2.3011e+00
2.3011e+00
2.3011e+00
2.2837e+00
2.2837e+00
2.3011e+00
2.3011e+00
2.3185e+00
2.3185e+00
2.3185e+00
2.3359e+00
2.3359e+00
2.3359e+00
2.3532e+00
2.3359e+00
2.3532e+00
2.3532e+00
2.3532e+00
2.3359e+00
2.3185e+00
2.3011e+00
2.3011e+00
2.2837e+00
2.2837e+00
2.2663e+00
2.2490e+00
2.2490e+00
2.2316e+00
2.2316e+00
2.2142e+00
2.1968e+00
2.1794e+00
2.1794e+00
2.1620e+00
2.1620e+00
2.1447e+00
2.1447e+00
2.1447e+00
2.1447e+00
2.1447e+00
2.1447e+00
2.1447e+00
2.1447e+00
2.1447e+00
2.1447e+00
2.1447e+00
2.1273e+00
2.1447e+00
2.1273e+00
2.1273e+00
2.1273e+00
2.1273e+00
2.1099e+00
2.1099e+00
2.1099e+00
2.1099e+00
2.1099e+00
2.0925e+00
2.0925e+00
2.0925e+00
2.0751e+00
2.0751e+00
2.0751e+00
2.0577e+00
2.0577e+00
2.0577e+00
2.0403e+00
2.0403e+00
2.0403e+00
2.0403e+00
2.0403e+00
2.0403e+00
2.0403e+00
2.0229e+00
2.0229e+00
2.0229e+00
2.0229e+00
2.0229e+00
2.0229e+00
2.0229e+00
2.0055e+00
2.0055e+00
2.0055e+00
2.0055e+00
2.0055e+00
2.0229e+00
2.0055e+00
2.0055e+00
2.0055e+00
2.0229e+00
2.0229e+00
2.0229e+00
2.0229e+00
2.0229e+00
2.0229e+00
2.0229e+00
2.0403e+00
2.0229e+00
2.0229e+00
2.0229e+00
2.0403e+00
2.0403e+00
2.0403e+00
2.0403e+00
2.0577e+00
2.0577e+00
2.0751e+00
2.0751e+00
2.0751e+00
2.0925e+00
2.0925e+00
2.0925e+00
2.1099e+00
2.1099e+00
2.0925e+00
2.1099e+00
2.1273e+00
2.1273e+00
2.1273e+00
2.1447e+00
2.1620e+00
2.1794e+00
2.1794e+00
2.1968e+00
2.1968e+00
2.2142e+00
2.2316e+00
2.2316e+00
2.2316e+00
2.2316e+00
2.2490e+00
2.2490e+00
2.2663e+00
2.2837e+00
2.3011e+00
2.3011e+00
2.3185e+00
2.3359e+00
2.3359e+00
2.3532e+00
2.3706e+00
2.3706e+00
2.3880e+00
2.3880e+00
2.4054e+00
2.4054e+00
2.4054e+00
2.4227e+00
2.4227e+00
2.4401e+00
2.4401e+00
2.4575e+00
2.4575e+00
2.4748e+00
2.4748e+00
2.4922e+00
2.4748e+00
2.4748e+00
2.4748e+00
2.4748e+00
2.4748e+00
2.4748e+00
2.4748e+00
2.4748e+00
2.4748e+00
2.4748e+00
2.4748e+00
2.4748e+00
2.4575e+00
2.4748e+00
2.4575e+00
2.4575e+00
2.4575e+00
2.4401e+00
2.4401e+00
2.4227e+00
2.4227e+00
2.4227e+00
2.4054e+00
2.4054e+00
2.4054e+00
2.4054e+00
2.4054e+00
2.3880e+00
2.4054e+00
2.4054e+00
2.3880e+00
2.3880e+00
2.3880e+00
2.3706e+00
2.3532e+00
2.3532e+00
2.3532e+00
2.3359e+00
2.3359e+00
2.3359e+00
2.3359e+00
2.3185e+00
2.3185e+00
2.3185e+00
2.3011e+00
2.3011e+00
2.2837e+00
2.2837e+00
2.2663e+00
2.2490e+00
2.2490e+00
2.2490e+00
2.2316e+00
2.2316e+00
2.2142e+00
2.1968e+00
2.2142e+00
2.1968e+00
2.1794e+00
2.1794e+00
2.1794e+00
2.1794e+00
2.1794e+00
2.1794e+00
2.1620e+00
2.1620e+00
2.1620e+00
2.1447e+00
2.1447e+00
2.1273e+00
2.1273e+00
2.1273e+00
2.1099e+00
2.1273e+00
2.1273e+00
2.1273e+00
2.1447e+00
2.1447e+00
2.1447e+00
2.1447e+00
2.1447e+00
2.1447e+00
2.1447e+00
2.1447e+00
2.1447e+00
2.1447e+00
2.1620e+00
2.1620e+00
2.1794e+00
2.1794e+00
2.1794e+00
2.1968e+00
2.2142e+00
2.2142e+00
2.2142e+00
2.2316e+00
2.2316e+00
2.2316e+00
2.2490e+00
2.2316e+00
2.2490e+00
2.2490e+00
2.2490e+00
2.2663e+00
2.2837e+00
2.2837e+00
2.3011e+00
2.3011e+00
2.3185e+00
2.3185e+00
2.3359e+00
2.3532e+00
2.3532e+00
2.3532e+00
2.3706e+00
2.3706e+00
2.3706e+00
2.3880e+00
2.3880e+00
2.3880e+00
2.4054e+00
2.4227e+00
2.4227e+00
2.4227e+00
2.4401e+00
2.4575e+00
2.4575e+00
2.4748e+00
2.4748e+00
2.4748e+00
2.4922e+00
2.4922e+00
2.4922e+00
2.5096e+00
2.5096e+00
2.5270e+00
2.5096e+00
2.5443e+00
2.5443e+00
2.5617e+00
2.5617e+00
2.5791e+00
2.5964e+00
2.5964e+00
2.5964e+00
2.5964e+00
2.6138e+00
2.6138e+00
2.6312e+00
2.6312e+00
2.6312e+00
2.6485e+00
2.6485e+00
2.6659e+00
2.6659e+00
2.6659e+00
2.6832e+00
2.7006e+00
2.7006e+00
2.7006e+00
2.7006e+00
2.7006e+00
2.7006e+00
2.7006e+00
2.7180e+00
2.7006e+00
2.7006e+00
2.7180e+00
2.7006e+00
2.7180e+00
2.7006e+00
2.7180e+00
2.7180e+00
2.7180e+00
2.7006e+00
2.7006e+00
2.7006e+00
2.7006e+00
2.6832e+00
2.6832e+00
2.6832e+00
2.6832e+00
2.6832e+00
2.6832e+00
2.6832e+00
2.6659e+00
2.6659e+00
2.6832e+00
2.6832e+00
2.6659e+00
2.6832e+00
2.6659e+00
2.6659e+00
2.6485e+00
2.6659e+00
2.6659e+00
2.6485e+00
2.6485e+00
2.6485e+00
2.6312e+00
2.6312e+00
2.6485e+00
2.6485e+00
2.6485e+00
2.6312e+00
2.6312e+00
2.6312e+00
2.6138e+00
2.6138e+00
2.6138e+00
2.5964e+00
2.5964e+00
2.5964e+00
2.5791e+00
2.5791e+00
2.5791e+00
2.5791e+00
2.5791e+00
2.5791e+00
2.5791e+00
2.5791e+00
2.5791e+00
2.5791e+00
2.5791e+00
2.5617e+00
2.5443e+00
2.5443e+00
2.5443e+00
2.5270e+00
2.5443e+00
2.5270e+00
2.5270e+00
2.5270e+00
2.5270e+00
2.5270e+00
2.5270e+00
2.5096e+00
2.5096e+00
2.5096e+00
2.5270e+00
2.5270e+00
2.5270e+00
2.5096e+00
2.5270e+00
2.5270e+00
2.5270e+00
2.5443e+00
2.5443e+00
2.5617e+00
2.5617e+00
2.5791e+00
2.5791e+00
2.5964e+00
2.5964e+00
2.6138e+00
2.6138e+00
2.6138e+00
2.6138e+00
2.6138e+00
2.6312e+00
2.6138e+00
2.6312e+00
2.6312e+00
2.6312e+00
2.6312e+00
2.6312e+00
2.6312e+00
2.6312e+00
2.6138e+00
2.5964e+00
2.5964e+00
2.5617e+00
2.5443e+00
2.5270e+00
2.5096e+00
2.4748e+00
2.4575e+00
2.4227e+00
2.3880e+00
2.3706e+00
2.3359e+00
2.3185e+00
2.2837e+00
2.2663e+00
2.2316e+00
2.1968e+00
2.1794e+00
2.1447e+00
2.1099e+00
2.0751e+00
2.0403e+00
2.0229e+00
1.9881e+00
1.9708e+00
1.9360e+00
1.9186e+00
1.9012e+00
1.8838e+00
1.8490e+00
1.8316e+00
1.8142e+00
1.7968e+00
1.7620e+00
1.7446e+00
1.7272e+00
1.6923e+00
1.6749e+00
1.6575e+00
1.6401e+00
1.6227e+00
1.6053e+00
1.5879e+00
1.5705e+00
1.5705e+00
1.5531e+00
1.5356e+00
1.5356e+00
1.5356e+00
1.5182e+00
1.5182e+00
1.5008e+00
1.5008e+00
1.4834e+00
1.4834e+00
1.4834e+00
1.4834e+00
1.4834e+00
1.4834e+00
1.4834e+00
1.4834e+00
1.4834e+00
1.5008e+00
1.5008e+00
1.5008e+00
1.5008e+00
1.4834e+00
1.4834e+00
1.5008e+00
1.5008e+00
1.5008e+00
1.5182e+00
1.5182e+00
1.5182e+00
1.5182e+00
1.5356e+00
1.5531e+00
1.5531e+00
1.5705e+00
1.5705e+00
1.5705e+00
1.5879e+00
1.5705e+00
1.5879e+00
1.6053e+00
1.5879e+00
1.6053e+00
1.6053e+00
1.6227e+00
1.6227e+00
1.6227e+00
1.6401e+00
1.6401e+00
1.6401e+00
1.6401e+00
1.6401e+00
1.6575e+00
1.6575e+00
1.6401e+00
1.6575e+00
1.6401e+00
1.6401e+00
1.6401e+00
1.6401e+00
1.6227e+00
1.6401e+00
1.6401e+00
1.6401e+00
1.6401e+00
1.6401e+00
1.6401e+00
1.6401e+00
1.6227e+00
1.6401e+00
1.6401e+00
1.6227e+00
1.6227e+00
1.6227e+00
1.6401e+00
1.6401e+00
1.6401e+00
1.6401e+00
1.6401e+00
1.6575e+00
1.6575e+00
1.6575e+00
1.6749e+00
1.6749e+00
1.6923e+00
1.6923e+00
1.6923e+00
1.6923e+00
1.7097e+00
1.7097e+00
1.7097e+00
1.7272e+00
1.7272e+00
1.7446e+00
1.7620e+00
1.7620e+00
1.7620e+00
1.7794e+00
1.7794e+00
1.7794e+00
1.7968e+00
1.7968e+00
1.7968e+00
1.7968e+00
1.7968e+00
1.7968e+00
1.8142e+00
1.8142e+00
1.8142e+00
1.8142e+00
1.8142e+00
1.8316e+00
1.8316e+00
1.8316e+00
1.8490e+00
1.8490e+00
1.8490e+00
1.8316e+00
1.8490e+00
1.8490e+00
1.8490e+00
1.8490e+00
1.8664e+00
1.8664e+00
1.8664e+00
1.8838e+00
1.8838e+00
1.9012e+00
1.9186e+00
1.9012e+00
1.9012e+00
1.9186e+00
1.9186e+00
1.9360e+00
1.9360e+00
1.9534e+00
1.9360e+00
1.9534e+00
1.9708e+00
1.9534e+00
1.9708e+00
1.9881e+00
1.9881e+00
2.0055e+00
2.0055e+00
2.0055e+00
2.0229e+00
2.0229e+00
2.0229e+00
2.0403e+00
2.0403e+00
2.0403e+00
2.0403e+00
2.0403e+00
2.0577e+00
2.0577e+00
2.0577e+00
2.0577e+00
2.0751e+00
2.0751e+00
2.0751e+00
2.0925e+00
2.0925e+00
2.0925e+00
2.0925e+00
2.0925e+00
2.0925e+00
2.0925e+00
2.0751e+00
2.0751e+00
2.0751e+00
2.0751e+00
2.0751e+00
2.0751e+00
2.0751e+00
2.0577e+00
2.0577e+00
2.0577e+00
2.0577e+00
2.0403e+00
2.0403e+00
2.0229e+00
2.0055e+00
1.9881e+00
1.9708e+00
1.9534e+00
1.9360e+00
1.9360e+00
1.9012e+00
1.9012e+00
1.8838e+00
1.8664e+00
1.8490e+00
1.8316e+00
1.7968e+00
1.7794e+00
1.7620e+00
1.7272e+00
1.7097e+00
1.6923e+00
1.6575e+00
1.6401e+00
1.6053e+00
1.5879e+00
1.5705e+00
1.5531e+00
1.5356e+00
1.5182e+00
1.5008e+00
1.4660e+00
1.4660e+00
1.4486e+00
1.4137e+00
1.3963e+00
1.3789e+00
1.3615e+00
1.3440e+00
1.3092e+00
1.2918e+00
1.2743e+00
1.2569e+00
1.2395e+00
1.2220e+00
1.2220e+00
1.2046e+00
1.1872e+00
1.1872e+00
1.1523e+00
1.1349e+00
1.1349e+00
1.1175e+00
1.1000e+00
1.0826e+00
1.0826e+00
1.0652e+00
1.0652e+00
1.0477e+00
1.0477e+00
1.0303e+00
1.0303e+00
1.0303e+00
1.0128e+00
9.9540e-01
9.9540e-01
9.7796e-01
9.7796e-01
9.6052e-01
9.4307e-01
9.4307e-01
9.4307e-01
9.4307e-01
9.4307e-01
9.4307e-01
9.4307e-01
9.2563e-01
9.2563e-01
9.4307e-01
9.4307e-01
9.2563e-01
9.2563e-01
9.2563e-01
9.2563e-01
9.2563e-01
9.2563e-01
9.0819e-01
9.0819e-01
9.0819e-01
9.0819e-01
9.0819e-01
9.2563e-01
9.0819e-01
9.2563e-01
9.2563e-01
9.0819e-01
9.2563e-01
9.0819e-01
9.0819e-01
9.0819e-01
9.0819e-01
9.0819e-01
9.0819e-01
8.9074e-01
8.9074e-01
8.9074e-01
9.0819e-01
9.0819e-01
8.9074e-01
9.0819e-01
9.0819e-01
9.0819e-01
8.9074e-01
8.9074e-01
8.9074e-01
8.9074e-01
8.9074e-01
8.9074e-01
8.7330e-01
8.7330e-01
8.9074e-01
8.9074e-01
8.7330e-01
8.9074e-01
8.9074e-01
9.0819e-01
8.9074e-01
8.9074e-01
8.9074e-01
8.9074e-01
8.9074e-01
8.9074e-01
8.9074e-01
8.9074e-01
8.9074e-01
8.9074e-01
8.9074e-01
8.9074e-01
8.9074e-01
8.9074e-01
8.9074e-01
8.9074e-01
8.9074e-01
8.9074e-01
8.9074e-01
8.9074e-01
8.7330e-01
8.7330e-01
8.5585e-01
8.5585e-01
8.5585e-01
8.3840e-01
8.3840e-01
8.3840e-01
8.2096e-01
8.0351e-01
8.0351e-01
8.0351e-01
7.8606e-01
7.8606e-01
7.6861e-01
7.6861e-01
7.5116e-01
7.3371e-01
7.3371e-01
7.1625e-01
6.9880e-01
6.9880e-01
6.8135e-01
6.8135e-01
6.8135e-01
6.6389e-01
6.6389e-01
6.6389e-01
6.6389e-01
6.6389e-01
6.4644e-01
6.4644e-01
6.4644e-01
6.2898e-01
6.2898e-01
6.2898e-01
6.2898e-01
6.2898e-01
6.2898e-01
6.2898e-01
6.2898e-01
6.2898e-01
6.2898e-01
6.2898e-01
6.4644e-01
6.2898e-01
6.2898e-01
6.4644e-01
6.2898e-01
6.2898e-01
6.2898e-01
6.2898e-01
6.2898e-01
6.2898e-01
6.2898e-01
6.2898e-01
6.2898e-01
6.2898e-01
6.4644e-01
6.4644e-01
6.2898e-01
6.4644e-01
6.4644e-01
6.2898e-01
6.2898e-01
6.4644e-01
6.4644e-01
6.4644e-01
6.4644e-01
6.4644e-01
6.4644e-01
6.6389e-01
6.6389e-01
6.6389e-01
6.6389e-01
6.6389e-01
6.8135e-01
6.8135e-01
6.8135e-01
6.8135e-01
6.8135e-01
6.8135e-01
6.9880e-01
6.8135e-01
6.9880e-01
6.9880e-01
6.9880e-01
7.1625e-01
7.1625e-01
7.1625e-01
7.1625e-01
7.3371e-01
7.3371e-01
7.3371e-01
7.3371e-01
7.5116e-01
7.5116e-01
7.5116e-01
7.5116e-01
7.5116e-01
7.5116e-01
7.6861e-01
7.6861e-01
7.6861e-01
7.6861e-01
7.8606e-01
7.8606e-01
7.8606e-01
7.8606e-01
