3.9370e+01
3.9334e+01
3.9282e+01
3.9230e+01
3.9209e+01
3.9158e+01
3.9111e+01
3.9069e+01
3.9033e+01
3.8986e+01
3.8955e+01
3.8919e+01
3.8877e+01
3.8836e+01
3.8799e+01
3.8758e+01
3.8716e+01
3.8680e+01
3.8643e+01
3.8602e+01
3.8555e+01
3.8524e+01
3.8492e+01
3.8456e+01
3.8409e+01
3.8373e+01
3.8336e+01
3.8300e+01
3.8258e+01
3.8227e+01
3.8195e+01
3.8148e+01
3.8117e+01
3.8070e+01
3.8029e+01
3.7992e+01
3.7961e+01
3.7914e+01
3.7872e+01
3.7830e+01
3.7794e+01
3.7767e+01
3.7726e+01
3.7689e+01
3.7647e+01
3.7611e+01
3.7585e+01
3.7537e+01
3.7485e+01
3.7454e+01
3.7433e+01
3.7396e+01
3.7354e+01
3.7318e+01
3.7286e+01
3.7255e+01
3.7218e+01
3.7176e+01
3.7140e+01
3.7103e+01
3.7066e+01
3.7024e+01
3.6988e+01
3.6956e+01
3.6925e+01
3.6888e+01
3.6851e+01
3.6820e+01
3.6799e+01
3.6767e+01
3.6741e+01
3.6725e+01
3.6709e+01
3.6688e+01
3.6688e+01
3.6688e+01
3.6662e+01
3.6646e+01
3.6662e+01
3.6673e+01
3.6673e+01
3.6688e+01
3.6699e+01
3.6725e+01
3.6746e+01
3.6757e+01
3.6783e+01
3.6799e+01
3.6835e+01
3.6872e+01
3.6919e+01
3.6951e+01
3.6998e+01
3.7045e+01
3.7092e+01
3.7134e+01
3.7192e+01
3.7239e+01
3.7297e+01
3.7349e+01
3.7412e+01
3.7459e+01
3.7506e+01
3.7569e+01
3.7642e+01
3.7679e+01
3.7726e+01
3.7767e+01
3.7820e+01
3.7872e+01
3.7908e+01
3.7955e+01
3.8002e+01
3.8039e+01
3.8070e+01
3.8102e+01
3.8138e+01
3.8164e+01
3.8190e+01
3.8211e+01
3.8232e+01
3.8248e+01
3.8268e+01
3.8279e+01
3.8284e+01
3.8294e+01
3.8305e+01
3.8305e+01
3.8300e+01
3.8310e+01
3.8300e+01
3.8310e+01
3.8315e+01
3.8300e+01
3.8289e+01
3.8284e+01
3.8268e+01
3.8268e+01
3.8242e+01
3.8242e+01
3.8227e+01
3.8263e+01
3.8253e+01
3.8242e+01
3.8227e+01
3.8206e+01
3.8175e+01
3.8154e+01
3.8138e+01
3.8112e+01
3.8081e+01
3.8044e+01
3.8018e+01
3.7987e+01
3.7950e+01
3.7919e+01
3.7888e+01
3.7861e+01
3.7820e+01
3.7788e+01
3.7778e+01
3.7720e+01
3.7689e+01
3.7652e+01
3.7637e+01
3.7590e+01
3.7569e+01
3.7532e+01
3.7511e+01
3.7464e+01
3.7417e+01
3.7375e+01
3.7333e+01
3.7302e+01
3.7265e+01
3.7234e+01
3.7197e+01
3.7155e+01
3.7119e+01
3.7071e+01
3.7035e+01
3.6993e+01
3.6956e+01
3.6914e+01
3.6872e+01
3.6846e+01
3.6825e+01
3.6772e+01
3.6730e+01
3.6688e+01
3.6652e+01
3.6610e+01
3.6573e+01
3.6526e+01
3.6499e+01
3.6447e+01
3.6405e+01
3.6368e+01
3.6342e+01
3.6294e+01
3.6263e+01
3.6215e+01
3.6178e+01
3.6131e+01
3.6099e+01
3.6052e+01
3.6010e+01
3.5978e+01
3.5936e+01
3.5883e+01
3.5846e+01
3.5809e+01
3.5762e+01
3.5736e+01
3.5709e+01
3.5667e+01
3.5630e+01
3.5588e+01
3.5551e+01
3.5519e+01
3.5477e+01
3.5435e+01
3.5387e+01
3.5345e+01
3.5318e+01
3.5281e+01
3.5250e+01
3.5218e+01
3.5186e+01
3.5154e+01
3.5112e+01
3.5075e+01
3.5043e+01
3.5006e+01
3.4964e+01
3.4927e+01
3.4895e+01
3.4863e+01
3.4826e+01
3.4784e+01
3.4757e+01
3.4725e+01
3.4699e+01
3.4667e+01
3.4635e+01
3.4603e+01
3.4572e+01
3.4540e+01
3.4497e+01
3.4465e+01
3.4444e+01
3.4407e+01
3.4365e+01
3.4343e+01
3.4322e+01
3.4295e+01
3.4264e+01
3.4242e+01
3.4210e+01
3.4179e+01
3.4147e+01
3.4125e+01
3.4093e+01
3.4062e+01
3.4030e+01
3.3998e+01
3.3950e+01
3.3923e+01
3.3907e+01
3.3870e+01
3.3822e+01
3.3785e+01
3.3753e+01
3.3715e+01
3.3673e+01
3.3636e+01
3.3609e+01
3.3566e+01
3.3534e+01
3.3497e+01
3.3460e+01
3.3428e+01
3.3396e+01
3.3369e+01
3.3337e+01
3.3305e+01
3.3267e+01
3.3235e+01
3.3203e+01
3.3171e+01
3.3139e+01
3.3102e+01
3.3070e+01
3.3038e+01
3.2990e+01
3.2947e+01
3.2915e+01
3.2877e+01
3.2840e+01
3.2802e+01
3.2754e+01
3.2722e+01
3.2695e+01
3.2642e+01
3.2599e+01
3.2561e+01
3.2519e+01
3.2470e+01
3.2460e+01
3.2406e+01
3.2368e+01
3.2331e+01
3.2283e+01
3.2250e+01
3.2213e+01
3.2175e+01
3.2143e+01
3.2111e+01
3.2062e+01
3.2025e+01
3.1987e+01
3.1966e+01
3.1934e+01
3.1885e+01
3.1848e+01
3.1815e+01
3.1778e+01
3.1745e+01
3.1718e+01
3.1692e+01
3.1654e+01
3.1605e+01
3.1579e+01
3.1546e+01
3.1498e+01
3.1471e+01
3.1444e+01
3.1412e+01
3.1379e+01
3.1352e+01
3.1309e+01
3.1288e+01
3.1261e+01
3.1228e+01
3.1196e+01
3.1169e+01
3.1142e+01
3.1126e+01
3.1088e+01
3.1045e+01
3.1039e+01
3.1034e+01
3.1007e+01
3.0996e+01
3.0985e+01
3.0980e+01
3.0985e+01
3.0969e+01
3.0969e+01
3.0958e+01
3.0980e+01
3.0985e+01
3.0991e+01
3.0975e+01
3.0942e+01
3.0921e+01
3.0888e+01
3.0856e+01
3.0829e+01
3.0796e+01
3.0759e+01
3.0715e+01
3.0678e+01
3.0640e+01
3.0602e+01
3.0586e+01
3.0553e+01
3.0499e+01
3.0450e+01
3.0423e+01
3.0380e+01
3.0347e+01
3.0304e+01
3.0261e+01
3.0223e+01
3.0179e+01
3.0136e+01
3.0087e+01
3.0049e+01
3.0011e+01
2.9963e+01
2.9919e+01
2.9870e+01
2.9832e+01
2.9783e+01
2.9745e+01
2.9702e+01
2.9664e+01
2.9604e+01
2.9572e+01
2.9533e+01
2.9479e+01
2.9430e+01
2.9408e+01
2.9381e+01
2.9321e+01
2.9272e+01
2.9234e+01
2.9191e+01
2.9158e+01
2.9114e+01
2.9082e+01
2.9033e+01
2.8984e+01
2.8951e+01
2.8913e+01
2.8869e+01
2.8836e+01
2.8798e+01
2.8766e+01
2.8727e+01
2.8695e+01
2.8651e+01
2.8613e+01
2.8569e+01
2.8542e+01
2.8492e+01
2.8460e+01
2.8421e+01
2.8394e+01
2.8339e+01
2.8290e+01
2.8263e+01
2.8225e+01
2.8186e+01
2.8148e+01
2.8110e+01
2.8071e+01
2.8033e+01
2.7995e+01
2.7956e+01
2.7907e+01
2.7863e+01
2.7830e+01
2.7792e+01
2.7748e+01
2.7704e+01
2.7666e+01
2.7622e+01
2.7584e+01
2.7534e+01
2.7496e+01
2.7452e+01
2.7413e+01
2.7369e+01
2.7331e+01
2.7292e+01
2.7254e+01
2.7210e+01
2.7150e+01
2.7111e+01
2.7084e+01
2.7040e+01
2.7001e+01
2.6951e+01
2.6924e+01
2.6880e+01
2.6830e+01
2.6781e+01
2.6731e+01
2.6676e+01
2.6626e+01
2.6588e+01
2.6538e+01
2.6489e+01
2.6444e+01
2.6400e+01
2.6356e+01
2.6312e+01
2.6262e+01
2.6213e+01
2.6168e+01
2.6124e+01
2.6074e+01
2.6036e+01
2.5997e+01
2.5931e+01
2.5886e+01
2.5859e+01
2.5826e+01
2.5776e+01
2.5737e+01
2.5693e+01
2.5648e+01
2.5599e+01
2.5549e+01
2.5515e+01
2.5454e+01
2.5410e+01
2.5366e+01
2.5321e+01
2.5271e+01
2.5227e+01
2.5188e+01
2.5138e+01
2.5094e+01
2.5049e+01
2.5005e+01
2.4955e+01
2.4922e+01
2.4877e+01
2.4833e+01
2.4788e+01
2.4760e+01
2.4721e+01
2.4666e+01
2.4616e+01
2.4577e+01
2.4532e+01
2.4499e+01
2.4449e+01
2.4410e+01
2.4371e+01
2.4321e+01
2.4276e+01
2.4231e+01
2.4187e+01
2.4148e+01
2.4097e+01
2.4053e+01
2.4008e+01
2.3964e+01
2.3924e+01
2.3880e+01
2.3835e+01
2.3790e+01
2.3751e+01
2.3712e+01
2.3673e+01
2.3634e+01
2.3595e+01
2.3572e+01
2.3533e+01
2.3483e+01
2.3438e+01
2.3393e+01
2.3349e+01
2.3315e+01
2.3265e+01
2.3231e+01
2.3186e+01
2.3141e+01
2.3091e+01
2.3052e+01
2.3012e+01
2.2973e+01
2.2923e+01
2.2889e+01
2.2855e+01
2.2822e+01
2.2765e+01
2.2726e+01
2.2687e+01
2.2647e+01
2.2597e+01
2.2563e+01
2.2529e+01
2.2496e+01
2.2456e+01
2.2434e+01
2.2400e+01
2.2350e+01
2.2310e+01
2.2276e+01
2.2231e+01
2.2198e+01
2.2158e+01
2.2130e+01
2.2091e+01
2.2034e+01
2.2000e+01
2.1961e+01
2.1927e+01
2.1893e+01
2.1848e+01
2.1814e+01
2.1769e+01
2.1730e+01
2.1690e+01
2.1651e+01
2.1606e+01
2.1572e+01
2.1532e+01
2.1481e+01
2.1436e+01
2.1402e+01
2.1340e+01
2.1289e+01
2.1261e+01
2.1233e+01
2.1187e+01
2.1154e+01
2.1103e+01
2.1057e+01
2.1018e+01
2.0978e+01
2.0933e+01
2.0893e+01
2.0842e+01
2.0797e+01
2.0751e+01
2.0717e+01
2.0672e+01
2.0632e+01
2.0587e+01
2.0553e+01
2.0508e+01
2.0468e+01
2.0422e+01
2.0394e+01
2.0360e+01
2.0326e+01
2.0286e+01
2.0275e+01
2.0246e+01
2.0201e+01
2.0150e+01
2.0104e+01
2.0059e+01
2.0025e+01
1.9968e+01
1.9917e+01
1.9854e+01
1.9780e+01
1.9717e+01
1.9655e+01
1.9586e+01
1.9541e+01
1.9472e+01
1.9410e+01
1.9347e+01
1.9295e+01
1.9238e+01
1.9176e+01
1.9113e+01
1.9061e+01
1.9004e+01
1.8941e+01
1.8884e+01
1.8833e+01
1.8758e+01
1.8713e+01
1.8673e+01
1.8610e+01
1.8541e+01
1.8489e+01
1.8426e+01
1.8375e+01
1.8312e+01
1.8254e+01
1.8203e+01
1.8145e+01
1.8088e+01
1.8036e+01
1.7985e+01
1.7933e+01
1.7881e+01
1.7835e+01
1.7778e+01
1.7726e+01
1.7674e+01
1.7628e+01
1.7582e+01
1.7536e+01
1.7490e+01
1.7450e+01
1.7398e+01
1.7364e+01
1.7323e+01
1.7271e+01
1.7220e+01
1.7179e+01
1.7145e+01
1.7116e+01
1.7058e+01
1.7024e+01
1.6983e+01
1.6949e+01
1.6925e+01
1.6885e+01
1.6850e+01
1.6822e+01
1.6798e+01
1.6764e+01
1.6729e+01
1.6695e+01
1.6666e+01
1.6637e+01
1.6602e+01
1.6579e+01
1.6550e+01
1.6527e+01
1.6492e+01
1.6452e+01
1.6405e+01
1.6382e+01
1.6353e+01
1.6330e+01
1.6296e+01
1.6267e+01
1.6226e+01
1.6203e+01
1.6168e+01
1.6133e+01
1.6110e+01
1.6076e+01
1.6029e+01
1.6000e+01
1.5965e+01
1.5936e+01
1.5907e+01
1.5873e+01
1.5844e+01
1.5815e+01
1.5768e+01
1.5739e+01
1.5704e+01
1.5675e+01
1.5641e+01
1.5600e+01
1.5565e+01
1.5536e+01
1.5478e+01
1.5432e+01
1.5414e+01
1.5391e+01
1.5356e+01
1.5321e+01
1.5286e+01
1.5257e+01
1.5216e+01
1.5182e+01
1.5158e+01
1.5118e+01
1.5071e+01
1.5036e+01
1.4995e+01
1.4966e+01
1.4937e+01
1.4902e+01
1.4861e+01
1.4832e+01
1.4797e+01
1.4762e+01
1.4727e+01
1.4698e+01
1.4663e+01
1.4622e+01
1.4576e+01
1.4552e+01
1.4529e+01
1.4488e+01
1.4453e+01
1.4430e+01
1.4395e+01
1.4366e+01
1.4319e+01
1.4278e+01
1.4249e+01
1.4208e+01
1.4179e+01
1.4144e+01
1.4103e+01
1.4073e+01
1.4038e+01
1.4009e+01
1.3968e+01
1.3933e+01
1.3892e+01
1.3857e+01
1.3810e+01
1.3763e+01
1.3728e+01
1.3705e+01
1.3652e+01
1.3582e+01
1.3535e+01
1.3494e+01
1.3441e+01
1.3394e+01
1.3341e+01
1.3300e+01
1.3247e+01
1.3183e+01
1.3130e+01
1.3065e+01
1.3012e+01
1.2965e+01
1.2907e+01
1.2860e+01
1.2807e+01
1.2748e+01
1.2707e+01
1.2654e+01
1.2612e+01
1.2565e+01
1.2518e+01
1.2483e+01
1.2448e+01
1.2430e+01
1.2400e+01
1.2347e+01
1.2306e+01
1.2271e+01
1.2247e+01
1.2224e+01
1.2194e+01
1.2159e+01
1.2129e+01
1.2100e+01
1.2082e+01
1.2047e+01
1.2017e+01
1.1988e+01
1.1946e+01
1.1911e+01
1.1881e+01
1.1846e+01
1.1816e+01
1.1781e+01
1.1757e+01
1.1722e+01
1.1698e+01
1.1674e+01
1.1657e+01
1.1645e+01
1.1615e+01
1.1580e+01
1.1580e+01
1.1568e+01
1.1550e+01
1.1533e+01
1.1509e+01
1.1485e+01
1.1450e+01
1.1420e+01
1.1390e+01
1.1355e+01
1.1331e+01
1.1296e+01
1.1254e+01
1.1225e+01
1.1189e+01
1.1159e+01
1.1118e+01
1.1082e+01
1.1047e+01
1.1005e+01
1.0970e+01
1.0940e+01
1.0899e+01
1.0887e+01
1.0869e+01
1.0827e+01
1.0786e+01
1.0762e+01
1.0726e+01
1.0703e+01
1.0661e+01
1.0637e+01
1.0614e+01
1.0578e+01
1.0536e+01
1.0501e+01
1.0465e+01
1.0429e+01
1.0376e+01
1.0346e+01
1.0304e+01
1.0263e+01
1.0221e+01
1.0185e+01
1.0138e+01
1.0102e+01
1.0066e+01
1.0025e+01
9.9889e+00
9.9710e+00
9.9293e+00
9.8756e+00
9.8339e+00
9.7981e+00
9.7564e+00
9.7206e+00
9.6729e+00
9.6371e+00
9.5953e+00
9.5296e+00
9.4759e+00
9.4341e+00
9.3863e+00
9.3385e+00
9.2787e+00
9.2249e+00
9.1711e+00
9.1292e+00
9.0754e+00
9.0215e+00
8.9676e+00
8.9198e+00
8.8718e+00
8.8179e+00
8.7760e+00
8.7341e+00
8.6681e+00
8.6202e+00
8.5962e+00
8.5542e+00
8.5002e+00
8.4642e+00
8.4162e+00
8.3802e+00
8.3322e+00
8.2902e+00
8.2661e+00
8.2301e+00
8.1941e+00
8.1640e+00
8.1280e+00
8.0979e+00
8.0739e+00
8.0378e+00
8.0078e+00
7.9777e+00
7.9416e+00
7.9115e+00
7.8815e+00
7.8454e+00
7.7972e+00
7.7732e+00
7.7671e+00
7.7310e+00
7.6889e+00
7.6588e+00
7.6226e+00
7.6046e+00
7.5684e+00
7.5262e+00
7.5021e+00
7.4660e+00
7.4238e+00
7.3997e+00
7.3695e+00
7.3394e+00
7.3092e+00
7.2730e+00
7.2368e+00
7.2067e+00
7.1705e+00
7.1282e+00
7.0799e+00
7.0618e+00
7.0195e+00
6.9591e+00
6.9229e+00
6.8926e+00
6.8443e+00
6.8141e+00
6.7657e+00
6.7294e+00
6.6931e+00
6.6508e+00
6.6084e+00
6.5721e+00
6.5358e+00
6.4935e+00
6.4571e+00
6.4208e+00
6.3723e+00
6.3360e+00
6.2996e+00
6.2572e+00
6.2087e+00
6.1663e+00
6.1238e+00
6.0935e+00
6.0632e+00
6.0147e+00
5.9661e+00
5.9297e+00
5.8811e+00
5.8386e+00
5.7840e+00
5.7476e+00
5.7172e+00
5.6746e+00
5.6321e+00
5.5896e+00
5.5470e+00
5.5105e+00
5.4740e+00
5.4314e+00
5.3949e+00
5.3706e+00
5.3219e+00
5.2915e+00
5.2611e+00
5.2306e+00
5.1758e+00
5.1271e+00
5.0966e+00
5.0601e+00
5.0174e+00
4.9808e+00
4.9321e+00
4.9016e+00
4.8650e+00
4.8223e+00
4.7857e+00
4.7430e+00
4.7064e+00
4.6697e+00
4.6331e+00
4.5965e+00
4.5659e+00
4.5293e+00
4.4926e+00
4.4682e+00
4.4377e+00
4.4132e+00
4.3765e+00
4.3521e+00
4.3154e+00
4.2787e+00
4.2543e+00
4.2359e+00
4.2053e+00
4.1809e+00
4.1441e+00
4.1258e+00
4.1013e+00
4.0585e+00
4.0340e+00
4.0034e+00
3.9666e+00
3.9483e+00
3.9238e+00
3.8870e+00
3.8625e+00
3.8380e+00
3.8074e+00
3.7767e+00
3.7522e+00
3.7277e+00
3.7154e+00
3.6848e+00
3.6602e+00
3.6541e+00
3.6418e+00
3.6112e+00
3.5989e+00
3.5805e+00
3.5805e+00
3.5682e+00
3.5621e+00
3.5621e+00
3.5744e+00
3.5560e+00
3.5682e+00
3.5744e+00
3.5866e+00
3.5805e+00
3.5989e+00
3.6112e+00
3.6296e+00
3.6357e+00
3.6541e+00
3.6664e+00
3.6909e+00
3.7032e+00
3.7399e+00
3.7583e+00
3.8012e+00
3.8502e+00
3.8931e+00
3.8993e+00
3.9360e+00
3.9605e+00
3.9850e+00
4.0095e+00
4.0523e+00
4.0707e+00
4.1197e+00
4.1319e+00
4.1564e+00
4.1564e+00
4.1747e+00
4.1747e+00
4.1686e+00
4.1625e+00
4.1441e+00
4.1135e+00
4.0952e+00
4.0707e+00
4.0401e+00
4.0156e+00
3.9850e+00
3.9666e+00
3.9483e+00
3.8931e+00
3.8441e+00
3.8196e+00
3.7706e+00
3.7522e+00
3.7154e+00
3.6786e+00
3.6418e+00
3.6050e+00
3.5621e+00
3.5376e+00
3.4946e+00
3.4578e+00
3.4210e+00
3.3903e+00
3.3534e+00
3.3166e+00
3.2736e+00
3.2429e+00
3.1998e+00
3.1691e+00
3.1384e+00
3.1015e+00
3.0523e+00
3.0216e+00
3.0031e+00
2.9662e+00
2.9231e+00
2.8862e+00
2.8432e+00
2.8062e+00
2.7570e+00
2.7139e+00
2.6708e+00
2.6091e+00
2.5475e+00
2.4921e+00
2.4366e+00
2.3872e+00
2.3255e+00
2.2762e+00
2.2268e+00
2.1713e+00
2.1157e+00
2.0725e+00
2.0292e+00
1.9922e+00
1.9489e+00
1.9056e+00
1.8562e+00
1.8376e+00
1.8129e+00
1.7634e+00
1.7201e+00
1.6892e+00
1.6459e+00
1.6211e+00
1.5902e+00
1.5654e+00
1.5407e+00
1.4973e+00
1.4664e+00
1.4292e+00
1.3920e+00
1.3611e+00
1.3177e+00
1.2929e+00
1.2557e+00
1.2247e+00
1.2061e+00
1.1751e+00
1.1379e+00
1.1069e+00
1.0759e+00
1.0386e+00
1.0014e+00
9.7659e-01
9.5796e-01
9.0830e-01
8.5863e-01
8.1515e-01
7.9031e-01
7.6546e-01
7.2197e-01
6.8468e-01
6.5360e-01
6.0387e-01
5.6657e-01
5.1682e-01
4.8572e-01
4.4839e-01
3.9861e-01
3.6127e-01
3.2393e-01
2.8035e-01
2.4299e-01
2.1185e-01
1.8071e-01
1.4956e-01
1.1218e-01
8.7258e-02
8.1027e-02
4.3633e-02
2.4935e-02
1.2468e-02
0000
6.2340e-03
2.4935e-02
4.9866e-02
1.0595e-01
1.5579e-01
2.4299e-01
3.3638e-01
4.7328e-01
6.1009e-01
8.0894e-01
1.0200e+00
1.2929e+00
1.5716e+00
1.9427e+00
2.3317e+00
2.8308e+00
3.3227e+00
3.9115e+00
4.5049e+00
5.1271e+00
5.7233e+00
6.4208e+00
7.1523e+00
8.0198e+00
8.9198e+00
9.9412e+00
1.1029e+01
1.2182e+01
1.3165e+01
1.4120e+01
1.4943e+01
1.5931e+01
1.6781e+01
1.7732e+01
1.8461e+01
1.9210e+01
1.9939e+01
2.1448e+01
2.3063e+01
2.4181e+01
2.5066e+01
2.5914e+01
2.6566e+01
2.7161e+01
2.7649e+01
2.8104e+01
2.8454e+01
2.8826e+01
2.9131e+01
2.9485e+01
2.9767e+01
3.0082e+01
3.0358e+01
3.0640e+01
3.0942e+01
3.1201e+01
3.1460e+01
3.1702e+01
3.1928e+01
3.2127e+01
3.2315e+01
3.2502e+01
3.2679e+01
3.2829e+01
3.3000e+01
3.3139e+01
3.3299e+01
3.3433e+01
3.3545e+01
3.3652e+01
3.3753e+01
3.3838e+01
3.3849e+01
3.3849e+01
3.3870e+01
3.3865e+01
3.3865e+01
3.3849e+01
3.3827e+01
3.3795e+01
3.3721e+01
3.3689e+01
3.3684e+01
3.3694e+01
3.3731e+01
3.3742e+01
3.3747e+01
3.3715e+01
3.3689e+01
3.3630e+01
3.3577e+01
3.3524e+01
3.3465e+01
3.3406e+01
3.3401e+01
3.3326e+01
3.3257e+01
3.3198e+01
3.3096e+01
3.3011e+01
3.2899e+01
3.2792e+01
3.2695e+01
3.2588e+01
3.2486e+01
3.2390e+01
3.2283e+01
3.2186e+01
3.2089e+01
3.2003e+01
3.1907e+01
3.1815e+01
3.1735e+01
3.1648e+01
3.1573e+01
3.1498e+01
3.1428e+01
3.1379e+01
3.1255e+01
3.1212e+01
3.1093e+01
3.1045e+01
3.0975e+01
3.0883e+01
3.0796e+01
3.0705e+01
3.0629e+01
3.0553e+01
3.0456e+01
3.0402e+01
3.0299e+01
3.0207e+01
3.0098e+01
3.0006e+01
2.9887e+01
2.9789e+01
2.9675e+01
2.9610e+01
2.9490e+01
2.9430e+01
2.9305e+01
2.9229e+01
2.9125e+01
2.9033e+01
2.8946e+01
2.8836e+01
2.8755e+01
2.8673e+01
2.8574e+01
2.8503e+01
2.8383e+01
2.8345e+01
2.8241e+01
2.8186e+01
2.8071e+01
2.8006e+01
2.7923e+01
2.7847e+01
2.7759e+01
2.7693e+01
2.7605e+01
2.7529e+01
2.7452e+01
2.7369e+01
2.7298e+01
2.7205e+01
2.7144e+01
2.7067e+01
2.7001e+01
2.6929e+01
2.6885e+01
2.6819e+01
2.6759e+01
2.6687e+01
2.6621e+01
2.6555e+01
2.6505e+01
2.6450e+01
2.6384e+01
2.6323e+01
2.6268e+01
2.6207e+01
2.6174e+01
2.6097e+01
2.6052e+01
2.5969e+01
2.5898e+01
2.5815e+01
2.5754e+01
2.5665e+01
2.5587e+01
2.5521e+01
2.5466e+01
2.5388e+01
2.5332e+01
2.5249e+01
2.5194e+01
2.5116e+01
2.5044e+01
2.4972e+01
2.4905e+01
2.4838e+01
2.4760e+01
2.4683e+01
2.4610e+01
2.4560e+01
2.4488e+01
2.4426e+01
2.4354e+01
2.4276e+01
2.4231e+01
2.4142e+01
2.4075e+01
2.4008e+01
2.3941e+01
2.3880e+01
2.3807e+01
2.3746e+01
2.3684e+01
2.3617e+01
2.3561e+01
2.3500e+01
2.3449e+01
2.3365e+01
2.3321e+01
2.3248e+01
2.3197e+01
2.3136e+01
2.3096e+01
2.3024e+01
2.2979e+01
2.2945e+01
2.2911e+01
2.2855e+01
2.2788e+01
2.2743e+01
2.2681e+01
2.2636e+01
2.2541e+01
2.2456e+01
2.2366e+01
2.2248e+01
2.2175e+01
2.2074e+01
2.2000e+01
2.1910e+01
2.1843e+01
2.1758e+01
2.1696e+01
2.1617e+01
2.1560e+01
2.1481e+01
2.1414e+01
2.1334e+01
2.1289e+01
2.1204e+01
2.1108e+01
2.1035e+01
2.0967e+01
2.0887e+01
2.0819e+01
2.0746e+01
2.0672e+01
2.0604e+01
2.0530e+01
2.0468e+01
2.0400e+01
2.0343e+01
2.0298e+01
2.0258e+01
2.0241e+01
2.0218e+01
2.0224e+01
2.0235e+01
2.0263e+01
2.0349e+01
2.0439e+01
2.0587e+01
2.0774e+01
2.1074e+01
2.1425e+01
2.1876e+01
2.2434e+01
2.3091e+01
2.3841e+01
2.4755e+01
2.5831e+01
2.7259e+01
2.8935e+01
3.0634e+01
3.2374e+01
3.4163e+01
3.6084e+01
3.7919e+01
3.9629e+01
4.1464e+01
4.3480e+01
4.5482e+01
4.7453e+01
4.9667e+01
5.2216e+01
5.4848e+01
5.7468e+01
6.0120e+01
6.2560e+01
6.5074e+01
6.7237e+01
6.9326e+01
7.1295e+01
7.3183e+01
7.5173e+01
7.7334e+01
7.9343e+01
8.1293e+01
8.3424e+01
8.5396e+01
8.7609e+01
8.9648e+01
9.1585e+01
9.3349e+01
9.5196e+01
9.7031e+01
9.8904e+01
1.0118e+02
1.0352e+02
1.0621e+02
1.0866e+02
1.1093e+02
1.1286e+02
1.1472e+02
1.1635e+02
1.1802e+02
1.1971e+02
1.2179e+02
1.2383e+02
1.2596e+02
1.2794e+02
1.3005e+02
1.3242e+02
1.3501e+02
1.3736e+02
1.3992e+02
1.4226e+02
1.4432e+02
1.4616e+02
1.4798e+02
1.4974e+02
1.5157e+02
1.5346e+02
1.5539e+02
1.5741e+02
1.5965e+02
1.6198e+02
1.6405e+02
1.6580e+02
1.6728e+02
1.6871e+02
1.6998e+02
1.7105e+02
1.7198e+02
1.7278e+02
1.7345e+02
1.7404e+02
1.7460e+02
1.7512e+02
1.7563e+02
1.7617e+02
1.7661e+02
1.7705e+02
1.7743e+02
1.7784e+02
1.7815e+02
1.7843e+02
1.7868e+02
1.7889e+02
1.7903e+02
1.7920e+02
1.7934e+02
1.7948e+02
1.7965e+02
1.7994e+02
1.8027e+02
1.8052e+02
1.8066e+02
1.8097e+02
1.8125e+02
1.8137e+02
1.8136e+02
1.8134e+02
1.8118e+02
1.8104e+02
1.8083e+02
1.8063e+02
1.8039e+02
1.8015e+02
1.7991e+02
1.7964e+02
1.7938e+02
1.7908e+02
1.7878e+02
1.7853e+02
1.7825e+02
1.7794e+02
1.7754e+02
1.7717e+02
1.7680e+02
1.7645e+02
1.7611e+02
1.7576e+02
1.7541e+02
1.7504e+02
1.7465e+02
1.7427e+02
1.7386e+02
1.7348e+02
1.7307e+02
1.7269e+02
1.7229e+02
1.7192e+02
1.7153e+02
1.7117e+02
1.7078e+02
1.7041e+02
1.7002e+02
1.6967e+02
1.6930e+02
1.6894e+02
1.6856e+02
1.6818e+02
1.6782e+02
1.6746e+02
1.6711e+02
1.6677e+02
1.6641e+02
1.6606e+02
1.6574e+02
1.6541e+02
1.6508e+02
1.6477e+02
1.6445e+02
1.6414e+02
1.6385e+02
1.6355e+02
1.6326e+02
1.6296e+02
1.6268e+02
1.6239e+02
1.6213e+02
1.6185e+02
1.6158e+02
1.6131e+02
1.6106e+02
1.6079e+02
1.6057e+02
1.6031e+02
1.6012e+02
1.5986e+02
1.5972e+02
1.5951e+02
1.5933e+02
1.5913e+02
1.5894e+02
1.5874e+02
1.5857e+02
1.5836e+02
1.5823e+02
1.5801e+02
1.5788e+02
1.5768e+02
1.5754e+02
1.5734e+02
1.5720e+02
1.5702e+02
1.5686e+02
1.5670e+02
1.5654e+02
1.5637e+02
1.5624e+02
1.5607e+02
1.5593e+02
1.5575e+02
1.5562e+02
1.5545e+02
1.5534e+02
1.5518e+02
1.5505e+02
1.5490e+02
1.5477e+02
1.5461e+02
1.5451e+02
1.5435e+02
1.5421e+02
1.5409e+02
1.5396e+02
1.5383e+02
1.5370e+02
1.5358e+02
1.5346e+02
1.5333e+02
1.5323e+02
1.5311e+02
1.5303e+02
1.5288e+02
1.5279e+02
1.5266e+02
1.5252e+02
1.5242e+02
1.5231e+02
1.5221e+02
1.5208e+02
1.5197e+02
1.5185e+02
1.5172e+02
1.5161e+02
1.5148e+02
1.5132e+02
1.5118e+02
1.5107e+02
1.5094e+02
1.5080e+02
1.5069e+02
1.5056e+02
1.5047e+02
1.5032e+02
1.5024e+02
1.5013e+02
1.5003e+02
1.4993e+02
1.4983e+02
1.4972e+02
1.4961e+02
1.4953e+02
1.4943e+02
1.4932e+02
1.4918e+02
1.4914e+02
1.4903e+02
1.4897e+02
1.4891e+02
1.4882e+02
1.4877e+02
1.4868e+02
1.4859e+02
1.4850e+02
1.4842e+02
1.4832e+02
1.4824e+02
1.4813e+02
1.4807e+02
1.4794e+02
1.4791e+02
1.4777e+02
1.4773e+02
1.4763e+02
1.4754e+02
1.4745e+02
1.4734e+02
1.4729e+02
1.4720e+02
1.4713e+02
1.4704e+02
1.4696e+02
1.4690e+02
1.4681e+02
1.4675e+02
1.4665e+02
1.4663e+02
1.4650e+02
1.4647e+02
1.4638e+02
1.4632e+02
1.4625e+02
1.4619e+02
1.4614e+02
1.4606e+02
1.4599e+02
1.4594e+02
1.4587e+02
1.4580e+02
1.4574e+02
1.4566e+02
1.4562e+02
1.4554e+02
1.4551e+02
1.4543e+02
1.4539e+02
1.4531e+02
1.4530e+02
1.4525e+02
1.4520e+02
1.4519e+02
1.4514e+02
1.4512e+02
1.4509e+02
1.4505e+02
1.4504e+02
1.4499e+02
1.4499e+02
1.4495e+02
1.4496e+02
1.4493e+02
1.4493e+02
1.4491e+02
1.4488e+02
1.4485e+02
1.4483e+02
1.4481e+02
1.4479e+02
1.4477e+02
1.4476e+02
1.4474e+02
1.4474e+02
1.4472e+02
1.4475e+02
1.4471e+02
1.4474e+02
1.4468e+02
1.4467e+02
1.4463e+02
1.4458e+02
1.4454e+02
1.4447e+02
1.4444e+02
1.4436e+02
1.4436e+02
1.4434e+02
1.4444e+02
1.4442e+02
1.4442e+02
1.4439e+02
1.4436e+02
1.4433e+02
1.4427e+02
1.4427e+02
1.4416e+02
1.4416e+02
1.4406e+02
1.4405e+02
1.4396e+02
1.4393e+02
1.4384e+02
1.4379e+02
1.4371e+02
1.4365e+02
1.4357e+02
1.4350e+02
1.4342e+02
1.4335e+02
1.4326e+02
1.4318e+02
1.4309e+02
1.4300e+02
1.4290e+02
1.4283e+02
1.4272e+02
1.4263e+02
1.4251e+02
1.4242e+02
1.4230e+02
1.4220e+02
1.4208e+02
1.4199e+02
1.4189e+02
1.4177e+02
1.4171e+02
1.4159e+02
1.4151e+02
1.4139e+02
1.4130e+02
1.4120e+02
1.4109e+02
1.4101e+02
1.4090e+02
1.4081e+02
1.4069e+02
1.4059e+02
1.4049e+02
1.4039e+02
1.4030e+02
1.4021e+02
1.4012e+02
1.4003e+02
1.3994e+02
1.3985e+02
1.3976e+02
1.3969e+02
1.3961e+02
1.3952e+02
1.3945e+02
1.3935e+02
1.3926e+02
1.3920e+02
1.3913e+02
1.3905e+02
1.3899e+02
1.3889e+02
1.3883e+02
1.3874e+02
1.3869e+02
1.3859e+02
1.3851e+02
1.3843e+02
1.3835e+02
1.3827e+02
1.3819e+02
