5.9802e+01
5.9785e+01
5.9747e+01
5.9736e+01
5.9716e+01
5.9699e+01
5.9679e+01
5.9656e+01
5.9630e+01
5.9616e+01
5.9590e+01
5.9556e+01
5.9516e+01
5.9479e+01
5.9439e+01
5.9407e+01
5.9379e+01
5.9341e+01
5.9307e+01
5.9276e+01
5.9235e+01
5.9187e+01
5.9149e+01
5.9106e+01
5.9061e+01
5.9009e+01
5.8969e+01
5.8926e+01
5.8871e+01
5.8834e+01
5.8791e+01
5.8733e+01
5.8678e+01
5.8618e+01
5.8563e+01
5.8514e+01
5.8442e+01
5.8388e+01
5.8313e+01
5.8238e+01
5.8171e+01
5.8094e+01
5.8018e+01
5.7952e+01
5.7886e+01
5.7810e+01
5.7738e+01
5.7660e+01
5.7585e+01
5.7503e+01
5.7428e+01
5.7350e+01
5.7268e+01
5.7190e+01
5.7109e+01
5.7033e+01
5.6958e+01
5.6888e+01
5.6809e+01
5.6725e+01
5.6646e+01
5.6570e+01
5.6515e+01
5.6451e+01
5.6407e+01
5.6357e+01
5.6334e+01
5.6302e+01
5.6331e+01
5.6363e+01
5.6480e+01
5.6561e+01
5.6733e+01
5.6862e+01
5.7106e+01
5.7295e+01
5.7611e+01
5.7877e+01
5.8264e+01
5.8586e+01
5.9026e+01
5.9416e+01
5.9924e+01
6.0414e+01
6.0987e+01
6.1573e+01
6.2248e+01
6.2840e+01
6.3462e+01
6.4043e+01
6.4644e+01
6.5221e+01
6.5771e+01
6.6313e+01
6.6796e+01
6.7310e+01
6.7749e+01
6.8216e+01
6.8604e+01
6.8983e+01
6.9318e+01
6.9621e+01
6.9882e+01
7.0130e+01
7.0362e+01
7.0553e+01
7.0733e+01
7.0916e+01
7.1046e+01
7.1218e+01
7.1321e+01
7.1479e+01
7.1540e+01
7.1672e+01
7.1727e+01
7.1827e+01
7.1859e+01
7.1904e+01
7.1919e+01
7.1922e+01
7.1904e+01
7.1848e+01
7.1780e+01
7.1703e+01
7.1609e+01
7.1522e+01
7.1419e+01
7.1302e+01
7.1173e+01
7.1043e+01
7.0903e+01
7.0749e+01
7.0593e+01
7.0441e+01
7.0293e+01
7.0112e+01
6.9970e+01
6.9792e+01
6.9639e+01
6.9447e+01
6.9300e+01
6.9123e+01
6.8964e+01
6.8782e+01
6.8629e+01
6.8445e+01
6.8289e+01
6.8106e+01
6.7954e+01
6.7779e+01
6.7624e+01
6.7432e+01
6.7266e+01
6.7090e+01
6.6929e+01
6.6755e+01
6.6605e+01
6.6433e+01
6.6283e+01
6.6127e+01
6.5968e+01
6.5820e+01
6.5672e+01
6.5521e+01
6.5397e+01
6.5240e+01
6.5114e+01
6.4967e+01
6.4843e+01
6.4708e+01
6.4595e+01
6.4459e+01
6.4354e+01
6.4229e+01
6.4124e+01
6.4010e+01
6.3905e+01
6.3791e+01
6.3691e+01
6.3574e+01
6.3468e+01
6.3356e+01
6.3253e+01
6.3144e+01
6.3052e+01
6.2949e+01
6.2859e+01
6.2753e+01
6.2658e+01
6.2554e+01
6.2459e+01
6.2363e+01
6.2285e+01
6.2181e+01
6.2085e+01
6.1992e+01
6.1916e+01
6.1826e+01
6.1733e+01
6.1649e+01
6.1573e+01
6.1477e+01
6.1398e+01
6.1310e+01
6.1231e+01
6.1146e+01
6.1061e+01
6.0979e+01
6.0891e+01
6.0786e+01
6.0698e+01
6.0619e+01
6.0542e+01
6.0463e+01
6.0394e+01
6.0312e+01
6.0241e+01
6.0164e+01
6.0090e+01
6.0013e+01
5.9933e+01
5.9862e+01
5.9802e+01
5.9736e+01
5.9659e+01
5.9599e+01
5.9522e+01
5.9456e+01
5.9387e+01
5.9304e+01
5.9244e+01
5.9167e+01
5.9095e+01
5.9020e+01
5.8960e+01
5.8885e+01
5.8814e+01
5.8724e+01
5.8641e+01
5.8561e+01
5.8489e+01
5.8417e+01
5.8345e+01
5.8281e+01
5.8215e+01
5.8140e+01
5.8070e+01
5.7998e+01
5.7935e+01
5.7857e+01
5.7802e+01
5.7735e+01
5.7677e+01
5.7602e+01
5.7553e+01
5.7483e+01
5.7451e+01
5.7382e+01
5.7341e+01
5.7271e+01
5.7228e+01
5.7167e+01
5.7115e+01
5.7054e+01
5.7001e+01
5.6928e+01
5.6879e+01
5.6821e+01
5.6771e+01
5.6719e+01
5.6678e+01
5.6620e+01
5.6576e+01
5.6512e+01
5.6462e+01
5.6404e+01
5.6386e+01
5.6310e+01
5.6296e+01
5.6243e+01
5.6226e+01
5.6176e+01
5.6138e+01
5.6103e+01
5.6065e+01
5.6021e+01
5.5974e+01
5.5936e+01
5.5883e+01
5.5839e+01
5.5784e+01
5.5728e+01
5.5664e+01
5.5605e+01
5.5540e+01
5.5493e+01
5.5432e+01
5.5379e+01
5.5335e+01
5.5270e+01
5.5217e+01
5.5167e+01
5.5108e+01
5.5049e+01
5.4990e+01
5.4934e+01
5.4881e+01
5.4831e+01
5.4775e+01
5.4713e+01
5.4645e+01
5.4586e+01
5.4539e+01
5.4492e+01
5.4421e+01
5.4361e+01
5.4299e+01
5.4246e+01
5.4184e+01
5.4122e+01
5.4056e+01
5.3985e+01
5.3917e+01
5.3852e+01
5.3789e+01
5.3736e+01
5.3679e+01
5.3629e+01
5.3572e+01
5.3510e+01
5.3462e+01
5.3403e+01
5.3355e+01
5.3299e+01
5.3251e+01
5.3209e+01
5.3144e+01
5.3099e+01
5.3045e+01
5.2994e+01
5.2926e+01
5.2881e+01
5.2830e+01
5.2776e+01
5.2720e+01
5.2657e+01
5.2597e+01
5.2525e+01
5.2453e+01
5.2396e+01
5.2336e+01
5.2300e+01
5.2252e+01
5.2214e+01
5.2162e+01
5.2108e+01
5.2048e+01
5.1994e+01
5.1946e+01
5.1880e+01
5.1826e+01
5.1760e+01
5.1712e+01
5.1639e+01
5.1588e+01
5.1525e+01
5.1486e+01
5.1423e+01
5.1371e+01
5.1314e+01
5.1269e+01
5.1223e+01
5.1148e+01
5.1090e+01
5.1015e+01
5.0945e+01
5.0888e+01
5.0821e+01
5.0758e+01
5.0706e+01
5.0652e+01
5.0591e+01
5.0543e+01
5.0485e+01
5.0424e+01
5.0376e+01
5.0321e+01
5.0257e+01
5.0209e+01
5.0157e+01
5.0102e+01
5.0060e+01
5.0014e+01
4.9959e+01
4.9911e+01
4.9868e+01
4.9810e+01
4.9752e+01
4.9697e+01
4.9649e+01
4.9581e+01
4.9511e+01
4.9447e+01
4.9386e+01
4.9346e+01
4.9300e+01
4.9261e+01
4.9215e+01
4.9175e+01
4.9129e+01
4.9077e+01
4.9022e+01
4.8982e+01
4.8942e+01
4.8900e+01
4.8854e+01
4.8823e+01
4.8780e+01
4.8746e+01
4.8694e+01
4.8670e+01
4.8642e+01
4.8605e+01
4.8571e+01
4.8531e+01
4.8507e+01
4.8458e+01
4.8430e+01
4.8375e+01
4.8329e+01
4.8292e+01
4.8255e+01
4.8227e+01
4.8187e+01
4.8156e+01
4.8119e+01
4.8079e+01
4.8042e+01
4.8011e+01
4.7984e+01
4.7950e+01
4.7937e+01
4.7894e+01
4.7876e+01
4.7867e+01
4.7854e+01
4.7863e+01
4.7876e+01
4.7900e+01
4.7904e+01
4.7925e+01
4.7928e+01
4.7931e+01
4.7916e+01
4.7916e+01
4.7900e+01
4.7907e+01
4.7894e+01
4.7885e+01
4.7870e+01
4.7851e+01
4.7823e+01
4.7808e+01
4.7783e+01
4.7759e+01
4.7728e+01
4.7700e+01
4.7669e+01
4.7632e+01
4.7601e+01
4.7579e+01
4.7555e+01
4.7533e+01
4.7499e+01
4.7471e+01
4.7443e+01
4.7400e+01
4.7351e+01
4.7310e+01
4.7255e+01
4.7205e+01
4.7155e+01
4.7121e+01
4.7072e+01
4.7035e+01
4.6991e+01
4.6957e+01
4.6907e+01
4.6873e+01
4.6824e+01
4.6783e+01
4.6724e+01
4.6684e+01
4.6634e+01
4.6590e+01
4.6538e+01
4.6503e+01
4.6466e+01
4.6441e+01
4.6416e+01
4.6404e+01
4.6370e+01
4.6370e+01
4.6348e+01
4.6351e+01
4.6338e+01
4.6373e+01
4.6379e+01
4.6447e+01
4.6488e+01
4.6587e+01
4.6650e+01
4.6805e+01
4.6907e+01
4.7103e+01
4.7242e+01
4.7477e+01
4.7650e+01
4.7900e+01
4.8101e+01
4.8399e+01
4.8648e+01
4.8976e+01
4.9267e+01
4.9627e+01
4.9947e+01
5.0321e+01
5.0682e+01
5.1094e+01
5.1498e+01
5.1949e+01
5.2405e+01
5.2926e+01
5.3433e+01
5.4003e+01
5.4554e+01
5.5176e+01
5.5722e+01
5.6363e+01
5.6905e+01
5.7480e+01
5.8007e+01
5.8538e+01
5.9046e+01
5.9570e+01
6.0115e+01
6.0627e+01
6.1180e+01
6.1669e+01
6.2130e+01
6.2582e+01
6.2994e+01
6.3393e+01
6.3741e+01
6.4074e+01
6.4401e+01
6.4669e+01
6.4976e+01
6.5169e+01
6.5433e+01
6.5600e+01
6.5812e+01
6.5921e+01
6.6080e+01
6.6149e+01
6.6266e+01
6.6302e+01
6.6378e+01
6.6381e+01
6.6430e+01
6.6414e+01
6.6425e+01
6.6367e+01
6.6351e+01
6.6269e+01
6.6203e+01
6.6099e+01
6.6034e+01
6.5935e+01
6.5850e+01
6.5743e+01
6.5642e+01
6.5518e+01
6.5397e+01
6.5251e+01
6.5108e+01
6.4956e+01
6.4810e+01
6.4642e+01
6.4476e+01
6.4315e+01
6.4160e+01
6.4005e+01
6.3827e+01
6.3663e+01
6.3490e+01
6.3326e+01
6.3153e+01
6.2991e+01
6.2803e+01
6.2633e+01
6.2459e+01
6.2290e+01
6.2122e+01
6.1953e+01
6.1784e+01
6.1629e+01
6.1457e+01
6.1293e+01
6.1126e+01
6.0976e+01
6.0834e+01
6.0710e+01
6.0571e+01
6.0451e+01
6.0335e+01
6.0229e+01
6.0101e+01
5.9976e+01
5.9839e+01
5.9722e+01
5.9585e+01
5.9473e+01
5.9333e+01
5.9201e+01
5.9052e+01
5.8917e+01
5.8779e+01
5.8647e+01
5.8526e+01
5.8393e+01
5.8275e+01
5.8148e+01
5.8027e+01
5.7897e+01
5.7770e+01
5.7642e+01
5.7524e+01
5.7414e+01
5.7300e+01
5.7173e+01
5.7062e+01
5.6955e+01
5.6838e+01
5.6733e+01
5.6626e+01
5.6529e+01
5.6421e+01
5.6322e+01
5.6208e+01
5.6097e+01
5.5998e+01
5.5883e+01
5.5793e+01
5.5702e+01
5.5640e+01
5.5561e+01
5.5490e+01
5.5408e+01
5.5317e+01
5.5238e+01
5.5155e+01
5.5082e+01
5.4999e+01
5.4937e+01
5.4881e+01
5.4808e+01
5.4754e+01
5.4707e+01
5.4657e+01
5.4604e+01
5.4554e+01
5.4500e+01
5.4447e+01
5.4394e+01
5.4329e+01
5.4270e+01
5.4219e+01
5.4169e+01
5.4128e+01
5.4095e+01
5.4059e+01
5.4033e+01
5.3994e+01
5.3964e+01
5.3938e+01
5.3908e+01
5.3875e+01
5.3858e+01
5.3819e+01
5.3813e+01
5.3775e+01
5.3748e+01
5.3733e+01
5.3715e+01
5.3700e+01
5.3674e+01
5.3659e+01
5.3626e+01
5.3611e+01
5.3575e+01
5.3549e+01
5.3501e+01
5.3465e+01
5.3415e+01
5.3382e+01
5.3346e+01
5.3317e+01
5.3284e+01
5.3257e+01
5.3209e+01
5.3173e+01
5.3126e+01
5.3078e+01
5.3039e+01
5.2994e+01
5.2962e+01
5.2914e+01
5.2857e+01
5.2797e+01
5.2750e+01
5.2702e+01
5.2639e+01
5.2588e+01
5.2525e+01
5.2468e+01
5.2405e+01
5.2342e+01
5.2273e+01
5.2208e+01
5.2135e+01
5.2084e+01
5.2021e+01
5.1955e+01
5.1889e+01
5.1832e+01
5.1769e+01
5.1715e+01
5.1642e+01
5.1585e+01
5.1516e+01
5.1465e+01
5.1392e+01
5.1338e+01
5.1266e+01
5.1202e+01
5.1148e+01
5.1090e+01
5.1039e+01
5.0991e+01
5.0954e+01
5.0903e+01
5.0852e+01
5.0791e+01
5.0730e+01
5.0664e+01
5.0612e+01
5.0564e+01
5.0521e+01
5.0473e+01
5.0446e+01
5.0418e+01
5.0394e+01
5.0364e+01
5.0336e+01
5.0306e+01
5.0276e+01
5.0239e+01
5.0206e+01
5.0166e+01
5.0124e+01
5.0090e+01
5.0048e+01
4.9990e+01
4.9950e+01
4.9911e+01
4.9868e+01
4.9822e+01
4.9770e+01
4.9737e+01
4.9670e+01
4.9645e+01
4.9591e+01
4.9563e+01
4.9508e+01
4.9481e+01
4.9444e+01
4.9407e+01
4.9368e+01
4.9319e+01
4.9288e+01
4.9242e+01
4.9203e+01
4.9154e+01
4.9120e+01
4.9083e+01
4.9053e+01
4.9016e+01
4.8979e+01
4.8942e+01
4.8896e+01
4.8869e+01
4.8826e+01
4.8786e+01
4.8749e+01
4.8719e+01
4.8673e+01
4.8617e+01
4.8568e+01
4.8534e+01
4.8491e+01
4.8452e+01
4.8408e+01
4.8384e+01
4.8347e+01
4.8304e+01
4.8267e+01
4.8227e+01
4.8187e+01
4.8150e+01
4.8110e+01
4.8064e+01
4.8033e+01
4.7999e+01
4.7974e+01
4.7944e+01
4.7916e+01
4.7873e+01
4.7833e+01
4.7799e+01
4.7768e+01
4.7731e+01
4.7694e+01
4.7660e+01
4.7613e+01
4.7567e+01
4.7524e+01
4.7480e+01
4.7446e+01
4.7409e+01
4.7381e+01
4.7341e+01
4.7316e+01
4.7273e+01
4.7245e+01
4.7211e+01
4.7174e+01
4.7137e+01
4.7109e+01
4.7078e+01
4.7038e+01
4.7004e+01
4.6948e+01
4.6926e+01
4.6889e+01
4.6855e+01
4.6817e+01
4.6792e+01
4.6743e+01
4.6712e+01
4.6662e+01
4.6618e+01
4.6562e+01
4.6516e+01
4.6460e+01
4.6419e+01
4.6370e+01
4.6326e+01
4.6285e+01
4.6248e+01
4.6198e+01
4.6151e+01
4.6101e+01
4.6058e+01
4.6011e+01
4.5970e+01
4.5920e+01
4.5877e+01
4.5817e+01
4.5774e+01
4.5724e+01
4.5674e+01
4.5630e+01
4.5586e+01
4.5533e+01
4.5483e+01
4.5423e+01
4.5370e+01
4.5307e+01
4.5251e+01
4.5185e+01
4.5141e+01
4.5091e+01
4.5037e+01
4.4984e+01
4.4930e+01
4.4883e+01
4.4830e+01
4.4786e+01
4.4742e+01
4.4717e+01
4.4673e+01
4.4657e+01
4.4635e+01
4.4613e+01
4.4584e+01
4.4584e+01
4.4575e+01
4.4575e+01
4.4584e+01
4.4606e+01
4.4622e+01
4.4635e+01
4.4654e+01
4.4673e+01
4.4695e+01
4.4720e+01
4.4751e+01
4.4789e+01
4.4817e+01
4.4849e+01
4.4883e+01
4.4915e+01
4.4946e+01
4.4971e+01
4.5009e+01
4.5031e+01
4.5059e+01
4.5091e+01
4.5119e+01
4.5128e+01
4.5163e+01
4.5194e+01
4.5216e+01
4.5226e+01
4.5248e+01
4.5251e+01
4.5276e+01
4.5273e+01
4.5279e+01
4.5251e+01
4.5257e+01
4.5235e+01
4.5226e+01
4.5216e+01
4.5210e+01
4.5194e+01
4.5169e+01
4.5147e+01
4.5131e+01
4.5094e+01
4.5066e+01
4.5034e+01
4.5009e+01
4.4962e+01
4.4930e+01
4.4886e+01
4.4855e+01
4.4814e+01
4.4758e+01
4.4701e+01
4.4641e+01
4.4584e+01
4.4525e+01
4.4468e+01
4.4411e+01
4.4351e+01
4.4275e+01
4.4203e+01
4.4133e+01
4.4073e+01
4.4004e+01
4.3947e+01
4.3887e+01
4.3820e+01
4.3757e+01
4.3687e+01
4.3627e+01
4.3567e+01
4.3520e+01
4.3459e+01
4.3415e+01
4.3370e+01
4.3316e+01
4.3256e+01
4.3208e+01
4.3170e+01
4.3126e+01
4.3097e+01
4.3056e+01
4.3015e+01
4.2970e+01
4.2932e+01
4.2878e+01
4.2830e+01
4.2779e+01
4.2734e+01
4.2696e+01
4.2658e+01
4.2620e+01
4.2581e+01
4.2543e+01
4.2505e+01
4.2470e+01
4.2428e+01
4.2396e+01
4.2355e+01
4.2316e+01
4.2278e+01
4.2240e+01
4.2201e+01
4.2169e+01
4.2128e+01
4.2080e+01
4.2042e+01
4.2013e+01
4.1968e+01
4.1926e+01
4.1881e+01
4.1853e+01
4.1798e+01
4.1750e+01
4.1696e+01
4.1654e+01
4.1599e+01
4.1551e+01
4.1497e+01
4.1455e+01
4.1407e+01
4.1362e+01
4.1310e+01
4.1265e+01
4.1223e+01
4.1175e+01
4.1133e+01
4.1101e+01
4.1059e+01
4.1024e+01
4.0985e+01
4.0956e+01
4.0911e+01
4.0869e+01
4.0847e+01
4.0824e+01
4.0801e+01
4.0785e+01
4.0776e+01
4.0763e+01
4.0737e+01
4.0714e+01
4.0695e+01
4.0672e+01
4.0660e+01
4.0640e+01
4.0627e+01
4.0614e+01
4.0605e+01
4.0598e+01
4.0582e+01
4.0569e+01
4.0563e+01
4.0547e+01
4.0547e+01
4.0524e+01
4.0517e+01
4.0505e+01
4.0495e+01
4.0485e+01
4.0475e+01
4.0446e+01
4.0414e+01
4.0385e+01
4.0353e+01
4.0320e+01
4.0281e+01
4.0256e+01
4.0204e+01
4.0152e+01
4.0103e+01
4.0065e+01
4.0022e+01
3.9977e+01
3.9932e+01
3.9896e+01
3.9844e+01
3.9795e+01
3.9740e+01
3.9698e+01
3.9649e+01
3.9607e+01
3.9555e+01
3.9513e+01
3.9461e+01
3.9409e+01
3.9353e+01
3.9314e+01
3.9253e+01
3.9200e+01
3.9145e+01
3.9096e+01
3.9047e+01
3.9005e+01
3.8936e+01
3.8887e+01
3.8816e+01
3.8744e+01
3.8675e+01
3.8613e+01
3.8554e+01
3.8499e+01
3.8443e+01
3.8387e+01
3.8328e+01
3.8273e+01
3.8204e+01
3.8142e+01
3.8089e+01
3.8033e+01
3.7971e+01
3.7928e+01
3.7873e+01
3.7827e+01
3.7774e+01
3.7725e+01
3.7659e+01
3.7596e+01
3.7544e+01
3.7494e+01
3.7439e+01
3.7386e+01
3.7330e+01
3.7280e+01
3.7214e+01
3.7155e+01
3.7089e+01
3.7040e+01
3.6997e+01
3.6947e+01
3.6904e+01
3.6855e+01
3.6825e+01
3.6769e+01
3.6729e+01
3.6683e+01
3.6650e+01
3.6610e+01
3.6567e+01
3.6537e+01
3.6514e+01
3.6511e+01
3.6481e+01
3.6441e+01
3.6415e+01
3.6388e+01
3.6348e+01
3.6315e+01
3.6272e+01
3.6239e+01
3.6196e+01
3.6149e+01
3.6103e+01
3.6063e+01
3.6020e+01
3.5983e+01
3.5953e+01
3.5913e+01
3.5877e+01
3.5847e+01
3.5804e+01
3.5767e+01
3.5727e+01
3.5701e+01
3.5661e+01
3.5634e+01
3.5594e+01
3.5564e+01
3.5517e+01
3.5477e+01
3.5447e+01
3.5411e+01
3.5374e+01
3.5341e+01
3.5294e+01
3.5257e+01
3.5204e+01
3.5157e+01
3.5100e+01
3.5054e+01
3.5017e+01
3.4977e+01
3.4933e+01
3.4890e+01
3.4853e+01
3.4813e+01
3.4776e+01
3.4732e+01
3.4692e+01
3.4655e+01
3.4622e+01
3.4585e+01
3.4558e+01
3.4525e+01
3.4481e+01
3.4438e+01
3.4428e+01
3.4397e+01
3.4357e+01
3.4330e+01
3.4293e+01
3.4266e+01
3.4223e+01
3.4182e+01
3.4142e+01
3.4102e+01
3.4055e+01
3.4011e+01
3.3981e+01
3.3947e+01
3.3914e+01
3.3877e+01
3.3829e+01
3.3802e+01
3.3765e+01
3.3732e+01
3.3698e+01
3.3661e+01
3.3621e+01
3.3590e+01
3.3550e+01
3.3509e+01
3.3492e+01
3.3455e+01
3.3418e+01
3.3384e+01
3.3354e+01
3.3327e+01
3.3286e+01
3.3236e+01
3.3189e+01
3.3148e+01
3.3107e+01
3.3070e+01
3.3023e+01
3.2989e+01
3.2948e+01
3.2911e+01
3.2877e+01
3.2833e+01
3.2789e+01
3.2749e+01
3.2715e+01
3.2674e+01
3.2630e+01
3.2593e+01
3.2562e+01
3.2515e+01
3.2467e+01
3.2423e+01
3.2379e+01
3.2345e+01
3.2307e+01
3.2273e+01
3.2219e+01
3.2165e+01
3.2110e+01
3.2063e+01
3.2015e+01
3.1964e+01
3.1933e+01
3.1892e+01
3.1841e+01
3.1800e+01
3.1749e+01
3.1698e+01
3.1647e+01
3.1609e+01
3.1565e+01
3.1521e+01
3.1473e+01
3.1432e+01
3.1381e+01
3.1319e+01
3.1275e+01
3.1234e+01
3.1182e+01
3.1145e+01
3.1087e+01
3.1042e+01
3.0980e+01
3.0922e+01
3.0871e+01
3.0823e+01
3.0764e+01
3.0713e+01
3.0665e+01
3.0617e+01
3.0569e+01
3.0514e+01
3.0473e+01
3.0425e+01
3.0366e+01
3.0318e+01
3.0273e+01
3.0229e+01
3.0180e+01
3.0139e+01
3.0084e+01
3.0036e+01
3.0001e+01
2.9957e+01
2.9908e+01
2.9863e+01
2.9812e+01
2.9781e+01
2.9726e+01
2.9677e+01
2.9625e+01
2.9577e+01
2.9518e+01
2.9473e+01
2.9432e+01
2.9390e+01
2.9345e+01
2.9307e+01
2.9262e+01
2.9228e+01
2.9186e+01
2.9152e+01
2.9110e+01
2.9075e+01
2.9041e+01
2.9003e+01
2.8968e+01
2.8937e+01
2.8902e+01
2.8860e+01
2.8819e+01
2.8781e+01
2.8732e+01
2.8697e+01
2.8645e+01
2.8604e+01
2.8551e+01
2.8496e+01
2.8437e+01
2.8391e+01
2.8350e+01
2.8304e+01
2.8256e+01
2.8210e+01
2.8162e+01
2.8109e+01
2.8061e+01
2.8005e+01
2.7956e+01
2.7911e+01
2.7858e+01
2.7813e+01
2.7768e+01
2.7719e+01
2.7659e+01
2.7617e+01
2.7589e+01
2.7526e+01
2.7474e+01
2.7429e+01
2.7380e+01
2.7338e+01
2.7295e+01
2.7257e+01
2.7218e+01
2.7169e+01
2.7127e+01
2.7092e+01
2.7054e+01
2.7026e+01
2.6991e+01
2.6966e+01
2.6938e+01
2.6913e+01
2.6889e+01
2.6864e+01
2.6847e+01
2.6826e+01
2.6808e+01
2.6797e+01
2.6787e+01
2.6769e+01
2.6759e+01
2.6759e+01
2.6752e+01
2.6734e+01
2.6738e+01
2.6741e+01
2.6734e+01
2.6755e+01
2.6759e+01
2.6762e+01
2.6762e+01
2.6759e+01
2.6755e+01
2.6745e+01
2.6741e+01
2.6731e+01
2.6731e+01
2.6720e+01
2.6720e+01
2.6706e+01
2.6703e+01
2.6682e+01
2.6667e+01
2.6657e+01
2.6639e+01
2.6625e+01
2.6608e+01
2.6587e+01
2.6562e+01
2.6541e+01
2.6495e+01
2.6435e+01
2.6390e+01
2.6340e+01
2.6277e+01
2.6220e+01
2.6157e+01
2.6090e+01
2.6019e+01
2.5942e+01
2.5857e+01
2.5779e+01
2.5705e+01
2.5627e+01
2.5550e+01
2.5486e+01
2.5408e+01
2.5326e+01
2.5256e+01
2.5188e+01
2.5117e+01
2.5043e+01
2.4975e+01
2.4911e+01
2.4837e+01
2.4773e+01
2.4709e+01
2.4652e+01
2.4581e+01
2.4510e+01
2.4442e+01
2.4374e+01
2.4307e+01
2.4246e+01
2.4182e+01
2.4114e+01
2.4035e+01
2.3957e+01
2.3882e+01
2.3814e+01
2.3746e+01
2.3682e+01
2.3628e+01
2.3563e+01
2.3506e+01
2.3456e+01
2.3409e+01
2.3356e+01
2.3313e+01
2.3262e+01
2.3244e+01
2.3205e+01
2.3191e+01
2.3151e+01
2.3151e+01
2.3122e+01
2.3126e+01
2.3112e+01
2.3140e+01
2.3119e+01
2.3140e+01
2.3126e+01
2.3155e+01
2.3148e+01
2.3169e+01
2.3173e+01
2.3187e+01
2.3169e+01
2.3191e+01
2.3194e+01
2.3209e+01
2.3198e+01
2.3219e+01
2.3219e+01
2.3223e+01
2.3223e+01
2.3219e+01
2.3209e+01
2.3209e+01
2.3191e+01
2.3176e+01
2.3155e+01
2.3133e+01
2.3108e+01
2.3069e+01
2.3040e+01
2.3022e+01
2.2990e+01
2.2950e+01
2.2921e+01
2.2885e+01
2.2839e+01
2.2781e+01
2.2731e+01
2.2673e+01
2.2612e+01
2.2558e+01
2.2508e+01
2.2446e+01
2.2392e+01
2.2331e+01
2.2277e+01
2.2215e+01
2.2158e+01
2.2093e+01
2.2031e+01
2.1970e+01
2.1916e+01
2.1847e+01
2.1782e+01
2.1720e+01
2.1670e+01
2.1590e+01
2.1514e+01
2.1456e+01
2.1383e+01
2.1311e+01
2.1249e+01
2.1169e+01
2.1108e+01
2.1024e+01
2.0929e+01
2.0842e+01
2.0769e+01
2.0689e+01
2.0616e+01
2.0544e+01
2.0482e+01
2.0412e+01
2.0343e+01
2.0266e+01
2.0197e+01
2.0128e+01
2.0069e+01
1.9992e+01
1.9927e+01
1.9861e+01
1.9798e+01
1.9729e+01
1.9678e+01
1.9619e+01
1.9549e+01
1.9483e+01
1.9425e+01
1.9359e+01
1.9304e+01
1.9226e+01
1.9160e+01
1.9091e+01
1.9017e+01
1.8951e+01
1.8888e+01
1.8826e+01
1.8770e+01
1.8715e+01
1.8675e+01
1.8619e+01
1.8571e+01
1.8516e+01
1.8468e+01
1.8409e+01
1.8365e+01
1.8313e+01
1.8265e+01
1.8217e+01
1.8180e+01
1.8129e+01
1.8073e+01
1.8018e+01
1.7981e+01
1.7936e+01
1.7895e+01
1.7847e+01
1.7810e+01
1.7755e+01
1.7703e+01
1.7651e+01
1.7595e+01
1.7544e+01
1.7510e+01
1.7480e+01
1.7454e+01
1.7429e+01
1.7406e+01
1.7373e+01
1.7354e+01
1.7325e+01
1.7295e+01
1.7265e+01
1.7228e+01
1.7191e+01
1.7172e+01
1.7135e+01
1.7102e+01
1.7053e+01
1.7012e+01
1.6964e+01
1.6930e+01
1.6886e+01
1.6852e+01
1.6800e+01
1.6748e+01
1.6696e+01
1.6662e+01
1.6625e+01
1.6595e+01
1.6565e+01
1.6524e+01
1.6487e+01
1.6442e+01
1.6390e+01
1.6353e+01
1.6312e+01
1.6270e+01
1.6226e+01
1.6188e+01
1.6147e+01
1.6117e+01
1.6072e+01
1.6027e+01
1.5982e+01
1.5930e+01
1.5881e+01
1.5844e+01
1.5795e+01
1.5739e+01
1.5683e+01
1.5634e+01
1.5589e+01
1.5540e+01
1.5495e+01
1.5454e+01
1.5401e+01
1.5364e+01
1.5319e+01
1.5274e+01
1.5225e+01
1.5180e+01
1.5131e+01
1.5086e+01
1.5041e+01
1.5003e+01
1.4950e+01
1.4909e+01
1.4856e+01
1.4822e+01
1.4773e+01
1.4720e+01
1.4668e+01
1.4622e+01
1.4577e+01
1.4536e+01
1.4498e+01
1.4441e+01
1.4388e+01
1.4328e+01
1.4286e+01
1.4233e+01
1.4184e+01
1.4131e+01
1.4086e+01
1.4044e+01
1.3991e+01
1.3942e+01
1.3897e+01
1.3851e+01
1.3806e+01
1.3764e+01
1.3715e+01
1.3669e+01
1.3631e+01
1.3597e+01
1.3544e+01
1.3495e+01
1.3457e+01
1.3423e+01
1.3373e+01
1.3339e+01
1.3290e+01
1.3252e+01
1.3206e+01
1.3160e+01
1.3107e+01
1.3058e+01
1.3016e+01
1.2970e+01
1.2928e+01
1.2886e+01
1.2844e+01
1.2806e+01
1.2749e+01
1.2696e+01
1.2650e+01
1.2604e+01
1.2554e+01
1.2509e+01
1.2459e+01
1.2405e+01
1.2360e+01
1.2321e+01
1.2264e+01
1.2199e+01
1.2153e+01
1.2107e+01
1.2057e+01
1.2008e+01
1.1946e+01
1.1897e+01
1.1828e+01
1.1766e+01
1.1705e+01
1.1651e+01
1.1590e+01
1.1536e+01
1.1479e+01
1.1421e+01
1.1371e+01
1.1321e+01
1.1252e+01
1.1194e+01
1.1133e+01
1.1071e+01
1.1002e+01
1.0940e+01
1.0874e+01
1.0809e+01
1.0736e+01
1.0678e+01
1.0612e+01
1.0539e+01
1.0469e+01
1.0404e+01
1.0323e+01
1.0261e+01
1.0183e+01
1.0121e+01
1.0048e+01
9.9665e+00
9.8890e+00
9.8192e+00
9.7494e+00
9.6913e+00
9.6214e+00
9.5515e+00
9.4894e+00
9.4233e+00
9.3573e+00
9.2990e+00
9.2290e+00
9.1784e+00
9.1200e+00
9.0499e+00
8.9876e+00
8.9370e+00
8.8746e+00
8.8239e+00
8.7693e+00
8.6991e+00
8.6406e+00
8.5820e+00
8.5235e+00
8.4727e+00
8.4062e+00
8.3476e+00
8.2851e+00
8.2146e+00
8.1520e+00
8.0972e+00
8.0307e+00
7.9797e+00
7.9249e+00
7.8622e+00
7.8034e+00
7.7406e+00
7.6778e+00
7.6190e+00
7.5601e+00
7.5051e+00
7.4383e+00
7.3754e+00
7.3125e+00
7.2574e+00
7.1866e+00
7.1315e+00
7.0843e+00
7.0173e+00
6.9385e+00
6.8834e+00
6.8242e+00
6.7651e+00
6.6940e+00
6.6269e+00
6.5480e+00
6.4808e+00
6.4057e+00
6.3425e+00
6.2713e+00
6.2120e+00
6.1566e+00
6.0932e+00
6.0219e+00
5.9585e+00
5.8872e+00
5.8317e+00
5.7682e+00
5.7087e+00
5.6413e+00
5.5857e+00
5.5261e+00
5.4705e+00
5.4029e+00
5.3592e+00
5.2876e+00
5.2200e+00
5.1603e+00
5.1125e+00
5.0409e+00
4.9891e+00
4.9213e+00
4.8536e+00
4.7898e+00
4.7100e+00
4.6381e+00
4.5742e+00
4.5063e+00
4.4344e+00
4.3665e+00
4.3065e+00
4.2505e+00
4.1785e+00
4.1104e+00
4.0463e+00
3.9742e+00
3.9101e+00
3.8500e+00
3.7938e+00
3.7257e+00
3.6614e+00
3.6052e+00
3.5450e+00
3.4647e+00
3.4004e+00
3.3521e+00
3.2958e+00
3.2355e+00
3.1711e+00
3.1027e+00
3.0463e+00
2.9778e+00
2.9133e+00
2.8408e+00
2.7803e+00
2.7117e+00
2.6431e+00
2.5825e+00
2.5179e+00
2.4573e+00
2.4007e+00
2.3360e+00
2.2754e+00
2.2106e+00
2.1540e+00
2.0933e+00
2.0447e+00
1.9799e+00
1.9191e+00
1.8664e+00
1.8177e+00
1.7569e+00
1.6920e+00
1.6392e+00
1.5905e+00
1.5296e+00
1.4808e+00
1.4280e+00
1.3711e+00
1.3182e+00
1.2613e+00
1.1921e+00
1.1352e+00
1.0782e+00
1.0252e+00
9.7227e-01
9.1930e-01
8.6223e-01
8.1331e-01
7.6437e-01
7.1133e-01
6.5012e-01
5.9706e-01
5.4806e-01
4.9905e-01
4.4593e-01
3.9281e-01
3.5602e-01
3.1513e-01
2.5379e-01
1.9242e-01
1.4331e-01
9.4188e-02
4.5052e-02
0000
