4.1911e+01
4.1900e+01
4.1881e+01
4.1862e+01
4.1855e+01
4.1862e+01
4.1866e+01
4.1870e+01
4.1889e+01
4.1923e+01
4.1957e+01
4.2017e+01
4.2074e+01
4.2153e+01
4.2236e+01
4.2361e+01
4.2462e+01
4.2613e+01
4.2741e+01
4.2918e+01
4.3068e+01
4.3259e+01
4.3424e+01
4.3637e+01
4.3828e+01
4.4067e+01
4.4284e+01
4.4541e+01
4.4779e+01
4.5061e+01
4.5317e+01
4.5620e+01
4.5898e+01
4.6208e+01
4.6469e+01
4.6760e+01
4.7006e+01
4.7292e+01
4.7511e+01
4.7786e+01
4.7983e+01
4.8242e+01
4.8449e+01
4.8696e+01
4.8918e+01
4.9143e+01
4.9396e+01
4.9631e+01
4.9855e+01
5.0111e+01
5.0327e+01
5.0550e+01
5.0798e+01
5.1006e+01
5.1167e+01
5.1360e+01
5.1485e+01
5.1625e+01
5.1746e+01
5.1857e+01
5.1964e+01
5.2053e+01
5.2163e+01
5.2245e+01
5.2352e+01
5.2419e+01
5.2508e+01
5.2572e+01
5.2636e+01
5.2707e+01
5.2739e+01
5.2817e+01
5.2859e+01
5.2888e+01
5.2920e+01
5.2944e+01
5.2973e+01
5.2973e+01
5.2962e+01
5.2973e+01
5.2980e+01
5.2973e+01
5.2955e+01
5.2937e+01
5.2909e+01
5.2881e+01
5.2849e+01
5.2796e+01
5.2760e+01
5.2703e+01
5.2661e+01
5.2604e+01
5.2544e+01
5.2480e+01
5.2423e+01
5.2355e+01
5.2284e+01
5.2217e+01
5.2135e+01
5.2063e+01
5.1974e+01
5.1907e+01
5.1814e+01
5.1750e+01
5.1653e+01
5.1575e+01
5.1489e+01
5.1414e+01
5.1325e+01
5.1231e+01
5.1131e+01
5.1045e+01
5.0959e+01
5.0870e+01
5.0776e+01
5.0694e+01
5.0586e+01
5.0485e+01
5.0388e+01
5.0291e+01
5.0197e+01
5.0089e+01
4.9999e+01
4.9898e+01
4.9808e+01
4.9711e+01
4.9602e+01
4.9508e+01
4.9418e+01
4.9313e+01
4.9219e+01
4.9124e+01
4.9030e+01
4.8929e+01
4.8834e+01
4.8754e+01
4.8660e+01
4.8576e+01
4.8500e+01
4.8416e+01
4.8322e+01
4.8242e+01
4.8161e+01
4.8085e+01
4.8005e+01
4.7917e+01
4.7844e+01
4.7764e+01
4.7702e+01
4.7625e+01
4.7548e+01
4.7471e+01
4.7398e+01
4.7328e+01
4.7248e+01
4.7171e+01
4.7105e+01
4.7028e+01
4.6951e+01
4.6885e+01
4.6826e+01
4.6738e+01
4.6649e+01
4.6591e+01
4.6539e+01
4.6469e+01
4.6403e+01
4.6333e+01
4.6278e+01
4.6208e+01
4.6141e+01
4.6079e+01
4.6008e+01
4.5942e+01
4.5887e+01
4.5824e+01
4.5768e+01
4.5713e+01
4.5661e+01
4.5587e+01
4.5521e+01
4.5461e+01
4.5402e+01
4.5339e+01
4.5280e+01
4.5209e+01
4.5157e+01
4.5098e+01
4.5050e+01
4.4972e+01
4.4927e+01
4.4879e+01
4.4838e+01
4.4786e+01
4.4742e+01
4.4689e+01
4.4637e+01
4.4574e+01
4.4518e+01
4.4474e+01
4.4418e+01
4.4362e+01
4.4317e+01
4.4265e+01
4.4224e+01
4.4164e+01
4.4123e+01
4.4071e+01
4.4037e+01
4.3981e+01
4.3944e+01
4.3888e+01
4.3854e+01
4.3802e+01
4.3765e+01
4.3712e+01
4.3679e+01
4.3634e+01
4.3608e+01
4.3566e+01
4.3518e+01
4.3465e+01
4.3428e+01
4.3383e+01
4.3349e+01
4.3293e+01
4.3259e+01
4.3210e+01
4.3162e+01
4.3128e+01
4.3083e+01
4.3038e+01
4.3000e+01
4.2951e+01
4.2910e+01
4.2857e+01
4.2820e+01
4.2775e+01
4.2741e+01
4.2684e+01
4.2647e+01
4.2594e+01
4.2549e+01
4.2500e+01
4.2466e+01
4.2421e+01
4.2387e+01
4.2349e+01
4.2300e+01
4.2259e+01
4.2221e+01
4.2168e+01
4.2119e+01
4.2074e+01
4.2036e+01
4.2002e+01
4.1964e+01
4.1915e+01
4.1881e+01
4.1824e+01
4.1798e+01
4.1749e+01
4.1711e+01
4.1666e+01
4.1635e+01
4.1582e+01
4.1556e+01
4.1510e+01
4.1476e+01
4.1431e+01
4.1404e+01
4.1351e+01
4.1325e+01
4.1294e+01
4.1253e+01
4.1207e+01
4.1180e+01
4.1150e+01
4.1124e+01
4.1082e+01
4.1059e+01
4.1029e+01
4.1006e+01
4.0987e+01
4.0972e+01
4.0949e+01
4.0934e+01
4.0918e+01
4.0899e+01
4.0888e+01
4.0873e+01
4.0861e+01
4.0861e+01
4.0854e+01
4.0854e+01
4.0846e+01
4.0869e+01
4.0865e+01
4.0877e+01
4.0884e+01
4.0907e+01
4.0915e+01
4.0922e+01
4.0930e+01
4.0937e+01
4.0953e+01
4.0945e+01
4.0953e+01
4.0949e+01
4.0956e+01
4.0956e+01
4.0949e+01
4.0949e+01
4.0945e+01
4.0949e+01
4.0945e+01
4.0941e+01
4.0937e+01
4.0934e+01
4.0930e+01
4.0918e+01
4.0918e+01
4.0907e+01
4.0892e+01
4.0888e+01
4.0888e+01
4.0877e+01
4.0854e+01
4.0858e+01
4.0827e+01
4.0820e+01
4.0793e+01
4.0782e+01
4.0766e+01
4.0747e+01
4.0728e+01
4.0705e+01
4.0690e+01
4.0664e+01
4.0637e+01
4.0606e+01
4.0576e+01
4.0542e+01
4.0519e+01
4.0481e+01
4.0462e+01
4.0427e+01
4.0401e+01
4.0370e+01
4.0340e+01
4.0313e+01
4.0275e+01
4.0241e+01
4.0221e+01
4.0199e+01
4.0168e+01
4.0145e+01
4.0122e+01
4.0111e+01
4.0084e+01
4.0061e+01
4.0057e+01
4.0038e+01
4.0038e+01
4.0046e+01
4.0057e+01
4.0076e+01
4.0115e+01
4.0137e+01
4.0187e+01
4.0225e+01
4.0271e+01
4.0309e+01
4.0355e+01
4.0393e+01
4.0458e+01
4.0488e+01
4.0546e+01
4.0610e+01
4.0709e+01
4.0766e+01
4.0846e+01
4.0918e+01
4.1010e+01
4.1089e+01
4.1180e+01
4.1249e+01
4.1340e+01
4.1408e+01
4.1484e+01
4.1552e+01
4.1628e+01
4.1681e+01
4.1756e+01
4.1809e+01
4.1877e+01
4.1915e+01
4.1976e+01
4.2010e+01
4.2063e+01
4.2097e+01
4.2142e+01
4.2153e+01
4.2195e+01
4.2229e+01
4.2259e+01
4.2251e+01
4.2281e+01
4.2293e+01
4.2330e+01
4.2334e+01
4.2357e+01
4.2368e+01
4.2391e+01
4.2391e+01
4.2425e+01
4.2447e+01
4.2474e+01
4.2496e+01
4.2534e+01
4.2556e+01
4.2602e+01
4.2636e+01
4.2688e+01
4.2726e+01
4.2778e+01
4.2827e+01
4.2888e+01
4.2940e+01
4.3011e+01
4.3083e+01
4.3154e+01
4.3229e+01
4.3327e+01
4.3390e+01
4.3465e+01
4.3540e+01
4.3637e+01
4.3716e+01
4.3798e+01
4.3873e+01
4.3963e+01
4.4034e+01
4.4120e+01
4.4187e+01
4.4265e+01
4.4336e+01
4.4414e+01
4.4481e+01
4.4544e+01
4.4611e+01
4.4660e+01
4.4719e+01
4.4764e+01
4.4812e+01
4.4860e+01
4.4894e+01
4.4931e+01
4.4972e+01
4.4990e+01
4.5039e+01
4.5061e+01
4.5080e+01
4.5080e+01
4.5098e+01
4.5102e+01
4.5106e+01
4.5098e+01
4.5106e+01
4.5098e+01
4.5102e+01
4.5083e+01
4.5076e+01
4.5068e+01
4.5050e+01
4.5039e+01
4.5039e+01
4.5009e+01
4.4990e+01
4.4957e+01
4.4950e+01
4.4931e+01
4.4913e+01
4.4894e+01
4.4868e+01
4.4842e+01
4.4827e+01
4.4805e+01
4.4768e+01
4.4730e+01
4.4704e+01
4.4671e+01
4.4645e+01
4.4604e+01
4.4589e+01
4.4563e+01
4.4537e+01
4.4511e+01
4.4492e+01
4.4474e+01
4.4462e+01
4.4433e+01
4.4403e+01
4.4366e+01
4.4325e+01
4.4280e+01
4.4224e+01
4.4172e+01
4.4120e+01
4.4067e+01
4.4019e+01
4.3963e+01
4.3914e+01
4.3854e+01
4.3813e+01
4.3757e+01
4.3697e+01
4.3637e+01
4.3578e+01
4.3510e+01
4.3458e+01
4.3383e+01
4.3334e+01
4.3282e+01
4.3218e+01
4.3158e+01
4.3094e+01
4.3038e+01
4.2989e+01
4.2925e+01
4.2865e+01
4.2805e+01
4.2756e+01
4.2699e+01
4.2647e+01
4.2583e+01
4.2523e+01
4.2470e+01
4.2417e+01
4.2357e+01
4.2296e+01
4.2236e+01
4.2202e+01
4.2138e+01
4.2070e+01
4.2017e+01
4.1979e+01
4.1911e+01
4.1858e+01
4.1798e+01
4.1749e+01
4.1692e+01
4.1639e+01
4.1582e+01
4.1537e+01
4.1480e+01
4.1419e+01
4.1370e+01
4.1317e+01
4.1256e+01
4.1203e+01
4.1154e+01
4.1105e+01
4.1048e+01
4.0991e+01
4.0934e+01
4.0888e+01
4.0835e+01
4.0801e+01
4.0732e+01
4.0698e+01
4.0652e+01
4.0622e+01
4.0553e+01
4.0523e+01
4.0462e+01
4.0424e+01
4.0366e+01
4.0324e+01
4.0267e+01
4.0225e+01
4.0172e+01
4.0118e+01
4.0069e+01
4.0031e+01
3.9981e+01
3.9939e+01
3.9889e+01
3.9851e+01
3.9797e+01
3.9767e+01
3.9721e+01
3.9694e+01
3.9640e+01
3.9610e+01
3.9572e+01
3.9560e+01
3.9518e+01
3.9499e+01
3.9483e+01
3.9457e+01
3.9430e+01
3.9407e+01
3.9372e+01
3.9361e+01
3.9322e+01
3.9288e+01
3.9261e+01
3.9223e+01
3.9192e+01
3.9154e+01
3.9119e+01
3.9084e+01
3.9050e+01
3.9011e+01
3.8973e+01
3.8942e+01
3.8904e+01
3.8865e+01
3.8835e+01
3.8804e+01
3.8765e+01
3.8727e+01
3.8688e+01
3.8646e+01
3.8607e+01
3.8580e+01
3.8554e+01
3.8503e+01
3.8457e+01
3.8419e+01
3.8376e+01
3.8334e+01
3.8287e+01
3.8268e+01
3.8214e+01
3.8183e+01
3.8141e+01
3.8094e+01
3.8052e+01
3.8002e+01
3.7959e+01
3.7917e+01
3.7866e+01
3.7828e+01
3.7789e+01
3.7743e+01
3.7704e+01
3.7654e+01
3.7603e+01
3.7557e+01
3.7514e+01
3.7468e+01
3.7425e+01
3.7394e+01
3.7351e+01
3.7297e+01
3.7246e+01
3.7204e+01
3.7157e+01
3.7126e+01
3.7076e+01
3.7029e+01
3.6978e+01
3.6928e+01
3.6873e+01
3.6842e+01
3.6772e+01
3.6737e+01
3.6687e+01
3.6648e+01
3.6597e+01
3.6562e+01
3.6511e+01
3.6469e+01
3.6426e+01
3.6379e+01
3.6324e+01
3.6281e+01
3.6234e+01
3.6199e+01
3.6145e+01
3.6109e+01
3.6074e+01
3.6024e+01
3.5973e+01
3.5934e+01
3.5891e+01
3.5851e+01
3.5797e+01
3.5758e+01
3.5711e+01
3.5671e+01
3.5628e+01
3.5589e+01
3.5534e+01
3.5495e+01
3.5444e+01
3.5413e+01
3.5370e+01
3.5338e+01
3.5303e+01
3.5264e+01
3.5220e+01
3.5185e+01
3.5150e+01
3.5118e+01
3.5079e+01
3.5032e+01
3.4993e+01
3.4953e+01
3.4898e+01
3.4855e+01
3.4824e+01
3.4792e+01
3.4753e+01
3.4709e+01
3.4666e+01
3.4642e+01
3.4595e+01
3.4548e+01
3.4508e+01
3.4469e+01
3.4426e+01
3.4390e+01
3.4351e+01
3.4315e+01
3.4280e+01
3.4240e+01
3.4201e+01
3.4169e+01
3.4134e+01
3.4098e+01
3.4062e+01
3.4039e+01
3.3999e+01
3.3964e+01
3.3924e+01
3.3892e+01
3.3845e+01
3.3805e+01
3.3766e+01
3.3746e+01
3.3702e+01
3.3679e+01
3.3631e+01
3.3599e+01
3.3564e+01
3.3528e+01
3.3492e+01
3.3469e+01
3.3417e+01
3.3401e+01
3.3362e+01
3.3334e+01
3.3286e+01
3.3254e+01
3.3223e+01
3.3199e+01
3.3151e+01
3.3119e+01
3.3080e+01
3.3044e+01
3.3000e+01
3.2960e+01
3.2917e+01
3.2889e+01
3.2865e+01
3.2825e+01
3.2781e+01
3.2738e+01
3.2702e+01
3.2674e+01
3.2626e+01
3.2594e+01
3.2550e+01
3.2511e+01
3.2475e+01
3.2443e+01
3.2411e+01
3.2383e+01
3.2347e+01
3.2319e+01
3.2299e+01
3.2267e+01
3.2251e+01
3.2219e+01
3.2203e+01
3.2183e+01
3.2151e+01
3.2135e+01
3.2127e+01
3.2107e+01
3.2095e+01
3.2083e+01
3.2099e+01
3.2079e+01
3.2079e+01
3.2060e+01
3.2075e+01
3.2064e+01
3.2087e+01
3.2072e+01
3.2099e+01
3.2087e+01
3.2115e+01
3.2115e+01
3.2159e+01
3.2155e+01
3.2203e+01
3.2211e+01
3.2255e+01
3.2259e+01
3.2303e+01
3.2303e+01
3.2335e+01
3.2335e+01
3.2367e+01
3.2359e+01
3.2387e+01
3.2375e+01
3.2383e+01
3.2371e+01
3.2395e+01
3.2379e+01
3.2395e+01
3.2387e+01
3.2395e+01
3.2383e+01
3.2395e+01
3.2351e+01
3.2371e+01
3.2347e+01
3.2351e+01
3.2311e+01
3.2315e+01
3.2295e+01
3.2283e+01
3.2259e+01
3.2247e+01
3.2227e+01
3.2219e+01
3.2183e+01
3.2159e+01
3.2139e+01
3.2123e+01
3.2103e+01
3.2064e+01
3.2032e+01
3.2024e+01
3.1996e+01
3.1960e+01
3.1928e+01
3.1896e+01
3.1860e+01
3.1828e+01
3.1776e+01
3.1748e+01
3.1707e+01
3.1663e+01
3.1627e+01
3.1587e+01
3.1539e+01
3.1495e+01
3.1443e+01
3.1407e+01
3.1367e+01
3.1319e+01
3.1283e+01
3.1238e+01
3.1194e+01
3.1158e+01
3.1114e+01
3.1074e+01
3.1038e+01
3.0965e+01
3.0925e+01
3.0885e+01
3.0840e+01
3.0784e+01
3.0748e+01
3.0700e+01
3.0667e+01
3.0611e+01
3.0567e+01
3.0518e+01
3.0474e+01
3.0417e+01
3.0369e+01
3.0325e+01
3.0284e+01
3.0236e+01
3.0187e+01
3.0131e+01
3.0095e+01
3.0034e+01
2.9993e+01
2.9949e+01
2.9917e+01
2.9868e+01
2.9828e+01
2.9771e+01
2.9735e+01
2.9686e+01
2.9658e+01
2.9625e+01
2.9577e+01
2.9528e+01
2.9500e+01
2.9447e+01
2.9414e+01
2.9370e+01
2.9333e+01
2.9293e+01
2.9240e+01
2.9203e+01
2.9175e+01
2.9134e+01
2.9098e+01
2.9065e+01
2.9037e+01
2.8984e+01
2.8951e+01
2.8907e+01
2.8870e+01
2.8838e+01
2.8797e+01
2.8756e+01
2.8720e+01
2.8679e+01
2.8650e+01
2.8614e+01
2.8569e+01
2.8520e+01
2.8491e+01
2.8447e+01
2.8406e+01
2.8377e+01
2.8332e+01
2.8300e+01
2.8251e+01
2.8218e+01
2.8173e+01
2.8136e+01
2.8091e+01
2.8055e+01
2.8010e+01
2.7973e+01
2.7940e+01
2.7891e+01
2.7850e+01
2.7809e+01
2.7777e+01
2.7740e+01
2.7695e+01
2.7646e+01
2.7617e+01
2.7584e+01
2.7551e+01
2.7502e+01
2.7457e+01
2.7424e+01
2.7387e+01
2.7342e+01
2.7314e+01
2.7268e+01
2.7236e+01
2.7186e+01
2.7149e+01
2.7112e+01
2.7071e+01
2.7034e+01
2.7006e+01
2.6960e+01
2.6919e+01
2.6886e+01
2.6853e+01
2.6800e+01
2.6763e+01
2.6730e+01
2.6693e+01
2.6656e+01
2.6627e+01
2.6590e+01
2.6553e+01
2.6520e+01
2.6495e+01
2.6446e+01
2.6404e+01
2.6388e+01
2.6371e+01
2.6334e+01
2.6305e+01
2.6281e+01
2.6256e+01
2.6227e+01
2.6194e+01
2.6169e+01
2.6136e+01
2.6116e+01
2.6082e+01
2.6054e+01
2.6029e+01
2.6012e+01
2.5983e+01
2.5958e+01
2.5938e+01
2.5917e+01
2.5888e+01
2.5859e+01
2.5830e+01
2.5810e+01
2.5777e+01
2.5756e+01
2.5739e+01
2.5731e+01
2.5690e+01
2.5665e+01
2.5640e+01
2.5619e+01
2.5586e+01
2.5557e+01
2.5524e+01
2.5499e+01
2.5453e+01
2.5433e+01
2.5391e+01
2.5362e+01
2.5333e+01
2.5296e+01
2.5263e+01
2.5225e+01
2.5192e+01
2.5163e+01
2.5126e+01
2.5088e+01
2.5051e+01
2.5018e+01
2.4989e+01
2.4947e+01
2.4914e+01
2.4876e+01
2.4851e+01
2.4810e+01
2.4768e+01
2.4731e+01
2.4697e+01
2.4660e+01
2.4627e+01
2.4589e+01
2.4556e+01
2.4518e+01
2.4481e+01
2.4447e+01
2.4414e+01
2.4381e+01
2.4339e+01
2.4306e+01
2.4276e+01
2.4243e+01
2.4210e+01
2.4176e+01
2.4147e+01
2.4118e+01
2.4080e+01
2.4039e+01
2.4013e+01
2.3984e+01
2.3947e+01
2.3913e+01
2.3892e+01
2.3842e+01
2.3804e+01
2.3783e+01
2.3750e+01
2.3717e+01
2.3700e+01
2.3662e+01
2.3645e+01
2.3612e+01
2.3574e+01
2.3541e+01
2.3511e+01
2.3478e+01
2.3440e+01
2.3407e+01
2.3381e+01
2.3352e+01
2.3327e+01
2.3298e+01
2.3264e+01
2.3230e+01
2.3201e+01
2.3172e+01
2.3142e+01
2.3113e+01
2.3084e+01
2.3050e+01
2.3037e+01
2.3021e+01
2.2987e+01
2.2945e+01
2.2920e+01
2.2886e+01
2.2852e+01
2.2819e+01
2.2789e+01
2.2751e+01
2.2722e+01
2.2688e+01
2.2663e+01
2.2634e+01
2.2613e+01
2.2570e+01
2.2554e+01
2.2511e+01
2.2486e+01
2.2461e+01
2.2431e+01
2.2398e+01
2.2372e+01
2.2339e+01
2.2309e+01
2.2275e+01
2.2237e+01
2.2195e+01
2.2161e+01
2.2145e+01
2.2119e+01
2.2077e+01
2.2039e+01
2.2005e+01
2.1971e+01
2.1933e+01
2.1895e+01
2.1870e+01
2.1828e+01
2.1781e+01
2.1747e+01
2.1705e+01
2.1671e+01
2.1642e+01
2.1608e+01
2.1561e+01
2.1536e+01
2.1502e+01
2.1472e+01
2.1430e+01
2.1400e+01
2.1362e+01
2.1328e+01
2.1303e+01
2.1281e+01
2.1256e+01
2.1243e+01
2.1222e+01
2.1188e+01
2.1167e+01
2.1146e+01
2.1137e+01
2.1129e+01
2.1108e+01
2.1103e+01
2.1103e+01
2.1074e+01
2.1078e+01
2.1086e+01
2.1095e+01
2.1091e+01
2.1095e+01
2.1091e+01
2.1108e+01
2.1112e+01
2.1116e+01
2.1129e+01
2.1141e+01
2.1163e+01
2.1158e+01
2.1180e+01
2.1180e+01
2.1192e+01
2.1201e+01
2.1209e+01
2.1222e+01
2.1201e+01
2.1205e+01
2.1218e+01
2.1222e+01
2.1222e+01
2.1222e+01
2.1231e+01
2.1226e+01
2.1222e+01
2.1226e+01
2.1218e+01
2.1205e+01
2.1201e+01
2.1184e+01
2.1171e+01
2.1163e+01
2.1146e+01
2.1129e+01
2.1099e+01
2.1091e+01
2.1069e+01
2.1057e+01
2.1027e+01
2.1010e+01
2.0989e+01
2.0963e+01
2.0929e+01
2.0912e+01
2.0882e+01
2.0865e+01
2.0836e+01
2.0810e+01
2.0780e+01
2.0751e+01
2.0708e+01
2.0674e+01
2.0636e+01
2.0610e+01
2.0568e+01
2.0521e+01
2.0474e+01
2.0440e+01
2.0397e+01
2.0355e+01
2.0316e+01
2.0274e+01
2.0227e+01
2.0180e+01
2.0133e+01
2.0090e+01
2.0039e+01
1.9996e+01
1.9958e+01
1.9928e+01
1.9877e+01
1.9830e+01
1.9787e+01
1.9753e+01
1.9718e+01
1.9676e+01
1.9633e+01
1.9599e+01
1.9552e+01
1.9517e+01
1.9470e+01
1.9440e+01
1.9393e+01
1.9355e+01
1.9316e+01
1.9282e+01
1.9243e+01
1.9196e+01
1.9149e+01
1.9119e+01
1.9080e+01
1.9037e+01
1.8994e+01
1.8960e+01
1.8921e+01
1.8865e+01
1.8831e+01
1.8809e+01
1.8775e+01
1.8728e+01
1.8689e+01
1.8659e+01
1.8625e+01
1.8582e+01
1.8543e+01
1.8504e+01
1.8465e+01
1.8422e+01
1.8379e+01
1.8345e+01
1.8306e+01
1.8263e+01
1.8220e+01
1.8185e+01
1.8151e+01
1.8108e+01
1.8073e+01
1.8034e+01
1.8000e+01
1.7961e+01
1.7926e+01
1.7879e+01
1.7857e+01
1.7827e+01
1.7779e+01
1.7740e+01
1.7702e+01
1.7658e+01
1.7619e+01
1.7576e+01
1.7546e+01
1.7511e+01
1.7468e+01
1.7425e+01
1.7399e+01
1.7355e+01
1.7321e+01
1.7286e+01
1.7256e+01
1.7217e+01
1.7182e+01
1.7143e+01
1.7108e+01
1.7074e+01
1.7039e+01
1.6995e+01
1.6965e+01
1.6926e+01
1.6891e+01
1.6856e+01
1.6830e+01
1.6800e+01
1.6765e+01
1.6717e+01
1.6683e+01
1.6644e+01
1.6609e+01
1.6570e+01
1.6539e+01
1.6496e+01
1.6465e+01
1.6426e+01
1.6396e+01
1.6348e+01
1.6313e+01
1.6265e+01
1.6230e+01
1.6191e+01
1.6156e+01
1.6117e+01
1.6086e+01
1.6051e+01
1.6008e+01
1.5973e+01
1.5946e+01
1.5907e+01
1.5864e+01
1.5829e+01
1.5794e+01
1.5737e+01
1.5706e+01
1.5684e+01
1.5663e+01
1.5623e+01
1.5588e+01
1.5549e+01
1.5514e+01
1.5475e+01
1.5435e+01
1.5404e+01
1.5369e+01
1.5339e+01
1.5295e+01
1.5256e+01
1.5216e+01
1.5181e+01
1.5142e+01
1.5107e+01
1.5072e+01
1.5028e+01
1.4993e+01
1.4953e+01
1.4918e+01
1.4874e+01
1.4835e+01
1.4799e+01
1.4760e+01
1.4707e+01
1.4663e+01
1.4641e+01
1.4619e+01
1.4580e+01
1.4553e+01
1.4518e+01
1.4479e+01
1.4439e+01
1.4399e+01
1.4373e+01
1.4333e+01
1.4289e+01
1.4254e+01
1.4223e+01
1.4197e+01
1.4157e+01
1.4131e+01
1.4100e+01
1.4060e+01
1.4025e+01
1.3994e+01
1.3954e+01
1.3919e+01
1.3875e+01
1.3835e+01
1.3795e+01
1.3769e+01
1.3698e+01
1.3667e+01
1.3636e+01
1.3597e+01
1.3557e+01
1.3522e+01
1.3482e+01
1.3442e+01
1.3389e+01
1.3353e+01
1.3322e+01
1.3283e+01
1.3252e+01
1.3203e+01
1.3167e+01
1.3128e+01
1.3092e+01
1.3048e+01
1.3012e+01
1.2968e+01
1.2933e+01
1.2888e+01
1.2857e+01
1.2813e+01
1.2764e+01
1.2728e+01
1.2693e+01
1.2657e+01
1.2622e+01
1.2595e+01
1.2555e+01
1.2502e+01
1.2471e+01
1.2440e+01
1.2395e+01
1.2368e+01
1.2333e+01
1.2293e+01
1.2262e+01
1.2217e+01
1.2173e+01
1.2146e+01
1.2106e+01
1.2066e+01
1.2026e+01
1.1990e+01
1.1945e+01
1.1914e+01
1.1878e+01
1.1834e+01
1.1798e+01
1.1762e+01
1.1718e+01
1.1682e+01
1.1651e+01
1.1611e+01
1.1575e+01
1.1539e+01
1.1486e+01
1.1445e+01
1.1423e+01
1.1392e+01
1.1360e+01
1.1334e+01
1.1289e+01
1.1262e+01
1.1222e+01
1.1172e+01
1.1141e+01
1.1105e+01
1.1065e+01
1.1034e+01
1.0993e+01
1.0957e+01
1.0922e+01
1.0886e+01
1.0845e+01
1.0805e+01
1.0774e+01
1.0742e+01
1.0702e+01
1.0675e+01
1.0630e+01
1.0607e+01
1.0563e+01
1.0536e+01
1.0509e+01
1.0486e+01
1.0446e+01
1.0414e+01
1.0383e+01
1.0351e+01
1.0311e+01
1.0275e+01
1.0257e+01
1.0216e+01
1.0189e+01
1.0153e+01
1.0117e+01
1.0090e+01
1.0054e+01
1.0018e+01
9.9868e+00
9.9553e+00
9.9102e+00
9.8741e+00
9.8561e+00
9.8200e+00
9.7885e+00
9.7524e+00
9.7118e+00
9.6892e+00
9.6396e+00
9.5990e+00
9.5764e+00
9.5493e+00
9.5132e+00
9.4770e+00
9.4364e+00
9.4047e+00
9.3641e+00
9.3279e+00
9.2963e+00
9.2646e+00
9.2284e+00
9.1877e+00
9.1561e+00
9.1153e+00
9.0746e+00
9.0474e+00
9.0157e+00
8.9750e+00
8.9297e+00
8.8980e+00
8.8617e+00
8.8255e+00
8.7892e+00
8.7575e+00
8.7121e+00
8.6940e+00
8.6486e+00
8.6032e+00
8.5760e+00
8.5488e+00
8.5170e+00
8.4897e+00
8.4580e+00
8.4216e+00
8.3853e+00
8.3535e+00
8.3217e+00
8.2853e+00
8.2535e+00
8.2217e+00
8.1853e+00
8.1534e+00
8.1125e+00
8.0761e+00
8.0442e+00
8.0124e+00
7.9760e+00
7.9350e+00
7.8986e+00
7.8621e+00
7.8302e+00
7.7983e+00
7.7527e+00
7.7208e+00
7.6980e+00
7.6661e+00
7.6342e+00
7.6023e+00
7.5658e+00
7.5384e+00
7.4973e+00
7.4562e+00
7.4197e+00
7.3786e+00
7.3421e+00
7.3147e+00
7.2781e+00
7.2415e+00
7.2004e+00
7.1684e+00
7.1364e+00
7.1044e+00
7.0724e+00
7.0403e+00
6.9992e+00
6.9763e+00
6.9397e+00
6.9076e+00
6.8756e+00
6.8572e+00
6.8160e+00
6.7748e+00
6.7473e+00
6.7198e+00
6.6877e+00
6.6740e+00
6.6465e+00
6.6098e+00
6.5731e+00
6.5502e+00
6.5318e+00
6.5043e+00
6.4722e+00
6.4400e+00
6.4079e+00
6.3850e+00
6.3574e+00
6.3299e+00
6.2977e+00
6.2656e+00
6.2426e+00
6.2104e+00
6.1875e+00
6.1599e+00
6.1323e+00
6.1001e+00
6.0679e+00
6.0403e+00
5.9943e+00
5.9713e+00
5.9621e+00
5.9345e+00
5.9023e+00
5.8793e+00
5.8471e+00
5.8333e+00
5.7918e+00
5.7642e+00
5.7458e+00
5.7181e+00
5.6905e+00
5.6628e+00
5.6306e+00
5.5983e+00
5.5753e+00
5.5430e+00
5.5061e+00
5.4830e+00
5.4461e+00
5.4092e+00
5.3815e+00
5.3492e+00
5.3261e+00
5.2938e+00
5.2569e+00
5.2292e+00
5.1737e+00
5.1368e+00
5.1137e+00
5.0906e+00
5.0443e+00
5.0166e+00
4.9750e+00
4.9380e+00
4.8917e+00
4.8501e+00
4.8084e+00
4.7668e+00
4.7343e+00
4.6973e+00
4.6602e+00
4.6278e+00
4.5815e+00
4.5398e+00
4.4934e+00
4.4470e+00
4.4099e+00
4.3728e+00
4.3311e+00
4.2893e+00
4.2475e+00
4.2057e+00
4.1686e+00
4.1314e+00
4.0803e+00
4.0432e+00
4.0153e+00
3.9734e+00
3.9223e+00
3.8851e+00
3.8386e+00
3.7967e+00
3.7502e+00
3.7036e+00
3.6617e+00
3.6198e+00
3.5779e+00
3.5360e+00
3.4940e+00
3.4474e+00
3.4054e+00
3.3588e+00
3.3075e+00
3.2655e+00
3.2095e+00
3.1675e+00
3.1021e+00
3.0554e+00
2.9994e+00
2.9526e+00
2.9059e+00
2.8638e+00
2.8171e+00
2.7937e+00
2.7469e+00
2.6954e+00
2.6486e+00
2.6205e+00
2.5737e+00
2.5503e+00
2.5128e+00
2.4847e+00
2.4519e+00
2.4191e+00
2.3957e+00
2.3629e+00
2.3348e+00
2.3066e+00
2.2738e+00
2.2457e+00
2.2175e+00
2.1941e+00
2.1612e+00
2.1377e+00
2.1143e+00
2.0955e+00
2.0720e+00
2.0486e+00
2.0251e+00
2.0110e+00
1.9828e+00
1.9781e+00
1.9640e+00
1.9264e+00
1.8935e+00
1.8795e+00
1.8513e+00
1.8372e+00
1.8089e+00
1.7948e+00
1.7760e+00
1.7572e+00
1.7337e+00
1.7102e+00
1.6820e+00
1.6632e+00
1.6349e+00
1.6114e+00
1.5926e+00
1.5785e+00
1.5455e+00
1.5267e+00
1.5031e+00
1.4843e+00
1.4560e+00
1.4372e+00
1.4136e+00
1.3995e+00
1.3712e+00
1.3383e+00
1.3100e+00
1.3053e+00
1.2723e+00
1.2534e+00
1.2251e+00
1.2204e+00
1.1921e+00
1.1638e+00
1.1449e+00
1.1261e+00
1.1025e+00
1.0836e+00
1.0553e+00
1.0364e+00
1.0081e+00
9.8449e-01
9.4672e-01
9.1839e-01
8.9005e-01
8.5225e-01
8.1918e-01
7.9555e-01
7.6720e-01
7.2465e-01
6.8210e-01
6.6319e-01
6.3954e-01
6.0643e-01
5.5912e-01
5.1653e-01
4.8340e-01
4.5973e-01
4.2186e-01
3.8871e-01
3.6030e-01
3.2240e-01
2.9398e-01
2.5607e-01
2.2763e-01
2.0393e-01
1.7549e-01
1.4704e-01
1.2333e-01
1.0437e-01
8.5394e-02
6.6420e-02
4.7445e-02
2.3724e-02
1.8980e-02
9.4900e-03
9.4900e-03
0000
9.4900e-03
9.4900e-03
2.8469e-02
2.8469e-02
5.2189e-02
6.1677e-02
8.5394e-02
9.9622e-02
1.5179e-01
1.6601e-01
2.1341e-01
2.3711e-01
2.8924e-01
3.1766e-01
3.7924e-01
4.1239e-01
4.5500e-01
4.9287e-01
5.4493e-01
5.6858e-01
6.1116e-01
6.4427e-01
6.8683e-01
7.1520e-01
7.5302e-01
7.7192e-01
8.1446e-01
8.5225e-01
8.8060e-01
8.9477e-01
9.5144e-01
9.7033e-01
1.0081e+00
1.0411e+00
1.0695e+00
1.0883e+00
1.1166e+00
1.1402e+00
1.1732e+00
1.1874e+00
1.2110e+00
1.2251e+00
1.2298e+00
1.2393e+00
1.2534e+00
1.2440e+00
1.2534e+00
1.2581e+00
1.2628e+00
1.2581e+00
1.2581e+00
1.2487e+00
1.2487e+00
1.2393e+00
1.2157e+00
1.2015e+00
1.1968e+00
1.1780e+00
1.1638e+00
1.1402e+00
1.1166e+00
1.1025e+00
1.0742e+00
1.0647e+00
1.0411e+00
1.0223e+00
9.9393e-01
9.8921e-01
9.5616e-01
9.6561e-01
9.4672e-01
9.3255e-01
9.1366e-01
8.9005e-01
8.7115e-01
8.5225e-01
8.1918e-01
7.8610e-01
7.5774e-01
7.2938e-01
6.9629e-01
6.7737e-01
6.3954e-01
5.8751e-01
5.5912e-01
5.4019e-01
5.1180e-01
4.7867e-01
4.4080e-01
4.1712e-01
3.8398e-01
3.3661e-01
3.0345e-01
2.6555e-01
2.3237e-01
1.8497e-01
1.5653e-01
1.2808e-01
9.4879e-02
6.1677e-02
2.3724e-02
