1.9287e+01
1.9188e+01
1.9067e+01
1.8965e+01
1.8850e+01
1.8744e+01
1.8622e+01
1.8521e+01
1.8390e+01
1.8287e+01
1.8162e+01
1.8062e+01
1.7958e+01
1.7863e+01
1.7746e+01
1.7654e+01
1.7542e+01
1.7464e+01
1.7351e+01
1.7262e+01
1.7155e+01
1.7058e+01
1.6966e+01
1.6866e+01
1.6767e+01
1.6675e+01
1.6578e+01
1.6489e+01
1.6393e+01
1.6298e+01
1.6178e+01
1.6085e+01
1.5971e+01
1.5880e+01
1.5764e+01
1.5679e+01
1.5584e+01
1.5512e+01
1.5405e+01
1.5327e+01
1.5238e+01
1.5174e+01
1.5091e+01
1.5029e+01
1.4951e+01
1.4895e+01
1.4823e+01
1.4772e+01
1.4710e+01
1.4678e+01
1.4622e+01
1.4592e+01
1.4543e+01
1.4539e+01
1.4492e+01
1.4481e+01
1.4447e+01
1.4428e+01
1.4404e+01
1.4404e+01
1.4383e+01
1.4392e+01
1.4370e+01
1.4381e+01
1.4364e+01
1.4379e+01
1.4377e+01
1.4385e+01
1.4389e+01
1.4392e+01
1.4379e+01
1.4394e+01
1.4389e+01
1.4396e+01
1.4387e+01
1.4396e+01
1.4364e+01
1.4377e+01
1.4334e+01
1.4321e+01
1.4287e+01
1.4274e+01
1.4252e+01
1.4246e+01
1.4229e+01
1.4220e+01
1.4205e+01
1.4186e+01
1.4178e+01
1.4165e+01
1.4158e+01
1.4150e+01
1.4148e+01
1.4135e+01
1.4135e+01
1.4120e+01
1.4111e+01
1.4090e+01
1.4079e+01
1.4068e+01
1.4047e+01
1.4030e+01
1.4002e+01
1.3980e+01
1.3948e+01
1.3918e+01
1.3894e+01
1.3858e+01
1.3852e+01
1.3802e+01
1.3800e+01
1.3774e+01
1.3740e+01
1.3712e+01
1.3673e+01
1.3637e+01
1.3611e+01
1.3581e+01
1.3563e+01
1.3546e+01
1.3538e+01
1.3535e+01
1.3538e+01
1.3559e+01
1.3576e+01
1.3576e+01
1.3585e+01
1.3563e+01
1.3617e+01
1.3613e+01
1.3669e+01
1.3693e+01
1.3697e+01
1.3779e+01
1.3819e+01
1.3903e+01
1.3965e+01
1.4073e+01
1.4145e+01
1.4274e+01
1.4340e+01
1.4483e+01
1.4571e+01
1.4733e+01
1.4861e+01
1.5029e+01
1.5172e+01
1.5335e+01
1.5482e+01
1.5613e+01
1.5730e+01
1.5840e+01
1.5948e+01
1.6049e+01
1.6150e+01
1.6251e+01
1.6351e+01
1.6447e+01
1.6555e+01
1.6670e+01
1.6763e+01
1.6843e+01
1.6905e+01
1.6973e+01
1.7029e+01
1.7065e+01
1.7115e+01
1.7121e+01
1.7159e+01
1.7157e+01
1.7188e+01
1.7182e+01
1.7195e+01
1.7203e+01
1.7222e+01
1.7243e+01
1.7287e+01
1.7345e+01
1.7393e+01
1.7458e+01
1.7521e+01
1.7608e+01
1.7679e+01
1.7767e+01
1.7877e+01
1.7950e+01
1.8075e+01
1.8135e+01
1.8278e+01
1.8334e+01
1.8513e+01
1.8577e+01
1.8765e+01
1.8813e+01
1.8974e+01
1.9001e+01
1.9145e+01
1.9161e+01
1.9289e+01
1.9293e+01
1.9386e+01
1.9386e+01
1.9460e+01
1.9444e+01
1.9505e+01
1.9470e+01
1.9513e+01
1.9468e+01
1.9466e+01
1.9388e+01
1.9365e+01
1.9275e+01
1.9248e+01
1.9147e+01
1.9095e+01
1.8992e+01
1.8897e+01
1.8782e+01
1.8668e+01
1.8544e+01
1.8413e+01
1.8291e+01
1.8156e+01
1.8033e+01
1.7890e+01
1.7767e+01
1.7604e+01
1.7468e+01
1.7303e+01
1.7172e+01
1.7019e+01
1.6895e+01
1.6752e+01
1.6637e+01
1.6511e+01
1.6412e+01
1.6283e+01
1.6195e+01
1.6076e+01
1.5981e+01
1.5846e+01
1.5738e+01
1.5611e+01
1.5512e+01
1.5395e+01
1.5304e+01
1.5191e+01
1.5106e+01
1.4985e+01
1.4906e+01
1.4795e+01
1.4723e+01
1.4616e+01
1.4550e+01
1.4441e+01
1.4402e+01
1.4282e+01
1.4240e+01
1.4141e+01
1.4118e+01
1.4015e+01
1.3965e+01
1.3862e+01
1.3804e+01
1.3705e+01
1.3665e+01
1.3579e+01
1.3538e+01
1.3469e+01
1.3419e+01
1.3350e+01
1.3311e+01
1.3247e+01
1.3197e+01
1.3143e+01
1.3098e+01
1.3046e+01
1.3011e+01
1.2968e+01
1.2929e+01
1.2892e+01
1.2858e+01
1.2817e+01
1.2791e+01
1.2724e+01
1.2691e+01
1.2637e+01
1.2596e+01
1.2550e+01
1.2516e+01
1.2470e+01
1.2435e+01
1.2388e+01
1.2357e+01
1.2303e+01
1.2268e+01
1.2222e+01
1.2181e+01
1.2135e+01
1.2101e+01
1.2046e+01
1.2016e+01
1.1963e+01
1.1926e+01
1.1885e+01
1.1848e+01
1.1793e+01
1.1765e+01
1.1713e+01
1.1687e+01
1.1636e+01
1.1606e+01
1.1571e+01
1.1542e+01
1.1512e+01
1.1492e+01
1.1453e+01
1.1435e+01
1.1374e+01
1.1343e+01
1.1297e+01
1.1251e+01
1.1208e+01
1.1170e+01
1.1131e+01
1.1087e+01
1.1052e+01
1.1015e+01
1.0971e+01
1.0929e+01
1.0879e+01
1.0839e+01
1.0778e+01
1.0734e+01
1.0670e+01
1.0626e+01
1.0591e+01
1.0538e+01
1.0496e+01
1.0461e+01
1.0403e+01
1.0368e+01
1.0315e+01
1.0282e+01
1.0231e+01
1.0196e+01
1.0143e+01
1.0105e+01
1.0066e+01
1.0041e+01
9.9994e+00
9.9662e+00
9.9220e+00
9.8888e+00
9.8489e+00
9.8334e+00
9.7914e+00
9.7737e+00
9.7360e+00
9.7294e+00
9.7139e+00
9.7094e+00
9.7272e+00
9.7338e+00
9.7626e+00
9.7737e+00
9.7980e+00
9.8268e+00
9.8534e+00
9.8777e+00
9.8976e+00
9.9109e+00
9.9795e+00
9.9529e+00
1.0033e+01
1.0050e+01
1.0101e+01
1.0136e+01
1.0172e+01
1.0198e+01
1.0242e+01
1.0260e+01
1.0295e+01
1.0300e+01
1.0309e+01
1.0300e+01
1.0304e+01
1.0284e+01
1.0304e+01
1.0291e+01
1.0286e+01
1.0269e+01
1.0267e+01
1.0242e+01
1.0229e+01
1.0211e+01
1.0183e+01
1.0158e+01
1.0125e+01
1.0099e+01
1.0070e+01
1.0039e+01
9.9994e+00
9.9684e+00
9.9220e+00
9.8821e+00
9.8401e+00
9.8025e+00
9.7471e+00
9.7161e+00
9.6673e+00
9.6407e+00
9.5764e+00
9.5343e+00
9.4610e+00
9.4277e+00
9.3700e+00
9.3478e+00
9.3078e+00
9.2722e+00
9.2344e+00
9.2144e+00
9.1677e+00
9.1388e+00
9.0943e+00
9.0765e+00
9.0431e+00
9.0275e+00
9.0030e+00
8.9718e+00
8.9584e+00
8.9406e+00
8.9161e+00
8.9049e+00
8.8782e+00
8.8693e+00
8.8403e+00
8.8314e+00
8.8090e+00
8.7979e+00
8.7600e+00
8.7399e+00
8.7332e+00
8.7287e+00
8.7243e+00
8.7243e+00
8.7287e+00
8.7488e+00
8.7845e+00
8.8180e+00
8.8893e+00
8.9451e+00
9.0364e+00
9.1121e+00
9.2455e+00
9.3500e+00
9.4855e+00
9.6230e+00
9.7471e+00
9.8622e+00
9.9883e+00
1.0108e+01
1.0256e+01
1.0368e+01
1.0527e+01
1.0630e+01
1.0745e+01
1.0843e+01
1.0942e+01
1.1034e+01
1.1107e+01
1.1197e+01
1.1273e+01
1.1378e+01
1.1444e+01
1.1542e+01
1.1608e+01
1.1634e+01
1.1682e+01
1.1702e+01
1.1743e+01
1.1759e+01
1.1778e+01
1.1787e+01
1.1778e+01
1.1776e+01
1.1767e+01
1.1741e+01
1.1704e+01
1.1680e+01
1.1610e+01
1.1560e+01
1.1483e+01
1.1427e+01
1.1363e+01
1.1300e+01
1.1234e+01
1.1166e+01
1.1094e+01
1.1034e+01
1.0960e+01
1.0894e+01
1.0804e+01
1.0784e+01
1.0698e+01
1.0639e+01
1.0573e+01
1.0509e+01
1.0428e+01
1.0372e+01
1.0311e+01
1.0236e+01
1.0174e+01
1.0110e+01
1.0033e+01
9.9706e+00
9.8888e+00
9.8268e+00
9.7404e+00
9.6851e+00
9.6186e+00
9.5742e+00
9.5054e+00
9.4655e+00
9.4011e+00
9.3611e+00
9.2989e+00
9.2589e+00
9.2033e+00
9.1633e+00
9.1232e+00
9.0742e+00
9.0208e+00
8.9785e+00
8.9295e+00
8.8849e+00
8.8447e+00
8.8046e+00
8.7622e+00
8.7220e+00
8.6684e+00
8.6215e+00
8.5679e+00
8.5255e+00
8.4830e+00
8.4472e+00
8.4092e+00
8.3644e+00
8.3398e+00
8.3040e+00
8.2681e+00
8.2323e+00
8.1875e+00
8.1516e+00
8.1157e+00
8.0844e+00
8.0529e+00
8.0372e+00
8.0036e+00
7.9744e+00
7.9565e+00
7.9318e+00
7.8981e+00
7.8779e+00
7.8442e+00
7.8104e+00
7.7700e+00
7.7430e+00
7.7183e+00
7.6958e+00
7.6868e+00
7.6665e+00
7.6620e+00
7.6530e+00
7.6395e+00
7.6260e+00
7.6260e+00
7.6170e+00
7.6125e+00
7.6350e+00
7.6440e+00
7.6800e+00
7.6845e+00
7.7273e+00
7.7587e+00
7.8060e+00
7.8352e+00
7.8554e+00
7.8891e+00
7.8599e+00
7.8981e+00
7.8801e+00
7.8958e+00
7.8891e+00
7.9295e+00
7.9250e+00
7.9632e+00
7.9722e+00
7.9924e+00
7.9924e+00
8.0193e+00
8.0126e+00
8.0372e+00
8.0126e+00
8.0507e+00
8.0260e+00
8.0440e+00
8.0260e+00
8.0283e+00
8.0170e+00
8.0193e+00
7.9946e+00
7.9879e+00
7.9587e+00
7.9430e+00
7.9093e+00
7.8779e+00
7.8509e+00
7.8217e+00
7.7925e+00
7.7745e+00
7.7498e+00
7.7340e+00
7.6913e+00
7.6688e+00
7.6328e+00
7.5990e+00
7.5698e+00
7.5405e+00
7.5067e+00
7.4774e+00
7.4436e+00
7.4031e+00
7.3783e+00
7.3467e+00
7.3377e+00
7.3129e+00
7.2790e+00
7.2587e+00
7.2203e+00
7.1932e+00
7.1391e+00
7.1278e+00
7.0781e+00
7.0826e+00
7.0600e+00
7.0577e+00
7.0442e+00
7.0464e+00
7.0396e+00
7.0374e+00
7.0532e+00
7.0509e+00
7.0555e+00
7.0600e+00
7.0690e+00
7.0826e+00
7.0984e+00
7.1074e+00
7.1029e+00
7.1074e+00
7.1074e+00
7.1119e+00
7.0939e+00
7.0916e+00
7.0848e+00
7.0600e+00
7.0306e+00
7.0216e+00
6.9876e+00
6.9876e+00
6.9492e+00
6.9560e+00
6.9311e+00
6.9062e+00
6.8813e+00
6.8542e+00
6.8202e+00
6.7885e+00
6.7523e+00
6.7273e+00
6.6956e+00
6.6730e+00
6.6435e+00
6.6208e+00
6.5845e+00
6.5573e+00
6.5210e+00
6.4870e+00
6.4529e+00
6.4257e+00
6.3848e+00
6.3394e+00
6.3053e+00
6.2667e+00
6.2348e+00
6.2098e+00
6.1757e+00
6.1552e+00
6.1370e+00
6.1006e+00
6.0756e+00
6.0505e+00
6.0186e+00
5.9959e+00
5.9754e+00
5.9480e+00
5.9207e+00
5.9070e+00
5.8705e+00
5.8523e+00
5.8203e+00
5.7998e+00
5.7702e+00
5.7519e+00
5.7222e+00
5.7017e+00
5.6697e+00
5.6400e+00
5.6012e+00
5.5784e+00
5.5395e+00
5.5166e+00
5.4869e+00
5.4732e+00
5.4412e+00
5.4275e+00
5.3977e+00
5.3817e+00
5.3520e+00
5.3291e+00
5.3085e+00
5.2970e+00
5.2856e+00
5.2810e+00
5.2810e+00
5.2741e+00
5.2718e+00
5.2672e+00
5.2718e+00
5.2695e+00
5.2741e+00
5.2741e+00
5.2741e+00
5.2604e+00
5.2650e+00
5.2535e+00
5.2581e+00
5.2695e+00
5.2879e+00
5.3085e+00
5.3176e+00
5.3268e+00
5.3474e+00
5.3703e+00
5.4000e+00
5.4389e+00
5.4869e+00
5.5532e+00
5.6400e+00
5.7291e+00
5.8682e+00
6.0027e+00
6.1234e+00
6.3098e+00
6.4507e+00
6.6730e+00
6.8745e+00
7.1007e+00
7.3286e+00
7.6373e+00
7.8936e+00
8.2256e+00
8.4763e+00
8.7890e+00
9.0342e+00
9.3411e+00
9.5077e+00
9.7537e+00
9.9021e+00
1.0114e+01
1.0260e+01
1.0476e+01
1.0595e+01
1.0773e+01
1.0896e+01
1.1056e+01
1.1166e+01
1.1300e+01
1.1387e+01
1.1496e+01
1.1569e+01
1.1706e+01
1.1763e+01
1.1868e+01
1.1920e+01
1.1977e+01
1.2044e+01
1.2070e+01
1.2092e+01
1.2092e+01
1.2064e+01
1.2055e+01
1.2024e+01
1.2007e+01
1.1950e+01
1.1922e+01
1.1846e+01
1.1809e+01
1.1739e+01
1.1702e+01
1.1641e+01
1.1606e+01
1.1538e+01
1.1507e+01
1.1451e+01
1.1402e+01
1.1337e+01
1.1297e+01
1.1230e+01
1.1179e+01
1.1107e+01
1.1030e+01
1.0949e+01
1.0835e+01
1.0740e+01
1.0628e+01
1.0540e+01
1.0441e+01
1.0357e+01
1.0260e+01
1.0185e+01
1.0097e+01
1.0015e+01
9.9153e+00
9.8357e+00
9.7493e+00
9.6718e+00
9.5853e+00
9.5254e+00
9.4522e+00
9.3833e+00
9.3100e+00
9.2522e+00
9.1788e+00
9.1277e+00
9.0631e+00
9.0186e+00
8.9406e+00
8.8871e+00
8.8046e+00
8.7622e+00
8.6885e+00
8.6461e+00
8.5836e+00
8.5411e+00
8.4807e+00
8.4472e+00
8.3957e+00
8.3510e+00
8.2928e+00
8.2525e+00
8.2032e+00
8.1651e+00
8.1247e+00
8.0866e+00
8.0417e+00
7.9924e+00
7.9520e+00
7.9138e+00
7.8711e+00
7.8284e+00
7.7902e+00
7.7565e+00
7.7115e+00
7.6665e+00
7.6148e+00
7.5765e+00
7.5427e+00
7.5067e+00
7.4909e+00
7.4594e+00
7.4346e+00
7.4211e+00
7.3918e+00
7.3805e+00
7.3535e+00
7.3557e+00
7.3354e+00
7.3354e+00
7.3377e+00
7.3332e+00
7.3489e+00
7.3557e+00
7.3760e+00
7.3805e+00
7.4211e+00
7.4301e+00
7.4662e+00
7.4707e+00
7.5022e+00
7.5067e+00
7.5608e+00
7.5743e+00
7.6305e+00
7.6373e+00
7.7160e+00
7.7205e+00
7.7970e+00
7.8104e+00
7.8734e+00
7.8779e+00
7.9407e+00
7.9273e+00
7.9744e+00
7.9565e+00
7.9924e+00
7.9699e+00
7.9946e+00
7.9856e+00
7.9969e+00
7.9789e+00
7.9654e+00
7.9385e+00
7.9071e+00
7.8801e+00
7.8442e+00
7.8239e+00
7.7790e+00
7.7947e+00
7.7475e+00
7.7318e+00
7.6913e+00
7.6530e+00
7.6013e+00
7.5563e+00
7.5000e+00
7.4617e+00
7.4076e+00
7.3625e+00
7.2993e+00
7.2610e+00
7.2113e+00
7.1729e+00
7.1210e+00
7.0803e+00
7.0283e+00
6.9809e+00
6.9175e+00
6.8745e+00
6.8134e+00
6.7545e+00
6.7070e+00
6.6639e+00
6.6231e+00
6.5823e+00
6.5346e+00
6.5006e+00
6.4484e+00
6.4211e+00
6.3666e+00
6.3348e+00
6.2894e+00
6.2553e+00
6.2098e+00
6.1825e+00
6.1529e+00
6.1279e+00
6.0869e+00
6.0619e+00
6.0391e+00
6.0232e+00
6.0072e+00
5.9959e+00
5.9867e+00
5.9867e+00
5.9754e+00
5.9662e+00
5.9617e+00
5.9617e+00
5.9640e+00
5.9776e+00
5.9776e+00
6.0027e+00
5.9936e+00
6.0095e+00
6.0164e+00
6.0050e+00
6.0255e+00
6.0186e+00
6.0141e+00
6.0209e+00
6.0186e+00
6.0255e+00
6.0072e+00
6.0095e+00
5.9981e+00
6.0027e+00
5.9799e+00
5.9776e+00
5.9617e+00
5.9435e+00
5.8979e+00
5.8728e+00
5.8272e+00
5.7907e+00
5.7473e+00
5.7177e+00
5.6766e+00
5.6492e+00
5.6081e+00
5.5601e+00
5.5212e+00
5.4846e+00
5.4343e+00
5.3977e+00
5.3497e+00
5.3176e+00
5.2787e+00
5.2375e+00
5.1871e+00
5.1550e+00
5.1160e+00
5.0793e+00
5.0403e+00
5.0105e+00
4.9761e+00
4.9348e+00
4.8796e+00
4.8383e+00
4.7877e+00
4.7510e+00
4.7096e+00
4.6705e+00
4.6337e+00
4.6107e+00
4.5738e+00
4.5485e+00
4.5048e+00
4.4748e+00
4.4356e+00
4.4057e+00
4.3688e+00
4.3504e+00
4.3135e+00
4.2835e+00
4.2604e+00
4.2327e+00
4.1981e+00
4.1773e+00
4.1473e+00
4.1196e+00
4.0919e+00
4.0618e+00
4.0341e+00
4.0110e+00
3.9671e+00
3.9393e+00
3.9023e+00
3.8745e+00
3.8329e+00
3.8097e+00
3.7820e+00
3.7681e+00
3.7310e+00
3.7009e+00
3.6661e+00
3.6453e+00
3.6151e+00
3.5873e+00
3.5595e+00
3.5340e+00
3.5061e+00
3.4829e+00
3.4597e+00
3.4296e+00
3.4040e+00
3.3785e+00
3.3506e+00
3.3297e+00
3.2972e+00
3.2646e+00
3.2298e+00
3.2019e+00
3.1740e+00
3.1414e+00
3.1205e+00
3.0949e+00
3.0693e+00
3.0413e+00
3.0111e+00
2.9878e+00
2.9645e+00
2.9389e+00
2.9156e+00
2.8923e+00
2.8736e+00
2.8526e+00
2.8270e+00
2.7990e+00
2.7850e+00
2.7617e+00
2.7570e+00
2.7360e+00
2.7290e+00
2.7197e+00
2.7057e+00
2.6987e+00
2.6987e+00
2.7080e+00
2.7243e+00
2.7337e+00
2.7593e+00
2.7780e+00
2.8037e+00
2.8293e+00
2.8573e+00
2.8806e+00
2.9086e+00
2.9272e+00
2.9691e+00
2.9808e+00
3.0367e+00
3.0553e+00
3.1228e+00
3.1437e+00
3.1740e+00
3.1949e+00
3.2367e+00
3.2507e+00
3.2716e+00
3.2739e+00
3.2856e+00
3.2972e+00
3.3111e+00
3.3088e+00
3.3320e+00
3.3274e+00
3.3483e+00
3.3413e+00
3.3460e+00
3.3390e+00
3.3297e+00
3.3204e+00
3.3041e+00
3.2809e+00
3.2646e+00
3.2437e+00
3.2298e+00
3.2251e+00
3.1949e+00
3.1716e+00
3.1484e+00
3.1158e+00
3.0856e+00
3.0506e+00
2.9994e+00
2.9645e+00
2.9179e+00
2.8853e+00
2.8433e+00
2.8107e+00
2.7803e+00
2.7360e+00
2.7033e+00
2.6660e+00
2.6333e+00
2.6006e+00
2.5656e+00
2.5329e+00
2.5072e+00
2.4838e+00
2.4581e+00
2.4277e+00
2.3973e+00
2.3622e+00
2.3294e+00
2.2990e+00
2.2733e+00
2.2311e+00
2.1843e+00
2.1444e+00
2.1116e+00
2.0788e+00
2.0530e+00
2.0225e+00
1.9873e+00
1.9568e+00
1.9216e+00
1.8841e+00
1.8465e+00
1.8160e+00
1.7760e+00
1.7384e+00
1.7055e+00
1.6726e+00
1.6420e+00
1.5997e+00
1.5738e+00
1.5361e+00
1.5032e+00
1.4655e+00
1.4349e+00
1.3972e+00
1.3548e+00
1.3171e+00
1.2770e+00
1.2393e+00
1.2086e+00
1.1779e+00
1.1496e+00
1.1095e+00
1.0858e+00
1.0528e+00
1.0221e+00
9.9371e-01
9.7008e-01
9.4408e-01
9.2516e-01
9.0388e-01
8.7314e-01
8.4239e-01
8.2583e-01
8.0690e-01
7.8560e-01
7.5720e-01
7.4063e-01
7.2169e-01
6.8854e-01
6.6011e-01
6.3405e-01
6.0325e-01
5.8192e-01
5.6296e-01
5.6296e-01
5.4162e-01
5.2265e-01
5.0605e-01
4.7996e-01
4.5861e-01
4.3489e-01
4.1116e-01
3.8980e-01
3.5657e-01
3.3283e-01
3.1620e-01
2.9245e-01
2.6870e-01
2.4732e-01
2.3782e-01
2.1405e-01
1.9266e-01
1.6889e-01
1.4987e-01
1.2847e-01
1.1420e-01
8.0903e-02
7.6145e-02
5.7113e-02
6.4250e-02
4.0457e-02
5.4734e-02
4.5216e-02
4.2837e-02
1.9040e-02
3.5698e-02
1.4280e-02
2.1420e-02
0000
1.4280e-02
4.7600e-03
2.3800e-02
3.0939e-02
4.0457e-02
6.9008e-02
8.8039e-02
1.2609e-01
1.7365e-01
2.3544e-01
3.0433e-01
4.0641e-01
5.1080e-01
6.6959e-01
8.2583e-01
1.0410e+00
1.2628e+00
1.4914e+00
1.6961e+00
1.9075e+00
2.0647e+00
2.2171e+00
2.4066e+00
2.5773e+00
2.6987e+00
2.8550e+00
2.9598e+00
3.1158e+00
3.2437e+00
3.3715e+00
3.4992e+00
3.6661e+00
3.7611e+00
3.9069e+00
4.0040e+00
4.0919e+00
4.1819e+00
4.2719e+00
4.3434e+00
4.4472e+00
4.5186e+00
4.6383e+00
4.7027e+00
4.8567e+00
4.9348e+00
5.1137e+00
5.1802e+00
5.2970e+00
5.3565e+00
5.4595e+00
5.4824e+00
5.5692e+00
5.5943e+00
5.6560e+00
5.6926e+00
5.7359e+00
5.7793e+00
5.8203e+00
5.8682e+00
5.9047e+00
5.8933e+00
5.8865e+00
5.8454e+00
5.8089e+00
5.7587e+00
5.7359e+00
5.6903e+00
5.6492e+00
5.6286e+00
5.5715e+00
5.5258e+00
5.4938e+00
5.4366e+00
5.3840e+00
5.3336e+00
5.2558e+00
5.1779e+00
5.0931e+00
5.0449e+00
4.9554e+00
4.8750e+00
4.7854e+00
4.6981e+00
4.6176e+00
4.5301e+00
4.4379e+00
4.3527e+00
4.2419e+00
4.1635e+00
4.0711e+00
3.9856e+00
3.9092e+00
3.8491e+00
3.7727e+00
3.7078e+00
3.6383e+00
3.5804e+00
3.5247e+00
3.4551e+00
3.3831e+00
3.3204e+00
3.2553e+00
3.1995e+00
3.1251e+00
3.0786e+00
3.0111e+00
2.9552e+00
2.9016e+00
2.8526e+00
2.7897e+00
2.7453e+00
2.6777e+00
2.6240e+00
2.5469e+00
2.5025e+00
2.4394e+00
2.3879e+00
2.3364e+00
2.2967e+00
2.2428e+00
2.2030e+00
2.1515e+00
2.1046e+00
2.0530e+00
2.0178e+00
1.9686e+00
1.9287e+00
1.8911e+00
1.8535e+00
1.8042e+00
1.7737e+00
1.7361e+00
1.6961e+00
1.6561e+00
1.6256e+00
1.5879e+00
1.5550e+00
1.5103e+00
1.4749e+00
1.4255e+00
1.3925e+00
1.3477e+00
1.3194e+00
1.2864e+00
1.2628e+00
1.2275e+00
1.2015e+00
1.1708e+00
1.1449e+00
1.1071e+00
1.0858e+00
1.0669e+00
1.0386e+00
1.0244e+00
1.0103e+00
1.0150e+00
1.0032e+00
1.0126e+00
1.0055e+00
1.0055e+00
1.0126e+00
1.0103e+00
1.0126e+00
1.0079e+00
1.0079e+00
1.0268e+00
1.0339e+00
1.0599e+00
1.0882e+00
1.1283e+00
1.1590e+00
1.2086e+00
1.2416e+00
1.3029e+00
1.3784e+00
1.4585e+00
1.5479e+00
1.6585e+00
1.7760e+00
1.9099e+00
2.0741e+00
2.2733e+00
2.4324e+00
2.6917e+00
2.9389e+00
3.1809e+00
3.5038e+00
3.7935e+00
4.1173e+00
4.4656e+00
4.8934e+00
5.2604e+00
5.7268e+00
6.1211e+00
6.4734e+00
6.8247e+00
7.1481e+00
7.4729e+00
7.7498e+00
8.0844e+00
8.4002e+00
8.7867e+00
9.0408e+00
9.3367e+00
9.6008e+00
9.8711e+00
1.0145e+01
1.0487e+01
1.0793e+01
1.1065e+01
1.1271e+01
1.1492e+01
1.1687e+01
1.1844e+01
1.2005e+01
1.2140e+01
1.2288e+01
1.2409e+01
1.2511e+01
1.2633e+01
1.2691e+01
1.2808e+01
1.2890e+01
1.3022e+01
1.3160e+01
1.3311e+01
1.3490e+01
1.3720e+01
1.3972e+01
1.4244e+01
1.4541e+01
1.4827e+01
1.5148e+01
1.5414e+01
1.5751e+01
1.6007e+01
1.6367e+01
1.6620e+01
1.6981e+01
1.7211e+01
1.7629e+01
1.7923e+01
1.8353e+01
1.8703e+01
1.9067e+01
1.9363e+01
1.9684e+01
1.9973e+01
2.0239e+01
2.0482e+01
2.0731e+01
2.0914e+01
2.1164e+01
2.1332e+01
2.1577e+01
2.1759e+01
2.1959e+01
2.2079e+01
2.2241e+01
2.2355e+01
2.2460e+01
2.2566e+01
2.2634e+01
2.2686e+01
2.2682e+01
2.2648e+01
2.2600e+01
2.2556e+01
2.2506e+01
2.2420e+01
2.2325e+01
2.2233e+01
2.2104e+01
2.1993e+01
2.1854e+01
2.1728e+01
2.1597e+01
2.1466e+01
2.1297e+01
2.1131e+01
2.0973e+01
2.0798e+01
2.0639e+01
2.0486e+01
2.0333e+01
2.0190e+01
2.0047e+01
1.9924e+01
1.9754e+01
1.9628e+01
1.9462e+01
1.9339e+01
1.9168e+01
1.9036e+01
1.8887e+01
1.8757e+01
1.8604e+01
1.8473e+01
1.8316e+01
1.8204e+01
1.8060e+01
1.7938e+01
1.7794e+01
1.7715e+01
1.7579e+01
1.7485e+01
1.7356e+01
1.7266e+01
1.7144e+01
1.7021e+01
1.6891e+01
1.6759e+01
1.6632e+01
1.6496e+01
1.6365e+01
1.6232e+01
1.6119e+01
1.5973e+01
1.5876e+01
1.5745e+01
1.5641e+01
1.5499e+01
1.5408e+01
1.5282e+01
1.5202e+01
1.5061e+01
1.4989e+01
1.4850e+01
1.4772e+01
1.4639e+01
1.4541e+01
1.4428e+01
1.4338e+01
1.4233e+01
1.4169e+01
1.4047e+01
1.4006e+01
1.3892e+01
1.3841e+01
1.3738e+01
1.3697e+01
1.3600e+01
1.3559e+01
1.3482e+01
1.3439e+01
1.3378e+01
1.3342e+01
1.3281e+01
1.3240e+01
1.3186e+01
1.3156e+01
1.3104e+01
1.3074e+01
1.3031e+01
1.2988e+01
1.2936e+01
1.2888e+01
1.2858e+01
1.2815e+01
1.2789e+01
1.2778e+01
1.2758e+01
1.2752e+01
1.2741e+01
1.2737e+01
1.2739e+01
1.2747e+01
1.2773e+01
1.2795e+01
1.2828e+01
1.2841e+01
1.2880e+01
1.2918e+01
1.2947e+01
1.2977e+01
1.2992e+01
1.3029e+01
1.3059e+01
1.3078e+01
1.3091e+01
1.3100e+01
1.3104e+01
1.3091e+01
1.3100e+01
1.3085e+01
1.3091e+01
1.3081e+01
1.3085e+01
1.3059e+01
1.3052e+01
1.3024e+01
1.3009e+01
1.2977e+01
1.2962e+01
1.2929e+01
1.2897e+01
1.2860e+01
1.2832e+01
1.2804e+01
1.2769e+01
1.2719e+01
1.2680e+01
1.2639e+01
1.2587e+01
1.2548e+01
1.2485e+01
1.2437e+01
1.2368e+01
1.2316e+01
1.2257e+01
1.2209e+01
1.2148e+01
1.2118e+01
1.2068e+01
1.2016e+01
1.1963e+01
1.1926e+01
1.1868e+01
1.1824e+01
1.1765e+01
1.1721e+01
1.1678e+01
1.1636e+01
1.1577e+01
1.1540e+01
1.1492e+01
1.1448e+01
1.1402e+01
1.1363e+01
1.1315e+01
1.1271e+01
1.1225e+01
1.1170e+01
1.1120e+01
1.1078e+01
1.1032e+01
1.0995e+01
1.0947e+01
1.0922e+01
1.0874e+01
1.0843e+01
1.0791e+01
1.0756e+01
1.0703e+01
1.0683e+01
1.0624e+01
1.0586e+01
1.0540e+01
1.0509e+01
1.0467e+01
1.0425e+01
1.0379e+01
1.0344e+01
1.0300e+01
1.0256e+01
1.0209e+01
1.0176e+01
1.0123e+01
1.0081e+01
1.0035e+01
1.0015e+01
9.9861e+00
9.9795e+00
9.9596e+00
9.9574e+00
9.9419e+00
9.9750e+00
9.9551e+00
9.9773e+00
9.9684e+00
9.9662e+00
9.9662e+00
9.9728e+00
9.9728e+00
9.9706e+00
9.9861e+00
9.9706e+00
1.0026e+01
9.9927e+00
1.0028e+01
9.9994e+00
1.0017e+01
9.9795e+00
9.9972e+00
9.9817e+00
9.9618e+00
9.9507e+00
9.9220e+00
9.9065e+00
9.8821e+00
9.8401e+00
9.8091e+00
9.7759e+00
9.7382e+00
9.6984e+00
9.6629e+00
9.6186e+00
9.5720e+00
9.5298e+00
9.4855e+00
9.4366e+00
9.3900e+00
9.3456e+00
9.2811e+00
9.2367e+00
9.1633e+00
9.1099e+00
9.0408e+00
8.9963e+00
8.9384e+00
8.8960e+00
8.8447e+00
8.7979e+00
8.7421e+00
8.6997e+00
8.6349e+00
8.5925e+00
8.5366e+00
8.4942e+00
8.4405e+00
8.4092e+00
8.3599e+00
8.3308e+00
8.2816e+00
8.2592e+00
8.2256e+00
8.2009e+00
8.1583e+00
8.1516e+00
8.1113e+00
8.1090e+00
8.0731e+00
8.0821e+00
8.0709e+00
8.0754e+00
8.0686e+00
8.1023e+00
8.1135e+00
8.1247e+00
8.1427e+00
8.1740e+00
8.1920e+00
8.2166e+00
8.2749e+00
8.2972e+00
8.3734e+00
8.4092e+00
8.5143e+00
8.5657e+00
8.6796e+00
8.7577e+00
8.8826e+00
8.9785e+00
9.0987e+00
9.2166e+00
9.3522e+00
9.4810e+00
9.6452e+00
9.7847e+00
9.9994e+00
1.0134e+01
1.0366e+01
1.0547e+01
1.0665e+01
1.0835e+01
1.0929e+01
1.1085e+01
1.1243e+01
1.1389e+01
1.1551e+01
1.1669e+01
1.1809e+01
1.1913e+01
1.2055e+01
1.2159e+01
1.2318e+01
1.2401e+01
1.2576e+01
1.2678e+01
1.2890e+01
1.3048e+01
1.3279e+01
1.3497e+01
1.3761e+01
1.3965e+01
1.4244e+01
1.4449e+01
1.4748e+01
1.4921e+01
1.5178e+01
1.5327e+01
1.5562e+01
1.5685e+01
1.5901e+01
1.6030e+01
1.6230e+01
1.6391e+01
1.6580e+01
1.6687e+01
1.6849e+01
1.6918e+01
1.7019e+01
1.7056e+01
1.7119e+01
1.7151e+01
1.7195e+01
1.7213e+01
1.7236e+01
1.7243e+01
1.7239e+01
1.7314e+01
1.7387e+01
1.7379e+01
1.7339e+01
1.7287e+01
1.7207e+01
1.7121e+01
1.7023e+01
1.6929e+01
1.6819e+01
1.6719e+01
1.6603e+01
1.6487e+01
1.6342e+01
1.6228e+01
1.6081e+01
1.5952e+01
1.5797e+01
1.5675e+01
1.5537e+01
1.5420e+01
1.5291e+01
1.5182e+01
1.5040e+01
1.4931e+01
1.4797e+01
1.4710e+01
1.4582e+01
1.4483e+01
1.4366e+01
1.4274e+01
1.4143e+01
1.4049e+01
1.3918e+01
1.3839e+01
1.3695e+01
1.3613e+01
1.3475e+01
1.3389e+01
1.3238e+01
1.3150e+01
