3.0377e+01
3.0350e+01
3.0339e+01
3.0332e+01
3.0328e+01
3.0318e+01
3.0326e+01
3.0337e+01
3.0335e+01
3.0357e+01
3.0362e+01
3.0368e+01
3.0353e+01
3.0366e+01
3.0358e+01
3.0366e+01
3.0353e+01
3.0356e+01
3.0345e+01
3.0334e+01
3.0328e+01
3.0318e+01
3.0314e+01
3.0302e+01
3.0290e+01
3.0264e+01
3.0238e+01
3.0208e+01
3.0188e+01
3.0152e+01
3.0126e+01
3.0080e+01
3.0049e+01
3.0004e+01
2.9976e+01
2.9923e+01
2.9891e+01
2.9842e+01
2.9812e+01
2.9740e+01
2.9710e+01
2.9637e+01
2.9592e+01
2.9518e+01
2.9484e+01
2.9420e+01
2.9389e+01
2.9325e+01
2.9292e+01
2.9209e+01
2.9169e+01
2.9102e+01
2.9071e+01
2.8995e+01
2.8956e+01
2.8880e+01
2.8847e+01
2.8783e+01
2.8759e+01
2.8700e+01
2.8674e+01
2.8622e+01
2.8604e+01
2.8566e+01
2.8554e+01
2.8531e+01
2.8525e+01
2.8513e+01
2.8518e+01
2.8525e+01
2.8525e+01
2.8561e+01
2.8558e+01
2.8610e+01
2.8622e+01
2.8684e+01
2.8692e+01
2.8769e+01
2.8770e+01
2.8854e+01
2.8893e+01
2.8947e+01
2.8989e+01
2.9061e+01
2.9093e+01
2.9144e+01
2.9145e+01
2.9187e+01
2.9188e+01
2.9202e+01
2.9197e+01
2.9220e+01
2.9209e+01
2.9193e+01
2.9184e+01
2.9150e+01
2.9137e+01
2.9123e+01
2.9110e+01
2.9096e+01
2.9098e+01
2.9108e+01
2.9141e+01
2.9174e+01
2.9229e+01
2.9301e+01
2.9382e+01
2.9514e+01
2.9634e+01
2.9821e+01
2.9956e+01
3.0194e+01
3.0346e+01
3.0591e+01
3.0778e+01
3.1027e+01
3.1205e+01
3.1431e+01
3.1610e+01
3.1840e+01
3.2035e+01
3.2274e+01
3.2514e+01
3.2787e+01
3.2963e+01
3.3144e+01
3.3277e+01
3.3446e+01
3.3560e+01
3.3726e+01
3.3810e+01
3.3945e+01
3.4018e+01
3.4103e+01
3.4137e+01
3.4195e+01
3.4224e+01
3.4245e+01
3.4248e+01
3.4250e+01
3.4224e+01
3.4234e+01
3.4224e+01
3.4177e+01
3.4153e+01
3.4082e+01
3.4067e+01
3.3980e+01
3.3947e+01
3.3820e+01
3.3768e+01
3.3636e+01
3.3590e+01
3.3485e+01
3.3398e+01
3.3274e+01
3.3164e+01
3.3025e+01
3.2919e+01
3.2769e+01
3.2656e+01
3.2480e+01
3.2366e+01
3.2210e+01
3.2090e+01
3.1929e+01
3.1815e+01
3.1665e+01
3.1559e+01
3.1410e+01
3.1293e+01
3.1156e+01
3.1045e+01
3.0897e+01
3.0793e+01
3.0652e+01
3.0548e+01
3.0401e+01
3.0294e+01
3.0151e+01
3.0051e+01
2.9908e+01
2.9818e+01
2.9695e+01
2.9596e+01
2.9472e+01
2.9382e+01
2.9281e+01
2.9196e+01
2.9075e+01
2.8999e+01
2.8893e+01
2.8826e+01
2.8728e+01
2.8666e+01
2.8569e+01
2.8514e+01
2.8425e+01
2.8378e+01
2.8306e+01
2.8243e+01
2.8155e+01
2.8108e+01
2.8009e+01
2.7959e+01
2.7875e+01
2.7825e+01
2.7737e+01
2.7686e+01
2.7601e+01
2.7545e+01
2.7458e+01
2.7401e+01
2.7323e+01
2.7264e+01
2.7192e+01
2.7139e+01
2.7065e+01
2.7021e+01
2.6952e+01
2.6909e+01
2.6858e+01
2.6810e+01
2.6767e+01
2.6734e+01
2.6690e+01
2.6661e+01
2.6608e+01
2.6570e+01
2.6514e+01
2.6482e+01
2.6440e+01
2.6413e+01
2.6380e+01
2.6350e+01
2.6315e+01
2.6291e+01
2.6254e+01
2.6228e+01
2.6187e+01
2.6168e+01
2.6124e+01
2.6094e+01
2.6062e+01
2.6039e+01
2.5991e+01
2.5957e+01
2.5914e+01
2.5881e+01
2.5837e+01
2.5802e+01
2.5752e+01
2.5723e+01
2.5662e+01
2.5619e+01
2.5556e+01
2.5512e+01
2.5453e+01
2.5424e+01
2.5365e+01
2.5317e+01
2.5267e+01
2.5239e+01
2.5175e+01
2.5136e+01
2.5076e+01
2.5046e+01
2.4982e+01
2.4941e+01
2.4890e+01
2.4854e+01
2.4795e+01
2.4772e+01
2.4717e+01
2.4679e+01
2.4624e+01
2.4593e+01
2.4538e+01
2.4506e+01
2.4443e+01
2.4410e+01
2.4336e+01
2.4307e+01
2.4244e+01
2.4218e+01
2.4166e+01
2.4126e+01
2.4078e+01
2.4036e+01
2.3993e+01
2.3957e+01
2.3901e+01
2.3866e+01
2.3821e+01
2.3795e+01
2.3749e+01
2.3716e+01
2.3675e+01
2.3639e+01
2.3604e+01
2.3571e+01
2.3527e+01
2.3503e+01
2.3454e+01
2.3423e+01
2.3381e+01
2.3352e+01
2.3288e+01
2.3252e+01
2.3208e+01
2.3176e+01
2.3133e+01
2.3106e+01
2.3068e+01
2.3040e+01
2.3003e+01
2.2982e+01
2.2938e+01
2.2917e+01
2.2883e+01
2.2862e+01
2.2829e+01
2.2798e+01
2.2768e+01
2.2745e+01
2.2715e+01
2.2690e+01
2.2664e+01
2.2642e+01
2.2615e+01
2.2578e+01
2.2548e+01
2.2533e+01
2.2473e+01
2.2441e+01
2.2403e+01
2.2370e+01
2.2331e+01
2.2303e+01
2.2262e+01
2.2240e+01
2.2200e+01
2.2168e+01
2.2119e+01
2.2087e+01
2.2046e+01
2.2020e+01
2.1974e+01
2.1943e+01
2.1903e+01
2.1875e+01
2.1835e+01
2.1803e+01
2.1758e+01
2.1732e+01
2.1685e+01
2.1654e+01
2.1608e+01
2.1575e+01
2.1501e+01
2.1465e+01
2.1400e+01
2.1363e+01
2.1310e+01
2.1262e+01
2.1205e+01
2.1172e+01
2.1113e+01
2.1079e+01
2.1011e+01
2.0969e+01
2.0919e+01
2.0881e+01
2.0818e+01
2.0771e+01
2.0720e+01
2.0672e+01
2.0611e+01
2.0575e+01
2.0519e+01
2.0474e+01
2.0421e+01
2.0387e+01
2.0339e+01
2.0303e+01
2.0248e+01
2.0202e+01
2.0137e+01
2.0100e+01
2.0046e+01
2.0010e+01
1.9962e+01
1.9927e+01
1.9887e+01
1.9851e+01
1.9801e+01
1.9776e+01
1.9732e+01
1.9694e+01
1.9653e+01
1.9624e+01
1.9577e+01
1.9545e+01
1.9508e+01
1.9479e+01
1.9442e+01
1.9412e+01
1.9373e+01
1.9351e+01
1.9317e+01
1.9281e+01
1.9236e+01
1.9218e+01
1.9167e+01
1.9129e+01
1.9087e+01
1.9052e+01
1.9029e+01
1.8998e+01
1.8965e+01
1.8929e+01
1.8892e+01
1.8865e+01
1.8820e+01
1.8792e+01
1.8761e+01
1.8723e+01
1.8693e+01
1.8668e+01
1.8626e+01
1.8597e+01
1.8552e+01
1.8516e+01
1.8483e+01
1.8457e+01
1.8420e+01
1.8392e+01
1.8334e+01
1.8300e+01
1.8248e+01
1.8207e+01
1.8168e+01
1.8134e+01
1.8101e+01
1.8075e+01
1.8045e+01
1.8008e+01
1.7965e+01
1.7935e+01
1.7892e+01
1.7856e+01
1.7829e+01
1.7795e+01
1.7766e+01
1.7736e+01
1.7716e+01
1.7682e+01
1.7659e+01
1.7636e+01
1.7610e+01
1.7581e+01
1.7553e+01
1.7537e+01
1.7486e+01
1.7467e+01
1.7423e+01
1.7386e+01
1.7355e+01
1.7326e+01
1.7293e+01
1.7266e+01
1.7224e+01
1.7196e+01
1.7163e+01
1.7134e+01
1.7089e+01
1.7059e+01
1.7020e+01
1.6984e+01
1.6941e+01
1.6911e+01
1.6872e+01
1.6844e+01
1.6798e+01
1.6768e+01
1.6723e+01
1.6698e+01
1.6634e+01
1.6609e+01
1.6536e+01
1.6533e+01
1.6487e+01
1.6444e+01
1.6408e+01
1.6374e+01
1.6330e+01
1.6294e+01
1.6249e+01
1.6205e+01
1.6166e+01
1.6123e+01
1.6080e+01
1.6040e+01
1.5991e+01
1.5963e+01
1.5925e+01
1.5884e+01
1.5858e+01
1.5828e+01
1.5786e+01
1.5749e+01
1.5713e+01
1.5680e+01
1.5626e+01
1.5591e+01
1.5549e+01
1.5513e+01
1.5482e+01
1.5446e+01
1.5416e+01
1.5377e+01
1.5350e+01
1.5316e+01
1.5287e+01
1.5248e+01
1.5216e+01
1.5184e+01
1.5155e+01
1.5118e+01
1.5089e+01
1.5049e+01
1.5024e+01
1.4987e+01
1.4967e+01
1.4925e+01
1.4893e+01
1.4862e+01
1.4831e+01
1.4795e+01
1.4744e+01
1.4714e+01
1.4675e+01
1.4648e+01
1.4615e+01
1.4578e+01
1.4555e+01
1.4525e+01
1.4493e+01
1.4461e+01
1.4434e+01
1.4413e+01
1.4397e+01
1.4373e+01
1.4351e+01
1.4335e+01
1.4321e+01
1.4311e+01
1.4303e+01
1.4292e+01
1.4283e+01
1.4270e+01
1.4253e+01
1.4255e+01
1.4225e+01
1.4198e+01
1.4177e+01
1.4165e+01
1.4143e+01
1.4128e+01
1.4110e+01
1.4105e+01
1.4084e+01
1.4070e+01
1.4039e+01
1.4016e+01
1.4000e+01
1.3976e+01
1.3955e+01
1.3924e+01
1.3902e+01
1.3871e+01
1.3839e+01
1.3809e+01
1.3787e+01
1.3754e+01
1.3725e+01
1.3686e+01
1.3642e+01
1.3612e+01
1.3564e+01
1.3532e+01
1.3497e+01
1.3460e+01
1.3421e+01
1.3391e+01
1.3347e+01
1.3340e+01
1.3287e+01
1.3266e+01
1.3218e+01
1.3190e+01
1.3148e+01
1.3121e+01
1.3076e+01
1.3058e+01
1.3012e+01
1.2973e+01
1.2946e+01
1.2908e+01
1.2881e+01
1.2844e+01
1.2804e+01
1.2771e+01
1.2721e+01
1.2685e+01
1.2639e+01
1.2607e+01
1.2579e+01
1.2543e+01
1.2535e+01
1.2492e+01
1.2466e+01
1.2438e+01
1.2422e+01
1.2391e+01
1.2373e+01
1.2346e+01
1.2313e+01
1.2291e+01
1.2269e+01
1.2238e+01
1.2226e+01
1.2174e+01
1.2159e+01
1.2118e+01
1.2087e+01
1.2051e+01
1.2002e+01
1.1957e+01
1.1919e+01
1.1873e+01
1.1842e+01
1.1793e+01
1.1756e+01
1.1716e+01
1.1675e+01
1.1627e+01
1.1584e+01
1.1549e+01
1.1513e+01
1.1471e+01
1.1430e+01
1.1391e+01
1.1350e+01
1.1319e+01
1.1280e+01
1.1249e+01
1.1203e+01
1.1181e+01
1.1120e+01
1.1090e+01
1.1028e+01
1.0990e+01
1.0954e+01
1.0916e+01
1.0883e+01
1.0846e+01
1.0817e+01
1.0776e+01
1.0743e+01
1.0711e+01
1.0671e+01
1.0635e+01
1.0608e+01
1.0570e+01
1.0540e+01
1.0513e+01
1.0480e+01
1.0454e+01
1.0425e+01
1.0397e+01
1.0358e+01
1.0325e+01
1.0281e+01
1.0251e+01
1.0205e+01
1.0167e+01
1.0137e+01
1.0095e+01
1.0067e+01
1.0027e+01
9.9962e+00
9.9465e+00
9.9111e+00
9.8713e+00
9.8303e+00
9.7915e+00
9.7627e+00
9.7339e+00
9.7018e+00
9.6640e+00
9.6297e+00
9.5952e+00
9.5686e+00
9.5419e+00
9.5153e+00
9.4842e+00
9.4364e+00
9.4052e+00
9.3607e+00
9.3407e+00
9.3151e+00
9.2828e+00
9.2639e+00
9.2360e+00
9.2304e+00
9.2115e+00
9.2104e+00
9.2070e+00
9.2349e+00
9.2349e+00
9.2761e+00
9.3084e+00
9.3763e+00
9.4442e+00
9.5486e+00
9.6618e+00
9.7782e+00
9.9122e+00
1.0067e+01
1.0256e+01
1.0436e+01
1.0645e+01
1.0827e+01
1.1036e+01
1.1265e+01
1.1439e+01
1.1676e+01
1.1826e+01
1.2068e+01
1.2230e+01
1.2471e+01
1.2610e+01
1.2860e+01
1.3025e+01
1.3290e+01
1.3449e+01
1.3698e+01
1.3846e+01
1.4106e+01
1.4212e+01
1.4470e+01
1.4543e+01
1.4741e+01
1.4802e+01
1.4974e+01
1.5017e+01
1.5176e+01
1.5258e+01
1.5378e+01
1.5473e+01
1.5593e+01
1.5643e+01
1.5720e+01
1.5753e+01
1.5823e+01
1.5841e+01
1.5870e+01
1.5858e+01
1.5859e+01
1.5824e+01
1.5803e+01
1.5766e+01
1.5715e+01
1.5656e+01
1.5597e+01
1.5531e+01
1.5463e+01
1.5382e+01
1.5316e+01
1.5229e+01
1.5169e+01
1.5069e+01
1.4999e+01
1.4897e+01
1.4809e+01
1.4708e+01
1.4587e+01
1.4492e+01
1.4385e+01
1.4289e+01
1.4187e+01
1.4101e+01
1.3999e+01
1.3938e+01
1.3812e+01
1.3748e+01
1.3639e+01
1.3575e+01
1.3453e+01
1.3417e+01
1.3301e+01
1.3259e+01
1.3150e+01
1.3102e+01
1.3011e+01
1.2961e+01
1.2864e+01
1.2808e+01
1.2731e+01
1.2672e+01
1.2579e+01
1.2514e+01
1.2435e+01
1.2378e+01
1.2282e+01
1.2234e+01
1.2126e+01
1.2062e+01
1.1982e+01
1.1926e+01
1.1839e+01
1.1796e+01
1.1706e+01
1.1657e+01
1.1579e+01
1.1535e+01
1.1457e+01
1.1421e+01
1.1348e+01
1.1312e+01
1.1246e+01
1.1203e+01
1.1150e+01
1.1112e+01
1.1062e+01
1.1035e+01
1.0992e+01
1.0966e+01
1.0927e+01
1.0899e+01
1.0854e+01
1.0844e+01
1.0796e+01
1.0766e+01
1.0734e+01
1.0712e+01
1.0710e+01
1.0699e+01
1.0699e+01
1.0703e+01
1.0707e+01
1.0741e+01
1.0754e+01
1.0811e+01
1.0849e+01
1.0936e+01
1.1011e+01
1.1137e+01
1.1238e+01
1.1381e+01
1.1533e+01
1.1682e+01
1.1893e+01
1.2069e+01
1.2255e+01
1.2439e+01
1.2633e+01
1.2810e+01
1.3003e+01
1.3158e+01
1.3359e+01
1.3496e+01
1.3682e+01
1.3811e+01
1.3991e+01
1.4103e+01
1.4309e+01
1.4438e+01
1.4597e+01
1.4726e+01
1.4866e+01
1.4988e+01
1.5109e+01
1.5180e+01
1.5255e+01
1.5284e+01
1.5316e+01
1.5316e+01
1.5327e+01
1.5319e+01
1.5325e+01
1.5295e+01
1.5230e+01
1.5206e+01
1.5131e+01
1.5072e+01
1.4988e+01
1.4919e+01
1.4837e+01
1.4752e+01
1.4654e+01
1.4578e+01
1.4473e+01
1.4375e+01
1.4268e+01
1.4180e+01
1.4073e+01
1.3984e+01
1.3882e+01
1.3805e+01
1.3706e+01
1.3636e+01
1.3555e+01
1.3486e+01
1.3400e+01
1.3355e+01
1.3272e+01
1.3214e+01
1.3116e+01
1.3043e+01
1.2944e+01
1.2870e+01
1.2780e+01
1.2693e+01
1.2599e+01
1.2518e+01
1.2412e+01
1.2341e+01
1.2244e+01
1.2172e+01
1.2082e+01
1.2013e+01
1.1923e+01
1.1863e+01
1.1784e+01
1.1720e+01
1.1642e+01
1.1582e+01
1.1513e+01
1.1458e+01
1.1381e+01
1.1341e+01
1.1260e+01
1.1213e+01
1.1124e+01
1.1078e+01
1.1011e+01
1.0957e+01
1.0909e+01
1.0864e+01
1.0807e+01
1.0772e+01
1.0719e+01
1.0689e+01
1.0631e+01
1.0601e+01
1.0552e+01
1.0523e+01
1.0476e+01
1.0441e+01
1.0396e+01
1.0370e+01
1.0327e+01
1.0317e+01
1.0267e+01
1.0250e+01
1.0203e+01
1.0182e+01
1.0122e+01
1.0092e+01
1.0049e+01
1.0027e+01
9.9819e+00
9.9697e+00
9.9277e+00
9.9133e+00
9.8679e+00
9.8480e+00
9.8015e+00
9.7782e+00
9.7317e+00
9.6962e+00
9.6496e+00
9.6330e+00
9.5930e+00
9.5708e+00
9.5286e+00
9.5131e+00
9.4708e+00
9.4564e+00
9.4164e+00
9.3952e+00
9.3485e+00
9.3418e+00
9.3084e+00
9.2973e+00
9.2795e+00
9.2861e+00
9.2772e+00
9.2839e+00
9.2739e+00
9.2861e+00
9.2873e+00
9.2950e+00
9.3040e+00
9.3129e+00
9.3362e+00
9.3518e+00
9.3685e+00
9.3741e+00
9.3963e+00
9.4097e+00
9.4353e+00
9.4486e+00
9.4731e+00
9.4831e+00
9.4897e+00
9.4931e+00
9.5131e+00
9.5008e+00
9.5075e+00
9.4964e+00
9.5008e+00
9.4786e+00
9.4775e+00
9.4553e+00
9.4408e+00
9.3974e+00
9.3763e+00
9.3362e+00
9.3084e+00
9.2717e+00
9.2360e+00
9.1937e+00
9.1468e+00
9.1078e+00
9.0709e+00
9.0263e+00
8.9794e+00
8.9335e+00
8.8754e+00
8.8284e+00
8.7500e+00
8.6963e+00
8.6391e+00
8.5931e+00
8.5381e+00
8.4966e+00
8.4359e+00
8.3921e+00
8.3302e+00
8.2886e+00
8.2323e+00
8.1906e+00
8.1365e+00
8.0970e+00
8.0463e+00
8.0113e+00
7.9560e+00
7.9187e+00
7.8825e+00
7.8531e+00
7.8067e+00
7.7841e+00
7.7411e+00
7.7173e+00
7.6494e+00
7.6199e+00
7.5791e+00
7.5507e+00
7.5190e+00
7.4997e+00
7.4793e+00
7.4600e+00
7.4372e+00
7.4168e+00
7.4032e+00
7.3691e+00
7.3384e+00
7.3202e+00
7.2997e+00
7.2781e+00
7.2531e+00
7.2337e+00
7.2224e+00
7.2064e+00
7.2281e+00
7.2565e+00
7.2611e+00
7.2508e+00
7.2212e+00
7.1996e+00
7.1586e+00
7.1278e+00
7.0994e+00
7.0606e+00
7.0230e+00
7.0059e+00
6.9716e+00
6.9283e+00
6.8883e+00
6.8574e+00
6.8220e+00
6.7843e+00
6.7397e+00
6.7042e+00
6.6538e+00
6.6183e+00
6.5782e+00
6.5416e+00
6.4911e+00
6.4556e+00
6.4234e+00
6.3867e+00
6.3281e+00
6.3017e+00
6.2385e+00
6.2109e+00
6.1487e+00
6.1188e+00
6.0808e+00
6.0520e+00
5.9978e+00
6.0024e+00
5.9482e+00
5.9217e+00
5.8767e+00
5.8420e+00
5.7958e+00
5.7646e+00
5.7196e+00
5.6907e+00
5.6421e+00
5.6062e+00
5.5761e+00
5.5413e+00
5.4973e+00
5.4707e+00
5.4312e+00
5.3976e+00
5.3582e+00
5.3257e+00
5.2653e+00
5.2339e+00
5.1967e+00
5.1572e+00
5.1304e+00
5.0932e+00
5.0664e+00
5.0338e+00
5.0059e+00
4.9837e+00
4.9453e+00
4.9196e+00
4.8858e+00
4.8637e+00
4.8322e+00
4.8088e+00
4.7855e+00
4.7551e+00
4.7329e+00
4.7072e+00
4.6640e+00
4.6499e+00
4.6207e+00
4.5962e+00
4.5470e+00
4.5154e+00
4.4756e+00
4.4334e+00
4.3912e+00
4.3643e+00
4.3303e+00
4.2868e+00
4.2516e+00
4.2164e+00
4.1718e+00
4.1365e+00
4.0989e+00
4.0613e+00
4.0342e+00
3.9977e+00
3.9659e+00
3.9294e+00
3.9035e+00
3.8694e+00
3.8540e+00
3.8210e+00
3.7927e+00
3.7585e+00
3.7160e+00
3.6877e+00
3.6369e+00
3.6062e+00
3.5684e+00
3.5293e+00
3.5069e+00
3.4868e+00
3.4536e+00
3.4299e+00
3.3992e+00
3.3778e+00
3.3376e+00
3.3150e+00
3.2842e+00
3.2498e+00
3.2225e+00
3.2047e+00
3.1739e+00
3.1359e+00
3.1050e+00
3.0765e+00
3.0468e+00
3.0206e+00
2.9873e+00
2.9600e+00
2.9160e+00
2.8874e+00
2.8469e+00
2.8147e+00
2.7826e+00
2.7540e+00
2.7230e+00
2.6955e+00
2.6669e+00
2.6299e+00
2.6024e+00
2.5714e+00
2.5427e+00
2.5272e+00
2.5117e+00
2.5021e+00
2.4842e+00
2.4686e+00
2.4734e+00
2.4806e+00
2.5021e+00
2.5033e+00
2.5463e+00
2.5666e+00
2.6108e+00
2.6347e+00
2.6812e+00
2.7194e+00
2.8004e+00
2.8350e+00
2.9505e+00
2.9957e+00
3.1098e+00
3.1490e+00
3.2617e+00
3.3032e+00
3.4240e+00
3.4619e+00
3.5601e+00
3.5920e+00
3.6924e+00
3.7089e+00
3.8092e+00
3.7963e+00
3.8800e+00
3.8682e+00
3.9353e+00
3.9424e+00
3.9554e+00
3.9695e+00
3.9860e+00
3.9871e+00
4.0095e+00
4.0013e+00
4.0201e+00
4.0142e+00
4.0260e+00
4.0295e+00
4.0330e+00
4.0342e+00
4.0460e+00
4.0377e+00
4.0460e+00
4.0519e+00
4.0636e+00
4.0613e+00
4.0624e+00
4.0448e+00
4.0424e+00
4.0001e+00
3.9754e+00
3.9389e+00
3.9012e+00
3.8552e+00
3.7963e+00
3.7727e+00
3.6983e+00
3.6889e+00
3.6440e+00
3.5955e+00
3.5577e+00
3.5009e+00
3.4489e+00
3.4027e+00
3.3447e+00
3.2842e+00
3.2261e+00
3.1703e+00
3.1133e+00
3.0599e+00
3.0076e+00
2.9517e+00
2.8969e+00
2.8493e+00
2.7850e+00
2.7361e+00
2.6657e+00
2.6048e+00
2.5272e+00
2.4746e+00
2.4064e+00
2.3526e+00
2.2975e+00
2.2472e+00
2.1957e+00
2.1417e+00
2.0853e+00
2.0397e+00
1.9844e+00
1.9387e+00
1.8955e+00
1.8654e+00
1.8148e+00
1.7775e+00
1.7330e+00
1.6992e+00
1.6558e+00
1.6160e+00
1.5774e+00
1.5400e+00
1.4869e+00
1.4470e+00
1.3987e+00
1.3637e+00
1.3225e+00
1.2838e+00
1.2596e+00
1.2197e+00
1.1857e+00
1.1530e+00
1.1227e+00
1.0815e+00
1.0488e+00
1.0136e+00
9.7596e-01
9.5532e-01
9.1281e-01
8.7758e-01
8.4841e-01
8.1194e-01
7.7667e-01
7.5356e-01
7.2070e-01
6.9149e-01
6.4765e-01
6.1963e-01
5.6723e-01
5.3431e-01
4.9894e-01
4.6844e-01
4.3793e-01
4.0864e-01
3.7078e-01
3.3779e-01
2.9869e-01
2.7180e-01
2.3756e-01
2.0697e-01
1.7761e-01
1.5925e-01
1.2497e-01
1.0538e-01
8.2107e-02
8.0882e-02
5.2704e-02
5.2704e-02
3.4322e-02
4.0449e-02
1.5937e-02
2.3291e-02
0000
8.5820e-03
4.9040e-03
2.8194e-02
4.6577e-02
6.8632e-02
9.8031e-02
1.2620e-01
1.7027e-01
2.1432e-01
2.6324e-01
3.2680e-01
4.0131e-01
4.8186e-01
6.1476e-01
7.5599e-01
9.5775e-01
1.1639e+00
1.4760e+00
1.7161e+00
2.0973e+00
2.3801e+00
2.8469e+00
3.1703e+00
3.6452e+00
3.9659e+00
4.5236e+00
4.9010e+00
5.4846e+00
5.9805e+00
6.5771e+00
7.0800e+00
7.6505e+00
8.1681e+00
8.6772e+00
9.0698e+00
9.4530e+00
9.7550e+00
1.0055e+01
1.0328e+01
1.0641e+01
1.0877e+01
1.1059e+01
1.1248e+01
1.1447e+01
1.1604e+01
1.1799e+01
1.1939e+01
1.2088e+01
1.2193e+01
1.2316e+01
1.2429e+01
1.2505e+01
1.2576e+01
1.2603e+01
1.2604e+01
1.2599e+01
1.2583e+01
1.2534e+01
1.2489e+01
1.2455e+01
1.2384e+01
1.2308e+01
1.2202e+01
1.2126e+01
1.2007e+01
1.1903e+01
1.1775e+01
1.1666e+01
1.1538e+01
1.1420e+01
1.1274e+01
1.1162e+01
1.1043e+01
1.0926e+01
1.0803e+01
1.0712e+01
1.0669e+01
1.0600e+01
1.0491e+01
1.0405e+01
1.0288e+01
1.0215e+01
1.0091e+01
1.0004e+01
9.9022e+00
9.8214e+00
9.7184e+00
9.6563e+00
9.5475e+00
9.4786e+00
9.3696e+00
9.2772e+00
9.1814e+00
9.0877e+00
8.9872e+00
8.8877e+00
8.7825e+00
8.6828e+00
8.5897e+00
8.4831e+00
8.3842e+00
8.2987e+00
8.1951e+00
8.1354e+00
8.0226e+00
7.9424e+00
7.8735e+00
7.7683e+00
7.7003e+00
7.6029e+00
7.5349e+00
7.4406e+00
7.3884e+00
7.2906e+00
7.2315e+00
7.1438e+00
7.0834e+00
7.0116e+00
6.9556e+00
6.8929e+00
6.8392e+00
6.7580e+00
6.7088e+00
6.6401e+00
6.5737e+00
6.5003e+00
6.4406e+00
6.3672e+00
6.3166e+00
6.2293e+00
6.1752e+00
6.0796e+00
6.0174e+00
5.9401e+00
5.8813e+00
5.8213e+00
5.7727e+00
5.7011e+00
5.6571e+00
5.5900e+00
5.5379e+00
5.4765e+00
5.4336e+00
5.3883e+00
5.3454e+00
5.3152e+00
5.2943e+00
5.2885e+00
5.2966e+00
5.3152e+00
5.3558e+00
5.3941e+00
5.4579e+00
5.5263e+00
5.6074e+00
5.6918e+00
5.7751e+00
5.8917e+00
5.9794e+00
6.1234e+00
6.2362e+00
6.4154e+00
6.5381e+00
6.7340e+00
6.8517e+00
7.0526e+00
7.1620e+00
7.3861e+00
7.4849e+00
7.6913e+00
7.7705e+00
7.9864e+00
8.0519e+00
8.2300e+00
8.2919e+00
8.4404e+00
8.4988e+00
8.6267e+00
8.6750e+00
8.7691e+00
8.8038e+00
8.8810e+00
8.9045e+00
8.9827e+00
8.9894e+00
9.0453e+00
9.0441e+00
9.0743e+00
9.0587e+00
9.0676e+00
9.0542e+00
9.0274e+00
9.0162e+00
8.9604e+00
8.9335e+00
8.8966e+00
8.8586e+00
8.8071e+00
8.7713e+00
8.7299e+00
8.6850e+00
8.6066e+00
8.5538e+00
8.4516e+00
8.3797e+00
8.2919e+00
8.2266e+00
8.1455e+00
8.0801e+00
7.9864e+00
7.9164e+00
7.8056e+00
7.7422e+00
7.6301e+00
7.5519e+00
7.4486e+00
7.3782e+00
7.2736e+00
7.1950e+00
7.1005e+00
7.0241e+00
6.9271e+00
6.8609e+00
6.7729e+00
6.7054e+00
6.5966e+00
6.5301e+00
6.4188e+00
6.3557e+00
6.2569e+00
6.2063e+00
6.1268e+00
6.0808e+00
6.0013e+00
5.9505e+00
5.8755e+00
5.8259e+00
5.7450e+00
5.6988e+00
5.6340e+00
5.5877e+00
5.5228e+00
5.4846e+00
5.4173e+00
5.3906e+00
5.3222e+00
5.2908e+00
5.2223e+00
5.1967e+00
5.1223e+00
5.0839e+00
5.0140e+00
4.9814e+00
4.9185e+00
4.8940e+00
4.8392e+00
4.8158e+00
4.7644e+00
4.7353e+00
4.6862e+00
4.6570e+00
4.6242e+00
4.5891e+00
4.5494e+00
4.5283e+00
4.4873e+00
4.4639e+00
4.4276e+00
4.4112e+00
4.3772e+00
4.3666e+00
4.3303e+00
4.3279e+00
4.2833e+00
4.3044e+00
4.2704e+00
4.2998e+00
4.2927e+00
4.3654e+00
4.3936e+00
4.4978e+00
4.5950e+00
4.7142e+00
4.8788e+00
5.0303e+00
5.2583e+00
5.4220e+00
5.7045e+00
5.9078e+00
6.2212e+00
6.4579e+00
6.7900e+00
7.0332e+00
7.3941e+00
7.6788e+00
7.9955e+00
8.3077e+00
8.6357e+00
8.8519e+00
9.1067e+00
9.2873e+00
9.5264e+00
9.7162e+00
9.9819e+00
1.0105e+01
1.0345e+01
1.0434e+01
1.0617e+01
1.0703e+01
1.0853e+01
1.0898e+01
1.1006e+01
1.1031e+01
1.1131e+01
1.1125e+01
1.1201e+01
1.1190e+01
1.1233e+01
1.1226e+01
1.1228e+01
1.1201e+01
1.1189e+01
1.1128e+01
1.1067e+01
1.0996e+01
1.0907e+01
1.0819e+01
1.0730e+01
1.0634e+01
1.0530e+01
1.0437e+01
1.0327e+01
1.0236e+01
1.0110e+01
1.0016e+01
9.9078e+00
9.8048e+00
9.7018e+00
9.6086e+00
9.4953e+00
9.4075e+00
9.2839e+00
9.1870e+00
9.0754e+00
8.9660e+00
8.8553e+00
8.7657e+00
8.6514e+00
8.5751e+00
8.4595e+00
8.3842e+00
8.2604e+00
8.1726e+00
8.0463e+00
7.9718e+00
7.8588e+00
7.7841e+00
7.6890e+00
7.6278e+00
7.5609e+00
7.5178e+00
7.4475e+00
7.4009e+00
7.3088e+00
7.2645e+00
7.1825e+00
7.1347e+00
7.0412e+00
7.0059e+00
6.9328e+00
6.8791e+00
6.7957e+00
6.7477e+00
6.6825e+00
6.6435e+00
6.5737e+00
6.5324e+00
6.4682e+00
6.4338e+00
6.3488e+00
6.3086e+00
6.2155e+00
6.1752e+00
6.0854e+00
6.0358e+00
5.9621e+00
5.9194e+00
5.8536e+00
5.8028e+00
5.7311e+00
5.6907e+00
5.6143e+00
5.5715e+00
5.4973e+00
5.4579e+00
5.3837e+00
5.3512e+00
5.2838e+00
5.2478e+00
5.1851e+00
5.1374e+00
5.0734e+00
5.0327e+00
4.9697e+00
4.9325e+00
4.8695e+00
4.8345e+00
4.7563e+00
4.7224e+00
4.6476e+00
4.6160e+00
4.5447e+00
4.5084e+00
4.4569e+00
4.4264e+00
4.3713e+00
4.3338e+00
4.2833e+00
4.2469e+00
4.1941e+00
4.1612e+00
4.1095e+00
4.0895e+00
4.0354e+00
4.0060e+00
3.9565e+00
3.9318e+00
3.8823e+00
3.8599e+00
3.8045e+00
3.7762e+00
3.7314e+00
3.7054e+00
3.6558e+00
3.6286e+00
3.5624e+00
3.5293e+00
3.4678e+00
3.4477e+00
3.3968e+00
3.3767e+00
3.3186e+00
3.3020e+00
3.2546e+00
3.2202e+00
3.1739e+00
3.1585e+00
3.1050e+00
3.0741e+00
3.0242e+00
2.9945e+00
2.9540e+00
2.9255e+00
2.8743e+00
2.8410e+00
2.7969e+00
2.7623e+00
2.7254e+00
2.6908e+00
2.6490e+00
2.6216e+00
2.5714e+00
2.5368e+00
2.4866e+00
2.4674e+00
2.4172e+00
2.3801e+00
2.3370e+00
2.3119e+00
2.2724e+00
2.2544e+00
2.2124e+00
2.1849e+00
2.1501e+00
2.1345e+00
2.1141e+00
2.0913e+00
2.0709e+00
2.0541e+00
2.0553e+00
2.0469e+00
2.0553e+00
2.0481e+00
2.0661e+00
2.0613e+00
2.0757e+00
2.0733e+00
2.0805e+00
2.0685e+00
2.0841e+00
2.0781e+00
2.0913e+00
2.0841e+00
2.0973e+00
2.0901e+00
2.0961e+00
2.0817e+00
2.0841e+00
2.0781e+00
2.0721e+00
2.0601e+00
2.0517e+00
2.0397e+00
2.0252e+00
1.9988e+00
1.9928e+00
1.9592e+00
1.9520e+00
1.9183e+00
1.9051e+00
1.8738e+00
1.8329e+00
1.7920e+00
1.7438e+00
1.7016e+00
1.6570e+00
1.6088e+00
1.5702e+00
1.5268e+00
1.4736e+00
1.4350e+00
1.3770e+00
1.3346e+00
1.2705e+00
1.2318e+00
1.1882e+00
1.1385e+00
1.0888e+00
1.0427e+00
9.8809e-01
9.4318e-01
8.9580e-01
