9.6415e+00
9.6429e+00
9.6733e+00
9.6777e+00
9.7341e+00
9.7500e+00
9.8136e+00
9.8526e+00
9.9176e+00
9.9782e+00
1.0073e+01
1.0153e+01
1.0258e+01
1.0330e+01
1.0429e+01
1.0488e+01
1.0583e+01
1.0646e+01
1.0716e+01
1.0765e+01
1.0828e+01
1.0873e+01
1.0941e+01
1.0965e+01
1.1034e+01
1.1085e+01
1.1146e+01
1.1186e+01
1.1296e+01
1.1360e+01
1.1410e+01
1.1454e+01
1.1534e+01
1.1579e+01
1.1645e+01
1.1695e+01
1.1766e+01
1.1829e+01
1.1902e+01
1.1947e+01
1.2067e+01
1.2165e+01
1.2268e+01
1.2363e+01
1.2439e+01
1.2491e+01
1.2560e+01
1.2619e+01
1.2673e+01
1.2702e+01
1.2723e+01
1.2730e+01
1.2730e+01
1.2733e+01
1.2716e+01
1.2709e+01
1.2687e+01
1.2660e+01
1.2632e+01
1.2601e+01
1.2569e+01
1.2546e+01
1.2514e+01
1.2490e+01
1.2453e+01
1.2421e+01
1.2351e+01
1.2311e+01
1.2265e+01
1.2230e+01
1.2185e+01
1.2155e+01
1.2096e+01
1.2059e+01
1.2001e+01
1.1957e+01
1.1896e+01
1.1863e+01
1.1812e+01
1.1783e+01
1.1727e+01
1.1682e+01
1.1621e+01
1.1572e+01
1.1508e+01
1.1450e+01
1.1377e+01
1.1338e+01
1.1259e+01
1.1216e+01
1.1148e+01
1.1101e+01
1.1046e+01
1.0996e+01
1.0926e+01
1.0885e+01
1.0815e+01
1.0768e+01
1.0697e+01
1.0656e+01
1.0590e+01
1.0560e+01
1.0504e+01
1.0475e+01
1.0422e+01
1.0383e+01
1.0344e+01
1.0310e+01
1.0264e+01
1.0235e+01
1.0202e+01
1.0177e+01
1.0160e+01
1.0163e+01
1.0154e+01
1.0156e+01
1.0150e+01
1.0153e+01
1.0148e+01
1.0163e+01
1.0171e+01
1.0192e+01
1.0189e+01
1.0210e+01
1.0202e+01
1.0212e+01
1.0212e+01
1.0222e+01
1.0223e+01
1.0210e+01
1.0216e+01
1.0209e+01
1.0189e+01
1.0174e+01
1.0167e+01
1.0145e+01
1.0125e+01
1.0091e+01
1.0084e+01
1.0042e+01
1.0030e+01
9.9898e+00
9.9797e+00
9.9479e+00
9.9436e+00
9.9104e+00
9.8959e+00
9.8844e+00
9.8887e+00
9.9104e+00
9.9089e+00
9.9494e+00
9.9782e+00
1.0019e+01
1.0081e+01
1.0158e+01
1.0238e+01
1.0328e+01
1.0442e+01
1.0552e+01
1.0686e+01
1.0818e+01
1.0941e+01
1.1096e+01
1.1273e+01
1.1451e+01
1.1616e+01
1.1821e+01
1.2007e+01
1.2231e+01
1.2430e+01
1.2695e+01
1.2926e+01
1.3223e+01
1.3509e+01
1.3843e+01
1.4157e+01
1.4471e+01
1.4869e+01
1.5134e+01
1.5484e+01
1.5807e+01
1.6080e+01
1.6326e+01
1.6584e+01
1.6768e+01
1.6970e+01
1.7117e+01
1.7299e+01
1.7392e+01
1.7529e+01
1.7580e+01
1.7715e+01
1.7768e+01
1.7857e+01
1.7898e+01
1.7952e+01
1.7958e+01
1.7993e+01
1.7972e+01
1.8017e+01
1.7982e+01
1.7987e+01
1.7936e+01
1.7919e+01
1.7849e+01
1.7801e+01
1.7710e+01
1.7648e+01
1.7556e+01
1.7492e+01
1.7385e+01
1.7340e+01
1.7231e+01
1.7182e+01
1.7072e+01
1.7005e+01
1.6899e+01
1.6799e+01
1.6690e+01
1.6596e+01
1.6477e+01
1.6383e+01
1.6262e+01
1.6192e+01
1.6111e+01
1.5993e+01
1.5889e+01
1.5763e+01
1.5646e+01
1.5528e+01
1.5425e+01
1.5287e+01
1.5196e+01
1.5075e+01
1.4980e+01
1.4862e+01
1.4780e+01
1.4669e+01
1.4594e+01
1.4481e+01
1.4417e+01
1.4327e+01
1.4252e+01
1.4151e+01
1.4086e+01
1.3993e+01
1.3933e+01
1.3848e+01
1.3801e+01
1.3724e+01
1.3680e+01
1.3614e+01
1.3583e+01
1.3542e+01
1.3516e+01
1.3472e+01
1.3441e+01
1.3410e+01
1.3396e+01
1.3378e+01
1.3361e+01
1.3352e+01
1.3339e+01
1.3318e+01
1.3307e+01
1.3300e+01
1.3291e+01
1.3291e+01
1.3283e+01
1.3284e+01
1.3277e+01
1.3282e+01
1.3268e+01
1.3251e+01
1.3244e+01
1.3231e+01
1.3216e+01
1.3209e+01
1.3193e+01
1.3172e+01
1.3160e+01
1.3146e+01
1.3129e+01
1.3093e+01
1.3086e+01
1.3037e+01
1.3024e+01
1.2962e+01
1.2941e+01
1.2888e+01
1.2854e+01
1.2812e+01
1.2777e+01
1.2736e+01
1.2704e+01
1.2659e+01
1.2628e+01
1.2594e+01
1.2566e+01
1.2535e+01
1.2521e+01
1.2511e+01
1.2509e+01
1.2508e+01
1.2560e+01
1.2593e+01
1.2673e+01
1.2729e+01
1.2832e+01
1.2900e+01
1.3034e+01
1.3142e+01
1.3301e+01
1.3442e+01
1.3597e+01
1.3797e+01
1.3966e+01
1.4202e+01
1.4384e+01
1.4645e+01
1.4820e+01
1.5081e+01
1.5254e+01
1.5501e+01
1.5665e+01
1.5972e+01
1.6089e+01
1.6334e+01
1.6485e+01
1.6705e+01
1.6836e+01
1.7030e+01
1.7153e+01
1.7311e+01
1.7398e+01
1.7514e+01
1.7560e+01
1.7628e+01
1.7651e+01
1.7675e+01
1.7691e+01
1.7715e+01
1.7711e+01
1.7723e+01
1.7697e+01
1.7668e+01
1.7616e+01
1.7572e+01
1.7487e+01
1.7428e+01
1.7343e+01
1.7277e+01
1.7190e+01
1.7105e+01
1.7002e+01
1.6929e+01
1.6824e+01
1.6724e+01
1.6642e+01
1.6534e+01
1.6443e+01
1.6329e+01
1.6242e+01
1.6128e+01
1.6032e+01
1.5900e+01
1.5806e+01
1.5665e+01
1.5571e+01
1.5456e+01
1.5366e+01
1.5248e+01
1.5163e+01
1.5046e+01
1.4967e+01
1.4852e+01
1.4786e+01
1.4676e+01
1.4601e+01
1.4489e+01
1.4427e+01
1.4323e+01
1.4258e+01
1.4159e+01
1.4105e+01
1.4007e+01
1.3958e+01
1.3859e+01
1.3818e+01
1.3731e+01
1.3675e+01
1.3590e+01
1.3557e+01
1.3455e+01
1.3410e+01
1.3335e+01
1.3298e+01
1.3221e+01
1.3179e+01
1.3123e+01
1.3086e+01
1.3021e+01
1.2983e+01
1.2923e+01
1.2885e+01
1.2826e+01
1.2791e+01
1.2740e+01
1.2712e+01
1.2657e+01
1.2625e+01
1.2576e+01
1.2553e+01
1.2504e+01
1.2477e+01
1.2452e+01
1.2461e+01
1.2412e+01
1.2397e+01
1.2344e+01
1.2320e+01
1.2275e+01
1.2253e+01
1.2222e+01
1.2182e+01
1.2137e+01
1.2106e+01
1.2057e+01
1.2025e+01
1.1978e+01
1.1951e+01
1.1912e+01
1.1885e+01
1.1835e+01
1.1825e+01
1.1780e+01
1.1770e+01
1.1723e+01
1.1702e+01
1.1656e+01
1.1631e+01
1.1570e+01
1.1537e+01
1.1479e+01
1.1430e+01
1.1372e+01
1.1338e+01
1.1285e+01
1.1242e+01
1.1189e+01
1.1154e+01
1.1111e+01
1.1072e+01
1.1028e+01
1.0994e+01
1.0945e+01
1.0909e+01
1.0873e+01
1.0832e+01
1.0788e+01
1.0763e+01
1.0735e+01
1.0704e+01
1.0663e+01
1.0637e+01
1.0585e+01
1.0561e+01
1.0511e+01
1.0472e+01
1.0426e+01
1.0399e+01
1.0348e+01
1.0324e+01
1.0274e+01
1.0239e+01
1.0189e+01
1.0164e+01
1.0121e+01
1.0082e+01
1.0045e+01
1.0017e+01
9.9753e+00
9.9508e+00
9.9089e+00
9.8772e+00
9.8353e+00
9.8194e+00
9.7760e+00
9.7471e+00
9.7037e+00
9.6834e+00
9.6371e+00
9.6096e+00
9.5720e+00
9.5473e+00
9.5097e+00
9.4937e+00
9.4575e+00
9.4401e+00
9.3980e+00
9.3762e+00
9.3342e+00
9.3182e+00
9.2819e+00
9.2601e+00
9.2165e+00
9.1932e+00
9.1642e+00
9.1729e+00
9.1438e+00
9.1220e+00
9.0856e+00
9.0725e+00
9.0289e+00
9.0129e+00
8.9692e+00
8.9400e+00
8.9051e+00
8.8876e+00
8.8540e+00
8.8380e+00
8.8015e+00
8.7855e+00
8.7563e+00
8.7300e+00
8.6979e+00
8.6789e+00
8.6526e+00
8.6336e+00
8.6102e+00
8.5912e+00
8.5620e+00
8.5503e+00
8.5298e+00
8.5196e+00
8.4874e+00
8.4801e+00
8.4450e+00
8.4347e+00
8.4098e+00
8.4025e+00
8.3864e+00
8.3820e+00
8.3718e+00
8.3718e+00
8.3571e+00
8.3615e+00
8.3425e+00
8.3293e+00
8.3351e+00
8.3234e+00
8.3117e+00
8.3014e+00
8.2912e+00
8.2751e+00
8.2663e+00
8.2516e+00
8.2369e+00
8.2252e+00
8.2003e+00
8.1753e+00
8.1474e+00
8.1210e+00
8.1107e+00
8.0902e+00
8.0828e+00
8.0535e+00
8.0373e+00
8.0138e+00
7.9903e+00
7.9668e+00
7.9388e+00
7.9065e+00
7.8770e+00
7.8520e+00
7.8270e+00
7.7917e+00
7.7666e+00
7.7401e+00
7.7062e+00
7.6709e+00
7.6384e+00
7.6119e+00
7.5691e+00
7.5351e+00
7.4953e+00
7.4613e+00
7.4347e+00
7.4022e+00
7.3727e+00
7.3461e+00
7.3091e+00
7.2780e+00
7.2499e+00
7.2233e+00
7.2040e+00
7.1877e+00
7.1640e+00
7.1403e+00
7.1181e+00
7.0929e+00
7.0692e+00
7.0470e+00
7.0203e+00
6.9906e+00
6.9580e+00
6.9283e+00
6.9045e+00
6.8823e+00
6.8511e+00
6.8734e+00
6.8526e+00
6.8422e+00
6.8199e+00
6.8065e+00
6.7857e+00
6.7664e+00
6.7604e+00
6.7456e+00
6.7411e+00
6.7337e+00
6.7500e+00
6.7560e+00
6.7961e+00
6.8214e+00
6.8793e+00
6.9164e+00
6.9832e+00
7.0440e+00
7.1314e+00
7.2218e+00
7.3106e+00
7.4007e+00
7.5174e+00
7.5838e+00
7.7593e+00
7.8476e+00
7.9918e+00
8.0637e+00
8.2516e+00
8.3220e+00
8.4830e+00
8.5664e+00
8.7052e+00
8.7680e+00
8.9051e+00
8.9488e+00
9.0478e+00
9.0944e+00
9.1613e+00
9.1802e+00
9.2456e+00
9.2427e+00
9.3022e+00
9.3327e+00
9.4169e+00
9.4314e+00
9.4676e+00
9.4560e+00
9.4575e+00
9.4328e+00
9.4111e+00
9.3748e+00
9.3458e+00
9.2964e+00
9.2615e+00
9.2092e+00
9.1584e+00
9.1104e+00
9.0420e+00
8.9823e+00
8.9109e+00
8.8555e+00
8.7694e+00
8.7183e+00
8.6190e+00
8.5518e+00
8.4538e+00
8.3762e+00
8.2883e+00
8.2105e+00
8.1093e+00
8.0373e+00
7.9374e+00
7.8653e+00
7.7711e+00
7.7003e+00
7.6119e+00
7.5396e+00
7.4525e+00
7.3845e+00
7.3017e+00
7.2410e+00
7.1581e+00
7.0944e+00
7.0158e+00
6.9506e+00
6.8526e+00
6.7961e+00
6.7084e+00
6.6474e+00
6.5700e+00
6.5179e+00
6.4478e+00
6.4031e+00
6.3419e+00
6.2852e+00
6.2240e+00
6.1762e+00
6.1119e+00
6.0625e+00
6.0116e+00
5.9637e+00
5.9098e+00
5.8633e+00
5.8109e+00
5.7749e+00
5.7209e+00
5.6788e+00
5.6293e+00
5.5902e+00
5.5346e+00
5.5076e+00
5.4308e+00
5.4053e+00
5.3450e+00
5.3044e+00
5.2577e+00
5.2200e+00
5.1883e+00
5.1461e+00
5.1008e+00
5.0585e+00
5.0193e+00
4.9785e+00
4.9498e+00
4.9075e+00
4.8727e+00
4.8349e+00
4.8016e+00
4.7562e+00
4.7168e+00
4.6713e+00
4.6410e+00
4.6001e+00
4.5576e+00
4.5076e+00
4.4696e+00
4.4317e+00
4.3709e+00
4.3238e+00
4.2812e+00
4.2371e+00
4.1915e+00
4.1534e+00
4.1169e+00
4.0743e+00
4.0301e+00
3.9904e+00
3.9538e+00
3.9111e+00
3.8577e+00
3.8180e+00
3.7783e+00
3.7294e+00
3.6943e+00
3.6591e+00
3.6163e+00
3.5826e+00
3.5505e+00
3.5061e+00
3.4739e+00
3.4479e+00
3.4142e+00
3.3820e+00
3.3268e+00
3.2869e+00
3.2332e+00
3.2010e+00
3.1564e+00
3.1149e+00
3.0658e+00
3.0273e+00
2.9873e+00
2.9458e+00
2.9011e+00
2.8719e+00
2.8226e+00
2.7841e+00
2.7363e+00
2.6977e+00
2.6576e+00
2.6206e+00
2.5727e+00
2.5356e+00
2.4939e+00
2.4522e+00
2.4151e+00
2.3857e+00
2.3377e+00
2.2975e+00
2.2542e+00
2.2170e+00
2.1627e+00
2.1333e+00
2.0976e+00
2.0604e+00
2.0263e+00
1.9906e+00
1.9549e+00
1.9254e+00
1.8943e+00
1.8632e+00
1.8259e+00
1.7979e+00
1.7715e+00
1.7419e+00
1.7124e+00
1.6766e+00
1.6454e+00
1.6174e+00
1.5925e+00
1.5613e+00
1.5286e+00
1.4974e+00
1.4631e+00
1.4335e+00
1.3820e+00
1.3492e+00
1.3117e+00
1.2805e+00
1.2414e+00
1.2070e+00
1.1820e+00
1.1445e+00
1.1054e+00
1.0725e+00
1.0396e+00
1.0005e+00
9.5820e-01
9.2216e-01
8.9238e-01
8.5005e-01
8.0927e-01
7.7632e-01
7.3237e-01
6.9312e-01
6.5856e-01
6.2243e-01
5.9099e-01
5.6113e-01
5.2968e-01
4.9507e-01
4.5259e-01
4.1953e-01
3.8804e-01
3.5497e-01
3.3764e-01
2.9825e-01
2.8091e-01
2.4939e-01
2.4150e-01
2.0523e-01
1.9261e-01
1.4843e-01
1.3581e-01
1.0266e-01
9.7926e-02
5.8450e-02
5.2133e-02
3.4758e-02
4.1076e-02
1.8960e-02
2.0540e-02
1.1061e-02
1.7381e-02
9.4810e-03
9.4810e-03
1.5800e-03
0000
0000
3.1610e-03
0000
6.3210e-03
2.0540e-02
3.4758e-02
5.6871e-02
7.5821e-02
1.0582e-01
1.3897e-01
1.4370e-01
2.2416e-01
2.6357e-01
3.2031e-01
3.6285e-01
4.5573e-01
5.1709e-01
6.4128e-01
7.0882e-01
8.7827e-01
9.8014e-01
1.1492e+00
1.2695e+00
1.4428e+00
1.5987e+00
1.7777e+00
1.9036e+00
2.1240e+00
2.2603e+00
2.4893e+00
2.6669e+00
2.9427e+00
3.1518e+00
3.5138e+00
3.7615e+00
4.0590e+00
4.2691e+00
4.5485e+00
4.7486e+00
5.0027e+00
5.1642e+00
5.3255e+00
5.4369e+00
5.5542e+00
5.6398e+00
5.7164e+00
5.7779e+00
5.8109e+00
5.8589e+00
5.8873e+00
5.9248e+00
5.9892e+00
6.0071e+00
6.0490e+00
6.0984e+00
6.1238e+00
6.0939e+00
6.1059e+00
6.0700e+00
6.0401e+00
6.0116e+00
5.9577e+00
5.9308e+00
5.8948e+00
5.8334e+00
5.7704e+00
5.7014e+00
5.6293e+00
5.5617e+00
5.4639e+00
5.3932e+00
5.2833e+00
5.2215e+00
5.1144e+00
5.0359e+00
4.9468e+00
4.8787e+00
4.7895e+00
4.7183e+00
4.6274e+00
4.5637e+00
4.4803e+00
4.4135e+00
4.3284e+00
4.2645e+00
4.1945e+00
4.1413e+00
4.0697e+00
4.0164e+00
3.9569e+00
3.9081e+00
3.8455e+00
3.7967e+00
3.7340e+00
3.6851e+00
3.6178e+00
3.5826e+00
3.5245e+00
3.4831e+00
3.4433e+00
3.4188e+00
3.3943e+00
3.3820e+00
3.3667e+00
3.3575e+00
3.3391e+00
3.3161e+00
3.2992e+00
3.2792e+00
3.2624e+00
3.2424e+00
3.2271e+00
3.2117e+00
3.1749e+00
3.1534e+00
3.1272e+00
3.0934e+00
3.0581e+00
3.0350e+00
2.9904e+00
2.9566e+00
2.9212e+00
2.8873e+00
2.8519e+00
2.8288e+00
2.8026e+00
2.7949e+00
2.7717e+00
2.7902e+00
2.7825e+00
2.8195e+00
2.8457e+00
2.9319e+00
3.0058e+00
3.1487e+00
3.2716e+00
3.4387e+00
3.6071e+00
3.8012e+00
3.9981e+00
4.2158e+00
4.4453e+00
4.7032e+00
4.9437e+00
5.2441e+00
5.5316e+00
5.8259e+00
6.1179e+00
6.3956e+00
6.6861e+00
6.9417e+00
7.2558e+00
7.4717e+00
7.7902e+00
7.9785e+00
8.2633e+00
8.4406e+00
8.6526e+00
8.8190e+00
9.0027e+00
9.0973e+00
9.2398e+00
9.2862e+00
9.3835e+00
9.3951e+00
9.4966e+00
9.4734e+00
9.5300e+00
9.5140e+00
9.5285e+00
9.4981e+00
9.5053e+00
9.4473e+00
9.4531e+00
9.3879e+00
9.3719e+00
9.2964e+00
9.2412e+00
9.1584e+00
9.0842e+00
8.9881e+00
8.8992e+00
8.8015e+00
8.7067e+00
8.6102e+00
8.4962e+00
8.3981e+00
8.2824e+00
8.1592e+00
8.0491e+00
7.9403e+00
7.8093e+00
7.6989e+00
7.5647e+00
7.4643e+00
7.3401e+00
7.2410e+00
7.1137e+00
7.0099e+00
6.8748e+00
6.7842e+00
6.6638e+00
6.5685e+00
6.4553e+00
6.3688e+00
6.2538e+00
6.1762e+00
6.0685e+00
5.9937e+00
5.8903e+00
5.8184e+00
5.7179e+00
5.6488e+00
5.5617e+00
5.4940e+00
5.4053e+00
5.3450e+00
5.2607e+00
5.1928e+00
5.1053e+00
5.0449e+00
4.9634e+00
4.8984e+00
4.8152e+00
4.7546e+00
4.6668e+00
4.6122e+00
4.5197e+00
4.4666e+00
4.3800e+00
4.3193e+00
4.2341e+00
4.1793e+00
4.1108e+00
4.0606e+00
3.9965e+00
3.9538e+00
3.8852e+00
3.8440e+00
3.7768e+00
3.7355e+00
3.6821e+00
3.6423e+00
3.5888e+00
3.5551e+00
3.5000e+00
3.4739e+00
3.4326e+00
3.4019e+00
3.3467e+00
3.3099e+00
3.2700e+00
3.2501e+00
3.2010e+00
3.1687e+00
3.1196e+00
3.0904e+00
3.0289e+00
3.0027e+00
2.9458e+00
2.9135e+00
2.8688e+00
2.8426e+00
2.8041e+00
2.7794e+00
2.7363e+00
2.7147e+00
2.6746e+00
2.6437e+00
2.5974e+00
2.5851e+00
2.5511e+00
2.5140e+00
2.4769e+00
2.4491e+00
2.4182e+00
2.3934e+00
2.3625e+00
2.3362e+00
2.3068e+00
2.2820e+00
2.2495e+00
2.2247e+00
2.1860e+00
2.1627e+00
2.1162e+00
2.0930e+00
2.0449e+00
2.0154e+00
1.9735e+00
1.9518e+00
1.9176e+00
1.8834e+00
1.8570e+00
1.8337e+00
1.7979e+00
1.7684e+00
1.7388e+00
1.7139e+00
1.6828e+00
1.6548e+00
1.6299e+00
1.5987e+00
1.5582e+00
1.5317e+00
1.4927e+00
1.4709e+00
1.4257e+00
1.4023e+00
1.3617e+00
1.3336e+00
1.2820e+00
1.2586e+00
1.2180e+00
1.1914e+00
1.1554e+00
1.1351e+00
1.1069e+00
1.0803e+00
1.0569e+00
1.0349e+00
1.0099e+00
9.9267e-01
9.6447e-01
9.4097e-01
9.0963e-01
9.0022e-01
8.7200e-01
8.5789e-01
8.3907e-01
8.2809e-01
8.0456e-01
7.9201e-01
7.7004e-01
7.5906e-01
7.3237e-01
7.1981e-01
6.7584e-01
6.6642e-01
6.3185e-01
6.2243e-01
6.0671e-01
5.9099e-01
5.7527e-01
5.7056e-01
5.4697e-01
5.4068e-01
5.1867e-01
5.1552e-01
5.0136e-01
4.9035e-01
4.8091e-01
4.7619e-01
4.6360e-01
4.6360e-01
4.4787e-01
4.4157e-01
4.2740e-01
4.3213e-01
4.1481e-01
4.1481e-01
3.8332e-01
3.7387e-01
3.5024e-01
3.4552e-01
3.2504e-01
3.1401e-01
2.9510e-01
2.8722e-01
2.7146e-01
2.5727e-01
2.4939e-01
2.3362e-01
2.2731e-01
2.1154e-01
2.1312e-01
2.0208e-01
2.0208e-01
1.8315e-01
1.7999e-01
1.6579e-01
1.6421e-01
1.5001e-01
1.4054e-01
1.3423e-01
1.2160e-01
1.1687e-01
1.2792e-01
1.3897e-01
1.6737e-01
1.9577e-01
2.3835e-01
2.7776e-01
3.4552e-01
3.8647e-01
4.8406e-01
5.0608e-01
6.2400e-01
6.9469e-01
7.9044e-01
8.5946e-01
9.9423e-01
1.0428e+00
1.1664e+00
1.2242e+00
1.3133e+00
1.3835e+00
1.4413e+00
1.5800e+00
1.6330e+00
1.6906e+00
1.7497e+00
1.8088e+00
1.8834e+00
1.9067e+00
1.9952e+00
2.0123e+00
2.0775e+00
2.1069e+00
2.1565e+00
2.1906e+00
2.2449e+00
2.2851e+00
2.3408e+00
2.3842e+00
2.4599e+00
2.5264e+00
2.6051e+00
2.7039e+00
2.7995e+00
2.8981e+00
2.9812e+00
3.0996e+00
3.2025e+00
3.3176e+00
3.4356e+00
3.5413e+00
3.6790e+00
3.7585e+00
3.8776e+00
3.9325e+00
4.0255e+00
4.0895e+00
4.1565e+00
4.2113e+00
4.2919e+00
4.3451e+00
4.4211e+00
4.4833e+00
4.5561e+00
4.6107e+00
4.6729e+00
4.6865e+00
4.7562e+00
4.7683e+00
4.7910e+00
4.8031e+00
4.8001e+00
4.8076e+00
4.8212e+00
4.8379e+00
4.8424e+00
4.8470e+00
4.8137e+00
4.7955e+00
4.7637e+00
4.7289e+00
4.6865e+00
4.6425e+00
4.5940e+00
4.5546e+00
4.4894e+00
4.4863e+00
4.4408e+00
4.4575e+00
4.4423e+00
4.4378e+00
4.3785e+00
4.3208e+00
4.2341e+00
4.1702e+00
4.0712e+00
3.9981e+00
3.9096e+00
3.8425e+00
3.7676e+00
3.7004e+00
3.6270e+00
3.5551e+00
3.4847e+00
3.4326e+00
3.3605e+00
3.2977e+00
3.2301e+00
3.1733e+00
3.1103e+00
3.0627e+00
3.0089e+00
2.9550e+00
2.8827e+00
2.8349e+00
2.7887e+00
2.7394e+00
2.6746e+00
2.6345e+00
2.5943e+00
2.5449e+00
2.4878e+00
2.4537e+00
2.3950e+00
2.3548e+00
2.2991e+00
2.2557e+00
2.2108e+00
2.1767e+00
2.1286e+00
2.0961e+00
2.0480e+00
2.0201e+00
1.9751e+00
1.9378e+00
1.8958e+00
1.8632e+00
1.8197e+00
1.7902e+00
1.7590e+00
1.7295e+00
1.6859e+00
1.6563e+00
1.6174e+00
1.5972e+00
1.5598e+00
1.5286e+00
1.4896e+00
1.4693e+00
1.4225e+00
1.4038e+00
1.3726e+00
1.3508e+00
1.3320e+00
1.3273e+00
1.3227e+00
1.3398e+00
1.3601e+00
1.4023e+00
1.4506e+00
1.5504e+00
1.6517e+00
1.8135e+00
1.9921e+00
2.2603e+00
2.5248e+00
2.8596e+00
3.2501e+00
3.6729e+00
4.1550e+00
4.6865e+00
5.2968e+00
5.8589e+00
6.5164e+00
7.1359e+00
7.8211e+00
8.4069e+00
9.1235e+00
9.6950e+00
1.0417e+01
1.0925e+01
1.1601e+01
1.2089e+01
1.2723e+01
1.3174e+01
1.3741e+01
1.4173e+01
1.4703e+01
1.5121e+01
1.5620e+01
1.6098e+01
1.6524e+01
1.6839e+01
1.7124e+01
1.7358e+01
1.7546e+01
1.7713e+01
1.7875e+01
1.8034e+01
1.8177e+01
1.8310e+01
1.8416e+01
1.8473e+01
1.8490e+01
1.8518e+01
1.8509e+01
1.8485e+01
1.8433e+01
1.8340e+01
1.8254e+01
1.8133e+01
1.8021e+01
1.7887e+01
1.7747e+01
1.7600e+01
1.7444e+01
1.7283e+01
1.7128e+01
1.6964e+01
1.6797e+01
1.6632e+01
1.6469e+01
1.6309e+01
1.6145e+01
1.5985e+01
1.5829e+01
1.5658e+01
1.5488e+01
1.5331e+01
1.5149e+01
1.5004e+01
1.4843e+01
1.4700e+01
1.4566e+01
1.4432e+01
1.4280e+01
1.4168e+01
1.4029e+01
1.3909e+01
1.3772e+01
1.3675e+01
1.3536e+01
1.3442e+01
1.3301e+01
1.3214e+01
1.3088e+01
1.3001e+01
1.2871e+01
1.2794e+01
1.2681e+01
1.2602e+01
1.2498e+01
1.2422e+01
1.2322e+01
1.2244e+01
1.2147e+01
1.2070e+01
1.1953e+01
1.1896e+01
1.1794e+01
1.1730e+01
1.1646e+01
1.1598e+01
1.1515e+01
1.1460e+01
1.1380e+01
1.1346e+01
1.1253e+01
1.1219e+01
1.1138e+01
1.1106e+01
1.1035e+01
1.0995e+01
1.0919e+01
1.0888e+01
1.0816e+01
1.0785e+01
1.0707e+01
1.0686e+01
1.0598e+01
1.0574e+01
1.0495e+01
1.0459e+01
1.0373e+01
1.0341e+01
1.0268e+01
1.0235e+01
1.0160e+01
1.0135e+01
1.0069e+01
1.0036e+01
9.9753e+00
9.9320e+00
9.8699e+00
9.8367e+00
9.7746e+00
9.7399e+00
9.6777e+00
9.6559e+00
9.5922e+00
9.5589e+00
9.5082e+00
9.4807e+00
9.4227e+00
9.3995e+00
9.3487e+00
9.3196e+00
9.2441e+00
9.2121e+00
9.1482e+00
9.1205e+00
9.0623e+00
9.0347e+00
8.9779e+00
8.9488e+00
8.9109e+00
8.8803e+00
8.8482e+00
8.8176e+00
8.7680e+00
8.7388e+00
8.7023e+00
8.6716e+00
8.6176e+00
8.6000e+00
8.5547e+00
8.5298e+00
8.4874e+00
8.4567e+00
8.4157e+00
8.3893e+00
8.3410e+00
8.3176e+00
8.2692e+00
8.2384e+00
8.1871e+00
8.1636e+00
8.1196e+00
8.0902e+00
8.0476e+00
8.0197e+00
7.9771e+00
7.9565e+00
7.9138e+00
7.8888e+00
7.8491e+00
7.8152e+00
7.7873e+00
7.7504e+00
7.7239e+00
7.7003e+00
7.6502e+00
7.6399e+00
7.5927e+00
7.5647e+00
7.5204e+00
7.5041e+00
7.4362e+00
7.4229e+00
7.3697e+00
7.3401e+00
7.2987e+00
7.2810e+00
7.2455e+00
7.2203e+00
7.1877e+00
7.1700e+00
7.1329e+00
7.1211e+00
7.0825e+00
7.0633e+00
7.0351e+00
7.0247e+00
6.9965e+00
6.9817e+00
6.9654e+00
6.9550e+00
6.9387e+00
6.9283e+00
6.9090e+00
6.9045e+00
6.8852e+00
6.8778e+00
6.8719e+00
6.8645e+00
6.8704e+00
6.8689e+00
6.8838e+00
6.9001e+00
6.9135e+00
6.9224e+00
6.9595e+00
6.9743e+00
7.0277e+00
7.0440e+00
7.1181e+00
7.1285e+00
7.2144e+00
7.2943e+00
7.3416e+00
7.4170e+00
7.4717e+00
7.5322e+00
7.5927e+00
7.6532e+00
7.6856e+00
7.7519e+00
7.8138e+00
7.8844e+00
7.9609e+00
8.0755e+00
8.1900e+00
8.3249e+00
8.4830e+00
8.6395e+00
8.8409e+00
9.0230e+00
9.3051e+00
9.5271e+00
9.8671e+00
1.0134e+01
1.0528e+01
1.0831e+01
1.1261e+01
1.1554e+01
1.1984e+01
1.2289e+01
1.2707e+01
1.3090e+01
1.3461e+01
1.3791e+01
1.4220e+01
1.4493e+01
1.4841e+01
1.5067e+01
1.5410e+01
1.5568e+01
1.5881e+01
1.6047e+01
1.6242e+01
1.6357e+01
1.6508e+01
1.6575e+01
1.6687e+01
1.6737e+01
1.6866e+01
1.6921e+01
1.7072e+01
1.7173e+01
1.7303e+01
1.7452e+01
1.7592e+01
1.7770e+01
1.7951e+01
1.8198e+01
1.8428e+01
1.8712e+01
1.8993e+01
1.9329e+01
1.9659e+01
1.9953e+01
2.0291e+01
2.0552e+01
2.0878e+01
2.1109e+01
2.1390e+01
2.1591e+01
2.1823e+01
2.2015e+01
2.2226e+01
2.2410e+01
2.2616e+01
2.2792e+01
2.2945e+01
2.3074e+01
2.3200e+01
2.3301e+01
2.3420e+01
2.3486e+01
2.3551e+01
2.3580e+01
2.3619e+01
2.3627e+01
2.3632e+01
2.3595e+01
2.3567e+01
2.3504e+01
2.3442e+01
2.3361e+01
2.3287e+01
2.3172e+01
2.3077e+01
2.2969e+01
2.2839e+01
2.2707e+01
2.2570e+01
2.2417e+01
2.2277e+01
2.2121e+01
2.1950e+01
2.1780e+01
2.1597e+01
2.1426e+01
2.1224e+01
2.1069e+01
2.0891e+01
2.0726e+01
2.0560e+01
2.0396e+01
2.0219e+01
2.0051e+01
1.9887e+01
1.9718e+01
1.9572e+01
1.9418e+01
1.9259e+01
1.9118e+01
1.8972e+01
1.8836e+01
1.8688e+01
1.8573e+01
1.8426e+01
1.8298e+01
1.8174e+01
1.8058e+01
1.7944e+01
1.7828e+01
1.7707e+01
1.7596e+01
1.7466e+01
1.7358e+01
1.7233e+01
1.7136e+01
1.7025e+01
1.6931e+01
1.6813e+01
1.6736e+01
1.6632e+01
1.6539e+01
1.6439e+01
1.6362e+01
1.6264e+01
1.6185e+01
1.6094e+01
1.6029e+01
1.5976e+01
1.5919e+01
1.5844e+01
1.5785e+01
1.5713e+01
1.5653e+01
1.5582e+01
1.5535e+01
1.5483e+01
1.5439e+01
1.5386e+01
1.5354e+01
1.5317e+01
1.5292e+01
1.5263e+01
1.5237e+01
1.5207e+01
1.5182e+01
1.5151e+01
1.5137e+01
1.5104e+01
1.5086e+01
1.5046e+01
1.5023e+01
1.4986e+01
1.4946e+01
1.4920e+01
1.4894e+01
1.4845e+01
1.4833e+01
1.4782e+01
1.4772e+01
1.4734e+01
1.4725e+01
1.4681e+01
1.4678e+01
1.4638e+01
1.4631e+01
1.4594e+01
1.4595e+01
1.4565e+01
1.4561e+01
1.4514e+01
1.4506e+01
1.4449e+01
1.4431e+01
1.4387e+01
1.4369e+01
1.4316e+01
1.4305e+01
1.4262e+01
1.4233e+01
1.4190e+01
1.4159e+01
1.4123e+01
1.4096e+01
1.4073e+01
1.4043e+01
1.4050e+01
1.4021e+01
1.4032e+01
1.4022e+01
1.4033e+01
1.4044e+01
1.4062e+01
1.4091e+01
1.4126e+01
1.4159e+01
1.4172e+01
1.4177e+01
1.4168e+01
1.4172e+01
1.4177e+01
1.4169e+01
1.4169e+01
1.4173e+01
1.4157e+01
1.4152e+01
1.4130e+01
1.4122e+01
1.4097e+01
1.4084e+01
1.4058e+01
1.4040e+01
1.4009e+01
1.3987e+01
1.3950e+01
1.3932e+01
1.3904e+01
1.3870e+01
1.3845e+01
1.3816e+01
1.3788e+01
1.3763e+01
1.3712e+01
1.3699e+01
1.3625e+01
1.3610e+01
1.3536e+01
1.3514e+01
1.3442e+01
1.3419e+01
1.3347e+01
1.3315e+01
1.3240e+01
1.3206e+01
1.3129e+01
1.3087e+01
