3.9626e+00
3.9135e+00
3.8321e+00
3.8142e+00
3.7506e+00
3.7345e+00
3.6971e+00
3.6767e+00
3.6716e+00
3.6741e+00
3.6886e+00
3.6971e+00
3.7319e+00
3.7582e+00
3.7964e+00
3.8159e+00
3.8533e+00
3.8753e+00
3.9135e+00
3.9312e+00
3.9702e+00
3.9854e+00
4.0269e+00
4.0455e+00
4.0658e+00
4.0954e+00
4.0878e+00
4.1005e+00
4.0870e+00
4.0844e+00
4.0684e+00
4.0489e+00
4.0438e+00
4.0159e+00
3.9888e+00
3.9804e+00
3.9372e+00
3.9245e+00
3.8872e+00
3.8584e+00
3.8219e+00
3.8024e+00
3.7676e+00
3.7497e+00
3.7158e+00
3.7073e+00
3.6656e+00
3.6410e+00
3.5917e+00
3.5627e+00
3.4912e+00
3.4469e+00
3.3924e+00
3.3395e+00
3.2754e+00
3.2225e+00
3.1464e+00
3.1002e+00
3.0189e+00
2.9777e+00
2.8997e+00
2.8448e+00
2.7615e+00
2.7133e+00
2.6282e+00
2.5739e+00
2.4964e+00
2.4412e+00
2.3609e+00
2.3056e+00
2.2183e+00
2.1656e+00
2.0790e+00
2.0226e+00
1.9315e+00
1.8829e+00
1.8117e+00
1.7647e+00
1.6986e+00
1.6516e+00
1.5871e+00
1.5409e+00
1.4799e+00
1.4310e+00
1.3768e+00
1.3331e+00
1.2693e+00
1.2151e+00
1.1573e+00
1.1108e+00
1.0494e+00
9.9767e-01
9.4236e-01
9.0283e-01
8.5097e-01
8.1844e-01
7.6565e-01
7.4276e-01
7.0754e-01
6.9697e-01
6.6702e-01
6.5732e-01
6.4410e-01
6.3970e-01
6.3088e-01
6.3088e-01
6.2030e-01
6.2647e-01
6.2647e-01
6.2295e-01
6.2559e-01
6.1413e-01
6.1678e-01
6.0267e-01
6.0179e-01
5.8944e-01
5.7797e-01
5.7974e-01
5.5768e-01
5.6033e-01
5.3651e-01
5.4357e-01
5.2856e-01
5.5504e-01
5.6827e-01
5.5327e-01
5.4268e-01
5.2592e-01
5.2327e-01
5.2062e-01
5.2327e-01
5.4445e-01
5.7533e-01
6.2647e-01
7.1106e-01
8.3339e-01
9.9241e-01
1.1835e+00
1.4476e+00
1.7421e+00
2.1136e+00
2.4990e+00
2.9940e+00
3.4213e+00
4.0295e+00
4.4894e+00
5.1531e+00
5.6424e+00
6.3413e+00
6.7917e+00
7.5116e+00
7.9442e+00
8.6699e+00
9.1043e+00
9.9046e+00
1.0375e+01
1.1160e+01
1.1598e+01
1.2294e+01
1.2800e+01
1.3393e+01
1.3800e+01
1.4284e+01
1.4618e+01
1.5068e+01
1.5345e+01
1.5776e+01
1.6036e+01
1.6384e+01
1.6640e+01
1.6972e+01
1.7201e+01
1.7470e+01
1.7665e+01
1.7870e+01
1.8057e+01
1.8217e+01
1.8320e+01
1.8438e+01
1.8462e+01
1.8567e+01
1.8543e+01
1.8613e+01
1.8560e+01
1.8587e+01
1.8484e+01
1.8455e+01
1.8357e+01
1.8326e+01
1.8232e+01
1.8180e+01
1.8104e+01
1.8024e+01
1.7915e+01
1.7811e+01
1.7679e+01
1.7538e+01
1.7409e+01
1.7251e+01
1.7138e+01
1.6973e+01
1.6822e+01
1.6677e+01
1.6516e+01
1.6348e+01
1.6180e+01
1.5999e+01
1.5837e+01
1.5659e+01
1.5501e+01
1.5310e+01
1.5146e+01
1.4965e+01
1.4823e+01
1.4637e+01
1.4494e+01
1.4325e+01
1.4205e+01
1.4032e+01
1.3911e+01
1.3734e+01
1.3624e+01
1.3474e+01
1.3366e+01
1.3199e+01
1.3111e+01
1.2966e+01
1.2871e+01
1.2726e+01
1.2650e+01
1.2513e+01
1.2437e+01
1.2309e+01
1.2242e+01
1.2099e+01
1.2036e+01
1.1911e+01
1.1861e+01
1.1745e+01
1.1697e+01
1.1583e+01
1.1547e+01
1.1434e+01
1.1400e+01
1.1294e+01
1.1257e+01
1.1168e+01
1.1141e+01
1.1051e+01
1.1027e+01
1.0953e+01
1.0954e+01
1.0898e+01
1.0909e+01
1.0881e+01
1.0917e+01
1.0900e+01
1.0964e+01
1.0971e+01
1.1051e+01
1.1095e+01
1.1185e+01
1.1248e+01
1.1355e+01
1.1445e+01
1.1541e+01
1.1635e+01
1.1747e+01
1.1840e+01
1.1934e+01
1.2022e+01
1.2100e+01
1.2172e+01
1.2228e+01
1.2284e+01
1.2331e+01
1.2360e+01
1.2399e+01
1.2419e+01
1.2446e+01
1.2435e+01
1.2456e+01
1.2430e+01
1.2440e+01
1.2421e+01
1.2425e+01
1.2376e+01
1.2376e+01
1.2333e+01
1.2318e+01
1.2260e+01
1.2231e+01
1.2163e+01
1.2117e+01
1.2056e+01
1.2011e+01
1.1934e+01
1.1877e+01
1.1803e+01
1.1741e+01
1.1656e+01
1.1589e+01
1.1499e+01
1.1431e+01
1.1333e+01
1.1267e+01
1.1172e+01
1.1098e+01
1.1020e+01
1.0957e+01
1.0874e+01
1.0814e+01
1.0712e+01
1.0661e+01
1.0576e+01
1.0522e+01
1.0435e+01
1.0385e+01
1.0312e+01
1.0277e+01
1.0216e+01
1.0191e+01
1.0138e+01
1.0107e+01
1.0070e+01
1.0056e+01
1.0034e+01
1.0035e+01
1.0012e+01
1.0019e+01
1.0002e+01
9.9982e+00
1.0001e+01
1.0012e+01
1.0015e+01
1.0019e+01
1.0019e+01
1.0030e+01
1.0032e+01
1.0037e+01
1.0042e+01
1.0057e+01
1.0067e+01
1.0074e+01
1.0088e+01
1.0080e+01
1.0097e+01
1.0099e+01
1.0125e+01
1.0121e+01
1.0127e+01
1.0126e+01
1.0121e+01
1.0123e+01
1.0122e+01
1.0114e+01
1.0116e+01
1.0115e+01
1.0117e+01
1.0109e+01
1.0096e+01
1.0086e+01
1.0063e+01
1.0056e+01
1.0028e+01
1.0019e+01
9.9809e+00
9.9589e+00
9.9070e+00
9.8865e+00
9.8290e+00
9.8022e+00
9.7392e+00
9.7139e+00
9.6327e+00
9.6042e+00
9.5157e+00
9.4801e+00
9.4010e+00
9.3614e+00
9.2789e+00
9.2409e+00
9.1694e+00
9.1273e+00
9.0446e+00
9.0104e+00
8.9388e+00
8.8918e+00
8.8200e+00
8.7698e+00
8.7027e+00
8.6699e+00
8.6028e+00
8.5628e+00
8.5003e+00
8.4691e+00
8.4082e+00
8.3801e+00
8.3087e+00
8.2870e+00
8.1962e+00
8.1753e+00
8.0949e+00
8.0691e+00
7.9934e+00
7.9676e+00
7.8886e+00
7.8627e+00
7.7852e+00
7.7601e+00
7.6712e+00
7.6469e+00
7.5773e+00
7.5489e+00
7.4767e+00
7.4508e+00
7.3875e+00
7.3615e+00
7.2892e+00
7.2713e+00
7.2054e+00
7.1801e+00
7.1134e+00
7.0897e+00
7.0172e+00
7.0000e+00
6.9208e+00
6.9078e+00
6.8383e+00
6.8236e+00
6.7680e+00
6.7410e+00
6.6886e+00
6.6705e+00
6.6156e+00
6.5984e+00
6.5443e+00
6.5147e+00
6.4474e+00
6.4244e+00
6.3742e+00
6.3578e+00
6.2920e+00
6.2689e+00
6.2080e+00
6.1907e+00
6.1363e+00
6.1074e+00
6.0587e+00
6.0405e+00
5.9736e+00
5.9654e+00
5.8984e+00
5.8752e+00
5.8272e+00
5.8066e+00
5.7560e+00
5.7361e+00
5.6922e+00
5.6690e+00
5.6234e+00
5.5968e+00
5.5453e+00
5.5254e+00
5.4888e+00
5.4589e+00
5.4123e+00
5.3865e+00
5.3399e+00
5.2974e+00
5.2482e+00
5.2282e+00
5.1781e+00
5.1489e+00
5.1038e+00
5.0896e+00
5.0429e+00
5.0128e+00
4.9550e+00
4.9308e+00
4.8713e+00
4.8387e+00
4.7884e+00
4.7599e+00
4.7204e+00
4.6852e+00
4.6407e+00
4.6029e+00
4.5625e+00
4.5255e+00
4.4826e+00
4.4481e+00
4.4102e+00
4.3841e+00
4.3571e+00
4.3361e+00
4.2990e+00
4.2787e+00
4.2441e+00
4.2340e+00
4.2044e+00
4.1909e+00
4.1681e+00
4.1571e+00
4.1343e+00
4.1352e+00
4.1149e+00
4.1293e+00
4.1073e+00
4.1166e+00
4.1115e+00
4.1267e+00
4.1335e+00
4.1605e+00
4.1740e+00
4.2104e+00
4.2331e+00
4.2644e+00
4.3040e+00
4.3369e+00
4.3892e+00
4.4346e+00
4.4944e+00
4.5356e+00
4.5827e+00
4.6188e+00
4.6718e+00
4.6969e+00
4.7339e+00
4.7540e+00
4.7666e+00
4.7817e+00
4.7976e+00
4.7968e+00
4.8227e+00
4.8244e+00
4.8353e+00
4.8278e+00
4.8236e+00
4.8077e+00
4.7984e+00
4.7716e+00
4.7557e+00
4.7238e+00
4.6986e+00
4.6768e+00
4.6424e+00
4.5978e+00
4.5482e+00
4.5062e+00
4.4523e+00
4.4052e+00
4.3327e+00
4.2897e+00
4.2129e+00
4.1563e+00
4.0701e+00
4.0159e+00
3.9550e+00
3.8940e+00
3.8236e+00
3.7642e+00
3.6886e+00
3.6282e+00
3.5466e+00
3.4972e+00
3.4179e+00
3.3651e+00
3.2908e+00
3.2396e+00
3.1661e+00
3.1113e+00
3.0463e+00
2.9923e+00
2.9168e+00
2.8705e+00
2.7984e+00
2.7572e+00
2.6746e+00
2.6359e+00
2.5584e+00
2.5128e+00
2.4524e+00
2.4162e+00
2.3782e+00
2.3523e+00
2.3376e+00
2.3411e+00
2.3713e+00
2.4015e+00
2.4921e+00
2.5644e+00
2.7537e+00
2.8551e+00
3.1549e+00
3.3079e+00
3.6920e+00
3.9109e+00
4.3715e+00
4.6575e+00
5.1306e+00
5.4339e+00
5.9298e+00
6.2286e+00
6.6886e+00
7.0196e+00
7.4646e+00
7.8304e+00
8.2975e+00
8.6124e+00
9.0351e+00
9.3146e+00
9.7076e+00
9.8700e+00
1.0204e+01
1.0394e+01
1.0675e+01
1.0803e+01
1.1027e+01
1.1117e+01
1.1321e+01
1.1417e+01
1.1572e+01
1.1652e+01
1.1758e+01
1.1803e+01
1.1896e+01
1.1933e+01
1.1980e+01
1.1969e+01
1.1980e+01
1.1923e+01
1.1902e+01
1.1832e+01
1.1749e+01
1.1654e+01
1.1548e+01
1.1438e+01
1.1309e+01
1.1183e+01
1.1065e+01
1.0928e+01
1.0794e+01
1.0644e+01
1.0503e+01
1.0342e+01
1.0183e+01
1.0037e+01
9.8889e+00
9.7392e+00
9.5805e+00
9.4208e+00
9.2631e+00
9.1249e+00
8.9595e+00
8.8128e+00
8.6547e+00
8.5244e+00
8.3657e+00
8.2340e+00
8.0812e+00
7.9612e+00
7.8127e+00
7.7052e+00
7.5781e+00
7.4581e+00
7.3322e+00
7.2363e+00
7.1182e+00
7.0212e+00
6.9102e+00
6.8220e+00
6.7156e+00
6.6320e+00
6.5229e+00
6.4556e+00
6.3512e+00
6.2846e+00
6.1841e+00
6.1214e+00
6.0315e+00
5.9778e+00
5.8885e+00
5.8281e+00
5.7386e+00
5.6972e+00
5.6101e+00
5.5644e+00
5.4705e+00
5.4273e+00
5.3332e+00
5.2799e+00
5.2098e+00
5.1665e+00
5.0880e+00
5.0429e+00
4.9852e+00
4.9450e+00
4.8831e+00
4.8378e+00
4.7758e+00
4.7364e+00
4.6818e+00
4.6424e+00
4.5894e+00
4.5600e+00
4.5129e+00
4.4750e+00
4.4287e+00
4.3959e+00
4.3580e+00
4.3276e+00
4.2745e+00
4.2475e+00
4.2036e+00
4.1740e+00
4.1267e+00
4.1064e+00
4.0464e+00
4.0134e+00
3.9711e+00
3.9516e+00
3.9075e+00
3.8872e+00
3.8448e+00
3.8236e+00
3.7828e+00
3.7574e+00
3.7277e+00
3.7030e+00
3.6699e+00
3.6546e+00
3.6146e+00
3.5934e+00
3.5568e+00
3.5261e+00
3.4946e+00
3.4716e+00
3.4367e+00
3.4077e+00
3.3796e+00
3.3676e+00
3.3326e+00
3.3284e+00
3.2900e+00
3.2840e+00
3.2490e+00
3.2413e+00
3.2165e+00
3.2165e+00
3.2003e+00
3.1985e+00
3.1917e+00
3.1951e+00
3.1832e+00
3.1780e+00
3.1643e+00
3.1626e+00
3.1575e+00
3.1609e+00
3.1678e+00
3.1772e+00
3.1746e+00
3.1840e+00
3.2062e+00
3.2191e+00
3.2532e+00
3.2729e+00
3.3156e+00
3.3531e+00
3.3932e+00
3.4341e+00
3.4895e+00
3.5440e+00
3.6231e+00
3.6784e+00
3.7676e+00
3.8159e+00
3.9041e+00
3.9677e+00
4.0354e+00
4.1022e+00
4.1783e+00
4.2323e+00
4.3192e+00
4.3689e+00
4.4574e+00
4.5062e+00
4.5886e+00
4.6314e+00
4.7381e+00
4.7741e+00
4.8604e+00
4.8956e+00
4.9843e+00
5.0203e+00
5.0863e+00
5.1105e+00
5.1790e+00
5.1690e+00
5.2640e+00
5.2624e+00
5.3132e+00
5.3057e+00
5.3157e+00
5.3115e+00
5.3165e+00
5.3007e+00
5.3049e+00
5.2707e+00
5.2482e+00
5.2215e+00
5.2082e+00
5.1848e+00
5.1564e+00
5.1272e+00
5.0938e+00
5.0721e+00
5.0362e+00
5.0211e+00
4.9977e+00
4.9927e+00
5.0111e+00
5.0228e+00
5.0754e+00
5.1264e+00
5.2324e+00
5.3224e+00
5.4946e+00
5.6358e+00
5.8653e+00
6.0604e+00
6.3874e+00
6.6345e+00
7.0351e+00
7.2940e+00
7.7302e+00
7.9990e+00
8.4971e+00
8.8001e+00
9.3273e+00
9.6366e+00
1.0121e+01
1.0430e+01
1.0900e+01
1.1191e+01
1.1635e+01
1.1906e+01
1.2344e+01
1.2583e+01
1.2967e+01
1.3168e+01
1.3544e+01
1.3743e+01
1.4094e+01
1.4311e+01
1.4619e+01
1.4783e+01
1.5043e+01
1.5240e+01
1.5492e+01
1.5640e+01
1.5809e+01
1.5879e+01
1.6016e+01
1.6070e+01
1.6129e+01
1.6133e+01
1.6155e+01
1.6131e+01
1.6112e+01
1.6074e+01
1.6043e+01
1.5980e+01
1.5921e+01
1.5835e+01
1.5770e+01
1.5661e+01
1.5578e+01
1.5460e+01
1.5352e+01
1.5220e+01
1.5111e+01
1.4969e+01
1.4839e+01
1.4693e+01
1.4567e+01
1.4436e+01
1.4306e+01
1.4167e+01
1.4041e+01
1.3914e+01
1.3774e+01
1.3656e+01
1.3516e+01
1.3399e+01
1.3280e+01
1.3173e+01
1.3045e+01
1.2936e+01
1.2815e+01
1.2704e+01
1.2583e+01
1.2475e+01
1.2364e+01
1.2266e+01
1.2179e+01
1.2083e+01
1.1992e+01
1.1911e+01
1.1842e+01
1.1778e+01
1.1717e+01
1.1652e+01
1.1598e+01
1.1542e+01
1.1483e+01
1.1440e+01
1.1388e+01
1.1349e+01
1.1312e+01
1.1273e+01
1.1243e+01
1.1214e+01
1.1193e+01
1.1167e+01
1.1138e+01
1.1112e+01
1.1068e+01
1.1034e+01
1.0973e+01
1.0936e+01
1.0850e+01
1.0818e+01
1.0750e+01
1.0702e+01
1.0603e+01
1.0554e+01
1.0468e+01
1.0433e+01
1.0346e+01
1.0298e+01
1.0199e+01
1.0169e+01
1.0070e+01
1.0038e+01
9.9526e+00
9.9070e+00
9.8314e+00
9.7778e+00
9.6927e+00
9.6382e+00
9.5513e+00
9.4967e+00
9.3986e+00
9.3424e+00
9.2528e+00
9.2115e+00
9.1218e+00
9.0701e+00
8.9762e+00
8.9252e+00
8.8440e+00
8.8033e+00
8.7227e+00
8.6875e+00
8.5876e+00
8.5564e+00
8.4683e+00
8.4370e+00
8.3464e+00
8.3063e+00
8.2147e+00
8.1721e+00
8.0868e+00
8.0490e+00
7.9547e+00
7.9168e+00
7.8240e+00
7.7876e+00
7.6938e+00
7.6615e+00
7.5732e+00
7.5359e+00
7.4597e+00
7.4167e+00
7.3339e+00
7.3046e+00
7.2282e+00
7.1997e+00
7.1191e+00
7.0987e+00
7.0106e+00
6.9845e+00
6.9217e+00
6.8882e+00
6.8244e+00
6.7991e+00
6.7475e+00
6.7156e+00
6.6615e+00
6.6509e+00
6.6074e+00
6.5992e+00
6.5664e+00
6.5582e+00
6.5361e+00
6.5443e+00
6.5484e+00
6.5549e+00
6.5590e+00
6.5828e+00
6.6148e+00
6.6476e+00
6.6722e+00
6.7074e+00
6.7377e+00
6.7770e+00
6.8277e+00
6.8702e+00
6.9184e+00
6.9511e+00
6.9976e+00
7.0286e+00
7.0734e+00
7.0946e+00
7.1427e+00
7.1549e+00
7.2021e+00
7.2086e+00
7.2477e+00
7.2461e+00
7.2737e+00
7.2794e+00
7.2908e+00
7.2900e+00
7.2957e+00
7.2973e+00
7.2867e+00
7.2818e+00
7.2672e+00
7.2550e+00
7.2314e+00
7.2168e+00
7.1826e+00
7.1655e+00
7.1272e+00
7.1011e+00
7.0579e+00
7.0351e+00
6.9788e+00
6.9486e+00
6.8947e+00
6.8604e+00
6.7884e+00
6.7614e+00
6.7008e+00
6.6640e+00
6.5984e+00
6.5648e+00
6.4934e+00
6.4663e+00
6.3907e+00
6.3636e+00
6.2739e+00
6.2475e+00
6.1734e+00
6.1445e+00
6.0835e+00
6.0505e+00
5.9860e+00
5.9588e+00
5.8918e+00
5.8612e+00
5.7858e+00
5.7627e+00
5.7022e+00
5.6682e+00
5.6126e+00
5.5810e+00
5.5187e+00
5.5021e+00
5.4605e+00
5.4381e+00
5.3865e+00
5.3690e+00
5.3182e+00
5.3090e+00
5.2524e+00
5.2324e+00
5.1923e+00
5.1815e+00
5.1431e+00
5.1331e+00
5.1122e+00
5.1055e+00
5.0938e+00
5.0913e+00
5.0729e+00
5.0830e+00
5.0821e+00
5.0963e+00
5.1022e+00
5.1189e+00
5.1331e+00
5.1464e+00
5.1623e+00
5.1748e+00
5.1790e+00
5.1973e+00
5.2040e+00
5.2165e+00
5.2090e+00
5.2157e+00
5.2048e+00
5.2190e+00
5.2140e+00
5.2082e+00
5.2032e+00
5.1982e+00
5.1798e+00
5.1748e+00
5.1389e+00
5.1314e+00
5.0955e+00
5.0821e+00
5.0529e+00
5.0395e+00
5.0052e+00
4.9902e+00
4.9492e+00
4.9274e+00
4.8839e+00
4.8713e+00
4.8169e+00
4.7976e+00
4.7372e+00
4.7213e+00
4.6734e+00
4.6466e+00
4.5919e+00
4.5667e+00
4.5255e+00
4.4995e+00
4.4464e+00
4.4195e+00
4.3664e+00
4.3344e+00
4.2871e+00
4.2627e+00
4.2222e+00
4.1943e+00
4.1453e+00
4.1216e+00
4.0735e+00
4.0413e+00
3.9973e+00
3.9702e+00
3.9270e+00
3.9084e+00
3.8422e+00
3.8287e+00
3.7718e+00
3.7531e+00
3.7158e+00
3.6928e+00
3.6469e+00
3.6206e+00
3.5900e+00
3.5780e+00
3.5355e+00
3.5040e+00
3.4674e+00
3.4503e+00
3.4103e+00
3.3847e+00
3.3463e+00
3.3301e+00
3.2874e+00
3.2746e+00
3.2379e+00
3.2199e+00
3.1849e+00
3.1592e+00
3.1344e+00
3.1096e+00
3.0591e+00
3.0394e+00
2.9863e+00
2.9709e+00
2.9246e+00
2.8971e+00
2.8602e+00
2.8285e+00
2.7821e+00
2.7589e+00
2.7082e+00
2.6815e+00
2.6316e+00
2.6049e+00
2.5498e+00
2.5153e+00
2.4662e+00
2.4308e+00
2.3791e+00
2.3428e+00
2.3005e+00
2.2633e+00
2.2166e+00
2.1811e+00
2.1318e+00
2.1006e+00
2.0434e+00
2.0200e+00
1.9637e+00
1.9359e+00
1.8899e+00
1.8577e+00
1.8160e+00
1.7865e+00
1.7439e+00
1.7091e+00
1.6638e+00
1.6229e+00
1.5715e+00
1.5348e+00
1.4930e+00
1.4572e+00
1.4083e+00
1.3725e+00
1.3331e+00
1.2938e+00
1.2422e+00
1.2098e+00
1.1730e+00
1.1441e+00
1.1029e+00
1.0722e+00
1.0240e+00
9.9943e-01
9.4412e-01
9.2392e-01
8.7207e-01
8.3339e-01
7.8941e-01
7.5596e-01
7.1018e-01
6.7230e-01
6.2118e-01
5.8503e-01
5.3562e-01
4.9502e-01
4.4644e-01
4.1198e-01
3.6336e-01
3.2355e-01
2.7842e-01
2.4832e-01
2.0757e-01
1.7478e-01
1.4730e-01
1.2514e-01
9.4978e-02
6.8360e-02
5.0609e-02
4.3508e-02
2.1313e-02
1.2433e-02
0000
5.3280e-03
1.6873e-02
2.0425e-02
7.0135e-02
8.4332e-02
1.3578e-01
1.7833e-01
2.2795e-01
2.8639e-01
3.3682e-01
4.1110e-01
4.9678e-01
5.4533e-01
6.3793e-01
6.8728e-01
7.6565e-01
8.0876e-01
8.8789e-01
9.3006e-01
1.0012e+00
1.0389e+00
1.1126e+00
1.1424e+00
1.2142e+00
1.2404e+00
1.3087e+00
1.3366e+00
1.3865e+00
1.4100e+00
1.4650e+00
1.4947e+00
1.5470e+00
1.5645e+00
1.6176e+00
1.6333e+00
1.6742e+00
1.6812e+00
1.7117e+00
1.7230e+00
1.7630e+00
1.7569e+00
1.8013e+00
1.7943e+00
1.8039e+00
1.8013e+00
1.8108e+00
1.8013e+00
1.8073e+00
1.7839e+00
1.7943e+00
1.7673e+00
1.7491e+00
1.7256e+00
1.6925e+00
1.6629e+00
1.6359e+00
1.6054e+00
1.5959e+00
1.5627e+00
1.5523e+00
1.5279e+00
1.5313e+00
1.5008e+00
1.5095e+00
1.5069e+00
1.5279e+00
1.5313e+00
1.5776e+00
1.5993e+00
1.6455e+00
1.7021e+00
1.7656e+00
1.8352e+00
1.9020e+00
1.9810e+00
2.0590e+00
2.1673e+00
2.2434e+00
2.3523e+00
2.4153e+00
2.5231e+00
2.6023e+00
2.6996e+00
2.7872e+00
2.8928e+00
2.9794e+00
3.0685e+00
3.1669e+00
3.2455e+00
3.3250e+00
3.3949e+00
3.4503e+00
3.4938e+00
3.5610e+00
3.5874e+00
3.6563e+00
3.6656e+00
3.7353e+00
3.7387e+00
3.7981e+00
3.8151e+00
3.8660e+00
3.8880e+00
3.9312e+00
3.9516e+00
4.0083e+00
4.0337e+00
4.0811e+00
4.0574e+00
4.0574e+00
4.0328e+00
4.0320e+00
3.9956e+00
3.9812e+00
3.9355e+00
3.9338e+00
3.9067e+00
3.8948e+00
3.8541e+00
3.8600e+00
3.8287e+00
3.8092e+00
3.7769e+00
3.7650e+00
3.7625e+00
3.7710e+00
3.7370e+00
3.7149e+00
3.7056e+00
3.6809e+00
3.6614e+00
3.6325e+00
3.6002e+00
3.5832e+00
3.5423e+00
3.5185e+00
3.4887e+00
3.4537e+00
3.4162e+00
3.3736e+00
3.3378e+00
3.2857e+00
3.2541e+00
3.1943e+00
3.1507e+00
3.1087e+00
3.0754e+00
3.0189e+00
2.9777e+00
2.9229e+00
2.8722e+00
2.8173e+00
2.7769e+00
2.7159e+00
2.6643e+00
2.6058e+00
2.5705e+00
2.4903e+00
2.4541e+00
2.3756e+00
2.3333e+00
2.2685e+00
2.2278e+00
2.1690e+00
2.1361e+00
2.0712e+00
2.0417e+00
1.9767e+00
1.9506e+00
1.8829e+00
1.8656e+00
1.8108e+00
1.7795e+00
1.7265e+00
1.7030e+00
1.6473e+00
1.6342e+00
1.5854e+00
1.5671e+00
1.5209e+00
1.5061e+00
1.4563e+00
1.4406e+00
1.3899e+00
1.3830e+00
1.3209e+00
1.3025e+00
1.2597e+00
1.2501e+00
1.1984e+00
1.1792e+00
1.1389e+00
1.1301e+00
1.0924e+00
1.0793e+00
1.0336e+00
1.0266e+00
9.8275e-01
9.6080e-01
9.2831e-01
9.1777e-01
8.8701e-01
8.7207e-01
8.4218e-01
8.2899e-01
7.9732e-01
7.8061e-01
7.4716e-01
7.3924e-01
7.1282e-01
6.9785e-01
6.7583e-01
6.6173e-01
6.3265e-01
6.1766e-01
5.8415e-01
5.6651e-01
5.3651e-01
5.2150e-01
4.9414e-01
4.8001e-01
4.6499e-01
4.4291e-01
4.2259e-01
4.0668e-01
3.8281e-01
3.7750e-01
3.5805e-01
3.5009e-01
3.4478e-01
3.2532e-01
3.1913e-01
3.0586e-01
2.9347e-01
2.7488e-01
2.7665e-01
2.5894e-01
2.5274e-01
2.4300e-01
2.5186e-01
2.4654e-01
2.4477e-01
2.5186e-01
2.7311e-01
2.8461e-01
3.2532e-01
3.5540e-01
4.1640e-01
4.5793e-01
5.3033e-01
6.0355e-01
6.8552e-01
7.5508e-01
8.3339e-01
9.1074e-01
1.0003e+00
1.0740e+00
1.1818e+00
1.2483e+00
1.3664e+00
1.4450e+00
1.5749e+00
1.6742e+00
1.8412e+00
1.9637e+00
2.1725e+00
2.3342e+00
2.5911e+00
2.7812e+00
3.1241e+00
3.3463e+00
3.7769e+00
4.0320e+00
4.4969e+00
4.7733e+00
5.2941e+00
5.5744e+00
6.1272e+00
6.4186e+00
7.0212e+00
7.4370e+00
8.0272e+00
8.4851e+00
9.0765e+00
9.5908e+00
1.0140e+01
1.0599e+01
1.1081e+01
1.1561e+01
1.1990e+01
1.2375e+01
1.2775e+01
1.3035e+01
1.3382e+01
1.3571e+01
1.3845e+01
1.4020e+01
1.4235e+01
1.4373e+01
1.4538e+01
1.4661e+01
1.4786e+01
1.4870e+01
1.4997e+01
1.5065e+01
1.5151e+01
1.5209e+01
1.5256e+01
1.5264e+01
1.5284e+01
1.5267e+01
1.5262e+01
1.5199e+01
1.5157e+01
1.5068e+01
1.4987e+01
1.4879e+01
1.4761e+01
1.4648e+01
1.4520e+01
1.4391e+01
1.4262e+01
1.4138e+01
1.4001e+01
1.3852e+01
1.3708e+01
1.3543e+01
1.3386e+01
1.3216e+01
1.3058e+01
1.2889e+01
1.2735e+01
1.2578e+01
1.2442e+01
1.2295e+01
1.2175e+01
1.2047e+01
1.1944e+01
1.1833e+01
1.1736e+01
1.1639e+01
1.1557e+01
1.1454e+01
1.1373e+01
1.1306e+01
1.1211e+01
1.1134e+01
1.1044e+01
1.0969e+01
1.0878e+01
1.0816e+01
1.0723e+01
1.0662e+01
1.0567e+01
1.0519e+01
1.0409e+01
1.0370e+01
1.0272e+01
1.0229e+01
1.0138e+01
1.0090e+01
9.9950e+00
9.9589e+00
9.8700e+00
9.8330e+00
9.7542e+00
9.7281e+00
9.6571e+00
9.6382e+00
9.5750e+00
9.5671e+00
9.5157e+00
9.5039e+00
9.4580e+00
9.4239e+00
9.3994e+00
9.3630e+00
9.3392e+00
9.3091e+00
9.2829e+00
9.2496e+00
9.2187e+00
9.2060e+00
9.1734e+00
9.1424e+00
9.1146e+00
9.0892e+00
9.0685e+00
9.0614e+00
9.0367e+00
9.0256e+00
9.0033e+00
8.9953e+00
8.9842e+00
8.9818e+00
8.9698e+00
8.9555e+00
8.9499e+00
8.9324e+00
8.9268e+00
8.9173e+00
8.8926e+00
8.8878e+00
8.8655e+00
8.8503e+00
8.8440e+00
8.8304e+00
8.8128e+00
8.8089e+00
8.7913e+00
8.7841e+00
8.7538e+00
8.7378e+00
8.7131e+00
8.6995e+00
8.6683e+00
8.6428e+00
8.6188e+00
8.6012e+00
8.5588e+00
8.5428e+00
8.4931e+00
8.4635e+00
8.4074e+00
8.3809e+00
8.3304e+00
8.2983e+00
8.2340e+00
8.2003e+00
8.1391e+00
8.0965e+00
8.0264e+00
7.9869e+00
7.9208e+00
7.8837e+00
7.8183e+00
7.7836e+00
7.7084e+00
7.6647e+00
7.5959e+00
7.5432e+00
7.4759e+00
7.4346e+00
7.3607e+00
7.3225e+00
7.2396e+00
7.2021e+00
7.1443e+00
7.0922e+00
7.0253e+00
6.9837e+00
6.8996e+00
6.8579e+00
6.7901e+00
6.7532e+00
6.6877e+00
6.6410e+00
6.5771e+00
6.5303e+00
6.4515e+00
6.4170e+00
6.3389e+00
6.2928e+00
6.2335e+00
6.2030e+00
6.1536e+00
6.1222e+00
6.0736e+00
6.0348e+00
5.9794e+00
5.9555e+00
5.9034e+00
5.8752e+00
5.8215e+00
5.8032e+00
5.7502e+00
5.7204e+00
5.6823e+00
5.6557e+00
5.6076e+00
5.5843e+00
5.5387e+00
5.5046e+00
5.4655e+00
5.4347e+00
5.3981e+00
5.3848e+00
5.3324e+00
5.3190e+00
5.2740e+00
5.2499e+00
5.2140e+00
5.1840e+00
5.1431e+00
5.1289e+00
5.0922e+00
5.0671e+00
5.0153e+00
4.9960e+00
4.9408e+00
4.9115e+00
4.8738e+00
4.8579e+00
4.8127e+00
4.7808e+00
4.7448e+00
4.7288e+00
4.6953e+00
4.6760e+00
4.6650e+00
4.6533e+00
4.6474e+00
4.6499e+00
4.6398e+00
4.6440e+00
4.6617e+00
4.6667e+00
4.6810e+00
4.6810e+00
4.7204e+00
4.7397e+00
4.7951e+00
4.8236e+00
4.8948e+00
4.9266e+00
5.0178e+00
5.0596e+00
5.1539e+00
5.2157e+00
5.3257e+00
5.3973e+00
5.4979e+00
5.5735e+00
5.6682e+00
5.7146e+00
5.8041e+00
5.8612e+00
5.9389e+00
5.9588e+00
6.0339e+00
6.0760e+00
6.1264e+00
6.1561e+00
6.2039e+00
6.2294e+00
6.2747e+00
6.3101e+00
6.3594e+00
6.3981e+00
6.4392e+00
6.4811e+00
6.5049e+00
6.5394e+00
6.5771e+00
6.6205e+00
6.6574e+00
6.6910e+00
6.7205e+00
6.7647e+00
6.7860e+00
6.8220e+00
6.8285e+00
6.8555e+00
6.8440e+00
6.8726e+00
6.8506e+00
6.8637e+00
6.8195e+00
6.8318e+00
6.7762e+00
6.7933e+00
6.7344e+00
6.7442e+00
6.6738e+00
6.6771e+00
6.6058e+00
6.5795e+00
6.5065e+00
6.5000e+00
6.4203e+00
6.4071e+00
6.3389e+00
6.3126e+00
6.2442e+00
6.2113e+00
6.1371e+00
6.0991e+00
6.0232e+00
5.9769e+00
5.8976e+00
5.8430e+00
5.7469e+00
5.6997e+00
5.6126e+00
5.5536e+00
5.4713e+00
5.4164e+00
5.3374e+00
5.2816e+00
5.1932e+00
5.1356e+00
5.0621e+00
5.0044e+00
4.9325e+00
4.8772e+00
4.8227e+00
4.7792e+00
4.7347e+00
4.7028e+00
4.6869e+00
4.6676e+00
4.6810e+00
4.6936e+00
4.7565e+00
4.7926e+00
4.8998e+00
4.9885e+00
5.1548e+00
5.2590e+00
5.5004e+00
5.6391e+00
5.9199e+00
6.0802e+00
6.3981e+00
6.5705e+00
6.8841e+00
7.0457e+00
7.3322e+00
7.4946e+00
7.7698e+00
7.9047e+00
8.1592e+00
8.2830e+00
8.5171e+00
8.6196e+00
8.8256e+00
8.9141e+00
9.0773e+00
9.1750e+00
9.3051e+00
9.4414e+00
9.5632e+00
9.6508e+00
9.7455e+00
9.8015e+00
9.8715e+00
9.9015e+00
9.9353e+00
9.9384e+00
9.9494e+00
9.9589e+00
