1.1115e+01
1.1096e+01
1.1057e+01
1.1037e+01
1.1018e+01
1.1003e+01
1.0987e+01
1.0982e+01
1.0965e+01
1.0950e+01
1.0937e+01
1.0914e+01
1.0900e+01
1.0875e+01
1.0854e+01
1.0841e+01
1.0832e+01
1.0812e+01
1.0791e+01
1.0781e+01
1.0759e+01
1.0746e+01
1.0716e+01
1.0702e+01
1.0669e+01
1.0645e+01
1.0616e+01
1.0604e+01
1.0583e+01
1.0570e+01
1.0547e+01
1.0531e+01
1.0513e+01
1.0503e+01
1.0482e+01
1.0471e+01
1.0455e+01
1.0450e+01
1.0435e+01
1.0427e+01
1.0411e+01
1.0404e+01
1.0388e+01
1.0373e+01
1.0337e+01
1.0326e+01
1.0290e+01
1.0271e+01
1.0241e+01
1.0222e+01
1.0199e+01
1.0179e+01
1.0153e+01
1.0130e+01
1.0106e+01
1.0081e+01
1.0057e+01
1.0031e+01
1.0008e+01
9.9866e+00
9.9539e+00
9.9244e+00
9.8999e+00
9.8770e+00
9.8590e+00
9.8279e+00
9.7985e+00
9.7690e+00
9.7297e+00
9.7068e+00
9.6756e+00
9.6527e+00
9.6232e+00
9.6051e+00
9.5871e+00
9.5658e+00
9.5428e+00
9.5215e+00
9.4952e+00
9.4690e+00
9.4394e+00
9.4148e+00
9.4000e+00
9.3819e+00
9.3622e+00
9.3441e+00
9.3310e+00
9.3096e+00
9.2948e+00
9.2718e+00
9.2553e+00
9.2405e+00
9.2290e+00
9.2109e+00
9.1895e+00
9.1780e+00
9.1731e+00
9.1616e+00
9.1632e+00
9.1583e+00
9.1583e+00
9.1484e+00
9.1500e+00
9.1467e+00
9.1402e+00
9.1253e+00
9.1220e+00
9.1204e+00
9.1187e+00
9.1006e+00
9.1023e+00
9.0891e+00
9.0875e+00
9.0693e+00
9.0594e+00
9.0380e+00
9.0150e+00
8.9853e+00
8.9573e+00
8.9292e+00
8.9028e+00
8.8715e+00
8.8517e+00
8.8236e+00
8.7972e+00
8.7691e+00
8.7476e+00
8.7262e+00
8.7146e+00
8.6997e+00
8.7014e+00
8.7030e+00
8.7096e+00
8.7146e+00
8.7146e+00
8.7195e+00
8.7229e+00
8.7162e+00
8.7063e+00
8.7030e+00
8.6799e+00
8.6650e+00
8.6319e+00
8.6104e+00
8.5856e+00
8.5641e+00
8.5376e+00
8.5476e+00
8.5029e+00
8.4913e+00
8.4565e+00
8.4300e+00
8.3969e+00
8.3654e+00
8.3372e+00
8.3107e+00
8.2742e+00
8.2427e+00
8.2161e+00
8.1813e+00
8.1514e+00
8.1215e+00
8.0932e+00
8.0617e+00
8.0201e+00
7.9868e+00
7.9569e+00
7.9320e+00
7.9120e+00
7.8887e+00
7.8687e+00
7.8504e+00
7.8271e+00
7.8038e+00
7.7921e+00
7.7771e+00
7.7588e+00
7.7521e+00
7.7521e+00
7.7505e+00
7.7621e+00
7.7688e+00
7.7921e+00
7.7771e+00
7.8204e+00
7.8404e+00
7.8404e+00
7.8720e+00
7.8704e+00
7.8887e+00
7.8920e+00
7.8904e+00
7.9153e+00
7.9103e+00
7.9236e+00
7.9153e+00
7.9253e+00
7.9103e+00
7.9303e+00
7.9003e+00
7.9087e+00
7.8870e+00
7.8920e+00
7.8687e+00
7.8670e+00
7.8404e+00
7.8371e+00
7.8171e+00
7.8054e+00
7.7688e+00
7.8304e+00
7.8071e+00
7.7954e+00
7.7771e+00
7.7555e+00
7.7238e+00
7.7005e+00
7.6754e+00
7.6404e+00
7.6271e+00
7.5954e+00
7.5737e+00
7.5386e+00
7.5269e+00
7.4819e+00
7.4785e+00
7.4568e+00
7.4501e+00
7.4217e+00
7.4134e+00
7.3983e+00
7.3883e+00
7.3649e+00
7.3565e+00
7.3348e+00
7.3348e+00
7.3314e+00
7.3381e+00
7.3331e+00
7.3365e+00
7.3331e+00
7.3431e+00
7.3482e+00
7.3415e+00
7.3381e+00
7.3314e+00
7.3214e+00
7.3030e+00
7.2913e+00
7.2796e+00
7.2679e+00
7.2612e+00
7.2478e+00
7.2377e+00
7.2193e+00
7.2143e+00
7.1842e+00
7.1741e+00
7.1523e+00
7.1406e+00
7.1239e+00
7.1172e+00
7.0904e+00
7.0769e+00
7.0434e+00
7.0283e+00
6.9998e+00
6.9763e+00
6.9428e+00
6.9159e+00
6.8891e+00
6.8605e+00
6.8336e+00
6.8118e+00
6.7799e+00
6.7564e+00
6.7177e+00
6.6891e+00
6.6622e+00
6.6336e+00
6.6134e+00
6.5831e+00
6.5545e+00
6.5343e+00
6.5023e+00
6.4804e+00
6.4585e+00
6.4163e+00
6.3826e+00
6.3540e+00
6.3354e+00
6.2949e+00
6.2713e+00
6.2409e+00
6.2190e+00
6.1902e+00
6.1531e+00
6.1227e+00
6.0821e+00
6.0483e+00
6.0212e+00
5.9958e+00
5.9738e+00
5.9468e+00
5.9163e+00
5.8841e+00
5.8553e+00
5.8232e+00
5.7943e+00
5.7757e+00
5.7503e+00
5.7181e+00
5.6977e+00
5.6740e+00
5.6502e+00
5.6214e+00
5.5942e+00
5.5670e+00
5.5331e+00
5.5127e+00
5.4753e+00
5.4532e+00
5.4328e+00
5.4090e+00
5.3869e+00
5.3682e+00
5.3393e+00
5.3223e+00
5.3001e+00
5.2746e+00
5.2491e+00
5.2286e+00
5.2065e+00
5.1843e+00
5.1707e+00
5.1486e+00
5.1281e+00
5.1145e+00
5.0889e+00
5.0684e+00
5.0411e+00
5.0190e+00
5.0036e+00
4.9934e+00
4.9865e+00
4.9729e+00
4.9644e+00
4.9558e+00
4.9490e+00
4.9439e+00
4.9473e+00
4.9285e+00
4.9353e+00
4.9131e+00
4.9285e+00
4.9149e+00
4.9183e+00
4.9131e+00
4.9166e+00
4.9080e+00
4.9097e+00
4.9097e+00
4.9097e+00
4.8961e+00
4.9046e+00
4.8961e+00
4.9063e+00
4.8927e+00
4.8944e+00
4.8875e+00
4.8858e+00
4.8722e+00
4.8790e+00
4.8585e+00
4.8517e+00
4.8397e+00
4.8329e+00
4.8158e+00
4.8055e+00
4.7884e+00
4.7730e+00
4.7594e+00
4.7252e+00
4.7252e+00
4.7098e+00
4.6978e+00
4.6927e+00
4.6944e+00
4.6978e+00
4.7200e+00
4.7371e+00
4.7696e+00
4.8038e+00
4.8551e+00
4.9046e+00
4.9695e+00
5.0394e+00
5.1298e+00
5.2320e+00
5.3699e+00
5.4855e+00
5.6502e+00
5.7706e+00
5.9045e+00
6.0145e+00
6.1429e+00
6.2713e+00
6.4062e+00
6.5242e+00
6.6538e+00
6.7648e+00
6.8656e+00
6.9629e+00
7.0451e+00
7.1523e+00
7.2143e+00
7.3197e+00
7.3916e+00
7.4986e+00
7.5603e+00
7.6438e+00
7.6688e+00
7.7338e+00
7.7421e+00
7.7771e+00
7.7805e+00
7.7904e+00
7.7805e+00
7.7738e+00
7.7688e+00
7.7571e+00
7.7288e+00
7.7221e+00
7.6938e+00
7.6821e+00
7.6621e+00
7.6638e+00
7.6621e+00
7.6504e+00
7.6621e+00
7.6721e+00
7.6955e+00
7.7271e+00
7.7738e+00
7.8221e+00
7.8970e+00
7.9802e+00
8.0700e+00
8.1613e+00
8.2576e+00
8.3737e+00
8.4996e+00
8.6270e+00
8.7609e+00
8.9078e+00
9.0331e+00
9.1698e+00
9.2899e+00
9.4394e+00
9.5658e+00
9.6904e+00
9.8132e+00
9.9441e+00
1.0091e+01
1.0227e+01
1.0359e+01
1.0505e+01
1.0640e+01
1.0794e+01
1.0929e+01
1.1060e+01
1.1169e+01
1.1325e+01
1.1443e+01
1.1598e+01
1.1746e+01
1.1897e+01
1.2032e+01
1.2156e+01
1.2249e+01
1.2362e+01
1.2444e+01
1.2546e+01
1.2585e+01
1.2652e+01
1.2685e+01
1.2731e+01
1.2752e+01
1.2792e+01
1.2802e+01
1.2822e+01
1.2832e+01
1.2889e+01
1.2915e+01
1.2963e+01
1.2991e+01
1.3044e+01
1.3071e+01
1.3107e+01
1.3133e+01
1.3168e+01
1.3184e+01
1.3227e+01
1.3234e+01
1.3250e+01
1.3274e+01
1.3303e+01
1.3330e+01
1.3342e+01
1.3377e+01
1.3374e+01
1.3384e+01
1.3366e+01
1.3352e+01
1.3328e+01
1.3312e+01
1.3265e+01
1.3225e+01
1.3184e+01
1.3141e+01
1.3090e+01
1.3095e+01
1.3047e+01
1.2993e+01
1.2934e+01
1.2869e+01
1.2795e+01
1.2716e+01
1.2637e+01
1.2561e+01
1.2478e+01
1.2393e+01
1.2314e+01
1.2250e+01
1.2170e+01
1.2100e+01
1.2027e+01
1.1962e+01
1.1884e+01
1.1819e+01
1.1728e+01
1.1662e+01
1.1583e+01
1.1514e+01
1.1445e+01
1.1382e+01
1.1304e+01
1.1245e+01
1.1177e+01
1.1112e+01
1.1046e+01
1.0986e+01
1.0919e+01
1.0861e+01
1.0776e+01
1.0724e+01
1.0653e+01
1.0596e+01
1.0526e+01
1.0473e+01
1.0407e+01
1.0360e+01
1.0293e+01
1.0244e+01
1.0186e+01
1.0138e+01
1.0086e+01
1.0032e+01
9.9800e+00
9.9473e+00
9.8966e+00
9.8525e+00
9.8034e+00
9.7641e+00
9.7084e+00
9.6658e+00
9.6133e+00
9.5740e+00
9.5001e+00
9.4673e+00
9.4049e+00
9.3770e+00
9.3310e+00
9.2948e+00
9.2537e+00
9.2241e+00
9.1780e+00
9.1517e+00
9.0990e+00
9.0710e+00
9.0298e+00
9.0018e+00
8.9622e+00
8.9573e+00
8.9193e+00
8.9094e+00
8.8682e+00
8.8665e+00
8.8220e+00
8.8137e+00
8.7691e+00
8.7625e+00
8.7162e+00
8.7063e+00
8.6650e+00
8.6567e+00
8.6253e+00
8.6137e+00
8.5823e+00
8.5790e+00
8.5509e+00
8.5476e+00
8.5112e+00
8.5078e+00
8.4847e+00
8.4780e+00
8.4532e+00
8.4300e+00
8.4052e+00
8.3836e+00
8.3588e+00
8.3405e+00
8.3156e+00
8.2891e+00
8.2476e+00
8.2178e+00
8.1713e+00
8.1364e+00
8.1049e+00
8.0749e+00
8.0500e+00
8.0151e+00
7.9852e+00
7.9469e+00
7.9037e+00
7.8720e+00
7.8371e+00
7.8038e+00
7.7588e+00
7.7255e+00
7.6905e+00
7.6521e+00
7.6254e+00
7.5904e+00
7.5603e+00
7.5219e+00
7.4852e+00
7.4501e+00
7.4067e+00
7.3732e+00
7.3381e+00
7.3063e+00
7.2729e+00
7.2444e+00
7.2193e+00
7.1808e+00
7.1440e+00
7.1155e+00
7.0803e+00
7.0451e+00
7.0099e+00
6.9780e+00
6.9394e+00
6.9109e+00
6.8807e+00
6.8471e+00
6.8118e+00
6.7799e+00
6.7429e+00
6.7143e+00
6.6656e+00
6.6386e+00
6.5932e+00
6.5562e+00
6.5124e+00
6.4787e+00
6.4433e+00
6.4231e+00
6.3877e+00
6.3607e+00
6.3270e+00
6.3067e+00
6.2696e+00
6.2443e+00
6.2173e+00
6.1987e+00
6.1700e+00
6.1429e+00
6.1159e+00
6.0990e+00
6.0753e+00
6.0534e+00
6.0212e+00
5.9975e+00
5.9688e+00
5.9518e+00
5.9231e+00
5.8994e+00
5.8824e+00
5.8638e+00
5.8384e+00
5.8181e+00
5.7977e+00
5.7842e+00
5.7537e+00
5.7367e+00
5.7181e+00
5.6960e+00
5.6672e+00
5.6451e+00
5.6264e+00
5.5959e+00
5.5721e+00
5.5433e+00
5.5195e+00
5.4940e+00
5.4566e+00
5.4277e+00
5.3954e+00
5.3699e+00
5.3325e+00
5.3086e+00
5.2865e+00
5.2644e+00
5.2422e+00
5.2184e+00
5.1929e+00
5.1758e+00
5.1571e+00
5.1366e+00
5.1298e+00
5.1145e+00
5.0923e+00
5.0770e+00
5.0582e+00
5.0429e+00
5.0241e+00
5.0156e+00
4.9934e+00
4.9797e+00
4.9558e+00
4.9370e+00
4.9114e+00
4.8944e+00
4.8773e+00
4.8722e+00
4.8551e+00
4.8397e+00
4.8192e+00
4.8055e+00
4.7918e+00
4.7713e+00
4.7576e+00
4.7406e+00
4.7183e+00
4.7046e+00
4.6944e+00
4.6704e+00
4.6584e+00
4.6396e+00
4.6208e+00
4.6054e+00
4.5900e+00
4.5694e+00
4.5454e+00
4.5317e+00
4.5009e+00
4.4820e+00
4.4580e+00
4.4375e+00
4.4220e+00
4.4083e+00
4.3860e+00
4.3671e+00
4.3466e+00
4.3277e+00
4.3088e+00
4.2968e+00
4.2796e+00
4.2556e+00
4.2401e+00
4.2247e+00
4.2144e+00
4.1903e+00
4.1663e+00
4.1491e+00
4.1302e+00
4.1147e+00
4.0975e+00
4.0734e+00
4.0545e+00
4.0407e+00
4.0115e+00
4.0012e+00
3.9702e+00
3.9547e+00
3.9323e+00
3.9254e+00
3.9082e+00
3.9134e+00
3.8927e+00
3.9323e+00
3.9116e+00
3.9202e+00
3.9082e+00
3.8996e+00
3.8875e+00
3.8841e+00
3.8703e+00
3.8668e+00
3.8617e+00
3.8634e+00
3.8548e+00
3.8496e+00
3.8410e+00
3.8341e+00
3.8255e+00
3.8048e+00
3.7910e+00
3.7841e+00
3.7548e+00
3.7376e+00
3.7117e+00
3.6824e+00
3.6685e+00
3.6427e+00
3.6306e+00
3.6133e+00
3.5926e+00
3.5649e+00
3.5304e+00
3.5097e+00
3.4907e+00
3.4613e+00
3.4371e+00
3.4111e+00
3.3886e+00
3.3627e+00
3.3436e+00
3.3177e+00
3.2969e+00
3.2744e+00
3.2536e+00
3.2328e+00
3.2068e+00
3.1826e+00
3.1514e+00
3.1184e+00
3.0768e+00
3.0473e+00
3.0109e+00
2.9831e+00
2.9536e+00
2.9258e+00
2.8980e+00
2.8737e+00
2.8494e+00
2.8268e+00
2.7972e+00
2.7781e+00
2.7607e+00
2.7364e+00
2.7138e+00
2.6946e+00
2.6702e+00
2.6424e+00
2.6319e+00
2.6145e+00
2.5919e+00
2.5745e+00
2.5536e+00
2.5379e+00
2.5083e+00
2.4891e+00
2.4612e+00
2.4385e+00
2.4159e+00
2.4019e+00
2.3879e+00
2.3688e+00
2.3496e+00
2.3286e+00
2.3059e+00
2.2885e+00
2.2675e+00
2.2535e+00
2.2361e+00
2.2116e+00
2.1959e+00
2.1871e+00
2.1784e+00
2.1574e+00
2.1452e+00
2.1294e+00
2.1120e+00
2.0927e+00
2.0770e+00
2.0630e+00
2.0297e+00
2.0140e+00
1.9930e+00
1.9807e+00
1.9685e+00
1.9545e+00
1.9457e+00
1.9335e+00
1.9124e+00
1.9019e+00
1.8862e+00
1.8634e+00
1.8494e+00
1.8406e+00
1.8283e+00
1.8055e+00
1.7827e+00
1.7705e+00
1.7582e+00
1.7424e+00
1.7301e+00
1.7178e+00
1.7003e+00
1.6845e+00
1.6617e+00
1.6424e+00
1.6090e+00
1.5914e+00
1.5756e+00
1.5545e+00
1.5387e+00
1.5176e+00
1.5053e+00
1.4913e+00
1.4737e+00
1.4544e+00
1.4332e+00
1.4157e+00
1.3981e+00
1.3805e+00
1.3664e+00
1.3576e+00
1.3400e+00
1.3242e+00
1.3136e+00
1.2995e+00
1.2872e+00
1.2731e+00
1.2520e+00
1.2379e+00
1.2097e+00
1.1938e+00
1.1709e+00
1.1550e+00
1.1392e+00
1.1268e+00
1.1198e+00
1.1004e+00
1.0951e+00
1.0827e+00
1.0651e+00
1.0457e+00
1.0245e+00
1.0086e+00
1.0051e+00
9.8390e-01
9.6271e-01
9.4682e-01
9.3975e-01
9.2386e-01
9.2033e-01
9.0089e-01
8.8499e-01
8.6909e-01
8.5318e-01
8.3551e-01
8.0722e-01
7.8600e-01
7.7008e-01
7.5593e-01
7.4886e-01
7.3471e-01
7.1347e-01
6.9755e-01
6.8516e-01
6.6569e-01
6.5152e-01
6.4267e-01
6.2674e-01
6.0548e-01
5.9486e-01
5.8423e-01
5.6297e-01
5.5057e-01
5.3994e-01
5.2044e-01
5.0803e-01
4.9385e-01
4.7258e-01
4.5130e-01
4.2824e-01
4.0873e-01
3.8744e-01
3.6792e-01
3.5372e-01
3.4130e-01
3.2887e-01
3.0579e-01
2.9514e-01
2.7915e-01
2.6317e-01
2.4896e-01
2.3652e-01
2.1520e-01
1.9921e-01
1.9032e-01
1.7433e-01
1.5477e-01
1.4766e-01
1.3166e-01
1.1743e-01
1.0142e-01
9.4310e-02
8.0079e-02
5.1613e-02
4.0936e-02
2.4919e-02
1.0680e-02
0000
1.7800e-03
7.1200e-03
5.3400e-03
1.7800e-03
7.1200e-03
1.0680e-02
1.7800e-02
1.7800e-02
3.0259e-02
6.0509e-02
7.8300e-02
9.6089e-02
1.1565e-01
1.5655e-01
1.8854e-01
2.4185e-01
2.8448e-01
3.4662e-01
4.0518e-01
4.5662e-01
5.2576e-01
5.8954e-01
6.8870e-01
7.8954e-01
8.9559e-01
1.0104e+00
1.1074e+00
1.2555e+00
1.3435e+00
1.5212e+00
1.6143e+00
1.7266e+00
1.8020e+00
1.9054e+00
1.9895e+00
2.0787e+00
2.1609e+00
2.2902e+00
2.3496e+00
2.4333e+00
2.5048e+00
2.5727e+00
2.6023e+00
2.6633e+00
2.6807e+00
2.7346e+00
2.7433e+00
2.8007e+00
2.8198e+00
2.8650e+00
2.8685e+00
2.8980e+00
2.9241e+00
2.9432e+00
2.9762e+00
3.0092e+00
3.0404e+00
3.0751e+00
3.0907e+00
3.0994e+00
3.1219e+00
3.1393e+00
3.1479e+00
3.1601e+00
3.1618e+00
3.1791e+00
3.1999e+00
3.2051e+00
3.2276e+00
3.2398e+00
3.2328e+00
3.2398e+00
3.2328e+00
3.2502e+00
3.2346e+00
3.2657e+00
3.2450e+00
3.2640e+00
3.2865e+00
3.2865e+00
3.3281e+00
3.3281e+00
3.3333e+00
3.3298e+00
3.3194e+00
3.3159e+00
3.3125e+00
3.3021e+00
3.2882e+00
3.2727e+00
3.2502e+00
3.2207e+00
3.1895e+00
3.1583e+00
3.1150e+00
3.0786e+00
3.0387e+00
3.0196e+00
2.9727e+00
2.9432e+00
2.8980e+00
2.8511e+00
2.8094e+00
2.7642e+00
2.7207e+00
2.6807e+00
2.6319e+00
2.5867e+00
2.5379e+00
2.4926e+00
2.4368e+00
2.3949e+00
2.3426e+00
2.2972e+00
2.2465e+00
2.2011e+00
2.1487e+00
2.0892e+00
2.0350e+00
1.9860e+00
1.9352e+00
1.8914e+00
1.8423e+00
1.8020e+00
1.7529e+00
1.7091e+00
1.6634e+00
1.6248e+00
1.5791e+00
1.5335e+00
1.4965e+00
1.4596e+00
1.4157e+00
1.3770e+00
1.3418e+00
1.3048e+00
1.2696e+00
1.2379e+00
1.2044e+00
1.1691e+00
1.1303e+00
1.0845e+00
1.0474e+00
1.0016e+00
9.6271e-01
9.2386e-01
8.8676e-01
8.5318e-01
8.2844e-01
8.0192e-01
7.6655e-01
7.3294e-01
6.9755e-01
6.6746e-01
6.4267e-01
6.1257e-01
5.7714e-01
5.6120e-01
5.3285e-01
5.0626e-01
4.8499e-01
4.6016e-01
4.3534e-01
4.1582e-01
3.9454e-01
3.7147e-01
3.4840e-01
3.1467e-01
2.9336e-01
2.6672e-01
2.4541e-01
2.1520e-01
1.9743e-01
1.8499e-01
1.6366e-01
1.4766e-01
1.2632e-01
1.1565e-01
9.9646e-02
9.0752e-02
8.1858e-02
8.3637e-02
8.8973e-02
9.4310e-02
9.7867e-02
1.2099e-01
1.3877e-01
1.7788e-01
1.9565e-01
2.4718e-01
2.7915e-01
3.3420e-01
3.5727e-01
3.9631e-01
4.0695e-01
4.2647e-01
4.2824e-01
4.5307e-01
4.4952e-01
4.7967e-01
4.7258e-01
4.9208e-01
4.8499e-01
5.1690e-01
4.9740e-01
5.1335e-01
5.0272e-01
5.0981e-01
5.0272e-01
5.0449e-01
4.9563e-01
4.9917e-01
4.9385e-01
5.0449e-01
5.0626e-01
5.0803e-01
5.1512e-01
5.3639e-01
5.7183e-01
6.0194e-01
6.7454e-01
7.2763e-01
8.4081e-01
9.4682e-01
1.1180e+00
1.2854e+00
1.5405e+00
1.7950e+00
2.1155e+00
2.4246e+00
2.8111e+00
3.1722e+00
3.6582e+00
4.1439e+00
4.7029e+00
5.2559e+00
5.7588e+00
6.3438e+00
6.8756e+00
7.4718e+00
7.9952e+00
8.5856e+00
9.0759e+00
9.6035e+00
9.9996e+00
1.0443e+01
1.0780e+01
1.1133e+01
1.1409e+01
1.1769e+01
1.2007e+01
1.2334e+01
1.2526e+01
1.2806e+01
1.2953e+01
1.3144e+01
1.3244e+01
1.3403e+01
1.3522e+01
1.3754e+01
1.3817e+01
1.3975e+01
1.4042e+01
1.4089e+01
1.4108e+01
1.4103e+01
1.4064e+01
1.3993e+01
1.3911e+01
1.3787e+01
1.3674e+01
1.3528e+01
1.3401e+01
1.3236e+01
1.3090e+01
1.2928e+01
1.2778e+01
1.2610e+01
1.2463e+01
1.2294e+01
1.2148e+01
1.1973e+01
1.1825e+01
1.1666e+01
1.1514e+01
1.1351e+01
1.1194e+01
1.1052e+01
1.0924e+01
1.0783e+01
1.0669e+01
1.0547e+01
1.0458e+01
1.0352e+01
1.0300e+01
1.0233e+01
1.0218e+01
1.0194e+01
1.0204e+01
1.0218e+01
1.0275e+01
1.0323e+01
1.0383e+01
1.0419e+01
1.0479e+01
1.0529e+01
1.0583e+01
1.0630e+01
1.0695e+01
1.0737e+01
1.0789e+01
1.0825e+01
1.0864e+01
1.0909e+01
1.0942e+01
1.0984e+01
1.1010e+01
1.1044e+01
1.1076e+01
1.1120e+01
1.1162e+01
1.1206e+01
1.1235e+01
1.1275e+01
1.1291e+01
1.1312e+01
1.1325e+01
1.1343e+01
1.1340e+01
1.1348e+01
1.1337e+01
1.1330e+01
1.1303e+01
1.1269e+01
1.1232e+01
1.1177e+01
1.1123e+01
1.1052e+01
1.0989e+01
1.0884e+01
1.0832e+01
1.0703e+01
1.0642e+01
1.0534e+01
1.0460e+01
1.0354e+01
1.0280e+01
1.0168e+01
1.0088e+01
9.9751e+00
9.9032e+00
9.8017e+00
9.7199e+00
9.6035e+00
9.5248e+00
9.4197e+00
9.3458e+00
9.2488e+00
9.1780e+00
9.0809e+00
9.0084e+00
8.8929e+00
8.8385e+00
8.7245e+00
8.6667e+00
8.5592e+00
8.5029e+00
8.4134e+00
8.3670e+00
8.2775e+00
8.2211e+00
8.1381e+00
8.0949e+00
8.0085e+00
7.9652e+00
7.8787e+00
7.8454e+00
7.7771e+00
7.7355e+00
7.6604e+00
7.6204e+00
7.5520e+00
7.5069e+00
7.4334e+00
7.3983e+00
7.3047e+00
7.2813e+00
7.2026e+00
7.1758e+00
7.1155e+00
7.1088e+00
7.0652e+00
7.0769e+00
7.0484e+00
7.0619e+00
7.0535e+00
7.0836e+00
7.1054e+00
7.1356e+00
7.1741e+00
7.2243e+00
7.2829e+00
7.3214e+00
7.3799e+00
7.4234e+00
7.4869e+00
7.5320e+00
7.5720e+00
7.6237e+00
7.6571e+00
7.6921e+00
7.7388e+00
7.7655e+00
7.8071e+00
7.8321e+00
7.8604e+00
7.8887e+00
7.9137e+00
7.9236e+00
7.9270e+00
7.9403e+00
7.9469e+00
7.9369e+00
7.9253e+00
7.9236e+00
7.9120e+00
7.8904e+00
7.8770e+00
7.8421e+00
7.8238e+00
7.7938e+00
7.7438e+00
7.7055e+00
7.6588e+00
7.6104e+00
7.5553e+00
7.5069e+00
7.4535e+00
7.4134e+00
7.3732e+00
7.3130e+00
7.2662e+00
7.2177e+00
7.1590e+00
7.1188e+00
7.0568e+00
7.0183e+00
6.9545e+00
6.9025e+00
6.8387e+00
6.8017e+00
6.7328e+00
6.6958e+00
6.6319e+00
6.5932e+00
6.5292e+00
6.4854e+00
6.4231e+00
6.3944e+00
6.3135e+00
6.2763e+00
6.2054e+00
6.1649e+00
6.1159e+00
6.0703e+00
6.0331e+00
5.9772e+00
5.9468e+00
5.9061e+00
5.8587e+00
5.8299e+00
5.7876e+00
5.7571e+00
5.6994e+00
5.6841e+00
5.6332e+00
5.6095e+00
5.5602e+00
5.5433e+00
5.4940e+00
5.4668e+00
5.4209e+00
5.3954e+00
5.3495e+00
5.3274e+00
5.2763e+00
5.2508e+00
5.1860e+00
5.1639e+00
5.1145e+00
5.0906e+00
5.0394e+00
5.0326e+00
4.9900e+00
4.9627e+00
4.9234e+00
4.9012e+00
4.8551e+00
4.8329e+00
4.7936e+00
4.7730e+00
4.7423e+00
4.7183e+00
4.6875e+00
4.6670e+00
4.6328e+00
4.6122e+00
4.5814e+00
4.5626e+00
4.5197e+00
4.5009e+00
4.4546e+00
4.4340e+00
4.3894e+00
4.3757e+00
4.3414e+00
4.3294e+00
4.3088e+00
4.3088e+00
4.2968e+00
4.2934e+00
4.2831e+00
4.2848e+00
4.2916e+00
4.2985e+00
4.3037e+00
4.3208e+00
4.3225e+00
4.3311e+00
4.3483e+00
4.3483e+00
4.3603e+00
4.3569e+00
4.3671e+00
4.3620e+00
4.3706e+00
4.3654e+00
4.3569e+00
4.3397e+00
4.3380e+00
4.3311e+00
4.3431e+00
4.3363e+00
4.3483e+00
4.3431e+00
4.3551e+00
4.3328e+00
4.3603e+00
4.3328e+00
4.3860e+00
4.3620e+00
4.3774e+00
4.3706e+00
4.3757e+00
4.3860e+00
4.3980e+00
4.3963e+00
4.4152e+00
4.4203e+00
4.4272e+00
4.4238e+00
4.4255e+00
4.4220e+00
4.4117e+00
4.4032e+00
4.3946e+00
4.3929e+00
4.3826e+00
4.3826e+00
4.3757e+00
4.3809e+00
4.3620e+00
4.3792e+00
4.3774e+00
4.4478e+00
4.4220e+00
4.4323e+00
4.4289e+00
4.4255e+00
4.4100e+00
4.4049e+00
4.3929e+00
4.3860e+00
4.3723e+00
4.3654e+00
4.3500e+00
4.3345e+00
4.3071e+00
4.2968e+00
4.2676e+00
4.2487e+00
4.2230e+00
4.1972e+00
4.1852e+00
4.1611e+00
4.1388e+00
4.1181e+00
4.1044e+00
4.0803e+00
4.0717e+00
4.0631e+00
4.0648e+00
4.0528e+00
4.0597e+00
4.0665e+00
4.0992e+00
4.1095e+00
4.1645e+00
4.1920e+00
4.2556e+00
4.2985e+00
4.3569e+00
4.4135e+00
4.4700e+00
4.5232e+00
4.5746e+00
4.6156e+00
4.6670e+00
4.7029e+00
4.7508e+00
4.8004e+00
4.8517e+00
4.8892e+00
4.9251e+00
4.9592e+00
4.9968e+00
5.0275e+00
5.0531e+00
5.0684e+00
5.0838e+00
5.0940e+00
5.1128e+00
5.1145e+00
5.1281e+00
5.1179e+00
5.1179e+00
5.1076e+00
5.0923e+00
5.0684e+00
5.0480e+00
5.0224e+00
5.0019e+00
4.9746e+00
4.9490e+00
4.9251e+00
4.8909e+00
4.8602e+00
4.8158e+00
4.7816e+00
4.7474e+00
4.7063e+00
4.6533e+00
4.6105e+00
4.5677e+00
4.5249e+00
4.4786e+00
4.4340e+00
4.3912e+00
4.3448e+00
4.2882e+00
4.2453e+00
4.1800e+00
4.1370e+00
4.0958e+00
4.0511e+00
4.0029e+00
3.9650e+00
3.9271e+00
3.8944e+00
3.8479e+00
3.8117e+00
3.7721e+00
3.7358e+00
3.7013e+00
3.6703e+00
3.6271e+00
3.5978e+00
3.5667e+00
3.5287e+00
3.4889e+00
3.4613e+00
3.4250e+00
3.3973e+00
3.3575e+00
3.3315e+00
3.2917e+00
3.2605e+00
3.2276e+00
3.2016e+00
3.1653e+00
3.1306e+00
3.1011e+00
3.0699e+00
3.0335e+00
3.0126e+00
2.9831e+00
2.9484e+00
2.9189e+00
2.8998e+00
2.8720e+00
2.8459e+00
2.8268e+00
2.8059e+00
2.7833e+00
2.7555e+00
2.7294e+00
2.7085e+00
2.6720e+00
2.6494e+00
2.6215e+00
2.6023e+00
2.5867e+00
2.5640e+00
2.5431e+00
2.5274e+00
2.4996e+00
2.4891e+00
2.4577e+00
2.4403e+00
2.4246e+00
2.4054e+00
2.3862e+00
2.3670e+00
2.3565e+00
2.3408e+00
2.3199e+00
2.3094e+00
2.2954e+00
2.2745e+00
2.2465e+00
2.2343e+00
2.2116e+00
2.1924e+00
2.1732e+00
2.1627e+00
2.1399e+00
2.1242e+00
2.0962e+00
2.0770e+00
2.0507e+00
2.0297e+00
2.0105e+00
1.9737e+00
1.9667e+00
1.9335e+00
1.9264e+00
1.8862e+00
1.8827e+00
1.8476e+00
1.8441e+00
1.8055e+00
1.7950e+00
1.7564e+00
1.7529e+00
1.7301e+00
1.7231e+00
1.6968e+00
1.7213e+00
1.7143e+00
1.7424e+00
1.7582e+00
1.8038e+00
1.8406e+00
1.9054e+00
1.9737e+00
2.0735e+00
2.1801e+00
2.3181e+00
2.4560e+00
2.6407e+00
2.7903e+00
2.9623e+00
3.1219e+00
3.2969e+00
3.4474e+00
3.6185e+00
3.7652e+00
3.9461e+00
4.1061e+00
4.2796e+00
4.4340e+00
4.6191e+00
4.7782e+00
4.9627e+00
5.0974e+00
5.2610e+00
5.3716e+00
5.5195e+00
5.5908e+00
5.6892e+00
5.7181e+00
5.7943e+00
5.8045e+00
5.8689e+00
5.8689e+00
5.9214e+00
5.9282e+00
5.9705e+00
5.9789e+00
6.0009e+00
5.9891e+00
5.9738e+00
5.9569e+00
5.9248e+00
5.9061e+00
5.8536e+00
5.8367e+00
5.7893e+00
5.7062e+00
5.6502e+00
5.5755e+00
5.4991e+00
5.4158e+00
5.3393e+00
5.2559e+00
5.1741e+00
5.0957e+00
5.0019e+00
4.9251e+00
4.8346e+00
4.7508e+00
4.6550e+00
4.5797e+00
4.4786e+00
4.4117e+00
4.3122e+00
4.2333e+00
4.1405e+00
4.0683e+00
3.9839e+00
3.9099e+00
3.8324e+00
3.7634e+00
3.6824e+00
3.6185e+00
3.5477e+00
3.4907e+00
3.4215e+00
3.3575e+00
3.2848e+00
3.2380e+00
3.1774e+00
3.1271e+00
3.0664e+00
3.0178e+00
2.9571e+00
2.9189e+00
2.8668e+00
2.8146e+00
2.7538e+00
2.7051e+00
2.6476e+00
2.5989e+00
2.5501e+00
2.5118e+00
2.4664e+00
2.4246e+00
2.3775e+00
2.3461e+00
2.2885e+00
2.2553e+00
2.2116e+00
2.1766e+00
2.1347e+00
2.1015e+00
2.0612e+00
2.0245e+00
1.9877e+00
1.9492e+00
1.9124e+00
1.8756e+00
1.8406e+00
1.8020e+00
1.7705e+00
1.7424e+00
1.7038e+00
1.6757e+00
1.6301e+00
1.6037e+00
1.5510e+00
1.5194e+00
1.4755e+00
1.4491e+00
1.4121e+00
1.3822e+00
1.3400e+00
1.3259e+00
1.2801e+00
1.2537e+00
1.2202e+00
1.2044e+00
1.1744e+00
1.1533e+00
