1.1584e+01
1.1570e+01
1.1539e+01
1.1519e+01
1.1493e+01
1.1484e+01
1.1464e+01
1.1444e+01
1.1424e+01
1.1406e+01
1.1382e+01
1.1364e+01
1.1335e+01
1.1304e+01
1.1284e+01
1.1267e+01
1.1238e+01
1.1211e+01
1.1196e+01
1.1169e+01
1.1149e+01
1.1129e+01
1.1111e+01
1.1091e+01
1.1060e+01
1.1038e+01
1.1004e+01
1.0982e+01
1.0964e+01
1.0940e+01
1.0931e+01
1.0913e+01
1.0895e+01
1.0880e+01
1.0862e+01
1.0842e+01
1.0835e+01
1.0822e+01
1.0831e+01
1.0817e+01
1.0835e+01
1.0826e+01
1.0837e+01
1.0833e+01
1.0844e+01
1.0855e+01
1.0869e+01
1.0884e+01
1.0889e+01
1.0913e+01
1.0913e+01
1.0942e+01
1.0947e+01
1.0971e+01
1.0987e+01
1.1013e+01
1.1033e+01
1.1056e+01
1.1082e+01
1.1102e+01
1.1120e+01
1.1142e+01
1.1176e+01
1.1200e+01
1.1233e+01
1.1280e+01
1.1313e+01
1.1340e+01
1.1375e+01
1.1417e+01
1.1444e+01
1.1466e+01
1.1486e+01
1.1493e+01
1.1482e+01
1.1471e+01
1.1460e+01
1.1437e+01
1.1431e+01
1.1409e+01
1.1413e+01
1.1398e+01
1.1393e+01
1.1375e+01
1.1371e+01
1.1333e+01
1.1333e+01
1.1329e+01
1.1311e+01
1.1291e+01
1.1271e+01
1.1260e+01
1.1242e+01
1.1233e+01
1.1227e+01
1.1211e+01
1.1207e+01
1.1176e+01
1.1140e+01
1.1113e+01
1.1089e+01
1.1058e+01
1.1040e+01
1.1007e+01
1.0989e+01
1.0964e+01
1.0940e+01
1.0902e+01
1.0877e+01
1.0840e+01
1.0820e+01
1.0784e+01
1.0771e+01
1.0744e+01
1.0739e+01
1.0713e+01
1.0710e+01
1.0724e+01
1.0724e+01
1.0748e+01
1.0766e+01
1.0804e+01
1.0829e+01
1.0891e+01
1.0931e+01
1.0998e+01
1.1058e+01
1.1133e+01
1.1216e+01
1.1309e+01
1.1413e+01
1.1513e+01
1.1619e+01
1.1739e+01
1.1876e+01
1.1986e+01
1.2169e+01
1.2262e+01
1.2414e+01
1.2475e+01
1.2574e+01
1.2634e+01
1.2719e+01
1.2768e+01
1.2840e+01
1.2880e+01
1.2928e+01
1.2952e+01
1.2983e+01
1.2998e+01
1.3044e+01
1.3053e+01
1.3081e+01
1.3083e+01
1.3105e+01
1.3108e+01
1.3116e+01
1.3097e+01
1.3092e+01
1.3070e+01
1.3068e+01
1.3048e+01
1.3040e+01
1.3000e+01
1.2991e+01
1.2950e+01
1.2952e+01
1.2902e+01
1.2904e+01
1.2871e+01
1.2849e+01
1.2816e+01
1.2798e+01
1.2779e+01
1.2772e+01
1.2763e+01
1.2770e+01
1.2783e+01
1.2807e+01
1.2818e+01
1.2829e+01
1.2829e+01
1.2847e+01
1.2847e+01
1.2842e+01
1.2847e+01
1.2864e+01
1.2893e+01
1.2906e+01
1.2917e+01
1.2919e+01
1.2915e+01
1.2899e+01
1.2880e+01
1.2860e+01
1.2820e+01
1.2809e+01
1.2770e+01
1.2759e+01
1.2724e+01
1.2702e+01
1.2656e+01
1.2638e+01
1.2594e+01
1.2548e+01
1.2508e+01
1.2475e+01
1.2434e+01
1.2396e+01
1.2357e+01
1.2326e+01
1.2293e+01
1.2264e+01
1.2233e+01
1.2205e+01
1.2180e+01
1.2152e+01
1.2130e+01
1.2103e+01
1.2090e+01
1.2072e+01
1.2057e+01
1.2050e+01
1.2044e+01
1.2048e+01
1.2050e+01
1.2050e+01
1.2050e+01
1.2055e+01
1.2050e+01
1.2052e+01
1.2059e+01
1.2063e+01
1.2068e+01
1.2066e+01
1.2072e+01
1.2072e+01
1.2070e+01
1.2066e+01
1.2063e+01
1.2039e+01
1.2030e+01
1.1999e+01
1.1982e+01
1.1964e+01
1.1946e+01
1.1933e+01
1.1915e+01
1.1891e+01
1.1876e+01
1.1847e+01
1.1849e+01
1.1814e+01
1.1818e+01
1.1785e+01
1.1809e+01
1.1783e+01
1.1827e+01
1.1814e+01
1.1880e+01
1.1882e+01
1.1953e+01
1.1962e+01
1.2050e+01
1.2070e+01
1.2145e+01
1.2174e+01
1.2211e+01
1.2240e+01
1.2246e+01
1.2253e+01
1.2251e+01
1.2264e+01
1.2253e+01
1.2253e+01
1.2244e+01
1.2244e+01
1.2240e+01
1.2231e+01
1.2229e+01
1.2220e+01
1.2213e+01
1.2191e+01
1.2189e+01
1.2169e+01
1.2169e+01
1.2145e+01
1.2127e+01
1.2101e+01
1.2094e+01
1.2066e+01
1.2055e+01
1.2006e+01
1.1980e+01
1.1946e+01
1.1922e+01
1.1891e+01
1.1858e+01
1.1818e+01
1.1776e+01
1.1732e+01
1.1686e+01
1.1635e+01
1.1586e+01
1.1539e+01
1.1493e+01
1.1437e+01
1.1389e+01
1.1346e+01
1.1304e+01
1.1253e+01
1.1209e+01
1.1160e+01
1.1111e+01
1.1067e+01
1.1018e+01
1.0984e+01
1.0926e+01
1.0891e+01
1.0840e+01
1.0795e+01
1.0744e+01
1.0715e+01
1.0659e+01
1.0641e+01
1.0601e+01
1.0574e+01
1.0541e+01
1.0519e+01
1.0483e+01
1.0449e+01
1.0416e+01
1.0382e+01
1.0351e+01
1.0329e+01
1.0309e+01
1.0286e+01
1.0270e+01
1.0262e+01
1.0255e+01
1.0262e+01
1.0291e+01
1.0326e+01
1.0389e+01
1.0465e+01
1.0581e+01
1.0713e+01
1.0884e+01
1.1080e+01
1.1311e+01
1.1604e+01
1.1944e+01
1.2315e+01
1.2770e+01
1.3221e+01
1.3776e+01
1.4345e+01
1.4969e+01
1.5617e+01
1.6223e+01
1.6880e+01
1.7481e+01
1.8030e+01
1.8531e+01
1.9047e+01
1.9452e+01
2.0012e+01
2.0379e+01
2.0836e+01
2.1152e+01
2.1530e+01
2.1821e+01
2.2156e+01
2.2379e+01
2.2641e+01
2.2800e+01
2.2985e+01
2.3123e+01
2.3275e+01
2.3441e+01
2.3586e+01
2.3725e+01
2.3865e+01
2.4040e+01
2.4176e+01
2.4297e+01
2.4321e+01
2.4411e+01
2.4464e+01
2.4492e+01
2.4486e+01
2.4480e+01
2.4419e+01
2.4403e+01
2.4331e+01
2.4293e+01
2.4185e+01
2.4124e+01
2.3991e+01
2.3915e+01
2.3774e+01
2.3695e+01
2.3554e+01
2.3473e+01
2.3319e+01
2.3228e+01
2.3084e+01
2.3001e+01
2.2861e+01
2.2774e+01
2.2639e+01
2.2548e+01
2.2407e+01
2.2311e+01
2.2175e+01
2.2091e+01
2.1956e+01
2.1872e+01
2.1764e+01
2.1671e+01
2.1571e+01
2.1495e+01
2.1400e+01
2.1333e+01
2.1238e+01
2.1185e+01
2.1080e+01
2.1022e+01
2.0933e+01
2.0898e+01
2.0853e+01
2.0828e+01
2.0838e+01
2.0840e+01
2.0884e+01
2.0871e+01
2.0900e+01
2.0894e+01
2.0946e+01
2.0941e+01
2.0956e+01
2.0937e+01
2.0970e+01
2.0950e+01
2.0972e+01
2.0958e+01
2.0985e+01
2.0968e+01
2.0981e+01
2.0968e+01
2.0948e+01
2.0937e+01
2.0908e+01
2.0911e+01
2.0902e+01
2.0917e+01
2.0919e+01
2.0974e+01
2.0999e+01
2.1098e+01
2.1154e+01
2.1324e+01
2.1450e+01
2.1675e+01
2.1882e+01
2.2158e+01
2.2401e+01
2.2747e+01
2.3082e+01
2.3511e+01
2.3963e+01
2.4530e+01
2.5028e+01
2.5530e+01
2.5983e+01
2.6422e+01
2.6962e+01
2.7468e+01
2.8045e+01
2.8482e+01
2.8861e+01
2.9159e+01
2.9448e+01
2.9669e+01
2.9883e+01
3.0144e+01
3.0356e+01
3.0498e+01
3.0668e+01
3.0758e+01
3.0880e+01
3.0941e+01
3.1051e+01
3.1091e+01
3.1175e+01
3.1197e+01
3.1243e+01
3.1237e+01
3.1247e+01
3.1220e+01
3.1197e+01
3.1140e+01
3.1123e+01
3.1119e+01
3.1135e+01
3.1091e+01
3.1013e+01
3.0899e+01
3.0809e+01
3.0677e+01
3.0544e+01
3.0374e+01
3.0203e+01
3.0027e+01
2.9823e+01
2.9650e+01
2.9462e+01
2.9280e+01
2.9095e+01
2.8913e+01
2.8704e+01
2.8506e+01
2.8284e+01
2.8101e+01
2.7894e+01
2.7721e+01
2.7519e+01
2.7353e+01
2.7162e+01
2.7001e+01
2.6818e+01
2.6669e+01
2.6491e+01
2.6349e+01
2.6187e+01
2.6060e+01
2.5911e+01
2.5779e+01
2.5649e+01
2.5544e+01
2.5405e+01
2.5315e+01
2.5184e+01
2.5098e+01
2.4962e+01
2.4886e+01
2.4764e+01
2.4694e+01
2.4580e+01
2.4512e+01
2.4419e+01
2.4335e+01
2.4251e+01
2.4178e+01
2.4070e+01
2.4003e+01
2.3899e+01
2.3834e+01
2.3737e+01
2.3665e+01
2.3562e+01
2.3493e+01
2.3402e+01
2.3333e+01
2.3246e+01
2.3186e+01
2.3084e+01
2.3013e+01
2.2922e+01
2.2841e+01
2.2743e+01
2.2662e+01
2.2576e+01
2.2515e+01
2.2428e+01
2.2371e+01
2.2283e+01
2.2220e+01
2.2136e+01
2.2073e+01
2.1995e+01
2.1933e+01
2.1856e+01
2.1800e+01
2.1725e+01
2.1663e+01
2.1598e+01
2.1542e+01
2.1460e+01
2.1405e+01
2.1326e+01
2.1261e+01
2.1195e+01
2.1127e+01
2.1053e+01
2.0991e+01
2.0913e+01
2.0855e+01
2.0772e+01
2.0708e+01
2.0621e+01
2.0559e+01
2.0468e+01
2.0400e+01
2.0315e+01
2.0249e+01
2.0166e+01
2.0108e+01
2.0033e+01
1.9979e+01
1.9896e+01
1.9832e+01
1.9750e+01
1.9705e+01
1.9625e+01
1.9567e+01
1.9503e+01
1.9444e+01
1.9384e+01
1.9334e+01
1.9260e+01
1.9204e+01
1.9148e+01
1.9095e+01
1.9035e+01
1.8993e+01
1.8930e+01
1.8882e+01
1.8823e+01
1.8783e+01
1.8716e+01
1.8683e+01
1.8605e+01
1.8557e+01
1.8489e+01
1.8454e+01
1.8397e+01
1.8351e+01
1.8285e+01
1.8250e+01
1.8193e+01
1.8153e+01
1.8104e+01
1.8062e+01
1.8009e+01
1.7978e+01
1.7931e+01
1.7893e+01
1.7843e+01
1.7803e+01
1.7760e+01
1.7731e+01
1.7684e+01
1.7648e+01
1.7606e+01
1.7576e+01
1.7534e+01
1.7513e+01
1.7462e+01
1.7439e+01
1.7392e+01
1.7365e+01
1.7299e+01
1.7265e+01
1.7216e+01
1.7191e+01
1.7140e+01
1.7121e+01
1.7082e+01
1.7063e+01
1.7021e+01
1.6993e+01
1.6951e+01
1.6925e+01
1.6889e+01
1.6870e+01
1.6829e+01
1.6816e+01
1.6787e+01
1.6765e+01
1.6738e+01
1.6712e+01
1.6678e+01
1.6646e+01
1.6620e+01
1.6589e+01
1.6557e+01
1.6531e+01
1.6497e+01
1.6465e+01
1.6416e+01
1.6390e+01
1.6347e+01
1.6315e+01
1.6270e+01
1.6238e+01
1.6204e+01
1.6178e+01
1.6146e+01
1.6119e+01
1.6078e+01
1.6056e+01
1.6020e+01
1.5990e+01
1.5964e+01
1.5934e+01
1.5911e+01
1.5883e+01
1.5866e+01
1.5831e+01
1.5814e+01
1.5791e+01
1.5791e+01
1.5761e+01
1.5771e+01
1.5744e+01
1.5756e+01
1.5733e+01
1.5724e+01
1.5722e+01
1.5709e+01
1.5707e+01
1.5716e+01
1.5722e+01
1.5737e+01
1.5752e+01
1.5782e+01
1.5806e+01
1.5836e+01
1.5857e+01
1.5898e+01
1.5930e+01
1.5982e+01
1.6018e+01
1.6101e+01
1.6116e+01
1.6228e+01
1.6281e+01
1.6309e+01
1.6367e+01
1.6414e+01
1.6452e+01
1.6484e+01
1.6529e+01
1.6576e+01
1.6610e+01
1.6644e+01
1.6648e+01
1.6678e+01
1.6672e+01
1.6716e+01
1.6736e+01
1.6782e+01
1.6795e+01
1.6825e+01
1.6840e+01
1.6848e+01
1.6846e+01
1.6851e+01
1.6842e+01
1.6844e+01
1.6829e+01
1.6819e+01
1.6816e+01
1.6782e+01
1.6782e+01
1.6765e+01
1.6742e+01
1.6723e+01
1.6706e+01
1.6691e+01
1.6674e+01
1.6646e+01
1.6667e+01
1.6633e+01
1.6618e+01
1.6586e+01
1.6561e+01
1.6535e+01
1.6514e+01
1.6484e+01
1.6478e+01
1.6441e+01
1.6435e+01
1.6403e+01
1.6377e+01
1.6339e+01
1.6309e+01
1.6279e+01
1.6245e+01
1.6204e+01
1.6176e+01
1.6131e+01
1.6112e+01
1.6080e+01
1.6054e+01
1.6016e+01
1.5999e+01
1.5958e+01
1.5919e+01
1.5868e+01
1.5829e+01
1.5782e+01
1.5750e+01
1.5711e+01
1.5673e+01
1.5638e+01
1.5600e+01
1.5559e+01
1.5522e+01
1.5484e+01
1.5451e+01
1.5410e+01
1.5380e+01
1.5348e+01
1.5327e+01
1.5288e+01
1.5249e+01
1.5206e+01
1.5176e+01
1.5156e+01
1.5115e+01
1.5085e+01
1.5040e+01
1.5005e+01
1.4966e+01
1.4917e+01
1.4880e+01
1.4856e+01
1.4830e+01
1.4815e+01
1.4787e+01
1.4759e+01
1.4737e+01
1.4714e+01
1.4692e+01
1.4657e+01
1.4640e+01
1.4627e+01
1.4601e+01
1.4588e+01
1.4573e+01
1.4547e+01
1.4523e+01
1.4512e+01
1.4497e+01
1.4491e+01
1.4456e+01
1.4432e+01
1.4400e+01
1.4371e+01
1.4341e+01
1.4309e+01
1.4274e+01
1.4252e+01
1.4215e+01
1.4193e+01
1.4163e+01
1.4130e+01
1.4096e+01
1.4065e+01
1.4033e+01
1.4002e+01
1.3970e+01
1.3937e+01
1.3907e+01
1.3883e+01
1.3850e+01
1.3817e+01
1.3785e+01
1.3761e+01
1.3732e+01
1.3710e+01
1.3684e+01
1.3654e+01
1.3623e+01
1.3593e+01
1.3558e+01
1.3516e+01
1.3490e+01
1.3460e+01
1.3429e+01
1.3403e+01
1.3377e+01
1.3350e+01
1.3324e+01
1.3304e+01
1.3267e+01
1.3243e+01
1.3213e+01
1.3199e+01
1.3167e+01
1.3147e+01
1.3110e+01
1.3086e+01
1.3059e+01
1.3033e+01
1.3007e+01
1.2985e+01
1.2954e+01
1.2932e+01
1.2893e+01
1.2856e+01
1.2820e+01
1.2783e+01
1.2741e+01
1.2695e+01
1.2654e+01
1.2614e+01
1.2577e+01
1.2539e+01
1.2502e+01
1.2467e+01
1.2427e+01
1.2390e+01
1.2354e+01
1.2319e+01
1.2282e+01
1.2240e+01
1.2198e+01
1.2172e+01
1.2121e+01
1.2081e+01
1.2033e+01
1.2004e+01
1.1964e+01
1.1924e+01
1.1882e+01
1.1849e+01
1.1803e+01
1.1754e+01
1.1721e+01
1.1672e+01
1.1641e+01
1.1601e+01
1.1573e+01
1.1539e+01
1.1517e+01
1.1488e+01
1.1462e+01
1.1426e+01
1.1398e+01
1.1364e+01
1.1344e+01
1.1304e+01
1.1269e+01
1.1231e+01
1.1204e+01
1.1169e+01
1.1129e+01
1.1091e+01
1.1067e+01
1.1033e+01
1.0998e+01
1.0967e+01
1.0938e+01
1.0906e+01
1.0869e+01
1.0829e+01
1.0788e+01
1.0742e+01
1.0695e+01
1.0650e+01
1.0592e+01
1.0561e+01
1.0514e+01
1.0478e+01
1.0427e+01
1.0393e+01
1.0340e+01
1.0297e+01
1.0244e+01
1.0210e+01
1.0156e+01
1.0121e+01
1.0065e+01
1.0026e+01
9.9772e+00
9.9368e+00
9.8852e+00
9.8471e+00
9.7910e+00
9.7483e+00
9.6989e+00
9.6630e+00
9.6068e+00
9.5573e+00
9.5101e+00
9.4651e+00
9.4111e+00
9.3638e+00
9.3187e+00
9.2872e+00
9.2444e+00
9.2061e+00
9.1565e+00
9.1181e+00
9.0707e+00
9.0369e+00
8.9895e+00
8.9578e+00
8.9127e+00
8.8788e+00
8.8335e+00
8.8064e+00
8.7680e+00
8.7250e+00
8.6865e+00
8.6548e+00
8.6118e+00
8.5756e+00
8.5325e+00
8.4940e+00
8.4509e+00
8.4056e+00
8.3579e+00
8.3262e+00
8.2740e+00
8.2490e+00
8.2104e+00
8.1899e+00
8.1536e+00
8.1468e+00
8.1127e+00
8.1081e+00
8.0786e+00
8.0786e+00
8.0536e+00
8.0558e+00
8.0445e+00
8.0536e+00
8.0467e+00
8.0672e+00
8.0809e+00
8.1059e+00
8.1354e+00
8.1809e+00
8.2286e+00
8.2740e+00
8.3284e+00
8.4033e+00
8.4509e+00
8.4985e+00
8.5574e+00
8.6231e+00
8.6956e+00
8.7815e+00
8.8697e+00
8.9691e+00
9.0707e+00
9.1768e+00
9.2602e+00
9.4066e+00
9.4943e+00
9.6742e+00
9.7955e+00
9.9054e+00
1.0015e+01
1.0116e+01
1.0210e+01
1.0329e+01
1.0427e+01
1.0512e+01
1.0623e+01
1.0735e+01
1.0791e+01
1.0893e+01
1.0949e+01
1.1024e+01
1.1002e+01
1.1056e+01
1.1040e+01
1.1064e+01
1.1035e+01
1.1060e+01
1.1031e+01
1.1051e+01
1.1004e+01
1.1031e+01
1.0978e+01
1.0951e+01
1.0891e+01
1.0844e+01
1.0782e+01
1.0730e+01
1.0659e+01
1.0610e+01
1.0539e+01
1.0481e+01
1.0393e+01
1.0326e+01
1.0241e+01
1.0170e+01
1.0067e+01
9.9861e+00
9.8897e+00
9.8134e+00
9.7146e+00
9.6427e+00
9.5618e+00
9.4831e+00
9.3976e+00
9.3187e+00
9.2376e+00
9.1610e+00
9.0820e+00
9.0120e+00
8.9352e+00
8.8584e+00
8.7928e+00
8.7205e+00
8.6571e+00
8.5846e+00
8.5212e+00
8.4555e+00
8.3988e+00
8.3239e+00
8.2694e+00
8.1922e+00
8.1286e+00
8.0558e+00
7.9967e+00
7.9284e+00
7.8693e+00
7.8078e+00
7.7576e+00
7.6984e+00
7.6345e+00
7.5661e+00
7.5227e+00
7.4633e+00
7.4062e+00
7.3491e+00
7.2988e+00
7.2439e+00
7.2004e+00
7.1592e+00
7.1157e+00
7.0653e+00
7.0356e+00
6.9920e+00
6.9645e+00
6.9324e+00
6.9301e+00
6.8911e+00
6.8567e+00
6.8269e+00
6.7925e+00
6.7718e+00
6.7512e+00
6.7282e+00
6.7236e+00
6.7029e+00
6.7052e+00
6.6938e+00
6.7029e+00
6.6892e+00
6.6983e+00
6.7190e+00
6.7374e+00
6.7603e+00
6.7695e+00
6.7787e+00
6.7856e+00
6.7971e+00
6.7948e+00
6.7948e+00
6.7833e+00
6.7695e+00
6.7489e+00
6.7397e+00
6.7213e+00
6.7167e+00
6.7006e+00
6.7006e+00
6.6777e+00
6.6731e+00
6.6524e+00
6.6455e+00
6.6294e+00
6.6110e+00
6.5904e+00
6.5858e+00
6.5628e+00
6.5444e+00
6.5421e+00
6.5467e+00
6.5375e+00
6.5375e+00
6.5352e+00
6.5766e+00
6.5651e+00
6.6110e+00
6.6478e+00
6.6754e+00
6.7718e+00
6.8315e+00
6.9233e+00
6.9806e+00
7.0631e+00
7.1226e+00
7.1958e+00
7.2576e+00
7.3605e+00
7.4610e+00
7.5227e+00
7.6482e+00
7.7143e+00
7.8328e+00
7.9011e+00
8.0286e+00
8.0809e+00
8.1877e+00
8.2195e+00
8.3216e+00
8.3443e+00
8.4487e+00
8.4917e+00
8.5778e+00
8.6118e+00
8.6752e+00
8.6865e+00
8.7634e+00
8.7612e+00
8.8381e+00
8.8539e+00
8.9014e+00
8.8923e+00
8.9036e+00
8.8810e+00
8.8765e+00
8.8494e+00
8.8268e+00
8.7974e+00
8.7567e+00
8.7250e+00
8.6910e+00
8.6458e+00
8.6027e+00
8.5484e+00
8.4940e+00
8.4441e+00
8.3942e+00
8.3443e+00
8.2853e+00
8.2354e+00
8.1740e+00
8.1172e+00
8.0377e+00
7.9876e+00
7.9148e+00
7.8624e+00
7.8100e+00
7.7667e+00
7.7098e+00
7.6619e+00
7.6071e+00
7.5706e+00
7.5113e+00
7.4816e+00
7.4245e+00
7.3948e+00
7.3468e+00
7.3217e+00
7.2736e+00
7.2416e+00
7.2073e+00
7.1867e+00
7.1386e+00
7.1089e+00
7.0722e+00
7.0379e+00
6.9989e+00
6.9714e+00
6.9301e+00
6.9003e+00
6.8636e+00
6.8246e+00
6.7856e+00
6.7581e+00
6.7236e+00
6.7006e+00
6.6662e+00
6.6432e+00
6.6202e+00
6.6041e+00
6.5674e+00
6.5513e+00
6.5099e+00
6.4984e+00
6.4616e+00
6.4501e+00
6.4155e+00
6.3994e+00
6.3603e+00
6.3465e+00
6.3142e+00
6.3027e+00
6.2635e+00
6.2474e+00
6.2105e+00
6.1898e+00
6.1598e+00
6.1391e+00
6.1091e+00
6.0906e+00
6.0422e+00
6.0052e+00
5.9683e+00
5.9336e+00
5.9036e+00
5.8690e+00
5.8273e+00
5.7996e+00
5.7580e+00
5.7210e+00
5.6816e+00
5.6562e+00
5.6099e+00
5.5751e+00
5.5404e+00
5.5033e+00
5.4709e+00
5.4338e+00
5.4106e+00
5.3828e+00
5.3480e+00
5.3202e+00
5.2900e+00
5.2529e+00
5.2296e+00
5.2018e+00
5.1739e+00
5.1391e+00
5.1112e+00
5.0740e+00
5.0461e+00
5.0135e+00
4.9786e+00
4.9624e+00
4.9368e+00
4.9088e+00
4.8902e+00
4.8600e+00
4.8390e+00
4.8064e+00
4.7854e+00
4.7575e+00
4.7342e+00
4.7132e+00
4.6899e+00
4.6596e+00
4.6433e+00
4.6130e+00
4.5850e+00
4.5476e+00
4.5196e+00
4.4986e+00
4.4730e+00
4.4473e+00
4.4263e+00
4.4146e+00
4.3842e+00
4.3819e+00
4.3608e+00
4.3679e+00
4.3632e+00
4.3959e+00
4.4052e+00
4.4683e+00
4.5080e+00
4.5756e+00
4.6340e+00
4.7086e+00
4.7878e+00
4.8623e+00
4.9600e+00
5.0298e+00
5.1507e+00
5.2064e+00
5.3550e+00
5.3805e+00
5.5219e+00
5.5914e+00
5.6955e+00
5.7672e+00
5.8897e+00
5.9475e+00
6.0837e+00
6.1437e+00
6.2451e+00
6.3971e+00
6.5191e+00
6.5605e+00
6.6662e+00
6.7190e+00
6.7948e+00
6.8476e+00
6.9049e+00
6.9829e+00
7.0241e+00
7.0539e+00
7.0882e+00
7.0882e+00
7.1020e+00
7.0860e+00
7.0791e+00
7.0470e+00
7.0195e+00
6.9920e+00
6.9576e+00
6.9301e+00
6.8911e+00
6.8453e+00
6.7948e+00
6.7443e+00
6.6960e+00
6.6432e+00
6.5812e+00
6.5191e+00
6.4639e+00
6.4132e+00
6.3488e+00
6.3004e+00
6.2497e+00
6.2036e+00
6.1368e+00
6.0975e+00
6.0352e+00
5.9868e+00
5.9198e+00
5.8851e+00
5.8273e+00
5.7834e+00
5.7256e+00
5.6955e+00
5.6492e+00
5.6122e+00
5.5589e+00
5.5219e+00
5.4709e+00
5.4431e+00
5.3874e+00
5.3526e+00
5.3016e+00
5.2575e+00
5.2041e+00
5.1693e+00
5.1251e+00
5.0926e+00
5.0554e+00
5.0228e+00
4.9740e+00
4.9507e+00
4.9042e+00
4.8739e+00
4.8274e+00
4.8041e+00
4.7715e+00
4.7412e+00
4.6969e+00
4.6713e+00
4.6340e+00
4.5990e+00
4.5570e+00
4.5290e+00
4.4963e+00
4.4566e+00
4.4122e+00
4.3795e+00
4.3305e+00
4.3048e+00
4.2650e+00
4.2323e+00
4.1995e+00
4.1738e+00
4.1387e+00
4.1129e+00
4.0755e+00
4.0450e+00
4.0240e+00
4.0005e+00
3.9865e+00
3.9654e+00
3.9654e+00
3.9490e+00
3.9630e+00
3.9466e+00
3.9466e+00
3.9208e+00
3.9185e+00
3.8927e+00
3.8786e+00
3.8575e+00
3.8294e+00
3.8153e+00
3.7942e+00
3.7778e+00
3.7590e+00
3.7496e+00
3.7332e+00
3.7238e+00
3.7050e+00
3.6933e+00
3.6745e+00
3.6721e+00
3.6557e+00
3.6393e+00
3.6252e+00
3.6111e+00
3.6040e+00
3.6087e+00
3.6040e+00
3.6040e+00
3.6158e+00
3.6346e+00
3.6487e+00
3.6933e+00
3.7121e+00
3.7614e+00
3.7895e+00
3.8388e+00
3.8951e+00
3.8998e+00
3.9443e+00
3.9654e+00
4.0052e+00
4.0286e+00
4.0544e+00
4.0731e+00
4.1129e+00
4.1059e+00
4.1246e+00
4.1200e+00
4.1551e+00
4.1551e+00
4.1668e+00
4.1925e+00
4.1972e+00
4.2206e+00
4.2299e+00
4.2440e+00
4.2182e+00
4.2112e+00
4.1644e+00
4.1387e+00
4.0872e+00
4.0427e+00
3.9935e+00
3.9701e+00
3.9279e+00
3.9138e+00
3.8669e+00
3.8294e+00
3.7825e+00
3.7449e+00
3.6886e+00
3.6369e+00
3.5899e+00
3.5476e+00
3.4935e+00
3.4489e+00
3.4042e+00
3.3571e+00
3.3147e+00
3.2723e+00
3.2205e+00
3.1757e+00
3.1380e+00
3.1050e+00
3.0578e+00
3.0130e+00
2.9729e+00
2.9186e+00
2.8595e+00
2.8194e+00
2.7697e+00
2.7130e+00
2.6657e+00
2.6207e+00
2.5829e+00
2.5474e+00
2.5071e+00
2.4739e+00
2.4360e+00
2.3934e+00
2.3602e+00
2.3341e+00
2.3056e+00
2.2653e+00
2.2297e+00
2.1989e+00
2.1751e+00
2.1395e+00
2.1110e+00
2.0777e+00
2.0587e+00
2.0231e+00
1.9993e+00
1.9660e+00
1.9589e+00
1.9280e+00
1.8947e+00
1.8638e+00
1.8281e+00
1.7828e+00
1.7590e+00
1.7257e+00
1.7019e+00
1.6733e+00
1.6518e+00
1.6208e+00
1.5946e+00
1.5708e+00
1.5421e+00
1.5207e+00
1.5016e+00
1.4873e+00
1.4682e+00
1.4563e+00
1.4372e+00
1.4252e+00
1.4037e+00
1.4037e+00
1.3942e+00
1.3966e+00
1.3823e+00
1.3870e+00
1.3799e+00
1.3966e+00
1.3846e+00
1.4109e+00
1.3990e+00
1.4300e+00
1.4491e+00
1.4849e+00
1.5326e+00
1.5779e+00
1.6590e+00
1.7019e+00
1.8209e+00
1.8566e+00
2.0088e+00
2.0587e+00
2.2463e+00
2.2985e+00
2.5095e+00
2.6160e+00
2.7981e+00
2.9587e+00
3.1804e+00
3.3947e+00
3.6839e+00
3.9068e+00
4.1925e+00
4.4029e+00
4.6549e+00
4.8576e+00
5.0786e+00
5.2784e+00
5.4964e+00
5.6400e+00
5.8967e+00
6.0375e+00
6.2382e+00
6.3994e+00
6.5972e+00
6.7649e+00
6.9806e+00
7.1249e+00
7.2896e+00
7.4017e+00
7.5364e+00
7.6436e+00
7.7690e+00
7.8510e+00
7.9444e+00
8.0786e+00
8.1854e+00
8.2490e+00
8.3307e+00
8.3557e+00
8.3988e+00
8.4487e+00
8.4623e+00
8.4713e+00
8.4668e+00
8.4351e+00
8.3988e+00
8.3511e+00
8.2944e+00
8.2490e+00
8.1831e+00
8.1490e+00
8.0945e+00
8.0445e+00
7.9762e+00
7.9353e+00
7.8829e+00
7.8192e+00
7.7462e+00
7.6984e+00
7.6185e+00
7.5638e+00
7.4999e+00
7.4359e+00
7.3628e+00
7.3011e+00
7.2279e+00
7.1707e+00
7.1203e+00
7.0676e+00
7.0104e+00
6.9714e+00
6.9164e+00
6.8705e+00
6.8063e+00
6.7558e+00
6.7052e+00
6.6846e+00
6.6570e+00
6.6409e+00
6.6248e+00
6.6455e+00
6.6432e+00
6.6616e+00
6.6547e+00
6.6685e+00
6.6455e+00
6.6294e+00
6.5835e+00
6.5444e+00
6.4984e+00
6.4455e+00
6.3787e+00
6.3373e+00
6.2820e+00
6.2313e+00
6.1644e+00
6.1137e+00
6.0445e+00
6.0006e+00
5.9221e+00
5.8620e+00
5.7857e+00
5.7349e+00
5.6724e+00
5.6238e+00
5.5543e+00
5.5033e+00
5.4361e+00
5.3828e+00
5.3155e+00
5.2575e+00
5.1925e+00
5.1483e+00
5.0786e+00
5.0275e+00
4.9763e+00
4.9251e+00
4.8646e+00
4.8274e+00
4.7622e+00
4.7295e+00
4.6713e+00
4.6479e+00
4.5803e+00
4.5616e+00
4.4893e+00
4.4636e+00
4.3865e+00
4.3515e+00
4.2977e+00
4.2580e+00
4.2159e+00
4.1761e+00
4.1317e+00
4.0895e+00
4.0521e+00
4.0005e+00
3.9537e+00
3.9021e+00
3.8575e+00
3.8177e+00
3.7754e+00
3.7261e+00
3.6839e+00
3.6463e+00
3.6017e+00
3.5688e+00
3.5265e+00
3.4888e+00
3.4559e+00
3.4159e+00
3.3689e+00
3.3359e+00
3.2865e+00
3.2417e+00
3.1922e+00
3.1498e+00
3.1144e+00
3.0743e+00
3.0319e+00
2.9870e+00
2.9422e+00
2.8997e+00
2.8595e+00
2.8123e+00
2.7674e+00
2.7295e+00
2.6988e+00
2.6515e+00
2.6160e+00
2.5758e+00
2.5379e+00
2.4929e+00
2.4573e+00
2.4123e+00
2.3720e+00
2.3317e+00
2.2867e+00
2.2439e+00
2.2060e+00
2.1609e+00
2.1276e+00
2.0849e+00
2.0564e+00
2.0136e+00
1.9874e+00
1.9518e+00
1.9232e+00
1.8899e+00
1.8638e+00
1.8304e+00
1.8019e+00
1.7804e+00
1.7519e+00
1.7233e+00
1.6995e+00
1.6804e+00
1.6637e+00
1.6375e+00
1.6137e+00
1.5875e+00
1.5660e+00
1.5398e+00
1.4944e+00
1.4706e+00
1.4300e+00
1.3942e+00
1.3560e+00
1.3273e+00
1.2939e+00
1.2652e+00
1.2365e+00
1.2007e+00
1.1744e+00
1.1409e+00
1.1098e+00
1.0787e+00
1.0380e+00
1.0093e+00
9.7813e-01
9.4939e-01
9.1106e-01
8.8710e-01
8.5834e-01
8.2957e-01
7.9840e-01
7.7442e-01
7.5043e-01
7.3364e-01
6.9285e-01
6.6885e-01
6.2804e-01
5.9443e-01
5.7041e-01
5.4159e-01
5.0795e-01
5.0314e-01
4.6709e-01
4.3825e-01
4.1180e-01
3.9016e-01
3.5648e-01
3.3483e-01
3.1077e-01
2.9152e-01
2.6504e-01
2.4578e-01
2.2170e-01
2.0244e-01
1.7835e-01
1.6149e-01
1.4704e-01
1.2536e-01
9.8847e-02
7.2334e-02
6.2691e-02
3.8583e-02
3.3760e-02
1.9293e-02
9.6470e-03
4.8230e-03
4.8230e-03
2.4120e-03
2.4120e-03
7.2350e-03
0000
0000
0000
0000
7.2350e-03
1.4470e-02
1.6881e-02
1.2058e-02
2.6527e-02
1.9293e-02
2.6527e-02
2.1704e-02
