1.3353e+01
1.3299e+01
1.3273e+01
1.3210e+01
1.3196e+01
1.3145e+01
1.3124e+01
1.3077e+01
1.3054e+01
1.3014e+01
1.2996e+01
1.2958e+01
1.2933e+01
1.2885e+01
1.2867e+01
1.2826e+01
1.2810e+01
1.2765e+01
1.2749e+01
1.2709e+01
1.2686e+01
1.2665e+01
1.2651e+01
1.2625e+01
1.2616e+01
1.2599e+01
1.2592e+01
1.2573e+01
1.2569e+01
1.2568e+01
1.2566e+01
1.2566e+01
1.2557e+01
1.2567e+01
1.2573e+01
1.2567e+01
1.2570e+01
1.2566e+01
1.2562e+01
1.2554e+01
1.2548e+01
1.2542e+01
1.2536e+01
1.2515e+01
1.2504e+01
1.2475e+01
1.2461e+01
1.2437e+01
1.2418e+01
1.2392e+01
1.2385e+01
1.2355e+01
1.2331e+01
1.2288e+01
1.2276e+01
1.2242e+01
1.2225e+01
1.2205e+01
1.2178e+01
1.2148e+01
1.2132e+01
1.2102e+01
1.2077e+01
1.2058e+01
1.2041e+01
1.2036e+01
1.2019e+01
1.2010e+01
1.1999e+01
1.1996e+01
1.2003e+01
1.2009e+01
1.2015e+01
1.2037e+01
1.2062e+01
1.2086e+01
1.2114e+01
1.2132e+01
1.2151e+01
1.2172e+01
1.2191e+01
1.2212e+01
1.2234e+01
1.2246e+01
1.2257e+01
1.2261e+01
1.2271e+01
1.2285e+01
1.2298e+01
1.2301e+01
1.2303e+01
1.2297e+01
1.2313e+01
1.2299e+01
1.2314e+01
1.2287e+01
1.2291e+01
1.2261e+01
1.2257e+01
1.2221e+01
1.2205e+01
1.2164e+01
1.2153e+01
1.2115e+01
1.2093e+01
1.2052e+01
1.2037e+01
1.1994e+01
1.1969e+01
1.1918e+01
1.1894e+01
1.1847e+01
1.1817e+01
1.1765e+01
1.1738e+01
1.1682e+01
1.1652e+01
1.1595e+01
1.1563e+01
1.1502e+01
1.1477e+01
1.1410e+01
1.1379e+01
1.1324e+01
1.1290e+01
1.1233e+01
1.1203e+01
1.1154e+01
1.1123e+01
1.1078e+01
1.1039e+01
1.0981e+01
1.0953e+01
1.0906e+01
1.0887e+01
1.0850e+01
1.0827e+01
1.0787e+01
1.0773e+01
1.0744e+01
1.0735e+01
1.0699e+01
1.0701e+01
1.0670e+01
1.0668e+01
1.0649e+01
1.0656e+01
1.0647e+01
1.0670e+01
1.0661e+01
1.0702e+01
1.0709e+01
1.0791e+01
1.0839e+01
1.0958e+01
1.1063e+01
1.1250e+01
1.1438e+01
1.1685e+01
1.1974e+01
1.2271e+01
1.2643e+01
1.3004e+01
1.3450e+01
1.3839e+01
1.4346e+01
1.4758e+01
1.5342e+01
1.5773e+01
1.6441e+01
1.6893e+01
1.7592e+01
1.8057e+01
1.8731e+01
1.9199e+01
1.9893e+01
2.0300e+01
2.0951e+01
2.1353e+01
2.1904e+01
2.2287e+01
2.2854e+01
2.3120e+01
2.3584e+01
2.3779e+01
2.4157e+01
2.4300e+01
2.4657e+01
2.4824e+01
2.5111e+01
2.5266e+01
2.5529e+01
2.5603e+01
2.5839e+01
2.5902e+01
2.6082e+01
2.6154e+01
2.6316e+01
2.6378e+01
2.6491e+01
2.6526e+01
2.6565e+01
2.6601e+01
2.6657e+01
2.6665e+01
2.6669e+01
2.6633e+01
2.6599e+01
2.6537e+01
2.6431e+01
2.6355e+01
2.6234e+01
2.6119e+01
2.5992e+01
2.5881e+01
2.5742e+01
2.5619e+01
2.5474e+01
2.5358e+01
2.5206e+01
2.5064e+01
2.4890e+01
2.4744e+01
2.4560e+01
2.4409e+01
2.4236e+01
2.4075e+01
2.3893e+01
2.3749e+01
2.3571e+01
2.3420e+01
2.3236e+01
2.3093e+01
2.2907e+01
2.2768e+01
2.2587e+01
2.2462e+01
2.2302e+01
2.2159e+01
2.2007e+01
2.1896e+01
2.1753e+01
2.1635e+01
2.1481e+01
2.1382e+01
2.1248e+01
2.1142e+01
2.0996e+01
2.0907e+01
2.0785e+01
2.0689e+01
2.0565e+01
2.0476e+01
2.0355e+01
2.0273e+01
2.0147e+01
2.0060e+01
1.9940e+01
1.9871e+01
1.9740e+01
1.9672e+01
1.9576e+01
1.9513e+01
1.9401e+01
1.9344e+01
1.9255e+01
1.9197e+01
1.9109e+01
1.9064e+01
1.8976e+01
1.8931e+01
1.8875e+01
1.8858e+01
1.8816e+01
1.8848e+01
1.8870e+01
1.8941e+01
1.9030e+01
1.9167e+01
1.9347e+01
1.9556e+01
1.9832e+01
2.0096e+01
2.0480e+01
2.0797e+01
2.1233e+01
2.1585e+01
2.2045e+01
2.2417e+01
2.2869e+01
2.3243e+01
2.3678e+01
2.4030e+01
2.4415e+01
2.4739e+01
2.5048e+01
2.5318e+01
2.5574e+01
2.5795e+01
2.5979e+01
2.6153e+01
2.6305e+01
2.6419e+01
2.6523e+01
2.6626e+01
2.6703e+01
2.6783e+01
2.6851e+01
2.6922e+01
2.6971e+01
2.6999e+01
2.7038e+01
2.7015e+01
2.7025e+01
2.6986e+01
2.6973e+01
2.6909e+01
2.6855e+01
2.6767e+01
2.6694e+01
2.6587e+01
2.6470e+01
2.6346e+01
2.6226e+01
2.6072e+01
2.5935e+01
2.5776e+01
2.5632e+01
2.5463e+01
2.5305e+01
2.5150e+01
2.4977e+01
2.4823e+01
2.4647e+01
2.4502e+01
2.4331e+01
2.4193e+01
2.4026e+01
2.3880e+01
2.3725e+01
2.3584e+01
2.3432e+01
2.3310e+01
2.3170e+01
2.3068e+01
2.2939e+01
2.2847e+01
2.2737e+01
2.2664e+01
2.2569e+01
2.2518e+01
2.2435e+01
2.2391e+01
2.2353e+01
2.2325e+01
2.2291e+01
2.2266e+01
2.2251e+01
2.2253e+01
2.2231e+01
2.2244e+01
2.2230e+01
2.2224e+01
2.2212e+01
2.2208e+01
2.2200e+01
2.2186e+01
2.2165e+01
2.2129e+01
2.2109e+01
2.2082e+01
2.2064e+01
2.2029e+01
2.1996e+01
2.1951e+01
2.1913e+01
2.1866e+01
2.1827e+01
2.1794e+01
2.1734e+01
2.1703e+01
2.1643e+01
2.1624e+01
2.1576e+01
2.1553e+01
2.1485e+01
2.1462e+01
2.1417e+01
2.1378e+01
2.1340e+01
2.1295e+01
2.1253e+01
2.1228e+01
2.1193e+01
2.1166e+01
2.1139e+01
2.1122e+01
2.1115e+01
2.1116e+01
2.1099e+01
2.1094e+01
2.1095e+01
2.1110e+01
2.1126e+01
2.1143e+01
2.1164e+01
2.1205e+01
2.1217e+01
2.1277e+01
2.1320e+01
2.1375e+01
2.1443e+01
2.1513e+01
2.1590e+01
2.1654e+01
2.1754e+01
2.1833e+01
2.1937e+01
2.2014e+01
2.2128e+01
2.2203e+01
2.2314e+01
2.2376e+01
2.2467e+01
2.2520e+01
2.2577e+01
2.2625e+01
2.2656e+01
2.2680e+01
2.2715e+01
2.2730e+01
2.2738e+01
2.2747e+01
2.2743e+01
2.2742e+01
2.2717e+01
2.2686e+01
2.2644e+01
2.2612e+01
2.2562e+01
2.2518e+01
2.2458e+01
2.2410e+01
2.2340e+01
2.2291e+01
2.2217e+01
2.2165e+01
2.2079e+01
2.2021e+01
2.1946e+01
2.1883e+01
2.1808e+01
2.1748e+01
2.1661e+01
2.1601e+01
2.1521e+01
2.1457e+01
2.1361e+01
2.1311e+01
2.1209e+01
2.1144e+01
2.1049e+01
2.0994e+01
2.0898e+01
2.0844e+01
2.0753e+01
2.0703e+01
2.0609e+01
2.0564e+01
2.0477e+01
2.0433e+01
2.0347e+01
2.0296e+01
2.0219e+01
2.0191e+01
2.0123e+01
2.0079e+01
2.0015e+01
1.9997e+01
1.9947e+01
1.9923e+01
1.9882e+01
1.9869e+01
1.9827e+01
1.9825e+01
1.9806e+01
1.9807e+01
1.9799e+01
1.9798e+01
1.9810e+01
1.9808e+01
1.9823e+01
1.9817e+01
1.9830e+01
1.9825e+01
1.9827e+01
1.9830e+01
1.9825e+01
1.9820e+01
1.9805e+01
1.9800e+01
1.9789e+01
1.9776e+01
1.9764e+01
1.9755e+01
1.9721e+01
1.9705e+01
1.9670e+01
1.9665e+01
1.9611e+01
1.9596e+01
1.9539e+01
1.9518e+01
1.9474e+01
1.9447e+01
1.9403e+01
1.9379e+01
1.9327e+01
1.9308e+01
1.9231e+01
1.9211e+01
1.9141e+01
1.9121e+01
1.9055e+01
1.9013e+01
1.8944e+01
1.8927e+01
1.8847e+01
1.8830e+01
1.8761e+01
1.8736e+01
1.8662e+01
1.8645e+01
1.8568e+01
1.8544e+01
1.8479e+01
1.8462e+01
1.8402e+01
1.8381e+01
1.8337e+01
1.8326e+01
1.8277e+01
1.8267e+01
1.8230e+01
1.8228e+01
1.8181e+01
1.8167e+01
1.8134e+01
1.8111e+01
1.8070e+01
1.8047e+01
1.8001e+01
1.7986e+01
1.7936e+01
1.7916e+01
1.7868e+01
1.7841e+01
1.7791e+01
1.7766e+01
1.7704e+01
1.7681e+01
1.7616e+01
1.7593e+01
1.7526e+01
1.7496e+01
1.7441e+01
1.7406e+01
1.7343e+01
1.7317e+01
1.7252e+01
1.7220e+01
1.7173e+01
1.7143e+01
1.7081e+01
1.7054e+01
1.7011e+01
1.6976e+01
1.6927e+01
1.6905e+01
1.6843e+01
1.6810e+01
1.6754e+01
1.6716e+01
1.6661e+01
1.6623e+01
1.6573e+01
1.6543e+01
1.6480e+01
1.6456e+01
1.6401e+01
1.6372e+01
1.6333e+01
1.6305e+01
1.6265e+01
1.6236e+01
1.6195e+01
1.6164e+01
1.6124e+01
1.6093e+01
1.6059e+01
1.6031e+01
1.5999e+01
1.5975e+01
1.5934e+01
1.5909e+01
1.5878e+01
1.5857e+01
1.5821e+01
1.5792e+01
1.5757e+01
1.5736e+01
1.5700e+01
1.5682e+01
1.5640e+01
1.5622e+01
1.5578e+01
1.5565e+01
1.5524e+01
1.5499e+01
1.5469e+01
1.5441e+01
1.5411e+01
1.5393e+01
1.5361e+01
1.5336e+01
1.5301e+01
1.5287e+01
1.5256e+01
1.5232e+01
1.5208e+01
1.5185e+01
1.5156e+01
1.5138e+01
1.5119e+01
1.5097e+01
1.5075e+01
1.5060e+01
1.5045e+01
1.5016e+01
1.4999e+01
1.4976e+01
1.4965e+01
1.4937e+01
1.4911e+01
1.4891e+01
1.4872e+01
1.4855e+01
1.4841e+01
1.4820e+01
1.4798e+01
1.4778e+01
1.4766e+01
1.4744e+01
1.4729e+01
1.4720e+01
1.4699e+01
1.4684e+01
1.4676e+01
1.4674e+01
1.4679e+01
1.4671e+01
1.4675e+01
1.4684e+01
1.4704e+01
1.4708e+01
1.4741e+01
1.4738e+01
1.4774e+01
1.4782e+01
1.4821e+01
1.4840e+01
1.4877e+01
1.4894e+01
1.4919e+01
1.4926e+01
1.4935e+01
1.4953e+01
1.4973e+01
1.4977e+01
1.4996e+01
1.4991e+01
1.5010e+01
1.5006e+01
1.5024e+01
1.5021e+01
1.5023e+01
1.5014e+01
1.5021e+01
1.5006e+01
1.4990e+01
1.4979e+01
1.4964e+01
1.4938e+01
1.4913e+01
1.4888e+01
1.4862e+01
1.4825e+01
1.4802e+01
1.4772e+01
1.4742e+01
1.4713e+01
1.4687e+01
1.4653e+01
1.4613e+01
1.4587e+01
1.4550e+01
1.4525e+01
1.4491e+01
1.4462e+01
1.4428e+01
1.4405e+01
1.4369e+01
1.4345e+01
1.4313e+01
1.4291e+01
1.4265e+01
1.4237e+01
1.4203e+01
1.4179e+01
1.4155e+01
1.4135e+01
1.4098e+01
1.4069e+01
1.4036e+01
1.4019e+01
1.3984e+01
1.3956e+01
1.3922e+01
1.3904e+01
1.3861e+01
1.3838e+01
1.3788e+01
1.3768e+01
1.3713e+01
1.3689e+01
1.3648e+01
1.3615e+01
1.3567e+01
1.3542e+01
1.3494e+01
1.3465e+01
1.3405e+01
1.3376e+01
1.3320e+01
1.3285e+01
1.3225e+01
1.3189e+01
1.3135e+01
1.3094e+01
1.3036e+01
1.2996e+01
1.2934e+01
1.2904e+01
1.2841e+01
1.2800e+01
1.2753e+01
1.2712e+01
1.2651e+01
1.2617e+01
1.2558e+01
1.2525e+01
1.2475e+01
1.2433e+01
1.2380e+01
1.2344e+01
1.2307e+01
1.2269e+01
1.2233e+01
1.2209e+01
1.2170e+01
1.2133e+01
1.2092e+01
1.2061e+01
1.2025e+01
1.1992e+01
1.1956e+01
1.1931e+01
1.1902e+01
1.1872e+01
1.1840e+01
1.1811e+01
1.1783e+01
1.1765e+01
1.1726e+01
1.1709e+01
1.1668e+01
1.1651e+01
1.1617e+01
1.1591e+01
1.1572e+01
1.1543e+01
1.1514e+01
1.1500e+01
1.1478e+01
1.1456e+01
1.1424e+01
1.1403e+01
1.1382e+01
1.1359e+01
1.1339e+01
1.1321e+01
1.1288e+01
1.1262e+01
1.1237e+01
1.1213e+01
1.1189e+01
1.1156e+01
1.1121e+01
1.1097e+01
1.1055e+01
1.1033e+01
1.0989e+01
1.0958e+01
1.0923e+01
1.0894e+01
1.0863e+01
1.0827e+01
1.0791e+01
1.0765e+01
1.0734e+01
1.0702e+01
1.0669e+01
1.0640e+01
1.0603e+01
1.0577e+01
1.0549e+01
1.0521e+01
1.0483e+01
1.0464e+01
1.0444e+01
1.0418e+01
1.0390e+01
1.0371e+01
1.0334e+01
1.0325e+01
1.0280e+01
1.0272e+01
1.0225e+01
1.0200e+01
1.0173e+01
1.0149e+01
1.0123e+01
1.0100e+01
1.0071e+01
1.0044e+01
1.0021e+01
1.0001e+01
9.9694e+00
9.9486e+00
9.9214e+00
9.9118e+00
9.8878e+00
9.8734e+00
9.8558e+00
9.8310e+00
9.7974e+00
9.7790e+00
9.7470e+00
9.7245e+00
9.6869e+00
9.6564e+00
9.5954e+00
9.5714e+00
9.5216e+00
9.4927e+00
9.4404e+00
9.4002e+00
9.3463e+00
9.3125e+00
9.2706e+00
9.2359e+00
9.1867e+00
9.1480e+00
9.1076e+00
9.0761e+00
9.0357e+00
9.0034e+00
8.9597e+00
8.9282e+00
8.8982e+00
8.8642e+00
8.8205e+00
8.7929e+00
8.7637e+00
8.7354e+00
8.6932e+00
8.6737e+00
8.6185e+00
8.5965e+00
8.5591e+00
8.5347e+00
8.5006e+00
8.4762e+00
8.4436e+00
8.4151e+00
8.3907e+00
8.3605e+00
8.3336e+00
8.3043e+00
8.2823e+00
8.2619e+00
8.2496e+00
8.2227e+00
8.2080e+00
8.1908e+00
8.1737e+00
8.1696e+00
8.1712e+00
8.1565e+00
8.1582e+00
8.1582e+00
8.1631e+00
8.1696e+00
8.1729e+00
8.1827e+00
8.2186e+00
8.2015e+00
8.2374e+00
8.2553e+00
8.2880e+00
8.3051e+00
8.3239e+00
8.3613e+00
8.3695e+00
8.4005e+00
8.4143e+00
8.4355e+00
8.4493e+00
8.4599e+00
8.4640e+00
8.4680e+00
8.4664e+00
8.4672e+00
8.4615e+00
8.4640e+00
8.4518e+00
8.4623e+00
8.4330e+00
8.4485e+00
8.4371e+00
8.4338e+00
8.4216e+00
8.4216e+00
8.4167e+00
8.4159e+00
8.3980e+00
8.4094e+00
8.3939e+00
8.3972e+00
8.3834e+00
8.3736e+00
8.3459e+00
8.3540e+00
8.3320e+00
8.3141e+00
8.3018e+00
8.2839e+00
8.2676e+00
8.2586e+00
8.2439e+00
8.2227e+00
8.2039e+00
8.1925e+00
8.1598e+00
8.1476e+00
8.1124e+00
8.0977e+00
8.0838e+00
8.0593e+00
8.0347e+00
8.0102e+00
7.9905e+00
7.9766e+00
7.9537e+00
7.9258e+00
7.9029e+00
7.8840e+00
7.8570e+00
7.8266e+00
7.8118e+00
7.7856e+00
7.7585e+00
7.7183e+00
7.6928e+00
7.6657e+00
7.6402e+00
7.6147e+00
7.5884e+00
7.5637e+00
7.5266e+00
7.5077e+00
7.4690e+00
7.4475e+00
7.4170e+00
7.3956e+00
7.3717e+00
7.3535e+00
7.3222e+00
7.2974e+00
7.2677e+00
7.2536e+00
7.2222e+00
7.2024e+00
7.1743e+00
7.1544e+00
7.1255e+00
7.1064e+00
7.0742e+00
7.0510e+00
7.0303e+00
7.0120e+00
6.9797e+00
6.9524e+00
6.9308e+00
6.9101e+00
6.8702e+00
6.8536e+00
6.8237e+00
6.8046e+00
6.7847e+00
6.7564e+00
6.7415e+00
6.7240e+00
6.7032e+00
6.6916e+00
6.6724e+00
6.6558e+00
6.6366e+00
6.6242e+00
6.6083e+00
6.5975e+00
6.5808e+00
6.5642e+00
6.5475e+00
6.5309e+00
6.5183e+00
6.5133e+00
6.5008e+00
6.4833e+00
6.4733e+00
6.4666e+00
6.4391e+00
6.4383e+00
6.4191e+00
6.4141e+00
6.3949e+00
6.3890e+00
6.3757e+00
6.3648e+00
6.3523e+00
6.3439e+00
6.3281e+00
6.3214e+00
6.3080e+00
6.3021e+00
6.2787e+00
6.2670e+00
6.2587e+00
6.2428e+00
6.2244e+00
6.2152e+00
6.1951e+00
6.1800e+00
6.1599e+00
6.1398e+00
6.1189e+00
6.1038e+00
6.0845e+00
6.0627e+00
6.0317e+00
6.0141e+00
5.9873e+00
5.9621e+00
5.9369e+00
5.9167e+00
5.9000e+00
5.8781e+00
5.8546e+00
5.8378e+00
5.8151e+00
5.7882e+00
5.7688e+00
5.7621e+00
5.7469e+00
5.7250e+00
5.7065e+00
5.7006e+00
5.6846e+00
5.6703e+00
5.6602e+00
5.6484e+00
5.6442e+00
5.6214e+00
5.6223e+00
5.6071e+00
5.5869e+00
5.5759e+00
5.5675e+00
5.5599e+00
5.5531e+00
5.5388e+00
5.5346e+00
5.5194e+00
5.5110e+00
5.5135e+00
5.5000e+00
5.4916e+00
5.4890e+00
5.4755e+00
5.4738e+00
5.4645e+00
5.4620e+00
5.4451e+00
5.4519e+00
5.4350e+00
5.4400e+00
5.4299e+00
5.4291e+00
5.4139e+00
5.4155e+00
5.3961e+00
5.3936e+00
5.3927e+00
5.3843e+00
5.3775e+00
5.3733e+00
5.3614e+00
5.3572e+00
5.3454e+00
5.3496e+00
5.3386e+00
5.3335e+00
5.3344e+00
5.3183e+00
5.3099e+00
5.3005e+00
5.2946e+00
5.2845e+00
5.2752e+00
5.2599e+00
5.2548e+00
5.2371e+00
5.2159e+00
5.2091e+00
5.2049e+00
5.1913e+00
5.1778e+00
5.1540e+00
5.1456e+00
5.1066e+00
5.1015e+00
5.0760e+00
5.0574e+00
5.0327e+00
5.0183e+00
4.9979e+00
4.9758e+00
4.9376e+00
4.9308e+00
4.8968e+00
4.8772e+00
4.8390e+00
4.8236e+00
4.7904e+00
4.7700e+00
4.7402e+00
4.7274e+00
4.7019e+00
4.6763e+00
4.6541e+00
4.6294e+00
4.6063e+00
4.5935e+00
4.5696e+00
4.5474e+00
4.5227e+00
4.5107e+00
4.4911e+00
4.4783e+00
4.4689e+00
4.4569e+00
4.4569e+00
4.4586e+00
4.4646e+00
4.4577e+00
4.4680e+00
4.4671e+00
4.4774e+00
4.4706e+00
4.4851e+00
4.4723e+00
4.4877e+00
4.4936e+00
4.5107e+00
4.5022e+00
4.5082e+00
4.5039e+00
4.5090e+00
4.4971e+00
4.4962e+00
4.4877e+00
4.4757e+00
4.4654e+00
4.4569e+00
4.4526e+00
4.4458e+00
4.4329e+00
4.4270e+00
4.4158e+00
4.3979e+00
4.3859e+00
4.3705e+00
4.3671e+00
4.3525e+00
4.3363e+00
4.3260e+00
4.3149e+00
4.2917e+00
4.2823e+00
4.2609e+00
4.2472e+00
4.2232e+00
4.2069e+00
4.1863e+00
4.1683e+00
4.1400e+00
4.1245e+00
4.0894e+00
4.0799e+00
4.0576e+00
4.0284e+00
4.0103e+00
3.9940e+00
3.9699e+00
3.9467e+00
3.9183e+00
3.8899e+00
3.8606e+00
3.8400e+00
3.8107e+00
3.7900e+00
3.7642e+00
3.7366e+00
3.7090e+00
3.6857e+00
3.6572e+00
3.6330e+00
3.6045e+00
3.5916e+00
3.5700e+00
3.5475e+00
3.5294e+00
3.5138e+00
3.5077e+00
3.5103e+00
3.5276e+00
3.5423e+00
3.5881e+00
3.6184e+00
3.6943e+00
3.7512e+00
3.8408e+00
3.9235e+00
4.0559e+00
4.1614e+00
4.3123e+00
4.4295e+00
4.5876e+00
4.7070e+00
4.8738e+00
4.9733e+00
5.1422e+00
5.2345e+00
5.3986e+00
5.5017e+00
5.6349e+00
5.7309e+00
5.8529e+00
5.9067e+00
6.0309e+00
6.0778e+00
6.2252e+00
6.2511e+00
6.3406e+00
6.4016e+00
6.4817e+00
6.5175e+00
6.6008e+00
6.6192e+00
6.6783e+00
6.6857e+00
6.7531e+00
6.7922e+00
6.8412e+00
6.8976e+00
6.9490e+00
6.9623e+00
6.9913e+00
6.9946e+00
7.0137e+00
7.0046e+00
7.0137e+00
7.0054e+00
7.0096e+00
6.9946e+00
7.0021e+00
6.9938e+00
7.0013e+00
6.9805e+00
6.9905e+00
6.9714e+00
6.9706e+00
6.9490e+00
6.9449e+00
6.9167e+00
6.9117e+00
6.8893e+00
6.8744e+00
6.8428e+00
6.8063e+00
6.7847e+00
6.7564e+00
6.7273e+00
6.6899e+00
6.6624e+00
6.6167e+00
6.5917e+00
6.5517e+00
6.5142e+00
6.4691e+00
6.4391e+00
6.3974e+00
6.3690e+00
6.3456e+00
6.3072e+00
6.2578e+00
6.2294e+00
6.1783e+00
6.1390e+00
6.0929e+00
6.0485e+00
5.9881e+00
5.9487e+00
5.8890e+00
5.8428e+00
5.7907e+00
5.7520e+00
5.7032e+00
5.6611e+00
5.6021e+00
5.5683e+00
5.5110e+00
5.4840e+00
5.4316e+00
5.4012e+00
5.3699e+00
5.3412e+00
5.3107e+00
5.2836e+00
5.2523e+00
5.2261e+00
5.1820e+00
5.1557e+00
5.1252e+00
5.1015e+00
5.0726e+00
5.0463e+00
5.0217e+00
4.9971e+00
4.9801e+00
4.9546e+00
4.9521e+00
4.9334e+00
4.9130e+00
4.8951e+00
4.8789e+00
4.8602e+00
4.8432e+00
4.8262e+00
4.7853e+00
4.7555e+00
4.7266e+00
4.6993e+00
4.6695e+00
4.6490e+00
4.6191e+00
4.5961e+00
4.5611e+00
4.5474e+00
4.5270e+00
4.4996e+00
4.4586e+00
4.4364e+00
4.4116e+00
4.3833e+00
4.3508e+00
4.3217e+00
4.2926e+00
4.2652e+00
4.2360e+00
4.2018e+00
4.1692e+00
4.1434e+00
4.1160e+00
4.0928e+00
4.0584e+00
4.0361e+00
3.9983e+00
3.9751e+00
3.9458e+00
3.9252e+00
3.8968e+00
3.8761e+00
3.8615e+00
3.8408e+00
3.8176e+00
3.7978e+00
3.7788e+00
3.7624e+00
3.7452e+00
3.7297e+00
3.7141e+00
3.7090e+00
3.6960e+00
3.6831e+00
3.6676e+00
3.6632e+00
3.6537e+00
3.6460e+00
3.6348e+00
3.6322e+00
3.6227e+00
3.6149e+00
3.6028e+00
3.5985e+00
3.5700e+00
3.5665e+00
3.5553e+00
3.5415e+00
3.5268e+00
3.5181e+00
3.5017e+00
3.4956e+00
3.4809e+00
3.4636e+00
3.4446e+00
3.4377e+00
3.4160e+00
3.3944e+00
3.3788e+00
3.3658e+00
3.3485e+00
3.3329e+00
3.3225e+00
3.3052e+00
3.2844e+00
3.2636e+00
3.2436e+00
3.2306e+00
3.2115e+00
3.2002e+00
3.1742e+00
3.1603e+00
3.1316e+00
3.1151e+00
3.0769e+00
3.0517e+00
3.0239e+00
2.9969e+00
2.9717e+00
2.9447e+00
2.9133e+00
2.8837e+00
2.8524e+00
2.8262e+00
2.7905e+00
2.7695e+00
2.7433e+00
2.7119e+00
2.6910e+00
2.6639e+00
2.6456e+00
2.6237e+00
2.6036e+00
2.5809e+00
2.5713e+00
2.5555e+00
2.5398e+00
2.5267e+00
2.5109e+00
2.4969e+00
2.4776e+00
2.4671e+00
2.4549e+00
2.4400e+00
2.4304e+00
2.4137e+00
2.4032e+00
2.3936e+00
2.3848e+00
2.3673e+00
2.3541e+00
2.3462e+00
2.3331e+00
2.3155e+00
2.2971e+00
2.2804e+00
2.2717e+00
2.2541e+00
2.2339e+00
2.2190e+00
2.2067e+00
2.1883e+00
2.1768e+00
2.1610e+00
2.1505e+00
2.1311e+00
2.1056e+00
2.0995e+00
2.0749e+00
2.0529e+00
2.0379e+00
2.0168e+00
1.9992e+00
1.9833e+00
1.9692e+00
1.9490e+00
1.9296e+00
1.9146e+00
1.8873e+00
1.8741e+00
1.8573e+00
1.8370e+00
1.8256e+00
1.8088e+00
1.7894e+00
1.7682e+00
1.7585e+00
1.7452e+00
1.7293e+00
1.7046e+00
1.6958e+00
1.6799e+00
1.6551e+00
1.6339e+00
1.6127e+00
1.5985e+00
1.5738e+00
1.5569e+00
1.5481e+00
1.5348e+00
1.5198e+00
1.5020e+00
1.4852e+00
1.4622e+00
1.4453e+00
1.4338e+00
1.4232e+00
1.4099e+00
1.3984e+00
1.3842e+00
1.3691e+00
1.3655e+00
1.3611e+00
1.3469e+00
1.3443e+00
1.3292e+00
1.3176e+00
1.3212e+00
1.3132e+00
1.2999e+00
1.2892e+00
1.2777e+00
1.2661e+00
1.2555e+00
1.2493e+00
1.2350e+00
1.2190e+00
1.2031e+00
1.1933e+00
1.1719e+00
1.1622e+00
1.1417e+00
1.1373e+00
1.1204e+00
1.1221e+00
1.0919e+00
1.1070e+00
1.0883e+00
1.0830e+00
1.0759e+00
1.0705e+00
1.0572e+00
1.0687e+00
1.0492e+00
1.0429e+00
1.0376e+00
1.0420e+00
1.0349e+00
1.0340e+00
1.0305e+00
1.0198e+00
1.0126e+00
1.0055e+00
1.0011e+00
9.8947e-01
9.8591e-01
9.7611e-01
9.6719e-01
9.4313e-01
9.3599e-01
9.2440e-01
9.1192e-01
8.8605e-01
8.7802e-01
8.6731e-01
8.5214e-01
8.1911e-01
8.1197e-01
7.8250e-01
7.6999e-01
7.4319e-01
7.2710e-01
7.0833e-01
6.9313e-01
6.6809e-01
6.5020e-01
6.3230e-01
6.1530e-01
5.9292e-01
5.7412e-01
5.5173e-01
5.2934e-01
5.1321e-01
4.9887e-01
4.7377e-01
4.5584e-01
4.3790e-01
4.1279e-01
3.9664e-01
3.7869e-01
3.5984e-01
3.4189e-01
3.0506e-01
2.8799e-01
2.6373e-01
2.4666e-01
2.2778e-01
2.1609e-01
1.9360e-01
1.7561e-01
1.5492e-01
1.3962e-01
1.2072e-01
1.0271e-01
8.0197e-02
6.0380e-02
4.5063e-02
3.6053e-02
2.9744e-02
2.0732e-02
4.5070e-03
0000
3.6060e-03
9.0100e-04
9.0140e-03
1.1719e-02
1.6225e-02
1.5324e-02
2.0732e-02
2.2535e-02
3.8756e-02
3.9657e-02
5.2271e-02
5.1370e-02
6.5785e-02
6.6686e-02
7.7495e-02
7.9296e-02
8.2899e-02
8.0197e-02
8.0197e-02
7.8395e-02
8.4700e-02
8.1998e-02
1.0001e-01
8.7402e-02
1.0271e-01
1.0631e-01
1.1081e-01
1.0901e-01
1.4322e-01
1.4142e-01
1.5042e-01
1.5312e-01
1.7021e-01
1.7651e-01
2.0799e-01
2.1609e-01
2.6373e-01
2.7452e-01
3.1405e-01
3.3650e-01
3.8856e-01
4.1279e-01
4.8005e-01
5.3113e-01
6.2336e-01
6.7882e-01
7.9768e-01
8.8962e-01
1.0340e+00
1.1444e+00
1.3274e+00
1.4737e+00
1.6869e+00
1.8529e+00
2.0889e+00
2.2787e+00
2.5380e+00
2.7686e+00
3.0526e+00
3.2974e+00
3.6546e+00
3.8839e+00
4.2883e+00
4.5603e+00
5.0268e+00
5.3225e+00
5.8907e+00
6.2854e+00
6.9051e+00
7.3775e+00
8.0822e+00
8.5022e+00
9.1004e+00
9.5071e+00
1.0101e+01
1.0514e+01
1.1145e+01
1.1571e+01
1.2093e+01
1.2484e+01
1.2992e+01
1.3346e+01
1.3802e+01
1.4137e+01
1.4582e+01
1.4886e+01
1.5335e+01
1.5602e+01
1.6033e+01
1.6315e+01
1.6645e+01
1.6946e+01
1.7231e+01
1.7428e+01
1.7683e+01
1.7799e+01
1.7993e+01
1.8065e+01
1.8260e+01
1.8332e+01
1.8465e+01
1.8463e+01
1.8569e+01
1.8573e+01
1.8699e+01
1.8721e+01
1.8759e+01
1.8729e+01
1.8766e+01
1.8678e+01
1.8698e+01
1.8606e+01
1.8611e+01
1.8579e+01
1.8567e+01
1.8533e+01
1.8468e+01
1.8430e+01
1.8352e+01
1.8313e+01
1.8241e+01
1.8173e+01
1.8086e+01
1.7983e+01
1.7928e+01
1.7836e+01
1.7734e+01
1.7655e+01
1.7552e+01
1.7454e+01
1.7360e+01
1.7277e+01
1.7152e+01
1.7061e+01
1.6943e+01
1.6864e+01
1.6737e+01
1.6655e+01
1.6538e+01
1.6463e+01
1.6327e+01
1.6256e+01
1.6150e+01
1.6068e+01
1.5942e+01
1.5868e+01
1.5745e+01
1.5667e+01
1.5531e+01
1.5452e+01
1.5308e+01
1.5219e+01
1.5071e+01
1.5002e+01
1.4847e+01
1.4775e+01
1.4614e+01
1.4556e+01
1.4396e+01
1.4327e+01
1.4181e+01
1.4119e+01
1.3973e+01
1.3899e+01
1.3764e+01
1.3691e+01
1.3570e+01
1.3500e+01
1.3381e+01
1.3314e+01
1.3205e+01
1.3139e+01
1.3021e+01
1.2964e+01
1.2852e+01
1.2800e+01
1.2689e+01
1.2638e+01
1.2536e+01
1.2487e+01
1.2380e+01
1.2344e+01
1.2240e+01
1.2201e+01
1.2103e+01
1.2072e+01
1.1984e+01
1.1960e+01
1.1868e+01
1.1843e+01
1.1765e+01
1.1741e+01
1.1670e+01
1.1640e+01
1.1564e+01
1.1533e+01
1.1458e+01
1.1427e+01
1.1347e+01
1.1317e+01
1.1254e+01
1.1224e+01
1.1154e+01
1.1130e+01
1.1061e+01
1.1033e+01
1.0949e+01
1.0930e+01
1.0850e+01
1.0816e+01
1.0751e+01
1.0728e+01
1.0664e+01
1.0631e+01
1.0569e+01
1.0551e+01
1.0482e+01
1.0461e+01
1.0400e+01
1.0373e+01
1.0313e+01
1.0280e+01
1.0229e+01
1.0194e+01
1.0136e+01
1.0111e+01
1.0062e+01
1.0028e+01
9.9717e+00
9.9470e+00
9.8870e+00
9.8638e+00
9.8022e+00
9.7894e+00
9.7422e+00
9.7253e+00
9.6757e+00
9.6644e+00
9.6203e+00
9.6067e+00
9.5537e+00
9.5457e+00
9.4959e+00
9.5007e+00
9.4621e+00
9.4549e+00
9.4090e+00
9.4195e+00
9.3680e+00
9.3761e+00
9.3302e+00
9.3310e+00
9.2851e+00
9.2883e+00
9.2512e+00
9.2488e+00
9.1980e+00
