6.1014e+00
6.1014e+00
6.0796e+00
6.0796e+00
6.0796e+00
6.0796e+00
6.0796e+00
6.0578e+00
6.0578e+00
6.0578e+00
6.0360e+00
6.0360e+00
6.0360e+00
6.0360e+00
6.0360e+00
6.0142e+00
6.0142e+00
6.0142e+00
6.0142e+00
5.9924e+00
5.9924e+00
5.9924e+00
5.9924e+00
5.9924e+00
5.9924e+00
5.9706e+00
5.9706e+00
5.9706e+00
5.9706e+00
5.9706e+00
5.9706e+00
5.9488e+00
5.9488e+00
5.9488e+00
5.9270e+00
5.9270e+00
5.9270e+00
5.9270e+00
5.9270e+00
5.9052e+00
5.9052e+00
5.9052e+00
5.9270e+00
5.9052e+00
5.9052e+00
5.9052e+00
5.8834e+00
5.8834e+00
5.8834e+00
5.8616e+00
5.8616e+00
5.8616e+00
5.8616e+00
5.8616e+00
5.8616e+00
5.8616e+00
5.8616e+00
5.8616e+00
5.8616e+00
5.8616e+00
5.8398e+00
5.8398e+00
5.8398e+00
5.8180e+00
5.8180e+00
5.8180e+00
5.8180e+00
5.7962e+00
5.7962e+00
5.7962e+00
5.7962e+00
5.7962e+00
5.7962e+00
5.7744e+00
5.7962e+00
5.7744e+00
5.7526e+00
5.7526e+00
5.7308e+00
5.7308e+00
5.7308e+00
5.7090e+00
5.7090e+00
5.6872e+00
5.6872e+00
5.6654e+00
5.6654e+00
5.6654e+00
5.6436e+00
5.6436e+00
5.6218e+00
5.6218e+00
5.5999e+00
5.5999e+00
5.5999e+00
5.5781e+00
5.5563e+00
5.5563e+00
5.5563e+00
5.5345e+00
5.5345e+00
5.5345e+00
5.5127e+00
5.4909e+00
5.4909e+00
5.4909e+00
5.4909e+00
5.4690e+00
5.4690e+00
5.4472e+00
5.4472e+00
5.4472e+00
5.4472e+00
5.4254e+00
5.4254e+00
5.4254e+00
5.4254e+00
5.4254e+00
5.4036e+00
5.4036e+00
5.4036e+00
5.3817e+00
5.3817e+00
5.3817e+00
5.3817e+00
5.3817e+00
5.3817e+00
5.3599e+00
5.3599e+00
5.3599e+00
5.3599e+00
5.3381e+00
5.3381e+00
5.3381e+00
5.3381e+00
5.3381e+00
5.3381e+00
5.3163e+00
5.3163e+00
5.3163e+00
5.3163e+00
5.3163e+00
5.3163e+00
5.2944e+00
5.2944e+00
5.2944e+00
5.2726e+00
5.2944e+00
5.2726e+00
5.2726e+00
5.2726e+00
5.2726e+00
5.2726e+00
5.2508e+00
5.2508e+00
5.2508e+00
5.2508e+00
5.2508e+00
5.2508e+00
5.2289e+00
5.2289e+00
5.2071e+00
5.2071e+00
5.2071e+00
5.2071e+00
5.2071e+00
5.2071e+00
5.1853e+00
5.2071e+00
5.1853e+00
5.1853e+00
5.2071e+00
5.1853e+00
5.1853e+00
5.1853e+00
5.1634e+00
5.1634e+00
5.1634e+00
5.1634e+00
5.1634e+00
5.1634e+00
5.1416e+00
5.1416e+00
5.1416e+00
5.1416e+00
5.1416e+00
5.1416e+00
5.1197e+00
5.1197e+00
5.1197e+00
5.1197e+00
5.0979e+00
5.0979e+00
5.0979e+00
5.0979e+00
5.0979e+00
5.0979e+00
5.1197e+00
5.0979e+00
5.0979e+00
5.0979e+00
5.0979e+00
5.0979e+00
5.1197e+00
5.0979e+00
5.0979e+00
5.0979e+00
5.0979e+00
5.0761e+00
5.0979e+00
5.0979e+00
5.0761e+00
5.0761e+00
5.0761e+00
5.0979e+00
5.0979e+00
5.0761e+00
5.0761e+00
5.0761e+00
5.0761e+00
5.0761e+00
5.0542e+00
5.0542e+00
5.0542e+00
5.0761e+00
5.0761e+00
5.0761e+00
5.0542e+00
5.0761e+00
5.0761e+00
5.0542e+00
5.0542e+00
5.0542e+00
5.0542e+00
5.0542e+00
5.0542e+00
5.0542e+00
5.0324e+00
5.0324e+00
5.0542e+00
5.0324e+00
5.0324e+00
5.0324e+00
5.0324e+00
5.0324e+00
5.0324e+00
5.0105e+00
5.0324e+00
5.0324e+00
5.0324e+00
5.0105e+00
5.0105e+00
5.0105e+00
5.0105e+00
5.0105e+00
4.9887e+00
4.9887e+00
4.9887e+00
4.9668e+00
4.9668e+00
4.9887e+00
4.9668e+00
4.9668e+00
4.9450e+00
4.9450e+00
4.9450e+00
4.9450e+00
4.9450e+00
4.9231e+00
4.9231e+00
4.9231e+00
4.9013e+00
4.9013e+00
4.9013e+00
4.8794e+00
4.8794e+00
4.8794e+00
4.8576e+00
4.8576e+00
4.8576e+00
4.8576e+00
4.8576e+00
4.8357e+00
4.8357e+00
4.8357e+00
4.8357e+00
4.8357e+00
4.8139e+00
4.8139e+00
4.8139e+00
4.8357e+00
4.8139e+00
4.8139e+00
4.8357e+00
4.8357e+00
4.8139e+00
4.8139e+00
4.8139e+00
4.7920e+00
4.8139e+00
4.7920e+00
4.7920e+00
4.7920e+00
4.7920e+00
4.7702e+00
4.7920e+00
4.7920e+00
4.7920e+00
4.8139e+00
4.8139e+00
4.8139e+00
4.8139e+00
4.8139e+00
4.8357e+00
4.8357e+00
4.8357e+00
4.8357e+00
4.8357e+00
4.8139e+00
4.8357e+00
4.8357e+00
4.8576e+00
4.8576e+00
4.8576e+00
4.8576e+00
4.8794e+00
4.8794e+00
4.9013e+00
4.9013e+00
4.9013e+00
4.9013e+00
4.9013e+00
4.9013e+00
4.8794e+00
4.8794e+00
4.8794e+00
4.8794e+00
4.8794e+00
4.8794e+00
4.8794e+00
4.8794e+00
4.8576e+00
4.8794e+00
4.8576e+00
4.8576e+00
4.8576e+00
4.8576e+00
4.8357e+00
4.8576e+00
4.8357e+00
4.8139e+00
4.8139e+00
4.8139e+00
4.8139e+00
4.8139e+00
4.8139e+00
4.8139e+00
4.8139e+00
4.8139e+00
4.8139e+00
4.8139e+00
4.7920e+00
4.7920e+00
4.7920e+00
4.7920e+00
4.7920e+00
4.7920e+00
4.7920e+00
4.7702e+00
4.7920e+00
4.7920e+00
4.7920e+00
4.7920e+00
4.7920e+00
4.7702e+00
4.7702e+00
4.7702e+00
4.7702e+00
4.7702e+00
4.7702e+00
4.7702e+00
4.7702e+00
4.7702e+00
4.7702e+00
4.7702e+00
4.7702e+00
4.7920e+00
4.7920e+00
4.7920e+00
4.7920e+00
4.7920e+00
4.7920e+00
4.7920e+00
4.7920e+00
4.7920e+00
4.7920e+00
4.7920e+00
4.7920e+00
4.7920e+00
4.7920e+00
4.7920e+00
4.7920e+00
4.8139e+00
4.8139e+00
4.8139e+00
4.8139e+00
4.8139e+00
4.8139e+00
4.8139e+00
4.8139e+00
4.8139e+00
4.8139e+00
4.8139e+00
4.8139e+00
4.8139e+00
4.8139e+00
4.8139e+00
4.8357e+00
4.8357e+00
4.8357e+00
4.8357e+00
4.8357e+00
4.8357e+00
4.8576e+00
4.8357e+00
4.8357e+00
4.8357e+00
4.8357e+00
4.8357e+00
4.8576e+00
4.8576e+00
4.8576e+00
4.8794e+00
4.9013e+00
4.9013e+00
4.9231e+00
4.9231e+00
4.9013e+00
4.9231e+00
4.9450e+00
4.9231e+00
4.9450e+00
4.9450e+00
4.9450e+00
4.9450e+00
4.9450e+00
4.9668e+00
4.9668e+00
4.9668e+00
4.9668e+00
4.9887e+00
4.9887e+00
5.0105e+00
5.0105e+00
4.9887e+00
4.9887e+00
5.0105e+00
5.0105e+00
4.9887e+00
4.9887e+00
5.0105e+00
5.0105e+00
5.0105e+00
5.0105e+00
5.0105e+00
4.9887e+00
4.9887e+00
4.9887e+00
4.9887e+00
4.9887e+00
4.9887e+00
4.9887e+00
4.9887e+00
4.9668e+00
4.9668e+00
4.9668e+00
4.9668e+00
4.9450e+00
4.9668e+00
4.9450e+00
4.9450e+00
4.9450e+00
4.9450e+00
4.9231e+00
4.9231e+00
4.9231e+00
4.9231e+00
4.9231e+00
4.9231e+00
4.9013e+00
4.8794e+00
4.8794e+00
4.8794e+00
4.8794e+00
4.8576e+00
4.8576e+00
4.8576e+00
4.8576e+00
4.8576e+00
4.8794e+00
4.8794e+00
4.8794e+00
4.8794e+00
4.8576e+00
4.8576e+00
4.8576e+00
4.8576e+00
4.8576e+00
4.8576e+00
4.8576e+00
4.8576e+00
4.8576e+00
4.8576e+00
4.8576e+00
4.8576e+00
4.8576e+00
4.8357e+00
4.8576e+00
4.8576e+00
4.8357e+00
4.8357e+00
4.8357e+00
4.8357e+00
4.8357e+00
4.8357e+00
4.8357e+00
4.8357e+00
4.8357e+00
4.8357e+00
4.8576e+00
4.8357e+00
4.8357e+00
4.8357e+00
4.8357e+00
4.8357e+00
4.8139e+00
4.8139e+00
4.7920e+00
4.7920e+00
4.7702e+00
4.7702e+00
4.7483e+00
4.7483e+00
4.7265e+00
4.7265e+00
4.7046e+00
4.7046e+00
4.7046e+00
4.6827e+00
4.6827e+00
4.6609e+00
4.6609e+00
4.6609e+00
4.6390e+00
4.6390e+00
4.6171e+00
4.6171e+00
4.6171e+00
4.5953e+00
4.5953e+00
4.5953e+00
4.5953e+00
4.5953e+00
4.5734e+00
4.5734e+00
4.5734e+00
4.5515e+00
4.5515e+00
4.5297e+00
4.5297e+00
4.5297e+00
4.5078e+00
4.4859e+00
4.5078e+00
4.4859e+00
4.4859e+00
4.4641e+00
4.4641e+00
4.4641e+00
4.4422e+00
4.4422e+00
4.4203e+00
4.4203e+00
4.4203e+00
4.3984e+00
4.3984e+00
4.3765e+00
4.3547e+00
4.3547e+00
4.3328e+00
4.3328e+00
4.3328e+00
4.3109e+00
4.2890e+00
4.2890e+00
4.2890e+00
4.2671e+00
4.2671e+00
4.2453e+00
4.2234e+00
4.2234e+00
4.2015e+00
4.2015e+00
4.1796e+00
4.1577e+00
4.1577e+00
4.1577e+00
4.1358e+00
4.1139e+00
4.0920e+00
4.0920e+00
4.0701e+00
4.0701e+00
4.0482e+00
4.0482e+00
4.0263e+00
4.0045e+00
4.0045e+00
3.9826e+00
3.9826e+00
3.9607e+00
3.9607e+00
3.9607e+00
3.9388e+00
3.9388e+00
3.9169e+00
3.9169e+00
3.9169e+00
3.8949e+00
3.8949e+00
3.8949e+00
3.8730e+00
3.8730e+00
3.8730e+00
3.8511e+00
3.8511e+00
3.8292e+00
3.8292e+00
3.8292e+00
3.8292e+00
3.8292e+00
3.8292e+00
3.8292e+00
3.8073e+00
3.8073e+00
3.8073e+00
3.8073e+00
3.8073e+00
3.7854e+00
3.7854e+00
3.7854e+00
3.7635e+00
3.7635e+00
3.7854e+00
3.7854e+00
3.7635e+00
3.7635e+00
3.7635e+00
3.7854e+00
3.7635e+00
3.7635e+00
3.7635e+00
3.7416e+00
3.7416e+00
3.7416e+00
3.7416e+00
3.7416e+00
3.7416e+00
3.7416e+00
3.7416e+00
3.7197e+00
3.7416e+00
3.7416e+00
3.7416e+00
3.7416e+00
3.7416e+00
3.7197e+00
3.7197e+00
3.7416e+00
3.7197e+00
3.7197e+00
3.7197e+00
3.7197e+00
3.6978e+00
3.7197e+00
3.7197e+00
3.7197e+00
3.6978e+00
3.6978e+00
3.6978e+00
3.6978e+00
3.7197e+00
3.6978e+00
3.6978e+00
3.6978e+00
3.6759e+00
3.6759e+00
3.6759e+00
3.6978e+00
3.6978e+00
3.6759e+00
3.6759e+00
3.6759e+00
3.6759e+00
3.6759e+00
3.6539e+00
3.6539e+00
3.6539e+00
3.6539e+00
3.6539e+00
3.6539e+00
3.6320e+00
3.6320e+00
3.6320e+00
3.6320e+00
3.6101e+00
3.6101e+00
3.6101e+00
3.6320e+00
3.6101e+00
3.6101e+00
3.6101e+00
3.6101e+00
3.6101e+00
3.6101e+00
3.6101e+00
3.6101e+00
3.6101e+00
3.6101e+00
3.5882e+00
3.6101e+00
3.6101e+00
3.6101e+00
3.5882e+00
3.6101e+00
3.6101e+00
3.6101e+00
3.6101e+00
3.6101e+00
3.6101e+00
3.5882e+00
3.5882e+00
3.6101e+00
3.5882e+00
3.5882e+00
3.5882e+00
3.5882e+00
3.5882e+00
3.5882e+00
3.5882e+00
3.6101e+00
3.6101e+00
3.6101e+00
3.6101e+00
3.6101e+00
3.5882e+00
3.5882e+00
3.5882e+00
3.5663e+00
3.5882e+00
3.5882e+00
3.5663e+00
3.5663e+00
3.5663e+00
3.5663e+00
3.5882e+00
3.5882e+00
3.5882e+00
3.5882e+00
3.5882e+00
3.5882e+00
3.5882e+00
3.5882e+00
3.5663e+00
3.5663e+00
3.5663e+00
3.5663e+00
3.5663e+00
3.5443e+00
3.5443e+00
3.5443e+00
3.5443e+00
3.5224e+00
3.5224e+00
3.5224e+00
3.5224e+00
3.5005e+00
3.5005e+00
3.5005e+00
3.5005e+00
3.4786e+00
3.4786e+00
3.4786e+00
3.4786e+00
3.4786e+00
3.4786e+00
3.4786e+00
3.4786e+00
3.4786e+00
3.4566e+00
3.4786e+00
3.4786e+00
3.4566e+00
3.4566e+00
3.4566e+00
3.4566e+00
3.4566e+00
3.4566e+00
3.4566e+00
3.4566e+00
3.4566e+00
3.4566e+00
3.4566e+00
3.4566e+00
3.4566e+00
3.4566e+00
3.4566e+00
3.4566e+00
3.4566e+00
3.4566e+00
3.4347e+00
3.4566e+00
3.4566e+00
3.4566e+00
3.4566e+00
3.4566e+00
3.4566e+00
3.4566e+00
3.4566e+00
3.4566e+00
3.4566e+00
3.4566e+00
3.4566e+00
3.4566e+00
3.4566e+00
3.4347e+00
3.4347e+00
3.4347e+00
3.4347e+00
3.4347e+00
3.4347e+00
3.4347e+00
3.4347e+00
3.4128e+00
3.4128e+00
3.4128e+00
3.4128e+00
3.4128e+00
3.4128e+00
3.4128e+00
3.4128e+00
3.4128e+00
3.3689e+00
3.3689e+00
3.3689e+00
3.3689e+00
3.3689e+00
3.3689e+00
3.3470e+00
3.3470e+00
3.3470e+00
3.3470e+00
3.3689e+00
3.3470e+00
3.3470e+00
3.3470e+00
3.3470e+00
3.3251e+00
3.3251e+00
3.3251e+00
3.3251e+00
3.3251e+00
3.3251e+00
3.3251e+00
3.3251e+00
3.3251e+00
3.3031e+00
3.3251e+00
3.3251e+00
3.3251e+00
3.3251e+00
3.3251e+00
3.3251e+00
3.3251e+00
3.3251e+00
3.3251e+00
3.3031e+00
3.2812e+00
3.2812e+00
3.3031e+00
3.2812e+00
3.2812e+00
3.2812e+00
3.2812e+00
3.2593e+00
3.2593e+00
3.2593e+00
3.2593e+00
3.2373e+00
3.2373e+00
3.2154e+00
3.2154e+00
3.2154e+00
3.2154e+00
3.1935e+00
3.1935e+00
3.1935e+00
3.1935e+00
3.1935e+00
3.1935e+00
3.1935e+00
3.1715e+00
3.1715e+00
3.1715e+00
3.1496e+00
3.1496e+00
3.1496e+00
3.1496e+00
3.1276e+00
3.1276e+00
3.1276e+00
3.1276e+00
3.1276e+00
3.1057e+00
3.1276e+00
3.1276e+00
3.1057e+00
3.1057e+00
3.1057e+00
3.0837e+00
3.0837e+00
3.0837e+00
3.0837e+00
3.0618e+00
3.0618e+00
3.0618e+00
3.0618e+00
3.0618e+00
3.0618e+00
3.0618e+00
3.0618e+00
3.0398e+00
3.0398e+00
3.0398e+00
3.0398e+00
3.0398e+00
3.0398e+00
3.0398e+00
3.0398e+00
3.0398e+00
3.0398e+00
3.0179e+00
3.0179e+00
3.0179e+00
3.0179e+00
3.0179e+00
3.0179e+00
3.0179e+00
3.0179e+00
3.0179e+00
3.0179e+00
3.0179e+00
3.0179e+00
3.0179e+00
3.0179e+00
2.9959e+00
2.9959e+00
2.9959e+00
2.9959e+00
2.9959e+00
2.9959e+00
2.9959e+00
3.0179e+00
2.9959e+00
2.9959e+00
2.9959e+00
2.9959e+00
2.9959e+00
2.9959e+00
2.9740e+00
2.9740e+00
2.9740e+00
2.9740e+00
2.9520e+00
2.9740e+00
2.9740e+00
2.9740e+00
2.9740e+00
2.9740e+00
2.9740e+00
2.9740e+00
2.9740e+00
2.9740e+00
2.9520e+00
2.9520e+00
2.9520e+00
2.9520e+00
2.9520e+00
2.9301e+00
2.9301e+00
2.9301e+00
2.9301e+00
2.9301e+00
2.9301e+00
2.9301e+00
2.9301e+00
2.9081e+00
2.9081e+00
2.9081e+00
2.8862e+00
2.8642e+00
2.8642e+00
2.8642e+00
2.8642e+00
2.8423e+00
2.8423e+00
2.8203e+00
2.8203e+00
2.8203e+00
2.7983e+00
2.8203e+00
2.7983e+00
2.7983e+00
2.7764e+00
2.7764e+00
2.7764e+00
2.7764e+00
2.7544e+00
2.7544e+00
2.7544e+00
2.7325e+00
2.7325e+00
2.7325e+00
2.7325e+00
2.7325e+00
2.7325e+00
2.7325e+00
2.7325e+00
2.7105e+00
2.7105e+00
2.7105e+00
2.7105e+00
2.7105e+00
2.7105e+00
2.7105e+00
2.7105e+00
2.6885e+00
2.6885e+00
2.6885e+00
2.7105e+00
2.7105e+00
2.7105e+00
2.7105e+00
2.7105e+00
2.7325e+00
2.7105e+00
2.7105e+00
2.7105e+00
2.7105e+00
2.7105e+00
2.7325e+00
2.7105e+00
2.7325e+00
2.7325e+00
2.7325e+00
2.7325e+00
2.7544e+00
2.7544e+00
2.7544e+00
2.7544e+00
2.7544e+00
2.7544e+00
2.7325e+00
2.7325e+00
2.7325e+00
2.7325e+00
2.7325e+00
2.7105e+00
2.7105e+00
2.6885e+00
2.7105e+00
2.6885e+00
2.6885e+00
2.6885e+00
2.6885e+00
2.6666e+00
2.6666e+00
2.6446e+00
2.6446e+00
2.6446e+00
2.6226e+00
2.6226e+00
2.6006e+00
2.6006e+00
2.5787e+00
2.5787e+00
2.5787e+00
2.5567e+00
2.5567e+00
2.5567e+00
2.5567e+00
2.5347e+00
2.5347e+00
2.5128e+00
2.5128e+00
2.4908e+00
2.4908e+00
2.4688e+00
2.4688e+00
2.4468e+00
2.4468e+00
2.4468e+00
2.4248e+00
2.4029e+00
2.4029e+00
2.3809e+00
2.3809e+00
2.3809e+00
2.3589e+00
2.3589e+00
2.3369e+00
2.3369e+00
2.3149e+00
2.3149e+00
2.2929e+00
2.2929e+00
2.2929e+00
2.2709e+00
2.2490e+00
2.2490e+00
2.2490e+00
2.2490e+00
2.2270e+00
2.2270e+00
2.2270e+00
2.2270e+00
2.2050e+00
2.1830e+00
2.1830e+00
2.1830e+00
2.1830e+00
2.1830e+00
2.1610e+00
2.1830e+00
2.1610e+00
2.1610e+00
2.1610e+00
2.1610e+00
2.1610e+00
2.1610e+00
2.1610e+00
2.1610e+00
2.1390e+00
2.1610e+00
2.1390e+00
2.1610e+00
2.1610e+00
2.1610e+00
2.1390e+00
2.1610e+00
2.1610e+00
2.1610e+00
2.1610e+00
2.1610e+00
2.1610e+00
2.1390e+00
2.1390e+00
2.1610e+00
2.1390e+00
2.1390e+00
2.1390e+00
2.1390e+00
2.1170e+00
2.1170e+00
2.1170e+00
2.1170e+00
2.1390e+00
2.1170e+00
2.1170e+00
2.1170e+00
2.1170e+00
2.1170e+00
2.0950e+00
2.1170e+00
2.0950e+00
2.0950e+00
2.0950e+00
2.0950e+00
2.0730e+00
2.0950e+00
2.0730e+00
2.0730e+00
2.0730e+00
2.0730e+00
2.0730e+00
2.0730e+00
2.0730e+00
2.0730e+00
2.0510e+00
2.0510e+00
2.0510e+00
2.0510e+00
2.0510e+00
2.0290e+00
2.0290e+00
2.0290e+00
2.0290e+00
2.0290e+00
2.0290e+00
2.0290e+00
2.0290e+00
2.0290e+00
2.0290e+00
2.0290e+00
2.0070e+00
2.0070e+00
1.9850e+00
1.9850e+00
1.9850e+00
1.9850e+00
2.0070e+00
1.9850e+00
1.9850e+00
1.9850e+00
1.9850e+00
1.9630e+00
1.9630e+00
1.9630e+00
1.9630e+00
1.9630e+00
1.9630e+00
1.9630e+00
1.9410e+00
1.9410e+00
1.9630e+00
1.9410e+00
1.9190e+00
1.9190e+00
1.9190e+00
1.9190e+00
1.9190e+00
1.9190e+00
1.9190e+00
1.9190e+00
1.9190e+00
1.8970e+00
1.9190e+00
1.8970e+00
1.8970e+00
1.8970e+00
1.8970e+00
1.8970e+00
1.8750e+00
1.8970e+00
1.8970e+00
1.8750e+00
1.8970e+00
1.8750e+00
1.8750e+00
1.8970e+00
1.8750e+00
1.8750e+00
1.8750e+00
1.8530e+00
1.8530e+00
1.8530e+00
1.8530e+00
1.8309e+00
1.8309e+00
1.8309e+00
1.8530e+00
1.8309e+00
1.8309e+00
1.8309e+00
1.8530e+00
1.8309e+00
1.8309e+00
1.8309e+00
1.8089e+00
1.8089e+00
1.8089e+00
1.8089e+00
1.7869e+00
1.7869e+00
1.7869e+00
1.7869e+00
1.7869e+00
1.7869e+00
1.7869e+00
1.7869e+00
1.7869e+00
1.7869e+00
1.7869e+00
1.7869e+00
1.7869e+00
1.7649e+00
1.7649e+00
1.7649e+00
1.7649e+00
1.7429e+00
1.7429e+00
1.7429e+00
1.7429e+00
1.7429e+00
1.7429e+00
1.7429e+00
1.7429e+00
1.7429e+00
1.7429e+00
1.7429e+00
1.7209e+00
1.7209e+00
1.7209e+00
1.7209e+00
1.6989e+00
1.6989e+00
1.6989e+00
1.6989e+00
1.6989e+00
1.6989e+00
1.6989e+00
1.6989e+00
1.6989e+00
1.6768e+00
1.6768e+00
1.6768e+00
1.6768e+00
1.6768e+00
1.6548e+00
1.6548e+00
1.6548e+00
1.6548e+00
1.6548e+00
1.6548e+00
1.6548e+00
1.6328e+00
1.6328e+00
1.6328e+00
1.6328e+00
1.6328e+00
1.6328e+00
1.6108e+00
1.6328e+00
1.6328e+00
1.6108e+00
1.6108e+00
1.6108e+00
1.6108e+00
1.6108e+00
1.6108e+00
1.6108e+00
1.6108e+00
1.6108e+00
1.6108e+00
1.6108e+00
1.6108e+00
1.5888e+00
1.5888e+00
1.5888e+00
1.5888e+00
1.5888e+00
1.5888e+00
1.5888e+00
1.5888e+00
1.5888e+00
1.5888e+00
1.5888e+00
1.5888e+00
1.5888e+00
1.5888e+00
1.5888e+00
1.5667e+00
1.5667e+00
1.5667e+00
1.5667e+00
1.5667e+00
1.5667e+00
1.5667e+00
1.5447e+00
1.5447e+00
1.5447e+00
1.5447e+00
1.5447e+00
1.5447e+00
1.5447e+00
1.5227e+00
1.5227e+00
1.5227e+00
1.5227e+00
1.5006e+00
1.5006e+00
1.5006e+00
1.5006e+00
1.4786e+00
1.4566e+00
1.4566e+00
1.4566e+00
1.4566e+00
1.4566e+00
1.4346e+00
1.4346e+00
1.4346e+00
1.4125e+00
1.4346e+00
1.4125e+00
1.3905e+00
1.3905e+00
1.3905e+00
1.3684e+00
1.3684e+00
1.3684e+00
1.3684e+00
1.3684e+00
1.3464e+00
1.3464e+00
1.3684e+00
1.3684e+00
1.3464e+00
1.3464e+00
1.3464e+00
1.3464e+00
1.3464e+00
1.3464e+00
1.3464e+00
1.3244e+00
1.3244e+00
1.3244e+00
1.3244e+00
1.3244e+00
1.3244e+00
1.3244e+00
1.3244e+00
1.3244e+00
1.3244e+00
1.3244e+00
1.3244e+00
1.3244e+00
1.3244e+00
1.3244e+00
1.3023e+00
1.3023e+00
1.3023e+00
1.3023e+00
1.3023e+00
1.3244e+00
1.3023e+00
1.3244e+00
1.3244e+00
1.3244e+00
1.3244e+00
1.3244e+00
1.3244e+00
1.3244e+00
1.3244e+00
1.3244e+00
1.3244e+00
1.3464e+00
1.3464e+00
1.3244e+00
1.3464e+00
1.3464e+00
1.3464e+00
1.3464e+00
1.3464e+00
1.3464e+00
1.3464e+00
1.3464e+00
1.3464e+00
1.3464e+00
1.3464e+00
1.3464e+00
1.3464e+00
1.3464e+00
1.3464e+00
1.3464e+00
1.3464e+00
1.3684e+00
1.3464e+00
1.3464e+00
1.3464e+00
1.3684e+00
1.3684e+00
1.3684e+00
1.3464e+00
1.3684e+00
1.3684e+00
1.3464e+00
1.3464e+00
1.3464e+00
1.3464e+00
1.3464e+00
1.3464e+00
1.3464e+00
1.3464e+00
1.3464e+00
1.3464e+00
1.3464e+00
1.3464e+00
1.3464e+00
1.3464e+00
1.3464e+00
1.3464e+00
1.3464e+00
1.3244e+00
1.3244e+00
1.3244e+00
1.3244e+00
1.3244e+00
1.3464e+00
1.3244e+00
1.3244e+00
1.3244e+00
1.3464e+00
1.3464e+00
1.3464e+00
1.3464e+00
1.3244e+00
1.3464e+00
1.3464e+00
1.3464e+00
1.3244e+00
1.3244e+00
1.3244e+00
1.3244e+00
1.3244e+00
1.3244e+00
1.3244e+00
1.3244e+00
1.3464e+00
1.3244e+00
1.3244e+00
1.3244e+00
1.3244e+00
1.3023e+00
1.3023e+00
1.3023e+00
1.2803e+00
1.2803e+00
1.2803e+00
1.2803e+00
1.2803e+00
1.2803e+00
1.2803e+00
1.2583e+00
1.2583e+00
1.2583e+00
1.2583e+00
1.2362e+00
1.2142e+00
1.2362e+00
1.2142e+00
1.2142e+00
1.2142e+00
1.2142e+00
1.2142e+00
1.2142e+00
1.1921e+00
1.1921e+00
1.1921e+00
1.1921e+00
1.1921e+00
1.1921e+00
1.1701e+00
1.1701e+00
1.1701e+00
1.1701e+00
1.1480e+00
1.1480e+00
1.1480e+00
1.1260e+00
1.1260e+00
1.1260e+00
1.1260e+00
1.1260e+00
1.1260e+00
1.1260e+00
1.1260e+00
1.1260e+00
1.1260e+00
1.1260e+00
1.1260e+00
1.1260e+00
1.1039e+00
1.1260e+00
1.1260e+00
1.1260e+00
1.1039e+00
1.1039e+00
1.1039e+00
1.1039e+00
1.1039e+00
1.1039e+00
1.0819e+00
1.0819e+00
1.0819e+00
1.0598e+00
1.0598e+00
1.0598e+00
1.0378e+00
1.0157e+00
1.0157e+00
9.9367e-01
9.9367e-01
9.9367e-01
9.9367e-01
9.9367e-01
9.7162e-01
9.4956e-01
9.4956e-01
9.4956e-01
9.2750e-01
9.2750e-01
9.0544e-01
9.0544e-01
9.0544e-01
8.8338e-01
8.8338e-01
8.8338e-01
8.6132e-01
8.6132e-01
8.6132e-01
8.6132e-01
8.6132e-01
8.6132e-01
8.3926e-01
8.3926e-01
8.3926e-01
8.1719e-01
8.1719e-01
8.1719e-01
7.9513e-01
7.9513e-01
7.9513e-01
7.7306e-01
7.7306e-01
7.7306e-01
7.5099e-01
7.5099e-01
7.5099e-01
7.5099e-01
7.2892e-01
7.2892e-01
7.2892e-01
7.0685e-01
6.8478e-01
6.8478e-01
6.8478e-01
6.6271e-01
6.6271e-01
6.6271e-01
6.6271e-01
6.4064e-01
6.4064e-01
6.4064e-01
6.4064e-01
6.4064e-01
6.1856e-01
6.1856e-01
6.1856e-01
6.1856e-01
6.1856e-01
5.9649e-01
5.9649e-01
5.9649e-01
5.9649e-01
5.9649e-01
5.9649e-01
5.9649e-01
5.9649e-01
5.9649e-01
5.9649e-01
5.9649e-01
5.9649e-01
5.9649e-01
5.9649e-01
5.9649e-01
5.7441e-01
5.7441e-01
5.7441e-01
5.7441e-01
5.9649e-01
5.9649e-01
5.9649e-01
5.9649e-01
5.7441e-01
5.7441e-01
5.7441e-01
5.7441e-01
5.7441e-01
5.5233e-01
5.5233e-01
5.5233e-01
5.3025e-01
5.5233e-01
5.3025e-01
5.3025e-01
5.5233e-01
5.3025e-01
5.0817e-01
5.0817e-01
5.0817e-01
4.8609e-01
4.8609e-01
5.0817e-01
4.8609e-01
4.8609e-01
4.6401e-01
4.6401e-01
4.6401e-01
4.6401e-01
4.4192e-01
4.4192e-01
4.4192e-01
4.4192e-01
4.4192e-01
4.1984e-01
4.1984e-01
4.1984e-01
3.9775e-01
3.9775e-01
3.9775e-01
3.9775e-01
3.7566e-01
3.5358e-01
3.5358e-01
3.5358e-01
3.3149e-01
3.3149e-01
3.3149e-01
3.3149e-01
3.3149e-01
3.0939e-01
3.0939e-01
3.0939e-01
2.8730e-01
2.8730e-01
2.8730e-01
2.8730e-01
2.6521e-01
2.6521e-01
2.6521e-01
2.6521e-01
2.4312e-01
2.4312e-01
2.4312e-01
2.4312e-01
2.2102e-01
2.2102e-01
2.2102e-01
2.2102e-01
2.2102e-01
1.9892e-01
1.9892e-01
1.9892e-01
1.9892e-01
1.9892e-01
1.7682e-01
1.7682e-01
1.7682e-01
1.7682e-01
1.7682e-01
1.5473e-01
1.5473e-01
1.5473e-01
1.5473e-01
1.5473e-01
1.5473e-01
1.5473e-01
1.3262e-01
1.3262e-01
1.3262e-01
1.3262e-01
1.1052e-01
1.1052e-01
1.1052e-01
1.1052e-01
1.1052e-01
1.1052e-01
1.1052e-01
1.1052e-01
1.1052e-01
1.1052e-01
1.1052e-01
1.1052e-01
1.1052e-01
1.1052e-01
8.8421e-02
1.1052e-01
1.1052e-01
1.1052e-01
8.8421e-02
1.1052e-01
1.1052e-01
8.8421e-02
1.1052e-01
1.1052e-01
8.8421e-02
8.8421e-02
1.1052e-01
1.1052e-01
1.1052e-01
1.1052e-01
1.1052e-01
8.8421e-02
1.1052e-01
1.1052e-01
8.8421e-02
8.8421e-02
8.8421e-02
1.1052e-01
1.1052e-01
8.8421e-02
8.8421e-02
1.1052e-01
1.1052e-01
1.1052e-01
1.1052e-01
1.1052e-01
8.8421e-02
8.8421e-02
8.8421e-02
8.8421e-02
8.8421e-02
8.8421e-02
8.8421e-02
8.8421e-02
8.8421e-02
1.1052e-01
8.8421e-02
8.8421e-02
8.8421e-02
8.8421e-02
1.1052e-01
8.8421e-02
8.8421e-02
8.8421e-02
8.8421e-02
8.8421e-02
1.1052e-01
1.1052e-01
1.1052e-01
1.1052e-01
1.1052e-01
1.1052e-01
1.1052e-01
1.1052e-01
1.3262e-01
1.3262e-01
1.3262e-01
1.3262e-01
1.1052e-01
1.3262e-01
1.3262e-01
1.3262e-01
1.5473e-01
1.3262e-01
1.5473e-01
1.5473e-01
1.5473e-01
1.7682e-01
1.7682e-01
1.7682e-01
1.7682e-01
1.7682e-01
1.5473e-01
1.5473e-01
1.5473e-01
1.5473e-01
1.5473e-01
1.5473e-01
1.3262e-01
1.5473e-01
1.3262e-01
1.3262e-01
1.3262e-01
1.3262e-01
1.3262e-01
1.3262e-01
1.3262e-01
1.1052e-01
1.1052e-01
8.8421e-02
8.8421e-02
8.8421e-02
8.8421e-02
6.6318e-02
6.6318e-02
6.6318e-02
6.6318e-02
6.6318e-02
6.6318e-02
4.4213e-02
4.4213e-02
4.4213e-02
4.4213e-02
4.4213e-02
4.4213e-02
4.4213e-02
4.4213e-02
2.2107e-02
2.2107e-02
2.2107e-02
2.2107e-02
0000
0000
2.2107e-02
2.2107e-02
2.2107e-02
2.2107e-02
2.2107e-02
0000
0000
2.2107e-02
2.2107e-02
0000
0000
0000
0000
0000
0000
