1.2473e+01
1.2458e+01
1.2443e+01
1.2412e+01
1.2412e+01
1.2397e+01
1.2382e+01
1.2367e+01
1.2352e+01
1.2337e+01
1.2306e+01
1.2306e+01
1.2291e+01
1.2276e+01
1.2276e+01
1.2261e+01
1.2261e+01
1.2245e+01
1.2230e+01
1.2215e+01
1.2185e+01
1.2185e+01
1.2170e+01
1.2170e+01
1.2154e+01
1.2139e+01
1.2124e+01
1.2109e+01
1.2109e+01
1.2094e+01
1.2079e+01
1.2094e+01
1.2079e+01
1.2079e+01
1.2063e+01
1.2063e+01
1.2063e+01
1.2033e+01
1.2018e+01
1.2018e+01
1.2018e+01
1.2003e+01
1.1987e+01
1.1987e+01
1.1972e+01
1.1972e+01
1.1957e+01
1.1942e+01
1.1942e+01
1.1927e+01
1.1911e+01
1.1896e+01
1.1896e+01
1.1881e+01
1.1881e+01
1.1881e+01
1.1851e+01
1.1851e+01
1.1851e+01
1.1836e+01
1.1836e+01
1.1820e+01
1.1820e+01
1.1805e+01
1.1805e+01
1.1790e+01
1.1775e+01
1.1760e+01
1.1760e+01
1.1744e+01
1.1729e+01
1.1714e+01
1.1699e+01
1.1699e+01
1.1668e+01
1.1668e+01
1.1668e+01
1.1653e+01
1.1653e+01
1.1653e+01
1.1638e+01
1.1638e+01
1.1623e+01
1.1608e+01
1.1592e+01
1.1592e+01
1.1577e+01
1.1577e+01
1.1547e+01
1.1532e+01
1.1532e+01
1.1532e+01
1.1516e+01
1.1501e+01
1.1501e+01
1.1486e+01
1.1486e+01
1.1455e+01
1.1440e+01
1.1425e+01
1.1410e+01
1.1410e+01
1.1379e+01
1.1379e+01
1.1364e+01
1.1364e+01
1.1349e+01
1.1319e+01
1.1319e+01
1.1303e+01
1.1288e+01
1.1288e+01
1.1273e+01
1.1258e+01
1.1242e+01
1.1227e+01
1.1227e+01
1.1212e+01
1.1197e+01
1.1182e+01
1.1166e+01
1.1151e+01
1.1136e+01
1.1121e+01
1.1090e+01
1.1075e+01
1.1060e+01
1.1045e+01
1.1029e+01
1.1014e+01
1.0999e+01
1.0984e+01
1.0968e+01
1.0953e+01
1.0938e+01
1.0923e+01
1.0892e+01
1.0892e+01
1.0862e+01
1.0847e+01
1.0847e+01
1.0831e+01
1.0816e+01
1.0801e+01
1.0786e+01
1.0786e+01
1.0770e+01
1.0755e+01
1.0740e+01
1.0740e+01
1.0725e+01
1.0709e+01
1.0694e+01
1.0694e+01
1.0679e+01
1.0664e+01
1.0664e+01
1.0664e+01
1.0664e+01
1.0648e+01
1.0648e+01
1.0633e+01
1.0618e+01
1.0618e+01
1.0618e+01
1.0603e+01
1.0587e+01
1.0587e+01
1.0572e+01
1.0557e+01
1.0542e+01
1.0542e+01
1.0526e+01
1.0526e+01
1.0526e+01
1.0511e+01
1.0511e+01
1.0496e+01
1.0496e+01
1.0465e+01
1.0450e+01
1.0435e+01
1.0420e+01
1.0404e+01
1.0374e+01
1.0359e+01
1.0343e+01
1.0328e+01
1.0313e+01
1.0313e+01
1.0313e+01
1.0298e+01
1.0298e+01
1.0282e+01
1.0282e+01
1.0267e+01
1.0237e+01
1.0237e+01
1.0237e+01
1.0221e+01
1.0206e+01
1.0206e+01
1.0191e+01
1.0176e+01
1.0176e+01
1.0160e+01
1.0160e+01
1.0145e+01
1.0145e+01
1.0145e+01
1.0130e+01
1.0114e+01
1.0114e+01
1.0114e+01
1.0099e+01
1.0084e+01
1.0069e+01
1.0069e+01
1.0053e+01
1.0053e+01
1.0038e+01
1.0023e+01
1.0038e+01
1.0023e+01
1.0008e+01
1.0008e+01
1.0008e+01
9.9923e+00
9.9770e+00
9.9770e+00
9.9617e+00
9.9617e+00
9.9617e+00
9.9312e+00
9.9159e+00
9.9159e+00
9.9006e+00
9.9006e+00
9.9006e+00
9.8853e+00
9.8701e+00
9.8701e+00
9.8548e+00
9.8395e+00
9.8395e+00
9.8395e+00
9.8242e+00
9.8242e+00
9.8089e+00
9.7937e+00
9.7937e+00
9.7784e+00
9.7937e+00
9.7784e+00
9.7631e+00
9.7631e+00
9.7631e+00
9.7631e+00
9.7631e+00
9.7478e+00
9.7325e+00
9.7172e+00
9.7020e+00
9.7020e+00
9.6867e+00
9.6714e+00
9.6714e+00
9.6561e+00
9.6561e+00
9.6408e+00
9.6561e+00
9.6408e+00
9.6255e+00
9.6255e+00
9.6255e+00
9.6102e+00
9.6102e+00
9.6102e+00
9.5949e+00
9.5796e+00
9.5796e+00
9.5796e+00
9.5644e+00
9.5644e+00
9.5491e+00
9.5491e+00
9.5491e+00
9.5185e+00
9.5185e+00
9.5185e+00
9.5185e+00
9.5032e+00
9.5032e+00
9.4879e+00
9.4879e+00
9.4879e+00
9.4726e+00
9.4726e+00
9.4573e+00
9.4420e+00
9.4420e+00
9.4267e+00
9.4267e+00
9.4267e+00
9.4267e+00
9.3961e+00
9.3961e+00
9.3961e+00
9.3808e+00
9.3655e+00
9.3655e+00
9.3502e+00
9.3349e+00
9.3196e+00
9.3043e+00
9.2890e+00
9.2737e+00
9.2737e+00
9.2737e+00
9.2584e+00
9.2431e+00
9.2278e+00
9.2278e+00
9.2278e+00
9.2125e+00
9.1971e+00
9.1818e+00
9.1818e+00
9.1665e+00
9.1665e+00
9.1512e+00
9.1359e+00
9.1359e+00
9.1206e+00
9.1206e+00
9.1053e+00
9.1053e+00
9.1053e+00
9.1053e+00
9.0900e+00
9.0747e+00
9.0440e+00
9.0287e+00
9.0287e+00
9.0134e+00
9.0134e+00
8.9828e+00
8.9828e+00
8.9828e+00
8.9674e+00
8.9674e+00
8.9368e+00
8.9368e+00
8.9215e+00
8.9215e+00
8.9062e+00
8.8908e+00
8.8755e+00
8.8602e+00
8.8449e+00
8.8449e+00
8.8296e+00
8.8142e+00
8.7989e+00
8.7989e+00
8.7836e+00
8.7836e+00
8.7683e+00
8.7529e+00
8.7529e+00
8.7376e+00
8.7223e+00
8.7069e+00
8.7069e+00
8.6916e+00
8.6763e+00
8.6609e+00
8.6456e+00
8.6303e+00
8.6303e+00
8.6303e+00
8.6149e+00
8.6149e+00
8.5996e+00
8.5843e+00
8.5843e+00
8.5996e+00
8.5843e+00
8.5536e+00
8.5536e+00
8.5536e+00
8.5383e+00
8.5383e+00
8.5229e+00
8.5076e+00
8.5076e+00
8.4923e+00
8.4769e+00
8.4769e+00
8.4769e+00
8.4769e+00
8.4616e+00
8.4462e+00
8.4462e+00
8.4462e+00
8.4156e+00
8.4156e+00
8.4156e+00
8.4002e+00
8.3849e+00
8.3695e+00
8.3849e+00
8.3695e+00
8.3542e+00
8.3542e+00
8.3542e+00
8.3542e+00
8.3388e+00
8.3235e+00
8.3081e+00
8.3081e+00
8.2928e+00
8.2774e+00
8.2774e+00
8.2621e+00
8.2621e+00
8.2467e+00
8.2467e+00
8.2467e+00
8.2467e+00
8.2314e+00
8.2314e+00
8.2314e+00
8.2314e+00
8.2314e+00
8.2314e+00
8.2467e+00
8.2467e+00
8.2314e+00
8.2314e+00
8.2160e+00
8.2314e+00
8.2314e+00
8.2314e+00
8.2314e+00
8.2160e+00
8.2314e+00
8.2160e+00
8.2160e+00
8.2007e+00
8.1853e+00
8.2007e+00
8.1853e+00
8.1700e+00
8.1700e+00
8.1700e+00
8.1546e+00
8.1546e+00
8.1239e+00
8.1239e+00
8.1239e+00
8.1086e+00
8.0932e+00
8.0932e+00
8.0932e+00
8.0932e+00
8.0932e+00
8.0779e+00
8.0625e+00
8.0625e+00
8.0471e+00
8.0318e+00
8.0164e+00
8.0164e+00
8.0011e+00
7.9857e+00
7.9550e+00
7.9550e+00
7.9396e+00
7.9242e+00
7.9242e+00
7.9089e+00
7.9089e+00
7.8935e+00
7.8781e+00
7.8628e+00
7.8474e+00
7.8320e+00
7.8320e+00
7.8167e+00
7.8013e+00
7.7859e+00
7.7859e+00
7.7706e+00
7.7552e+00
7.7398e+00
7.7245e+00
7.7091e+00
7.7091e+00
7.6783e+00
7.6630e+00
7.6476e+00
7.6168e+00
7.6168e+00
7.6015e+00
7.5861e+00
7.5707e+00
7.5553e+00
7.5399e+00
7.5246e+00
7.5246e+00
7.5092e+00
7.4938e+00
7.4938e+00
7.4784e+00
7.4784e+00
7.4630e+00
7.4322e+00
7.4169e+00
7.4169e+00
7.4015e+00
7.3861e+00
7.3707e+00
7.3707e+00
7.3553e+00
7.3399e+00
7.3399e+00
7.3245e+00
7.3091e+00
7.3091e+00
7.3091e+00
7.2938e+00
7.2784e+00
7.2784e+00
7.2630e+00
7.2476e+00
7.2322e+00
7.2322e+00
7.2168e+00
7.2168e+00
7.2168e+00
7.2168e+00
7.2014e+00
7.2014e+00
7.2014e+00
7.1860e+00
7.1860e+00
7.1860e+00
7.1706e+00
7.1706e+00
7.1398e+00
7.1552e+00
7.1398e+00
7.1398e+00
7.1398e+00
7.1244e+00
7.1244e+00
7.1244e+00
7.0936e+00
7.1090e+00
7.1090e+00
7.1090e+00
7.1090e+00
7.0936e+00
7.0936e+00
7.0936e+00
7.0936e+00
7.0782e+00
7.0628e+00
7.0628e+00
7.0474e+00
7.0474e+00
7.0320e+00
7.0320e+00
7.0166e+00
7.0166e+00
7.0166e+00
7.0166e+00
7.0166e+00
7.0166e+00
7.0166e+00
7.0012e+00
7.0012e+00
6.9858e+00
6.9858e+00
6.9704e+00
6.9704e+00
6.9550e+00
6.9550e+00
6.9550e+00
6.9396e+00
6.9242e+00
6.9242e+00
6.9087e+00
6.9087e+00
6.8933e+00
6.8779e+00
6.8779e+00
6.8625e+00
6.8471e+00
6.8317e+00
6.8163e+00
6.7855e+00
6.7855e+00
6.7700e+00
6.7546e+00
6.7392e+00
6.7392e+00
6.7238e+00
6.7084e+00
6.6930e+00
6.6775e+00
6.6775e+00
6.6621e+00
6.6467e+00
6.6313e+00
6.6004e+00
6.5850e+00
6.5850e+00
6.5542e+00
6.5387e+00
6.5387e+00
6.5233e+00
6.5079e+00
6.5079e+00
6.4925e+00
6.4925e+00
6.4770e+00
6.4616e+00
6.4462e+00
6.4462e+00
6.4308e+00
6.4153e+00
6.4153e+00
6.3999e+00
6.3999e+00
6.3845e+00
6.3690e+00
6.3536e+00
6.3536e+00
6.3382e+00
6.3227e+00
6.3227e+00
6.3073e+00
6.3073e+00
6.2919e+00
6.2610e+00
6.2610e+00
6.2455e+00
6.2455e+00
6.2301e+00
6.2147e+00
6.1992e+00
6.1992e+00
6.1992e+00
6.1838e+00
6.1684e+00
6.1684e+00
6.1684e+00
6.1529e+00
6.1375e+00
6.1220e+00
6.1220e+00
6.1220e+00
6.1066e+00
6.0757e+00
6.0757e+00
6.0757e+00
6.0602e+00
6.0602e+00
6.0602e+00
6.0448e+00
6.0448e+00
6.0294e+00
6.0294e+00
6.0139e+00
6.0139e+00
6.0139e+00
5.9985e+00
5.9830e+00
5.9830e+00
5.9830e+00
5.9521e+00
5.9521e+00
5.9367e+00
5.9367e+00
5.9212e+00
5.9212e+00
5.9058e+00
5.9058e+00
5.9058e+00
5.8903e+00
5.8903e+00
5.8903e+00
5.8748e+00
5.8594e+00
5.8594e+00
5.8439e+00
5.8285e+00
5.8285e+00
5.8285e+00
5.8130e+00
5.7976e+00
5.8130e+00
5.7976e+00
5.7821e+00
5.7821e+00
5.7667e+00
5.7667e+00
5.7667e+00
5.7512e+00
5.7512e+00
5.7357e+00
5.7357e+00
5.7203e+00
5.7203e+00
5.7203e+00
5.7048e+00
5.7048e+00
5.6893e+00
5.7048e+00
5.6893e+00
5.6893e+00
5.6739e+00
5.6739e+00
5.6584e+00
5.6584e+00
5.6430e+00
5.6584e+00
5.6430e+00
5.6275e+00
5.6275e+00
5.6120e+00
5.6120e+00
5.6120e+00
5.6120e+00
5.6120e+00
5.6120e+00
5.6120e+00
5.5966e+00
5.5966e+00
5.5966e+00
5.5966e+00
5.5966e+00
5.5811e+00
5.5811e+00
5.5811e+00
5.5656e+00
5.5656e+00
5.5656e+00
5.5656e+00
5.5656e+00
5.5656e+00
5.5502e+00
5.5656e+00
5.5502e+00
5.5347e+00
5.5347e+00
5.5347e+00
5.5192e+00
5.5192e+00
5.5038e+00
5.5038e+00
5.5038e+00
5.4883e+00
5.4728e+00
5.4728e+00
5.4573e+00
5.4419e+00
5.4419e+00
5.4573e+00
5.4419e+00
5.4419e+00
5.4264e+00
5.4419e+00
5.4264e+00
5.4109e+00
5.4109e+00
5.3954e+00
5.3800e+00
5.3954e+00
5.3954e+00
5.3800e+00
5.3645e+00
5.3645e+00
5.3490e+00
5.3335e+00
5.3335e+00
5.3335e+00
5.3181e+00
5.3181e+00
5.3026e+00
5.2871e+00
5.3026e+00
5.2716e+00
5.2716e+00
5.2561e+00
5.2561e+00
5.2407e+00
5.2407e+00
5.2407e+00
5.2252e+00
5.2252e+00
5.2252e+00
5.2097e+00
5.1942e+00
5.2097e+00
5.1942e+00
5.1787e+00
5.1632e+00
5.1478e+00
5.1632e+00
5.1478e+00
5.1478e+00
5.1323e+00
5.1168e+00
5.1168e+00
5.1013e+00
5.1013e+00
5.1013e+00
5.1013e+00
5.1013e+00
5.0858e+00
5.0703e+00
5.0703e+00
5.0703e+00
5.0548e+00
5.0393e+00
5.0238e+00
5.0238e+00
5.0084e+00
5.0084e+00
5.0084e+00
4.9929e+00
4.9929e+00
4.9619e+00
4.9464e+00
4.9464e+00
4.9309e+00
4.9309e+00
4.9154e+00
4.8999e+00
4.8844e+00
4.8689e+00
4.8689e+00
4.8689e+00
4.8534e+00
4.8379e+00
4.8379e+00
4.8224e+00
4.8224e+00
4.8069e+00
4.8069e+00
4.7914e+00
4.7759e+00
4.7604e+00
4.7604e+00
4.7449e+00
4.7449e+00
4.7139e+00
4.6984e+00
4.6984e+00
4.6829e+00
4.6829e+00
4.6674e+00
4.6674e+00
4.6674e+00
4.6519e+00
4.6363e+00
4.6363e+00
4.6363e+00
4.6208e+00
4.6053e+00
4.6053e+00
4.5898e+00
4.5743e+00
4.5743e+00
4.5588e+00
4.5433e+00
4.5278e+00
4.5278e+00
4.5123e+00
4.5123e+00
4.4967e+00
4.4812e+00
4.4812e+00
4.4657e+00
4.4502e+00
4.4347e+00
4.4192e+00
4.4192e+00
4.4192e+00
4.3881e+00
4.3881e+00
4.3881e+00
4.3726e+00
4.3571e+00
4.3571e+00
4.3416e+00
4.3416e+00
4.3416e+00
4.3260e+00
4.3105e+00
4.2795e+00
4.2795e+00
4.2639e+00
4.2484e+00
4.2329e+00
4.2018e+00
4.2018e+00
4.1708e+00
4.1553e+00
4.1553e+00
4.1397e+00
4.1397e+00
4.1242e+00
4.1242e+00
4.1087e+00
4.0931e+00
4.0776e+00
4.0621e+00
4.0465e+00
4.0310e+00
4.0155e+00
3.9999e+00
3.9999e+00
3.9844e+00
3.9844e+00
3.9688e+00
3.9533e+00
3.9533e+00
3.9222e+00
3.9067e+00
3.8911e+00
3.8911e+00
3.8756e+00
3.8601e+00
3.8445e+00
3.8290e+00
3.8134e+00
3.7979e+00
3.7823e+00
3.7668e+00
3.7668e+00
3.7512e+00
3.7357e+00
3.7512e+00
3.7202e+00
3.7046e+00
3.7046e+00
3.7046e+00
3.6891e+00
3.6735e+00
3.6580e+00
3.6424e+00
3.6424e+00
3.6268e+00
3.6113e+00
3.5957e+00
3.5802e+00
3.5646e+00
3.5646e+00
3.5646e+00
3.5491e+00
3.5335e+00
3.5335e+00
3.5335e+00
3.5024e+00
3.5024e+00
3.4868e+00
3.4713e+00
3.4713e+00
3.4713e+00
3.4713e+00
3.4557e+00
3.4557e+00
3.4402e+00
3.4402e+00
3.4402e+00
3.4246e+00
3.4090e+00
3.3935e+00
3.3935e+00
3.3779e+00
3.3779e+00
3.3623e+00
3.3623e+00
3.3468e+00
3.3312e+00
3.3312e+00
3.3312e+00
3.3157e+00
3.3157e+00
3.3001e+00
3.3001e+00
3.3001e+00
3.3001e+00
3.3001e+00
3.2845e+00
3.2845e+00
3.2845e+00
3.2689e+00
3.2689e+00
3.2534e+00
3.2534e+00
3.2534e+00
3.2222e+00
3.2378e+00
3.2222e+00
3.2222e+00
3.2222e+00
3.2067e+00
3.2067e+00
3.2222e+00
3.2222e+00
3.2067e+00
3.2222e+00
3.2067e+00
3.2067e+00
3.2222e+00
3.2067e+00
3.2067e+00
3.2067e+00
3.1911e+00
3.2067e+00
3.2222e+00
3.2222e+00
3.2222e+00
3.2378e+00
3.2222e+00
3.2378e+00
3.2222e+00
3.2067e+00
3.2222e+00
3.2067e+00
3.2067e+00
3.2067e+00
3.2067e+00
3.2067e+00
3.2067e+00
3.2067e+00
3.2067e+00
3.2067e+00
3.2222e+00
3.2067e+00
3.2222e+00
3.2222e+00
3.2067e+00
3.2222e+00
3.2222e+00
3.2067e+00
3.1911e+00
3.1911e+00
3.1911e+00
3.1755e+00
3.1755e+00
3.1755e+00
3.1599e+00
3.1599e+00
3.1444e+00
3.1444e+00
3.1288e+00
3.1288e+00
3.1132e+00
3.1132e+00
3.1132e+00
3.0976e+00
3.0821e+00
3.0821e+00
3.0821e+00
3.0665e+00
3.0821e+00
3.0821e+00
3.0665e+00
3.0821e+00
3.0821e+00
3.0665e+00
3.0665e+00
3.0665e+00
3.0665e+00
3.0665e+00
3.0509e+00
3.0509e+00
3.0509e+00
3.0509e+00
3.0353e+00
3.0198e+00
3.0198e+00
3.0042e+00
3.0198e+00
3.0042e+00
3.0042e+00
3.0042e+00
2.9886e+00
2.9886e+00
2.9730e+00
2.9886e+00
2.9886e+00
2.9730e+00
2.9730e+00
2.9730e+00
2.9730e+00
2.9574e+00
2.9574e+00
2.9574e+00
2.9574e+00
2.9574e+00
2.9419e+00
2.9574e+00
2.9419e+00
2.9574e+00
2.9419e+00
2.9419e+00
2.9263e+00
2.9107e+00
2.9107e+00
2.8951e+00
2.9107e+00
2.9107e+00
2.9107e+00
2.8951e+00
2.8951e+00
2.8951e+00
2.8951e+00
2.8951e+00
2.8951e+00
2.8951e+00
2.8951e+00
2.8951e+00
2.8795e+00
2.8639e+00
2.8639e+00
2.8639e+00
2.8483e+00
2.8483e+00
2.8328e+00
2.8328e+00
2.8172e+00
2.8016e+00
2.8172e+00
2.8016e+00
2.7860e+00
2.8016e+00
2.8016e+00
2.7860e+00
2.7860e+00
2.7704e+00
2.7860e+00
2.7704e+00
2.7548e+00
2.7548e+00
2.7548e+00
2.7548e+00
2.7392e+00
2.7236e+00
2.7236e+00
2.7080e+00
2.7080e+00
2.7080e+00
2.6924e+00
2.6924e+00
2.6612e+00
2.6612e+00
2.6612e+00
2.6456e+00
2.6456e+00
2.6300e+00
2.6145e+00
2.5989e+00
2.5989e+00
2.6145e+00
2.5833e+00
2.6145e+00
2.5989e+00
2.5833e+00
2.5833e+00
2.5677e+00
2.5521e+00
2.5365e+00
2.5521e+00
2.5365e+00
2.5365e+00
2.5209e+00
2.5209e+00
2.5209e+00
2.5053e+00
2.4896e+00
2.4896e+00
2.4896e+00
2.4896e+00
2.4896e+00
2.4740e+00
2.4584e+00
2.4584e+00
2.4428e+00
2.4272e+00
2.3960e+00
2.3960e+00
2.3804e+00
2.3804e+00
2.3648e+00
2.3648e+00
2.3492e+00
2.3492e+00
2.3492e+00
2.3336e+00
2.3336e+00
2.3180e+00
2.3180e+00
2.3024e+00
2.2867e+00
2.2867e+00
2.2711e+00
2.2555e+00
2.2555e+00
2.2399e+00
2.2399e+00
2.2243e+00
2.2087e+00
2.1931e+00
2.2087e+00
2.1931e+00
2.1931e+00
2.1774e+00
2.1774e+00
2.1618e+00
2.1462e+00
2.1618e+00
2.1462e+00
2.1462e+00
2.1306e+00
2.1150e+00
2.1150e+00
2.0994e+00
2.0994e+00
2.0994e+00
2.0994e+00
2.0994e+00
2.0837e+00
2.0837e+00
2.0837e+00
2.0681e+00
2.0681e+00
2.0525e+00
2.0525e+00
2.0369e+00
2.0212e+00
2.0212e+00
2.0212e+00
2.0212e+00
2.0212e+00
2.0212e+00
2.0212e+00
2.0056e+00
2.0212e+00
2.0056e+00
2.0056e+00
1.9900e+00
1.9744e+00
1.9744e+00
1.9587e+00
1.9587e+00
1.9431e+00
1.9431e+00
1.9431e+00
1.9431e+00
1.9431e+00
1.9275e+00
1.9119e+00
1.9119e+00
1.8962e+00
1.8962e+00
1.8962e+00
1.8806e+00
1.8650e+00
1.8650e+00
1.8493e+00
1.8493e+00
1.8493e+00
1.8337e+00
1.8181e+00
1.8024e+00
1.7868e+00
1.8024e+00
1.7868e+00
1.7868e+00
1.7868e+00
1.7712e+00
1.7712e+00
1.7712e+00
1.7555e+00
1.7555e+00
1.7555e+00
1.7399e+00
1.7243e+00
1.7243e+00
1.7243e+00
1.7086e+00
1.7086e+00
1.7086e+00
1.7086e+00
1.6930e+00
1.6930e+00
1.6930e+00
1.6930e+00
1.6773e+00
1.6617e+00
1.6617e+00
1.6617e+00
1.6461e+00
1.6304e+00
1.6461e+00
1.6461e+00
1.6461e+00
1.6304e+00
1.6304e+00
1.6304e+00
1.6461e+00
1.6461e+00
1.6304e+00
1.6304e+00
1.6461e+00
1.6304e+00
1.6304e+00
1.6304e+00
1.6148e+00
1.6148e+00
1.6148e+00
1.6148e+00
1.6148e+00
1.5991e+00
1.5991e+00
1.5991e+00
1.6148e+00
1.5991e+00
1.6148e+00
1.6148e+00
1.6148e+00
1.5991e+00
1.5991e+00
1.5991e+00
1.6148e+00
1.5991e+00
1.5991e+00
1.5991e+00
1.6148e+00
1.6148e+00
1.6148e+00
1.6148e+00
1.6304e+00
1.6304e+00
1.6304e+00
1.6304e+00
1.6148e+00
1.6148e+00
1.6148e+00
1.5991e+00
1.6148e+00
1.5991e+00
1.5991e+00
1.5991e+00
1.5991e+00
1.5991e+00
1.5991e+00
1.5835e+00
1.5835e+00
1.5991e+00
1.5991e+00
1.5991e+00
1.5991e+00
1.5835e+00
1.5835e+00
1.5835e+00
1.5835e+00
1.5679e+00
1.5522e+00
1.5522e+00
1.5522e+00
1.5522e+00
1.5679e+00
1.5679e+00
1.5679e+00
1.5679e+00
1.5522e+00
1.5366e+00
1.5366e+00
1.5522e+00
1.5366e+00
1.5366e+00
1.5366e+00
1.5209e+00
1.5366e+00
1.5366e+00
1.5366e+00
1.5366e+00
1.5366e+00
1.5366e+00
1.5209e+00
1.5209e+00
1.5209e+00
1.5366e+00
1.5209e+00
1.5209e+00
1.5366e+00
1.5209e+00
1.5209e+00
1.5053e+00
1.5053e+00
1.5053e+00
1.5053e+00
1.5053e+00
1.5053e+00
1.4896e+00
1.4740e+00
1.4740e+00
1.4740e+00
1.4896e+00
1.4740e+00
1.4740e+00
1.4740e+00
1.4740e+00
1.4583e+00
1.4583e+00
1.4583e+00
1.4583e+00
1.4583e+00
1.4583e+00
1.4583e+00
1.4583e+00
1.4427e+00
1.4583e+00
1.4583e+00
1.4583e+00
1.4427e+00
1.4427e+00
1.4270e+00
1.4114e+00
1.4114e+00
1.3957e+00
1.3957e+00
1.3801e+00
1.3801e+00
1.3644e+00
1.3644e+00
1.3644e+00
1.3488e+00
1.3488e+00
1.3488e+00
1.3331e+00
1.3331e+00
1.3331e+00
1.3331e+00
1.3175e+00
1.3018e+00
1.2862e+00
1.3018e+00
1.2862e+00
1.2862e+00
1.2862e+00
1.2862e+00
1.2705e+00
1.2548e+00
1.2705e+00
1.2548e+00
1.2548e+00
1.2392e+00
1.2392e+00
1.2548e+00
1.2392e+00
1.2235e+00
1.2235e+00
1.2079e+00
1.2079e+00
1.1922e+00
1.1922e+00
1.1922e+00
1.1922e+00
1.1922e+00
1.1922e+00
1.1765e+00
1.1922e+00
1.1765e+00
1.1609e+00
1.1609e+00
1.1609e+00
1.1452e+00
1.1452e+00
1.1452e+00
1.1296e+00
1.1139e+00
1.1139e+00
1.1139e+00
1.1139e+00
1.1139e+00
1.1139e+00
1.0982e+00
1.0982e+00
1.0826e+00
1.0826e+00
1.0826e+00
1.0669e+00
1.0669e+00
1.0512e+00
1.0512e+00
1.0512e+00
1.0512e+00
1.0512e+00
1.0356e+00
1.0356e+00
1.0199e+00
1.0356e+00
1.0199e+00
1.0042e+00
1.0042e+00
1.0042e+00
1.0042e+00
9.8856e-01
9.8856e-01
9.7289e-01
9.7289e-01
9.7289e-01
9.7289e-01
9.5722e-01
9.5722e-01
9.4155e-01
9.4155e-01
9.4155e-01
9.2588e-01
9.4155e-01
9.4155e-01
9.2588e-01
9.2588e-01
9.2588e-01
9.1020e-01
8.9453e-01
8.7886e-01
8.7886e-01
8.9453e-01
8.7886e-01
8.6318e-01
8.6318e-01
8.6318e-01
8.7886e-01
8.6318e-01
8.6318e-01
8.4751e-01
8.4751e-01
8.4751e-01
8.3183e-01
8.3183e-01
8.3183e-01
8.3183e-01
8.1615e-01
8.3183e-01
8.3183e-01
8.3183e-01
8.3183e-01
8.1615e-01
8.1615e-01
8.0048e-01
8.0048e-01
7.8480e-01
7.8480e-01
7.8480e-01
7.6912e-01
7.6912e-01
7.5344e-01
7.5344e-01
7.5344e-01
7.5344e-01
7.5344e-01
7.3776e-01
7.5344e-01
7.5344e-01
7.5344e-01
7.3776e-01
7.3776e-01
7.3776e-01
7.3776e-01
7.3776e-01
7.2208e-01
7.2208e-01
7.2208e-01
7.0640e-01
6.9071e-01
6.9071e-01
6.9071e-01
6.9071e-01
6.9071e-01
6.7503e-01
6.9071e-01
6.9071e-01
6.9071e-01
6.9071e-01
6.9071e-01
6.9071e-01
6.9071e-01
6.9071e-01
6.7503e-01
6.7503e-01
6.7503e-01
6.7503e-01
6.7503e-01
6.7503e-01
6.9071e-01
6.7503e-01
6.7503e-01
6.7503e-01
6.7503e-01
6.7503e-01
6.5935e-01
6.5935e-01
6.5935e-01
6.5935e-01
6.5935e-01
6.4366e-01
6.5935e-01
6.5935e-01
6.4366e-01
6.4366e-01
6.4366e-01
6.4366e-01
6.4366e-01
6.4366e-01
6.2798e-01
6.2798e-01
6.2798e-01
6.1229e-01
5.9660e-01
5.9660e-01
5.8092e-01
5.6523e-01
5.6523e-01
5.6523e-01
5.6523e-01
5.6523e-01
5.4954e-01
5.4954e-01
5.6523e-01
5.4954e-01
5.4954e-01
5.4954e-01
5.3385e-01
5.3385e-01
5.1816e-01
5.1816e-01
5.1816e-01
5.0247e-01
5.0247e-01
5.0247e-01
5.0247e-01
5.0247e-01
5.0247e-01
5.0247e-01
5.0247e-01
4.7109e-01
4.7109e-01
4.7109e-01
4.5539e-01
4.5539e-01
4.5539e-01
4.5539e-01
4.3970e-01
4.3970e-01
4.2401e-01
4.2401e-01
4.2401e-01
4.2401e-01
4.2401e-01
4.0831e-01
4.0831e-01
4.0831e-01
4.2401e-01
4.2401e-01
4.0831e-01
4.0831e-01
4.0831e-01
3.9262e-01
3.9262e-01
3.9262e-01
3.7692e-01
3.9262e-01
3.9262e-01
3.7692e-01
3.9262e-01
3.7692e-01
3.7692e-01
3.7692e-01
3.9262e-01
3.7692e-01
3.7692e-01
3.7692e-01
3.7692e-01
3.7692e-01
3.6122e-01
3.6122e-01
3.7692e-01
3.6122e-01
3.6122e-01
3.6122e-01
3.6122e-01
3.4553e-01
3.6122e-01
3.4553e-01
3.4553e-01
3.4553e-01
3.2983e-01
3.2983e-01
3.1413e-01
3.1413e-01
3.1413e-01
2.9843e-01
2.9843e-01
2.9843e-01
2.8273e-01
2.8273e-01
2.8273e-01
2.8273e-01
2.8273e-01
2.8273e-01
2.8273e-01
2.8273e-01
2.8273e-01
2.8273e-01
2.6703e-01
2.8273e-01
2.6703e-01
2.5132e-01
2.5132e-01
2.5132e-01
2.3562e-01
2.3562e-01
2.5132e-01
2.5132e-01
2.5132e-01
2.5132e-01
2.5132e-01
2.5132e-01
2.5132e-01
2.5132e-01
2.5132e-01
2.5132e-01
2.3562e-01
2.5132e-01
2.5132e-01
2.5132e-01
2.5132e-01
2.6703e-01
2.6703e-01
2.6703e-01
2.8273e-01
2.6703e-01
2.6703e-01
2.6703e-01
2.5132e-01
2.6703e-01
2.6703e-01
2.6703e-01
2.6703e-01
2.8273e-01
2.6703e-01
2.6703e-01
2.6703e-01
2.6703e-01
2.6703e-01
2.6703e-01
2.8273e-01
2.8273e-01
2.8273e-01
2.6703e-01
2.6703e-01
2.8273e-01
2.8273e-01
2.8273e-01
2.6703e-01
2.8273e-01
2.6703e-01
2.6703e-01
2.6703e-01
2.6703e-01
2.6703e-01
2.6703e-01
2.8273e-01
2.6703e-01
2.8273e-01
2.8273e-01
2.8273e-01
2.8273e-01
2.6703e-01
2.8273e-01
2.6703e-01
2.8273e-01
2.6703e-01
2.5132e-01
2.5132e-01
2.6703e-01
2.6703e-01
2.5132e-01
2.5132e-01
2.3562e-01
2.5132e-01
2.5132e-01
2.1992e-01
2.3562e-01
2.1992e-01
2.1992e-01
2.1992e-01
2.0422e-01
1.8851e-01
1.8851e-01
2.0422e-01
2.0422e-01
1.8851e-01
1.8851e-01
1.8851e-01
1.8851e-01
2.0422e-01
2.0422e-01
2.0422e-01
2.0422e-01
2.0422e-01
2.0422e-01
1.8851e-01
1.8851e-01
1.8851e-01
1.8851e-01
1.8851e-01
1.8851e-01
1.8851e-01
1.8851e-01
2.0422e-01
2.0422e-01
2.0422e-01
1.8851e-01
1.8851e-01
1.8851e-01
1.8851e-01
1.8851e-01
1.8851e-01
1.7281e-01
1.7281e-01
1.7281e-01
1.7281e-01
1.7281e-01
1.7281e-01
1.7281e-01
1.7281e-01
1.5710e-01
1.5710e-01
1.5710e-01
1.4139e-01
1.4139e-01
1.4139e-01
1.4139e-01
1.4139e-01
1.4139e-01
1.4139e-01
1.4139e-01
1.4139e-01
1.2569e-01
1.4139e-01
1.4139e-01
1.5710e-01
1.4139e-01
1.4139e-01
1.5710e-01
1.5710e-01
1.4139e-01
1.4139e-01
1.5710e-01
1.4139e-01
1.4139e-01
1.2569e-01
1.4139e-01
1.4139e-01
1.2569e-01
1.4139e-01
1.4139e-01
1.4139e-01
1.2569e-01
1.4139e-01
1.2569e-01
1.2569e-01
1.2569e-01
1.2569e-01
1.2569e-01
1.2569e-01
1.2569e-01
1.2569e-01
1.2569e-01
1.2569e-01
1.2569e-01
1.2569e-01
1.2569e-01
1.4139e-01
1.2569e-01
1.2569e-01
1.0998e-01
1.0998e-01
1.0998e-01
9.4268e-02
9.4268e-02
7.8558e-02
7.8558e-02
6.2848e-02
6.2848e-02
7.8558e-02
7.8558e-02
6.2848e-02
6.2848e-02
6.2848e-02
4.7137e-02
4.7137e-02
4.7137e-02
3.1426e-02
1.5713e-02
1.5713e-02
1.5713e-02
0000
0000
