1.0173e+01
1.0153e+01
1.0153e+01
1.0153e+01
1.0133e+01
1.0133e+01
1.0113e+01
1.0092e+01
1.0092e+01
1.0092e+01
1.0072e+01
1.0052e+01
1.0052e+01
1.0052e+01
1.0032e+01
1.0032e+01
1.0032e+01
1.0032e+01
1.0012e+01
9.9916e+00
9.9916e+00
9.9916e+00
9.9714e+00
9.9714e+00
9.9512e+00
9.9310e+00
9.9310e+00
9.9108e+00
9.9108e+00
9.9108e+00
9.8907e+00
9.8907e+00
9.8705e+00
9.8705e+00
9.8705e+00
9.8705e+00
9.8503e+00
9.8099e+00
9.8099e+00
9.7897e+00
9.7897e+00
9.7695e+00
9.7493e+00
9.7493e+00
9.7291e+00
9.7089e+00
9.7089e+00
9.7089e+00
9.6887e+00
9.6685e+00
9.6685e+00
9.6483e+00
9.6281e+00
9.6281e+00
9.6079e+00
9.5877e+00
9.5877e+00
9.5675e+00
9.5675e+00
9.5675e+00
9.5473e+00
9.5473e+00
9.5271e+00
9.5271e+00
9.5271e+00
9.5069e+00
9.4867e+00
9.4665e+00
9.4665e+00
9.4463e+00
9.4463e+00
9.4261e+00
9.4261e+00
9.4059e+00
9.3857e+00
9.3857e+00
9.3655e+00
9.3655e+00
9.3655e+00
9.3452e+00
9.3452e+00
9.3452e+00
9.3250e+00
9.3048e+00
9.2846e+00
9.2846e+00
9.2644e+00
9.2644e+00
9.2644e+00
9.2442e+00
9.2239e+00
9.2239e+00
9.2037e+00
9.1835e+00
9.1835e+00
9.1835e+00
9.1633e+00
9.1431e+00
9.1633e+00
9.1431e+00
9.1228e+00
9.1026e+00
9.1026e+00
9.0824e+00
9.0621e+00
9.0419e+00
9.0419e+00
9.0419e+00
9.0217e+00
9.0015e+00
9.0015e+00
9.0015e+00
9.0015e+00
8.9812e+00
8.9610e+00
8.9610e+00
8.9408e+00
8.9408e+00
8.9205e+00
8.9205e+00
8.9003e+00
8.8801e+00
8.8801e+00
8.8801e+00
8.8598e+00
8.8598e+00
8.8598e+00
8.8396e+00
8.8396e+00
8.8396e+00
8.8193e+00
8.8193e+00
8.7991e+00
8.7991e+00
8.7789e+00
8.7586e+00
8.7586e+00
8.7586e+00
8.7586e+00
8.7384e+00
8.7384e+00
8.7384e+00
8.7181e+00
8.7181e+00
8.7181e+00
8.6979e+00
8.6979e+00
8.6979e+00
8.6776e+00
8.6776e+00
8.6574e+00
8.6574e+00
8.6574e+00
8.6371e+00
8.6169e+00
8.6169e+00
8.5966e+00
8.5966e+00
8.5966e+00
8.5966e+00
8.5764e+00
8.5561e+00
8.5561e+00
8.5561e+00
8.5359e+00
8.5359e+00
8.5359e+00
8.5156e+00
8.5156e+00
8.4954e+00
8.4954e+00
8.4954e+00
8.4751e+00
8.4751e+00
8.4548e+00
8.4548e+00
8.4548e+00
8.4346e+00
8.4346e+00
8.4143e+00
8.4143e+00
8.3941e+00
8.3941e+00
8.3738e+00
8.3738e+00
8.3738e+00
8.3535e+00
8.3535e+00
8.3535e+00
8.3535e+00
8.3333e+00
8.3333e+00
8.3130e+00
8.3130e+00
8.3130e+00
8.2927e+00
8.2927e+00
8.2927e+00
8.2927e+00
8.2927e+00
8.2725e+00
8.2725e+00
8.2725e+00
8.2725e+00
8.2725e+00
8.2725e+00
8.2522e+00
8.2522e+00
8.2522e+00
8.2522e+00
8.2725e+00
8.2522e+00
8.2522e+00
8.2522e+00
8.2522e+00
8.2522e+00
8.2725e+00
8.2522e+00
8.2725e+00
8.2725e+00
8.2927e+00
8.2927e+00
8.2927e+00
8.3333e+00
8.3333e+00
8.3333e+00
8.3333e+00
8.3333e+00
8.3535e+00
8.3738e+00
8.3535e+00
8.3535e+00
8.3738e+00
8.3738e+00
8.3941e+00
8.3941e+00
8.3941e+00
8.3941e+00
8.3941e+00
8.3941e+00
8.3941e+00
8.3738e+00
8.3738e+00
8.3535e+00
8.3535e+00
8.3535e+00
8.3333e+00
8.3333e+00
8.3333e+00
8.3333e+00
8.3130e+00
8.3130e+00
8.3130e+00
8.3130e+00
8.2927e+00
8.2927e+00
8.2927e+00
8.2725e+00
8.2725e+00
8.2522e+00
8.2522e+00
8.2319e+00
8.2117e+00
8.2117e+00
8.1914e+00
8.1914e+00
8.1914e+00
8.1711e+00
8.1711e+00
8.1711e+00
8.1508e+00
8.1508e+00
8.1508e+00
8.1508e+00
8.1508e+00
8.1508e+00
8.1508e+00
8.1508e+00
8.1711e+00
8.1711e+00
8.1508e+00
8.1508e+00
8.1508e+00
8.1508e+00
8.1306e+00
8.1306e+00
8.1306e+00
8.1103e+00
8.1103e+00
8.0900e+00
8.0900e+00
8.0900e+00
8.0697e+00
8.0697e+00
8.0697e+00
8.0697e+00
8.0495e+00
8.0697e+00
8.0495e+00
8.0495e+00
8.0495e+00
8.0495e+00
8.0292e+00
8.0292e+00
8.0292e+00
8.0292e+00
8.0292e+00
8.0089e+00
8.0089e+00
8.0089e+00
8.0089e+00
8.0089e+00
8.0089e+00
8.0089e+00
8.0089e+00
8.0089e+00
8.0089e+00
8.0089e+00
8.0292e+00
8.0292e+00
8.0089e+00
8.0089e+00
8.0089e+00
8.0089e+00
8.0089e+00
7.9886e+00
7.9886e+00
7.9886e+00
7.9886e+00
7.9886e+00
7.9886e+00
7.9683e+00
7.9886e+00
7.9683e+00
7.9683e+00
7.9683e+00
7.9480e+00
7.9480e+00
7.9480e+00
7.9278e+00
7.9278e+00
7.9278e+00
7.9075e+00
7.8872e+00
7.8872e+00
7.8872e+00
7.8872e+00
7.8669e+00
7.8669e+00
7.8669e+00
7.8669e+00
7.8466e+00
7.8466e+00
7.8263e+00
7.8263e+00
7.8060e+00
7.8060e+00
7.7857e+00
7.7857e+00
7.7857e+00
7.7654e+00
7.7654e+00
7.7654e+00
7.7451e+00
7.7451e+00
7.7451e+00
7.7451e+00
7.7451e+00
7.7249e+00
7.7046e+00
7.7046e+00
7.7046e+00
7.6843e+00
7.7046e+00
7.7046e+00
7.6843e+00
7.6843e+00
7.6843e+00
7.6640e+00
7.6640e+00
7.6640e+00
7.6640e+00
7.6640e+00
7.6437e+00
7.6437e+00
7.6234e+00
7.6234e+00
7.6234e+00
7.6234e+00
7.6031e+00
7.6031e+00
7.6234e+00
7.6031e+00
7.6031e+00
7.6031e+00
7.6031e+00
7.5828e+00
7.6031e+00
7.5828e+00
7.5828e+00
7.5828e+00
7.5625e+00
7.5625e+00
7.5625e+00
7.5421e+00
7.5421e+00
7.5218e+00
7.5421e+00
7.5218e+00
7.5015e+00
7.5015e+00
7.5015e+00
7.5015e+00
7.4812e+00
7.4812e+00
7.4812e+00
7.4609e+00
7.4609e+00
7.4609e+00
7.4609e+00
7.4609e+00
7.4406e+00
7.4406e+00
7.4406e+00
7.4406e+00
7.4406e+00
7.4406e+00
7.4203e+00
7.4203e+00
7.4203e+00
7.4203e+00
7.4000e+00
7.4000e+00
7.3797e+00
7.3797e+00
7.3594e+00
7.3594e+00
7.3594e+00
7.3594e+00
7.3390e+00
7.3390e+00
7.3594e+00
7.3390e+00
7.3187e+00
7.3187e+00
7.3187e+00
7.2984e+00
7.2984e+00
7.2781e+00
7.2578e+00
7.2781e+00
7.2578e+00
7.2578e+00
7.2578e+00
7.2578e+00
7.2578e+00
7.2375e+00
7.2171e+00
7.2171e+00
7.2171e+00
7.2171e+00
7.1968e+00
7.1968e+00
7.1765e+00
7.1765e+00
7.1765e+00
7.1562e+00
7.1562e+00
7.1562e+00
7.1358e+00
7.1155e+00
7.1155e+00
7.0952e+00
7.0952e+00
7.0749e+00
7.0545e+00
7.0545e+00
7.0342e+00
7.0342e+00
7.0139e+00
6.9935e+00
6.9732e+00
6.9732e+00
6.9529e+00
6.9529e+00
6.9325e+00
6.9122e+00
6.9122e+00
6.9122e+00
6.9122e+00
6.8715e+00
6.8715e+00
6.8715e+00
6.8308e+00
6.8308e+00
6.8105e+00
6.8105e+00
6.7902e+00
6.7698e+00
6.7495e+00
6.7495e+00
6.7291e+00
6.7088e+00
6.7088e+00
6.6884e+00
6.6884e+00
6.6681e+00
6.6681e+00
6.6477e+00
6.6274e+00
6.6070e+00
6.5867e+00
6.5867e+00
6.5867e+00
6.5663e+00
6.5663e+00
6.5460e+00
6.5460e+00
6.5256e+00
6.5256e+00
6.5053e+00
6.5053e+00
6.4849e+00
6.4849e+00
6.4849e+00
6.4645e+00
6.4645e+00
6.4442e+00
6.4442e+00
6.4238e+00
6.4238e+00
6.4238e+00
6.4238e+00
6.4035e+00
6.4035e+00
6.4035e+00
6.3831e+00
6.3831e+00
6.3831e+00
6.3831e+00
6.3627e+00
6.3627e+00
6.3627e+00
6.3424e+00
6.3424e+00
6.3220e+00
6.3220e+00
6.3220e+00
6.3016e+00
6.3016e+00
6.2813e+00
6.2813e+00
6.2813e+00
6.2813e+00
6.2813e+00
6.2609e+00
6.2609e+00
6.2405e+00
6.2609e+00
6.2405e+00
6.2405e+00
6.2405e+00
6.2202e+00
6.2202e+00
6.2202e+00
6.2202e+00
6.2202e+00
6.2202e+00
6.1998e+00
6.2202e+00
6.1998e+00
6.1998e+00
6.1998e+00
6.1794e+00
6.1794e+00
6.1794e+00
6.1794e+00
6.1794e+00
6.1794e+00
6.1794e+00
6.1794e+00
6.1590e+00
6.1590e+00
6.1590e+00
6.1590e+00
6.1590e+00
6.1387e+00
6.1387e+00
6.1183e+00
6.1183e+00
6.1183e+00
6.0979e+00
6.0979e+00
6.0775e+00
6.0775e+00
6.0775e+00
6.0775e+00
6.0572e+00
6.0572e+00
6.0572e+00
6.0572e+00
6.0368e+00
6.0368e+00
6.0164e+00
6.0164e+00
5.9960e+00
5.9960e+00
5.9960e+00
5.9756e+00
5.9756e+00
5.9756e+00
5.9552e+00
5.9552e+00
5.9552e+00
5.9349e+00
5.9349e+00
5.9145e+00
5.9145e+00
5.9145e+00
5.9145e+00
5.8941e+00
5.8737e+00
5.8737e+00
5.8737e+00
5.8737e+00
5.8533e+00
5.8533e+00
5.8533e+00
5.8533e+00
5.8533e+00
5.8329e+00
5.8329e+00
5.8329e+00
5.8329e+00
5.8329e+00
5.8329e+00
5.8125e+00
5.8125e+00
5.8125e+00
5.8125e+00
5.8125e+00
5.7921e+00
5.7921e+00
5.7921e+00
5.7921e+00
5.7921e+00
5.7717e+00
5.7717e+00
5.7717e+00
5.7717e+00
5.7513e+00
5.7513e+00
5.7513e+00
5.7513e+00
5.7513e+00
5.7309e+00
5.7309e+00
5.7309e+00
5.7309e+00
5.7309e+00
5.7309e+00
5.7309e+00
5.7309e+00
5.7309e+00
5.7513e+00
5.7513e+00
5.7309e+00
5.7309e+00
5.7513e+00
5.7513e+00
5.7513e+00
5.7513e+00
5.7921e+00
5.7921e+00
5.7921e+00
5.7921e+00
5.8125e+00
5.8125e+00
5.8125e+00
5.8125e+00
5.8329e+00
5.8329e+00
5.8329e+00
5.8329e+00
5.8329e+00
5.8329e+00
5.8329e+00
5.8329e+00
5.8329e+00
5.8329e+00
5.8329e+00
5.8329e+00
5.8125e+00
5.8125e+00
5.8125e+00
5.7921e+00
5.7921e+00
5.7717e+00
5.7921e+00
5.7921e+00
5.8125e+00
5.8125e+00
5.8125e+00
5.7921e+00
5.7921e+00
5.7921e+00
5.7921e+00
5.7921e+00
5.7921e+00
5.8125e+00
5.7921e+00
5.8125e+00
5.7921e+00
5.7717e+00
5.7921e+00
5.7717e+00
5.7513e+00
5.7513e+00
5.7309e+00
5.7309e+00
5.7105e+00
5.6901e+00
5.6901e+00
5.6901e+00
5.6901e+00
5.6698e+00
5.6698e+00
5.6494e+00
5.6289e+00
5.6289e+00
5.6289e+00
5.6085e+00
5.6085e+00
5.5881e+00
5.5881e+00
5.5677e+00
5.5677e+00
5.5473e+00
5.5677e+00
5.5473e+00
5.5473e+00
5.5269e+00
5.5269e+00
5.5269e+00
5.5065e+00
5.5065e+00
5.4861e+00
5.4657e+00
5.4657e+00
5.4453e+00
5.4453e+00
5.4249e+00
5.4249e+00
5.4249e+00
5.4249e+00
5.4045e+00
5.4045e+00
5.4045e+00
5.3841e+00
5.3841e+00
5.3636e+00
5.3636e+00
5.3432e+00
5.3432e+00
5.3228e+00
5.3228e+00
5.3024e+00
5.3024e+00
5.3024e+00
5.2820e+00
5.2820e+00
5.2616e+00
5.2820e+00
5.2616e+00
5.2616e+00
5.2411e+00
5.2411e+00
5.2411e+00
5.2411e+00
5.2003e+00
5.2003e+00
5.2003e+00
5.2003e+00
5.2003e+00
5.1799e+00
5.1799e+00
5.1799e+00
5.1799e+00
5.1799e+00
5.1799e+00
5.1799e+00
5.1799e+00
5.1594e+00
5.1594e+00
5.1594e+00
5.1390e+00
5.1390e+00
5.1390e+00
5.1390e+00
5.1390e+00
5.1390e+00
5.1390e+00
5.1390e+00
5.1390e+00
5.1390e+00
5.1390e+00
5.1390e+00
5.1390e+00
5.1390e+00
5.1186e+00
5.1186e+00
5.1186e+00
5.1390e+00
5.1186e+00
5.1186e+00
5.1186e+00
5.1186e+00
5.1390e+00
5.1186e+00
5.1186e+00
5.1186e+00
5.1186e+00
5.1186e+00
5.1186e+00
5.1186e+00
5.1186e+00
5.1186e+00
5.1186e+00
5.1186e+00
5.1186e+00
5.1186e+00
5.1186e+00
5.0982e+00
5.0982e+00
5.0777e+00
5.0777e+00
5.0777e+00
5.0573e+00
5.0573e+00
5.0369e+00
5.0369e+00
5.0369e+00
5.0164e+00
4.9960e+00
4.9960e+00
4.9756e+00
4.9551e+00
4.9551e+00
4.9551e+00
4.9347e+00
4.9347e+00
4.9347e+00
4.9347e+00
4.9143e+00
4.9143e+00
4.8938e+00
4.8938e+00
4.8734e+00
4.8734e+00
4.8529e+00
4.8529e+00
4.8529e+00
4.8529e+00
4.8325e+00
4.8325e+00
4.8325e+00
4.8121e+00
4.8121e+00
4.8121e+00
4.7916e+00
4.7916e+00
4.7712e+00
4.7916e+00
4.7712e+00
4.7712e+00
4.7507e+00
4.7507e+00
4.7507e+00
4.7303e+00
4.7303e+00
4.7303e+00
4.7098e+00
4.7098e+00
4.7098e+00
4.7098e+00
4.6894e+00
4.6894e+00
4.6689e+00
4.6689e+00
4.6485e+00
4.6280e+00
4.6280e+00
4.6280e+00
4.6076e+00
4.6076e+00
4.6076e+00
4.5871e+00
4.5871e+00
4.5871e+00
4.5667e+00
4.5462e+00
4.5462e+00
4.5462e+00
4.5258e+00
4.5258e+00
4.5053e+00
4.5053e+00
4.5053e+00
4.4848e+00
4.4848e+00
4.4644e+00
4.4848e+00
4.4644e+00
4.4644e+00
4.4439e+00
4.4439e+00
4.4439e+00
4.4235e+00
4.4235e+00
4.4030e+00
4.3825e+00
4.3825e+00
4.3621e+00
4.3621e+00
4.3416e+00
4.3416e+00
4.3416e+00
4.3211e+00
4.3211e+00
4.3211e+00
4.3007e+00
4.3007e+00
4.3007e+00
4.2802e+00
4.2802e+00
4.2597e+00
4.2597e+00
4.2597e+00
4.2393e+00
4.2393e+00
4.2393e+00
4.2188e+00
4.2188e+00
4.1983e+00
4.1983e+00
4.1983e+00
4.1983e+00
4.1778e+00
4.1574e+00
4.1574e+00
4.1574e+00
4.1369e+00
4.1369e+00
4.1369e+00
4.1369e+00
4.1369e+00
4.1164e+00
4.1164e+00
4.1164e+00
4.1164e+00
4.1164e+00
4.1164e+00
4.0959e+00
4.0959e+00
4.0959e+00
4.0959e+00
4.0959e+00
4.0755e+00
4.0550e+00
4.0550e+00
4.0550e+00
4.0345e+00
4.0345e+00
4.0345e+00
4.0140e+00
4.0140e+00
3.9935e+00
3.9935e+00
3.9730e+00
3.9730e+00
3.9730e+00
3.9526e+00
3.9526e+00
3.9526e+00
3.9321e+00
3.9116e+00
3.9116e+00
3.9116e+00
3.8911e+00
3.8706e+00
3.8706e+00
3.8706e+00
3.8706e+00
3.8501e+00
3.8501e+00
3.8501e+00
3.8296e+00
3.8091e+00
3.8091e+00
3.8091e+00
3.8091e+00
3.7886e+00
3.7886e+00
3.7886e+00
3.7886e+00
3.7681e+00
3.7681e+00
3.7681e+00
3.7476e+00
3.7476e+00
3.7476e+00
3.7476e+00
3.7476e+00
3.7271e+00
3.7066e+00
3.7066e+00
3.6861e+00
3.6861e+00
3.6861e+00
3.6656e+00
3.6656e+00
3.6656e+00
3.6451e+00
3.6451e+00
3.6451e+00
3.6246e+00
3.6246e+00
3.6246e+00
3.6041e+00
3.6041e+00
3.6041e+00
3.5836e+00
3.5836e+00
3.5631e+00
3.5631e+00
3.5631e+00
3.5426e+00
3.5426e+00
3.5426e+00
3.5426e+00
3.5221e+00
3.5221e+00
3.5016e+00
3.5016e+00
3.5016e+00
3.4811e+00
3.4811e+00
3.4606e+00
3.4606e+00
3.4606e+00
3.4606e+00
3.4606e+00
3.4401e+00
3.4401e+00
3.4401e+00
3.4196e+00
3.4196e+00
3.4196e+00
3.3991e+00
3.3991e+00
3.3991e+00
3.3785e+00
3.3785e+00
3.3580e+00
3.3580e+00
3.3580e+00
3.3375e+00
3.3375e+00
3.3375e+00
3.3375e+00
3.3170e+00
3.3170e+00
3.2965e+00
3.2965e+00
3.2759e+00
3.2759e+00
3.2554e+00
3.2554e+00
3.2349e+00
3.2349e+00
3.2144e+00
3.2144e+00
3.1939e+00
3.1939e+00
3.1939e+00
3.1939e+00
3.1733e+00
3.1733e+00
3.1528e+00
3.1528e+00
3.1528e+00
3.1323e+00
3.1323e+00
3.1117e+00
3.1117e+00
3.1117e+00
3.0912e+00
3.0912e+00
3.0912e+00
3.0912e+00
3.0912e+00
3.0707e+00
3.0707e+00
3.0912e+00
3.0707e+00
3.0707e+00
3.0707e+00
3.0707e+00
3.0502e+00
3.0502e+00
3.0502e+00
3.0296e+00
3.0296e+00
3.0296e+00
3.0296e+00
3.0091e+00
3.0296e+00
3.0296e+00
3.0091e+00
3.0091e+00
2.9886e+00
2.9886e+00
2.9886e+00
2.9680e+00
2.9680e+00
2.9680e+00
2.9680e+00
2.9475e+00
2.9475e+00
2.9269e+00
2.9269e+00
2.9269e+00
2.9269e+00
2.9269e+00
2.9269e+00
2.9269e+00
2.9269e+00
2.9064e+00
2.9064e+00
2.9064e+00
2.9064e+00
2.8859e+00
2.8859e+00
2.8859e+00
2.8653e+00
2.8653e+00
2.8859e+00
2.8653e+00
2.8859e+00
2.8859e+00
2.8859e+00
2.8859e+00
2.8859e+00
2.8859e+00
2.8859e+00
2.8859e+00
2.8859e+00
2.8653e+00
2.8859e+00
2.8859e+00
2.8859e+00
2.8859e+00
2.8859e+00
2.8859e+00
2.8859e+00
2.8859e+00
2.8859e+00
2.8859e+00
2.8859e+00
2.8859e+00
2.8653e+00
2.8653e+00
2.8653e+00
2.8653e+00
2.8653e+00
2.8448e+00
2.8448e+00
2.8448e+00
2.8448e+00
2.8448e+00
2.8242e+00
2.8448e+00
2.8242e+00
2.8242e+00
2.8242e+00
2.8037e+00
2.8037e+00
2.8037e+00
2.8037e+00
2.8037e+00
2.7832e+00
2.7832e+00
2.7832e+00
2.7626e+00
2.7626e+00
2.7626e+00
2.7626e+00
2.7832e+00
2.7626e+00
2.7626e+00
2.7626e+00
2.7421e+00
2.7421e+00
2.7215e+00
2.7215e+00
2.7215e+00
2.7215e+00
2.7010e+00
2.7010e+00
2.6804e+00
2.6804e+00
2.6804e+00
2.6804e+00
2.6599e+00
2.6599e+00
2.6599e+00
2.6393e+00
2.6393e+00
2.6188e+00
2.6188e+00
2.6188e+00
2.6188e+00
2.5982e+00
2.5982e+00
2.5982e+00
2.5982e+00
2.5776e+00
2.5982e+00
2.5776e+00
2.5776e+00
2.5776e+00
2.5776e+00
2.5776e+00
2.5571e+00
2.5571e+00
2.5365e+00
2.5365e+00
2.5160e+00
2.5160e+00
2.5160e+00
2.5160e+00
2.5160e+00
2.5160e+00
2.5160e+00
2.4954e+00
2.5160e+00
2.5160e+00
2.5160e+00
2.5160e+00
2.5160e+00
2.5160e+00
2.5160e+00
2.4954e+00
2.4954e+00
2.4954e+00
2.4749e+00
2.4749e+00
2.4749e+00
2.4749e+00
2.4749e+00
2.4749e+00
2.4749e+00
2.4749e+00
2.4749e+00
2.4749e+00
2.4749e+00
2.4749e+00
2.4543e+00
2.4337e+00
2.4337e+00
2.4543e+00
2.4543e+00
2.4543e+00
2.4543e+00
2.4337e+00
2.4543e+00
2.4337e+00
2.4337e+00
2.4337e+00
2.4337e+00
2.4337e+00
2.4132e+00
2.4132e+00
2.4132e+00
2.4132e+00
2.4132e+00
2.4132e+00
2.4132e+00
2.4132e+00
2.4132e+00
2.3926e+00
2.4132e+00
2.4132e+00
2.4132e+00
2.3926e+00
2.3926e+00
2.3720e+00
2.3720e+00
2.3515e+00
2.3515e+00
2.3515e+00
2.3515e+00
2.3515e+00
2.3515e+00
2.3309e+00
2.3309e+00
2.3309e+00
2.3309e+00
2.3309e+00
2.3309e+00
2.3103e+00
2.3309e+00
2.3309e+00
2.3309e+00
2.3103e+00
2.3103e+00
2.3103e+00
2.3103e+00
2.3103e+00
2.3103e+00
2.3103e+00
2.3309e+00
2.3309e+00
2.3103e+00
2.3309e+00
2.3309e+00
2.3309e+00
2.3309e+00
2.3309e+00
2.3309e+00
2.3309e+00
2.3309e+00
2.3309e+00
2.3309e+00
2.3309e+00
2.3309e+00
2.3309e+00
2.3309e+00
2.3309e+00
2.3309e+00
2.3309e+00
2.3309e+00
2.3309e+00
2.3309e+00
2.3309e+00
2.3309e+00
2.3309e+00
2.3103e+00
2.3103e+00
2.2898e+00
2.2898e+00
2.2898e+00
2.2692e+00
2.2898e+00
2.2692e+00
2.2692e+00
2.2692e+00
2.2692e+00
2.2692e+00
2.2486e+00
2.2486e+00
2.2280e+00
2.2280e+00
2.2280e+00
2.2280e+00
2.2075e+00
2.2075e+00
2.2280e+00
2.2075e+00
2.2075e+00
2.2075e+00
2.1869e+00
2.1869e+00
2.1869e+00
2.1869e+00
2.1663e+00
2.1663e+00
2.1663e+00
2.1457e+00
2.1457e+00
2.1457e+00
2.1457e+00
2.1457e+00
2.1252e+00
2.1252e+00
2.1252e+00
2.1252e+00
2.1252e+00
2.1252e+00
2.1046e+00
2.1252e+00
2.1252e+00
2.1046e+00
2.1046e+00
2.1046e+00
2.0840e+00
2.0840e+00
2.0840e+00
2.0840e+00
2.0840e+00
2.0840e+00
2.0634e+00
2.0840e+00
2.0840e+00
2.0840e+00
2.0840e+00
2.0634e+00
2.0634e+00
2.0428e+00
2.0428e+00
2.0428e+00
2.0428e+00
2.0428e+00
2.0223e+00
2.0223e+00
2.0428e+00
2.0223e+00
2.0223e+00
2.0223e+00
2.0223e+00
2.0223e+00
2.0223e+00
2.0223e+00
2.0223e+00
2.0017e+00
2.0017e+00
2.0017e+00
2.0017e+00
2.0017e+00
2.0017e+00
2.0017e+00
2.0017e+00
2.0017e+00
2.0017e+00
2.0017e+00
2.0017e+00
2.0017e+00
2.0017e+00
2.0017e+00
2.0017e+00
1.9811e+00
1.9811e+00
1.9811e+00
1.9811e+00
1.9811e+00
1.9605e+00
1.9811e+00
1.9811e+00
1.9811e+00
1.9811e+00
1.9811e+00
1.9811e+00
1.9605e+00
1.9605e+00
1.9605e+00
1.9605e+00
1.9605e+00
1.9605e+00
1.9605e+00
1.9811e+00
1.9605e+00
1.9605e+00
1.9605e+00
1.9605e+00
1.9605e+00
1.9811e+00
1.9811e+00
1.9811e+00
1.9811e+00
1.9605e+00
1.9811e+00
1.9811e+00
1.9811e+00
1.9811e+00
1.9811e+00
1.9811e+00
1.9811e+00
1.9811e+00
1.9811e+00
1.9811e+00
2.0017e+00
2.0017e+00
2.0017e+00
2.0017e+00
2.0017e+00
2.0017e+00
2.0017e+00
2.0017e+00
2.0017e+00
2.0017e+00
2.0017e+00
2.0017e+00
2.0017e+00
1.9811e+00
2.0017e+00
2.0017e+00
2.0017e+00
2.0017e+00
2.0017e+00
2.0223e+00
2.0017e+00
2.0017e+00
2.0017e+00
2.0017e+00
2.0017e+00
2.0017e+00
1.9811e+00
2.0017e+00
1.9811e+00
1.9811e+00
1.9811e+00
1.9811e+00
1.9811e+00
2.0017e+00
1.9811e+00
1.9811e+00
1.9811e+00
1.9811e+00
1.9811e+00
1.9811e+00
1.9811e+00
1.9811e+00
1.9605e+00
1.9605e+00
1.9605e+00
1.9811e+00
1.9811e+00
1.9811e+00
1.9811e+00
1.9811e+00
1.9811e+00
1.9811e+00
1.9811e+00
1.9811e+00
1.9605e+00
1.9811e+00
1.9605e+00
1.9605e+00
1.9399e+00
1.9399e+00
1.9399e+00
1.9399e+00
1.9193e+00
1.9193e+00
1.9193e+00
1.8987e+00
1.8987e+00
1.8987e+00
1.8781e+00
1.8781e+00
1.8781e+00
1.8576e+00
1.8576e+00
1.8576e+00
1.8576e+00
1.8370e+00
1.8370e+00
1.8370e+00
1.8164e+00
1.8164e+00
1.8164e+00
1.7958e+00
1.7958e+00
1.7958e+00
1.7958e+00
1.7752e+00
1.7752e+00
1.7752e+00
1.7546e+00
1.7546e+00
1.7546e+00
1.7546e+00
1.7340e+00
1.7340e+00
1.7340e+00
1.7340e+00
1.7134e+00
1.7134e+00
1.7134e+00
1.7134e+00
1.7134e+00
1.6928e+00
1.6928e+00
1.6928e+00
1.6928e+00
1.6722e+00
1.6722e+00
1.6722e+00
1.6722e+00
1.6722e+00
1.6516e+00
1.6516e+00
1.6516e+00
1.6516e+00
1.6310e+00
1.6310e+00
1.6310e+00
1.6310e+00
1.6104e+00
1.5898e+00
1.5898e+00
1.5898e+00
1.5898e+00
1.5898e+00
1.5692e+00
1.5692e+00
1.5486e+00
1.5486e+00
1.5279e+00
1.5279e+00
1.5073e+00
1.5073e+00
1.5073e+00
1.4867e+00
1.4661e+00
1.4661e+00
1.4661e+00
1.4455e+00
1.4455e+00
1.4455e+00
1.4249e+00
1.4455e+00
1.4249e+00
1.4249e+00
1.4249e+00
1.4043e+00
1.4043e+00
1.4043e+00
1.3837e+00
1.4043e+00
1.4043e+00
1.3837e+00
1.3837e+00
1.3837e+00
1.3837e+00
1.3837e+00
1.3630e+00
1.3837e+00
1.3630e+00
1.3630e+00
1.3630e+00
1.3630e+00
1.3630e+00
1.3424e+00
1.3424e+00
1.3218e+00
1.3424e+00
1.3218e+00
1.3218e+00
1.3218e+00
1.3218e+00
1.3218e+00
1.3218e+00
1.3218e+00
1.3218e+00
1.3012e+00
1.3012e+00
1.3012e+00
1.3012e+00
1.3012e+00
1.2806e+00
1.2806e+00
1.2599e+00
1.2599e+00
1.2599e+00
1.2599e+00
1.2599e+00
1.2599e+00
1.2599e+00
1.2393e+00
1.2393e+00
1.2393e+00
1.2393e+00
1.2393e+00
1.2393e+00
1.2187e+00
1.2187e+00
1.2187e+00
1.2187e+00
1.2187e+00
1.1981e+00
1.1981e+00
1.1981e+00
1.1981e+00
1.1981e+00
1.1981e+00
1.1981e+00
1.1981e+00
1.1981e+00
1.1774e+00
1.1774e+00
1.1774e+00
1.1568e+00
1.1568e+00
1.1568e+00
1.1568e+00
1.1568e+00
1.1568e+00
1.1568e+00
1.1568e+00
1.1362e+00
1.1362e+00
1.1362e+00
1.1362e+00
1.1156e+00
1.1156e+00
1.1156e+00
1.0949e+00
1.0949e+00
1.0743e+00
1.0743e+00
1.0537e+00
1.0330e+00
1.0330e+00
1.0330e+00
1.0330e+00
1.0124e+00
1.0124e+00
1.0124e+00
9.9175e-01
9.7112e-01
9.7112e-01
9.5048e-01
9.5048e-01
9.2984e-01
9.2984e-01
9.0920e-01
9.0920e-01
8.8856e-01
8.8856e-01
8.6792e-01
8.6792e-01
8.6792e-01
8.4727e-01
8.4727e-01
8.2663e-01
8.2663e-01
8.0598e-01
8.0598e-01
7.8534e-01
7.6469e-01
7.6469e-01
7.4404e-01
7.4404e-01
7.4404e-01
7.2339e-01
7.2339e-01
7.2339e-01
7.0274e-01
7.0274e-01
7.0274e-01
6.8209e-01
6.8209e-01
6.6144e-01
6.6144e-01
6.4078e-01
6.4078e-01
6.2013e-01
6.2013e-01
6.2013e-01
5.9947e-01
5.9947e-01
5.9947e-01
5.9947e-01
5.9947e-01
5.9947e-01
5.7882e-01
5.5816e-01
5.5816e-01
5.5816e-01
5.5816e-01
5.3750e-01
5.3750e-01
5.1684e-01
5.1684e-01
5.1684e-01
5.1684e-01
4.9618e-01
4.9618e-01
4.9618e-01
4.9618e-01
4.7552e-01
4.7552e-01
4.7552e-01
4.7552e-01
4.7552e-01
4.5485e-01
4.5485e-01
4.5485e-01
4.5485e-01
4.3419e-01
4.3419e-01
4.3419e-01
4.3419e-01
4.3419e-01
4.3419e-01
4.3419e-01
4.3419e-01
4.3419e-01
4.3419e-01
4.3419e-01
4.1352e-01
4.3419e-01
4.3419e-01
4.3419e-01
4.3419e-01
4.3419e-01
4.3419e-01
4.3419e-01
4.5485e-01
4.5485e-01
4.3419e-01
4.5485e-01
4.5485e-01
4.5485e-01
4.5485e-01
4.5485e-01
4.3419e-01
4.5485e-01
4.5485e-01
4.5485e-01
4.5485e-01
4.5485e-01
4.3419e-01
4.3419e-01
4.3419e-01
4.3419e-01
4.5485e-01
4.5485e-01
4.5485e-01
4.3419e-01
4.3419e-01
4.3419e-01
4.3419e-01
4.3419e-01
4.3419e-01
4.3419e-01
4.3419e-01
4.3419e-01
4.3419e-01
4.3419e-01
4.3419e-01
4.3419e-01
4.3419e-01
4.1352e-01
4.3419e-01
4.1352e-01
4.1352e-01
4.1352e-01
4.1352e-01
3.9286e-01
3.9286e-01
3.9286e-01
3.9286e-01
3.9286e-01
3.7219e-01
3.7219e-01
3.7219e-01
3.5152e-01
3.5152e-01
3.5152e-01
3.3085e-01
3.5152e-01
3.3085e-01
3.1018e-01
3.1018e-01
3.1018e-01
3.1018e-01
3.1018e-01
2.8951e-01
2.8951e-01
2.8951e-01
2.8951e-01
2.8951e-01
2.8951e-01
2.8951e-01
2.8951e-01
2.6884e-01
2.6884e-01
2.6884e-01
2.6884e-01
2.6884e-01
2.4817e-01
2.4817e-01
2.2749e-01
2.4817e-01
2.4817e-01
2.2749e-01
2.2749e-01
2.2749e-01
2.2749e-01
2.2749e-01
2.0681e-01
2.2749e-01
2.0681e-01
1.8614e-01
1.8614e-01
1.6546e-01
1.6546e-01
1.4478e-01
1.2410e-01
1.2410e-01
1.2410e-01
1.0342e-01
1.0342e-01
1.0342e-01
8.2738e-02
8.2738e-02
8.2738e-02
6.2055e-02
6.2055e-02
4.1371e-02
4.1371e-02
4.1371e-02
4.1371e-02
2.0686e-02
0000
2.0686e-02
0000
0000
