5.0271e+00
5.0271e+00
5.0094e+00
5.0094e+00
5.0094e+00
5.0094e+00
5.0094e+00
5.0094e+00
4.9917e+00
4.9917e+00
4.9740e+00
4.9740e+00
4.9563e+00
4.9740e+00
4.9563e+00
4.9563e+00
4.9563e+00
4.9563e+00
4.9563e+00
4.9563e+00
4.9563e+00
4.9386e+00
4.9386e+00
4.9386e+00
4.9208e+00
4.9386e+00
4.9208e+00
4.9208e+00
4.9208e+00
4.9031e+00
4.9031e+00
4.9031e+00
4.8854e+00
4.8854e+00
4.8677e+00
4.8677e+00
4.8677e+00
4.8677e+00
4.8500e+00
4.8500e+00
4.8500e+00
4.8323e+00
4.8323e+00
4.8323e+00
4.8146e+00
4.8146e+00
4.7968e+00
4.7968e+00
4.8146e+00
4.7968e+00
4.7968e+00
4.7968e+00
4.7968e+00
4.7791e+00
4.7791e+00
4.7791e+00
4.7791e+00
4.7791e+00
4.7614e+00
4.7614e+00
4.7437e+00
4.7437e+00
4.7437e+00
4.7437e+00
4.7259e+00
4.7259e+00
4.7082e+00
4.7082e+00
4.6905e+00
4.6728e+00
4.6551e+00
4.6551e+00
4.6373e+00
4.6196e+00
4.6019e+00
4.5841e+00
4.5664e+00
4.5664e+00
4.5487e+00
4.5309e+00
4.5132e+00
4.5132e+00
4.4955e+00
4.4778e+00
4.4778e+00
4.4600e+00
4.4423e+00
4.4245e+00
4.4068e+00
4.4245e+00
4.4068e+00
4.3891e+00
4.3891e+00
4.3713e+00
4.3713e+00
4.3536e+00
4.3536e+00
4.3536e+00
4.3536e+00
4.3359e+00
4.3181e+00
4.3004e+00
4.3004e+00
4.3004e+00
4.2826e+00
4.2826e+00
4.2649e+00
4.2649e+00
4.2471e+00
4.2471e+00
4.2471e+00
4.2471e+00
4.2294e+00
4.2294e+00
4.2294e+00
4.2116e+00
4.2116e+00
4.2116e+00
4.1939e+00
4.1939e+00
4.1939e+00
4.1761e+00
4.1584e+00
4.1584e+00
4.1406e+00
4.1406e+00
4.1406e+00
4.1229e+00
4.1229e+00
4.1229e+00
4.1051e+00
4.0874e+00
4.1051e+00
4.0874e+00
4.0874e+00
4.0874e+00
4.0874e+00
4.0696e+00
4.0696e+00
4.0519e+00
4.0341e+00
4.0341e+00
4.0164e+00
4.0164e+00
4.0164e+00
3.9986e+00
4.0164e+00
3.9986e+00
3.9986e+00
3.9809e+00
3.9809e+00
3.9809e+00
3.9631e+00
3.9631e+00
3.9631e+00
3.9631e+00
3.9631e+00
3.9631e+00
3.9453e+00
3.9631e+00
3.9631e+00
3.9631e+00
3.9809e+00
3.9631e+00
3.9809e+00
3.9986e+00
3.9809e+00
3.9809e+00
3.9809e+00
3.9986e+00
3.9986e+00
3.9986e+00
4.0164e+00
3.9986e+00
3.9986e+00
4.0164e+00
4.0164e+00
4.0164e+00
4.0164e+00
4.0164e+00
4.0164e+00
4.0164e+00
4.0164e+00
3.9986e+00
4.0164e+00
4.0164e+00
4.0164e+00
3.9986e+00
3.9986e+00
3.9986e+00
3.9986e+00
3.9986e+00
3.9986e+00
3.9986e+00
4.0164e+00
3.9986e+00
3.9809e+00
3.9986e+00
3.9986e+00
3.9986e+00
3.9986e+00
3.9986e+00
3.9809e+00
3.9809e+00
3.9631e+00
3.9631e+00
3.9631e+00
3.9631e+00
3.9631e+00
3.9631e+00
3.9631e+00
3.9631e+00
3.9631e+00
3.9631e+00
3.9453e+00
3.9453e+00
3.9453e+00
3.9453e+00
3.9276e+00
3.9276e+00
3.9098e+00
3.9098e+00
3.9098e+00
3.8921e+00
3.8921e+00
3.8921e+00
3.8921e+00
3.8743e+00
3.8743e+00
3.8743e+00
3.8565e+00
3.8565e+00
3.8388e+00
3.8388e+00
3.8210e+00
3.8210e+00
3.8032e+00
3.8032e+00
3.7855e+00
3.7855e+00
3.7855e+00
3.7855e+00
3.7677e+00
3.7499e+00
3.7499e+00
3.7322e+00
3.7322e+00
3.7144e+00
3.6966e+00
3.6966e+00
3.6789e+00
3.6789e+00
3.6611e+00
3.6611e+00
3.6433e+00
3.6255e+00
3.6255e+00
3.6078e+00
3.6078e+00
3.5900e+00
3.5722e+00
3.5722e+00
3.5722e+00
3.5544e+00
3.5367e+00
3.5367e+00
3.5189e+00
3.5011e+00
3.5011e+00
3.4833e+00
3.4833e+00
3.4833e+00
3.4655e+00
3.4655e+00
3.4655e+00
3.4478e+00
3.4478e+00
3.4300e+00
3.4300e+00
3.4122e+00
3.4122e+00
3.3944e+00
3.3944e+00
3.3944e+00
3.3766e+00
3.3766e+00
3.3588e+00
3.3588e+00
3.3588e+00
3.3410e+00
3.3410e+00
3.3410e+00
3.3588e+00
3.3410e+00
3.3233e+00
3.3233e+00
3.3233e+00
3.3233e+00
3.3233e+00
3.3055e+00
3.2877e+00
3.3055e+00
3.3055e+00
3.2877e+00
3.3055e+00
3.3055e+00
3.3055e+00
3.3055e+00
3.2877e+00
3.2877e+00
3.2877e+00
3.2877e+00
3.2699e+00
3.2699e+00
3.2699e+00
3.2699e+00
3.2521e+00
3.2699e+00
3.2521e+00
3.2521e+00
3.2521e+00
3.2521e+00
3.2521e+00
3.2521e+00
3.2521e+00
3.2343e+00
3.2343e+00
3.2343e+00
3.2343e+00
3.2165e+00
3.2165e+00
3.2165e+00
3.2165e+00
3.2165e+00
3.2165e+00
3.1987e+00
3.1987e+00
3.1987e+00
3.1987e+00
3.1987e+00
3.1987e+00
3.1809e+00
3.1987e+00
3.1809e+00
3.1809e+00
3.1631e+00
3.1631e+00
3.1631e+00
3.1453e+00
3.1453e+00
3.1453e+00
3.1275e+00
3.1453e+00
3.1275e+00
3.1275e+00
3.1275e+00
3.1097e+00
3.1097e+00
3.1097e+00
3.1097e+00
3.1097e+00
3.1097e+00
3.0919e+00
3.0919e+00
3.1097e+00
3.0919e+00
3.0919e+00
3.0919e+00
3.0919e+00
3.0919e+00
3.1097e+00
3.1097e+00
3.1097e+00
3.1097e+00
3.1097e+00
3.1097e+00
3.1097e+00
3.1275e+00
3.1275e+00
3.1097e+00
3.1097e+00
3.1097e+00
3.1275e+00
3.1275e+00
3.1275e+00
3.1275e+00
3.1275e+00
3.1453e+00
3.1631e+00
3.1631e+00
3.1631e+00
3.1809e+00
3.1809e+00
3.1809e+00
3.1809e+00
3.1987e+00
3.1809e+00
3.1987e+00
3.1987e+00
3.1987e+00
3.1987e+00
3.2165e+00
3.2165e+00
3.2165e+00
3.2165e+00
3.2165e+00
3.2165e+00
3.2165e+00
3.2165e+00
3.2165e+00
3.2165e+00
3.2165e+00
3.2165e+00
3.2165e+00
3.2343e+00
3.2343e+00
3.2165e+00
3.2343e+00
3.2343e+00
3.2343e+00
3.2343e+00
3.2343e+00
3.2343e+00
3.2165e+00
3.2343e+00
3.2165e+00
3.2165e+00
3.2165e+00
3.1987e+00
3.1987e+00
3.2165e+00
3.2165e+00
3.1987e+00
3.1987e+00
3.2165e+00
3.2165e+00
3.2165e+00
3.2165e+00
3.2165e+00
3.2165e+00
3.2165e+00
3.1987e+00
3.1987e+00
3.1987e+00
3.1987e+00
3.1987e+00
3.2165e+00
3.1987e+00
3.2165e+00
3.2343e+00
3.2343e+00
3.2521e+00
3.2521e+00
3.2521e+00
3.2521e+00
3.2521e+00
3.2699e+00
3.2699e+00
3.2699e+00
3.2699e+00
3.2699e+00
3.2699e+00
3.2699e+00
3.2699e+00
3.2699e+00
3.2699e+00
3.2699e+00
3.2699e+00
3.2877e+00
3.2877e+00
3.2877e+00
3.2877e+00
3.2877e+00
3.2877e+00
3.2699e+00
3.2699e+00
3.2699e+00
3.2877e+00
3.2699e+00
3.2699e+00
3.2699e+00
3.2699e+00
3.2877e+00
3.2699e+00
3.2877e+00
3.2699e+00
3.2521e+00
3.2699e+00
3.2699e+00
3.2521e+00
3.2521e+00
3.2521e+00
3.2521e+00
3.2521e+00
3.2521e+00
3.2343e+00
3.2343e+00
3.2343e+00
3.2343e+00
3.2343e+00
3.2343e+00
3.2165e+00
3.2165e+00
3.2165e+00
3.2165e+00
3.2165e+00
3.2165e+00
3.2165e+00
3.2165e+00
3.1987e+00
3.1987e+00
3.1987e+00
3.2165e+00
3.2165e+00
3.2165e+00
3.1987e+00
3.2165e+00
3.2165e+00
3.2343e+00
3.2343e+00
3.2343e+00
3.2343e+00
3.2343e+00
3.2521e+00
3.2343e+00
3.2343e+00
3.2343e+00
3.2521e+00
3.2521e+00
3.2521e+00
3.2521e+00
3.2521e+00
3.2521e+00
3.2521e+00
3.2521e+00
3.2521e+00
3.2521e+00
3.2343e+00
3.2343e+00
3.2343e+00
3.2165e+00
3.2165e+00
3.2165e+00
3.2165e+00
3.2165e+00
3.1987e+00
3.2165e+00
3.1987e+00
3.1987e+00
3.1987e+00
3.1809e+00
3.1809e+00
3.1809e+00
3.1809e+00
3.1631e+00
3.1453e+00
3.1453e+00
3.1275e+00
3.1275e+00
3.1275e+00
3.1275e+00
3.1097e+00
3.0919e+00
3.0919e+00
3.0919e+00
3.0741e+00
3.0741e+00
3.0563e+00
3.0563e+00
3.0385e+00
3.0207e+00
3.0207e+00
3.0207e+00
3.0029e+00
3.0029e+00
2.9851e+00
2.9851e+00
2.9851e+00
2.9851e+00
2.9673e+00
2.9673e+00
2.9673e+00
2.9673e+00
2.9673e+00
2.9495e+00
2.9495e+00
2.9495e+00
2.9495e+00
2.9317e+00
2.9317e+00
2.9317e+00
2.9317e+00
2.9317e+00
2.9317e+00
2.9317e+00
2.9495e+00
2.9495e+00
2.9317e+00
2.9317e+00
2.9317e+00
2.9317e+00
2.9317e+00
2.9139e+00
2.9139e+00
2.9139e+00
2.9139e+00
2.9139e+00
2.9139e+00
2.9139e+00
2.9139e+00
2.9317e+00
2.9139e+00
2.9139e+00
2.9139e+00
2.9139e+00
2.9139e+00
2.9139e+00
2.9139e+00
2.9139e+00
2.9139e+00
2.9139e+00
2.9139e+00
2.9139e+00
2.9139e+00
2.9139e+00
2.9139e+00
2.9317e+00
2.9139e+00
2.9317e+00
2.9317e+00
2.9139e+00
2.9317e+00
2.9139e+00
2.9139e+00
2.9139e+00
2.9139e+00
2.9139e+00
2.9139e+00
2.9139e+00
2.8961e+00
2.9139e+00
2.9139e+00
2.8961e+00
2.9139e+00
2.9139e+00
2.9139e+00
2.9139e+00
2.9139e+00
2.8961e+00
2.8961e+00
2.8961e+00
2.8961e+00
2.8783e+00
2.8961e+00
2.8783e+00
2.8783e+00
2.8961e+00
2.8783e+00
2.8783e+00
2.8783e+00
2.8783e+00
2.8783e+00
2.8783e+00
2.8605e+00
2.8605e+00
2.8605e+00
2.8605e+00
2.8605e+00
2.8427e+00
2.8605e+00
2.8605e+00
2.8427e+00
2.8427e+00
2.8427e+00
2.8427e+00
2.8427e+00
2.8248e+00
2.8248e+00
2.8070e+00
2.8070e+00
2.8070e+00
2.7892e+00
2.7892e+00
2.7892e+00
2.7714e+00
2.7714e+00
2.7714e+00
2.7714e+00
2.7714e+00
2.7358e+00
2.7536e+00
2.7536e+00
2.7358e+00
2.7358e+00
2.7180e+00
2.7180e+00
2.7180e+00
2.7001e+00
2.7001e+00
2.7001e+00
2.7001e+00
2.7001e+00
2.6823e+00
2.6823e+00
2.6823e+00
2.6823e+00
2.6823e+00
2.6823e+00
2.6823e+00
2.6823e+00
2.6823e+00
2.6823e+00
2.6645e+00
2.6645e+00
2.6645e+00
2.6645e+00
2.6645e+00
2.6645e+00
2.6645e+00
2.6467e+00
2.6645e+00
2.6467e+00
2.6645e+00
2.6467e+00
2.6467e+00
2.6467e+00
2.6467e+00
2.6467e+00
2.6467e+00
2.6289e+00
2.6289e+00
2.6289e+00
2.5932e+00
2.6110e+00
2.6110e+00
2.5932e+00
2.6110e+00
2.6110e+00
2.5932e+00
2.5932e+00
2.5932e+00
2.6110e+00
2.5932e+00
2.5932e+00
2.5932e+00
2.5932e+00
2.5932e+00
2.5932e+00
2.5932e+00
2.5932e+00
2.5932e+00
2.5932e+00
2.5932e+00
2.5932e+00
2.5932e+00
2.5932e+00
2.5754e+00
2.5754e+00
2.5754e+00
2.5754e+00
2.5576e+00
2.5754e+00
2.5576e+00
2.5576e+00
2.5576e+00
2.5576e+00
2.5576e+00
2.5576e+00
2.5576e+00
2.5397e+00
2.5397e+00
2.5397e+00
2.5397e+00
2.5397e+00
2.5397e+00
2.5397e+00
2.5397e+00
2.5397e+00
2.5219e+00
2.5219e+00
2.5219e+00
2.5219e+00
2.5397e+00
2.5219e+00
2.5219e+00
2.5397e+00
2.5397e+00
2.5397e+00
2.5397e+00
2.5219e+00
2.5219e+00
2.5219e+00
2.5219e+00
2.5219e+00
2.5219e+00
2.5397e+00
2.5219e+00
2.5219e+00
2.5397e+00
2.5576e+00
2.5397e+00
2.5397e+00
2.5397e+00
2.5397e+00
2.5397e+00
2.5397e+00
2.5397e+00
2.5397e+00
2.5397e+00
2.5397e+00
2.5219e+00
2.5397e+00
2.5397e+00
2.5397e+00
2.5397e+00
2.5219e+00
2.5397e+00
2.5219e+00
2.5219e+00
2.5219e+00
2.5041e+00
2.5041e+00
2.5041e+00
2.4863e+00
2.4684e+00
2.4863e+00
2.4863e+00
2.4684e+00
2.4684e+00
2.4506e+00
2.4506e+00
2.4506e+00
2.4328e+00
2.4328e+00
2.4328e+00
2.4328e+00
2.4328e+00
2.4149e+00
2.4328e+00
2.4149e+00
2.4149e+00
2.4149e+00
2.4149e+00
2.4149e+00
2.4149e+00
2.3971e+00
2.4149e+00
2.4149e+00
2.4149e+00
2.4149e+00
2.4149e+00
2.4149e+00
2.4149e+00
2.4149e+00
2.4149e+00
2.4149e+00
2.3971e+00
2.3971e+00
2.3971e+00
2.3971e+00
2.3971e+00
2.3971e+00
2.3971e+00
2.3971e+00
2.3971e+00
2.3793e+00
2.3971e+00
2.3971e+00
2.3793e+00
2.3614e+00
2.3614e+00
2.3614e+00
2.3436e+00
2.3614e+00
2.3436e+00
2.3436e+00
2.3614e+00
2.3436e+00
2.3258e+00
2.3258e+00
2.3436e+00
2.3258e+00
2.3258e+00
2.3258e+00
2.3079e+00
2.3079e+00
2.2901e+00
2.2901e+00
2.2723e+00
2.2723e+00
2.2723e+00
2.2723e+00
2.2544e+00
2.2544e+00
2.2544e+00
2.2544e+00
2.2544e+00
2.2366e+00
2.2366e+00
2.2188e+00
2.2188e+00
2.2366e+00
2.2188e+00
2.2366e+00
2.2009e+00
2.2009e+00
2.2009e+00
2.2009e+00
2.2009e+00
2.2009e+00
2.2009e+00
2.2009e+00
2.2009e+00
2.2009e+00
2.2009e+00
2.1831e+00
2.1831e+00
2.1831e+00
2.1831e+00
2.1652e+00
2.1652e+00
2.1652e+00
2.1652e+00
2.1652e+00
2.1652e+00
2.1652e+00
2.1652e+00
2.1652e+00
2.1652e+00
2.1652e+00
2.1652e+00
2.1474e+00
2.1474e+00
2.1474e+00
2.1295e+00
2.1295e+00
2.1295e+00
2.1295e+00
2.1117e+00
2.1117e+00
2.0938e+00
2.0938e+00
2.0938e+00
2.0938e+00
2.0938e+00
2.0760e+00
2.0760e+00
2.0581e+00
2.0581e+00
2.0581e+00
2.0581e+00
2.0581e+00
2.0403e+00
2.0403e+00
2.0225e+00
2.0403e+00
2.0225e+00
2.0225e+00
2.0403e+00
2.0225e+00
2.0403e+00
2.0403e+00
2.0403e+00
2.0225e+00
2.0225e+00
2.0225e+00
2.0046e+00
2.0046e+00
2.0046e+00
1.9867e+00
1.9689e+00
1.9689e+00
1.9689e+00
1.9510e+00
1.9510e+00
1.9510e+00
1.9510e+00
1.9510e+00
1.9332e+00
1.9332e+00
1.9332e+00
1.9153e+00
1.9153e+00
1.9153e+00
1.8975e+00
1.8975e+00
1.8975e+00
1.8796e+00
1.8796e+00
1.8796e+00
1.8796e+00
1.8796e+00
1.8796e+00
1.8796e+00
1.8796e+00
1.8796e+00
1.8618e+00
1.8618e+00
1.8618e+00
1.8439e+00
1.8439e+00
1.8439e+00
1.8439e+00
1.8260e+00
1.8439e+00
1.8439e+00
1.8260e+00
1.8260e+00
1.8260e+00
1.8082e+00
1.8082e+00
1.8082e+00
1.7903e+00
1.8082e+00
1.7903e+00
1.7725e+00
1.7725e+00
1.7725e+00
1.7546e+00
1.7546e+00
1.7546e+00
1.7546e+00
1.7546e+00
1.7546e+00
1.7546e+00
1.8082e+00
1.8082e+00
1.8082e+00
1.8082e+00
1.8260e+00
1.8082e+00
1.8082e+00
1.8082e+00
1.8082e+00
1.8082e+00
1.8082e+00
1.8082e+00
1.8082e+00
1.8082e+00
1.8082e+00
1.8082e+00
1.7903e+00
1.8082e+00
1.8082e+00
1.8082e+00
1.8082e+00
1.7903e+00
1.7903e+00
1.7725e+00
1.7903e+00
1.7903e+00
1.7903e+00
1.7725e+00
1.7725e+00
1.7903e+00
1.7903e+00
1.7725e+00
1.7725e+00
1.7725e+00
1.7725e+00
1.7725e+00
1.7546e+00
1.7546e+00
1.7725e+00
1.7725e+00
1.7546e+00
1.7546e+00
1.7546e+00
1.7546e+00
1.7546e+00
1.7546e+00
1.7367e+00
1.7367e+00
1.7189e+00
1.7189e+00
1.7189e+00
1.7010e+00
1.7010e+00
1.6831e+00
1.6831e+00
1.6653e+00
1.6474e+00
1.6474e+00
1.6295e+00
1.6295e+00
1.6117e+00
1.6117e+00
1.5938e+00
1.5938e+00
1.5759e+00
1.5759e+00
1.5759e+00
1.5581e+00
1.5581e+00
1.5402e+00
1.5223e+00
1.5223e+00
1.5223e+00
1.5223e+00
1.5223e+00
1.5223e+00
1.5044e+00
1.5044e+00
1.5044e+00
1.4866e+00
1.4866e+00
1.4866e+00
1.4866e+00
1.4866e+00
1.4687e+00
1.4687e+00
1.4687e+00
1.4508e+00
1.4508e+00
1.4508e+00
1.4508e+00
1.4508e+00
1.4687e+00
1.4687e+00
1.4508e+00
1.4508e+00
1.4508e+00
1.4508e+00
1.4508e+00
1.4329e+00
1.4508e+00
1.4329e+00
1.4508e+00
1.4508e+00
1.4508e+00
1.4508e+00
1.4508e+00
1.4508e+00
1.4508e+00
1.4687e+00
1.4687e+00
1.4687e+00
1.4687e+00
1.4687e+00
1.4687e+00
1.4687e+00
1.4687e+00
1.4687e+00
1.4687e+00
1.4866e+00
1.4866e+00
1.4687e+00
1.4687e+00
1.4687e+00
1.4687e+00
1.4687e+00
1.4687e+00
1.4866e+00
1.5044e+00
1.4866e+00
1.4866e+00
1.4866e+00
1.4866e+00
1.4866e+00
1.4866e+00
1.5044e+00
1.5044e+00
1.5044e+00
1.5044e+00
1.5044e+00
1.5044e+00
1.5044e+00
1.4866e+00
1.4866e+00
1.4687e+00
1.4687e+00
1.4687e+00
1.4687e+00
1.4687e+00
1.4508e+00
1.4329e+00
1.4329e+00
1.4329e+00
1.4329e+00
1.4329e+00
1.4151e+00
1.4151e+00
1.4151e+00
1.3972e+00
1.3972e+00
1.3972e+00
1.3793e+00
1.3614e+00
1.3435e+00
1.3435e+00
1.3257e+00
1.3257e+00
1.3257e+00
1.3257e+00
1.3257e+00
1.3257e+00
1.3257e+00
1.3078e+00
1.3078e+00
1.3078e+00
1.3078e+00
1.3078e+00
1.2899e+00
1.2899e+00
1.2899e+00
1.2720e+00
1.2541e+00
1.2720e+00
1.2720e+00
1.2541e+00
1.2541e+00
1.2541e+00
1.2541e+00
1.2362e+00
1.2362e+00
1.2362e+00
1.2362e+00
1.2362e+00
1.2362e+00
1.2183e+00
1.2183e+00
1.2183e+00
1.2005e+00
1.1826e+00
1.1826e+00
1.1826e+00
1.1826e+00
1.1826e+00
1.1647e+00
1.1647e+00
1.1647e+00
1.1468e+00
1.1468e+00
1.1468e+00
1.1289e+00
1.1289e+00
1.1289e+00
1.1289e+00
1.1110e+00
1.1110e+00
1.1110e+00
1.1110e+00
1.1110e+00
1.0931e+00
1.0931e+00
1.1110e+00
1.1110e+00
1.1110e+00
1.1110e+00
1.1110e+00
1.0931e+00
1.1110e+00
1.1110e+00
1.0931e+00
1.0931e+00
1.0931e+00
1.0931e+00
1.0931e+00
1.0931e+00
1.0931e+00
1.0931e+00
1.0931e+00
1.1110e+00
1.0931e+00
1.1110e+00
1.1110e+00
1.1110e+00
1.1110e+00
1.1110e+00
1.1110e+00
1.0931e+00
1.1289e+00
1.1289e+00
1.1468e+00
1.1647e+00
1.1826e+00
1.1826e+00
1.1826e+00
1.2005e+00
1.1826e+00
1.1826e+00
1.2005e+00
1.1647e+00
1.1826e+00
1.1826e+00
1.1826e+00
1.1826e+00
1.2005e+00
1.1826e+00
1.1826e+00
1.1826e+00
1.1826e+00
1.1826e+00
1.1826e+00
1.1826e+00
1.1826e+00
1.1826e+00
1.1826e+00
1.1647e+00
1.1647e+00
1.1647e+00
1.1647e+00
1.1468e+00
1.1468e+00
1.1468e+00
1.1468e+00
1.1468e+00
1.1468e+00
1.1289e+00
1.1289e+00
1.1468e+00
1.1289e+00
1.1110e+00
1.1110e+00
1.1110e+00
1.1110e+00
1.1110e+00
1.1110e+00
1.0931e+00
1.0752e+00
1.0931e+00
1.0931e+00
1.0931e+00
1.0931e+00
1.0931e+00
1.0931e+00
1.0931e+00
1.0931e+00
1.0752e+00
1.0931e+00
1.0752e+00
1.0573e+00
1.0573e+00
1.0573e+00
1.0573e+00
1.0394e+00
1.0573e+00
1.0573e+00
1.0573e+00
1.0394e+00
1.0394e+00
1.0394e+00
1.0394e+00
1.0394e+00
1.0394e+00
1.0394e+00
1.0215e+00
1.0215e+00
1.0215e+00
1.0036e+00
1.0036e+00
1.0036e+00
9.8573e-01
9.8573e-01
9.8573e-01
1.0036e+00
1.0215e+00
1.0036e+00
1.0036e+00
1.0036e+00
9.8573e-01
9.8573e-01
1.0036e+00
9.8573e-01
9.8573e-01
9.8573e-01
9.8573e-01
9.8573e-01
9.8573e-01
9.8573e-01
9.8573e-01
1.0036e+00
1.0036e+00
9.8573e-01
9.8573e-01
9.8573e-01
9.8573e-01
9.8573e-01
9.8573e-01
9.8573e-01
9.6783e-01
9.6783e-01
9.8573e-01
9.6783e-01
9.6783e-01
9.6783e-01
9.6783e-01
9.4993e-01
9.6783e-01
9.6783e-01
9.6783e-01
9.6783e-01
9.6783e-01
9.4993e-01
9.4993e-01
9.4993e-01
9.4993e-01
9.4993e-01
9.4993e-01
9.4993e-01
9.4993e-01
9.4993e-01
9.4993e-01
9.4993e-01
9.4993e-01
9.4993e-01
9.4993e-01
9.3203e-01
9.3203e-01
9.3203e-01
9.3203e-01
9.3203e-01
9.1413e-01
9.1413e-01
9.1413e-01
9.1413e-01
9.3203e-01
9.1413e-01
9.1413e-01
9.1413e-01
9.1413e-01
9.1413e-01
8.9622e-01
8.9622e-01
8.9622e-01
8.9622e-01
8.7832e-01
8.7832e-01
8.9622e-01
8.7832e-01
8.7832e-01
8.7832e-01
8.7832e-01
8.7832e-01
8.7832e-01
8.6041e-01
8.6041e-01
8.6041e-01
8.6041e-01
8.4251e-01
8.4251e-01
8.4251e-01
8.2460e-01
8.2460e-01
8.0670e-01
8.0670e-01
8.0670e-01
7.8879e-01
7.8879e-01
7.8879e-01
7.8879e-01
7.8879e-01
7.8879e-01
7.8879e-01
7.8879e-01
7.8879e-01
7.8879e-01
8.0670e-01
8.0670e-01
8.4251e-01
8.4251e-01
8.4251e-01
8.4251e-01
8.6041e-01
8.6041e-01
8.7832e-01
8.7832e-01
8.9622e-01
8.9622e-01
8.9622e-01
9.1413e-01
9.1413e-01
9.1413e-01
9.1413e-01
9.1413e-01
9.3203e-01
9.3203e-01
9.3203e-01
9.3203e-01
9.4993e-01
9.4993e-01
9.4993e-01
9.4993e-01
9.4993e-01
9.6783e-01
9.4993e-01
9.4993e-01
9.4993e-01
9.4993e-01
9.6783e-01
9.4993e-01
9.4993e-01
9.4993e-01
9.6783e-01
9.6783e-01
9.6783e-01
9.6783e-01
9.4993e-01
9.6783e-01
9.6783e-01
9.6783e-01
9.6783e-01
9.6783e-01
9.6783e-01
9.4993e-01
9.6783e-01
9.4993e-01
9.4993e-01
9.4993e-01
9.4993e-01
9.4993e-01
9.4993e-01
9.4993e-01
9.4993e-01
9.6783e-01
9.6783e-01
9.4993e-01
9.4993e-01
9.4993e-01
9.4993e-01
9.4993e-01
9.4993e-01
9.4993e-01
9.4993e-01
9.4993e-01
9.4993e-01
9.4993e-01
9.4993e-01
9.4993e-01
9.4993e-01
9.4993e-01
9.4993e-01
9.4993e-01
9.4993e-01
9.4993e-01
9.4993e-01
9.4993e-01
9.4993e-01
9.3203e-01
9.3203e-01
9.1413e-01
8.9622e-01
8.9622e-01
8.9622e-01
8.6041e-01
8.6041e-01
8.4251e-01
8.2460e-01
8.2460e-01
8.0670e-01
7.8879e-01
7.7088e-01
7.7088e-01
7.5297e-01
7.3506e-01
7.3506e-01
6.9924e-01
6.9924e-01
6.8132e-01
6.6341e-01
6.6341e-01
6.4550e-01
6.4550e-01
6.2758e-01
6.2758e-01
6.2758e-01
6.0966e-01
5.9175e-01
5.7383e-01
5.7383e-01
5.7383e-01
5.5591e-01
5.3799e-01
5.3799e-01
5.2007e-01
5.0215e-01
5.2007e-01
5.0215e-01
5.0215e-01
4.8422e-01
4.8422e-01
4.8422e-01
4.8422e-01
4.6630e-01
4.6630e-01
4.6630e-01
4.4838e-01
4.4838e-01
4.4838e-01
4.4838e-01
4.4838e-01
4.4838e-01
4.4838e-01
4.3045e-01
4.3045e-01
4.3045e-01
4.3045e-01
4.1253e-01
4.3045e-01
4.1253e-01
3.9460e-01
3.9460e-01
3.7667e-01
3.9460e-01
3.7667e-01
3.9460e-01
3.7667e-01
3.7667e-01
3.7667e-01
3.7667e-01
3.7667e-01
3.5874e-01
3.5874e-01
3.5874e-01
3.5874e-01
3.5874e-01
3.5874e-01
3.5874e-01
3.4082e-01
3.4082e-01
3.2289e-01
3.2289e-01
3.2289e-01
3.2289e-01
3.2289e-01
3.0495e-01
3.0495e-01
2.8702e-01
2.8702e-01
2.8702e-01
2.8702e-01
2.8702e-01
2.6909e-01
2.5116e-01
2.5116e-01
2.5116e-01
2.3322e-01
2.3322e-01
2.3322e-01
2.1529e-01
2.3322e-01
2.3322e-01
2.1529e-01
2.1529e-01
2.3322e-01
2.3322e-01
2.3322e-01
2.3322e-01
2.3322e-01
2.5116e-01
2.3322e-01
2.3322e-01
2.5116e-01
2.5116e-01
2.5116e-01
2.5116e-01
2.6909e-01
2.6909e-01
2.6909e-01
2.6909e-01
2.6909e-01
2.6909e-01
2.6909e-01
2.6909e-01
2.5116e-01
2.6909e-01
2.6909e-01
2.6909e-01
2.5116e-01
2.5116e-01
2.5116e-01
2.5116e-01
2.5116e-01
2.5116e-01
2.5116e-01
2.5116e-01
2.3322e-01
2.3322e-01
2.3322e-01
2.1529e-01
2.1529e-01
2.1529e-01
2.1529e-01
2.1529e-01
1.9735e-01
1.9735e-01
2.1529e-01
2.1529e-01
1.9735e-01
2.1529e-01
2.1529e-01
2.1529e-01
2.1529e-01
2.1529e-01
2.1529e-01
2.3322e-01
2.1529e-01
2.3322e-01
2.3322e-01
2.3322e-01
2.3322e-01
2.5116e-01
2.5116e-01
2.3322e-01
2.3322e-01
2.3322e-01
2.5116e-01
2.5116e-01
2.5116e-01
2.5116e-01
2.3322e-01
2.3322e-01
2.3322e-01
2.3322e-01
2.3322e-01
2.3322e-01
2.3322e-01
2.3322e-01
2.3322e-01
2.3322e-01
2.3322e-01
2.3322e-01
2.3322e-01
2.3322e-01
2.3322e-01
2.1529e-01
2.1529e-01
2.1529e-01
1.9735e-01
1.9735e-01
1.9735e-01
1.9735e-01
1.9735e-01
1.9735e-01
1.9735e-01
1.9735e-01
2.1529e-01
2.1529e-01
2.1529e-01
2.1529e-01
2.1529e-01
2.3322e-01
2.3322e-01
2.6909e-01
2.8702e-01
3.0495e-01
3.0495e-01
3.0495e-01
3.0495e-01
3.2289e-01
3.2289e-01
3.4082e-01
3.4082e-01
3.5874e-01
3.5874e-01
3.7667e-01
3.7667e-01
3.7667e-01
3.7667e-01
3.9460e-01
3.9460e-01
3.9460e-01
3.9460e-01
3.9460e-01
4.1253e-01
4.1253e-01
4.1253e-01
4.1253e-01
4.3045e-01
4.3045e-01
4.3045e-01
4.3045e-01
4.3045e-01
4.3045e-01
4.3045e-01
4.3045e-01
4.1253e-01
4.1253e-01
4.1253e-01
4.1253e-01
4.1253e-01
4.1253e-01
4.1253e-01
4.1253e-01
3.9460e-01
4.1253e-01
4.1253e-01
3.9460e-01
3.9460e-01
3.9460e-01
3.7667e-01
3.7667e-01
3.5874e-01
3.5874e-01
3.5874e-01
3.4082e-01
3.4082e-01
3.5874e-01
3.5874e-01
3.4082e-01
3.5874e-01
3.5874e-01
3.4082e-01
3.4082e-01
3.5874e-01
3.4082e-01
3.4082e-01
3.4082e-01
3.2289e-01
3.2289e-01
3.2289e-01
3.0495e-01
3.0495e-01
3.0495e-01
2.8702e-01
2.8702e-01
2.8702e-01
2.6909e-01
2.8702e-01
2.6909e-01
2.6909e-01
2.5116e-01
2.5116e-01
2.5116e-01
2.5116e-01
2.3322e-01
2.3322e-01
2.3322e-01
2.1529e-01
1.9735e-01
1.9735e-01
1.9735e-01
1.9735e-01
1.9735e-01
1.9735e-01
1.9735e-01
1.9735e-01
1.7941e-01
1.6148e-01
1.7941e-01
1.6148e-01
1.6148e-01
1.6148e-01
1.6148e-01
1.4354e-01
1.4354e-01
1.6148e-01
1.6148e-01
1.6148e-01
1.6148e-01
1.6148e-01
1.6148e-01
1.6148e-01
1.6148e-01
1.6148e-01
1.7941e-01
1.7941e-01
1.7941e-01
1.7941e-01
1.6148e-01
1.6148e-01
1.7941e-01
1.6148e-01
1.7941e-01
1.7941e-01
1.7941e-01
1.9735e-01
1.9735e-01
1.7941e-01
1.7941e-01
1.7941e-01
1.7941e-01
1.7941e-01
1.7941e-01
1.6148e-01
1.6148e-01
1.6148e-01
1.6148e-01
1.6148e-01
1.4354e-01
1.4354e-01
1.2560e-01
1.2560e-01
1.0766e-01
1.0766e-01
1.0766e-01
1.0766e-01
8.9718e-02
7.1776e-02
8.9718e-02
8.9718e-02
8.9718e-02
7.1776e-02
5.3833e-02
7.1776e-02
7.1776e-02
7.1776e-02
5.3833e-02
5.3833e-02
5.3833e-02
5.3833e-02
5.3833e-02
3.5890e-02
3.5890e-02
3.5890e-02
3.5890e-02
3.5890e-02
3.5890e-02
3.5890e-02
3.5890e-02
3.5890e-02
3.5890e-02
3.5890e-02
3.5890e-02
3.5890e-02
3.5890e-02
1.7946e-02
1.7946e-02
1.7946e-02
0000
