3.9256e+00
3.9256e+00
3.9093e+00
3.8929e+00
3.8766e+00
3.8766e+00
3.8603e+00
3.8603e+00
3.8439e+00
3.8276e+00
3.8276e+00
3.8276e+00
3.8112e+00
3.7949e+00
3.7949e+00
3.7949e+00
3.7785e+00
3.7622e+00
3.7622e+00
3.7622e+00
3.7459e+00
3.7295e+00
3.7295e+00
3.7132e+00
3.7132e+00
3.7295e+00
3.7132e+00
3.6968e+00
3.6805e+00
3.6805e+00
3.6805e+00
3.6805e+00
3.6641e+00
3.6478e+00
3.6478e+00
3.6314e+00
3.6314e+00
3.6151e+00
3.5987e+00
3.5987e+00
3.5987e+00
3.5824e+00
3.5824e+00
3.5824e+00
3.5660e+00
3.5497e+00
3.5660e+00
3.5497e+00
3.5333e+00
3.5333e+00
3.5333e+00
3.5170e+00
3.5170e+00
3.5006e+00
3.5006e+00
3.4843e+00
3.4843e+00
3.4679e+00
3.4679e+00
3.4679e+00
3.4515e+00
3.4515e+00
3.4515e+00
3.4352e+00
3.4352e+00
3.4352e+00
3.4352e+00
3.4188e+00
3.4188e+00
3.4188e+00
3.4188e+00
3.4352e+00
3.4188e+00
3.4188e+00
3.4188e+00
3.4352e+00
3.4188e+00
3.4188e+00
3.4188e+00
3.4188e+00
3.4188e+00
3.4188e+00
3.4025e+00
3.4025e+00
3.4188e+00
3.4025e+00
3.4188e+00
3.4025e+00
3.4188e+00
3.4352e+00
3.4188e+00
3.4352e+00
3.4352e+00
3.4352e+00
3.4515e+00
3.4515e+00
3.4679e+00
3.4679e+00
3.4679e+00
3.4679e+00
3.4843e+00
3.4843e+00
3.4843e+00
3.4843e+00
3.4843e+00
3.4843e+00
3.5006e+00
3.5006e+00
3.5006e+00
3.5170e+00
3.5006e+00
3.5170e+00
3.5170e+00
3.5170e+00
3.5170e+00
3.5006e+00
3.5006e+00
3.5170e+00
3.5333e+00
3.5170e+00
3.5170e+00
3.5170e+00
3.5170e+00
3.5333e+00
3.5333e+00
3.5333e+00
3.5497e+00
3.5660e+00
3.5824e+00
3.5987e+00
3.6151e+00
3.6314e+00
3.6641e+00
3.6805e+00
3.7132e+00
3.7295e+00
3.7622e+00
3.7785e+00
3.7949e+00
3.8112e+00
3.8439e+00
3.8603e+00
3.8766e+00
3.8929e+00
3.9093e+00
3.9256e+00
3.9419e+00
3.9583e+00
3.9909e+00
3.9909e+00
4.0073e+00
4.0073e+00
4.0236e+00
4.0399e+00
4.0563e+00
4.0726e+00
4.0726e+00
4.0889e+00
4.1053e+00
4.1053e+00
4.1053e+00
4.1053e+00
4.1053e+00
4.1216e+00
4.1379e+00
4.1216e+00
4.1216e+00
4.1379e+00
4.1379e+00
4.1379e+00
4.1379e+00
4.1379e+00
4.1379e+00
4.1379e+00
4.1379e+00
4.1379e+00
4.1379e+00
4.1542e+00
4.1542e+00
4.1379e+00
4.1379e+00
4.1542e+00
4.1542e+00
4.1542e+00
4.1542e+00
4.1542e+00
4.1706e+00
4.1542e+00
4.1706e+00
4.1706e+00
4.1706e+00
4.1706e+00
4.1706e+00
4.1869e+00
4.1706e+00
4.1706e+00
4.1706e+00
4.1542e+00
4.1542e+00
4.1542e+00
4.1542e+00
4.1379e+00
4.1379e+00
4.1542e+00
4.1542e+00
4.1542e+00
4.1379e+00
4.1542e+00
4.1542e+00
4.1379e+00
4.1379e+00
4.1379e+00
4.1379e+00
4.1379e+00
4.1216e+00
4.1216e+00
4.1053e+00
4.1053e+00
4.1216e+00
4.1216e+00
4.1053e+00
4.1053e+00
4.1053e+00
4.0889e+00
4.0889e+00
4.0889e+00
4.0889e+00
4.0889e+00
4.0889e+00
4.0726e+00
4.0726e+00
4.0563e+00
4.0563e+00
4.0563e+00
4.0889e+00
4.0889e+00
4.1379e+00
4.1216e+00
4.1379e+00
4.1379e+00
4.1379e+00
4.1379e+00
4.1542e+00
4.1542e+00
4.1542e+00
4.1542e+00
4.1706e+00
4.1706e+00
4.1869e+00
4.1869e+00
4.2032e+00
4.2032e+00
4.2032e+00
4.2195e+00
4.2195e+00
4.2359e+00
4.2685e+00
4.2685e+00
4.3012e+00
4.3501e+00
4.4317e+00
4.4643e+00
4.4969e+00
4.5132e+00
4.5459e+00
4.5622e+00
4.5785e+00
4.5948e+00
4.6111e+00
4.6437e+00
4.6437e+00
4.6600e+00
4.6926e+00
4.7089e+00
4.7089e+00
4.7089e+00
4.7252e+00
4.7089e+00
4.7089e+00
4.7089e+00
4.6926e+00
4.6763e+00
4.6763e+00
4.6763e+00
4.6600e+00
4.6600e+00
4.6600e+00
4.6763e+00
4.6600e+00
4.6600e+00
4.6600e+00
4.6600e+00
4.6600e+00
4.6437e+00
4.6437e+00
4.6600e+00
4.6437e+00
4.6437e+00
4.6274e+00
4.6274e+00
4.6111e+00
4.5948e+00
4.5785e+00
4.5622e+00
4.5622e+00
4.5459e+00
4.5296e+00
4.5296e+00
4.5132e+00
4.4969e+00
4.4806e+00
4.4643e+00
4.4643e+00
4.4480e+00
4.4480e+00
4.4317e+00
4.4154e+00
4.4154e+00
4.3991e+00
4.4154e+00
4.3991e+00
4.3827e+00
4.3664e+00
4.3664e+00
4.3501e+00
4.3338e+00
4.3338e+00
4.3175e+00
4.3175e+00
4.3012e+00
4.2848e+00
4.2685e+00
4.2522e+00
4.2522e+00
4.2359e+00
4.2359e+00
4.2359e+00
4.2195e+00
4.2032e+00
4.2195e+00
4.2032e+00
4.1869e+00
4.1869e+00
4.1706e+00
4.1542e+00
4.1542e+00
4.1542e+00
4.1542e+00
4.1542e+00
4.1379e+00
4.1542e+00
4.1379e+00
4.1379e+00
4.1379e+00
4.1379e+00
4.1216e+00
4.1379e+00
4.1379e+00
4.1216e+00
4.1216e+00
4.1216e+00
4.1216e+00
4.1216e+00
4.1216e+00
4.1053e+00
4.1053e+00
4.1216e+00
4.1216e+00
4.1216e+00
4.1216e+00
4.1053e+00
4.1053e+00
4.0889e+00
4.0726e+00
4.0889e+00
4.0726e+00
4.0726e+00
4.0563e+00
4.0563e+00
4.0726e+00
4.0563e+00
4.0563e+00
4.0563e+00
4.0563e+00
4.0563e+00
4.0563e+00
4.0399e+00
4.0399e+00
4.0399e+00
4.0399e+00
4.0399e+00
4.0236e+00
4.0236e+00
4.0236e+00
4.0236e+00
4.0073e+00
4.0073e+00
4.0073e+00
4.0073e+00
4.0236e+00
4.0236e+00
4.0236e+00
4.0236e+00
4.0399e+00
4.0399e+00
4.0563e+00
4.0726e+00
4.0563e+00
4.0889e+00
4.1053e+00
4.1216e+00
4.1216e+00
4.1379e+00
4.1706e+00
4.1869e+00
4.1869e+00
4.2032e+00
4.2195e+00
4.2195e+00
4.2195e+00
4.2195e+00
4.2195e+00
4.2359e+00
4.2359e+00
4.2522e+00
4.2522e+00
4.2685e+00
4.2685e+00
4.2685e+00
4.2848e+00
4.2685e+00
4.2848e+00
4.2848e+00
4.2848e+00
4.2848e+00
4.2848e+00
4.2848e+00
4.2848e+00
4.3012e+00
4.3012e+00
4.2848e+00
4.2848e+00
4.2848e+00
4.2848e+00
4.2848e+00
4.2848e+00
4.2848e+00
4.2848e+00
4.2848e+00
4.2848e+00
4.2848e+00
4.2848e+00
4.2685e+00
4.2685e+00
4.2685e+00
4.2522e+00
4.2522e+00
4.2685e+00
4.2522e+00
4.2359e+00
4.2359e+00
4.2359e+00
4.2195e+00
4.2359e+00
4.2195e+00
4.2195e+00
4.2032e+00
4.1869e+00
4.1706e+00
4.1706e+00
4.1706e+00
4.1542e+00
4.1379e+00
4.1216e+00
4.1216e+00
4.1216e+00
4.1053e+00
4.1053e+00
4.0889e+00
4.0889e+00
4.0726e+00
4.0726e+00
4.0563e+00
4.0563e+00
4.0399e+00
4.0236e+00
4.0073e+00
4.0073e+00
3.9909e+00
3.9583e+00
3.9583e+00
3.9583e+00
3.9419e+00
3.9256e+00
3.9256e+00
3.9256e+00
3.9093e+00
3.8929e+00
3.8766e+00
3.8603e+00
3.8439e+00
3.8276e+00
3.8276e+00
3.8112e+00
3.7949e+00
3.7949e+00
3.7949e+00
3.7785e+00
3.7622e+00
3.7622e+00
3.7459e+00
3.7459e+00
3.7295e+00
3.7132e+00
3.7132e+00
3.6968e+00
3.6805e+00
3.6641e+00
3.6641e+00
3.6641e+00
3.6478e+00
3.6314e+00
3.6314e+00
3.6151e+00
3.6151e+00
3.5987e+00
3.5987e+00
3.5987e+00
3.5824e+00
3.5660e+00
3.5660e+00
3.5660e+00
3.5497e+00
3.5497e+00
3.5333e+00
3.5333e+00
3.5333e+00
3.5170e+00
3.5170e+00
3.5006e+00
3.4843e+00
3.4843e+00
3.4679e+00
3.4679e+00
3.4679e+00
3.4515e+00
3.4515e+00
3.4352e+00
3.4188e+00
3.4188e+00
3.4188e+00
3.3861e+00
3.3861e+00
3.3697e+00
3.3697e+00
3.3534e+00
3.3534e+00
3.3534e+00
3.3370e+00
3.3370e+00
3.3207e+00
3.3207e+00
3.3043e+00
3.3043e+00
3.3043e+00
3.2879e+00
3.2716e+00
3.2716e+00
3.2552e+00
3.2552e+00
3.2552e+00
3.2388e+00
3.2225e+00
3.2225e+00
3.2061e+00
3.2061e+00
3.1897e+00
3.1897e+00
3.1897e+00
3.1733e+00
3.1570e+00
3.1406e+00
3.1406e+00
3.1242e+00
3.1242e+00
3.1079e+00
3.1079e+00
3.0915e+00
3.0915e+00
3.0751e+00
3.0751e+00
3.0751e+00
3.0587e+00
3.0587e+00
3.0587e+00
3.0587e+00
3.0424e+00
3.0424e+00
3.0424e+00
3.0260e+00
3.0424e+00
3.0260e+00
3.0424e+00
3.0260e+00
3.0424e+00
3.0424e+00
3.0424e+00
3.0424e+00
3.0424e+00
3.0424e+00
3.0424e+00
3.0260e+00
3.0587e+00
3.0587e+00
3.0587e+00
3.0587e+00
3.0587e+00
3.0587e+00
3.0751e+00
3.0751e+00
3.0751e+00
3.0751e+00
3.0751e+00
3.0751e+00
3.0751e+00
3.0751e+00
3.0587e+00
3.0587e+00
3.0751e+00
3.0751e+00
3.0915e+00
3.1079e+00
3.1079e+00
3.1242e+00
3.1406e+00
3.1406e+00
3.1570e+00
3.1733e+00
3.1897e+00
3.1897e+00
3.2061e+00
3.2225e+00
3.2388e+00
3.2552e+00
3.2716e+00
3.2716e+00
3.2716e+00
3.2879e+00
3.2879e+00
3.3043e+00
3.3043e+00
3.3207e+00
3.3370e+00
3.3534e+00
3.3534e+00
3.3697e+00
3.3697e+00
3.3861e+00
3.3861e+00
3.4025e+00
3.4025e+00
3.4188e+00
3.4188e+00
3.4352e+00
3.4352e+00
3.4515e+00
3.4515e+00
3.4679e+00
3.4679e+00
3.4843e+00
3.4843e+00
3.4843e+00
3.4843e+00
3.5170e+00
3.5006e+00
3.4843e+00
3.4843e+00
3.5006e+00
3.5006e+00
3.4843e+00
3.5006e+00
3.4843e+00
3.4843e+00
3.4843e+00
3.4843e+00
3.5006e+00
3.5006e+00
3.5006e+00
3.5006e+00
3.5006e+00
3.5006e+00
3.5170e+00
3.5333e+00
3.6151e+00
3.6314e+00
3.6314e+00
3.6478e+00
3.6641e+00
3.6968e+00
3.6968e+00
3.7132e+00
3.7459e+00
3.7622e+00
3.7949e+00
3.8112e+00
3.8112e+00
3.8439e+00
3.8603e+00
3.8603e+00
3.8603e+00
3.8929e+00
3.8929e+00
3.9256e+00
3.9419e+00
3.9583e+00
3.9419e+00
3.9746e+00
3.9909e+00
4.0073e+00
4.0073e+00
4.0236e+00
4.0399e+00
4.0399e+00
4.0399e+00
4.0399e+00
4.0399e+00
4.0563e+00
4.0563e+00
4.0563e+00
4.0399e+00
4.0563e+00
4.0563e+00
4.0563e+00
4.0563e+00
4.0726e+00
4.0726e+00
4.0726e+00
4.0563e+00
4.0726e+00
4.0726e+00
4.0726e+00
4.0563e+00
4.0563e+00
4.0399e+00
4.0563e+00
4.0399e+00
4.0236e+00
4.0236e+00
4.0236e+00
4.0236e+00
4.0236e+00
4.0236e+00
4.0073e+00
4.0073e+00
4.0073e+00
3.9746e+00
3.9746e+00
3.9583e+00
3.9583e+00
3.9419e+00
3.9419e+00
3.9256e+00
3.9256e+00
3.9256e+00
3.9093e+00
3.8929e+00
3.8929e+00
3.9093e+00
3.8929e+00
3.8929e+00
3.8929e+00
3.8766e+00
3.8766e+00
3.8439e+00
3.8439e+00
3.8439e+00
3.8439e+00
3.8439e+00
3.8439e+00
3.8276e+00
3.8112e+00
3.7949e+00
3.7949e+00
3.7949e+00
3.7949e+00
3.7949e+00
3.7785e+00
3.7785e+00
3.7622e+00
3.7785e+00
3.7622e+00
3.7459e+00
3.7622e+00
3.7459e+00
3.7295e+00
3.7132e+00
3.7132e+00
3.7132e+00
3.6968e+00
3.6968e+00
3.6968e+00
3.6805e+00
3.6805e+00
3.6805e+00
3.6641e+00
3.6478e+00
3.6478e+00
3.6151e+00
3.6151e+00
3.6151e+00
3.5987e+00
3.5987e+00
3.5987e+00
3.5824e+00
3.5660e+00
3.5660e+00
3.5497e+00
3.5333e+00
3.5170e+00
3.5170e+00
3.5006e+00
3.5006e+00
3.4843e+00
3.4679e+00
3.4679e+00
3.4515e+00
3.4515e+00
3.4352e+00
3.4352e+00
3.4188e+00
3.4025e+00
3.4025e+00
3.3861e+00
3.3697e+00
3.3697e+00
3.3534e+00
3.3534e+00
3.3370e+00
3.3370e+00
3.3207e+00
3.3043e+00
3.3043e+00
3.3043e+00
3.2879e+00
3.2879e+00
3.2879e+00
3.2716e+00
3.2552e+00
3.2552e+00
3.2552e+00
3.2225e+00
3.2225e+00
3.2061e+00
3.1897e+00
3.1897e+00
3.1897e+00
3.1570e+00
3.1406e+00
3.1406e+00
3.1242e+00
3.1079e+00
3.1079e+00
3.0915e+00
3.0915e+00
3.0587e+00
3.0587e+00
3.0587e+00
3.0424e+00
3.0260e+00
3.0096e+00
2.9932e+00
2.9932e+00
2.9932e+00
2.9769e+00
2.9769e+00
2.9769e+00
2.9769e+00
2.9769e+00
2.9605e+00
2.9441e+00
2.9605e+00
2.9605e+00
2.9441e+00
2.9277e+00
2.9441e+00
2.9277e+00
2.9441e+00
2.9277e+00
2.9441e+00
2.9277e+00
2.9441e+00
2.9605e+00
2.9605e+00
2.9605e+00
2.9605e+00
2.9769e+00
2.9605e+00
2.9605e+00
2.9769e+00
2.9769e+00
2.9769e+00
2.9605e+00
2.9605e+00
2.9441e+00
2.9441e+00
2.9441e+00
2.9441e+00
2.9277e+00
2.9277e+00
2.9113e+00
2.9277e+00
2.9277e+00
2.9113e+00
2.9113e+00
2.8949e+00
2.9113e+00
2.9113e+00
2.9113e+00
2.9113e+00
2.9113e+00
2.9113e+00
2.9113e+00
2.9277e+00
2.9441e+00
2.9277e+00
2.9277e+00
2.9441e+00
2.9605e+00
2.9605e+00
2.9769e+00
2.9769e+00
2.9605e+00
2.9605e+00
2.9605e+00
2.9769e+00
2.9605e+00
2.9769e+00
2.9769e+00
2.9769e+00
2.9769e+00
2.9769e+00
2.9932e+00
2.9769e+00
2.9932e+00
2.9932e+00
2.9932e+00
2.9932e+00
2.9932e+00
2.9769e+00
2.9605e+00
2.9769e+00
2.9605e+00
2.9605e+00
2.9769e+00
2.9605e+00
2.9605e+00
2.9441e+00
2.9441e+00
2.9277e+00
2.9441e+00
2.9441e+00
2.9277e+00
2.9441e+00
2.9441e+00
2.9605e+00
2.9441e+00
2.9441e+00
2.9605e+00
2.9769e+00
2.9605e+00
2.9932e+00
2.9932e+00
2.9932e+00
3.0260e+00
3.0424e+00
3.0424e+00
3.0424e+00
3.0424e+00
3.0587e+00
3.0587e+00
3.0587e+00
3.0587e+00
3.0587e+00
3.0424e+00
3.0587e+00
3.0587e+00
3.0587e+00
3.0587e+00
3.0587e+00
3.0587e+00
3.0587e+00
3.0751e+00
3.0751e+00
3.0751e+00
3.0751e+00
3.0751e+00
3.0751e+00
3.0587e+00
3.0587e+00
3.0424e+00
3.0424e+00
3.0424e+00
3.0260e+00
3.0260e+00
3.0096e+00
3.0260e+00
2.9932e+00
2.9932e+00
2.9769e+00
2.9769e+00
2.9605e+00
2.9441e+00
2.9441e+00
2.9277e+00
2.9277e+00
2.9277e+00
2.9113e+00
2.9113e+00
2.8949e+00
2.9113e+00
2.8949e+00
2.8949e+00
2.8949e+00
2.8949e+00
2.8786e+00
2.8786e+00
2.8786e+00
2.8786e+00
2.8622e+00
2.8622e+00
2.8622e+00
2.8458e+00
2.8458e+00
2.8458e+00
2.8458e+00
2.8458e+00
2.8458e+00
2.8458e+00
2.8622e+00
2.8786e+00
2.8786e+00
2.8786e+00
2.8949e+00
2.8949e+00
2.9113e+00
2.9113e+00
2.9277e+00
2.9277e+00
2.9441e+00
2.9769e+00
2.9932e+00
2.9932e+00
3.0096e+00
3.0096e+00
3.0096e+00
3.0260e+00
3.0260e+00
3.0260e+00
3.0260e+00
3.0260e+00
3.0260e+00
3.0260e+00
3.0260e+00
3.0260e+00
3.0260e+00
3.0260e+00
3.0260e+00
3.0424e+00
3.0260e+00
3.0424e+00
3.0260e+00
3.0424e+00
3.0424e+00
3.0424e+00
3.0260e+00
3.0260e+00
3.0260e+00
3.0260e+00
3.0096e+00
3.0096e+00
2.9932e+00
2.9932e+00
2.9932e+00
2.9769e+00
2.9605e+00
2.9769e+00
2.9769e+00
2.9605e+00
2.9605e+00
2.9605e+00
2.9605e+00
2.9441e+00
2.9605e+00
2.9441e+00
2.9277e+00
2.9277e+00
2.9277e+00
2.9277e+00
2.9113e+00
2.9277e+00
2.9113e+00
2.9113e+00
2.9277e+00
2.9113e+00
2.8949e+00
2.8949e+00
2.8786e+00
2.8622e+00
2.8622e+00
2.8458e+00
2.8294e+00
2.8130e+00
2.8130e+00
2.8130e+00
2.7966e+00
2.7966e+00
2.7802e+00
2.7802e+00
2.7639e+00
2.7639e+00
2.7475e+00
2.7475e+00
2.7311e+00
2.7147e+00
2.7147e+00
2.6983e+00
2.6819e+00
2.6819e+00
2.6655e+00
2.6491e+00
2.6491e+00
2.6491e+00
2.6327e+00
2.6327e+00
2.6163e+00
2.5999e+00
2.5835e+00
2.5835e+00
2.5835e+00
2.5835e+00
2.5671e+00
2.5507e+00
2.5507e+00
2.5343e+00
2.5343e+00
2.5179e+00
2.5179e+00
2.5343e+00
2.5179e+00
2.5179e+00
2.5179e+00
2.5343e+00
2.5343e+00
2.5343e+00
2.5343e+00
2.5343e+00
2.5343e+00
2.5179e+00
2.5343e+00
2.5179e+00
2.5343e+00
2.5343e+00
2.5343e+00
2.5343e+00
2.5343e+00
2.5507e+00
2.5507e+00
2.5671e+00
2.5671e+00
2.5671e+00
2.5671e+00
2.5835e+00
2.5835e+00
2.5835e+00
2.5835e+00
2.5671e+00
2.5671e+00
2.5835e+00
2.5835e+00
2.5671e+00
2.5671e+00
2.5671e+00
2.5671e+00
2.5671e+00
2.5507e+00
2.5507e+00
2.5507e+00
2.5343e+00
2.5343e+00
2.5343e+00
2.5507e+00
2.5507e+00
2.5507e+00
2.5507e+00
2.5671e+00
2.5835e+00
2.5999e+00
2.5999e+00
2.6327e+00
2.6491e+00
2.6819e+00
2.6983e+00
2.7147e+00
2.7311e+00
2.7639e+00
2.7639e+00
2.7966e+00
2.8130e+00
2.8458e+00
2.8786e+00
2.8949e+00
2.9113e+00
2.9441e+00
2.9605e+00
2.9769e+00
2.9932e+00
3.0096e+00
3.0260e+00
3.0424e+00
3.0587e+00
3.0751e+00
3.0587e+00
3.0751e+00
3.0915e+00
3.0915e+00
3.0915e+00
3.0915e+00
3.0915e+00
3.0915e+00
3.0751e+00
3.0751e+00
3.0751e+00
3.0587e+00
3.0587e+00
3.0587e+00
3.0424e+00
3.0424e+00
3.0260e+00
3.0260e+00
3.0096e+00
2.9932e+00
2.9769e+00
2.9769e+00
2.9769e+00
2.9605e+00
2.9441e+00
2.9277e+00
2.9277e+00
2.9113e+00
2.9113e+00
2.8949e+00
2.8786e+00
2.8622e+00
2.8458e+00
2.8458e+00
2.8458e+00
2.8458e+00
2.8458e+00
2.8458e+00
2.8458e+00
2.8622e+00
2.8622e+00
2.8622e+00
2.8786e+00
2.8949e+00
2.8949e+00
2.9113e+00
2.9113e+00
2.9277e+00
2.9277e+00
2.9441e+00
2.9605e+00
2.9605e+00
2.9769e+00
2.9769e+00
2.9605e+00
2.9769e+00
2.9605e+00
2.9769e+00
2.9769e+00
2.9769e+00
2.9932e+00
2.9932e+00
2.9769e+00
2.9769e+00
2.9769e+00
2.9769e+00
2.9605e+00
2.9605e+00
2.9441e+00
2.9441e+00
2.9277e+00
2.9113e+00
2.9113e+00
2.8949e+00
2.8949e+00
2.8786e+00
2.8622e+00
2.8458e+00
2.8294e+00
2.8130e+00
2.7966e+00
2.7802e+00
2.7639e+00
2.7475e+00
2.7147e+00
2.7147e+00
2.7147e+00
2.6819e+00
2.6819e+00
2.6655e+00
2.6655e+00
2.6327e+00
2.6327e+00
2.5999e+00
2.5999e+00
2.5835e+00
2.5671e+00
2.5507e+00
2.5179e+00
2.5179e+00
2.5179e+00
2.4851e+00
2.4851e+00
2.4687e+00
2.4523e+00
2.4195e+00
2.4031e+00
2.3867e+00
2.3867e+00
2.3703e+00
2.3539e+00
2.3375e+00
2.3211e+00
2.3047e+00
2.2883e+00
2.2719e+00
2.2719e+00
2.2554e+00
2.2390e+00
2.2226e+00
2.2062e+00
2.1898e+00
2.2062e+00
2.1898e+00
2.1570e+00
2.1570e+00
2.1405e+00
2.1241e+00
2.1241e+00
2.0913e+00
2.0749e+00
2.0584e+00
2.0420e+00
2.0420e+00
2.0256e+00
2.0256e+00
2.0092e+00
1.9928e+00
1.9928e+00
1.9763e+00
1.9599e+00
1.9599e+00
1.9435e+00
1.9435e+00
1.9271e+00
1.9106e+00
1.9106e+00
1.9106e+00
1.8942e+00
1.8778e+00
1.8778e+00
1.8613e+00
1.8613e+00
1.8285e+00
1.8285e+00
1.8120e+00
1.7956e+00
1.7956e+00
1.7792e+00
1.7792e+00
1.7627e+00
1.7627e+00
1.7463e+00
1.7299e+00
1.7299e+00
1.7134e+00
1.6970e+00
1.6970e+00
1.6970e+00
1.6641e+00
1.6806e+00
1.6641e+00
1.6477e+00
1.6477e+00
1.6312e+00
1.6148e+00
1.6148e+00
1.5984e+00
1.5819e+00
1.5819e+00
1.5655e+00
1.5490e+00
1.5490e+00
1.5490e+00
1.5490e+00
1.5326e+00
1.5326e+00
1.5161e+00
1.4997e+00
1.4833e+00
1.4833e+00
1.4833e+00
1.4668e+00
1.4668e+00
1.4504e+00
1.4504e+00
1.4339e+00
1.4175e+00
1.4175e+00
1.4010e+00
1.4010e+00
1.3846e+00
1.3681e+00
1.3681e+00
1.3517e+00
1.3352e+00
1.3352e+00
1.3352e+00
1.3187e+00
1.3023e+00
1.2858e+00
1.2858e+00
1.2694e+00
1.2529e+00
1.2529e+00
1.2365e+00
1.2529e+00
1.2365e+00
1.2365e+00
1.2365e+00
1.2200e+00
1.2035e+00
1.2035e+00
1.2035e+00
1.1871e+00
1.1706e+00
1.1706e+00
1.1542e+00
1.1377e+00
1.1212e+00
1.1212e+00
1.1048e+00
1.1048e+00
1.0883e+00
1.1048e+00
1.0883e+00
1.0718e+00
1.0718e+00
1.0718e+00
1.0718e+00
1.0554e+00
1.0389e+00
1.0224e+00
1.0224e+00
1.0060e+00
1.0060e+00
1.0060e+00
9.8951e-01
9.8951e-01
9.7304e-01
9.7304e-01
9.7304e-01
9.5657e-01
9.5657e-01
9.4010e-01
9.4010e-01
9.2363e-01
9.2363e-01
9.0715e-01
9.0715e-01
8.9068e-01
8.7421e-01
8.7421e-01
8.7421e-01
8.7421e-01
8.7421e-01
8.7421e-01
8.4126e-01
8.4126e-01
8.4126e-01
8.4126e-01
8.2478e-01
8.2478e-01
8.0830e-01
8.0830e-01
8.0830e-01
7.7535e-01
7.7535e-01
7.5887e-01
7.5887e-01
7.5887e-01
7.5887e-01
7.5887e-01
7.4239e-01
7.4239e-01
7.4239e-01
7.4239e-01
7.4239e-01
7.2590e-01
7.0942e-01
7.0942e-01
7.0942e-01
6.9294e-01
6.7646e-01
6.7646e-01
6.7646e-01
6.9294e-01
6.9294e-01
6.9294e-01
6.7646e-01
6.7646e-01
6.7646e-01
6.5997e-01
6.5997e-01
6.4349e-01
6.5997e-01
6.5997e-01
6.5997e-01
6.5997e-01
6.4349e-01
6.2700e-01
6.2700e-01
6.2700e-01
6.2700e-01
6.2700e-01
6.2700e-01
6.2700e-01
6.2700e-01
6.1052e-01
6.1052e-01
6.1052e-01
6.1052e-01
6.1052e-01
5.9403e-01
5.7754e-01
5.7754e-01
5.7754e-01
5.6105e-01
5.6105e-01
5.4456e-01
5.4456e-01
5.4456e-01
5.2807e-01
5.1158e-01
5.1158e-01
5.1158e-01
4.7860e-01
4.7860e-01
4.7860e-01
4.6211e-01
4.4561e-01
4.2912e-01
4.2912e-01
4.2912e-01
4.2912e-01
4.1262e-01
4.1262e-01
4.1262e-01
4.1262e-01
4.1262e-01
4.1262e-01
3.9613e-01
3.9613e-01
3.9613e-01
3.6313e-01
3.7963e-01
3.9613e-01
3.9613e-01
3.9613e-01
3.9613e-01
3.9613e-01
3.7963e-01
3.9613e-01
3.9613e-01
3.9613e-01
4.1262e-01
4.1262e-01
4.2912e-01
4.1262e-01
4.2912e-01
4.4561e-01
4.4561e-01
4.2912e-01
4.6211e-01
4.6211e-01
4.6211e-01
4.7860e-01
4.9509e-01
5.1158e-01
5.1158e-01
5.1158e-01
5.2807e-01
5.2807e-01
5.6105e-01
5.7754e-01
6.1052e-01
6.2700e-01
6.7646e-01
6.9294e-01
7.0942e-01
7.2590e-01
7.2590e-01
7.2590e-01
7.4239e-01
7.4239e-01
7.4239e-01
7.5887e-01
7.5887e-01
7.4239e-01
7.4239e-01
7.4239e-01
7.4239e-01
7.2590e-01
7.4239e-01
7.2590e-01
7.0942e-01
7.0942e-01
7.0942e-01
6.9294e-01
6.9294e-01
6.9294e-01
6.7646e-01
6.7646e-01
6.7646e-01
6.7646e-01
6.5997e-01
6.4349e-01
6.4349e-01
6.2700e-01
6.2700e-01
6.2700e-01
6.1052e-01
6.2700e-01
6.1052e-01
6.1052e-01
6.1052e-01
6.2700e-01
6.2700e-01
6.4349e-01
6.5997e-01
6.5997e-01
7.0942e-01
7.0942e-01
7.5887e-01
7.7535e-01
8.4126e-01
8.4126e-01
9.0715e-01
9.5657e-01
1.0060e+00
1.0554e+00
1.1048e+00
1.1542e+00
1.2035e+00
1.2529e+00
1.2858e+00
1.3352e+00
1.3681e+00
1.4010e+00
1.4504e+00
1.4833e+00
1.4997e+00
1.5326e+00
1.5326e+00
1.5655e+00
1.5819e+00
1.6148e+00
1.6148e+00
1.6477e+00
1.6641e+00
1.6970e+00
1.6970e+00
1.7299e+00
1.7299e+00
1.7463e+00
1.7463e+00
1.7463e+00
1.7463e+00
1.7463e+00
1.7299e+00
1.7299e+00
1.7299e+00
1.7134e+00
1.6970e+00
1.7134e+00
1.7134e+00
1.6970e+00
1.6806e+00
1.6641e+00
1.6477e+00
1.6312e+00
1.6312e+00
1.6148e+00
1.5984e+00
1.5819e+00
1.5984e+00
1.5819e+00
1.5819e+00
1.5655e+00
1.5655e+00
1.5490e+00
1.5490e+00
1.5326e+00
1.5326e+00
1.5326e+00
1.5326e+00
1.5161e+00
1.5161e+00
1.5161e+00
1.5161e+00
1.4668e+00
1.4833e+00
1.4668e+00
1.4668e+00
1.4504e+00
1.4504e+00
1.4504e+00
1.4339e+00
1.4175e+00
1.4175e+00
1.4175e+00
1.4010e+00
1.4010e+00
1.3846e+00
1.3846e+00
1.3681e+00
1.3517e+00
1.3517e+00
1.3517e+00
1.3517e+00
1.3352e+00
1.3187e+00
1.3187e+00
1.3187e+00
1.3187e+00
1.2858e+00
1.2694e+00
1.2529e+00
1.2365e+00
1.2365e+00
1.2200e+00
1.2200e+00
1.2035e+00
1.2035e+00
1.1706e+00
1.1542e+00
1.1542e+00
1.1377e+00
1.1377e+00
1.1212e+00
1.1212e+00
1.0883e+00
1.0883e+00
1.0718e+00
1.0718e+00
1.0554e+00
1.0389e+00
1.0224e+00
1.0224e+00
1.0224e+00
9.8951e-01
9.8951e-01
9.5657e-01
9.5657e-01
9.5657e-01
9.5657e-01
9.4010e-01
9.2363e-01
9.2363e-01
9.0715e-01
9.0715e-01
8.9068e-01
8.9068e-01
9.0715e-01
8.9068e-01
8.7421e-01
8.7421e-01
8.9068e-01
8.7421e-01
8.7421e-01
8.9068e-01
8.7421e-01
8.7421e-01
8.7421e-01
8.5773e-01
8.5773e-01
8.5773e-01
8.4126e-01
8.4126e-01
8.2478e-01
8.4126e-01
8.4126e-01
8.2478e-01
8.2478e-01
8.2478e-01
8.2478e-01
8.2478e-01
8.0830e-01
8.0830e-01
8.0830e-01
8.0830e-01
7.9182e-01
7.7535e-01
7.7535e-01
7.5887e-01
7.5887e-01
7.4239e-01
7.2590e-01
7.2590e-01
7.0942e-01
6.9294e-01
6.9294e-01
6.9294e-01
6.5997e-01
6.5997e-01
6.4349e-01
6.4349e-01
6.4349e-01
6.2700e-01
6.2700e-01
6.1052e-01
5.9403e-01
5.9403e-01
5.7754e-01
5.6105e-01
5.6105e-01
5.6105e-01
5.4456e-01
5.4456e-01
5.4456e-01
5.2807e-01
5.2807e-01
5.2807e-01
5.1158e-01
5.1158e-01
4.7860e-01
4.6211e-01
4.6211e-01
4.4561e-01
4.2912e-01
4.2912e-01
4.1262e-01
4.1262e-01
3.9613e-01
3.9613e-01
3.7963e-01
3.7963e-01
3.6313e-01
3.6313e-01
3.4664e-01
3.3014e-01
3.3014e-01
3.1364e-01
2.9714e-01
2.8064e-01
2.9714e-01
2.8064e-01
2.6413e-01
2.6413e-01
2.6413e-01
2.6413e-01
2.4763e-01
2.3113e-01
2.3113e-01
2.1462e-01
2.1462e-01
1.9812e-01
1.8161e-01
1.8161e-01
1.6511e-01
1.6511e-01
1.4860e-01
1.4860e-01
1.3209e-01
1.3209e-01
1.1558e-01
1.1558e-01
1.1558e-01
1.1558e-01
8.2562e-02
9.9072e-02
8.2562e-02
8.2562e-02
8.2562e-02
6.6051e-02
6.6051e-02
4.9539e-02
4.9539e-02
3.3027e-02
4.9539e-02
3.3027e-02
3.3027e-02
3.3027e-02
1.6514e-02
1.6514e-02
1.6514e-02
1.6514e-02
1.6514e-02
1.6514e-02
1.6514e-02
0000
1.6514e-02
0000
0000
1.6514e-02
0000
0000
0000
0000
