9.9102e+00
9.8915e+00
9.8915e+00
9.8729e+00
9.8543e+00
9.8543e+00
9.8543e+00
9.8356e+00
9.8170e+00
9.8170e+00
9.7797e+00
9.7797e+00
9.7797e+00
9.7611e+00
9.7611e+00
9.7611e+00
9.7611e+00
9.7424e+00
9.7424e+00
9.7424e+00
9.7424e+00
9.7238e+00
9.7238e+00
9.7238e+00
9.7051e+00
9.7051e+00
9.7051e+00
9.6865e+00
9.6865e+00
9.7051e+00
9.7051e+00
9.7051e+00
9.7051e+00
9.7051e+00
9.7051e+00
9.7051e+00
9.7051e+00
9.7238e+00
9.7238e+00
9.7238e+00
9.7238e+00
9.7238e+00
9.7051e+00
9.7051e+00
9.7238e+00
9.7238e+00
9.7051e+00
9.7238e+00
9.7051e+00
9.7051e+00
9.7238e+00
9.7238e+00
9.7238e+00
9.7238e+00
9.7238e+00
9.7238e+00
9.7051e+00
9.7051e+00
9.6865e+00
9.6865e+00
9.6865e+00
9.7051e+00
9.6865e+00
9.6865e+00
9.6865e+00
9.6865e+00
9.7051e+00
9.7051e+00
9.7051e+00
9.7051e+00
9.7051e+00
9.7051e+00
9.7051e+00
9.7051e+00
9.7051e+00
9.6865e+00
9.6865e+00
9.6865e+00
9.6865e+00
9.6678e+00
9.6678e+00
9.6678e+00
9.6678e+00
9.6678e+00
9.6678e+00
9.6492e+00
9.6305e+00
9.6305e+00
9.6119e+00
9.6119e+00
9.6119e+00
9.6119e+00
9.5932e+00
9.5932e+00
9.5746e+00
9.5746e+00
9.5746e+00
9.5559e+00
9.5373e+00
9.5186e+00
9.5373e+00
9.5373e+00
9.5186e+00
9.4999e+00
9.4813e+00
9.4813e+00
9.4813e+00
9.4626e+00
9.4440e+00
9.4440e+00
9.4440e+00
9.4440e+00
9.4253e+00
9.4253e+00
9.4253e+00
9.4253e+00
9.4066e+00
9.4066e+00
9.3880e+00
9.3880e+00
9.3693e+00
9.3693e+00
9.3693e+00
9.3693e+00
9.3507e+00
9.3507e+00
9.3320e+00
9.3320e+00
9.3320e+00
9.3320e+00
9.3320e+00
9.3133e+00
9.3133e+00
9.2947e+00
9.2760e+00
9.2760e+00
9.2760e+00
9.2760e+00
9.2760e+00
9.2573e+00
9.2573e+00
9.2387e+00
9.2387e+00
9.2200e+00
9.2387e+00
9.2200e+00
9.2200e+00
9.2200e+00
9.2013e+00
9.2013e+00
9.1640e+00
9.1453e+00
9.1453e+00
9.1453e+00
9.1079e+00
9.1079e+00
9.0893e+00
9.0893e+00
9.0893e+00
9.0519e+00
9.0519e+00
9.0332e+00
9.0146e+00
9.0146e+00
8.9959e+00
8.9959e+00
8.9772e+00
8.9585e+00
8.9398e+00
8.9398e+00
8.9211e+00
8.9025e+00
8.8838e+00
8.8838e+00
8.8651e+00
8.8464e+00
8.8651e+00
8.8464e+00
8.8277e+00
8.8090e+00
8.8090e+00
8.7903e+00
8.7716e+00
8.7529e+00
8.7529e+00
8.7342e+00
8.7155e+00
8.6968e+00
8.6968e+00
8.6782e+00
8.6595e+00
8.6595e+00
8.6408e+00
8.6221e+00
8.6034e+00
8.5847e+00
8.5847e+00
8.5660e+00
8.5473e+00
8.5285e+00
8.5098e+00
8.5098e+00
8.4911e+00
8.4911e+00
8.4724e+00
8.4537e+00
8.4350e+00
8.4163e+00
8.4163e+00
8.3976e+00
8.3789e+00
8.3602e+00
8.3602e+00
8.3415e+00
8.3227e+00
8.3040e+00
8.2666e+00
8.2666e+00
8.2479e+00
8.2292e+00
8.2292e+00
8.2104e+00
8.1917e+00
8.1917e+00
8.1730e+00
8.1543e+00
8.1356e+00
8.1356e+00
8.1168e+00
8.1168e+00
8.0981e+00
8.0794e+00
8.0794e+00
8.0794e+00
8.0607e+00
8.0419e+00
8.0232e+00
8.0232e+00
8.0232e+00
8.0045e+00
8.0045e+00
8.0045e+00
8.0045e+00
7.9857e+00
7.9670e+00
7.9670e+00
7.9483e+00
7.9483e+00
7.9108e+00
7.9108e+00
7.8921e+00
7.8921e+00
7.8921e+00
7.8733e+00
7.8733e+00
7.8546e+00
7.8359e+00
7.8359e+00
7.8359e+00
7.8171e+00
7.7984e+00
7.7797e+00
7.7797e+00
7.7609e+00
7.7609e+00
7.7422e+00
7.7234e+00
7.7234e+00
7.7234e+00
7.7047e+00
7.7047e+00
7.6859e+00
7.6672e+00
7.6672e+00
7.6485e+00
7.6485e+00
7.6297e+00
7.6297e+00
7.6297e+00
7.6110e+00
7.6110e+00
7.5922e+00
7.5735e+00
7.5735e+00
7.5735e+00
7.5735e+00
7.5735e+00
7.5547e+00
7.5547e+00
7.5547e+00
7.5547e+00
7.5360e+00
7.5172e+00
7.5172e+00
7.5172e+00
7.5172e+00
7.4985e+00
7.4985e+00
7.4985e+00
7.4797e+00
7.4797e+00
7.4797e+00
7.4609e+00
7.4609e+00
7.4422e+00
7.4422e+00
7.4422e+00
7.4234e+00
7.4234e+00
7.4234e+00
7.4234e+00
7.4047e+00
7.3859e+00
7.3859e+00
7.4047e+00
7.3859e+00
7.3672e+00
7.3672e+00
7.3859e+00
7.3672e+00
7.3672e+00
7.3484e+00
7.3484e+00
7.3484e+00
7.3484e+00
7.3296e+00
7.3296e+00
7.3296e+00
7.2921e+00
7.2921e+00
7.2921e+00
7.2921e+00
7.2733e+00
7.2733e+00
7.2733e+00
7.2546e+00
7.2358e+00
7.2358e+00
7.2358e+00
7.2358e+00
7.2170e+00
7.2170e+00
7.1983e+00
7.1983e+00
7.1983e+00
7.1795e+00
7.1607e+00
7.1607e+00
7.1607e+00
7.1420e+00
7.1420e+00
7.1232e+00
7.1232e+00
7.1232e+00
7.1044e+00
7.1044e+00
7.1044e+00
7.1044e+00
7.0856e+00
7.0856e+00
7.0669e+00
7.0669e+00
7.0481e+00
7.0481e+00
7.0481e+00
7.0293e+00
7.0293e+00
7.0293e+00
7.0105e+00
7.0105e+00
6.9918e+00
6.9918e+00
6.9918e+00
6.9730e+00
6.9730e+00
6.9730e+00
6.9542e+00
6.9354e+00
6.9354e+00
6.9354e+00
6.9166e+00
6.9166e+00
6.9166e+00
6.8979e+00
6.8979e+00
6.8979e+00
6.8979e+00
6.8791e+00
6.8791e+00
6.8791e+00
6.8603e+00
6.8603e+00
6.8415e+00
6.8415e+00
6.8415e+00
6.8227e+00
6.8227e+00
6.8227e+00
6.8039e+00
6.8039e+00
6.8039e+00
6.7851e+00
6.7851e+00
6.7851e+00
6.7664e+00
6.7664e+00
6.7476e+00
6.7288e+00
6.7288e+00
6.7288e+00
6.7100e+00
6.7100e+00
6.6912e+00
6.6912e+00
6.6912e+00
6.6912e+00
6.6724e+00
6.6724e+00
6.6724e+00
6.6536e+00
6.6348e+00
6.6348e+00
6.6160e+00
6.6160e+00
6.6160e+00
6.5972e+00
6.5784e+00
6.5784e+00
6.5784e+00
6.5784e+00
6.5596e+00
6.5596e+00
6.5596e+00
6.5596e+00
6.5408e+00
6.5408e+00
6.5220e+00
6.5032e+00
6.5032e+00
6.4844e+00
6.4844e+00
6.4844e+00
6.4844e+00
6.4468e+00
6.4656e+00
6.4656e+00
6.4656e+00
6.4468e+00
6.4468e+00
6.4280e+00
6.4280e+00
6.4280e+00
6.4092e+00
6.4280e+00
6.4092e+00
6.3904e+00
6.3904e+00
6.3904e+00
6.3904e+00
6.3904e+00
6.3904e+00
6.3716e+00
6.3716e+00
6.3716e+00
6.3904e+00
6.3716e+00
6.3716e+00
6.3716e+00
6.3716e+00
6.3528e+00
6.3528e+00
6.3528e+00
6.3340e+00
6.3340e+00
6.3340e+00
6.3340e+00
6.3340e+00
6.3340e+00
6.3340e+00
6.3340e+00
6.3151e+00
6.3151e+00
6.3151e+00
6.2963e+00
6.2963e+00
6.2963e+00
6.2775e+00
6.2587e+00
6.2775e+00
6.2587e+00
6.2587e+00
6.2587e+00
6.2587e+00
6.2399e+00
6.2399e+00
6.2211e+00
6.2211e+00
6.2211e+00
6.2211e+00
6.2023e+00
6.2023e+00
6.1834e+00
6.1834e+00
6.1646e+00
6.1458e+00
6.1458e+00
6.1270e+00
6.1270e+00
6.1082e+00
6.0893e+00
6.0893e+00
6.0705e+00
6.0705e+00
6.0517e+00
6.0329e+00
6.0141e+00
5.9952e+00
5.9764e+00
5.9576e+00
5.9387e+00
5.9199e+00
5.9199e+00
5.9199e+00
5.8822e+00
5.8822e+00
5.8634e+00
5.8634e+00
5.8446e+00
5.8446e+00
5.8069e+00
5.8069e+00
5.7881e+00
5.7692e+00
5.7504e+00
5.7504e+00
5.7316e+00
5.6939e+00
5.6939e+00
5.6939e+00
5.6750e+00
5.6750e+00
5.6562e+00
5.6373e+00
5.6185e+00
5.6185e+00
5.5997e+00
5.5997e+00
5.5808e+00
5.5620e+00
5.5620e+00
5.5431e+00
5.5054e+00
5.5054e+00
5.5054e+00
5.4866e+00
5.4866e+00
5.4866e+00
5.4489e+00
5.4677e+00
5.4489e+00
5.4112e+00
5.4112e+00
5.3923e+00
5.3734e+00
5.3734e+00
5.3546e+00
5.3546e+00
5.3169e+00
5.3169e+00
5.2980e+00
5.2980e+00
5.2791e+00
5.2791e+00
5.2791e+00
5.2603e+00
5.2414e+00
5.2226e+00
5.2226e+00
5.2226e+00
5.2037e+00
5.2037e+00
5.1848e+00
5.1660e+00
5.1660e+00
5.1660e+00
5.1471e+00
5.1471e+00
5.1282e+00
5.1282e+00
5.1094e+00
5.1094e+00
5.0716e+00
5.0716e+00
5.0527e+00
5.0339e+00
5.0339e+00
5.0150e+00
4.9961e+00
4.9961e+00
4.9961e+00
4.9961e+00
4.9772e+00
4.9772e+00
4.9772e+00
4.9772e+00
4.9584e+00
4.9584e+00
4.9395e+00
4.9395e+00
4.9206e+00
4.9206e+00
4.9017e+00
4.9017e+00
4.8640e+00
4.8640e+00
4.8640e+00
4.8451e+00
4.8451e+00
4.8451e+00
4.8262e+00
4.8073e+00
4.8073e+00
4.8073e+00
4.7884e+00
4.7695e+00
4.7695e+00
4.7507e+00
4.7318e+00
4.7318e+00
4.7129e+00
4.7129e+00
4.6940e+00
4.6940e+00
4.6751e+00
4.6562e+00
4.6562e+00
4.6562e+00
4.6373e+00
4.6373e+00
4.6184e+00
4.6184e+00
4.5995e+00
4.5806e+00
4.5806e+00
4.5617e+00
4.5617e+00
4.5428e+00
4.5239e+00
4.5239e+00
4.5051e+00
4.5051e+00
4.4862e+00
4.4862e+00
4.4673e+00
4.4673e+00
4.4483e+00
4.4673e+00
4.4483e+00
4.4294e+00
4.4294e+00
4.4483e+00
4.4483e+00
4.4483e+00
4.4483e+00
4.4294e+00
4.4483e+00
4.4483e+00
4.4483e+00
4.4483e+00
4.4483e+00
4.4483e+00
4.4483e+00
4.4483e+00
4.4483e+00
4.4673e+00
4.4483e+00
4.4483e+00
4.4483e+00
4.4483e+00
4.4483e+00
4.4673e+00
4.4483e+00
4.4483e+00
4.4673e+00
4.4483e+00
4.4483e+00
4.4483e+00
4.4294e+00
4.4294e+00
4.4294e+00
4.4294e+00
4.4294e+00
4.4105e+00
4.4105e+00
4.3916e+00
4.3916e+00
4.3916e+00
4.3916e+00
4.3727e+00
4.3727e+00
4.3727e+00
4.3727e+00
4.3727e+00
4.3727e+00
4.3538e+00
4.3538e+00
4.3538e+00
4.3538e+00
4.3349e+00
4.3349e+00
4.3349e+00
4.3349e+00
4.3349e+00
4.3160e+00
4.2971e+00
4.3160e+00
4.3160e+00
4.2971e+00
4.2971e+00
4.2971e+00
4.2971e+00
4.2971e+00
4.2971e+00
4.2971e+00
4.2782e+00
4.2782e+00
4.2782e+00
4.2782e+00
4.2593e+00
4.2593e+00
4.2593e+00
4.2593e+00
4.2404e+00
4.2404e+00
4.2404e+00
4.2404e+00
4.2404e+00
4.2404e+00
4.2215e+00
4.2025e+00
4.1836e+00
4.2025e+00
4.2025e+00
4.2025e+00
4.2025e+00
4.1836e+00
4.1836e+00
4.1836e+00
4.1836e+00
4.1647e+00
4.1647e+00
4.1458e+00
4.1458e+00
4.1647e+00
4.1269e+00
4.1269e+00
4.1269e+00
4.1269e+00
4.1080e+00
4.1080e+00
4.1269e+00
4.1080e+00
4.0890e+00
4.0890e+00
4.0890e+00
4.0701e+00
4.0512e+00
4.0512e+00
4.0323e+00
4.0323e+00
4.0134e+00
4.0134e+00
4.0134e+00
4.0134e+00
4.0134e+00
3.9944e+00
3.9944e+00
3.9944e+00
3.9944e+00
3.9755e+00
3.9755e+00
3.9566e+00
3.9566e+00
3.9566e+00
3.9377e+00
3.9377e+00
3.9377e+00
3.9187e+00
3.9187e+00
3.8998e+00
3.8998e+00
3.8998e+00
3.8998e+00
3.8809e+00
3.8998e+00
3.8998e+00
3.8998e+00
3.8809e+00
3.8809e+00
3.8809e+00
3.8619e+00
3.8619e+00
3.8619e+00
3.8619e+00
3.8619e+00
3.8619e+00
3.8619e+00
3.8619e+00
3.8619e+00
3.8619e+00
3.8619e+00
3.8619e+00
3.8619e+00
3.8430e+00
3.8430e+00
3.8430e+00
3.8241e+00
3.8241e+00
3.8241e+00
3.8241e+00
3.8430e+00
3.8241e+00
3.8241e+00
3.8241e+00
3.8241e+00
3.8241e+00
3.8241e+00
3.8052e+00
3.8052e+00
3.8052e+00
3.8052e+00
3.8052e+00
3.8052e+00
3.7862e+00
3.7862e+00
3.7862e+00
3.7862e+00
3.7862e+00
3.7862e+00
3.7673e+00
3.7673e+00
3.7673e+00
3.7673e+00
3.7673e+00
3.7673e+00
3.7483e+00
3.7483e+00
3.7483e+00
3.7294e+00
3.7294e+00
3.7294e+00
3.7294e+00
3.7294e+00
3.7294e+00
3.7294e+00
3.7294e+00
3.7105e+00
3.7105e+00
3.7105e+00
3.7105e+00
3.6915e+00
3.6915e+00
3.6915e+00
3.6726e+00
3.6726e+00
3.6726e+00
3.6537e+00
3.6347e+00
3.6347e+00
3.6347e+00
3.6347e+00
3.6347e+00
3.6158e+00
3.6158e+00
3.6158e+00
3.6158e+00
3.5968e+00
3.5968e+00
3.5968e+00
3.5968e+00
3.5968e+00
3.5968e+00
3.5968e+00
3.5968e+00
3.5779e+00
3.5779e+00
3.5779e+00
3.5779e+00
3.5779e+00
3.5779e+00
3.5779e+00
3.5779e+00
3.5779e+00
3.5779e+00
3.5779e+00
3.5779e+00
3.5589e+00
3.5589e+00
3.5589e+00
3.5589e+00
3.5589e+00
3.5400e+00
3.5589e+00
3.5400e+00
3.5400e+00
3.5400e+00
3.5400e+00
3.5211e+00
3.5211e+00
3.5211e+00
3.5021e+00
3.5021e+00
3.5021e+00
3.5021e+00
3.5021e+00
3.5021e+00
3.4832e+00
3.5021e+00
3.5021e+00
3.5021e+00
3.4832e+00
3.4832e+00
3.5021e+00
3.4832e+00
3.4832e+00
3.4832e+00
3.4642e+00
3.4642e+00
3.4642e+00
3.4453e+00
3.4453e+00
3.4453e+00
3.4453e+00
3.4453e+00
3.4453e+00
3.4453e+00
3.4263e+00
3.4263e+00
3.4453e+00
3.4263e+00
3.4263e+00
3.4263e+00
3.4074e+00
3.4074e+00
3.4074e+00
3.4074e+00
3.4074e+00
3.3884e+00
3.3884e+00
3.3884e+00
3.3884e+00
3.3694e+00
3.3694e+00
3.3694e+00
3.3694e+00
3.3505e+00
3.3505e+00
3.3505e+00
3.3315e+00
3.3315e+00
3.3315e+00
3.3126e+00
3.3126e+00
3.2936e+00
3.2936e+00
3.2936e+00
3.2557e+00
3.2557e+00
3.2367e+00
3.2367e+00
3.2367e+00
3.2178e+00
3.1799e+00
3.1799e+00
3.1609e+00
3.1419e+00
3.1419e+00
3.1040e+00
3.1040e+00
3.0850e+00
3.0661e+00
3.0471e+00
3.0471e+00
3.0471e+00
3.0281e+00
3.0091e+00
3.0091e+00
2.9902e+00
2.9902e+00
2.9712e+00
2.9522e+00
2.9522e+00
2.9332e+00
2.9143e+00
2.8953e+00
2.8953e+00
2.8763e+00
2.8573e+00
2.8573e+00
2.8384e+00
2.8384e+00
2.8384e+00
2.8194e+00
2.8194e+00
2.8004e+00
2.8004e+00
2.7814e+00
2.8004e+00
2.7814e+00
2.7814e+00
2.7624e+00
2.7814e+00
2.7814e+00
2.7624e+00
2.7624e+00
2.7624e+00
2.7624e+00
2.7624e+00
2.7434e+00
2.7434e+00
2.7434e+00
2.7434e+00
2.7245e+00
2.7434e+00
2.7245e+00
2.7245e+00
2.7245e+00
2.7245e+00
2.7245e+00
2.7245e+00
2.7245e+00
2.7245e+00
2.7245e+00
2.7245e+00
2.7245e+00
2.7055e+00
2.7055e+00
2.7055e+00
2.6865e+00
2.6865e+00
2.6675e+00
2.6865e+00
2.6865e+00
2.6865e+00
2.6865e+00
2.6865e+00
2.6865e+00
2.6865e+00
2.6865e+00
2.6865e+00
2.6865e+00
2.6675e+00
2.6675e+00
2.6865e+00
2.6865e+00
2.6675e+00
2.6675e+00
2.6865e+00
2.6865e+00
2.6865e+00
2.6865e+00
2.6865e+00
2.6865e+00
2.6865e+00
2.6675e+00
2.6865e+00
2.6675e+00
2.6675e+00
2.6485e+00
2.6485e+00
2.6485e+00
2.6485e+00
2.6295e+00
2.6295e+00
2.6295e+00
2.6105e+00
2.6295e+00
2.6105e+00
2.6295e+00
2.6105e+00
2.6105e+00
2.6105e+00
2.6105e+00
2.5915e+00
2.5915e+00
2.5915e+00
2.5915e+00
2.5725e+00
2.5725e+00
2.5725e+00
2.5536e+00
2.5536e+00
2.5536e+00
2.5536e+00
2.5536e+00
2.5346e+00
2.5156e+00
2.5156e+00
2.5156e+00
2.5156e+00
2.4966e+00
2.4966e+00
2.4776e+00
2.4776e+00
2.4586e+00
2.4586e+00
2.4586e+00
2.4586e+00
2.4586e+00
2.4396e+00
2.4396e+00
2.4396e+00
2.4396e+00
2.4206e+00
2.4016e+00
2.4016e+00
2.3826e+00
2.3826e+00
2.3636e+00
2.3636e+00
2.3446e+00
2.3446e+00
2.3446e+00
2.3446e+00
2.3256e+00
2.3256e+00
2.3256e+00
2.3256e+00
2.3065e+00
2.2875e+00
2.2875e+00
2.2875e+00
2.2685e+00
2.2685e+00
2.2685e+00
2.2495e+00
2.2495e+00
2.2305e+00
2.2305e+00
2.2305e+00
2.2115e+00
2.2115e+00
2.2115e+00
2.2115e+00
2.2115e+00
2.1925e+00
2.1925e+00
2.1925e+00
2.1735e+00
2.1735e+00
2.1545e+00
2.1545e+00
2.1545e+00
2.1545e+00
2.1545e+00
2.1545e+00
2.1545e+00
2.1545e+00
2.1355e+00
2.1164e+00
2.1164e+00
2.1164e+00
2.1164e+00
2.1164e+00
2.0974e+00
2.0974e+00
2.0784e+00
2.0784e+00
2.0784e+00
2.0784e+00
2.0784e+00
2.0784e+00
2.0784e+00
2.0784e+00
2.0784e+00
2.0594e+00
2.0594e+00
2.0594e+00
2.0784e+00
2.0594e+00
2.0404e+00
2.0404e+00
2.0404e+00
2.0404e+00
2.0214e+00
2.0214e+00
2.0214e+00
2.0214e+00
2.0404e+00
2.0214e+00
2.0023e+00
1.9833e+00
1.9833e+00
1.9833e+00
1.9833e+00
1.9833e+00
1.9643e+00
1.9643e+00
1.9643e+00
1.9643e+00
1.9453e+00
1.9453e+00
1.9453e+00
1.9262e+00
1.9453e+00
1.9262e+00
1.9262e+00
1.9262e+00
1.9262e+00
1.9262e+00
1.9262e+00
1.9262e+00
1.9072e+00
1.9072e+00
1.9072e+00
1.9072e+00
1.8882e+00
1.9072e+00
1.8882e+00
1.9072e+00
1.9072e+00
1.9072e+00
1.9072e+00
1.9072e+00
1.9072e+00
1.9072e+00
1.8882e+00
1.8882e+00
1.9072e+00
1.8882e+00
1.9072e+00
1.9072e+00
1.9072e+00
1.8882e+00
1.9072e+00
1.9072e+00
1.9072e+00
1.9072e+00
1.9072e+00
1.9072e+00
1.9072e+00
1.8882e+00
1.8882e+00
1.8882e+00
1.8882e+00
1.8692e+00
1.8692e+00
1.8692e+00
1.8692e+00
1.8692e+00
1.8501e+00
1.8501e+00
1.8501e+00
1.8501e+00
1.8311e+00
1.8311e+00
1.8311e+00
1.8121e+00
1.8121e+00
1.8121e+00
1.7930e+00
1.7740e+00
1.7740e+00
1.7740e+00
1.7740e+00
1.7550e+00
1.7740e+00
1.7740e+00
1.7550e+00
1.7550e+00
1.7359e+00
1.7359e+00
1.7169e+00
1.7169e+00
1.7169e+00
1.6979e+00
1.6979e+00
1.6979e+00
1.6788e+00
1.6788e+00
1.6598e+00
1.6598e+00
1.6598e+00
1.6598e+00
1.6598e+00
1.6598e+00
1.6598e+00
1.6598e+00
1.6598e+00
1.6408e+00
1.6408e+00
1.6408e+00
1.6217e+00
1.6217e+00
1.6217e+00
1.6217e+00
1.6217e+00
1.6217e+00
1.6217e+00
1.6408e+00
1.6408e+00
1.6408e+00
1.6408e+00
1.6408e+00
1.6408e+00
1.6408e+00
1.6408e+00
1.6408e+00
1.6408e+00
1.6408e+00
1.6408e+00
1.6217e+00
1.6408e+00
1.6408e+00
1.6408e+00
1.6217e+00
1.6408e+00
1.6217e+00
1.6217e+00
1.6027e+00
1.6027e+00
1.6027e+00
1.6027e+00
1.5836e+00
1.5646e+00
1.5646e+00
1.5646e+00
1.5456e+00
1.5456e+00
1.5456e+00
1.5456e+00
1.5265e+00
1.5265e+00
1.5075e+00
1.5075e+00
1.5075e+00
1.4884e+00
1.4694e+00
1.4694e+00
1.4503e+00
1.4503e+00
1.4503e+00
1.4313e+00
1.4313e+00
1.4313e+00
1.4122e+00
1.4122e+00
1.4122e+00
1.4313e+00
1.4122e+00
1.4122e+00
1.4122e+00
1.4122e+00
1.4122e+00
1.4122e+00
1.4122e+00
1.4122e+00
1.4313e+00
1.4122e+00
1.4122e+00
1.4122e+00
1.4313e+00
1.4503e+00
1.4694e+00
1.4694e+00
1.4694e+00
1.4884e+00
1.4884e+00
1.4884e+00
1.5265e+00
1.5265e+00
1.5456e+00
1.5456e+00
1.5456e+00
1.5646e+00
1.5646e+00
1.5836e+00
1.5836e+00
1.6027e+00
1.6027e+00
1.6217e+00
1.6217e+00
1.6217e+00
1.6217e+00
1.6408e+00
1.6217e+00
1.6408e+00
1.6408e+00
1.6408e+00
1.6408e+00
1.6598e+00
1.6598e+00
1.6788e+00
1.6598e+00
1.6598e+00
1.6598e+00
1.6788e+00
1.6788e+00
1.6788e+00
1.6788e+00
1.6788e+00
1.6979e+00
1.6979e+00
1.6979e+00
1.6979e+00
1.6979e+00
1.6979e+00
1.6979e+00
1.6979e+00
1.6979e+00
1.7169e+00
1.7169e+00
1.7169e+00
1.7169e+00
1.7169e+00
1.7169e+00
1.6979e+00
1.6979e+00
1.6979e+00
1.6979e+00
1.6788e+00
1.6979e+00
1.6979e+00
1.6979e+00
1.6979e+00
1.6979e+00
1.6788e+00
1.6788e+00
1.6788e+00
1.6788e+00
1.6788e+00
1.6788e+00
1.6598e+00
1.6598e+00
1.6408e+00
1.6408e+00
1.6217e+00
1.6217e+00
1.6217e+00
1.6217e+00
1.6027e+00
1.5836e+00
1.6027e+00
1.5836e+00
1.5836e+00
1.6027e+00
1.5836e+00
1.6027e+00
1.6027e+00
1.6027e+00
1.5836e+00
1.6027e+00
1.6027e+00
1.6217e+00
1.6408e+00
1.6408e+00
1.6408e+00
1.6598e+00
1.6788e+00
1.6788e+00
1.6979e+00
1.7169e+00
1.7169e+00
1.7359e+00
1.7550e+00
1.7550e+00
1.7740e+00
1.7740e+00
1.8121e+00
1.8121e+00
1.8501e+00
1.8501e+00
1.8882e+00
1.8692e+00
1.8882e+00
1.8882e+00
1.9072e+00
1.9072e+00
1.9072e+00
1.9072e+00
1.9072e+00
1.9262e+00
1.8882e+00
1.8882e+00
1.8882e+00
1.8882e+00
1.8882e+00
1.8882e+00
1.8692e+00
1.8692e+00
1.8692e+00
1.8692e+00
1.8692e+00
1.8501e+00
1.8501e+00
1.8501e+00
1.8501e+00
1.8311e+00
1.8121e+00
1.8121e+00
1.7930e+00
1.7930e+00
1.7930e+00
1.7740e+00
1.7740e+00
1.7740e+00
1.7550e+00
1.7550e+00
1.7359e+00
1.7550e+00
1.7169e+00
1.7169e+00
1.7169e+00
1.6979e+00
1.6979e+00
1.6788e+00
1.6598e+00
1.6788e+00
1.6598e+00
1.6598e+00
1.6408e+00
1.6408e+00
1.6408e+00
1.6217e+00
1.6217e+00
1.6217e+00
1.6027e+00
1.6027e+00
1.6027e+00
1.5836e+00
1.5646e+00
1.5646e+00
1.5456e+00
1.5456e+00
1.5456e+00
1.5265e+00
1.5456e+00
1.5265e+00
1.5456e+00
1.5265e+00
1.5265e+00
1.5265e+00
1.5075e+00
1.5075e+00
1.5075e+00
1.5075e+00
1.4884e+00
1.4884e+00
1.4694e+00
1.4694e+00
1.4694e+00
1.4694e+00
1.4694e+00
1.4694e+00
1.4503e+00
1.4503e+00
1.4694e+00
1.4694e+00
1.4503e+00
1.4694e+00
1.4694e+00
1.4503e+00
1.4503e+00
1.4503e+00
1.4503e+00
1.4503e+00
1.4503e+00
1.4503e+00
1.4503e+00
1.4503e+00
1.4503e+00
1.4503e+00
1.4503e+00
1.4503e+00
1.4694e+00
1.4694e+00
1.4694e+00
1.4694e+00
1.4694e+00
1.4694e+00
1.4694e+00
1.4694e+00
1.4694e+00
1.4884e+00
1.4694e+00
1.4694e+00
1.4884e+00
1.4884e+00
1.4884e+00
1.4884e+00
1.4884e+00
1.4884e+00
1.4884e+00
1.4884e+00
1.4884e+00
1.4884e+00
1.4884e+00
1.4884e+00
1.4694e+00
1.4694e+00
1.4694e+00
1.4694e+00
1.4694e+00
1.4503e+00
1.4503e+00
1.4503e+00
1.4503e+00
1.4694e+00
1.4503e+00
1.4503e+00
1.4503e+00
1.4313e+00
1.4313e+00
1.4313e+00
1.4313e+00
1.4313e+00
1.4122e+00
1.4122e+00
1.4122e+00
1.4122e+00
1.4122e+00
1.3932e+00
1.3932e+00
1.3932e+00
1.3741e+00
1.3741e+00
1.3741e+00
1.3741e+00
1.3551e+00
1.3551e+00
1.3551e+00
1.3360e+00
1.3360e+00
1.3360e+00
1.3360e+00
1.3170e+00
1.3170e+00
1.2979e+00
1.2979e+00
1.2979e+00
1.2979e+00
1.2979e+00
1.2789e+00
1.2789e+00
1.2789e+00
1.2598e+00
1.2598e+00
1.2598e+00
1.2598e+00
1.2598e+00
1.2407e+00
1.2407e+00
1.2407e+00
1.2407e+00
1.2217e+00
1.2217e+00
1.2026e+00
1.2026e+00
1.2026e+00
1.2026e+00
1.1836e+00
1.1836e+00
1.2026e+00
1.1836e+00
1.1645e+00
1.1645e+00
1.1645e+00
1.1645e+00
1.1645e+00
1.1645e+00
1.1645e+00
1.1645e+00
1.1454e+00
1.1454e+00
1.1454e+00
1.1454e+00
1.1454e+00
1.1264e+00
1.1454e+00
1.1264e+00
1.1454e+00
1.1454e+00
1.1454e+00
1.1264e+00
1.1264e+00
1.1073e+00
1.1264e+00
1.1264e+00
1.1073e+00
1.1264e+00
1.1073e+00
1.1264e+00
1.1264e+00
1.1073e+00
1.1073e+00
1.1073e+00
1.1073e+00
1.1073e+00
1.1073e+00
1.1264e+00
1.1073e+00
1.1073e+00
1.1264e+00
1.1264e+00
1.1073e+00
1.1073e+00
1.1073e+00
1.1073e+00
1.0883e+00
1.0883e+00
1.1073e+00
1.0883e+00
1.1073e+00
1.0883e+00
1.0883e+00
1.0883e+00
1.0883e+00
1.0883e+00
1.0692e+00
1.0692e+00
1.0883e+00
1.0883e+00
1.0692e+00
1.0692e+00
1.0692e+00
1.0692e+00
1.0501e+00
1.0501e+00
1.0692e+00
1.0692e+00
1.0692e+00
1.0501e+00
1.0501e+00
1.0501e+00
1.0311e+00
1.0311e+00
1.0311e+00
1.0311e+00
1.0120e+00
1.0120e+00
1.0120e+00
1.0120e+00
9.9291e-01
9.9291e-01
9.9291e-01
9.9291e-01
9.9291e-01
9.9291e-01
9.9291e-01
9.9291e-01
9.9291e-01
9.7384e-01
9.7384e-01
9.7384e-01
9.7384e-01
9.5477e-01
9.5477e-01
9.5477e-01
9.3570e-01
9.3570e-01
9.3570e-01
9.1663e-01
9.3570e-01
9.1663e-01
9.1663e-01
8.9755e-01
8.9755e-01
8.7848e-01
8.7848e-01
8.7848e-01
8.7848e-01
8.5940e-01
8.4032e-01
8.5940e-01
8.5940e-01
8.5940e-01
8.4032e-01
8.2124e-01
8.2124e-01
8.0216e-01
8.0216e-01
8.0216e-01
7.8308e-01
7.6400e-01
7.6400e-01
7.4492e-01
7.2584e-01
7.0676e-01
6.8767e-01
6.8767e-01
6.6859e-01
6.4950e-01
6.4950e-01
6.3041e-01
6.1132e-01
5.9223e-01
5.9223e-01
5.7314e-01
5.5405e-01
5.5405e-01
5.3496e-01
5.1587e-01
5.1587e-01
4.9677e-01
4.7768e-01
4.5858e-01
4.7768e-01
4.5858e-01
4.3948e-01
4.3948e-01
4.3948e-01
4.2039e-01
4.2039e-01
4.0129e-01
4.0129e-01
3.8219e-01
3.6309e-01
3.6309e-01
3.4399e-01
3.4399e-01
3.2488e-01
3.2488e-01
3.2488e-01
3.0578e-01
3.0578e-01
3.0578e-01
3.0578e-01
2.8668e-01
2.6757e-01
2.6757e-01
2.4846e-01
2.4846e-01
2.4846e-01
2.4846e-01
2.2936e-01
2.2936e-01
2.1025e-01
2.1025e-01
2.1025e-01
1.9114e-01
1.9114e-01
1.9114e-01
1.9114e-01
1.9114e-01
1.7203e-01
1.7203e-01
1.5292e-01
1.5292e-01
1.5292e-01
1.5292e-01
1.5292e-01
1.5292e-01
1.5292e-01
1.5292e-01
1.5292e-01
1.5292e-01
1.5292e-01
1.5292e-01
1.5292e-01
1.5292e-01
1.3381e-01
1.3381e-01
1.3381e-01
1.3381e-01
1.3381e-01
1.3381e-01
1.3381e-01
1.3381e-01
1.1470e-01
1.1470e-01
1.3381e-01
1.3381e-01
1.3381e-01
1.1470e-01
1.1470e-01
1.1470e-01
1.1470e-01
1.1470e-01
1.1470e-01
9.5582e-02
9.5582e-02
9.5582e-02
9.5582e-02
9.5582e-02
9.5582e-02
9.5582e-02
9.5582e-02
9.5582e-02
9.5582e-02
9.5582e-02
9.5582e-02
7.6468e-02
7.6468e-02
7.6468e-02
7.6468e-02
5.7352e-02
3.8236e-02
5.7352e-02
5.7352e-02
5.7352e-02
5.7352e-02
3.8236e-02
3.8236e-02
3.8236e-02
3.8236e-02
3.8236e-02
3.8236e-02
3.8236e-02
3.8236e-02
3.8236e-02
1.9118e-02
1.9118e-02
1.9118e-02
1.9118e-02
1.9118e-02
1.9118e-02
1.9118e-02
0000
0000
0000
