4.5865e-01
4.3872e-01
4.3872e-01
4.3872e-01
4.3872e-01
4.3872e-01
4.5865e-01
4.3872e-01
4.3872e-01
4.3872e-01
4.3872e-01
4.5865e-01
4.3872e-01
4.3872e-01
4.3872e-01
4.3872e-01
4.3872e-01
4.3872e-01
4.3872e-01
4.3872e-01
4.3872e-01
4.3872e-01
4.3872e-01
4.3872e-01
4.3872e-01
4.1879e-01
4.1879e-01
3.9885e-01
3.9885e-01
3.9885e-01
3.9885e-01
3.9885e-01
3.9885e-01
3.9885e-01
3.9885e-01
3.7892e-01
3.7892e-01
3.5899e-01
3.5899e-01
3.5899e-01
3.5899e-01
3.5899e-01
3.3905e-01
3.3905e-01
3.3905e-01
3.1911e-01
2.9918e-01
3.1911e-01
3.1911e-01
2.9918e-01
2.9918e-01
2.9918e-01
2.9918e-01
2.9918e-01
2.9918e-01
2.9918e-01
2.7924e-01
2.7924e-01
2.7924e-01
2.5930e-01
2.5930e-01
2.5930e-01
2.5930e-01
2.3936e-01
2.3936e-01
2.3936e-01
2.3936e-01
2.1942e-01
2.3936e-01
2.1942e-01
2.1942e-01
2.1942e-01
2.1942e-01
1.9948e-01
1.9948e-01
2.1942e-01
1.9948e-01
1.9948e-01
1.9948e-01
2.1942e-01
2.1942e-01
2.1942e-01
2.1942e-01
2.3936e-01
2.3936e-01
2.3936e-01
2.5930e-01
2.5930e-01
2.5930e-01
2.7924e-01
2.7924e-01
2.7924e-01
2.7924e-01
2.9918e-01
2.9918e-01
2.9918e-01
3.1911e-01
3.1911e-01
3.1911e-01
3.3905e-01
3.3905e-01
3.5899e-01
3.5899e-01
3.5899e-01
3.5899e-01
3.7892e-01
3.7892e-01
3.7892e-01
3.7892e-01
3.9885e-01
3.9885e-01
3.9885e-01
4.1879e-01
4.1879e-01
4.3872e-01
4.3872e-01
4.3872e-01
4.5865e-01
4.5865e-01
4.7858e-01
4.7858e-01
4.7858e-01
4.7858e-01
4.9850e-01
4.7858e-01
4.9850e-01
4.9850e-01
5.1843e-01
4.9850e-01
4.9850e-01
5.1843e-01
5.1843e-01
4.9850e-01
5.1843e-01
4.9850e-01
4.9850e-01
4.9850e-01
4.9850e-01
4.9850e-01
4.7858e-01
4.7858e-01
4.7858e-01
4.5865e-01
4.5865e-01
4.5865e-01
4.3872e-01
4.5865e-01
4.3872e-01
4.1879e-01
4.3872e-01
4.1879e-01
4.1879e-01
3.9885e-01
3.9885e-01
3.9885e-01
3.9885e-01
3.7892e-01
3.5899e-01
3.7892e-01
3.5899e-01
3.5899e-01
3.5899e-01
3.5899e-01
3.3905e-01
3.5899e-01
3.3905e-01
3.3905e-01
3.3905e-01
3.3905e-01
3.1911e-01
3.1911e-01
3.1911e-01
2.9918e-01
3.1911e-01
2.9918e-01
2.9918e-01
2.9918e-01
2.9918e-01
2.9918e-01
2.9918e-01
2.9918e-01
2.9918e-01
2.9918e-01
2.9918e-01
2.9918e-01
2.9918e-01
2.9918e-01
2.9918e-01
2.9918e-01
3.1911e-01
3.1911e-01
3.1911e-01
3.1911e-01
3.1911e-01
3.3905e-01
3.1911e-01
3.1911e-01
3.1911e-01
3.3905e-01
3.3905e-01
3.3905e-01
3.3905e-01
3.3905e-01
3.3905e-01
3.3905e-01
3.3905e-01
3.3905e-01
3.5899e-01
3.5899e-01
3.5899e-01
3.5899e-01
3.5899e-01
3.7892e-01
3.9885e-01
3.7892e-01
3.7892e-01
3.9885e-01
3.9885e-01
3.9885e-01
3.9885e-01
3.9885e-01
4.1879e-01
3.9885e-01
4.1879e-01
4.1879e-01
4.3872e-01
4.3872e-01
4.5865e-01
4.7858e-01
4.7858e-01
4.7858e-01
4.9850e-01
4.9850e-01
5.1843e-01
5.1843e-01
5.1843e-01
5.3836e-01
5.3836e-01
5.3836e-01
5.3836e-01
5.3836e-01
5.5828e-01
5.5828e-01
5.5828e-01
5.7821e-01
5.7821e-01
5.7821e-01
5.9813e-01
5.7821e-01
5.9813e-01
5.9813e-01
5.9813e-01
5.9813e-01
6.1805e-01
6.1805e-01
6.1805e-01
6.1805e-01
6.1805e-01
6.3797e-01
6.3797e-01
6.3797e-01
6.3797e-01
6.3797e-01
6.5790e-01
6.5790e-01
6.5790e-01
6.5790e-01
6.5790e-01
6.5790e-01
6.5790e-01
6.7781e-01
6.7781e-01
6.7781e-01
6.7781e-01
6.9773e-01
6.9773e-01
6.9773e-01
7.1765e-01
7.1765e-01
7.1765e-01
7.1765e-01
7.1765e-01
7.1765e-01
7.1765e-01
7.1765e-01
7.3757e-01
7.3757e-01
7.5748e-01
7.5748e-01
7.7740e-01
7.7740e-01
7.7740e-01
7.7740e-01
7.7740e-01
7.7740e-01
7.7740e-01
7.7740e-01
7.7740e-01
7.5748e-01
7.7740e-01
7.7740e-01
7.7740e-01
7.7740e-01
7.7740e-01
7.9731e-01
7.9731e-01
7.9731e-01
7.9731e-01
7.9731e-01
7.9731e-01
7.9731e-01
7.9731e-01
7.7740e-01
7.7740e-01
7.9731e-01
7.7740e-01
7.7740e-01
7.7740e-01
7.7740e-01
7.5748e-01
7.5748e-01
7.5748e-01
7.7740e-01
7.5748e-01
7.5748e-01
7.5748e-01
7.5748e-01
7.5748e-01
7.3757e-01
7.3757e-01
7.3757e-01
7.3757e-01
7.3757e-01
7.3757e-01
7.1765e-01
7.3757e-01
7.3757e-01
7.3757e-01
7.1765e-01
7.1765e-01
7.1765e-01
7.1765e-01
6.9773e-01
7.1765e-01
6.9773e-01
6.9773e-01
6.9773e-01
6.9773e-01
6.9773e-01
6.9773e-01
6.7781e-01
6.7781e-01
6.7781e-01
6.9773e-01
6.9773e-01
6.9773e-01
6.9773e-01
6.9773e-01
6.9773e-01
6.9773e-01
6.9773e-01
6.9773e-01
6.9773e-01
6.9773e-01
6.9773e-01
7.1765e-01
7.1765e-01
7.3757e-01
7.1765e-01
7.3757e-01
7.3757e-01
7.3757e-01
7.3757e-01
7.3757e-01
7.5748e-01
7.5748e-01
7.3757e-01
7.3757e-01
7.3757e-01
7.3757e-01
7.3757e-01
7.3757e-01
7.5748e-01
7.5748e-01
7.5748e-01
7.5748e-01
7.5748e-01
7.5748e-01
7.7740e-01
7.9731e-01
7.9731e-01
7.9731e-01
8.1722e-01
8.1722e-01
8.3713e-01
8.3713e-01
8.5704e-01
8.5704e-01
8.7695e-01
8.9686e-01
8.9686e-01
9.1677e-01
9.1677e-01
9.3667e-01
9.5658e-01
9.5658e-01
9.5658e-01
9.5658e-01
9.7648e-01
9.7648e-01
9.7648e-01
9.7648e-01
9.7648e-01
9.9639e-01
9.9639e-01
9.9639e-01
1.0163e+00
1.0163e+00
1.0163e+00
1.0362e+00
1.0362e+00
1.0163e+00
1.0163e+00
1.0163e+00
1.0163e+00
1.0163e+00
9.9639e-01
9.9639e-01
9.9639e-01
9.9639e-01
9.9639e-01
9.9639e-01
9.9639e-01
9.7648e-01
9.7648e-01
9.7648e-01
9.7648e-01
9.7648e-01
9.5658e-01
9.5658e-01
9.5658e-01
9.5658e-01
9.3667e-01
9.3667e-01
9.3667e-01
9.3667e-01
9.3667e-01
9.3667e-01
9.3667e-01
9.1677e-01
9.1677e-01
9.1677e-01
8.9686e-01
8.9686e-01
8.9686e-01
8.9686e-01
8.7695e-01
8.7695e-01
8.7695e-01
8.7695e-01
8.7695e-01
8.7695e-01
8.7695e-01
8.9686e-01
8.7695e-01
8.7695e-01
8.9686e-01
9.1677e-01
9.1677e-01
9.1677e-01
9.1677e-01
9.1677e-01
9.1677e-01
9.1677e-01
8.9686e-01
9.1677e-01
9.1677e-01
9.1677e-01
9.1677e-01
9.1677e-01
9.1677e-01
9.1677e-01
9.1677e-01
9.1677e-01
9.1677e-01
9.1677e-01
9.1677e-01
8.9686e-01
8.9686e-01
8.9686e-01
8.9686e-01
8.9686e-01
8.9686e-01
8.9686e-01
8.9686e-01
8.9686e-01
9.1677e-01
8.9686e-01
8.9686e-01
8.7695e-01
8.7695e-01
8.9686e-01
8.7695e-01
8.7695e-01
8.7695e-01
8.7695e-01
8.7695e-01
8.5704e-01
8.5704e-01
8.5704e-01
8.7695e-01
8.5704e-01
8.5704e-01
8.5704e-01
8.5704e-01
8.5704e-01
8.5704e-01
8.3713e-01
8.3713e-01
8.5704e-01
8.3713e-01
8.3713e-01
8.3713e-01
8.1722e-01
8.3713e-01
8.1722e-01
8.1722e-01
8.3713e-01
8.3713e-01
8.3713e-01
8.1722e-01
8.1722e-01
8.3713e-01
8.3713e-01
8.3713e-01
8.1722e-01
8.1722e-01
8.1722e-01
8.1722e-01
8.1722e-01
8.1722e-01
7.9731e-01
8.1722e-01
7.9731e-01
8.1722e-01
8.1722e-01
8.1722e-01
7.9731e-01
8.1722e-01
7.9731e-01
7.9731e-01
7.9731e-01
7.9731e-01
8.1722e-01
7.9731e-01
7.9731e-01
7.9731e-01
7.9731e-01
7.7740e-01
7.9731e-01
7.9731e-01
7.9731e-01
7.9731e-01
7.9731e-01
7.9731e-01
7.9731e-01
7.9731e-01
7.9731e-01
7.9731e-01
7.9731e-01
7.9731e-01
7.9731e-01
7.7740e-01
7.7740e-01
7.9731e-01
7.9731e-01
7.9731e-01
7.7740e-01
7.7740e-01
7.7740e-01
7.5748e-01
7.7740e-01
7.5748e-01
7.5748e-01
7.3757e-01
7.5748e-01
7.3757e-01
7.3757e-01
7.3757e-01
7.3757e-01
7.3757e-01
7.1765e-01
7.1765e-01
7.1765e-01
7.1765e-01
6.9773e-01
6.9773e-01
7.1765e-01
6.9773e-01
6.9773e-01
6.9773e-01
6.9773e-01
6.9773e-01
6.9773e-01
6.9773e-01
7.1765e-01
7.1765e-01
7.1765e-01
7.1765e-01
7.1765e-01
7.1765e-01
7.3757e-01
7.3757e-01
7.3757e-01
7.3757e-01
7.3757e-01
7.3757e-01
7.3757e-01
7.3757e-01
7.3757e-01
7.3757e-01
7.3757e-01
7.3757e-01
7.3757e-01
7.3757e-01
7.3757e-01
7.3757e-01
7.1765e-01
7.1765e-01
7.1765e-01
6.9773e-01
6.7781e-01
6.7781e-01
6.7781e-01
6.5790e-01
6.5790e-01
6.5790e-01
6.5790e-01
6.5790e-01
6.3797e-01
6.3797e-01
6.3797e-01
6.3797e-01
6.1805e-01
5.9813e-01
5.9813e-01
6.1805e-01
6.1805e-01
6.1805e-01
6.1805e-01
6.1805e-01
5.9813e-01
5.9813e-01
6.1805e-01
6.1805e-01
5.9813e-01
6.1805e-01
6.3797e-01
6.3797e-01
6.3797e-01
6.3797e-01
6.3797e-01
6.3797e-01
6.3797e-01
6.3797e-01
6.3797e-01
6.5790e-01
6.5790e-01
6.5790e-01
6.7781e-01
6.7781e-01
6.7781e-01
6.9773e-01
6.9773e-01
6.9773e-01
6.9773e-01
6.9773e-01
6.9773e-01
6.9773e-01
7.1765e-01
7.1765e-01
7.1765e-01
7.3757e-01
7.3757e-01
7.3757e-01
7.3757e-01
7.3757e-01
7.3757e-01
7.3757e-01
7.3757e-01
7.3757e-01
7.3757e-01
7.3757e-01
7.1765e-01
7.1765e-01
7.1765e-01
6.9773e-01
6.9773e-01
6.7781e-01
6.7781e-01
6.7781e-01
6.7781e-01
6.5790e-01
6.5790e-01
6.5790e-01
6.7781e-01
6.5790e-01
6.5790e-01
6.5790e-01
6.3797e-01
6.3797e-01
6.3797e-01
6.3797e-01
6.3797e-01
6.3797e-01
6.5790e-01
6.5790e-01
6.5790e-01
6.5790e-01
6.5790e-01
6.5790e-01
6.5790e-01
6.7781e-01
6.7781e-01
6.7781e-01
6.7781e-01
6.9773e-01
6.9773e-01
6.7781e-01
6.9773e-01
6.9773e-01
6.9773e-01
7.1765e-01
7.1765e-01
7.3757e-01
7.1765e-01
7.3757e-01
7.3757e-01
7.3757e-01
7.3757e-01
7.3757e-01
7.3757e-01
7.5748e-01
7.5748e-01
7.5748e-01
7.5748e-01
7.5748e-01
7.5748e-01
7.7740e-01
7.7740e-01
7.9731e-01
7.7740e-01
7.9731e-01
7.9731e-01
7.9731e-01
8.1722e-01
7.9731e-01
8.1722e-01
8.1722e-01
8.1722e-01
8.1722e-01
8.1722e-01
8.1722e-01
8.3713e-01
8.3713e-01
8.3713e-01
8.3713e-01
8.3713e-01
8.3713e-01
8.3713e-01
8.3713e-01
8.1722e-01
8.3713e-01
8.1722e-01
8.1722e-01
8.1722e-01
7.9731e-01
7.9731e-01
8.1722e-01
7.9731e-01
7.7740e-01
7.7740e-01
7.5748e-01
7.3757e-01
7.3757e-01
7.3757e-01
7.1765e-01
7.1765e-01
6.9773e-01
6.7781e-01
6.5790e-01
6.5790e-01
6.5790e-01
6.5790e-01
6.3797e-01
6.3797e-01
6.3797e-01
6.1805e-01
6.3797e-01
6.3797e-01
6.1805e-01
6.1805e-01
6.1805e-01
6.1805e-01
6.1805e-01
5.9813e-01
5.9813e-01
5.9813e-01
5.7821e-01
5.7821e-01
5.7821e-01
5.7821e-01
5.7821e-01
5.7821e-01
5.7821e-01
5.7821e-01
5.7821e-01
5.5828e-01
5.5828e-01
5.5828e-01
5.3836e-01
5.3836e-01
5.3836e-01
5.1843e-01
5.1843e-01
5.1843e-01
5.1843e-01
5.1843e-01
5.1843e-01
5.1843e-01
5.1843e-01
5.1843e-01
4.9850e-01
5.1843e-01
5.1843e-01
4.9850e-01
4.9850e-01
4.9850e-01
4.9850e-01
4.7858e-01
4.7858e-01
4.7858e-01
4.7858e-01
4.7858e-01
4.7858e-01
4.5865e-01
4.7858e-01
4.7858e-01
4.7858e-01
4.5865e-01
4.5865e-01
4.5865e-01
4.5865e-01
4.3872e-01
4.5865e-01
4.3872e-01
4.3872e-01
4.3872e-01
4.3872e-01
4.3872e-01
4.3872e-01
4.3872e-01
4.1879e-01
4.1879e-01
4.1879e-01
4.1879e-01
4.1879e-01
4.1879e-01
4.1879e-01
4.1879e-01
3.9885e-01
3.9885e-01
4.1879e-01
3.9885e-01
4.1879e-01
4.1879e-01
4.1879e-01
3.9885e-01
3.9885e-01
3.9885e-01
4.1879e-01
3.9885e-01
3.9885e-01
3.9885e-01
3.9885e-01
4.1879e-01
3.9885e-01
3.9885e-01
4.1879e-01
3.9885e-01
3.9885e-01
3.9885e-01
4.1879e-01
3.9885e-01
4.1879e-01
4.1879e-01
4.1879e-01
4.1879e-01
3.9885e-01
4.1879e-01
4.1879e-01
3.9885e-01
3.9885e-01
3.9885e-01
4.1879e-01
4.1879e-01
3.9885e-01
4.1879e-01
4.1879e-01
4.1879e-01
4.1879e-01
4.1879e-01
4.1879e-01
4.1879e-01
4.1879e-01
4.1879e-01
4.1879e-01
3.9885e-01
4.1879e-01
4.1879e-01
4.1879e-01
4.1879e-01
4.1879e-01
4.3872e-01
4.3872e-01
4.3872e-01
4.3872e-01
4.3872e-01
4.5865e-01
4.3872e-01
4.5865e-01
4.5865e-01
4.5865e-01
4.5865e-01
4.5865e-01
4.5865e-01
4.5865e-01
4.5865e-01
4.5865e-01
4.5865e-01
4.7858e-01
4.5865e-01
4.7858e-01
4.7858e-01
4.5865e-01
4.7858e-01
4.7858e-01
4.7858e-01
4.7858e-01
4.7858e-01
4.7858e-01
4.7858e-01
4.7858e-01
4.7858e-01
4.9850e-01
4.9850e-01
4.9850e-01
4.9850e-01
5.1843e-01
5.1843e-01
5.1843e-01
5.1843e-01
5.1843e-01
5.1843e-01
5.1843e-01
5.1843e-01
5.1843e-01
5.1843e-01
5.1843e-01
5.1843e-01
5.1843e-01
5.1843e-01
5.1843e-01
5.3836e-01
5.3836e-01
5.3836e-01
5.3836e-01
5.1843e-01
5.3836e-01
5.3836e-01
5.3836e-01
5.3836e-01
5.1843e-01
5.1843e-01
5.3836e-01
5.3836e-01
5.3836e-01
5.3836e-01
5.3836e-01
5.3836e-01
5.3836e-01
5.3836e-01
5.3836e-01
5.3836e-01
5.3836e-01
5.3836e-01
5.3836e-01
5.3836e-01
5.3836e-01
5.3836e-01
5.3836e-01
5.3836e-01
5.5828e-01
5.3836e-01
5.3836e-01
5.3836e-01
5.5828e-01
5.5828e-01
5.5828e-01
5.5828e-01
5.3836e-01
5.5828e-01
5.5828e-01
5.3836e-01
5.3836e-01
5.5828e-01
5.5828e-01
5.5828e-01
5.5828e-01
5.5828e-01
5.7821e-01
5.7821e-01
5.7821e-01
5.7821e-01
5.7821e-01
5.7821e-01
5.7821e-01
5.5828e-01
5.5828e-01
5.5828e-01
5.5828e-01
5.7821e-01
5.5828e-01
5.7821e-01
5.7821e-01
5.7821e-01
5.7821e-01
5.5828e-01
5.5828e-01
5.5828e-01
5.5828e-01
5.5828e-01
5.5828e-01
5.5828e-01
5.5828e-01
5.5828e-01
5.3836e-01
5.3836e-01
5.3836e-01
5.3836e-01
5.3836e-01
5.1843e-01
5.3836e-01
5.1843e-01
5.1843e-01
5.1843e-01
4.9850e-01
4.9850e-01
4.7858e-01
4.7858e-01
4.7858e-01
4.5865e-01
4.5865e-01
4.3872e-01
4.3872e-01
4.3872e-01
4.3872e-01
4.3872e-01
4.3872e-01
4.1879e-01
4.3872e-01
4.1879e-01
4.1879e-01
4.1879e-01
4.1879e-01
4.1879e-01
4.1879e-01
4.1879e-01
3.9885e-01
4.1879e-01
3.9885e-01
3.9885e-01
3.9885e-01
3.9885e-01
3.9885e-01
3.9885e-01
3.9885e-01
3.9885e-01
3.9885e-01
3.9885e-01
3.9885e-01
3.9885e-01
3.9885e-01
3.9885e-01
3.9885e-01
3.9885e-01
3.9885e-01
3.9885e-01
3.9885e-01
3.9885e-01
4.1879e-01
3.9885e-01
3.9885e-01
3.9885e-01
3.7892e-01
3.9885e-01
3.9885e-01
3.7892e-01
3.7892e-01
3.7892e-01
3.7892e-01
3.7892e-01
3.7892e-01
3.7892e-01
3.7892e-01
3.5899e-01
3.5899e-01
3.5899e-01
3.5899e-01
3.5899e-01
3.3905e-01
3.5899e-01
3.3905e-01
3.3905e-01
3.3905e-01
3.5899e-01
3.3905e-01
3.3905e-01
3.1911e-01
3.3905e-01
3.1911e-01
3.3905e-01
3.3905e-01
3.3905e-01
3.3905e-01
3.3905e-01
3.3905e-01
3.1911e-01
3.1911e-01
3.1911e-01
3.1911e-01
3.1911e-01
3.1911e-01
3.1911e-01
3.1911e-01
3.1911e-01
3.1911e-01
3.3905e-01
3.3905e-01
3.1911e-01
3.3905e-01
3.3905e-01
3.1911e-01
3.1911e-01
3.1911e-01
3.1911e-01
2.9918e-01
2.9918e-01
2.9918e-01
2.9918e-01
3.1911e-01
3.1911e-01
2.9918e-01
2.9918e-01
3.1911e-01
3.1911e-01
3.3905e-01
3.3905e-01
3.3905e-01
3.3905e-01
3.3905e-01
3.3905e-01
3.5899e-01
3.5899e-01
3.5899e-01
3.5899e-01
3.5899e-01
3.7892e-01
3.7892e-01
3.7892e-01
3.9885e-01
4.1879e-01
4.3872e-01
4.5865e-01
4.5865e-01
4.5865e-01
4.7858e-01
4.7858e-01
4.7858e-01
4.7858e-01
4.7858e-01
4.7858e-01
4.7858e-01
4.9850e-01
4.9850e-01
4.9850e-01
4.9850e-01
4.9850e-01
5.1843e-01
4.9850e-01
4.9850e-01
4.9850e-01
4.9850e-01
4.9850e-01
4.9850e-01
4.9850e-01
4.7858e-01
4.7858e-01
4.7858e-01
4.5865e-01
4.7858e-01
4.5865e-01
4.5865e-01
4.5865e-01
4.5865e-01
4.3872e-01
4.3872e-01
4.3872e-01
4.3872e-01
4.3872e-01
4.3872e-01
4.1879e-01
4.1879e-01
3.9885e-01
3.7892e-01
3.9885e-01
3.7892e-01
3.5899e-01
3.5899e-01
3.5899e-01
3.3905e-01
3.3905e-01
3.1911e-01
2.9918e-01
2.9918e-01
2.7924e-01
2.7924e-01
2.7924e-01
2.5930e-01
2.3936e-01
2.5930e-01
2.3936e-01
2.3936e-01
2.3936e-01
2.3936e-01
2.1942e-01
2.1942e-01
2.1942e-01
1.9948e-01
1.9948e-01
1.7953e-01
1.5959e-01
1.5959e-01
1.5959e-01
1.5959e-01
1.5959e-01
1.3964e-01
1.3964e-01
1.3964e-01
1.1970e-01
1.1970e-01
1.1970e-01
1.1970e-01
9.9751e-02
9.9751e-02
7.9803e-02
7.9803e-02
5.9854e-02
5.9854e-02
5.9854e-02
5.9854e-02
3.9904e-02
3.9904e-02
3.9904e-02
3.9904e-02
1.9953e-02
1.9953e-02
1.9953e-02
1.9953e-02
1.9953e-02
0000
1.9953e-02
0000
1.9953e-02
0000
1.9953e-02
1.9953e-02
3.9904e-02
3.9904e-02
5.9854e-02
5.9854e-02
7.9803e-02
7.9803e-02
7.9803e-02
7.9803e-02
9.9751e-02
7.9803e-02
9.9751e-02
9.9751e-02
9.9751e-02
7.9803e-02
9.9751e-02
9.9751e-02
9.9751e-02
9.9751e-02
1.1970e-01
1.1970e-01
1.1970e-01
1.1970e-01
1.1970e-01
1.1970e-01
1.1970e-01
1.1970e-01
1.1970e-01
1.1970e-01
1.1970e-01
1.1970e-01
1.1970e-01
1.3964e-01
1.3964e-01
1.1970e-01
1.3964e-01
1.1970e-01
1.1970e-01
1.3964e-01
1.3964e-01
1.1970e-01
1.1970e-01
1.1970e-01
1.1970e-01
1.1970e-01
1.1970e-01
9.9751e-02
1.1970e-01
1.1970e-01
1.1970e-01
1.1970e-01
1.1970e-01
1.1970e-01
1.1970e-01
1.3964e-01
1.1970e-01
1.1970e-01
1.1970e-01
1.1970e-01
1.1970e-01
9.9751e-02
9.9751e-02
9.9751e-02
9.9751e-02
9.9751e-02
9.9751e-02
9.9751e-02
9.9751e-02
9.9751e-02
9.9751e-02
9.9751e-02
9.9751e-02
9.9751e-02
9.9751e-02
9.9751e-02
9.9751e-02
1.1970e-01
1.1970e-01
1.1970e-01
1.1970e-01
1.1970e-01
1.1970e-01
9.9751e-02
9.9751e-02
1.1970e-01
1.1970e-01
1.1970e-01
1.1970e-01
1.3964e-01
1.3964e-01
1.1970e-01
1.1970e-01
1.3964e-01
1.3964e-01
1.3964e-01
1.3964e-01
1.3964e-01
1.3964e-01
1.3964e-01
1.5959e-01
1.5959e-01
1.5959e-01
1.5959e-01
1.5959e-01
1.5959e-01
1.3964e-01
1.3964e-01
1.3964e-01
1.3964e-01
1.3964e-01
1.3964e-01
1.3964e-01
1.3964e-01
1.3964e-01
1.5959e-01
1.5959e-01
1.5959e-01
1.5959e-01
1.5959e-01
1.5959e-01
1.5959e-01
1.5959e-01
1.5959e-01
1.5959e-01
1.5959e-01
1.5959e-01
1.3964e-01
1.3964e-01
1.5959e-01
1.3964e-01
1.3964e-01
1.5959e-01
1.5959e-01
1.5959e-01
1.5959e-01
1.5959e-01
1.7953e-01
1.7953e-01
1.7953e-01
1.7953e-01
1.7953e-01
1.7953e-01
1.7953e-01
1.7953e-01
1.9948e-01
1.7953e-01
1.9948e-01
1.9948e-01
2.1942e-01
2.1942e-01
2.1942e-01
2.1942e-01
2.3936e-01
2.3936e-01
2.1942e-01
2.3936e-01
2.3936e-01
2.3936e-01
2.3936e-01
2.5930e-01
2.5930e-01
2.5930e-01
2.5930e-01
2.7924e-01
2.7924e-01
2.7924e-01
2.9918e-01
2.9918e-01
2.9918e-01
2.9918e-01
2.9918e-01
2.9918e-01
3.1911e-01
2.9918e-01
2.9918e-01
2.9918e-01
3.1911e-01
3.1911e-01
3.1911e-01
3.1911e-01
3.1911e-01
3.3905e-01
3.3905e-01
3.3905e-01
3.3905e-01
3.3905e-01
3.5899e-01
3.5899e-01
3.5899e-01
3.5899e-01
3.5899e-01
3.5899e-01
3.7892e-01
3.9885e-01
3.9885e-01
4.1879e-01
4.1879e-01
4.1879e-01
4.3872e-01
4.3872e-01
4.3872e-01
4.5865e-01
4.5865e-01
4.5865e-01
4.5865e-01
4.7858e-01
4.5865e-01
4.7858e-01
4.7858e-01
4.7858e-01
4.7858e-01
4.7858e-01
4.7858e-01
4.7858e-01
4.7858e-01
4.7858e-01
4.9850e-01
4.9850e-01
4.9850e-01
4.9850e-01
4.9850e-01
4.9850e-01
4.9850e-01
4.9850e-01
4.9850e-01
4.9850e-01
4.9850e-01
4.9850e-01
4.9850e-01
4.9850e-01
4.9850e-01
4.9850e-01
4.9850e-01
4.9850e-01
4.9850e-01
4.9850e-01
4.7858e-01
4.9850e-01
4.9850e-01
4.7858e-01
4.7858e-01
4.7858e-01
4.9850e-01
4.7858e-01
4.9850e-01
4.7858e-01
4.9850e-01
4.9850e-01
4.7858e-01
4.7858e-01
4.7858e-01
4.7858e-01
4.7858e-01
4.7858e-01
4.5865e-01
4.7858e-01
4.7858e-01
4.7858e-01
4.7858e-01
4.7858e-01
4.9850e-01
4.7858e-01
4.9850e-01
4.9850e-01
4.9850e-01
4.9850e-01
4.9850e-01
5.1843e-01
5.1843e-01
4.9850e-01
5.1843e-01
5.1843e-01
5.1843e-01
5.1843e-01
5.1843e-01
5.1843e-01
5.3836e-01
5.3836e-01
5.5828e-01
5.5828e-01
5.5828e-01
5.7821e-01
5.7821e-01
5.7821e-01
5.7821e-01
5.7821e-01
5.7821e-01
5.7821e-01
5.9813e-01
6.1805e-01
6.1805e-01
6.1805e-01
6.3797e-01
6.3797e-01
6.3797e-01
6.3797e-01
6.3797e-01
6.5790e-01
6.5790e-01
6.5790e-01
6.5790e-01
6.7781e-01
6.5790e-01
6.7781e-01
6.5790e-01
6.5790e-01
6.5790e-01
6.5790e-01
6.7781e-01
6.7781e-01
6.7781e-01
6.7781e-01
6.7781e-01
6.7781e-01
6.7781e-01
6.9773e-01
6.9773e-01
6.9773e-01
6.9773e-01
6.7781e-01
6.9773e-01
6.9773e-01
6.9773e-01
6.9773e-01
6.9773e-01
7.1765e-01
7.1765e-01
7.1765e-01
7.1765e-01
7.1765e-01
7.1765e-01
7.1765e-01
7.1765e-01
7.1765e-01
7.1765e-01
7.1765e-01
7.1765e-01
7.3757e-01
7.3757e-01
7.3757e-01
7.3757e-01
7.3757e-01
7.5748e-01
7.3757e-01
7.3757e-01
7.3757e-01
7.3757e-01
7.3757e-01
7.3757e-01
7.3757e-01
7.3757e-01
7.3757e-01
7.3757e-01
7.3757e-01
7.5748e-01
7.5748e-01
7.5748e-01
7.5748e-01
7.5748e-01
7.5748e-01
7.5748e-01
7.5748e-01
7.5748e-01
7.5748e-01
7.5748e-01
7.5748e-01
7.5748e-01
7.5748e-01
7.5748e-01
7.7740e-01
7.5748e-01
7.7740e-01
7.7740e-01
7.7740e-01
7.9731e-01
7.9731e-01
7.9731e-01
8.1722e-01
8.1722e-01
8.1722e-01
7.9731e-01
7.9731e-01
8.1722e-01
7.9731e-01
7.7740e-01
7.9731e-01
7.9731e-01
7.7740e-01
7.9731e-01
7.7740e-01
7.9731e-01
7.7740e-01
7.7740e-01
7.7740e-01
7.5748e-01
7.7740e-01
7.5748e-01
7.5748e-01
7.5748e-01
7.5748e-01
7.3757e-01
7.3757e-01
7.3757e-01
7.3757e-01
7.3757e-01
7.5748e-01
7.5748e-01
7.5748e-01
7.3757e-01
7.3757e-01
7.5748e-01
7.3757e-01
7.3757e-01
7.3757e-01
7.3757e-01
7.3757e-01
7.3757e-01
7.3757e-01
7.3757e-01
7.3757e-01
7.5748e-01
7.5748e-01
7.5748e-01
7.5748e-01
7.5748e-01
7.5748e-01
7.5748e-01
7.5748e-01
7.5748e-01
7.5748e-01
7.5748e-01
7.5748e-01
7.5748e-01
7.5748e-01
7.7740e-01
7.5748e-01
7.7740e-01
7.7740e-01
7.7740e-01
7.7740e-01
7.7740e-01
7.7740e-01
7.7740e-01
7.7740e-01
7.9731e-01
7.9731e-01
7.9731e-01
7.9731e-01
7.9731e-01
7.9731e-01
7.9731e-01
8.1722e-01
8.1722e-01
8.1722e-01
8.1722e-01
8.3713e-01
8.3713e-01
8.3713e-01
8.3713e-01
8.3713e-01
8.5704e-01
8.5704e-01
8.5704e-01
8.7695e-01
8.7695e-01
8.7695e-01
8.7695e-01
8.9686e-01
8.9686e-01
8.9686e-01
8.9686e-01
9.1677e-01
9.1677e-01
9.3667e-01
9.3667e-01
9.3667e-01
9.3667e-01
9.5658e-01
9.5658e-01
9.5658e-01
9.7648e-01
9.7648e-01
9.7648e-01
9.7648e-01
9.5658e-01
9.5658e-01
9.7648e-01
9.7648e-01
9.7648e-01
9.7648e-01
9.7648e-01
9.7648e-01
9.7648e-01
9.7648e-01
9.7648e-01
9.7648e-01
9.7648e-01
9.5658e-01
9.7648e-01
9.7648e-01
9.7648e-01
9.7648e-01
9.7648e-01
9.7648e-01
9.7648e-01
9.7648e-01
9.7648e-01
9.7648e-01
9.5658e-01
9.7648e-01
9.5658e-01
9.5658e-01
9.7648e-01
9.5658e-01
9.5658e-01
9.5658e-01
9.5658e-01
9.5658e-01
9.5658e-01
9.5658e-01
9.5658e-01
9.5658e-01
9.5658e-01
9.5658e-01
9.5658e-01
9.5658e-01
9.5658e-01
9.5658e-01
9.5658e-01
9.5658e-01
9.5658e-01
9.5658e-01
9.7648e-01
9.7648e-01
9.7648e-01
9.7648e-01
9.7648e-01
9.7648e-01
9.7648e-01
9.7648e-01
9.7648e-01
9.7648e-01
9.7648e-01
9.7648e-01
9.9639e-01
9.9639e-01
9.9639e-01
9.9639e-01
9.9639e-01
9.9639e-01
1.0163e+00
9.9639e-01
1.0163e+00
9.9639e-01
9.9639e-01
9.7648e-01
9.7648e-01
9.7648e-01
9.7648e-01
9.5658e-01
9.5658e-01
9.5658e-01
9.7648e-01
9.5658e-01
9.7648e-01
9.5658e-01
9.7648e-01
9.7648e-01
9.7648e-01
9.7648e-01
9.7648e-01
9.7648e-01
9.5658e-01
9.5658e-01
9.7648e-01
9.7648e-01
9.7648e-01
9.5658e-01
9.7648e-01
9.7648e-01
9.7648e-01
9.7648e-01
9.7648e-01
9.7648e-01
9.9639e-01
9.7648e-01
9.7648e-01
9.7648e-01
9.7648e-01
9.7648e-01
9.7648e-01
9.7648e-01
9.7648e-01
9.7648e-01
9.7648e-01
9.7648e-01
9.7648e-01
9.7648e-01
9.7648e-01
9.5658e-01
9.5658e-01
9.5658e-01
9.5658e-01
9.5658e-01
9.5658e-01
9.5658e-01
9.3667e-01
9.3667e-01
9.3667e-01
9.3667e-01
9.3667e-01
9.3667e-01
9.3667e-01
9.1677e-01
9.1677e-01
9.1677e-01
9.1677e-01
9.3667e-01
9.1677e-01
9.1677e-01
9.1677e-01
9.1677e-01
9.1677e-01
9.1677e-01
9.1677e-01
9.3667e-01
9.1677e-01
9.3667e-01
9.3667e-01
9.3667e-01
9.3667e-01
9.3667e-01
9.3667e-01
9.3667e-01
