1.6178e+01
1.6178e+01
1.6152e+01
1.6139e+01
1.6126e+01
1.6113e+01
1.6100e+01
1.6087e+01
1.6087e+01
1.6061e+01
1.6061e+01
1.6048e+01
1.6035e+01
1.5996e+01
1.5996e+01
1.5983e+01
1.5956e+01
1.5943e+01
1.5943e+01
1.5930e+01
1.5917e+01
1.5891e+01
1.5878e+01
1.5852e+01
1.5852e+01
1.5839e+01
1.5826e+01
1.5813e+01
1.5787e+01
1.5761e+01
1.5735e+01
1.5735e+01
1.5722e+01
1.5696e+01
1.5696e+01
1.5682e+01
1.5669e+01
1.5669e+01
1.5656e+01
1.5630e+01
1.5630e+01
1.5617e+01
1.5617e+01
1.5591e+01
1.5578e+01
1.5565e+01
1.5552e+01
1.5526e+01
1.5500e+01
1.5487e+01
1.5500e+01
1.5474e+01
1.5487e+01
1.5474e+01
1.5460e+01
1.5447e+01
1.5421e+01
1.5421e+01
1.5421e+01
1.5395e+01
1.5369e+01
1.5356e+01
1.5343e+01
1.5330e+01
1.5330e+01
1.5317e+01
1.5304e+01
1.5304e+01
1.5291e+01
1.5278e+01
1.5278e+01
1.5251e+01
1.5238e+01
1.5225e+01
1.5212e+01
1.5212e+01
1.5186e+01
1.5173e+01
1.5147e+01
1.5134e+01
1.5121e+01
1.5121e+01
1.5095e+01
1.5081e+01
1.5081e+01
1.5068e+01
1.5055e+01
1.5042e+01
1.5029e+01
1.5016e+01
1.5003e+01
1.4990e+01
1.4964e+01
1.4951e+01
1.4938e+01
1.4938e+01
1.4925e+01
1.4898e+01
1.4872e+01
1.4846e+01
1.4820e+01
1.4807e+01
1.4807e+01
1.4794e+01
1.4781e+01
1.4767e+01
1.4754e+01
1.4728e+01
1.4702e+01
1.4689e+01
1.4676e+01
1.4676e+01
1.4650e+01
1.4637e+01
1.4637e+01
1.4623e+01
1.4597e+01
1.4584e+01
1.4558e+01
1.4558e+01
1.4558e+01
1.4519e+01
1.4506e+01
1.4492e+01
1.4466e+01
1.4453e+01
1.4427e+01
1.4414e+01
1.4401e+01
1.4388e+01
1.4375e+01
1.4361e+01
1.4361e+01
1.4348e+01
1.4348e+01
1.4335e+01
1.4322e+01
1.4309e+01
1.4309e+01
1.4283e+01
1.4283e+01
1.4283e+01
1.4257e+01
1.4243e+01
1.4243e+01
1.4230e+01
1.4217e+01
1.4204e+01
1.4178e+01
1.4165e+01
1.4165e+01
1.4152e+01
1.4139e+01
1.4125e+01
1.4112e+01
1.4086e+01
1.4073e+01
1.4060e+01
1.4047e+01
1.4047e+01
1.4020e+01
1.4020e+01
1.4020e+01
1.4007e+01
1.4020e+01
1.4007e+01
1.3994e+01
1.3968e+01
1.3968e+01
1.3968e+01
1.3968e+01
1.3955e+01
1.3929e+01
1.3902e+01
1.3876e+01
1.3902e+01
1.3876e+01
1.3863e+01
1.3863e+01
1.3863e+01
1.3863e+01
1.3850e+01
1.3837e+01
1.3824e+01
1.3810e+01
1.3810e+01
1.3797e+01
1.3784e+01
1.3771e+01
1.3758e+01
1.3745e+01
1.3745e+01
1.3732e+01
1.3732e+01
1.3705e+01
1.3692e+01
1.3692e+01
1.3692e+01
1.3666e+01
1.3653e+01
1.3627e+01
1.3614e+01
1.3587e+01
1.3600e+01
1.3587e+01
1.3574e+01
1.3548e+01
1.3535e+01
1.3522e+01
1.3508e+01
1.3508e+01
1.3508e+01
1.3482e+01
1.3482e+01
1.3482e+01
1.3456e+01
1.3443e+01
1.3443e+01
1.3416e+01
1.3390e+01
1.3377e+01
1.3364e+01
1.3338e+01
1.3338e+01
1.3311e+01
1.3285e+01
1.3285e+01
1.3272e+01
1.3259e+01
1.3259e+01
1.3259e+01
1.3245e+01
1.3219e+01
1.3206e+01
1.3206e+01
1.3206e+01
1.3180e+01
1.3180e+01
1.3167e+01
1.3167e+01
1.3140e+01
1.3140e+01
1.3127e+01
1.3127e+01
1.3127e+01
1.3127e+01
1.3127e+01
1.3114e+01
1.3088e+01
1.3088e+01
1.3074e+01
1.3074e+01
1.3061e+01
1.3074e+01
1.3061e+01
1.3061e+01
1.3048e+01
1.3048e+01
1.3035e+01
1.3035e+01
1.3035e+01
1.3035e+01
1.3035e+01
1.3022e+01
1.3009e+01
1.2996e+01
1.2982e+01
1.2982e+01
1.2982e+01
1.2969e+01
1.2956e+01
1.2943e+01
1.2930e+01
1.2917e+01
1.2917e+01
1.2903e+01
1.2903e+01
1.2890e+01
1.2877e+01
1.2864e+01
1.2864e+01
1.2864e+01
1.2851e+01
1.2838e+01
1.2824e+01
1.2824e+01
1.2811e+01
1.2811e+01
1.2798e+01
1.2785e+01
1.2785e+01
1.2772e+01
1.2772e+01
1.2759e+01
1.2759e+01
1.2759e+01
1.2745e+01
1.2732e+01
1.2732e+01
1.2719e+01
1.2693e+01
1.2666e+01
1.2640e+01
1.2640e+01
1.2614e+01
1.2600e+01
1.2600e+01
1.2587e+01
1.2574e+01
1.2548e+01
1.2548e+01
1.2535e+01
1.2521e+01
1.2508e+01
1.2495e+01
1.2495e+01
1.2469e+01
1.2469e+01
1.2455e+01
1.2429e+01
1.2429e+01
1.2416e+01
1.2416e+01
1.2403e+01
1.2403e+01
1.2376e+01
1.2376e+01
1.2350e+01
1.2324e+01
1.2324e+01
1.2324e+01
1.2297e+01
1.2271e+01
1.2271e+01
1.2258e+01
1.2244e+01
1.2231e+01
1.2218e+01
1.2218e+01
1.2205e+01
1.2205e+01
1.2205e+01
1.2205e+01
1.2178e+01
1.2178e+01
1.2165e+01
1.2152e+01
1.2139e+01
1.2126e+01
1.2126e+01
1.2099e+01
1.2099e+01
1.2073e+01
1.2033e+01
1.2020e+01
1.2007e+01
1.2007e+01
1.1994e+01
1.1980e+01
1.1980e+01
1.1954e+01
1.1941e+01
1.1928e+01
1.1914e+01
1.1888e+01
1.1875e+01
1.1875e+01
1.1862e+01
1.1835e+01
1.1822e+01
1.1809e+01
1.1796e+01
1.1782e+01
1.1769e+01
1.1756e+01
1.1743e+01
1.1730e+01
1.1716e+01
1.1690e+01
1.1677e+01
1.1650e+01
1.1650e+01
1.1624e+01
1.1624e+01
1.1611e+01
1.1597e+01
1.1597e+01
1.1597e+01
1.1584e+01
1.1571e+01
1.1584e+01
1.1571e+01
1.1558e+01
1.1544e+01
1.1531e+01
1.1531e+01
1.1518e+01
1.1518e+01
1.1505e+01
1.1492e+01
1.1478e+01
1.1478e+01
1.1465e+01
1.1439e+01
1.1439e+01
1.1425e+01
1.1412e+01
1.1399e+01
1.1399e+01
1.1386e+01
1.1359e+01
1.1359e+01
1.1346e+01
1.1333e+01
1.1306e+01
1.1306e+01
1.1293e+01
1.1280e+01
1.1293e+01
1.1280e+01
1.1293e+01
1.1280e+01
1.1293e+01
1.1280e+01
1.1280e+01
1.1267e+01
1.1267e+01
1.1267e+01
1.1254e+01
1.1254e+01
1.1240e+01
1.1240e+01
1.1254e+01
1.1254e+01
1.1267e+01
1.1267e+01
1.1267e+01
1.1280e+01
1.1293e+01
1.1293e+01
1.1293e+01
1.1293e+01
1.1280e+01
1.1306e+01
1.1306e+01
1.1306e+01
1.1293e+01
1.1333e+01
1.1320e+01
1.1320e+01
1.1333e+01
1.1346e+01
1.1346e+01
1.1346e+01
1.1359e+01
1.1359e+01
1.1346e+01
1.1359e+01
1.1346e+01
1.1359e+01
1.1359e+01
1.1373e+01
1.1359e+01
1.1359e+01
1.1373e+01
1.1373e+01
1.1373e+01
1.1386e+01
1.1386e+01
1.1386e+01
1.1386e+01
1.1399e+01
1.1399e+01
1.1399e+01
1.1399e+01
1.1412e+01
1.1399e+01
1.1399e+01
1.1373e+01
1.1386e+01
1.1386e+01
1.1386e+01
1.1399e+01
1.1412e+01
1.1412e+01
1.1425e+01
1.1439e+01
1.1452e+01
1.1452e+01
1.1465e+01
1.1478e+01
1.1505e+01
1.1505e+01
1.1531e+01
1.1544e+01
1.1558e+01
1.1571e+01
1.1584e+01
1.1611e+01
1.1637e+01
1.1650e+01
1.1663e+01
1.1690e+01
1.1690e+01
1.1703e+01
1.1730e+01
1.1743e+01
1.1756e+01
1.1769e+01
1.1782e+01
1.1782e+01
1.1796e+01
1.1809e+01
1.1822e+01
1.1835e+01
1.1835e+01
1.1862e+01
1.1848e+01
1.1862e+01
1.1875e+01
1.1875e+01
1.1875e+01
1.1875e+01
1.1875e+01
1.1888e+01
1.1875e+01
1.1875e+01
1.1875e+01
1.1875e+01
1.1862e+01
1.1848e+01
1.1835e+01
1.1848e+01
1.1848e+01
1.1835e+01
1.1822e+01
1.1809e+01
1.1796e+01
1.1796e+01
1.1782e+01
1.1769e+01
1.1756e+01
1.1743e+01
1.1730e+01
1.1730e+01
1.1716e+01
1.1716e+01
1.1703e+01
1.1703e+01
1.1690e+01
1.1690e+01
1.1677e+01
1.1663e+01
1.1650e+01
1.1637e+01
1.1611e+01
1.1597e+01
1.1597e+01
1.1584e+01
1.1571e+01
1.1544e+01
1.1544e+01
1.1544e+01
1.1531e+01
1.1531e+01
1.1518e+01
1.1518e+01
1.1505e+01
1.1492e+01
1.1478e+01
1.1452e+01
1.1439e+01
1.1425e+01
1.1425e+01
1.1399e+01
1.1386e+01
1.1373e+01
1.1373e+01
1.1386e+01
1.1373e+01
1.1359e+01
1.1346e+01
1.1333e+01
1.1333e+01
1.1320e+01
1.1293e+01
1.1280e+01
1.1267e+01
1.1240e+01
1.1227e+01
1.1214e+01
1.1201e+01
1.1201e+01
1.1201e+01
1.1201e+01
1.1174e+01
1.1174e+01
1.1161e+01
1.1161e+01
1.1148e+01
1.1134e+01
1.1134e+01
1.1108e+01
1.1095e+01
1.1081e+01
1.1081e+01
1.1081e+01
1.1068e+01
1.1055e+01
1.1042e+01
1.1042e+01
1.1028e+01
1.1028e+01
1.1015e+01
1.1002e+01
1.0976e+01
1.0949e+01
1.0949e+01
1.0923e+01
1.0909e+01
1.0896e+01
1.0896e+01
1.0870e+01
1.0856e+01
1.0856e+01
1.0856e+01
1.0856e+01
1.0843e+01
1.0843e+01
1.0817e+01
1.0817e+01
1.0803e+01
1.0790e+01
1.0777e+01
1.0777e+01
1.0764e+01
1.0737e+01
1.0737e+01
1.0737e+01
1.0724e+01
1.0711e+01
1.0697e+01
1.0697e+01
1.0684e+01
1.0671e+01
1.0658e+01
1.0631e+01
1.0618e+01
1.0604e+01
1.0604e+01
1.0591e+01
1.0565e+01
1.0551e+01
1.0538e+01
1.0525e+01
1.0525e+01
1.0525e+01
1.0512e+01
1.0498e+01
1.0512e+01
1.0498e+01
1.0485e+01
1.0472e+01
1.0472e+01
1.0459e+01
1.0459e+01
1.0445e+01
1.0419e+01
1.0406e+01
1.0392e+01
1.0392e+01
1.0379e+01
1.0366e+01
1.0352e+01
1.0352e+01
1.0339e+01
1.0339e+01
1.0313e+01
1.0313e+01
1.0299e+01
1.0286e+01
1.0273e+01
1.0273e+01
1.0260e+01
1.0233e+01
1.0233e+01
1.0220e+01
1.0206e+01
1.0206e+01
1.0206e+01
1.0206e+01
1.0193e+01
1.0193e+01
1.0193e+01
1.0180e+01
1.0167e+01
1.0153e+01
1.0140e+01
1.0127e+01
1.0127e+01
1.0100e+01
1.0100e+01
1.0087e+01
1.0087e+01
1.0074e+01
1.0087e+01
1.0100e+01
1.0087e+01
1.0087e+01
1.0074e+01
1.0074e+01
1.0087e+01
1.0074e+01
1.0074e+01
1.0074e+01
1.0074e+01
1.0087e+01
1.0087e+01
1.0087e+01
1.0087e+01
1.0100e+01
1.0087e+01
1.0087e+01
1.0087e+01
1.0100e+01
1.0100e+01
1.0114e+01
1.0114e+01
1.0114e+01
1.0127e+01
1.0127e+01
1.0140e+01
1.0127e+01
1.0140e+01
1.0140e+01
1.0140e+01
1.0153e+01
1.0153e+01
1.0153e+01
1.0140e+01
1.0153e+01
1.0153e+01
1.0153e+01
1.0140e+01
1.0140e+01
1.0140e+01
1.0127e+01
1.0114e+01
1.0100e+01
1.0100e+01
1.0100e+01
1.0100e+01
1.0114e+01
1.0100e+01
1.0100e+01
1.0100e+01
1.0087e+01
1.0087e+01
1.0087e+01
1.0074e+01
1.0060e+01
1.0060e+01
1.0047e+01
1.0047e+01
1.0060e+01
1.0047e+01
1.0034e+01
1.0021e+01
1.0021e+01
1.0007e+01
9.9940e+00
9.9940e+00
9.9940e+00
9.9807e+00
9.9674e+00
9.9542e+00
9.9409e+00
9.9409e+00
9.9143e+00
9.9276e+00
9.9143e+00
9.9276e+00
9.9276e+00
9.9143e+00
9.9143e+00
9.9143e+00
9.9143e+00
9.8877e+00
9.9010e+00
9.8877e+00
9.8744e+00
9.8612e+00
9.8346e+00
9.8346e+00
9.8213e+00
9.8080e+00
9.7814e+00
9.7681e+00
9.7681e+00
9.7681e+00
9.7548e+00
9.7548e+00
9.7415e+00
9.7282e+00
9.7282e+00
9.7149e+00
9.7016e+00
9.7149e+00
9.7016e+00
9.6883e+00
9.6751e+00
9.6883e+00
9.6751e+00
9.6485e+00
9.6352e+00
9.6219e+00
9.5953e+00
9.5953e+00
9.5953e+00
9.5820e+00
9.5820e+00
9.5820e+00
9.5687e+00
9.5554e+00
9.5288e+00
9.5155e+00
9.5155e+00
9.5022e+00
9.4888e+00
9.4888e+00
9.4755e+00
9.4755e+00
9.4755e+00
9.4755e+00
9.4622e+00
9.4622e+00
9.4489e+00
9.4223e+00
9.4223e+00
9.4090e+00
9.3957e+00
9.3957e+00
9.3691e+00
9.3558e+00
9.3558e+00
9.3425e+00
9.3425e+00
9.3425e+00
9.3425e+00
9.3292e+00
9.3292e+00
9.3158e+00
9.3158e+00
9.3025e+00
9.2892e+00
9.2759e+00
9.2626e+00
9.2626e+00
9.2493e+00
9.2493e+00
9.2360e+00
9.2360e+00
9.2227e+00
9.1960e+00
9.1960e+00
9.1694e+00
9.1428e+00
9.1428e+00
9.1561e+00
9.1294e+00
9.1161e+00
9.1161e+00
9.1028e+00
9.1028e+00
9.0895e+00
9.0628e+00
9.0628e+00
9.0495e+00
9.0362e+00
9.0362e+00
9.0229e+00
9.0095e+00
9.0229e+00
9.0095e+00
8.9829e+00
8.9829e+00
8.9562e+00
8.9562e+00
8.9562e+00
8.9429e+00
8.9163e+00
8.9163e+00
8.8896e+00
8.8630e+00
8.8630e+00
8.8763e+00
8.8496e+00
8.8496e+00
8.8496e+00
8.8230e+00
8.7963e+00
8.7963e+00
8.7830e+00
8.7696e+00
8.7430e+00
8.7430e+00
8.7296e+00
8.7296e+00
8.7163e+00
8.7030e+00
8.6763e+00
8.6763e+00
8.6629e+00
8.6496e+00
8.6363e+00
8.6096e+00
8.5962e+00
8.5962e+00
8.5696e+00
8.5696e+00
8.5429e+00
8.5295e+00
8.5162e+00
8.5029e+00
8.5029e+00
8.5029e+00
8.4895e+00
8.4762e+00
8.4495e+00
8.4495e+00
8.4495e+00
8.4361e+00
8.4094e+00
8.4094e+00
8.3961e+00
8.3827e+00
8.3560e+00
8.3694e+00
8.3427e+00
8.3293e+00
8.3293e+00
8.3026e+00
8.3026e+00
8.2893e+00
8.2759e+00
8.2759e+00
8.2492e+00
8.2359e+00
8.2359e+00
8.2359e+00
8.2091e+00
8.2091e+00
8.1824e+00
8.1824e+00
8.1691e+00
8.1557e+00
8.1557e+00
8.1557e+00
8.1424e+00
8.1290e+00
8.1290e+00
8.1156e+00
8.1023e+00
8.0756e+00
8.0622e+00
8.0622e+00
8.0488e+00
8.0221e+00
8.0221e+00
7.9954e+00
7.9686e+00
7.9553e+00
7.9285e+00
7.9285e+00
7.9285e+00
7.9018e+00
7.9018e+00
7.8751e+00
7.8751e+00
7.8483e+00
7.8349e+00
7.8216e+00
7.8216e+00
7.8082e+00
7.7815e+00
7.7815e+00
7.7815e+00
7.7681e+00
7.7681e+00
7.7681e+00
7.7547e+00
7.7413e+00
7.7280e+00
7.7012e+00
7.7012e+00
7.7012e+00
7.6744e+00
7.6611e+00
7.6343e+00
7.6209e+00
7.5942e+00
7.5808e+00
7.5674e+00
7.5674e+00
7.5406e+00
7.5273e+00
7.5273e+00
7.5139e+00
7.5005e+00
7.4871e+00
7.4737e+00
7.4469e+00
7.4469e+00
7.4603e+00
7.4336e+00
7.4336e+00
7.4202e+00
7.4202e+00
7.4068e+00
7.4068e+00
7.3934e+00
7.4068e+00
7.4068e+00
7.3934e+00
7.3934e+00
7.4068e+00
7.4202e+00
7.4068e+00
7.3934e+00
7.4068e+00
7.3934e+00
7.4068e+00
7.4068e+00
7.4068e+00
7.3934e+00
7.3800e+00
7.3934e+00
7.3934e+00
7.3934e+00
7.3934e+00
7.3934e+00
7.3800e+00
7.3800e+00
7.3666e+00
7.3666e+00
7.3666e+00
7.3398e+00
7.3398e+00
7.3264e+00
7.3264e+00
7.3130e+00
7.2862e+00
7.2862e+00
7.2729e+00
7.2862e+00
7.2729e+00
7.2729e+00
7.2595e+00
7.2595e+00
7.2595e+00
7.2595e+00
7.2595e+00
7.2461e+00
7.2461e+00
7.2327e+00
7.2327e+00
7.2327e+00
7.2327e+00
7.2327e+00
7.2059e+00
7.2059e+00
7.2059e+00
7.2193e+00
7.2059e+00
7.2059e+00
7.1925e+00
7.1925e+00
7.2059e+00
7.1925e+00
7.1791e+00
7.1791e+00
7.1657e+00
7.1657e+00
7.1657e+00
7.1657e+00
7.1657e+00
7.1657e+00
7.1657e+00
7.1523e+00
7.1389e+00
7.1255e+00
7.1121e+00
7.1121e+00
7.0987e+00
7.0987e+00
7.0853e+00
7.0719e+00
7.0585e+00
7.0317e+00
7.0317e+00
7.0317e+00
7.0183e+00
7.0049e+00
6.9780e+00
6.9780e+00
6.9646e+00
6.9512e+00
6.9378e+00
6.9378e+00
6.9110e+00
6.8976e+00
6.8976e+00
6.8976e+00
6.8708e+00
6.8574e+00
6.8708e+00
6.8708e+00
6.8574e+00
6.8574e+00
6.8439e+00
6.8305e+00
6.8171e+00
6.8171e+00
6.7903e+00
6.7769e+00
6.7769e+00
6.7500e+00
6.7500e+00
6.7366e+00
6.7366e+00
6.7366e+00
6.7232e+00
6.7098e+00
6.7098e+00
6.6964e+00
6.6695e+00
6.6830e+00
6.6695e+00
6.6561e+00
6.6561e+00
6.6561e+00
6.6293e+00
6.6293e+00
6.6293e+00
6.6024e+00
6.5890e+00
6.5890e+00
6.5756e+00
6.5622e+00
6.5487e+00
6.5353e+00
6.5353e+00
6.5353e+00
6.5085e+00
6.4950e+00
6.4950e+00
6.4816e+00
6.4682e+00
6.4548e+00
6.4548e+00
6.4548e+00
6.4413e+00
6.4279e+00
6.4279e+00
6.4145e+00
6.4145e+00
6.4145e+00
6.4145e+00
6.4145e+00
6.4010e+00
6.4010e+00
6.3876e+00
6.3742e+00
6.3742e+00
6.3607e+00
6.3607e+00
6.3473e+00
6.3339e+00
6.3204e+00
6.3070e+00
6.2936e+00
6.2936e+00
6.2801e+00
6.2801e+00
6.2801e+00
6.2667e+00
6.2533e+00
6.2398e+00
6.2264e+00
6.2264e+00
6.2130e+00
6.2130e+00
6.1995e+00
6.1861e+00
6.1726e+00
6.1726e+00
6.1726e+00
6.1592e+00
6.1592e+00
6.1458e+00
6.1323e+00
6.1054e+00
6.0920e+00
6.1054e+00
6.0920e+00
6.0786e+00
6.0651e+00
6.0517e+00
6.0382e+00
6.0248e+00
6.0248e+00
6.0113e+00
6.0113e+00
5.9979e+00
5.9844e+00
5.9710e+00
5.9575e+00
5.9441e+00
5.9306e+00
5.9306e+00
5.9306e+00
5.9037e+00
5.8903e+00
5.8903e+00
5.8768e+00
5.8768e+00
5.8768e+00
5.8634e+00
5.8634e+00
5.8499e+00
5.8499e+00
5.8230e+00
5.8230e+00
5.8096e+00
5.7961e+00
5.7827e+00
5.7557e+00
5.7423e+00
5.7423e+00
5.7423e+00
5.7154e+00
5.7019e+00
5.6885e+00
5.6885e+00
5.6885e+00
5.6885e+00
5.6750e+00
5.6615e+00
5.6615e+00
5.6346e+00
5.6346e+00
5.6346e+00
5.6077e+00
5.5942e+00
5.5808e+00
5.5673e+00
5.5673e+00
5.5538e+00
5.5404e+00
5.5269e+00
5.5269e+00
5.5134e+00
5.5134e+00
5.5000e+00
5.4865e+00
5.4865e+00
5.4730e+00
5.4461e+00
5.4192e+00
5.4192e+00
5.3922e+00
5.3922e+00
5.3787e+00
5.3653e+00
5.3653e+00
5.3518e+00
5.3518e+00
5.3518e+00
5.3383e+00
5.3248e+00
5.3114e+00
5.2979e+00
5.2844e+00
5.2844e+00
5.2575e+00
5.2440e+00
5.2575e+00
5.2440e+00
5.2170e+00
5.2170e+00
5.2170e+00
5.1901e+00
5.1901e+00
5.1766e+00
5.1766e+00
5.1496e+00
5.1496e+00
5.1227e+00
5.1092e+00
5.1092e+00
5.0822e+00
5.0822e+00
5.0687e+00
5.0552e+00
5.0552e+00
5.0418e+00
5.0418e+00
5.0148e+00
5.0148e+00
5.0013e+00
4.9878e+00
4.9743e+00
4.9743e+00
4.9608e+00
4.9608e+00
4.9473e+00
4.9204e+00
4.9204e+00
4.9069e+00
4.8934e+00
4.8664e+00
4.8664e+00
4.8664e+00
4.8664e+00
4.8664e+00
4.8394e+00
4.8394e+00
4.8124e+00
4.7989e+00
4.7854e+00
4.7719e+00
4.7584e+00
4.7314e+00
4.7314e+00
4.7179e+00
4.7179e+00
4.7044e+00
4.7044e+00
4.6909e+00
4.6909e+00
4.6774e+00
4.6774e+00
4.6774e+00
4.6774e+00
4.6774e+00
4.6639e+00
4.6504e+00
4.6504e+00
4.6369e+00
4.6369e+00
4.6369e+00
4.6234e+00
4.6234e+00
4.6099e+00
4.5964e+00
4.5964e+00
4.5964e+00
4.5829e+00
4.5694e+00
4.5559e+00
4.5559e+00
4.5559e+00
4.5424e+00
4.5289e+00
4.5154e+00
4.5019e+00
4.4884e+00
4.5019e+00
4.4884e+00
4.4749e+00
4.4749e+00
4.4613e+00
4.4613e+00
4.4613e+00
4.4478e+00
4.4478e+00
4.4343e+00
4.4208e+00
4.4073e+00
4.3938e+00
4.3803e+00
4.3803e+00
4.3532e+00
4.3397e+00
4.3262e+00
4.3397e+00
4.3397e+00
4.3127e+00
4.3127e+00
4.2992e+00
4.2992e+00
4.2857e+00
4.2721e+00
4.2721e+00
4.2721e+00
4.2586e+00
4.2586e+00
4.2586e+00
4.2451e+00
4.2451e+00
4.2316e+00
4.2181e+00
4.2181e+00
4.2046e+00
4.2046e+00
4.2046e+00
4.2046e+00
4.1910e+00
4.1910e+00
4.1910e+00
4.1775e+00
4.1775e+00
4.1775e+00
4.1775e+00
4.1640e+00
4.1505e+00
4.1505e+00
4.1505e+00
4.1640e+00
4.1369e+00
4.1369e+00
4.1234e+00
4.1234e+00
4.1234e+00
4.1099e+00
4.1099e+00
4.1099e+00
4.0964e+00
4.0693e+00
4.0693e+00
4.0693e+00
4.0558e+00
4.0423e+00
4.0423e+00
4.0287e+00
4.0152e+00
4.0287e+00
4.0287e+00
4.0152e+00
4.0017e+00
3.9882e+00
4.0017e+00
3.9746e+00
3.9746e+00
3.9611e+00
3.9476e+00
3.9340e+00
3.9205e+00
3.9070e+00
3.9070e+00
3.8934e+00
3.8934e+00
3.8799e+00
3.8664e+00
3.8664e+00
3.8528e+00
3.8393e+00
3.8393e+00
3.8258e+00
3.8122e+00
3.7851e+00
3.7851e+00
3.7851e+00
3.7716e+00
3.7716e+00
3.7581e+00
3.7581e+00
3.7581e+00
3.7581e+00
3.7581e+00
3.7716e+00
3.7310e+00
3.7310e+00
3.7310e+00
3.7175e+00
3.7039e+00
3.7039e+00
3.7175e+00
3.7039e+00
3.7175e+00
3.7175e+00
3.7175e+00
3.7310e+00
3.7310e+00
3.7445e+00
3.7581e+00
3.7581e+00
3.7716e+00
3.7851e+00
3.7987e+00
3.7987e+00
3.8258e+00
3.8258e+00
3.8393e+00
3.8393e+00
3.8528e+00
3.8528e+00
3.8799e+00
3.8799e+00
3.8934e+00
3.8934e+00
3.9205e+00
3.9205e+00
3.9476e+00
3.9476e+00
3.9611e+00
3.9611e+00
3.9882e+00
3.9882e+00
4.0152e+00
4.0017e+00
4.0287e+00
4.0287e+00
4.0558e+00
4.0693e+00
4.0964e+00
4.1099e+00
4.0964e+00
4.1099e+00
4.1234e+00
4.1369e+00
4.1369e+00
4.1234e+00
4.1369e+00
4.1505e+00
4.1505e+00
4.1505e+00
4.1640e+00
4.1640e+00
4.1775e+00
4.2046e+00
4.1910e+00
4.2046e+00
4.2181e+00
4.2181e+00
4.2181e+00
4.2181e+00
4.2181e+00
4.2181e+00
4.2181e+00
4.2046e+00
4.2181e+00
4.2181e+00
4.2316e+00
4.2316e+00
4.2316e+00
4.2316e+00
4.2316e+00
4.2316e+00
4.2316e+00
4.2181e+00
4.2316e+00
4.2181e+00
4.2046e+00
4.1910e+00
4.1910e+00
4.1910e+00
4.1640e+00
4.1505e+00
4.1505e+00
4.1369e+00
4.1369e+00
4.1369e+00
4.1505e+00
4.1505e+00
4.1505e+00
4.1369e+00
4.1234e+00
4.1234e+00
4.1099e+00
4.0964e+00
4.0828e+00
4.0693e+00
4.0693e+00
4.0558e+00
4.0423e+00
4.0287e+00
4.0152e+00
4.0287e+00
4.0017e+00
4.0017e+00
3.9882e+00
3.9882e+00
3.9611e+00
3.9611e+00
3.9476e+00
3.9476e+00
3.9205e+00
3.8934e+00
3.8934e+00
3.8664e+00
3.8528e+00
3.8393e+00
3.8393e+00
3.8258e+00
3.7987e+00
3.8122e+00
3.7851e+00
3.7716e+00
3.7581e+00
3.7445e+00
3.7445e+00
3.7175e+00
3.7039e+00
3.7039e+00
3.6904e+00
3.6768e+00
3.6633e+00
3.6633e+00
3.6497e+00
3.6362e+00
3.6227e+00
3.6227e+00
3.5956e+00
3.5956e+00
3.5820e+00
3.5820e+00
3.5685e+00
3.5414e+00
3.5278e+00
3.5143e+00
3.5007e+00
3.4872e+00
3.4736e+00
3.4601e+00
3.4465e+00
3.4465e+00
3.4465e+00
3.4330e+00
3.4194e+00
3.4059e+00
3.3923e+00
3.3788e+00
3.3652e+00
3.3517e+00
3.3381e+00
3.3245e+00
3.3110e+00
3.2839e+00
3.2839e+00
3.2703e+00
3.2568e+00
3.2432e+00
3.2296e+00
3.2296e+00
3.2025e+00
3.1889e+00
3.1889e+00
3.1618e+00
3.1483e+00
3.1347e+00
3.1347e+00
3.1211e+00
3.0940e+00
3.0669e+00
3.0669e+00
3.0533e+00
3.0397e+00
3.0397e+00
3.0262e+00
3.0126e+00
2.9990e+00
2.9990e+00
2.9854e+00
2.9719e+00
2.9719e+00
2.9583e+00
2.9447e+00
2.9312e+00
2.9176e+00
2.9176e+00
2.9040e+00
2.8904e+00
2.8769e+00
2.8633e+00
2.8497e+00
2.8497e+00
2.8226e+00
2.8226e+00
2.8361e+00
2.8226e+00
2.8090e+00
2.7818e+00
2.7682e+00
2.7682e+00
2.7547e+00
2.7411e+00
2.7411e+00
2.7275e+00
2.7139e+00
2.7139e+00
2.7003e+00
2.7003e+00
2.6868e+00
2.6732e+00
2.6596e+00
2.6460e+00
2.6324e+00
2.6188e+00
2.6188e+00
2.5917e+00
2.5917e+00
2.5781e+00
2.5781e+00
2.5645e+00
2.5509e+00
2.5509e+00
2.5373e+00
2.5373e+00
2.5237e+00
2.5237e+00
2.5101e+00
2.5101e+00
2.4965e+00
2.4829e+00
2.4694e+00
2.4694e+00
2.4558e+00
2.4422e+00
2.4422e+00
2.4286e+00
2.4286e+00
2.4286e+00
2.4150e+00
2.4014e+00
2.3878e+00
2.3742e+00
2.3742e+00
2.3606e+00
2.3470e+00
2.3470e+00
2.3470e+00
2.3198e+00
2.3198e+00
2.2926e+00
2.2926e+00
2.2926e+00
2.2790e+00
2.2790e+00
2.2518e+00
2.2518e+00
2.2518e+00
2.2382e+00
2.2246e+00
2.2110e+00
2.1974e+00
2.1702e+00
2.1566e+00
2.1294e+00
2.1158e+00
2.1022e+00
2.0886e+00
2.0750e+00
2.0613e+00
2.0613e+00
2.0477e+00
2.0205e+00
2.0069e+00
2.0069e+00
1.9797e+00
1.9797e+00
1.9525e+00
1.9388e+00
1.9252e+00
1.9116e+00
1.8980e+00
1.8844e+00
1.8572e+00
1.8572e+00
1.8435e+00
1.8435e+00
1.8299e+00
1.8163e+00
1.7891e+00
1.7754e+00
1.7618e+00
1.7482e+00
1.7210e+00
1.7073e+00
1.7073e+00
1.6801e+00
1.6801e+00
1.6665e+00
1.6528e+00
1.6392e+00
1.6120e+00
1.6256e+00
1.6120e+00
1.5983e+00
1.5847e+00
1.5983e+00
1.5847e+00
1.5574e+00
1.5438e+00
1.5302e+00
1.5165e+00
1.5165e+00
1.5029e+00
1.4893e+00
1.4756e+00
1.4620e+00
1.4484e+00
1.4484e+00
1.4484e+00
1.4347e+00
1.4075e+00
1.4075e+00
1.3938e+00
1.3802e+00
1.3802e+00
1.3666e+00
1.3529e+00
1.3393e+00
1.3257e+00
1.3257e+00
1.3257e+00
1.3120e+00
1.2984e+00
1.2847e+00
1.2847e+00
1.2847e+00
1.2711e+00
1.2574e+00
1.2302e+00
1.2165e+00
1.2165e+00
1.1892e+00
1.1892e+00
1.1756e+00
1.1619e+00
1.1346e+00
1.1346e+00
1.1210e+00
1.1074e+00
1.1074e+00
1.0937e+00
1.0801e+00
1.0664e+00
1.0664e+00
1.0664e+00
1.0664e+00
1.0528e+00
1.0255e+00
1.0118e+00
1.0118e+00
9.9815e-01
9.8450e-01
9.7084e-01
9.7084e-01
9.4354e-01
9.2988e-01
9.1622e-01
9.0257e-01
8.8891e-01
8.8891e-01
8.7525e-01
8.4794e-01
8.3428e-01
8.2062e-01
8.0696e-01
7.6597e-01
7.6597e-01
7.5231e-01
7.3865e-01
7.2498e-01
6.9766e-01
6.8399e-01
6.7032e-01
6.5666e-01
6.4299e-01
6.4299e-01
6.1565e-01
6.0198e-01
5.8832e-01
5.7465e-01
5.4730e-01
5.1996e-01
5.1996e-01
4.9262e-01
4.9262e-01
4.6527e-01
4.5159e-01
4.5159e-01
4.3792e-01
4.2424e-01
3.9689e-01
3.9689e-01
3.8321e-01
3.8321e-01
3.6953e-01
3.4217e-01
3.4217e-01
3.1481e-01
3.0113e-01
2.8745e-01
2.8745e-01
2.7377e-01
2.6008e-01
2.6008e-01
2.3271e-01
2.3271e-01
2.1903e-01
2.0535e-01
1.7797e-01
1.6429e-01
1.5060e-01
1.5060e-01
1.3691e-01
1.0953e-01
9.5843e-02
9.5843e-02
8.2153e-02
6.8462e-02
5.4771e-02
5.4771e-02
4.1079e-02
4.1079e-02
2.7386e-02
1.3693e-02
0000
