7.5300e+00
7.5128e+00
7.5300e+00
7.5128e+00
7.5128e+00
7.5128e+00
7.5128e+00
7.4956e+00
7.4784e+00
7.4784e+00
7.4611e+00
7.4611e+00
7.4611e+00
7.4439e+00
7.4267e+00
7.4267e+00
7.4267e+00
7.4267e+00
7.4267e+00
7.4267e+00
7.4095e+00
7.3923e+00
7.3923e+00
7.3923e+00
7.3750e+00
7.3750e+00
7.3750e+00
7.3578e+00
7.3578e+00
7.3406e+00
7.3406e+00
7.3406e+00
7.3406e+00
7.3406e+00
7.3406e+00
7.3406e+00
7.3234e+00
7.3234e+00
7.3061e+00
7.3061e+00
7.2889e+00
7.2889e+00
7.2889e+00
7.2889e+00
7.2889e+00
7.2717e+00
7.2545e+00
7.2545e+00
7.2545e+00
7.2545e+00
7.2372e+00
7.2372e+00
7.2200e+00
7.2200e+00
7.2028e+00
7.1855e+00
7.1855e+00
7.1683e+00
7.1511e+00
7.1511e+00
7.1338e+00
7.1166e+00
7.1166e+00
7.0994e+00
7.0821e+00
7.0649e+00
7.0649e+00
7.0477e+00
7.0304e+00
7.0132e+00
6.9959e+00
6.9959e+00
6.9787e+00
6.9615e+00
6.9442e+00
6.9442e+00
6.9270e+00
6.9097e+00
6.9097e+00
6.8925e+00
6.8925e+00
6.8925e+00
6.8925e+00
6.8752e+00
6.8580e+00
6.8407e+00
6.8407e+00
6.8235e+00
6.8063e+00
6.8063e+00
6.7890e+00
6.7718e+00
6.7718e+00
6.7718e+00
6.7545e+00
6.7545e+00
6.7372e+00
6.7372e+00
6.7372e+00
6.7200e+00
6.7200e+00
6.7200e+00
6.7200e+00
6.7027e+00
6.7027e+00
6.6855e+00
6.6855e+00
6.6855e+00
6.6682e+00
6.6682e+00
6.6682e+00
6.6682e+00
6.6682e+00
6.6510e+00
6.6510e+00
6.6337e+00
6.6337e+00
6.6337e+00
6.6165e+00
6.6165e+00
6.5992e+00
6.5992e+00
6.5819e+00
6.5819e+00
6.5819e+00
6.5819e+00
6.5647e+00
6.5647e+00
6.5474e+00
6.5302e+00
6.5474e+00
6.5474e+00
6.5302e+00
6.5129e+00
6.4956e+00
6.4956e+00
6.4956e+00
6.4784e+00
6.4784e+00
6.4784e+00
6.4611e+00
6.4438e+00
6.4611e+00
6.4438e+00
6.4438e+00
6.4438e+00
6.4438e+00
6.4266e+00
6.4266e+00
6.4093e+00
6.4093e+00
6.4093e+00
6.4093e+00
6.3920e+00
6.3920e+00
6.3920e+00
6.3920e+00
6.3920e+00
6.3748e+00
6.3748e+00
6.3748e+00
6.3748e+00
6.3748e+00
6.3748e+00
6.3575e+00
6.3748e+00
6.3575e+00
6.3575e+00
6.3402e+00
6.3575e+00
6.3575e+00
6.3575e+00
6.3402e+00
6.3402e+00
6.3402e+00
6.3402e+00
6.3575e+00
6.3402e+00
6.3402e+00
6.3402e+00
6.3402e+00
6.3402e+00
6.3402e+00
6.3402e+00
6.3230e+00
6.3402e+00
6.3402e+00
6.3575e+00
6.3575e+00
6.3575e+00
6.3575e+00
6.3402e+00
6.3575e+00
6.3575e+00
6.3575e+00
6.3575e+00
6.3575e+00
6.3402e+00
6.3402e+00
6.3402e+00
6.3402e+00
6.3402e+00
6.3402e+00
6.3230e+00
6.3230e+00
6.3230e+00
6.3230e+00
6.3402e+00
6.3402e+00
6.3057e+00
6.3230e+00
6.3230e+00
6.3057e+00
6.2884e+00
6.2884e+00
6.2884e+00
6.2884e+00
6.3057e+00
6.2884e+00
6.3057e+00
6.3057e+00
6.3057e+00
6.3230e+00
6.3230e+00
6.3230e+00
6.3230e+00
6.3402e+00
6.3402e+00
6.3402e+00
6.3402e+00
6.3402e+00
6.3402e+00
6.3402e+00
6.3402e+00
6.3402e+00
6.3575e+00
6.3575e+00
6.3575e+00
6.3575e+00
6.3748e+00
6.3748e+00
6.3748e+00
6.3920e+00
6.3748e+00
6.3748e+00
6.3920e+00
6.3748e+00
6.3748e+00
6.3748e+00
6.3920e+00
6.3920e+00
6.3920e+00
6.3920e+00
6.3920e+00
6.3920e+00
6.3920e+00
6.4093e+00
6.4093e+00
6.4093e+00
6.4093e+00
6.4093e+00
6.3920e+00
6.3920e+00
6.3920e+00
6.3748e+00
6.3748e+00
6.3748e+00
6.3748e+00
6.3920e+00
6.3748e+00
6.3748e+00
6.3575e+00
6.3748e+00
6.3748e+00
6.3748e+00
6.3575e+00
6.3575e+00
6.3402e+00
6.3402e+00
6.3230e+00
6.3057e+00
6.3057e+00
6.3057e+00
6.3057e+00
6.3057e+00
6.3057e+00
6.2884e+00
6.2884e+00
6.2884e+00
6.2884e+00
6.2884e+00
6.2711e+00
6.2711e+00
6.2711e+00
6.2711e+00
6.2539e+00
6.2539e+00
6.2539e+00
6.2366e+00
6.2366e+00
6.2366e+00
6.2366e+00
6.2539e+00
6.2539e+00
6.2366e+00
6.2366e+00
6.2539e+00
6.2366e+00
6.2366e+00
6.2366e+00
6.2366e+00
6.2193e+00
6.2020e+00
6.2020e+00
6.2020e+00
6.1675e+00
6.1848e+00
6.1675e+00
6.1675e+00
6.1502e+00
6.1502e+00
6.1329e+00
6.1329e+00
6.1156e+00
6.1156e+00
6.0984e+00
6.0984e+00
6.0811e+00
6.0638e+00
6.0638e+00
6.0465e+00
6.0465e+00
6.0292e+00
6.0119e+00
6.0119e+00
5.9947e+00
5.9947e+00
5.9774e+00
5.9774e+00
5.9774e+00
5.9601e+00
5.9601e+00
5.9428e+00
5.9428e+00
5.9255e+00
5.9082e+00
5.9082e+00
5.8909e+00
5.8909e+00
5.8909e+00
5.8736e+00
5.8563e+00
5.8563e+00
5.8390e+00
5.8390e+00
5.8563e+00
5.8390e+00
5.8390e+00
5.8390e+00
5.8390e+00
5.8390e+00
5.8390e+00
5.8217e+00
5.8217e+00
5.8217e+00
5.8044e+00
5.8044e+00
5.8044e+00
5.8044e+00
5.8044e+00
5.8044e+00
5.8044e+00
5.7871e+00
5.7699e+00
5.7699e+00
5.7699e+00
5.7353e+00
5.7353e+00
5.7180e+00
5.7007e+00
5.7007e+00
5.6834e+00
5.6834e+00
5.6661e+00
5.6661e+00
5.6487e+00
5.6487e+00
5.6314e+00
5.6314e+00
5.6141e+00
5.6141e+00
5.5968e+00
5.5795e+00
5.5795e+00
5.5622e+00
5.5449e+00
5.5449e+00
5.5276e+00
5.5449e+00
5.5276e+00
5.5103e+00
5.5103e+00
5.5103e+00
5.5103e+00
5.4930e+00
5.4930e+00
5.4757e+00
5.4757e+00
5.4584e+00
5.4411e+00
5.4411e+00
5.4411e+00
5.4237e+00
5.4237e+00
5.4237e+00
5.4237e+00
5.4237e+00
5.4237e+00
5.4237e+00
5.4237e+00
5.4237e+00
5.4064e+00
5.3891e+00
5.3891e+00
5.3718e+00
5.3891e+00
5.3718e+00
5.3545e+00
5.3545e+00
5.3545e+00
5.3545e+00
5.3372e+00
5.3545e+00
5.3545e+00
5.3372e+00
5.3545e+00
5.3545e+00
5.3372e+00
5.3198e+00
5.3198e+00
5.3198e+00
5.3198e+00
5.3025e+00
5.3198e+00
5.3198e+00
5.3025e+00
5.2852e+00
5.2852e+00
5.2852e+00
5.2852e+00
5.2852e+00
5.2852e+00
5.2679e+00
5.2679e+00
5.2679e+00
5.2506e+00
5.2506e+00
5.2506e+00
5.2332e+00
5.2332e+00
5.2332e+00
5.2332e+00
5.2332e+00
5.2332e+00
5.2332e+00
5.2159e+00
5.2159e+00
5.2159e+00
5.2159e+00
5.2159e+00
5.2159e+00
5.1986e+00
5.1986e+00
5.1986e+00
5.1813e+00
5.1813e+00
5.1639e+00
5.1639e+00
5.1639e+00
5.1639e+00
5.1639e+00
5.1639e+00
5.1813e+00
5.1639e+00
5.1639e+00
5.1639e+00
5.1466e+00
5.1466e+00
5.1293e+00
5.1293e+00
5.1120e+00
5.1120e+00
5.0946e+00
5.0773e+00
5.0773e+00
5.0600e+00
5.0600e+00
5.0600e+00
5.0600e+00
5.0427e+00
5.0427e+00
5.0253e+00
5.0080e+00
5.0080e+00
4.9907e+00
5.0080e+00
4.9907e+00
4.9733e+00
4.9733e+00
4.9733e+00
4.9733e+00
4.9733e+00
4.9560e+00
4.9560e+00
4.9560e+00
4.9560e+00
4.9560e+00
4.9560e+00
4.9386e+00
4.9386e+00
4.9386e+00
4.9213e+00
4.9040e+00
4.9040e+00
4.9040e+00
4.9040e+00
4.8866e+00
4.8866e+00
4.8866e+00
4.8693e+00
4.8866e+00
4.8693e+00
4.8520e+00
4.8520e+00
4.8520e+00
4.8346e+00
4.8173e+00
4.8173e+00
4.8173e+00
4.8173e+00
4.7999e+00
4.7999e+00
4.7826e+00
4.7652e+00
4.7826e+00
4.7652e+00
4.7652e+00
4.7652e+00
4.7479e+00
4.7306e+00
4.7306e+00
4.7306e+00
4.7132e+00
4.6959e+00
4.6959e+00
4.6785e+00
4.6785e+00
4.6785e+00
4.6785e+00
4.6612e+00
4.6612e+00
4.6612e+00
4.6438e+00
4.6438e+00
4.6265e+00
4.6265e+00
4.6091e+00
4.6091e+00
4.5918e+00
4.5744e+00
4.5744e+00
4.5571e+00
4.5397e+00
4.5571e+00
4.5397e+00
4.5397e+00
4.5397e+00
4.5050e+00
4.5050e+00
4.5050e+00
4.5050e+00
4.4876e+00
4.4876e+00
4.4703e+00
4.4529e+00
4.4529e+00
4.4356e+00
4.4356e+00
4.4182e+00
4.4182e+00
4.4182e+00
4.4008e+00
4.3835e+00
4.3835e+00
4.3661e+00
4.3488e+00
4.3314e+00
4.3314e+00
4.3140e+00
4.2967e+00
4.2793e+00
4.2619e+00
4.2619e+00
4.2619e+00
4.2446e+00
4.2272e+00
4.2272e+00
4.2098e+00
4.2098e+00
4.2098e+00
4.1924e+00
4.1751e+00
4.1751e+00
4.1751e+00
4.1577e+00
4.1403e+00
4.1230e+00
4.1230e+00
4.1056e+00
4.1056e+00
4.0882e+00
4.0882e+00
4.0882e+00
4.0882e+00
4.0882e+00
4.0708e+00
4.0708e+00
4.0708e+00
4.0708e+00
4.0708e+00
4.0535e+00
4.0535e+00
4.0535e+00
4.0361e+00
4.0361e+00
4.0361e+00
4.0361e+00
4.0187e+00
4.0187e+00
4.0187e+00
4.0187e+00
4.0187e+00
4.0187e+00
4.0013e+00
4.0013e+00
4.0013e+00
3.9839e+00
4.0013e+00
3.9839e+00
3.9666e+00
3.9666e+00
3.9666e+00
3.9666e+00
3.9666e+00
3.9666e+00
3.9666e+00
3.9492e+00
3.9492e+00
3.9666e+00
3.9492e+00
3.9492e+00
3.9492e+00
3.9492e+00
3.9492e+00
3.9318e+00
3.9318e+00
3.9318e+00
3.9144e+00
3.9318e+00
3.9144e+00
3.9144e+00
3.9144e+00
3.9144e+00
3.9144e+00
3.9144e+00
3.8970e+00
3.8970e+00
3.8970e+00
3.8970e+00
3.8970e+00
3.8796e+00
3.8796e+00
3.8623e+00
3.8796e+00
3.8796e+00
3.8623e+00
3.8623e+00
3.8623e+00
3.8623e+00
3.8623e+00
3.8623e+00
3.8623e+00
3.8623e+00
3.8623e+00
3.8449e+00
3.8449e+00
3.8275e+00
3.8275e+00
3.8275e+00
3.8275e+00
3.8101e+00
3.8101e+00
3.8101e+00
3.8101e+00
3.8101e+00
3.8101e+00
3.8101e+00
3.8101e+00
3.7927e+00
3.7927e+00
3.8101e+00
3.8101e+00
3.7927e+00
3.7927e+00
3.7927e+00
3.7927e+00
3.7927e+00
3.7753e+00
3.7753e+00
3.7753e+00
3.7579e+00
3.7579e+00
3.7753e+00
3.7579e+00
3.7579e+00
3.7579e+00
3.7579e+00
3.7405e+00
3.7405e+00
3.7405e+00
3.7405e+00
3.7405e+00
3.7405e+00
3.7231e+00
3.7231e+00
3.7231e+00
3.7231e+00
3.7231e+00
3.7231e+00
3.7057e+00
3.7057e+00
3.7057e+00
3.7057e+00
3.7231e+00
3.7057e+00
3.7057e+00
3.7057e+00
3.7057e+00
3.7057e+00
3.6884e+00
3.6884e+00
3.6884e+00
3.7057e+00
3.6884e+00
3.6884e+00
3.6710e+00
3.6710e+00
3.6710e+00
3.6710e+00
3.6710e+00
3.6536e+00
3.6710e+00
3.6710e+00
3.6536e+00
3.6536e+00
3.6536e+00
3.6536e+00
3.6362e+00
3.6188e+00
3.6362e+00
3.6362e+00
3.6362e+00
3.6362e+00
3.6188e+00
3.6188e+00
3.6014e+00
3.6014e+00
3.6014e+00
3.6014e+00
3.6014e+00
3.6014e+00
3.6014e+00
3.6014e+00
3.6014e+00
3.6014e+00
3.6014e+00
3.6014e+00
3.5840e+00
3.5840e+00
3.5666e+00
3.5840e+00
3.5840e+00
3.5666e+00
3.5666e+00
3.5666e+00
3.5666e+00
3.5666e+00
3.5666e+00
3.5666e+00
3.5492e+00
3.5666e+00
3.5492e+00
3.5492e+00
3.5666e+00
3.5492e+00
3.5318e+00
3.5318e+00
3.5318e+00
3.5318e+00
3.5318e+00
3.5318e+00
3.5318e+00
3.5318e+00
3.5318e+00
3.5318e+00
3.5318e+00
3.5318e+00
3.5318e+00
3.5144e+00
3.5144e+00
3.5144e+00
3.5144e+00
3.5144e+00
3.5144e+00
3.4970e+00
3.4970e+00
3.4970e+00
3.5144e+00
3.4970e+00
3.4796e+00
3.4970e+00
3.4970e+00
3.4970e+00
3.4970e+00
3.5144e+00
3.4970e+00
3.4970e+00
3.4970e+00
3.4970e+00
3.4970e+00
3.4796e+00
3.4970e+00
3.4970e+00
3.4970e+00
3.4970e+00
3.4970e+00
3.4970e+00
3.4970e+00
3.4970e+00
3.4970e+00
3.4970e+00
3.4970e+00
3.4970e+00
3.4970e+00
3.4796e+00
3.4970e+00
3.4796e+00
3.4796e+00
3.4796e+00
3.4622e+00
3.4622e+00
3.4622e+00
3.4622e+00
3.4622e+00
3.4622e+00
3.4622e+00
3.4622e+00
3.4448e+00
3.4448e+00
3.4273e+00
3.4448e+00
3.4273e+00
3.4099e+00
3.4099e+00
3.4099e+00
3.4099e+00
3.4099e+00
3.3925e+00
3.4099e+00
3.3925e+00
3.3925e+00
3.3751e+00
3.3751e+00
3.3751e+00
3.3751e+00
3.3577e+00
3.3403e+00
3.3403e+00
3.3403e+00
3.3403e+00
3.3229e+00
3.3229e+00
3.3229e+00
3.3229e+00
3.3229e+00
3.3055e+00
3.3055e+00
3.2881e+00
3.2881e+00
3.2881e+00
3.2881e+00
3.2707e+00
3.2707e+00
3.2707e+00
3.2707e+00
3.2532e+00
3.2532e+00
3.2532e+00
3.2532e+00
3.2532e+00
3.2358e+00
3.2358e+00
3.2358e+00
3.2358e+00
3.2358e+00
3.2358e+00
3.2358e+00
3.2358e+00
3.2358e+00
3.2358e+00
3.2358e+00
3.2358e+00
3.2184e+00
3.2358e+00
3.2358e+00
3.2358e+00
3.2358e+00
3.2358e+00
3.2532e+00
3.2532e+00
3.2532e+00
3.2532e+00
3.2532e+00
3.2532e+00
3.2532e+00
3.2532e+00
3.2532e+00
3.2707e+00
3.2532e+00
3.2532e+00
3.2532e+00
3.2532e+00
3.2707e+00
3.2532e+00
3.2532e+00
3.2707e+00
3.2707e+00
3.3055e+00
3.3055e+00
3.3403e+00
3.3403e+00
3.3403e+00
3.3403e+00
3.3403e+00
3.3403e+00
3.3403e+00
3.3229e+00
3.3403e+00
3.3403e+00
3.3403e+00
3.3403e+00
3.3403e+00
3.3403e+00
3.3403e+00
3.3403e+00
3.3403e+00
3.3403e+00
3.3403e+00
3.3229e+00
3.3229e+00
3.3229e+00
3.3229e+00
3.3229e+00
3.3229e+00
3.3229e+00
3.3055e+00
3.3229e+00
3.3055e+00
3.3055e+00
3.2881e+00
3.2707e+00
3.2881e+00
3.2881e+00
3.2881e+00
3.2707e+00
3.2707e+00
3.2532e+00
3.2532e+00
3.2532e+00
3.2532e+00
3.2707e+00
3.2532e+00
3.2532e+00
3.2532e+00
3.2532e+00
3.2358e+00
3.2184e+00
3.2358e+00
3.2184e+00
3.2184e+00
3.2010e+00
3.2010e+00
3.2010e+00
3.2010e+00
3.2010e+00
3.2010e+00
3.1836e+00
3.1836e+00
3.1836e+00
3.1836e+00
3.1836e+00
3.1662e+00
3.1662e+00
3.1487e+00
3.1487e+00
3.1487e+00
3.1487e+00
3.1313e+00
3.1313e+00
3.1313e+00
3.1313e+00
3.1313e+00
3.1313e+00
3.1313e+00
3.1313e+00
3.1139e+00
3.1139e+00
3.1139e+00
3.1139e+00
3.1139e+00
3.1139e+00
3.0965e+00
3.0965e+00
3.0965e+00
3.0965e+00
3.0965e+00
3.0965e+00
3.0965e+00
3.0791e+00
3.0791e+00
3.0791e+00
3.0616e+00
3.0791e+00
3.0616e+00
3.0616e+00
3.0616e+00
3.0616e+00
3.0442e+00
3.0442e+00
3.0442e+00
3.0442e+00
3.0268e+00
3.0268e+00
3.0268e+00
3.0268e+00
3.0268e+00
3.0268e+00
3.0094e+00
3.0094e+00
3.0094e+00
3.0094e+00
3.0094e+00
3.0094e+00
3.0094e+00
2.9919e+00
2.9919e+00
2.9919e+00
2.9745e+00
2.9745e+00
2.9745e+00
2.9745e+00
2.9745e+00
2.9745e+00
2.9745e+00
2.9745e+00
2.9745e+00
2.9571e+00
2.9571e+00
2.9396e+00
2.9396e+00
2.9396e+00
2.9396e+00
2.9396e+00
2.9396e+00
2.9396e+00
2.9222e+00
2.9222e+00
2.9222e+00
2.9222e+00
2.9222e+00
2.9222e+00
2.9048e+00
2.9048e+00
2.9048e+00
2.9048e+00
2.8874e+00
2.8874e+00
2.8874e+00
2.8874e+00
2.8874e+00
2.8874e+00
2.8874e+00
2.8699e+00
2.8699e+00
2.8874e+00
2.8699e+00
2.8699e+00
2.8699e+00
2.8699e+00
2.8525e+00
2.8525e+00
2.8525e+00
2.8351e+00
2.8525e+00
2.8351e+00
2.8351e+00
2.8176e+00
2.8351e+00
2.8351e+00
2.8176e+00
2.8351e+00
2.8176e+00
2.8176e+00
2.8002e+00
2.8002e+00
2.8002e+00
2.8002e+00
2.8002e+00
2.7827e+00
2.8002e+00
2.8002e+00
2.8002e+00
2.8002e+00
2.7827e+00
2.8002e+00
2.7827e+00
2.7827e+00
2.7827e+00
2.7827e+00
2.7653e+00
2.7827e+00
2.7653e+00
2.7653e+00
2.7653e+00
2.7479e+00
2.7479e+00
2.7479e+00
2.7479e+00
2.7479e+00
2.7479e+00
2.7479e+00
2.7479e+00
2.7479e+00
2.7304e+00
2.7304e+00
2.7304e+00
2.7304e+00
2.7304e+00
2.7130e+00
2.7130e+00
2.7130e+00
2.6956e+00
2.6956e+00
2.6781e+00
2.6781e+00
2.6781e+00
2.6956e+00
2.6781e+00
2.6781e+00
2.6607e+00
2.6781e+00
2.6781e+00
2.6781e+00
2.6607e+00
2.6607e+00
2.6432e+00
2.6432e+00
2.6432e+00
2.6258e+00
2.6258e+00
2.6258e+00
2.6258e+00
2.6258e+00
2.6083e+00
2.6083e+00
2.6083e+00
2.6083e+00
2.5909e+00
2.5909e+00
2.5909e+00
2.5735e+00
2.5735e+00
2.5560e+00
2.5386e+00
2.5386e+00
2.5386e+00
2.5211e+00
2.5211e+00
2.5211e+00
2.5211e+00
2.5211e+00
2.5037e+00
2.5037e+00
2.4862e+00
2.4862e+00
2.4862e+00
2.4688e+00
2.4688e+00
2.4513e+00
2.4513e+00
2.4339e+00
2.4339e+00
2.4339e+00
2.4339e+00
2.4339e+00
2.4164e+00
2.4164e+00
2.3989e+00
2.3989e+00
2.3815e+00
2.3815e+00
2.3815e+00
2.3640e+00
2.3640e+00
2.3466e+00
2.3466e+00
2.3291e+00
2.3291e+00
2.3291e+00
2.3117e+00
2.3117e+00
2.3117e+00
2.3117e+00
2.3117e+00
2.3117e+00
2.2942e+00
2.2942e+00
2.2942e+00
2.2942e+00
2.2767e+00
2.2767e+00
2.2767e+00
2.2767e+00
2.2593e+00
2.2767e+00
2.2767e+00
2.2593e+00
2.2593e+00
2.2593e+00
2.2593e+00
2.2593e+00
2.2418e+00
2.2418e+00
2.2244e+00
2.2244e+00
2.2244e+00
2.2069e+00
2.2069e+00
2.2069e+00
2.1894e+00
2.2069e+00
2.2069e+00
2.1894e+00
2.1894e+00
2.2069e+00
2.1894e+00
2.1894e+00
2.1894e+00
2.1720e+00
2.1720e+00
2.1545e+00
2.1545e+00
2.1720e+00
2.1720e+00
2.1545e+00
2.1545e+00
2.1545e+00
2.1545e+00
2.1545e+00
2.1545e+00
2.1545e+00
2.1545e+00
2.1545e+00
2.1370e+00
2.1545e+00
2.1545e+00
2.1370e+00
2.1370e+00
2.1370e+00
2.1370e+00
2.1370e+00
2.1370e+00
2.1370e+00
2.1370e+00
2.1196e+00
2.1370e+00
2.1370e+00
2.1370e+00
2.1370e+00
2.1370e+00
2.1370e+00
2.1370e+00
2.1370e+00
2.1370e+00
2.1370e+00
2.1370e+00
2.1370e+00
2.1370e+00
2.1545e+00
2.1545e+00
2.1545e+00
2.1720e+00
2.1720e+00
2.1720e+00
2.1720e+00
2.1720e+00
2.1545e+00
2.1720e+00
2.1545e+00
2.1720e+00
2.1545e+00
2.1545e+00
2.1545e+00
2.1720e+00
2.1720e+00
2.1545e+00
2.1545e+00
2.1545e+00
2.1545e+00
2.1545e+00
2.1545e+00
2.1545e+00
2.1545e+00
2.1545e+00
2.1545e+00
2.1545e+00
2.1545e+00
2.1720e+00
2.1545e+00
2.1545e+00
2.1545e+00
2.1720e+00
2.1545e+00
2.1545e+00
2.1720e+00
2.1720e+00
2.1720e+00
2.1545e+00
2.1545e+00
2.1545e+00
2.1545e+00
2.1545e+00
2.1545e+00
2.1545e+00
2.1545e+00
2.1720e+00
2.1720e+00
2.1720e+00
2.1720e+00
2.1545e+00
2.1720e+00
2.1720e+00
2.1894e+00
2.1720e+00
2.1720e+00
2.1720e+00
2.1720e+00
2.1720e+00
2.1720e+00
2.1894e+00
2.1720e+00
2.1720e+00
2.1720e+00
2.1720e+00
2.1720e+00
2.1720e+00
2.1720e+00
2.1720e+00
2.1720e+00
2.1720e+00
2.1720e+00
2.1720e+00
2.1720e+00
2.1720e+00
2.1720e+00
2.1545e+00
2.1720e+00
2.1720e+00
2.1720e+00
2.1720e+00
2.1720e+00
2.1720e+00
2.1720e+00
2.1720e+00
2.1720e+00
2.1720e+00
2.1545e+00
2.1545e+00
2.1370e+00
2.1545e+00
2.1545e+00
2.1370e+00
2.1370e+00
2.1370e+00
2.1370e+00
2.1370e+00
2.1196e+00
2.1196e+00
2.1370e+00
2.1196e+00
2.1196e+00
2.1196e+00
2.1196e+00
2.1196e+00
2.1370e+00
2.1196e+00
2.1021e+00
2.1021e+00
2.0846e+00
2.1021e+00
2.1021e+00
2.1021e+00
2.1021e+00
2.0846e+00
2.0846e+00
2.0846e+00
2.0846e+00
2.0672e+00
2.0672e+00
2.0672e+00
2.0497e+00
2.0497e+00
2.0322e+00
2.0322e+00
2.0322e+00
2.0322e+00
2.0322e+00
2.0322e+00
2.0322e+00
2.0322e+00
2.0322e+00
2.0322e+00
2.0147e+00
2.0147e+00
2.0147e+00
2.0147e+00
2.0147e+00
1.9973e+00
1.9973e+00
1.9973e+00
1.9973e+00
1.9798e+00
1.9798e+00
1.9798e+00
1.9798e+00
1.9623e+00
1.9798e+00
1.9798e+00
1.9798e+00
1.9798e+00
1.9798e+00
1.9623e+00
1.9623e+00
1.9623e+00
1.9449e+00
1.9449e+00
1.9274e+00
1.9449e+00
1.9449e+00
1.9274e+00
1.9449e+00
1.9274e+00
1.9274e+00
1.9099e+00
1.9099e+00
1.9099e+00
1.8924e+00
1.8924e+00
1.8924e+00
1.8924e+00
1.8924e+00
1.8749e+00
1.8575e+00
1.8575e+00
1.8400e+00
1.8400e+00
1.8225e+00
1.8225e+00
1.8225e+00
1.8050e+00
1.8050e+00
1.7875e+00
1.7875e+00
1.7701e+00
1.7526e+00
1.7526e+00
1.7351e+00
1.7176e+00
1.7001e+00
1.7001e+00
1.6826e+00
1.6826e+00
1.6651e+00
1.6651e+00
1.6651e+00
1.6476e+00
1.6302e+00
1.6127e+00
1.6127e+00
1.6127e+00
1.5777e+00
1.5777e+00
1.5602e+00
1.5602e+00
1.5427e+00
1.5252e+00
1.5077e+00
1.5077e+00
1.5077e+00
1.4902e+00
1.4902e+00
1.4727e+00
1.4727e+00
1.4552e+00
1.4552e+00
1.4377e+00
1.4202e+00
1.4202e+00
1.4027e+00
1.4027e+00
1.3852e+00
1.3677e+00
1.3677e+00
1.3502e+00
1.3502e+00
1.3502e+00
1.3502e+00
1.3502e+00
1.3502e+00
1.3327e+00
1.3327e+00
1.3152e+00
1.2977e+00
1.2977e+00
1.2977e+00
1.2802e+00
1.2802e+00
1.2627e+00
1.2627e+00
1.2452e+00
1.2627e+00
1.2452e+00
1.2452e+00
1.2452e+00
1.2452e+00
1.2452e+00
1.2277e+00
1.2277e+00
1.2277e+00
1.2277e+00
1.2101e+00
1.2101e+00
1.2101e+00
1.1926e+00
1.1926e+00
1.1926e+00
1.1926e+00
1.1926e+00
1.1926e+00
1.1926e+00
1.1751e+00
1.1751e+00
1.1751e+00
1.1751e+00
1.1751e+00
1.1751e+00
1.1576e+00
1.1576e+00
1.1576e+00
1.1576e+00
1.1576e+00
1.1576e+00
1.1576e+00
1.1751e+00
1.1751e+00
1.1576e+00
1.1751e+00
1.1751e+00
1.1576e+00
1.1576e+00
1.1576e+00
1.1576e+00
1.1576e+00
1.1576e+00
1.1401e+00
1.1401e+00
1.1401e+00
1.1226e+00
1.1226e+00
1.1051e+00
1.1051e+00
1.1051e+00
1.1051e+00
1.0876e+00
1.0700e+00
1.0700e+00
1.0525e+00
1.0350e+00
1.0175e+00
1.0175e+00
9.9997e-01
9.8245e-01
9.6493e-01
9.6493e-01
9.6493e-01
9.4741e-01
9.4741e-01
9.4741e-01
9.4741e-01
9.2988e-01
9.2988e-01
9.2988e-01
9.1236e-01
9.1236e-01
8.9483e-01
9.1236e-01
8.9483e-01
8.7731e-01
8.7731e-01
8.7731e-01
8.7731e-01
8.5978e-01
8.5978e-01
8.4226e-01
8.5978e-01
8.4226e-01
8.4226e-01
8.2473e-01
8.2473e-01
8.0720e-01
8.0720e-01
8.0720e-01
8.0720e-01
7.8967e-01
7.8967e-01
7.8967e-01
7.7214e-01
7.5461e-01
7.5461e-01
7.5461e-01
7.5461e-01
7.5461e-01
7.5461e-01
7.5461e-01
7.3708e-01
7.3708e-01
7.3708e-01
7.3708e-01
7.1955e-01
7.0201e-01
7.0201e-01
7.0201e-01
7.0201e-01
6.8448e-01
7.0201e-01
6.8448e-01
7.0201e-01
6.8448e-01
6.8448e-01
6.8448e-01
6.8448e-01
6.6694e-01
6.4941e-01
6.6694e-01
6.4941e-01
6.3187e-01
6.4941e-01
6.3187e-01
6.3187e-01
6.3187e-01
6.3187e-01
6.1433e-01
6.3187e-01
6.3187e-01
6.1433e-01
6.1433e-01
6.1433e-01
5.9679e-01
5.9679e-01
5.9679e-01
5.9679e-01
5.9679e-01
5.9679e-01
5.7925e-01
5.7925e-01
5.7925e-01
5.7925e-01
5.6171e-01
5.7925e-01
5.6171e-01
5.4417e-01
5.4417e-01
5.2663e-01
5.2663e-01
5.2663e-01
5.0909e-01
4.9155e-01
4.9155e-01
4.7400e-01
4.7400e-01
4.7400e-01
4.5646e-01
4.5646e-01
4.5646e-01
4.3891e-01
4.3891e-01
4.2136e-01
4.2136e-01
4.0382e-01
4.0382e-01
4.0382e-01
4.0382e-01
4.0382e-01
3.8627e-01
3.8627e-01
3.8627e-01
3.6872e-01
3.6872e-01
3.6872e-01
3.6872e-01
3.6872e-01
3.6872e-01
3.6872e-01
3.5117e-01
3.6872e-01
3.6872e-01
3.5117e-01
3.5117e-01
3.5117e-01
3.5117e-01
3.5117e-01
3.5117e-01
3.3362e-01
3.5117e-01
3.5117e-01
3.3362e-01
3.3362e-01
3.3362e-01
3.5117e-01
3.3362e-01
3.3362e-01
3.1607e-01
3.1607e-01
3.3362e-01
3.1607e-01
3.1607e-01
3.1607e-01
3.1607e-01
3.1607e-01
3.1607e-01
3.3362e-01
3.1607e-01
3.1607e-01
3.1607e-01
3.3362e-01
3.3362e-01
3.1607e-01
3.1607e-01
3.1607e-01
3.1607e-01
3.1607e-01
3.1607e-01
2.9852e-01
2.9852e-01
3.1607e-01
2.9852e-01
3.1607e-01
3.1607e-01
3.1607e-01
3.1607e-01
3.1607e-01
2.9852e-01
2.9852e-01
2.9852e-01
2.9852e-01
2.9852e-01
2.9852e-01
2.8096e-01
2.8096e-01
2.8096e-01
2.8096e-01
2.8096e-01
2.8096e-01
2.8096e-01
2.9852e-01
2.8096e-01
2.8096e-01
2.8096e-01
2.8096e-01
2.8096e-01
2.6341e-01
2.6341e-01
2.6341e-01
2.4585e-01
2.6341e-01
2.6341e-01
2.6341e-01
2.6341e-01
2.6341e-01
2.4585e-01
2.4585e-01
2.4585e-01
2.4585e-01
2.4585e-01
2.4585e-01
2.2830e-01
2.2830e-01
2.2830e-01
2.2830e-01
2.2830e-01
2.2830e-01
2.1074e-01
2.1074e-01
2.1074e-01
2.1074e-01
2.1074e-01
1.9318e-01
1.9318e-01
1.7563e-01
1.7563e-01
1.9318e-01
1.7563e-01
1.7563e-01
1.5807e-01
1.5807e-01
1.5807e-01
1.5807e-01
1.4051e-01
1.4051e-01
1.4051e-01
1.4051e-01
1.2295e-01
1.2295e-01
1.2295e-01
1.2295e-01
1.0539e-01
1.0539e-01
1.0539e-01
1.0539e-01
1.0539e-01
8.7823e-02
8.7823e-02
7.0260e-02
7.0260e-02
7.0260e-02
5.2696e-02
7.0260e-02
7.0260e-02
7.0260e-02
7.0260e-02
5.2696e-02
5.2696e-02
5.2696e-02
5.2696e-02
3.5132e-02
3.5132e-02
3.5132e-02
3.5132e-02
3.5132e-02
3.5132e-02
3.5132e-02
1.7566e-02
3.5132e-02
3.5132e-02
1.7566e-02
1.7566e-02
3.5132e-02
1.7566e-02
1.7566e-02
1.7566e-02
1.7566e-02
1.7566e-02
0000
0000
1.7566e-02
1.7566e-02
1.7566e-02
1.7566e-02
1.7566e-02
1.7566e-02
1.7566e-02
1.7566e-02
1.7566e-02
1.7566e-02
3.5132e-02
1.7566e-02
1.7566e-02
1.7566e-02
1.7566e-02
1.7566e-02
0000
0000
1.7566e-02
1.7566e-02
1.7566e-02
1.7566e-02
1.7566e-02
1.7566e-02
1.7566e-02
1.7566e-02
1.7566e-02
1.7566e-02
1.7566e-02
1.7566e-02
1.7566e-02
1.7566e-02
1.7566e-02
1.7566e-02
0000
1.7566e-02
