3.8906e+01
3.8864e+01
3.8836e+01
3.8808e+01
3.8766e+01
3.8738e+01
3.8696e+01
3.8654e+01
3.8626e+01
3.8598e+01
3.8570e+01
3.8542e+01
3.8514e+01
3.8486e+01
3.8458e+01
3.8416e+01
3.8374e+01
3.8360e+01
3.8332e+01
3.8290e+01
3.8262e+01
3.8220e+01
3.8178e+01
3.8150e+01
3.8108e+01
3.8066e+01
3.8024e+01
3.7996e+01
3.7954e+01
3.7926e+01
3.7884e+01
3.7856e+01
3.7828e+01
3.7786e+01
3.7744e+01
3.7715e+01
3.7687e+01
3.7645e+01
3.7617e+01
3.7589e+01
3.7561e+01
3.7533e+01
3.7491e+01
3.7463e+01
3.7435e+01
3.7407e+01
3.7365e+01
3.7351e+01
3.7322e+01
3.7280e+01
3.7252e+01
3.7224e+01
3.7168e+01
3.7140e+01
3.7112e+01
3.7070e+01
3.7027e+01
3.6999e+01
3.6971e+01
3.6943e+01
3.6915e+01
3.6887e+01
3.6859e+01
3.6816e+01
3.6774e+01
3.6746e+01
3.6718e+01
3.6690e+01
3.6648e+01
3.6619e+01
3.6591e+01
3.6563e+01
3.6535e+01
3.6493e+01
3.6479e+01
3.6465e+01
3.6408e+01
3.6394e+01
3.6366e+01
3.6324e+01
3.6310e+01
3.6281e+01
3.6239e+01
3.6197e+01
3.6169e+01
3.6126e+01
3.6126e+01
3.6084e+01
3.6056e+01
3.6042e+01
3.6014e+01
3.5999e+01
3.5985e+01
3.5971e+01
3.5957e+01
3.5943e+01
3.5943e+01
3.5929e+01
3.5943e+01
3.5929e+01
3.5943e+01
3.5943e+01
3.5971e+01
3.5971e+01
3.5999e+01
3.5999e+01
3.6042e+01
3.6056e+01
3.6098e+01
3.6112e+01
3.6155e+01
3.6183e+01
3.6225e+01
3.6239e+01
3.6295e+01
3.6324e+01
3.6366e+01
3.6380e+01
3.6436e+01
3.6465e+01
3.6507e+01
3.6535e+01
3.6577e+01
3.6605e+01
3.6648e+01
3.6676e+01
3.6718e+01
3.6746e+01
3.6788e+01
3.6830e+01
3.6873e+01
3.6915e+01
3.6957e+01
3.6971e+01
3.7013e+01
3.7055e+01
3.7084e+01
3.7112e+01
3.7126e+01
3.7140e+01
3.7154e+01
3.7168e+01
3.7182e+01
3.7196e+01
3.7196e+01
3.7210e+01
3.7210e+01
3.7210e+01
3.7210e+01
3.7210e+01
3.7210e+01
3.7210e+01
3.7196e+01
3.7196e+01
3.7168e+01
3.7168e+01
3.7140e+01
3.7140e+01
3.7098e+01
3.7084e+01
3.7055e+01
3.7027e+01
3.6999e+01
3.6985e+01
3.6943e+01
3.6901e+01
3.6859e+01
3.6830e+01
3.6802e+01
3.6774e+01
3.6732e+01
3.6704e+01
3.6676e+01
3.6633e+01
3.6605e+01
3.6577e+01
3.6549e+01
3.6521e+01
3.6493e+01
3.6479e+01
3.6465e+01
3.6436e+01
3.6436e+01
3.6422e+01
3.6422e+01
3.6422e+01
3.6408e+01
3.6394e+01
3.6394e+01
3.6394e+01
3.6380e+01
3.6380e+01
3.6394e+01
3.6394e+01
3.6380e+01
3.6366e+01
3.6380e+01
3.6380e+01
3.6352e+01
3.6352e+01
3.6366e+01
3.6366e+01
3.6352e+01
3.6352e+01
3.6338e+01
3.6338e+01
3.6324e+01
3.6324e+01
3.6310e+01
3.6281e+01
3.6267e+01
3.6239e+01
3.6211e+01
3.6211e+01
3.6197e+01
3.6169e+01
3.6140e+01
3.6126e+01
3.6098e+01
3.6084e+01
3.6042e+01
3.6014e+01
3.5985e+01
3.5957e+01
3.5915e+01
3.5887e+01
3.5858e+01
3.5816e+01
3.5788e+01
3.5746e+01
3.5703e+01
3.5675e+01
3.5633e+01
3.5619e+01
3.5562e+01
3.5534e+01
3.5491e+01
3.5463e+01
3.5421e+01
3.5393e+01
3.5350e+01
3.5308e+01
3.5280e+01
3.5251e+01
3.5209e+01
3.5166e+01
3.5152e+01
3.5110e+01
3.5082e+01
3.5039e+01
3.5011e+01
3.4997e+01
3.4968e+01
3.4926e+01
3.4898e+01
3.4869e+01
3.4855e+01
3.4813e+01
3.4799e+01
3.4756e+01
3.4728e+01
3.4714e+01
3.4685e+01
3.4643e+01
3.4629e+01
3.4615e+01
3.4586e+01
3.4572e+01
3.4544e+01
3.4516e+01
3.4501e+01
3.4459e+01
3.4445e+01
3.4416e+01
3.4388e+01
3.4360e+01
3.4331e+01
3.4317e+01
3.4303e+01
3.4260e+01
3.4232e+01
3.4204e+01
3.4175e+01
3.4161e+01
3.4119e+01
3.4076e+01
3.4062e+01
3.4019e+01
3.3991e+01
3.3948e+01
3.3934e+01
3.3892e+01
3.3849e+01
3.3835e+01
3.3792e+01
3.3764e+01
3.3736e+01
3.3707e+01
3.3665e+01
3.3622e+01
3.3594e+01
3.3551e+01
3.3523e+01
3.3494e+01
3.3452e+01
3.3409e+01
3.3395e+01
3.3352e+01
3.3309e+01
3.3267e+01
3.3238e+01
3.3224e+01
3.3196e+01
3.3167e+01
3.3125e+01
3.3096e+01
3.3053e+01
3.3011e+01
3.2982e+01
3.2940e+01
3.2897e+01
3.2868e+01
3.2840e+01
3.2797e+01
3.2769e+01
3.2726e+01
3.2683e+01
3.2655e+01
3.2626e+01
3.2598e+01
3.2555e+01
3.2527e+01
3.2484e+01
3.2455e+01
3.2427e+01
3.2398e+01
3.2370e+01
3.2313e+01
3.2284e+01
3.2256e+01
3.2227e+01
3.2199e+01
3.2170e+01
3.2142e+01
3.2085e+01
3.2070e+01
3.2028e+01
3.1985e+01
3.1956e+01
3.1913e+01
3.1885e+01
3.1842e+01
3.1799e+01
3.1771e+01
3.1742e+01
3.1714e+01
3.1671e+01
3.1628e+01
3.1599e+01
3.1571e+01
3.1514e+01
3.1485e+01
3.1442e+01
3.1414e+01
3.1371e+01
3.1328e+01
3.1299e+01
3.1256e+01
3.1228e+01
3.1185e+01
3.1156e+01
3.1113e+01
3.1070e+01
3.1056e+01
3.1013e+01
3.0984e+01
3.0941e+01
3.0899e+01
3.0856e+01
3.0813e+01
3.0770e+01
3.0741e+01
3.0698e+01
3.0655e+01
3.0612e+01
3.0583e+01
3.0555e+01
3.0526e+01
3.0483e+01
3.0454e+01
3.0411e+01
3.0383e+01
3.0340e+01
3.0311e+01
3.0268e+01
3.0254e+01
3.0211e+01
3.0153e+01
3.0125e+01
3.0096e+01
3.0067e+01
3.0024e+01
2.9995e+01
2.9952e+01
2.9924e+01
2.9881e+01
2.9866e+01
2.9837e+01
2.9794e+01
2.9766e+01
2.9737e+01
2.9708e+01
2.9679e+01
2.9651e+01
2.9622e+01
2.9593e+01
2.9564e+01
2.9521e+01
2.9507e+01
2.9478e+01
2.9449e+01
2.9435e+01
2.9421e+01
2.9406e+01
2.9392e+01
2.9363e+01
2.9349e+01
2.9334e+01
2.9320e+01
2.9291e+01
2.9277e+01
2.9262e+01
2.9262e+01
2.9234e+01
2.9234e+01
2.9219e+01
2.9205e+01
2.9205e+01
2.9191e+01
2.9176e+01
2.9176e+01
2.9162e+01
2.9147e+01
2.9133e+01
2.9119e+01
2.9104e+01
2.9075e+01
2.9075e+01
2.9061e+01
2.9032e+01
2.9018e+01
2.9003e+01
2.8989e+01
2.8975e+01
2.8946e+01
2.8917e+01
2.8903e+01
2.8874e+01
2.8845e+01
2.8831e+01
2.8802e+01
2.8773e+01
2.8744e+01
2.8701e+01
2.8672e+01
2.8643e+01
2.8600e+01
2.8586e+01
2.8557e+01
2.8514e+01
2.8485e+01
2.8456e+01
2.8413e+01
2.8369e+01
2.8341e+01
2.8312e+01
2.8254e+01
2.8225e+01
2.8182e+01
2.8139e+01
2.8110e+01
2.8066e+01
2.8023e+01
2.7965e+01
2.7936e+01
2.7893e+01
2.7850e+01
2.7821e+01
2.7763e+01
2.7734e+01
2.7691e+01
2.7647e+01
2.7619e+01
2.7575e+01
2.7546e+01
2.7488e+01
2.7445e+01
2.7431e+01
2.7387e+01
2.7344e+01
2.7300e+01
2.7271e+01
2.7228e+01
2.7199e+01
2.7170e+01
2.7141e+01
2.7112e+01
2.7054e+01
2.7025e+01
2.6996e+01
2.6982e+01
2.6924e+01
2.6909e+01
2.6880e+01
2.6866e+01
2.6837e+01
2.6808e+01
2.6779e+01
2.6765e+01
2.6736e+01
2.6721e+01
2.6707e+01
2.6692e+01
2.6678e+01
2.6649e+01
2.6620e+01
2.6605e+01
2.6576e+01
2.6547e+01
2.6533e+01
2.6504e+01
2.6489e+01
2.6460e+01
2.6417e+01
2.6417e+01
2.6388e+01
2.6373e+01
2.6344e+01
2.6315e+01
2.6286e+01
2.6257e+01
2.6228e+01
2.6213e+01
2.6184e+01
2.6155e+01
2.6126e+01
2.6112e+01
2.6083e+01
2.6054e+01
2.6025e+01
2.5996e+01
2.5996e+01
2.5952e+01
2.5923e+01
2.5908e+01
2.5879e+01
2.5836e+01
2.5821e+01
2.5792e+01
2.5749e+01
2.5720e+01
2.5690e+01
2.5661e+01
2.5632e+01
2.5589e+01
2.5574e+01
2.5545e+01
2.5530e+01
2.5501e+01
2.5472e+01
2.5443e+01
2.5414e+01
2.5400e+01
2.5370e+01
2.5341e+01
2.5312e+01
2.5283e+01
2.5269e+01
2.5239e+01
2.5225e+01
2.5181e+01
2.5167e+01
2.5152e+01
2.5123e+01
2.5079e+01
2.5065e+01
2.5036e+01
2.5006e+01
2.4977e+01
2.4948e+01
2.4919e+01
2.4875e+01
2.4846e+01
2.4832e+01
2.4788e+01
2.4773e+01
2.4744e+01
2.4730e+01
2.4686e+01
2.4657e+01
2.4628e+01
2.4613e+01
2.4569e+01
2.4540e+01
2.4511e+01
2.4482e+01
2.4452e+01
2.4423e+01
2.4394e+01
2.4380e+01
2.4350e+01
2.4321e+01
2.4292e+01
2.4277e+01
2.4234e+01
2.4219e+01
2.4175e+01
2.4161e+01
2.4131e+01
2.4088e+01
2.4073e+01
2.4044e+01
2.4014e+01
2.4000e+01
2.3971e+01
2.3956e+01
2.3941e+01
2.3927e+01
2.3912e+01
2.3898e+01
2.3883e+01
2.3883e+01
2.3854e+01
2.3854e+01
2.3839e+01
2.3839e+01
2.3839e+01
2.3825e+01
2.3810e+01
2.3810e+01
2.3810e+01
2.3810e+01
2.3795e+01
2.3810e+01
2.3795e+01
2.3810e+01
2.3781e+01
2.3781e+01
2.3781e+01
2.3766e+01
2.3751e+01
2.3737e+01
2.3722e+01
2.3708e+01
2.3708e+01
2.3693e+01
2.3678e+01
2.3678e+01
2.3664e+01
2.3664e+01
2.3634e+01
2.3634e+01
2.3620e+01
2.3620e+01
2.3605e+01
2.3605e+01
2.3576e+01
2.3561e+01
2.3561e+01
2.3547e+01
2.3532e+01
2.3532e+01
2.3503e+01
2.3503e+01
2.3474e+01
2.3444e+01
2.3430e+01
2.3415e+01
2.3400e+01
2.3386e+01
2.3371e+01
2.3356e+01
2.3342e+01
2.3327e+01
2.3298e+01
2.3298e+01
2.3269e+01
2.3254e+01
2.3254e+01
2.3239e+01
2.3225e+01
2.3195e+01
2.3181e+01
2.3181e+01
2.3166e+01
2.3151e+01
2.3122e+01
2.3108e+01
2.3108e+01
2.3078e+01
2.3064e+01
2.3034e+01
2.3020e+01
2.3005e+01
2.2990e+01
2.2976e+01
2.2961e+01
2.2946e+01
2.2932e+01
2.2902e+01
2.2888e+01
2.2873e+01
2.2858e+01
2.2829e+01
2.2814e+01
2.2800e+01
2.2770e+01
2.2741e+01
2.2741e+01
2.2726e+01
2.2697e+01
2.2668e+01
2.2653e+01
2.2638e+01
2.2609e+01
2.2609e+01
2.2565e+01
2.2550e+01
2.2521e+01
2.2492e+01
2.2462e+01
2.2433e+01
2.2418e+01
2.2389e+01
2.2360e+01
2.2345e+01
2.2316e+01
2.2301e+01
2.2272e+01
2.2257e+01
2.2227e+01
2.2213e+01
2.2183e+01
2.2169e+01
2.2154e+01
2.2125e+01
2.2095e+01
2.2066e+01
2.2051e+01
2.2022e+01
2.1992e+01
2.1978e+01
2.1948e+01
2.1934e+01
2.1890e+01
2.1875e+01
2.1845e+01
2.1816e+01
2.1787e+01
2.1772e+01
2.1743e+01
2.1713e+01
2.1684e+01
2.1654e+01
2.1625e+01
2.1595e+01
2.1566e+01
2.1551e+01
2.1507e+01
2.1492e+01
2.1463e+01
2.1434e+01
2.1419e+01
2.1404e+01
2.1360e+01
2.1316e+01
2.1301e+01
2.1286e+01
2.1257e+01
2.1242e+01
2.1198e+01
2.1183e+01
2.1139e+01
2.1110e+01
2.1095e+01
2.1051e+01
2.1036e+01
2.1006e+01
2.0992e+01
2.0977e+01
2.0947e+01
2.0918e+01
2.0888e+01
2.0874e+01
2.0859e+01
2.0815e+01
2.0800e+01
2.0771e+01
2.0741e+01
2.0726e+01
2.0697e+01
2.0682e+01
2.0652e+01
2.0638e+01
2.0623e+01
2.0593e+01
2.0579e+01
2.0549e+01
2.0520e+01
2.0505e+01
2.0475e+01
2.0446e+01
2.0416e+01
2.0387e+01
2.0372e+01
2.0357e+01
2.0328e+01
2.0313e+01
2.0283e+01
2.0254e+01
2.0224e+01
2.0210e+01
2.0180e+01
2.0165e+01
2.0136e+01
2.0106e+01
2.0091e+01
2.0077e+01
2.0062e+01
2.0032e+01
2.0003e+01
1.9973e+01
1.9958e+01
1.9929e+01
1.9914e+01
1.9899e+01
1.9870e+01
1.9855e+01
1.9825e+01
1.9796e+01
1.9766e+01
1.9737e+01
1.9722e+01
1.9692e+01
1.9677e+01
1.9648e+01
1.9618e+01
1.9603e+01
1.9589e+01
1.9574e+01
1.9544e+01
1.9515e+01
1.9485e+01
1.9455e+01
1.9426e+01
1.9411e+01
1.9396e+01
1.9367e+01
1.9337e+01
1.9322e+01
1.9292e+01
1.9263e+01
1.9248e+01
1.9233e+01
1.9204e+01
1.9174e+01
1.9144e+01
1.9130e+01
1.9100e+01
1.9070e+01
1.9070e+01
1.9041e+01
1.9011e+01
1.8996e+01
1.8966e+01
1.8937e+01
1.8922e+01
1.8878e+01
1.8878e+01
1.8863e+01
1.8833e+01
1.8803e+01
1.8774e+01
1.8759e+01
1.8729e+01
1.8729e+01
1.8700e+01
1.8670e+01
1.8655e+01
1.8640e+01
1.8610e+01
1.8596e+01
1.8566e+01
1.8551e+01
1.8536e+01
1.8507e+01
1.8492e+01
1.8462e+01
1.8462e+01
1.8447e+01
1.8417e+01
1.8403e+01
1.8403e+01
1.8373e+01
1.8373e+01
1.8343e+01
1.8328e+01
1.8314e+01
1.8299e+01
1.8284e+01
1.8269e+01
1.8269e+01
1.8254e+01
1.8239e+01
1.8224e+01
1.8210e+01
1.8210e+01
1.8180e+01
1.8165e+01
1.8150e+01
1.8135e+01
1.8106e+01
1.8091e+01
1.8061e+01
1.8046e+01
1.8016e+01
1.8001e+01
1.7987e+01
1.7972e+01
1.7957e+01
1.7927e+01
1.7927e+01
1.7897e+01
1.7868e+01
1.7853e+01
1.7823e+01
1.7808e+01
1.7778e+01
1.7763e+01
1.7749e+01
1.7734e+01
1.7719e+01
1.7674e+01
1.7659e+01
1.7644e+01
1.7630e+01
1.7600e+01
1.7600e+01
1.7570e+01
1.7555e+01
1.7510e+01
1.7496e+01
1.7466e+01
1.7436e+01
1.7406e+01
1.7391e+01
1.7362e+01
1.7347e+01
1.7317e+01
1.7302e+01
1.7272e+01
1.7257e+01
1.7227e+01
1.7213e+01
1.7183e+01
1.7168e+01
1.7138e+01
1.7123e+01
1.7108e+01
1.7078e+01
1.7064e+01
1.7034e+01
1.7004e+01
1.6989e+01
1.6959e+01
1.6944e+01
1.6914e+01
1.6914e+01
1.6870e+01
1.6840e+01
1.6825e+01
1.6810e+01
1.6765e+01
1.6750e+01
1.6735e+01
1.6706e+01
1.6676e+01
1.6661e+01
1.6646e+01
1.6616e+01
1.6586e+01
1.6586e+01
1.6571e+01
1.6541e+01
1.6511e+01
1.6511e+01
1.6482e+01
1.6452e+01
1.6422e+01
1.6407e+01
1.6392e+01
1.6362e+01
1.6332e+01
1.6317e+01
1.6287e+01
1.6273e+01
1.6243e+01
1.6228e+01
1.6198e+01
1.6168e+01
1.6138e+01
1.6123e+01
1.6093e+01
1.6048e+01
1.6033e+01
1.6003e+01
1.5988e+01
1.5959e+01
1.5929e+01
1.5914e+01
1.5884e+01
1.5869e+01
1.5839e+01
1.5809e+01
1.5779e+01
1.5764e+01
1.5719e+01
1.5704e+01
1.5689e+01
1.5659e+01
1.5629e+01
1.5599e+01
1.5570e+01
1.5555e+01
1.5525e+01
1.5510e+01
1.5495e+01
1.5465e+01
1.5435e+01
1.5420e+01
1.5390e+01
1.5390e+01
1.5360e+01
1.5330e+01
1.5300e+01
1.5285e+01
1.5255e+01
1.5225e+01
1.5210e+01
1.5195e+01
1.5165e+01
1.5135e+01
1.5105e+01
1.5075e+01
1.5045e+01
1.5030e+01
1.5000e+01
1.4985e+01
1.4955e+01
1.4940e+01
1.4910e+01
1.4880e+01
1.4850e+01
1.4835e+01
1.4820e+01
1.4790e+01
1.4775e+01
1.4745e+01
1.4745e+01
1.4715e+01
1.4685e+01
1.4685e+01
1.4670e+01
1.4640e+01
1.4625e+01
1.4610e+01
1.4580e+01
1.4550e+01
1.4550e+01
1.4520e+01
1.4505e+01
1.4505e+01
1.4475e+01
1.4445e+01
1.4445e+01
1.4415e+01
1.4400e+01
1.4385e+01
1.4355e+01
1.4340e+01
1.4325e+01
1.4295e+01
1.4279e+01
1.4264e+01
1.4249e+01
1.4219e+01
1.4204e+01
1.4174e+01
1.4144e+01
1.4114e+01
1.4099e+01
1.4069e+01
1.4039e+01
1.4024e+01
1.3994e+01
1.3979e+01
1.3949e+01
1.3919e+01
1.3889e+01
1.3873e+01
1.3843e+01
1.3813e+01
1.3783e+01
1.3768e+01
1.3738e+01
1.3708e+01
1.3678e+01
1.3663e+01
1.3633e+01
1.3603e+01
1.3572e+01
1.3557e+01
1.3527e+01
1.3512e+01
1.3497e+01
1.3467e+01
1.3422e+01
1.3407e+01
1.3392e+01
1.3377e+01
1.3362e+01
1.3331e+01
1.3316e+01
1.3286e+01
1.3271e+01
1.3256e+01
1.3226e+01
1.3211e+01
1.3196e+01
1.3166e+01
1.3151e+01
1.3135e+01
1.3105e+01
1.3075e+01
1.3060e+01
1.3015e+01
1.3000e+01
1.2985e+01
1.2954e+01
1.2939e+01
1.2909e+01
1.2879e+01
1.2849e+01
1.2834e+01
1.2788e+01
1.2773e+01
1.2743e+01
1.2728e+01
1.2698e+01
1.2668e+01
1.2638e+01
1.2607e+01
1.2577e+01
1.2562e+01
1.2547e+01
1.2517e+01
1.2486e+01
1.2471e+01
1.2441e+01
1.2426e+01
1.2381e+01
1.2366e+01
1.2351e+01
1.2320e+01
1.2290e+01
1.2275e+01
1.2245e+01
1.2230e+01
1.2199e+01
1.2184e+01
1.2154e+01
1.2139e+01
1.2124e+01
1.2094e+01
1.2078e+01
1.2063e+01
1.2048e+01
1.2033e+01
1.2003e+01
1.1988e+01
1.1972e+01
1.1942e+01
1.1942e+01
1.1927e+01
1.1912e+01
1.1897e+01
1.1897e+01
1.1882e+01
1.1882e+01
1.1851e+01
1.1836e+01
1.1821e+01
1.1806e+01
1.1806e+01
1.1791e+01
1.1761e+01
1.1761e+01
1.1745e+01
1.1730e+01
1.1715e+01
1.1700e+01
1.1685e+01
1.1670e+01
1.1655e+01
1.1640e+01
1.1624e+01
1.1609e+01
1.1594e+01
1.1564e+01
1.1549e+01
1.1533e+01
1.1518e+01
1.1503e+01
1.1473e+01
1.1458e+01
1.1443e+01
1.1427e+01
1.1412e+01
1.1382e+01
1.1367e+01
1.1352e+01
1.1337e+01
1.1321e+01
1.1306e+01
1.1291e+01
1.1261e+01
1.1246e+01
1.1230e+01
1.1215e+01
1.1185e+01
1.1170e+01
1.1139e+01
1.1124e+01
1.1109e+01
1.1094e+01
1.1079e+01
1.1064e+01
1.1048e+01
1.1018e+01
1.1003e+01
1.0973e+01
1.0942e+01
1.0927e+01
1.0912e+01
1.0882e+01
1.0866e+01
1.0836e+01
1.0806e+01
1.0790e+01
1.0775e+01
1.0745e+01
1.0730e+01
1.0715e+01
1.0699e+01
1.0669e+01
1.0654e+01
1.0639e+01
1.0608e+01
1.0593e+01
1.0563e+01
1.0548e+01
1.0532e+01
1.0502e+01
1.0487e+01
1.0472e+01
1.0456e+01
1.0426e+01
1.0411e+01
1.0396e+01
1.0380e+01
1.0350e+01
1.0335e+01
1.0304e+01
1.0274e+01
1.0274e+01
1.0244e+01
1.0213e+01
1.0198e+01
1.0183e+01
1.0152e+01
1.0137e+01
1.0122e+01
1.0091e+01
1.0091e+01
1.0076e+01
1.0061e+01
1.0031e+01
1.0015e+01
1.0000e+01
9.9850e+00
9.9698e+00
9.9546e+00
9.9394e+00
9.9241e+00
9.9089e+00
9.8937e+00
9.8633e+00
9.8480e+00
9.8328e+00
9.8328e+00
9.8024e+00
9.8024e+00
9.7872e+00
9.7719e+00
9.7415e+00
9.7110e+00
9.7110e+00
9.6958e+00
9.6653e+00
9.6501e+00
9.6349e+00
9.6197e+00
9.6044e+00
9.5892e+00
9.5740e+00
9.5740e+00
9.5435e+00
9.5283e+00
9.5130e+00
9.4978e+00
9.4825e+00
9.4673e+00
9.4521e+00
9.4368e+00
9.4064e+00
9.4064e+00
9.3911e+00
9.3759e+00
9.3454e+00
9.3301e+00
9.3301e+00
9.3149e+00
9.2844e+00
9.2997e+00
9.2692e+00
9.2539e+00
9.2387e+00
9.2234e+00
9.1929e+00
9.1624e+00
9.1624e+00
9.1472e+00
9.1319e+00
9.1014e+00
9.0862e+00
9.0709e+00
9.0556e+00
9.0404e+00
9.0251e+00
9.0099e+00
8.9946e+00
8.9794e+00
8.9641e+00
8.9488e+00
8.9183e+00
8.9183e+00
8.9183e+00
8.8725e+00
8.8573e+00
8.8573e+00
8.8267e+00
8.8115e+00
8.7809e+00
8.7657e+00
8.7504e+00
8.7351e+00
8.7046e+00
8.7046e+00
8.6741e+00
8.6435e+00
8.6435e+00
8.6130e+00
8.5977e+00
8.5824e+00
8.5671e+00
8.5519e+00
8.5366e+00
8.5213e+00
8.5060e+00
8.4755e+00
8.4602e+00
8.4602e+00
8.4449e+00
8.4143e+00
8.3990e+00
8.3838e+00
8.3532e+00
8.3532e+00
8.3379e+00
8.3073e+00
8.2920e+00
8.2767e+00
8.2615e+00
8.2462e+00
8.2309e+00
8.2309e+00
8.2003e+00
8.1697e+00
8.1697e+00
8.1544e+00
8.1238e+00
8.1085e+00
8.0932e+00
8.0626e+00
8.0473e+00
8.0320e+00
8.0167e+00
8.0014e+00
7.9708e+00
7.9708e+00
7.9708e+00
7.9555e+00
7.9402e+00
7.9402e+00
7.9249e+00
7.9096e+00
7.8943e+00
7.8790e+00
7.8790e+00
7.8637e+00
7.8484e+00
7.8484e+00
7.8331e+00
7.8024e+00
7.8024e+00
7.8024e+00
7.7718e+00
7.7565e+00
7.7565e+00
7.7412e+00
7.7259e+00
7.7106e+00
7.6953e+00
7.6799e+00
7.6646e+00
7.6493e+00
7.6340e+00
7.6187e+00
7.6034e+00
7.6034e+00
7.5880e+00
7.5574e+00
7.5421e+00
7.5267e+00
7.5267e+00
7.5114e+00
7.4808e+00
7.4501e+00
7.4348e+00
7.4041e+00
7.3888e+00
7.3735e+00
7.3582e+00
7.3428e+00
7.3122e+00
7.2968e+00
7.2815e+00
7.2662e+00
7.2508e+00
7.2355e+00
7.2202e+00
7.2048e+00
7.1895e+00
7.1742e+00
7.1588e+00
7.1435e+00
7.1435e+00
7.1128e+00
7.0975e+00
7.0975e+00
7.0821e+00
7.0668e+00
7.0514e+00
7.0361e+00
7.0207e+00
7.0207e+00
7.0054e+00
6.9901e+00
6.9747e+00
6.9594e+00
6.9440e+00
6.9440e+00
6.9287e+00
6.9133e+00
6.8980e+00
6.8826e+00
6.8519e+00
6.8519e+00
6.8366e+00
6.8212e+00
6.7905e+00
6.7905e+00
6.7751e+00
6.7598e+00
6.7291e+00
6.7291e+00
6.7137e+00
6.6984e+00
6.6676e+00
6.6676e+00
6.6369e+00
6.6062e+00
6.6062e+00
6.5908e+00
6.5755e+00
6.5601e+00
6.5294e+00
6.5294e+00
6.5140e+00
6.4986e+00
6.4833e+00
6.4679e+00
6.4525e+00
6.4372e+00
6.4218e+00
6.4064e+00
6.3911e+00
6.3757e+00
6.3603e+00
6.3449e+00
6.3296e+00
6.3142e+00
6.2988e+00
6.2834e+00
6.2681e+00
6.2527e+00
6.2373e+00
6.2219e+00
6.1912e+00
6.1758e+00
6.1604e+00
6.1142e+00
6.0989e+00
6.0835e+00
6.0681e+00
6.0527e+00
6.0373e+00
6.0219e+00
6.0065e+00
5.9911e+00
5.9758e+00
5.9450e+00
5.9296e+00
5.9142e+00
5.8988e+00
5.8526e+00
5.8372e+00
5.8218e+00
5.7910e+00
5.7756e+00
5.7602e+00
5.7448e+00
5.7140e+00
5.6986e+00
5.6678e+00
5.6678e+00
5.6370e+00
5.6216e+00
5.5908e+00
5.5600e+00
5.5292e+00
5.4983e+00
5.4829e+00
5.4675e+00
5.4367e+00
5.4213e+00
5.3904e+00
5.3750e+00
5.3596e+00
5.3442e+00
5.3288e+00
5.2979e+00
5.2825e+00
5.2671e+00
5.2362e+00
5.2208e+00
5.1900e+00
5.1745e+00
5.1591e+00
5.1437e+00
5.1283e+00
5.0974e+00
5.0820e+00
5.0820e+00
5.0511e+00
5.0357e+00
5.0048e+00
5.0048e+00
4.9894e+00
4.9585e+00
4.9585e+00
4.9276e+00
4.9276e+00
4.8968e+00
4.8968e+00
4.8813e+00
4.8659e+00
4.8505e+00
4.8350e+00
4.8196e+00
4.8196e+00
4.8041e+00
4.8041e+00
4.7887e+00
4.7578e+00
4.7578e+00
4.7578e+00
4.7269e+00
4.7115e+00
4.6960e+00
4.6960e+00
4.6651e+00
4.6651e+00
4.6497e+00
4.6188e+00
4.6188e+00
4.6033e+00
4.5879e+00
4.5724e+00
4.5570e+00
4.5415e+00
4.5261e+00
4.5106e+00
4.4952e+00
4.4797e+00
4.4642e+00
4.4488e+00
4.4333e+00
4.4179e+00
4.4179e+00
4.3870e+00
4.3715e+00
4.3560e+00
4.3406e+00
4.3251e+00
4.3096e+00
4.2787e+00
4.2787e+00
4.2787e+00
4.2478e+00
4.2323e+00
4.2014e+00
4.1859e+00
4.1704e+00
4.1550e+00
4.1395e+00
4.1240e+00
4.0931e+00
4.0931e+00
4.0776e+00
4.0621e+00
4.0467e+00
4.0157e+00
4.0002e+00
3.9848e+00
3.9693e+00
3.9538e+00
3.9228e+00
3.8919e+00
3.8919e+00
3.8609e+00
3.8454e+00
3.8300e+00
3.8145e+00
3.7835e+00
3.7680e+00
3.7370e+00
3.7215e+00
3.7061e+00
3.6906e+00
3.6751e+00
3.6596e+00
3.6441e+00
3.6286e+00
3.6131e+00
3.5976e+00
3.5666e+00
3.5511e+00
3.5511e+00
3.5356e+00
3.5201e+00
3.5046e+00
3.4891e+00
3.4736e+00
3.4581e+00
3.4426e+00
3.4271e+00
3.3961e+00
3.3961e+00
3.3806e+00
3.3651e+00
3.3651e+00
3.3496e+00
3.3186e+00
3.3031e+00
3.3031e+00
3.2876e+00
3.2876e+00
3.2566e+00
3.2410e+00
3.2255e+00
3.1945e+00
3.1790e+00
3.1480e+00
3.1480e+00
3.1325e+00
3.1169e+00
3.1014e+00
3.0704e+00
3.0704e+00
3.0549e+00
3.0393e+00
3.0238e+00
3.0238e+00
2.9928e+00
2.9773e+00
2.9617e+00
2.9617e+00
2.9307e+00
2.8996e+00
2.8841e+00
2.8531e+00
2.8531e+00
2.8531e+00
2.8220e+00
2.8220e+00
2.8065e+00
2.7909e+00
2.7754e+00
2.7599e+00
2.7444e+00
2.7133e+00
2.6978e+00
2.6822e+00
2.6667e+00
2.6511e+00
2.6356e+00
2.6201e+00
2.5890e+00
2.5735e+00
2.5579e+00
2.5424e+00
2.5268e+00
2.4957e+00
2.4802e+00
2.4647e+00
2.4491e+00
2.4180e+00
2.3869e+00
2.3714e+00
2.3558e+00
2.3403e+00
2.3092e+00
2.2936e+00
2.2625e+00
2.2470e+00
2.2314e+00
2.2159e+00
2.2003e+00
2.1847e+00
2.1536e+00
2.1381e+00
2.1069e+00
2.0914e+00
2.0758e+00
2.0603e+00
2.0447e+00
2.0136e+00
1.9980e+00
1.9669e+00
1.9513e+00
1.9513e+00
1.9357e+00
1.9046e+00
1.8890e+00
1.8890e+00
1.8579e+00
1.8423e+00
1.8267e+00
1.8112e+00
1.7956e+00
1.7644e+00
1.7644e+00
1.7489e+00
1.7333e+00
1.7177e+00
1.7021e+00
1.6866e+00
1.6710e+00
1.6554e+00
1.6398e+00
1.6398e+00
1.6242e+00
1.6087e+00
1.5931e+00
1.5775e+00
1.5775e+00
1.5619e+00
1.5463e+00
1.5307e+00
1.5152e+00
1.4996e+00
1.4996e+00
1.4996e+00
1.4684e+00
1.4684e+00
1.4684e+00
1.4372e+00
1.4216e+00
1.4216e+00
1.4060e+00
1.3904e+00
1.3904e+00
1.3592e+00
1.3592e+00
1.3281e+00
1.3125e+00
1.3125e+00
1.3125e+00
1.2969e+00
1.2813e+00
1.2657e+00
1.2657e+00
1.2657e+00
1.2345e+00
1.2189e+00
1.2189e+00
1.2033e+00
1.1877e+00
1.1721e+00
1.1565e+00
1.1409e+00
1.1097e+00
1.0941e+00
1.0941e+00
1.0785e+00
1.0628e+00
1.0628e+00
1.0472e+00
1.0160e+00
1.0004e+00
9.8481e-01
9.8481e-01
9.6920e-01
9.5358e-01
9.3797e-01
9.2236e-01
9.0675e-01
8.9113e-01
8.7552e-01
8.5990e-01
8.5990e-01
8.4429e-01
8.4429e-01
8.1305e-01
7.9744e-01
7.9744e-01
7.8182e-01
7.5058e-01
7.5058e-01
7.1934e-01
7.0371e-01
7.0371e-01
6.7247e-01
6.5684e-01
6.5684e-01
6.4122e-01
6.4122e-01
6.2559e-01
6.0997e-01
5.9434e-01
5.9434e-01
5.7871e-01
5.6308e-01
5.4745e-01
5.1619e-01
5.1619e-01
5.0056e-01
4.8493e-01
5.0056e-01
4.8493e-01
4.5366e-01
4.3803e-01
4.3803e-01
4.0676e-01
4.0676e-01
3.9112e-01
3.7549e-01
3.4421e-01
3.2857e-01
3.1293e-01
2.8165e-01
2.6601e-01
2.5037e-01
2.3473e-01
2.1908e-01
1.8779e-01
1.7215e-01
1.5650e-01
1.5650e-01
1.4086e-01
1.2521e-01
1.0956e-01
9.3910e-02
7.8260e-02
6.2609e-02
3.1306e-02
3.1306e-02
3.1306e-02
0000
