4.5005e+01
4.4976e+01
4.4945e+01
4.4911e+01
4.4875e+01
4.4848e+01
4.4824e+01
4.4786e+01
4.4750e+01
4.4716e+01
4.4668e+01
4.4641e+01
4.4600e+01
4.4569e+01
4.4535e+01
4.4497e+01
4.4463e+01
4.4441e+01
4.4405e+01
4.4376e+01
4.4337e+01
4.4309e+01
4.4282e+01
4.4248e+01
4.4222e+01
4.4195e+01
4.4159e+01
4.4132e+01
4.4108e+01
4.4086e+01
4.4057e+01
4.4040e+01
4.4011e+01
4.3987e+01
4.3958e+01
4.3931e+01
4.3890e+01
4.3859e+01
4.3829e+01
4.3805e+01
4.3783e+01
4.3759e+01
4.3735e+01
4.3723e+01
4.3701e+01
4.3684e+01
4.3667e+01
4.3652e+01
4.3638e+01
4.3623e+01
4.3621e+01
4.3606e+01
4.3597e+01
4.3599e+01
4.3597e+01
4.3587e+01
4.3599e+01
4.3611e+01
4.3623e+01
4.3635e+01
4.3665e+01
4.3689e+01
4.3737e+01
4.3771e+01
4.3834e+01
4.3878e+01
4.3948e+01
4.3994e+01
4.4091e+01
4.4161e+01
4.4282e+01
4.4371e+01
4.4511e+01
4.4610e+01
4.4771e+01
4.4894e+01
4.5043e+01
4.5175e+01
4.5338e+01
4.5487e+01
4.5650e+01
4.5808e+01
4.5987e+01
4.6158e+01
4.6361e+01
4.6520e+01
4.6708e+01
4.6876e+01
4.7056e+01
4.7205e+01
4.7352e+01
4.7479e+01
4.7607e+01
4.7732e+01
4.7850e+01
4.7955e+01
4.8052e+01
4.8151e+01
4.8240e+01
4.8320e+01
4.8399e+01
4.8481e+01
4.8552e+01
4.8634e+01
4.8694e+01
4.8762e+01
4.8832e+01
4.8910e+01
4.8973e+01
4.9038e+01
4.9101e+01
4.9169e+01
4.9211e+01
4.9260e+01
4.9306e+01
4.9346e+01
4.9360e+01
4.9392e+01
4.9411e+01
4.9427e+01
4.9432e+01
4.9436e+01
4.9436e+01
4.9436e+01
4.9423e+01
4.9409e+01
4.9385e+01
4.9376e+01
4.9350e+01
4.9332e+01
4.9290e+01
4.9262e+01
4.9227e+01
4.9204e+01
4.9164e+01
4.9131e+01
4.9089e+01
4.9052e+01
4.8996e+01
4.8963e+01
4.8914e+01
4.8877e+01
4.8823e+01
4.8788e+01
4.8739e+01
4.8692e+01
4.8634e+01
4.8591e+01
4.8533e+01
4.8493e+01
4.8439e+01
4.8383e+01
4.8324e+01
4.8280e+01
4.8221e+01
4.8169e+01
4.8106e+01
4.8057e+01
4.7998e+01
4.7951e+01
4.7880e+01
4.7824e+01
4.7765e+01
4.7720e+01
4.7661e+01
4.7614e+01
4.7557e+01
4.7505e+01
4.7458e+01
4.7413e+01
4.7366e+01
4.7345e+01
4.7331e+01
4.7312e+01
4.7288e+01
4.7269e+01
4.7241e+01
4.7222e+01
4.7186e+01
4.7144e+01
4.7101e+01
4.7068e+01
4.7016e+01
4.6973e+01
4.6926e+01
4.6883e+01
4.6826e+01
4.6784e+01
4.6739e+01
4.6701e+01
4.6644e+01
4.6608e+01
4.6551e+01
4.6511e+01
4.6473e+01
4.6435e+01
4.6387e+01
4.6349e+01
4.6311e+01
4.6275e+01
4.6235e+01
4.6201e+01
4.6156e+01
4.6123e+01
4.6087e+01
4.6049e+01
4.6003e+01
4.5982e+01
4.5939e+01
4.5908e+01
4.5877e+01
4.5853e+01
4.5815e+01
4.5791e+01
4.5760e+01
4.5733e+01
4.5700e+01
4.5664e+01
4.5626e+01
4.5595e+01
4.5556e+01
4.5521e+01
4.5470e+01
4.5437e+01
4.5398e+01
4.5367e+01
4.5331e+01
4.5298e+01
4.5264e+01
4.5231e+01
4.5195e+01
4.5156e+01
4.5118e+01
4.5091e+01
4.5046e+01
4.5014e+01
4.4983e+01
4.4957e+01
4.4918e+01
4.4885e+01
4.4851e+01
4.4822e+01
4.4784e+01
4.4752e+01
4.4716e+01
4.4690e+01
4.4644e+01
4.4600e+01
4.4559e+01
4.4523e+01
4.4482e+01
4.4446e+01
4.4403e+01
4.4369e+01
4.4325e+01
4.4292e+01
4.4253e+01
4.4214e+01
4.4176e+01
4.4147e+01
4.4110e+01
4.4072e+01
4.4035e+01
4.3997e+01
4.3960e+01
4.3931e+01
4.3895e+01
4.3861e+01
4.3822e+01
4.3788e+01
4.3749e+01
4.3728e+01
4.3689e+01
4.3652e+01
4.3621e+01
4.3589e+01
4.3536e+01
4.3492e+01
4.3453e+01
4.3414e+01
4.3371e+01
4.3341e+01
4.3305e+01
4.3268e+01
4.3225e+01
4.3191e+01
4.3149e+01
4.3120e+01
4.3076e+01
4.3042e+01
4.3008e+01
4.2976e+01
4.2949e+01
4.2918e+01
4.2879e+01
4.2852e+01
4.2820e+01
4.2791e+01
4.2754e+01
4.2725e+01
4.2693e+01
4.2666e+01
4.2627e+01
4.2590e+01
4.2546e+01
4.2515e+01
4.2470e+01
4.2436e+01
4.2404e+01
4.2375e+01
4.2336e+01
4.2301e+01
4.2272e+01
4.2235e+01
4.2201e+01
4.2172e+01
4.2137e+01
4.2113e+01
4.2078e+01
4.2051e+01
4.2010e+01
4.1983e+01
4.1956e+01
4.1931e+01
4.1904e+01
4.1872e+01
4.1845e+01
4.1820e+01
4.1788e+01
4.1761e+01
4.1732e+01
4.1697e+01
4.1658e+01
4.1626e+01
4.1577e+01
4.1537e+01
4.1495e+01
4.1459e+01
4.1412e+01
4.1372e+01
4.1340e+01
4.1303e+01
4.1266e+01
4.1236e+01
4.1204e+01
4.1180e+01
4.1150e+01
4.1118e+01
4.1086e+01
4.1066e+01
4.1036e+01
4.1002e+01
4.0965e+01
4.0940e+01
4.0913e+01
4.0890e+01
4.0863e+01
4.0836e+01
4.0809e+01
4.0779e+01
4.0742e+01
4.0707e+01
4.0660e+01
4.0620e+01
4.0586e+01
4.0551e+01
4.0511e+01
4.0489e+01
4.0452e+01
4.0417e+01
4.0382e+01
4.0350e+01
4.0313e+01
4.0285e+01
4.0255e+01
4.0223e+01
4.0188e+01
4.0153e+01
4.0126e+01
4.0104e+01
4.0069e+01
4.0036e+01
4.0006e+01
3.9982e+01
3.9944e+01
3.9919e+01
3.9879e+01
3.9842e+01
3.9800e+01
3.9770e+01
3.9732e+01
3.9700e+01
3.9667e+01
3.9630e+01
3.9597e+01
3.9570e+01
3.9532e+01
3.9502e+01
3.9477e+01
3.9447e+01
3.9412e+01
3.9387e+01
3.9360e+01
3.9327e+01
3.9295e+01
3.9267e+01
3.9237e+01
3.9210e+01
3.9187e+01
3.9162e+01
3.9140e+01
3.9120e+01
3.9084e+01
3.9052e+01
3.9022e+01
3.8994e+01
3.8949e+01
3.8919e+01
3.8879e+01
3.8849e+01
3.8818e+01
3.8791e+01
3.8751e+01
3.8718e+01
3.8693e+01
3.8673e+01
3.8638e+01
3.8615e+01
3.8582e+01
3.8554e+01
3.8532e+01
3.8512e+01
3.8479e+01
3.8454e+01
3.8426e+01
3.8403e+01
3.8373e+01
3.8343e+01
3.8320e+01
3.8295e+01
3.8267e+01
3.8247e+01
3.8219e+01
3.8197e+01
3.8169e+01
3.8146e+01
3.8113e+01
3.8086e+01
3.8038e+01
3.8010e+01
3.7977e+01
3.7949e+01
3.7924e+01
3.7899e+01
3.7868e+01
3.7843e+01
3.7818e+01
3.7785e+01
3.7762e+01
3.7742e+01
3.7712e+01
3.7684e+01
3.7661e+01
3.7638e+01
3.7608e+01
3.7585e+01
3.7562e+01
3.7537e+01
3.7509e+01
3.7486e+01
3.7461e+01
3.7435e+01
3.7418e+01
3.7387e+01
3.7359e+01
3.7329e+01
3.7293e+01
3.7265e+01
3.7227e+01
3.7192e+01
3.7164e+01
3.7141e+01
3.7105e+01
3.7080e+01
3.7054e+01
3.7026e+01
3.7001e+01
3.6973e+01
3.6948e+01
3.6920e+01
3.6897e+01
3.6871e+01
3.6848e+01
3.6823e+01
3.6792e+01
3.6774e+01
3.6749e+01
3.6726e+01
3.6703e+01
3.6680e+01
3.6650e+01
3.6624e+01
3.6598e+01
3.6573e+01
3.6547e+01
3.6512e+01
3.6479e+01
3.6450e+01
3.6420e+01
3.6394e+01
3.6369e+01
3.6341e+01
3.6307e+01
3.6287e+01
3.6256e+01
3.6233e+01
3.6213e+01
3.6187e+01
3.6167e+01
3.6136e+01
3.6113e+01
3.6087e+01
3.6062e+01
3.6036e+01
3.6013e+01
3.5985e+01
3.5964e+01
3.5946e+01
3.5916e+01
3.5890e+01
3.5864e+01
3.5839e+01
3.5811e+01
3.5782e+01
3.5754e+01
3.5723e+01
3.5695e+01
3.5667e+01
3.5639e+01
3.5610e+01
3.5577e+01
3.5549e+01
3.5515e+01
3.5487e+01
3.5459e+01
3.5441e+01
3.5418e+01
3.5392e+01
3.5366e+01
3.5343e+01
3.5320e+01
3.5294e+01
3.5276e+01
3.5253e+01
3.5230e+01
3.5204e+01
3.5170e+01
3.5147e+01
3.5121e+01
3.5098e+01
3.5062e+01
3.5031e+01
3.5005e+01
3.4977e+01
3.4949e+01
3.4918e+01
3.4889e+01
3.4853e+01
3.4832e+01
3.4809e+01
3.4781e+01
3.4752e+01
3.4729e+01
3.4708e+01
3.4677e+01
3.4646e+01
3.4626e+01
3.4610e+01
3.4582e+01
3.4548e+01
3.4522e+01
3.4499e+01
3.4473e+01
3.4447e+01
3.4426e+01
3.4395e+01
3.4364e+01
3.4331e+01
3.4302e+01
3.4279e+01
3.4240e+01
3.4209e+01
3.4183e+01
3.4152e+01
3.4118e+01
3.4100e+01
3.4071e+01
3.4045e+01
3.4017e+01
3.3988e+01
3.3962e+01
3.3939e+01
3.3915e+01
3.3894e+01
3.3874e+01
3.3850e+01
3.3822e+01
3.3790e+01
3.3762e+01
3.3751e+01
3.3723e+01
3.3694e+01
3.3673e+01
3.3650e+01
3.3621e+01
3.3590e+01
3.3567e+01
3.3535e+01
3.3504e+01
3.3478e+01
3.3452e+01
3.3426e+01
3.3394e+01
3.3371e+01
3.3337e+01
3.3311e+01
3.3285e+01
3.3259e+01
3.3233e+01
3.3204e+01
3.3180e+01
3.3159e+01
3.3136e+01
3.3110e+01
3.3092e+01
3.3068e+01
3.3044e+01
3.3024e+01
3.2995e+01
3.2971e+01
3.2948e+01
3.2927e+01
3.2898e+01
3.2877e+01
3.2843e+01
3.2806e+01
3.2772e+01
3.2746e+01
3.2720e+01
3.2688e+01
3.2662e+01
3.2633e+01
3.2604e+01
3.2583e+01
3.2557e+01
3.2528e+01
3.2500e+01
3.2486e+01
3.2455e+01
3.2434e+01
3.2408e+01
3.2384e+01
3.2360e+01
3.2334e+01
3.2318e+01
3.2289e+01
3.2260e+01
3.2239e+01
3.2216e+01
3.2192e+01
3.2155e+01
3.2121e+01
3.2087e+01
3.2063e+01
3.2026e+01
3.1997e+01
3.1971e+01
3.1945e+01
3.1921e+01
3.1897e+01
3.1871e+01
3.1844e+01
3.1821e+01
3.1792e+01
3.1773e+01
3.1744e+01
3.1720e+01
3.1707e+01
3.1678e+01
3.1654e+01
3.1628e+01
3.1607e+01
3.1586e+01
3.1559e+01
3.1533e+01
3.1509e+01
3.1488e+01
3.1470e+01
3.1446e+01
3.1419e+01
3.1385e+01
3.1351e+01
3.1324e+01
3.1295e+01
3.1258e+01
3.1239e+01
3.1213e+01
3.1189e+01
3.1160e+01
3.1136e+01
3.1118e+01
3.1091e+01
3.1067e+01
3.1046e+01
3.1025e+01
3.1004e+01
3.0977e+01
3.0953e+01
3.0932e+01
3.0908e+01
3.0876e+01
3.0855e+01
3.0839e+01
3.0818e+01
3.0789e+01
3.0765e+01
3.0746e+01
3.0719e+01
3.0690e+01
3.0661e+01
3.0632e+01
3.0597e+01
3.0565e+01
3.0544e+01
3.0509e+01
3.0485e+01
3.0451e+01
3.0430e+01
3.0403e+01
3.0371e+01
3.0342e+01
3.0318e+01
3.0291e+01
3.0264e+01
3.0246e+01
3.0219e+01
3.0192e+01
3.0160e+01
3.0134e+01
3.0112e+01
3.0086e+01
3.0062e+01
3.0038e+01
3.0011e+01
2.9987e+01
2.9971e+01
2.9939e+01
2.9899e+01
2.9864e+01
2.9840e+01
2.9811e+01
2.9781e+01
2.9760e+01
2.9730e+01
2.9706e+01
2.9682e+01
2.9653e+01
2.9623e+01
2.9596e+01
2.9575e+01
2.9551e+01
2.9535e+01
2.9503e+01
2.9479e+01
2.9460e+01
2.9441e+01
2.9422e+01
2.9401e+01
2.9379e+01
2.9355e+01
2.9337e+01
2.9312e+01
2.9278e+01
2.9256e+01
2.9221e+01
2.9189e+01
2.9154e+01
2.9130e+01
2.9100e+01
2.9071e+01
2.9044e+01
2.9012e+01
2.8987e+01
2.8966e+01
2.8939e+01
2.8909e+01
2.8888e+01
2.8861e+01
2.8834e+01
2.8815e+01
2.8786e+01
2.8767e+01
2.8743e+01
2.8716e+01
2.8691e+01
2.8664e+01
2.8646e+01
2.8619e+01
2.8592e+01
2.8567e+01
2.8543e+01
2.8513e+01
2.8484e+01
2.8457e+01
2.8419e+01
2.8395e+01
2.8362e+01
2.8341e+01
2.8314e+01
2.8284e+01
2.8246e+01
2.8219e+01
2.8189e+01
2.8162e+01
2.8141e+01
2.8114e+01
2.8089e+01
2.8062e+01
2.8038e+01
2.8013e+01
2.7989e+01
2.7970e+01
2.7938e+01
2.7908e+01
2.7886e+01
2.7865e+01
2.7846e+01
2.7827e+01
2.7797e+01
2.7767e+01
2.7743e+01
2.7713e+01
2.7683e+01
2.7653e+01
2.7623e+01
2.7596e+01
2.7569e+01
2.7542e+01
2.7512e+01
2.7487e+01
2.7463e+01
2.7441e+01
2.7411e+01
2.7387e+01
2.7365e+01
2.7341e+01
2.7319e+01
2.7289e+01
2.7267e+01
2.7240e+01
2.7218e+01
2.7199e+01
2.7172e+01
2.7153e+01
2.7118e+01
2.7082e+01
2.7052e+01
2.7033e+01
2.7003e+01
2.6976e+01
2.6943e+01
2.6919e+01
2.6897e+01
2.6872e+01
2.6848e+01
2.6823e+01
2.6804e+01
2.6779e+01
2.6755e+01
2.6728e+01
2.6700e+01
2.6678e+01
2.6654e+01
2.6637e+01
2.6618e+01
2.6594e+01
2.6572e+01
2.6545e+01
2.6523e+01
2.6504e+01
2.6484e+01
2.6460e+01
2.6432e+01
2.6402e+01
2.6372e+01
2.6345e+01
2.6312e+01
2.6290e+01
2.6265e+01
2.6252e+01
2.6222e+01
2.6189e+01
2.6167e+01
2.6148e+01
2.6126e+01
2.6098e+01
2.6079e+01
2.6052e+01
2.6024e+01
2.6005e+01
2.5980e+01
2.5961e+01
2.5931e+01
2.5909e+01
2.5879e+01
2.5857e+01
2.5835e+01
2.5810e+01
2.5777e+01
2.5739e+01
2.5708e+01
2.5667e+01
2.5634e+01
2.5609e+01
2.5576e+01
2.5546e+01
2.5519e+01
2.5494e+01
2.5458e+01
2.5425e+01
2.5395e+01
2.5373e+01
2.5337e+01
2.5309e+01
2.5282e+01
2.5251e+01
2.5218e+01
2.5188e+01
2.5169e+01
2.5138e+01
2.5111e+01
2.5088e+01
2.5066e+01
2.5039e+01
2.5011e+01
2.4984e+01
2.4948e+01
2.4926e+01
2.4898e+01
2.4870e+01
2.4851e+01
2.4823e+01
2.4790e+01
2.4762e+01
2.4740e+01
2.4718e+01
2.4696e+01
2.4674e+01
2.4660e+01
2.4629e+01
2.4605e+01
2.4591e+01
2.4566e+01
2.4541e+01
2.4516e+01
2.4496e+01
2.4474e+01
2.4447e+01
2.4422e+01
2.4402e+01
2.4391e+01
2.4361e+01
2.4333e+01
2.4308e+01
2.4272e+01
2.4247e+01
2.4213e+01
2.4189e+01
2.4155e+01
2.4130e+01
2.4105e+01
2.4083e+01
2.4061e+01
2.4033e+01
2.4005e+01
2.3983e+01
2.3961e+01
2.3933e+01
2.3908e+01
2.3888e+01
2.3863e+01
2.3835e+01
2.3805e+01
2.3782e+01
2.3763e+01
2.3738e+01
2.3718e+01
2.3693e+01
2.3671e+01
2.3649e+01
2.3615e+01
2.3587e+01
2.3554e+01
2.3529e+01
2.3506e+01
2.3476e+01
2.3453e+01
2.3434e+01
2.3406e+01
2.3389e+01
2.3361e+01
2.3339e+01
2.3317e+01
2.3294e+01
2.3269e+01
2.3247e+01
2.3222e+01
2.3196e+01
2.3177e+01
2.3149e+01
2.3126e+01
2.3101e+01
2.3068e+01
2.3051e+01
2.3023e+01
2.2987e+01
2.2959e+01
2.2939e+01
2.2905e+01
2.2880e+01
2.2855e+01
2.2830e+01
2.2810e+01
2.2788e+01
2.2765e+01
2.2740e+01
2.2718e+01
2.2698e+01
2.2673e+01
2.2639e+01
2.2622e+01
2.2597e+01
2.2572e+01
2.2549e+01
2.2529e+01
2.2513e+01
2.2473e+01
2.2437e+01
2.2411e+01
2.2383e+01
2.2358e+01
2.2330e+01
2.2302e+01
2.2276e+01
2.2251e+01
2.2229e+01
2.2200e+01
2.2181e+01
2.2153e+01
2.2133e+01
2.2108e+01
2.2079e+01
2.2063e+01
2.2046e+01
2.2026e+01
2.1998e+01
2.1972e+01
2.1950e+01
2.1927e+01
2.1905e+01
2.1871e+01
2.1843e+01
2.1817e+01
2.1797e+01
2.1772e+01
2.1747e+01
2.1724e+01
2.1701e+01
2.1676e+01
2.1651e+01
2.1628e+01
2.1605e+01
2.1588e+01
2.1566e+01
2.1546e+01
2.1523e+01
2.1506e+01
2.1484e+01
2.1456e+01
2.1433e+01
2.1410e+01
2.1385e+01
2.1357e+01
2.1334e+01
2.1300e+01
2.1260e+01
2.1229e+01
2.1204e+01
2.1175e+01
2.1136e+01
2.1110e+01
2.1079e+01
2.1051e+01
2.1019e+01
2.0985e+01
2.0965e+01
2.0931e+01
2.0897e+01
2.0869e+01
2.0838e+01
2.0804e+01
2.0772e+01
2.0750e+01
2.0721e+01
2.0704e+01
2.0678e+01
2.0656e+01
2.0630e+01
2.0607e+01
2.0576e+01
2.0539e+01
2.0511e+01
2.0482e+01
2.0454e+01
2.0425e+01
2.0402e+01
2.0385e+01
2.0357e+01
2.0334e+01
2.0311e+01
2.0280e+01
2.0254e+01
2.0237e+01
2.0211e+01
2.0189e+01
2.0172e+01
2.0149e+01
2.0126e+01
2.0109e+01
2.0092e+01
2.0069e+01
2.0052e+01
2.0029e+01
2.0003e+01
1.9983e+01
1.9955e+01
1.9926e+01
1.9903e+01
1.9872e+01
1.9843e+01
1.9817e+01
1.9792e+01
1.9757e+01
1.9732e+01
1.9709e+01
1.9680e+01
1.9654e+01
1.9637e+01
1.9611e+01
1.9586e+01
1.9551e+01
1.9520e+01
1.9500e+01
1.9474e+01
1.9442e+01
1.9414e+01
1.9379e+01
1.9362e+01
1.9328e+01
1.9287e+01
1.9250e+01
1.9218e+01
1.9187e+01
1.9164e+01
1.9135e+01
1.9106e+01
1.9084e+01
1.9055e+01
1.9032e+01
1.9003e+01
1.8971e+01
1.8954e+01
1.8923e+01
1.8897e+01
1.8865e+01
1.8845e+01
1.8828e+01
1.8802e+01
1.8776e+01
1.8753e+01
1.8733e+01
1.8712e+01
1.8681e+01
1.8640e+01
1.8606e+01
1.8574e+01
1.8548e+01
1.8519e+01
1.8490e+01
1.8470e+01
1.8438e+01
1.8410e+01
1.8384e+01
1.8358e+01
1.8323e+01
1.8303e+01
1.8274e+01
1.8245e+01
1.8225e+01
1.8199e+01
1.8181e+01
1.8153e+01
1.8126e+01
1.8106e+01
1.8080e+01
1.8057e+01
1.8034e+01
1.8011e+01
1.7979e+01
1.7944e+01
1.7907e+01
1.7880e+01
1.7852e+01
1.7820e+01
1.7796e+01
1.7770e+01
1.7744e+01
1.7718e+01
1.7692e+01
1.7666e+01
1.7643e+01
1.7623e+01
1.7591e+01
1.7573e+01
1.7547e+01
1.7524e+01
1.7492e+01
1.7463e+01
1.7445e+01
1.7422e+01
1.7399e+01
1.7373e+01
1.7347e+01
1.7318e+01
1.7286e+01
1.7254e+01
1.7216e+01
1.7181e+01
1.7149e+01
1.7126e+01
1.7094e+01
1.7064e+01
1.7035e+01
1.7012e+01
1.6986e+01
1.6954e+01
1.6939e+01
1.6913e+01
1.6887e+01
1.6863e+01
1.6840e+01
1.6814e+01
1.6790e+01
1.6770e+01
1.6747e+01
1.6723e+01
1.6700e+01
1.6677e+01
1.6647e+01
1.6630e+01
1.6604e+01
1.6572e+01
1.6554e+01
1.6525e+01
1.6490e+01
1.6458e+01
1.6434e+01
1.6408e+01
1.6373e+01
1.6346e+01
1.6323e+01
1.6297e+01
1.6262e+01
1.6241e+01
1.6212e+01
1.6185e+01
1.6165e+01
1.6142e+01
1.6124e+01
1.6098e+01
1.6071e+01
1.6048e+01
1.6027e+01
1.6004e+01
1.5974e+01
1.5954e+01
1.5936e+01
1.5913e+01
1.5881e+01
1.5857e+01
1.5819e+01
1.5795e+01
1.5772e+01
1.5743e+01
1.5725e+01
1.5701e+01
1.5672e+01
1.5649e+01
1.5625e+01
1.5602e+01
1.5578e+01
1.5552e+01
1.5537e+01
1.5513e+01
1.5487e+01
1.5469e+01
1.5449e+01
1.5425e+01
1.5401e+01
1.5378e+01
1.5363e+01
1.5337e+01
1.5310e+01
1.5287e+01
1.5269e+01
1.5245e+01
1.5219e+01
1.5186e+01
1.5160e+01
1.5136e+01
1.5110e+01
1.5083e+01
1.5057e+01
1.5033e+01
1.5007e+01
1.4986e+01
1.4965e+01
1.4936e+01
1.4912e+01
1.4897e+01
1.4877e+01
1.4856e+01
1.4829e+01
1.4809e+01
1.4788e+01
1.4770e+01
1.4750e+01
1.4732e+01
1.4708e+01
1.4690e+01
1.4664e+01
1.4643e+01
1.4622e+01
1.4605e+01
1.4581e+01
1.4551e+01
1.4519e+01
1.4495e+01
1.4474e+01
1.4457e+01
1.4427e+01
1.4397e+01
1.4362e+01
1.4353e+01
1.4332e+01
1.4305e+01
1.4282e+01
1.4252e+01
1.4231e+01
1.4214e+01
1.4190e+01
1.4169e+01
1.4148e+01
1.4122e+01
1.4095e+01
1.4068e+01
1.4041e+01
1.4024e+01
1.4000e+01
1.3976e+01
1.3955e+01
1.3928e+01
1.3902e+01
1.3875e+01
1.3845e+01
1.3818e+01
1.3792e+01
1.3765e+01
1.3741e+01
1.3717e+01
1.3691e+01
1.3667e+01
1.3637e+01
1.3613e+01
1.3589e+01
1.3571e+01
1.3548e+01
1.3530e+01
1.3506e+01
1.3482e+01
1.3455e+01
1.3431e+01
1.3410e+01
1.3384e+01
1.3363e+01
1.3342e+01
1.3309e+01
1.3279e+01
1.3252e+01
1.3225e+01
1.3184e+01
1.3160e+01
1.3133e+01
1.3106e+01
1.3073e+01
1.3046e+01
1.3019e+01
1.2989e+01
1.2960e+01
1.2936e+01
1.2915e+01
1.2885e+01
1.2864e+01
1.2846e+01
1.2810e+01
1.2786e+01
1.2756e+01
1.2732e+01
1.2711e+01
1.2681e+01
1.2660e+01
1.2639e+01
1.2603e+01
1.2579e+01
1.2552e+01
1.2513e+01
1.2483e+01
1.2459e+01
1.2426e+01
1.2393e+01
1.2360e+01
1.2336e+01
1.2306e+01
1.2276e+01
1.2246e+01
1.2225e+01
1.2198e+01
1.2171e+01
1.2147e+01
1.2117e+01
1.2093e+01
1.2069e+01
1.2045e+01
1.2015e+01
1.1987e+01
1.1960e+01
1.1936e+01
1.1918e+01
1.1888e+01
1.1861e+01
1.1828e+01
1.1798e+01
1.1765e+01
1.1722e+01
1.1689e+01
1.1662e+01
1.1638e+01
1.1611e+01
1.1578e+01
1.1544e+01
1.1511e+01
1.1481e+01
1.1457e+01
1.1436e+01
1.1400e+01
1.1369e+01
1.1336e+01
1.1303e+01
1.1282e+01
1.1257e+01
1.1227e+01
1.1200e+01
1.1182e+01
1.1152e+01
1.1112e+01
1.1082e+01
1.1049e+01
1.1018e+01
1.0988e+01
1.0958e+01
1.0918e+01
1.0885e+01
1.0852e+01
1.0821e+01
1.0791e+01
1.0761e+01
1.0727e+01
1.0691e+01
1.0667e+01
1.0633e+01
1.0600e+01
1.0573e+01
1.0548e+01
1.0527e+01
1.0500e+01
1.0478e+01
1.0454e+01
1.0433e+01
1.0402e+01
1.0378e+01
1.0345e+01
1.0311e+01
1.0287e+01
1.0256e+01
1.0226e+01
1.0196e+01
1.0162e+01
1.0141e+01
1.0119e+01
1.0095e+01
1.0058e+01
1.0022e+01
9.9884e+00
9.9548e+00
9.9213e+00
9.8939e+00
9.8725e+00
9.8420e+00
9.8145e+00
9.7871e+00
9.7626e+00
9.7413e+00
9.7168e+00
9.6893e+00
9.6649e+00
9.6405e+00
9.6099e+00
9.5885e+00
9.5549e+00
9.5243e+00
9.4907e+00
9.4662e+00
9.4356e+00
9.4020e+00
9.3806e+00
9.3530e+00
9.3255e+00
9.3071e+00
9.2826e+00
9.2550e+00
9.2213e+00
9.1999e+00
9.1723e+00
9.1539e+00
9.1355e+00
9.1141e+00
9.0834e+00
9.0589e+00
9.0374e+00
9.0190e+00
8.9976e+00
8.9730e+00
8.9485e+00
8.9239e+00
8.9055e+00
8.8809e+00
8.8441e+00
8.8164e+00
8.7796e+00
8.7519e+00
8.7212e+00
8.6874e+00
8.6567e+00
8.6290e+00
8.6105e+00
8.5828e+00
8.5490e+00
8.5182e+00
8.4936e+00
8.4659e+00
8.4382e+00
8.4136e+00
8.3828e+00
8.3581e+00
8.3335e+00
8.3058e+00
8.2811e+00
8.2626e+00
8.2380e+00
8.2102e+00
8.1855e+00
8.1578e+00
8.1300e+00
8.1023e+00
8.0714e+00
8.0375e+00
8.0097e+00
7.9881e+00
7.9572e+00
7.9325e+00
7.9170e+00
7.8923e+00
7.8645e+00
7.8460e+00
7.8212e+00
7.7965e+00
7.7718e+00
7.7501e+00
7.7254e+00
7.6945e+00
7.6759e+00
7.6542e+00
7.6295e+00
7.6016e+00
7.5769e+00
7.5614e+00
7.5366e+00
7.5149e+00
7.4902e+00
7.4747e+00
7.4406e+00
7.4096e+00
7.3786e+00
7.3476e+00
7.3259e+00
7.2980e+00
7.2732e+00
7.2515e+00
7.2205e+00
7.1956e+00
7.1770e+00
7.1553e+00
7.1273e+00
7.1118e+00
7.0901e+00
7.0746e+00
7.0466e+00
7.0249e+00
7.0031e+00
6.9752e+00
6.9503e+00
6.9316e+00
6.9192e+00
6.8974e+00
6.8757e+00
6.8539e+00
6.8228e+00
6.7979e+00
6.7761e+00
6.7544e+00
6.7232e+00
6.6983e+00
6.6672e+00
6.6454e+00
6.6111e+00
6.5831e+00
6.5582e+00
6.5301e+00
6.5021e+00
6.4772e+00
6.4460e+00
6.4273e+00
6.4054e+00
6.3774e+00
6.3493e+00
6.3275e+00
6.3056e+00
6.2838e+00
6.2650e+00
6.2338e+00
6.2057e+00
6.1745e+00
6.1495e+00
6.1339e+00
6.1151e+00
6.0839e+00
6.0557e+00
6.0307e+00
5.9963e+00
5.9745e+00
5.9432e+00
5.9213e+00
5.8931e+00
5.8681e+00
5.8462e+00
5.8211e+00
5.7961e+00
5.7804e+00
5.7523e+00
5.7303e+00
5.7147e+00
5.6896e+00
5.6740e+00
5.6489e+00
5.6175e+00
5.5956e+00
5.5705e+00
5.5548e+00
5.5329e+00
5.5109e+00
5.4827e+00
5.4639e+00
5.4356e+00
5.4074e+00
5.3823e+00
5.3478e+00
5.3226e+00
5.2881e+00
5.2661e+00
5.2504e+00
5.2127e+00
5.1813e+00
5.1530e+00
5.1341e+00
5.1058e+00
5.0807e+00
5.0523e+00
5.0335e+00
5.0052e+00
4.9737e+00
4.9485e+00
4.9296e+00
4.9170e+00
4.8855e+00
4.8635e+00
4.8446e+00
4.8226e+00
4.7974e+00
4.7690e+00
4.7532e+00
4.7123e+00
4.6839e+00
4.6555e+00
4.6271e+00
4.5987e+00
4.5735e+00
4.5483e+00
4.5199e+00
4.4978e+00
4.4725e+00
4.4504e+00
4.4283e+00
4.3999e+00
4.3714e+00
4.3462e+00
4.3272e+00
4.3019e+00
4.2861e+00
4.2577e+00
4.2387e+00
4.2134e+00
4.1913e+00
4.1786e+00
4.1502e+00
4.1248e+00
4.0964e+00
4.0679e+00
4.0426e+00
4.0046e+00
3.9761e+00
3.9412e+00
3.9222e+00
3.8905e+00
3.8620e+00
3.8367e+00
3.8176e+00
3.7891e+00
3.7733e+00
3.7479e+00
3.7225e+00
3.7035e+00
3.6781e+00
3.6559e+00
3.6337e+00
3.6115e+00
3.5892e+00
3.5607e+00
3.5416e+00
3.5130e+00
3.4940e+00
3.4685e+00
3.4463e+00
3.4145e+00
3.3859e+00
3.3573e+00
3.3255e+00
3.3064e+00
3.2810e+00
3.2524e+00
3.2301e+00
3.2078e+00
3.1824e+00
3.1569e+00
3.1314e+00
3.1060e+00
3.0868e+00
3.0582e+00
3.0359e+00
3.0104e+00
2.9849e+00
2.9626e+00
2.9403e+00
2.9275e+00
2.8957e+00
2.8701e+00
2.8510e+00
2.8287e+00
2.7968e+00
2.7776e+00
2.7649e+00
2.7202e+00
2.6883e+00
2.6499e+00
2.6244e+00
2.5925e+00
2.5669e+00
2.5413e+00
2.5158e+00
2.4902e+00
2.4614e+00
2.4327e+00
2.4103e+00
2.3815e+00
2.3559e+00
2.3303e+00
2.3079e+00
2.2855e+00
2.2599e+00
2.2311e+00
2.2183e+00
2.1926e+00
2.1638e+00
2.1382e+00
2.1094e+00
2.0901e+00
2.0677e+00
2.0485e+00
2.0292e+00
2.0036e+00
1.9811e+00
1.9523e+00
1.9330e+00
1.9009e+00
1.8721e+00
1.8400e+00
1.8175e+00
1.7950e+00
1.7693e+00
1.7469e+00
1.7212e+00
1.7019e+00
1.6826e+00
1.6569e+00
1.6376e+00
1.6087e+00
1.5894e+00
1.5669e+00
1.5476e+00
1.5251e+00
1.5058e+00
1.4737e+00
1.4544e+00
1.4318e+00
1.4157e+00
1.3997e+00
1.3739e+00
1.3514e+00
1.3353e+00
1.3127e+00
1.2870e+00
1.2515e+00
1.2290e+00
1.1968e+00
1.1807e+00
1.1549e+00
1.1291e+00
1.1065e+00
1.0839e+00
1.0614e+00
1.0356e+00
1.0065e+00
9.9039e-01
9.7103e-01
9.4199e-01
9.2262e-01
9.0325e-01
8.7742e-01
8.5805e-01
8.2898e-01
8.0314e-01
7.7406e-01
7.5144e-01
7.2559e-01
7.0620e-01
6.8357e-01
6.5447e-01
6.2537e-01
6.0273e-01
5.8009e-01
5.5421e-01
5.1861e-01
4.9596e-01
4.6359e-01
4.3445e-01
4.0531e-01
3.7292e-01
3.4053e-01
3.1785e-01
2.9517e-01
2.6924e-01
2.4007e-01
2.1089e-01
1.8170e-01
1.6225e-01
1.3630e-01
1.0710e-01
8.1143e-02
5.5182e-02
2.5970e-02
0000
