1.8708e+01
1.8683e+01
1.8666e+01
1.8645e+01
1.8614e+01
1.8593e+01
1.8561e+01
1.8533e+01
1.8502e+01
1.8470e+01
1.8439e+01
1.8414e+01
1.8383e+01
1.8352e+01
1.8317e+01
1.8296e+01
1.8268e+01
1.8236e+01
1.8215e+01
1.8194e+01
1.8173e+01
1.8149e+01
1.8124e+01
1.8103e+01
1.8075e+01
1.8054e+01
1.8026e+01
1.8005e+01
1.7981e+01
1.7959e+01
1.7928e+01
1.7910e+01
1.7886e+01
1.7865e+01
1.7840e+01
1.7812e+01
1.7784e+01
1.7763e+01
1.7735e+01
1.7707e+01
1.7675e+01
1.7647e+01
1.7619e+01
1.7591e+01
1.7552e+01
1.7528e+01
1.7503e+01
1.7482e+01
1.7451e+01
1.7422e+01
1.7391e+01
1.7363e+01
1.7335e+01
1.7303e+01
1.7282e+01
1.7261e+01
1.7225e+01
1.7194e+01
1.7173e+01
1.7148e+01
1.7120e+01
1.7092e+01
1.7060e+01
1.7039e+01
1.7011e+01
1.6989e+01
1.6968e+01
1.6944e+01
1.6915e+01
1.6887e+01
1.6863e+01
1.6834e+01
1.6803e+01
1.6774e+01
1.6746e+01
1.6714e+01
1.6686e+01
1.6668e+01
1.6633e+01
1.6601e+01
1.6577e+01
1.6562e+01
1.6534e+01
1.6509e+01
1.6492e+01
1.6463e+01
1.6439e+01
1.6418e+01
1.6393e+01
1.6368e+01
1.6347e+01
1.6326e+01
1.6290e+01
1.6265e+01
1.6241e+01
1.6219e+01
1.6195e+01
1.6166e+01
1.6141e+01
1.6124e+01
1.6099e+01
1.6067e+01
1.6032e+01
1.6014e+01
1.5978e+01
1.5954e+01
1.5922e+01
1.5893e+01
1.5865e+01
1.5847e+01
1.5815e+01
1.5794e+01
1.5769e+01
1.5748e+01
1.5723e+01
1.5694e+01
1.5677e+01
1.5659e+01
1.5638e+01
1.5616e+01
1.5599e+01
1.5584e+01
1.5549e+01
1.5531e+01
1.5506e+01
1.5485e+01
1.5460e+01
1.5435e+01
1.5410e+01
1.5396e+01
1.5367e+01
1.5332e+01
1.5307e+01
1.5278e+01
1.5250e+01
1.5229e+01
1.5196e+01
1.5175e+01
1.5143e+01
1.5122e+01
1.5093e+01
1.5072e+01
1.5047e+01
1.5025e+01
1.4997e+01
1.4972e+01
1.4947e+01
1.4922e+01
1.4901e+01
1.4872e+01
1.4847e+01
1.4826e+01
1.4801e+01
1.4779e+01
1.4747e+01
1.4722e+01
1.4690e+01
1.4668e+01
1.4633e+01
1.4604e+01
1.4572e+01
1.4543e+01
1.4515e+01
1.4493e+01
1.4472e+01
1.4447e+01
1.4425e+01
1.4407e+01
1.4386e+01
1.4361e+01
1.4343e+01
1.4332e+01
1.4311e+01
1.4300e+01
1.4286e+01
1.4278e+01
1.4275e+01
1.4275e+01
1.4271e+01
1.4264e+01
1.4275e+01
1.4275e+01
1.4275e+01
1.4286e+01
1.4282e+01
1.4286e+01
1.4293e+01
1.4296e+01
1.4303e+01
1.4329e+01
1.4339e+01
1.4361e+01
1.4393e+01
1.4414e+01
1.4450e+01
1.4479e+01
1.4500e+01
1.4529e+01
1.4565e+01
1.4583e+01
1.4622e+01
1.4651e+01
1.4679e+01
1.4708e+01
1.4733e+01
1.4761e+01
1.4801e+01
1.4829e+01
1.4861e+01
1.4886e+01
1.4915e+01
1.4954e+01
1.5000e+01
1.5029e+01
1.5050e+01
1.5068e+01
1.5079e+01
1.5090e+01
1.5090e+01
1.5107e+01
1.5114e+01
1.5114e+01
1.5107e+01
1.5100e+01
1.5100e+01
1.5097e+01
1.5090e+01
1.5079e+01
1.5075e+01
1.5061e+01
1.5047e+01
1.5032e+01
1.5018e+01
1.5000e+01
1.4983e+01
1.4965e+01
1.4940e+01
1.4918e+01
1.4890e+01
1.4872e+01
1.4840e+01
1.4808e+01
1.4786e+01
1.4754e+01
1.4718e+01
1.4690e+01
1.4661e+01
1.4625e+01
1.4593e+01
1.4565e+01
1.4536e+01
1.4500e+01
1.4465e+01
1.4432e+01
1.4404e+01
1.4368e+01
1.4325e+01
1.4296e+01
1.4268e+01
1.4232e+01
1.4203e+01
1.4164e+01
1.4124e+01
1.4092e+01
1.4060e+01
1.4020e+01
1.3992e+01
1.3959e+01
1.3920e+01
1.3891e+01
1.3844e+01
1.3809e+01
1.3776e+01
1.3740e+01
1.3704e+01
1.3665e+01
1.3629e+01
1.3596e+01
1.3564e+01
1.3525e+01
1.3492e+01
1.3463e+01
1.3431e+01
1.3399e+01
1.3363e+01
1.3327e+01
1.3294e+01
1.3265e+01
1.3229e+01
1.3200e+01
1.3179e+01
1.3146e+01
1.3121e+01
1.3089e+01
1.3056e+01
1.3024e+01
1.2995e+01
1.2966e+01
1.2930e+01
1.2901e+01
1.2876e+01
1.2847e+01
1.2814e+01
1.2771e+01
1.2742e+01
1.2709e+01
1.2673e+01
1.2648e+01
1.2615e+01
1.2579e+01
1.2550e+01
1.2521e+01
1.2492e+01
1.2456e+01
1.2424e+01
1.2398e+01
1.2366e+01
1.2337e+01
1.2304e+01
1.2279e+01
1.2250e+01
1.2213e+01
1.2192e+01
1.2166e+01
1.2134e+01
1.2097e+01
1.2068e+01
1.2039e+01
1.2018e+01
1.1992e+01
1.1960e+01
1.1927e+01
1.1890e+01
1.1861e+01
1.1829e+01
1.1796e+01
1.1760e+01
1.1727e+01
1.1694e+01
1.1661e+01
1.1632e+01
1.1603e+01
1.1571e+01
1.1545e+01
1.1520e+01
1.1490e+01
1.1458e+01
1.1425e+01
1.1388e+01
1.1359e+01
1.1330e+01
1.1305e+01
1.1272e+01
1.1246e+01
1.1221e+01
1.1184e+01
1.1148e+01
1.1111e+01
1.1082e+01
1.1057e+01
1.1027e+01
1.1002e+01
1.0965e+01
1.0932e+01
1.0900e+01
1.0870e+01
1.0837e+01
1.0805e+01
1.0775e+01
1.0750e+01
1.0717e+01
1.0688e+01
1.0662e+01
1.0633e+01
1.0603e+01
1.0574e+01
1.0548e+01
1.0523e+01
1.0486e+01
1.0457e+01
1.0428e+01
1.0406e+01
1.0380e+01
1.0354e+01
1.0325e+01
1.0292e+01
1.0263e+01
1.0233e+01
1.0208e+01
1.0178e+01
1.0153e+01
1.0127e+01
1.0094e+01
1.0064e+01
1.0039e+01
1.0009e+01
9.9727e+00
9.9396e+00
9.9065e+00
9.8771e+00
9.8441e+00
9.8183e+00
9.7889e+00
9.7558e+00
9.7374e+00
9.7153e+00
9.6859e+00
9.6565e+00
9.6307e+00
9.6049e+00
9.5755e+00
9.5460e+00
9.5092e+00
9.4908e+00
9.4576e+00
9.4318e+00
9.4060e+00
9.3802e+00
9.3507e+00
9.3323e+00
9.3102e+00
9.2807e+00
9.2475e+00
9.2216e+00
9.1921e+00
9.1626e+00
9.1331e+00
9.1072e+00
9.0703e+00
9.0518e+00
9.0223e+00
8.9964e+00
8.9632e+00
8.9373e+00
8.9151e+00
8.8892e+00
8.8671e+00
8.8375e+00
8.8153e+00
8.7931e+00
8.7635e+00
8.7413e+00
8.7117e+00
8.6932e+00
8.6636e+00
8.6340e+00
8.6081e+00
8.5858e+00
8.5599e+00
8.5303e+00
8.4969e+00
8.4784e+00
8.4562e+00
8.4339e+00
8.4080e+00
8.3783e+00
8.3524e+00
8.3338e+00
8.3004e+00
8.2745e+00
8.2411e+00
8.2225e+00
8.1928e+00
8.1669e+00
8.1446e+00
8.1186e+00
8.0926e+00
8.0666e+00
8.0480e+00
8.0220e+00
7.9997e+00
7.9811e+00
7.9551e+00
7.9291e+00
7.9068e+00
7.8882e+00
7.8585e+00
7.8436e+00
7.8213e+00
7.8064e+00
7.7878e+00
7.7729e+00
7.7468e+00
7.7245e+00
7.7059e+00
7.6873e+00
7.6724e+00
7.6687e+00
7.6463e+00
7.6352e+00
7.6240e+00
7.6165e+00
7.5979e+00
7.5979e+00
7.5979e+00
7.6165e+00
7.6538e+00
7.6985e+00
7.7617e+00
7.8064e+00
7.8585e+00
7.8696e+00
7.8956e+00
7.9031e+00
7.9217e+00
7.9217e+00
7.9291e+00
7.9328e+00
7.9328e+00
7.9291e+00
7.9254e+00
7.9254e+00
7.9217e+00
7.9142e+00
7.9105e+00
7.9068e+00
7.9105e+00
7.9068e+00
7.8994e+00
7.8956e+00
7.8919e+00
7.8919e+00
7.8882e+00
7.8882e+00
7.8733e+00
7.8696e+00
7.8622e+00
7.8622e+00
7.8473e+00
7.8399e+00
7.8250e+00
7.8213e+00
7.8175e+00
7.7989e+00
7.7878e+00
7.7841e+00
7.7655e+00
7.7543e+00
7.7245e+00
7.7134e+00
7.6910e+00
7.6761e+00
7.6463e+00
7.6314e+00
7.6091e+00
7.5905e+00
7.5681e+00
7.5532e+00
7.5309e+00
7.5085e+00
7.4787e+00
7.4638e+00
7.4414e+00
7.4228e+00
7.4004e+00
7.3780e+00
7.3482e+00
7.3295e+00
7.2960e+00
7.2773e+00
7.2475e+00
7.2363e+00
7.2027e+00
7.1691e+00
7.1429e+00
7.1205e+00
7.0757e+00
7.0458e+00
7.0234e+00
6.9935e+00
6.9486e+00
6.9150e+00
6.8813e+00
6.8589e+00
6.8252e+00
6.7953e+00
6.7579e+00
6.7317e+00
6.6980e+00
6.6717e+00
6.6380e+00
6.6118e+00
6.5706e+00
6.5481e+00
6.5219e+00
6.4957e+00
6.4619e+00
6.4357e+00
6.3982e+00
6.3682e+00
6.3382e+00
6.3081e+00
6.2631e+00
6.2293e+00
6.1993e+00
6.1730e+00
6.1354e+00
6.0941e+00
6.0603e+00
6.0302e+00
6.0002e+00
5.9738e+00
5.9325e+00
5.9099e+00
5.8836e+00
5.8610e+00
5.8272e+00
5.8083e+00
5.7782e+00
5.7519e+00
5.7180e+00
5.6992e+00
5.6690e+00
5.6427e+00
5.6163e+00
5.5975e+00
5.5635e+00
5.5334e+00
5.5070e+00
5.4806e+00
5.4429e+00
5.4127e+00
5.3826e+00
5.3599e+00
5.3297e+00
5.3071e+00
5.2769e+00
5.2505e+00
5.2240e+00
5.1976e+00
5.1749e+00
5.1447e+00
5.1107e+00
5.0881e+00
5.0692e+00
5.0427e+00
5.0087e+00
4.9898e+00
4.9520e+00
4.9330e+00
4.9028e+00
4.8725e+00
4.8422e+00
4.8158e+00
4.7930e+00
4.7703e+00
4.7476e+00
4.7097e+00
4.6757e+00
4.6454e+00
4.6112e+00
4.5885e+00
4.5468e+00
4.5203e+00
4.4824e+00
4.4558e+00
4.4217e+00
4.3951e+00
4.3686e+00
4.3458e+00
4.3192e+00
4.3040e+00
4.2737e+00
4.2433e+00
4.2243e+00
4.2015e+00
4.1711e+00
4.1407e+00
4.1027e+00
4.0837e+00
4.0609e+00
4.0343e+00
4.0077e+00
3.9849e+00
3.9545e+00
3.9202e+00
3.9012e+00
3.8746e+00
3.8403e+00
3.8137e+00
3.7908e+00
3.7718e+00
3.7375e+00
3.7109e+00
3.6804e+00
3.6537e+00
3.6270e+00
3.6042e+00
3.5699e+00
3.5432e+00
3.5165e+00
3.4898e+00
3.4669e+00
3.4440e+00
3.4211e+00
3.4021e+00
3.3753e+00
3.3486e+00
3.3181e+00
3.2990e+00
3.2723e+00
3.2455e+00
3.2073e+00
3.1806e+00
3.1539e+00
3.1271e+00
3.1004e+00
3.0736e+00
3.0545e+00
3.0277e+00
3.0010e+00
2.9818e+00
2.9627e+00
2.9359e+00
2.9130e+00
2.8938e+00
2.8670e+00
2.8441e+00
2.8249e+00
2.8096e+00
2.7752e+00
2.7445e+00
2.7215e+00
2.6947e+00
2.6756e+00
2.6487e+00
2.6258e+00
2.6028e+00
2.5836e+00
2.5606e+00
2.5261e+00
2.4954e+00
2.4685e+00
2.4494e+00
2.4148e+00
2.3918e+00
2.3688e+00
2.3419e+00
2.3189e+00
2.2997e+00
2.2728e+00
2.2497e+00
2.2344e+00
2.2075e+00
2.1844e+00
2.1614e+00
2.1345e+00
2.1153e+00
2.0922e+00
2.0768e+00
2.0576e+00
2.0345e+00
2.0038e+00
1.9807e+00
1.9614e+00
1.9422e+00
1.9191e+00
1.8999e+00
1.8806e+00
1.8575e+00
1.8267e+00
1.7959e+00
1.7613e+00
1.7382e+00
1.7073e+00
1.6881e+00
1.6611e+00
1.6457e+00
1.6149e+00
1.5879e+00
1.5686e+00
1.5455e+00
1.5262e+00
1.4953e+00
1.4760e+00
1.4606e+00
1.4297e+00
1.4066e+00
1.3796e+00
1.3602e+00
1.3294e+00
1.3101e+00
1.2869e+00
1.2637e+00
1.2405e+00
1.2174e+00
1.1903e+00
1.1633e+00
1.1439e+00
1.1207e+00
1.0937e+00
1.0666e+00
1.0434e+00
1.0279e+00
1.0047e+00
9.8539e-01
9.6605e-01
9.4283e-01
9.1574e-01
8.9252e-01
8.7703e-01
8.6542e-01
8.3832e-01
8.1509e-01
7.9572e-01
7.6861e-01
7.5312e-01
7.3375e-01
7.1438e-01
6.9888e-01
6.7950e-01
6.5625e-01
6.2136e-01
5.9810e-01
5.7871e-01
5.5544e-01
5.2829e-01
5.0502e-01
4.8562e-01
4.5847e-01
4.3906e-01
4.1966e-01
4.0025e-01
3.7308e-01
3.5755e-01
3.4590e-01
3.2649e-01
2.9930e-01
2.7211e-01
2.5269e-01
2.2938e-01
2.1384e-01
1.9441e-01
1.7109e-01
1.4777e-01
1.2833e-01
1.1278e-01
9.7232e-02
7.0012e-02
4.6678e-02
3.5009e-02
2.3340e-02
7.7800e-03
1.1670e-02
0000
0000
0000
7.7800e-03
1.1670e-02
1.9450e-02
3.1120e-02
5.0567e-02
7.3901e-02
9.3343e-02
1.1667e-01
1.6332e-01
2.2161e-01
2.9930e-01
3.9249e-01
4.8562e-01
5.9810e-01
6.7175e-01
7.6861e-01
8.3057e-01
9.1961e-01
9.6218e-01
1.0705e+00
1.1246e+00
1.2444e+00
1.2946e+00
1.3911e+00
1.4490e+00
1.5339e+00
1.5840e+00
1.6688e+00
1.7305e+00
1.7882e+00
1.8537e+00
1.9499e+00
2.0845e+00
2.1499e+00
2.1960e+00
2.2459e+00
2.2958e+00
2.3457e+00
2.3688e+00
2.4110e+00
2.4455e+00
2.4916e+00
2.5107e+00
2.5529e+00
2.5874e+00
2.6372e+00
2.6871e+00
2.7560e+00
2.8517e+00
2.9780e+00
3.0927e+00
3.2112e+00
3.3066e+00
3.4440e+00
3.5546e+00
3.7109e+00
3.8327e+00
3.9887e+00
4.1255e+00
4.2775e+00
4.4331e+00
4.5885e+00
4.7779e+00
4.9520e+00
5.1447e+00
5.3260e+00
5.5635e+00
5.7933e+00
6.0603e+00
6.3006e+00
6.5968e+00
6.9038e+00
7.2922e+00
7.7803e+00
8.2003e+00
8.6414e+00
9.0555e+00
9.4834e+00
9.8735e+00
1.0292e+01
1.0724e+01
1.1228e+01
1.1702e+01
1.2271e+01
1.2753e+01
1.3276e+01
1.3765e+01
1.4275e+01
1.4743e+01
1.5239e+01
1.5691e+01
1.6120e+01
1.6499e+01
1.6905e+01
1.7268e+01
1.7693e+01
1.8040e+01
1.8484e+01
1.8868e+01
1.9362e+01
1.9741e+01
2.0243e+01
2.0626e+01
2.1153e+01
2.1561e+01
2.2106e+01
2.2522e+01
2.3006e+01
2.3352e+01
2.3769e+01
2.4076e+01
2.4444e+01
2.4730e+01
2.5063e+01
2.5305e+01
2.5606e+01
2.5847e+01
2.6121e+01
2.6377e+01
2.6680e+01
2.7175e+01
2.7803e+01
2.8274e+01
2.8649e+01
2.9030e+01
2.9383e+01
2.9677e+01
2.9902e+01
3.0091e+01
3.0264e+01
3.0423e+01
3.0559e+01
3.0666e+01
3.0773e+01
3.0880e+01
3.0981e+01
3.1081e+01
3.1165e+01
3.1288e+01
3.1378e+01
3.1488e+01
3.1569e+01
3.1682e+01
3.1804e+01
3.1959e+01
3.2103e+01
3.2229e+01
3.2347e+01
3.2524e+01
3.2713e+01
3.2876e+01
3.3020e+01
3.3141e+01
3.3247e+01
3.3349e+01
3.3441e+01
3.3537e+01
3.3633e+01
3.3728e+01
3.3817e+01
3.3893e+01
3.3938e+01
3.3982e+01
3.4043e+01
3.4090e+01
3.4141e+01
3.4186e+01
3.4236e+01
3.4284e+01
3.4322e+01
3.4366e+01
3.4398e+01
3.4455e+01
3.4496e+01
3.4560e+01
3.4591e+01
3.4661e+01
3.4702e+01
3.4778e+01
3.4809e+01
3.4882e+01
3.4911e+01
3.4961e+01
3.4993e+01
3.5049e+01
3.5109e+01
3.5169e+01
3.5229e+01
3.5299e+01
3.5355e+01
3.5431e+01
3.5494e+01
3.5569e+01
3.5620e+01
3.5683e+01
3.5727e+01
3.5780e+01
3.5830e+01
3.5890e+01
3.5934e+01
3.5990e+01
3.6072e+01
3.6150e+01
3.6207e+01
3.6260e+01
3.6319e+01
3.6369e+01
3.6435e+01
3.6473e+01
3.6501e+01
3.6526e+01
3.6529e+01
3.6551e+01
3.6557e+01
3.6560e+01
3.6551e+01
3.6563e+01
3.6541e+01
3.6551e+01
3.6551e+01
3.6560e+01
3.6548e+01
3.6545e+01
3.6563e+01
3.6588e+01
3.6601e+01
3.6601e+01
3.6579e+01
3.6566e+01
3.6563e+01
3.6551e+01
3.6548e+01
3.6554e+01
3.6566e+01
3.6585e+01
3.6576e+01
3.6576e+01
3.6557e+01
3.6545e+01
3.6520e+01
3.6513e+01
3.6482e+01
3.6470e+01
3.6451e+01
3.6435e+01
3.6410e+01
3.6398e+01
3.6366e+01
3.6338e+01
3.6307e+01
3.6269e+01
3.6219e+01
3.6178e+01
3.6144e+01
3.6116e+01
3.6081e+01
3.6050e+01
3.6018e+01
3.5997e+01
3.5968e+01
3.5946e+01
3.5909e+01
3.5912e+01
3.5871e+01
3.5852e+01
3.5824e+01
3.5808e+01
3.5771e+01
3.5745e+01
3.5717e+01
3.5683e+01
3.5651e+01
3.5632e+01
3.5601e+01
3.5560e+01
3.5516e+01
3.5475e+01
3.5431e+01
3.5393e+01
3.5355e+01
3.5330e+01
3.5295e+01
3.5261e+01
3.5229e+01
3.5191e+01
3.5163e+01
3.5144e+01
3.5103e+01
3.5084e+01
3.5062e+01
3.5034e+01
3.5002e+01
3.4980e+01
3.4952e+01
3.4926e+01
3.4901e+01
3.4882e+01
3.4857e+01
3.4841e+01
3.4809e+01
3.4787e+01
3.4743e+01
3.4705e+01
3.4664e+01
3.4639e+01
3.4607e+01
3.4575e+01
3.4541e+01
3.4528e+01
3.4496e+01
3.4474e+01
3.4439e+01
3.4417e+01
3.4395e+01
3.4373e+01
3.4341e+01
3.4328e+01
3.4300e+01
3.4281e+01
3.4262e+01
3.4240e+01
3.4211e+01
3.4201e+01
3.4182e+01
3.4160e+01
3.4135e+01
3.4109e+01
3.4081e+01
3.4046e+01
3.4011e+01
3.3982e+01
3.3947e+01
3.3928e+01
3.3900e+01
3.3874e+01
3.3849e+01
3.3827e+01
3.3801e+01
3.3785e+01
3.3760e+01
3.3738e+01
3.3712e+01
3.3693e+01
3.3674e+01
3.3655e+01
3.3639e+01
3.3620e+01
3.3591e+01
3.3578e+01
3.3547e+01
3.3527e+01
3.3502e+01
3.3476e+01
3.3438e+01
3.3409e+01
3.3378e+01
3.3355e+01
3.3336e+01
3.3317e+01
3.3295e+01
3.3276e+01
3.3260e+01
3.3247e+01
3.3231e+01
3.3221e+01
3.3208e+01
3.3212e+01
3.3205e+01
3.3199e+01
3.3189e+01
3.3183e+01
3.3180e+01
3.3170e+01
3.3151e+01
3.3145e+01
3.3132e+01
3.3113e+01
3.3100e+01
3.3097e+01
3.3081e+01
3.3068e+01
3.3039e+01
3.3023e+01
3.3004e+01
3.2998e+01
3.2978e+01
3.2962e+01
3.2953e+01
3.2937e+01
3.2924e+01
3.2921e+01
3.2908e+01
3.2895e+01
3.2876e+01
3.2863e+01
3.2841e+01
3.2831e+01
3.2812e+01
3.2793e+01
3.2774e+01
3.2758e+01
3.2742e+01
3.2722e+01
3.2706e+01
3.2697e+01
3.2674e+01
3.2662e+01
3.2639e+01
3.2610e+01
3.2575e+01
3.2553e+01
3.2521e+01
3.2501e+01
3.2476e+01
3.2450e+01
3.2418e+01
3.2396e+01
3.2379e+01
3.2363e+01
3.2331e+01
3.2318e+01
3.2296e+01
3.2274e+01
3.2257e+01
3.2241e+01
3.2222e+01
3.2213e+01
3.2184e+01
3.2164e+01
3.2145e+01
3.2129e+01
3.2113e+01
3.2103e+01
3.2081e+01
3.2061e+01
3.2033e+01
3.2007e+01
3.1975e+01
3.1939e+01
3.1910e+01
3.1891e+01
3.1872e+01
3.1846e+01
3.1817e+01
3.1804e+01
3.1781e+01
3.1765e+01
3.1746e+01
3.1733e+01
3.1714e+01
3.1704e+01
3.1698e+01
3.1698e+01
3.1682e+01
3.1665e+01
3.1646e+01
3.1640e+01
3.1627e+01
3.1611e+01
3.1595e+01
3.1588e+01
3.1566e+01
3.1549e+01
3.1524e+01
3.1491e+01
3.1456e+01
3.1424e+01
3.1394e+01
3.1369e+01
3.1343e+01
3.1317e+01
3.1285e+01
3.1272e+01
3.1252e+01
3.1223e+01
3.1194e+01
3.1181e+01
3.1152e+01
3.1133e+01
3.1110e+01
3.1097e+01
3.1078e+01
3.1065e+01
3.1042e+01
3.1023e+01
3.1010e+01
3.0994e+01
3.0971e+01
3.0952e+01
3.0932e+01
3.0913e+01
3.0880e+01
3.0851e+01
3.0809e+01
3.0773e+01
3.0738e+01
3.0715e+01
3.0683e+01
3.0657e+01
3.0631e+01
3.0601e+01
3.0582e+01
3.0556e+01
3.0530e+01
3.0511e+01
3.0485e+01
3.0462e+01
3.0442e+01
3.0423e+01
3.0397e+01
3.0374e+01
3.0348e+01
3.0332e+01
3.0316e+01
3.0290e+01
3.0270e+01
3.0257e+01
3.0238e+01
3.0205e+01
3.0173e+01
3.0137e+01
3.0101e+01
3.0078e+01
3.0042e+01
3.0016e+01
2.9994e+01
2.9984e+01
2.9954e+01
2.9938e+01
2.9912e+01
2.9889e+01
2.9870e+01
2.9850e+01
2.9834e+01
2.9808e+01
2.9785e+01
2.9765e+01
2.9746e+01
2.9730e+01
2.9707e+01
2.9684e+01
2.9648e+01
2.9622e+01
2.9583e+01
2.9570e+01
2.9537e+01
2.9514e+01
2.9494e+01
2.9475e+01
2.9452e+01
2.9429e+01
2.9396e+01
2.9374e+01
2.9347e+01
2.9331e+01
2.9311e+01
2.9285e+01
2.9262e+01
2.9249e+01
2.9230e+01
2.9207e+01
2.9184e+01
2.9167e+01
2.9138e+01
2.9115e+01
2.9105e+01
2.9102e+01
2.9095e+01
2.9095e+01
2.9105e+01
2.9112e+01
2.9128e+01
2.9158e+01
2.9174e+01
2.9217e+01
2.9252e+01
2.9308e+01
2.9360e+01
2.9436e+01
2.9504e+01
2.9596e+01
2.9681e+01
2.9782e+01
2.9873e+01
2.9997e+01
3.0085e+01
3.0215e+01
3.0303e+01
3.0423e+01
3.0504e+01
3.0608e+01
3.0689e+01
3.0790e+01
3.0871e+01
3.0971e+01
3.1062e+01
3.1162e+01
3.1259e+01
3.1353e+01
3.1456e+01
3.1556e+01
3.1653e+01
3.1746e+01
3.1827e+01
3.1913e+01
3.1991e+01
3.2074e+01
3.2142e+01
3.2222e+01
3.2283e+01
3.2363e+01
3.2412e+01
3.2473e+01
3.2514e+01
3.2556e+01
3.2585e+01
3.2623e+01
3.2649e+01
3.2681e+01
3.2700e+01
3.2729e+01
3.2748e+01
3.2758e+01
3.2777e+01
3.2796e+01
3.2806e+01
3.2809e+01
3.2822e+01
3.2822e+01
3.2809e+01
3.2799e+01
3.2783e+01
3.2761e+01
3.2745e+01
3.2722e+01
3.2700e+01
3.2681e+01
3.2652e+01
3.2630e+01
3.2598e+01
3.2575e+01
3.2546e+01
3.2514e+01
3.2485e+01
3.2460e+01
3.2434e+01
3.2412e+01
3.2367e+01
3.2335e+01
3.2302e+01
3.2270e+01
3.2235e+01
3.2209e+01
3.2171e+01
3.2142e+01
3.2103e+01
3.2074e+01
3.2036e+01
3.2004e+01
3.1968e+01
3.1939e+01
3.1910e+01
3.1875e+01
3.1843e+01
3.1817e+01
3.1778e+01
3.1743e+01
3.1707e+01
3.1678e+01
3.1640e+01
3.1607e+01
3.1562e+01
3.1530e+01
3.1504e+01
3.1466e+01
3.1420e+01
3.1388e+01
3.1353e+01
3.1317e+01
3.1275e+01
3.1243e+01
3.1207e+01
3.1178e+01
3.1133e+01
3.1104e+01
3.1071e+01
3.1039e+01
3.1010e+01
3.0984e+01
3.0961e+01
3.0929e+01
3.0906e+01
3.0884e+01
3.0851e+01
3.0825e+01
3.0803e+01
3.0777e+01
3.0747e+01
3.0718e+01
3.0689e+01
3.0670e+01
3.0644e+01
3.0627e+01
3.0608e+01
3.0585e+01
3.0563e+01
3.0540e+01
3.0517e+01
3.0491e+01
3.0468e+01
3.0446e+01
3.0423e+01
3.0400e+01
3.0374e+01
3.0348e+01
3.0322e+01
3.0299e+01
3.0267e+01
3.0251e+01
3.0231e+01
3.0205e+01
3.0179e+01
3.0173e+01
3.0160e+01
3.0140e+01
3.0124e+01
3.0108e+01
3.0088e+01
3.0068e+01
3.0046e+01
3.0023e+01
3.0000e+01
2.9977e+01
2.9954e+01
2.9935e+01
2.9909e+01
2.9889e+01
2.9866e+01
2.9844e+01
2.9824e+01
2.9805e+01
2.9778e+01
2.9752e+01
2.9733e+01
2.9720e+01
2.9697e+01
2.9681e+01
2.9654e+01
2.9628e+01
2.9605e+01
2.9576e+01
2.9547e+01
2.9530e+01
2.9501e+01
2.9472e+01
2.9449e+01
2.9426e+01
2.9403e+01
2.9380e+01
2.9357e+01
2.9338e+01
2.9315e+01
2.9292e+01
2.9269e+01
2.9249e+01
2.9223e+01
2.9203e+01
2.9187e+01
2.9171e+01
2.9148e+01
2.9131e+01
2.9115e+01
2.9099e+01
2.9079e+01
2.9063e+01
2.9036e+01
2.9023e+01
2.9004e+01
2.8984e+01
2.8958e+01
2.8925e+01
2.8909e+01
2.8879e+01
2.8853e+01
2.8833e+01
2.8807e+01
2.8784e+01
2.8758e+01
2.8728e+01
2.8702e+01
2.8679e+01
2.8649e+01
2.8626e+01
2.8597e+01
2.8574e+01
2.8547e+01
2.8524e+01
2.8501e+01
2.8475e+01
2.8455e+01
2.8432e+01
2.8409e+01
2.8390e+01
2.8377e+01
2.8350e+01
2.8330e+01
2.8311e+01
2.8301e+01
2.8274e+01
2.8251e+01
2.8232e+01
2.8195e+01
2.8163e+01
2.8130e+01
2.8100e+01
2.8067e+01
2.8044e+01
2.8021e+01
2.7988e+01
2.7965e+01
2.7935e+01
2.7912e+01
2.7889e+01
2.7862e+01
2.7839e+01
2.7813e+01
2.7790e+01
2.7767e+01
2.7740e+01
2.7707e+01
2.7687e+01
2.7671e+01
2.7641e+01
2.7615e+01
2.7595e+01
2.7575e+01
2.7549e+01
2.7529e+01
2.7506e+01
2.7486e+01
2.7459e+01
2.7430e+01
2.7396e+01
2.7360e+01
2.7337e+01
2.7307e+01
2.7281e+01
2.7257e+01
2.7231e+01
2.7204e+01
2.7178e+01
2.7168e+01
2.7145e+01
2.7132e+01
2.7108e+01
2.7085e+01
2.7075e+01
2.7055e+01
2.7022e+01
2.7005e+01
2.6996e+01
2.6982e+01
2.6959e+01
2.6946e+01
2.6923e+01
2.6906e+01
2.6889e+01
2.6889e+01
2.6876e+01
2.6889e+01
2.6866e+01
2.6863e+01
2.6843e+01
2.6826e+01
2.6813e+01
2.6793e+01
2.6766e+01
2.6747e+01
2.6733e+01
2.6720e+01
2.6707e+01
2.6693e+01
2.6680e+01
2.6660e+01
2.6633e+01
2.6630e+01
2.6627e+01
2.6647e+01
2.6627e+01
2.6650e+01
2.6617e+01
2.6610e+01
2.6567e+01
2.6574e+01
2.6547e+01
2.6524e+01
2.6490e+01
2.6444e+01
2.6394e+01
2.6347e+01
2.6314e+01
2.6277e+01
2.6224e+01
2.6187e+01
2.6137e+01
2.6104e+01
2.6061e+01
2.6007e+01
2.5957e+01
2.5910e+01
2.5867e+01
2.5817e+01
2.5770e+01
2.5733e+01
2.5680e+01
2.5630e+01
2.5596e+01
2.5553e+01
2.5529e+01
2.5506e+01
2.5553e+01
2.5536e+01
2.5563e+01
2.5559e+01
2.5566e+01
2.5546e+01
2.5586e+01
2.5613e+01
2.5676e+01
2.5690e+01
2.5727e+01
2.5716e+01
2.5727e+01
2.5727e+01
2.5727e+01
2.5710e+01
2.5710e+01
2.5693e+01
2.5683e+01
2.5656e+01
2.5643e+01
2.5619e+01
2.5603e+01
2.5583e+01
2.5563e+01
2.5546e+01
2.5529e+01
2.5509e+01
2.5489e+01
2.5472e+01
2.5462e+01
2.5439e+01
2.5425e+01
2.5409e+01
2.5399e+01
2.5385e+01
2.5372e+01
2.5345e+01
2.5315e+01
2.5291e+01
2.5264e+01
2.5231e+01
2.5204e+01
2.5184e+01
2.5167e+01
2.5144e+01
2.5117e+01
2.5090e+01
2.5063e+01
2.5040e+01
2.5019e+01
2.4989e+01
2.4976e+01
2.4952e+01
2.4935e+01
2.4909e+01
2.4885e+01
2.4865e+01
2.4841e+01
2.4821e+01
2.4798e+01
2.4774e+01
2.4761e+01
2.4744e+01
2.4717e+01
2.4683e+01
2.4656e+01
2.4626e+01
2.4596e+01
2.4562e+01
2.4539e+01
2.4512e+01
2.4488e+01
2.4461e+01
2.4434e+01
2.4411e+01
2.4394e+01
2.4377e+01
2.4353e+01
2.4330e+01
2.4309e+01
2.4282e+01
2.4262e+01
2.4232e+01
2.4218e+01
2.4198e+01
2.4178e+01
2.4158e+01
2.4134e+01
2.4114e+01
2.4093e+01
2.4070e+01
2.4046e+01
2.4016e+01
2.3989e+01
2.3958e+01
2.3935e+01
2.3908e+01
2.3887e+01
2.3857e+01
2.3836e+01
2.3813e+01
2.3793e+01
2.3762e+01
2.3738e+01
2.3721e+01
2.3694e+01
2.3674e+01
2.3654e+01
2.3627e+01
2.3606e+01
2.3589e+01
2.3572e+01
2.3539e+01
2.3522e+01
2.3501e+01
2.3488e+01
2.3461e+01
2.3440e+01
2.3410e+01
2.3379e+01
2.3355e+01
2.3322e+01
2.3298e+01
2.3274e+01
2.3250e+01
2.3223e+01
2.3196e+01
2.3182e+01
2.3165e+01
2.3142e+01
2.3121e+01
2.3101e+01
2.3077e+01
2.3060e+01
2.3043e+01
2.3019e+01
2.3002e+01
2.2992e+01
2.2968e+01
2.2962e+01
2.2938e+01
2.2921e+01
2.2900e+01
2.2887e+01
2.2859e+01
2.2832e+01
2.2808e+01
2.2778e+01
2.2740e+01
2.2713e+01
2.2686e+01
2.2659e+01
