6.1642e-01
5.9443e-01
5.9443e-01
5.8343e-01
5.7244e-01
5.6144e-01
5.5044e-01
5.3944e-01
5.1744e-01
5.1744e-01
5.1744e-01
4.9544e-01
4.8444e-01
4.6244e-01
4.5144e-01
4.4043e-01
4.1843e-01
4.0742e-01
4.0742e-01
3.8542e-01
3.7441e-01
3.6341e-01
3.5240e-01
3.4139e-01
3.4139e-01
3.1938e-01
3.0837e-01
3.0837e-01
2.9736e-01
2.7535e-01
2.6434e-01
2.5333e-01
2.5333e-01
2.4232e-01
2.3131e-01
1.9828e-01
1.9828e-01
1.8726e-01
1.7625e-01
1.6524e-01
1.5423e-01
1.4321e-01
1.4321e-01
1.4321e-01
1.2118e-01
1.1017e-01
1.1017e-01
9.9155e-02
8.8139e-02
7.7123e-02
6.6107e-02
5.5090e-02
4.4073e-02
3.3055e-02
3.3055e-02
3.3055e-02
2.2037e-02
1.1019e-02
1.1019e-02
1.1019e-02
0000
1.1019e-02
1.1019e-02
1.1019e-02
0000
1.1019e-02
1.1019e-02
3.3055e-02
5.5090e-02
7.7123e-02
9.9155e-02
1.3220e-01
1.6524e-01
2.0929e-01
2.6434e-01
3.0837e-01
3.7441e-01
4.4043e-01
5.0644e-01
5.7244e-01
6.6041e-01
7.4835e-01
8.3627e-01
9.3514e-01
1.0559e+00
1.1657e+00
1.2755e+00
1.4071e+00
1.5167e+00
1.6373e+00
1.7359e+00
1.8673e+00
1.9768e+00
2.0972e+00
2.2066e+00
2.3597e+00
2.4908e+00
2.6219e+00
2.7420e+00
2.9057e+00
3.0476e+00
3.2111e+00
3.3637e+00
3.5706e+00
3.7339e+00
3.9623e+00
4.1579e+00
4.3860e+00
4.6139e+00
4.8850e+00
5.1883e+00
5.4480e+00
5.7075e+00
5.9560e+00
6.2151e+00
6.4955e+00
6.7648e+00
7.0662e+00
7.3243e+00
7.6681e+00
7.9256e+00
8.2687e+00
8.5257e+00
8.8467e+00
9.1139e+00
9.6156e+00
1.0053e+01
1.0478e+01
1.0797e+01
1.1137e+01
1.1423e+01
1.1730e+01
1.2016e+01
1.2270e+01
1.2523e+01
1.2766e+01
1.3061e+01
1.3314e+01
1.3609e+01
1.3861e+01
1.4082e+01
1.4281e+01
1.4481e+01
1.4690e+01
1.4879e+01
1.5067e+01
1.5245e+01
1.5569e+01
1.5862e+01
1.6175e+01
1.6477e+01
1.6758e+01
1.6997e+01
1.7216e+01
1.7434e+01
1.7672e+01
1.7890e+01
1.8087e+01
1.8273e+01
1.8449e+01
1.8594e+01
1.8780e+01
1.8956e+01
1.9069e+01
1.9100e+01
1.9193e+01
1.9286e+01
1.9430e+01
1.9544e+01
1.9657e+01
1.9729e+01
1.9842e+01
1.9904e+01
1.9997e+01
2.0069e+01
2.0161e+01
2.0223e+01
2.0316e+01
2.0357e+01
2.0429e+01
2.0470e+01
2.0552e+01
2.0583e+01
2.0655e+01
2.0665e+01
2.0716e+01
2.0737e+01
2.0778e+01
2.0788e+01
2.0839e+01
2.0850e+01
2.0911e+01
2.0921e+01
2.1003e+01
2.1024e+01
2.1116e+01
2.1126e+01
2.1219e+01
2.1249e+01
2.1352e+01
2.1383e+01
2.1454e+01
2.1475e+01
2.1536e+01
2.1557e+01
2.1597e+01
2.1597e+01
2.1628e+01
2.1628e+01
2.1659e+01
2.1659e+01
2.1669e+01
2.1669e+01
2.1690e+01
2.1669e+01
2.1679e+01
2.1669e+01
2.1679e+01
2.1659e+01
2.1659e+01
2.1628e+01
2.1618e+01
2.1597e+01
2.1587e+01
2.1557e+01
2.1536e+01
2.1516e+01
2.1495e+01
2.1475e+01
2.1444e+01
2.1413e+01
2.1393e+01
2.1383e+01
2.1362e+01
2.1342e+01
2.1321e+01
2.1301e+01
2.1280e+01
2.1270e+01
2.1229e+01
2.1208e+01
2.1198e+01
2.1178e+01
2.1147e+01
2.1137e+01
2.1126e+01
2.1106e+01
2.1075e+01
2.1075e+01
2.1065e+01
2.1055e+01
2.1034e+01
2.1024e+01
2.0993e+01
2.0973e+01
2.0952e+01
2.0952e+01
2.0932e+01
2.0911e+01
2.0891e+01
2.0880e+01
2.0870e+01
2.0860e+01
2.0839e+01
2.0819e+01
2.0798e+01
2.0788e+01
2.0767e+01
2.0757e+01
2.0726e+01
2.0716e+01
2.0685e+01
2.0655e+01
2.0634e+01
2.0614e+01
2.0593e+01
2.0583e+01
2.0562e+01
2.0542e+01
2.0511e+01
2.0501e+01
2.0470e+01
2.0459e+01
2.0429e+01
2.0418e+01
2.0388e+01
2.0377e+01
2.0346e+01
2.0336e+01
2.0305e+01
2.0295e+01
2.0275e+01
2.0264e+01
2.0233e+01
2.0233e+01
2.0192e+01
2.0192e+01
2.0161e+01
2.0151e+01
2.0120e+01
2.0120e+01
2.0110e+01
2.0100e+01
2.0069e+01
2.0089e+01
2.0079e+01
2.0069e+01
2.0059e+01
2.0059e+01
2.0048e+01
2.0028e+01
2.0007e+01
1.9997e+01
1.9976e+01
1.9966e+01
1.9945e+01
1.9935e+01
1.9925e+01
1.9914e+01
1.9904e+01
1.9894e+01
1.9873e+01
1.9863e+01
1.9853e+01
1.9853e+01
1.9842e+01
1.9832e+01
1.9812e+01
1.9801e+01
1.9801e+01
1.9801e+01
1.9791e+01
1.9781e+01
1.9770e+01
1.9760e+01
1.9760e+01
1.9750e+01
1.9729e+01
1.9719e+01
1.9698e+01
1.9688e+01
1.9678e+01
1.9667e+01
1.9667e+01
1.9667e+01
1.9647e+01
1.9647e+01
1.9636e+01
1.9626e+01
1.9616e+01
1.9616e+01
1.9595e+01
1.9595e+01
1.9595e+01
1.9585e+01
1.9564e+01
1.9554e+01
1.9554e+01
1.9554e+01
1.9533e+01
1.9544e+01
1.9533e+01
1.9523e+01
1.9513e+01
1.9523e+01
1.9513e+01
1.9503e+01
1.9503e+01
1.9503e+01
1.9482e+01
1.9461e+01
1.9461e+01
1.9461e+01
1.9441e+01
1.9441e+01
1.9430e+01
1.9420e+01
1.9410e+01
1.9410e+01
1.9410e+01
1.9399e+01
1.9389e+01
1.9379e+01
1.9368e+01
1.9368e+01
1.9358e+01
1.9358e+01
1.9348e+01
1.9348e+01
1.9327e+01
1.9327e+01
1.9327e+01
1.9327e+01
1.9307e+01
1.9317e+01
1.9307e+01
1.9296e+01
1.9276e+01
1.9265e+01
1.9255e+01
1.9234e+01
1.9224e+01
1.9214e+01
1.9193e+01
1.9193e+01
1.9183e+01
1.9172e+01
1.9162e+01
1.9162e+01
1.9152e+01
1.9142e+01
1.9142e+01
1.9131e+01
1.9121e+01
1.9121e+01
1.9121e+01
1.9121e+01
1.9121e+01
1.9111e+01
1.9100e+01
1.9100e+01
1.9111e+01
1.9111e+01
1.9111e+01
1.9111e+01
1.9100e+01
1.9100e+01
1.9090e+01
1.9080e+01
1.9059e+01
1.9049e+01
1.9038e+01
1.9018e+01
1.8997e+01
1.8987e+01
1.8976e+01
1.8966e+01
1.8956e+01
1.8945e+01
1.8935e+01
1.8935e+01
1.8925e+01
1.8914e+01
1.8904e+01
1.8894e+01
1.8894e+01
1.8883e+01
1.8873e+01
1.8873e+01
1.8873e+01
1.8873e+01
1.8863e+01
1.8852e+01
1.8842e+01
1.8842e+01
1.8821e+01
1.8821e+01
1.8801e+01
1.8770e+01
1.8749e+01
1.8728e+01
1.8718e+01
1.8697e+01
1.8666e+01
1.8646e+01
1.8615e+01
1.8584e+01
1.8563e+01
1.8542e+01
1.8491e+01
1.8460e+01
1.8439e+01
1.8408e+01
1.8377e+01
1.8346e+01
1.8325e+01
1.8304e+01
1.8263e+01
1.8232e+01
1.8211e+01
1.8201e+01
1.8191e+01
1.8170e+01
1.8149e+01
1.8149e+01
1.8128e+01
1.8108e+01
1.8087e+01
1.8056e+01
1.8046e+01
1.8025e+01
1.8004e+01
1.7983e+01
1.7963e+01
1.7942e+01
1.7942e+01
1.7932e+01
1.7921e+01
1.7911e+01
1.7900e+01
1.7890e+01
1.7890e+01
1.7880e+01
1.7869e+01
1.7859e+01
1.7838e+01
1.7828e+01
1.7807e+01
1.7786e+01
1.7786e+01
1.7786e+01
1.7766e+01
1.7766e+01
1.7766e+01
1.7755e+01
1.7735e+01
1.7724e+01
1.7714e+01
1.7693e+01
1.7672e+01
1.7662e+01
1.7631e+01
1.7620e+01
1.7600e+01
1.7579e+01
1.7558e+01
1.7558e+01
1.7537e+01
1.7527e+01
1.7506e+01
1.7506e+01
1.7486e+01
1.7475e+01
1.7454e+01
1.7465e+01
1.7465e+01
1.7454e+01
1.7444e+01
1.7444e+01
1.7423e+01
1.7434e+01
1.7423e+01
1.7413e+01
1.7403e+01
1.7392e+01
1.7382e+01
1.7392e+01
1.7392e+01
1.7392e+01
1.7392e+01
1.7392e+01
1.7382e+01
1.7392e+01
1.7382e+01
1.7382e+01
1.7371e+01
1.7371e+01
1.7361e+01
1.7361e+01
1.7371e+01
1.7361e+01
1.7340e+01
1.7361e+01
1.7371e+01
1.7351e+01
1.7351e+01
1.7340e+01
1.7330e+01
1.7330e+01
1.7330e+01
1.7330e+01
1.7319e+01
1.7309e+01
1.7299e+01
1.7278e+01
1.7268e+01
1.7257e+01
1.7247e+01
1.7247e+01
1.7226e+01
1.7216e+01
1.7226e+01
1.7216e+01
1.7216e+01
1.7205e+01
1.7205e+01
1.7205e+01
1.7195e+01
1.7184e+01
1.7184e+01
1.7174e+01
1.7174e+01
1.7184e+01
1.7205e+01
1.7205e+01
1.7216e+01
1.7236e+01
1.7257e+01
1.7278e+01
1.7309e+01
1.7319e+01
1.7382e+01
1.7382e+01
1.7454e+01
1.7475e+01
1.7537e+01
1.7579e+01
1.7641e+01
1.7672e+01
1.7735e+01
1.7776e+01
1.7838e+01
1.7869e+01
1.7932e+01
1.7973e+01
1.8035e+01
1.8077e+01
1.8118e+01
1.8149e+01
1.8180e+01
1.8211e+01
1.8242e+01
1.8263e+01
1.8304e+01
1.8325e+01
1.8377e+01
1.8408e+01
1.8449e+01
1.8470e+01
1.8511e+01
1.8522e+01
1.8573e+01
1.8584e+01
1.8635e+01
1.8656e+01
1.8708e+01
1.8728e+01
1.8759e+01
1.8801e+01
1.8842e+01
1.8873e+01
1.8914e+01
1.8935e+01
1.8966e+01
1.8997e+01
1.9018e+01
1.9059e+01
1.9069e+01
1.9111e+01
1.9121e+01
1.9183e+01
1.9183e+01
1.9224e+01
1.9245e+01
1.9276e+01
1.9286e+01
1.9317e+01
1.9327e+01
1.9399e+01
1.9389e+01
1.9461e+01
1.9461e+01
1.9482e+01
1.9482e+01
1.9492e+01
1.9503e+01
1.9503e+01
1.9503e+01
1.9492e+01
1.9482e+01
1.9461e+01
1.9461e+01
1.9451e+01
1.9441e+01
1.9420e+01
1.9399e+01
1.9368e+01
1.9358e+01
1.9317e+01
1.9296e+01
1.9276e+01
1.9255e+01
1.9203e+01
1.9172e+01
1.9131e+01
1.9111e+01
1.9069e+01
1.9028e+01
1.8987e+01
1.8956e+01
1.8894e+01
1.8873e+01
1.8842e+01
1.8821e+01
1.8790e+01
1.8770e+01
1.8718e+01
1.8708e+01
1.8677e+01
1.8666e+01
1.8625e+01
1.8604e+01
1.8584e+01
1.8553e+01
1.8522e+01
1.8491e+01
1.8480e+01
1.8439e+01
1.8429e+01
1.8408e+01
1.8398e+01
1.8377e+01
1.8366e+01
1.8346e+01
1.8335e+01
1.8325e+01
1.8304e+01
1.8284e+01
1.8273e+01
1.8263e+01
1.8263e+01
1.8253e+01
1.8242e+01
1.8242e+01
1.8242e+01
1.8232e+01
1.8232e+01
1.8222e+01
1.8222e+01
1.8201e+01
1.8201e+01
1.8191e+01
1.8201e+01
1.8180e+01
1.8170e+01
1.8170e+01
1.8180e+01
1.8159e+01
1.8159e+01
1.8170e+01
1.8170e+01
1.8149e+01
1.8159e+01
1.8149e+01
1.8149e+01
1.8139e+01
1.8139e+01
1.8128e+01
1.8128e+01
1.8108e+01
1.8108e+01
1.8097e+01
1.8087e+01
1.8077e+01
1.8077e+01
1.8066e+01
1.8056e+01
1.8025e+01
1.8035e+01
1.8025e+01
1.8004e+01
1.7983e+01
1.7973e+01
1.7963e+01
1.7952e+01
1.7932e+01
1.7921e+01
1.7890e+01
1.7880e+01
1.7869e+01
1.7859e+01
1.7838e+01
1.7838e+01
1.7807e+01
1.7797e+01
1.7786e+01
1.7776e+01
1.7755e+01
1.7745e+01
1.7735e+01
1.7735e+01
1.7703e+01
1.7703e+01
1.7703e+01
1.7703e+01
1.7693e+01
1.7703e+01
1.7693e+01
1.7703e+01
1.7693e+01
1.7693e+01
1.7683e+01
1.7693e+01
1.7703e+01
1.7724e+01
1.7735e+01
1.7735e+01
1.7735e+01
1.7735e+01
1.7724e+01
1.7735e+01
1.7724e+01
1.7724e+01
1.7714e+01
1.7703e+01
1.7693e+01
1.7683e+01
1.7672e+01
1.7672e+01
1.7662e+01
1.7652e+01
1.7631e+01
1.7620e+01
1.7620e+01
1.7600e+01
1.7589e+01
1.7579e+01
1.7558e+01
1.7558e+01
1.7537e+01
1.7537e+01
1.7517e+01
1.7506e+01
1.7486e+01
1.7454e+01
1.7454e+01
1.7454e+01
1.7434e+01
1.7413e+01
1.7403e+01
1.7392e+01
1.7371e+01
1.7361e+01
1.7340e+01
1.7330e+01
1.7309e+01
1.7309e+01
1.7288e+01
1.7268e+01
1.7257e+01
1.7247e+01
1.7226e+01
1.7216e+01
1.7205e+01
1.7195e+01
1.7184e+01
1.7174e+01
1.7164e+01
1.7153e+01
1.7143e+01
1.7132e+01
1.7112e+01
1.7122e+01
1.7112e+01
1.7101e+01
1.7080e+01
1.7070e+01
1.7049e+01
1.7039e+01
1.7029e+01
1.7029e+01
1.7008e+01
1.6987e+01
1.6987e+01
1.6977e+01
1.6966e+01
1.6956e+01
1.6935e+01
1.6935e+01
1.6925e+01
1.6914e+01
1.6914e+01
1.6904e+01
1.6904e+01
1.6893e+01
1.6883e+01
1.6883e+01
1.6883e+01
1.6873e+01
1.6852e+01
1.6852e+01
1.6841e+01
1.6831e+01
1.6821e+01
1.6821e+01
1.6800e+01
1.6779e+01
1.6758e+01
1.6737e+01
1.6727e+01
1.6696e+01
1.6675e+01
1.6664e+01
1.6644e+01
1.6612e+01
1.6592e+01
1.6581e+01
1.6560e+01
1.6550e+01
1.6519e+01
1.6498e+01
1.6477e+01
1.6467e+01
1.6446e+01
1.6425e+01
1.6414e+01
1.6394e+01
1.6383e+01
1.6373e+01
1.6352e+01
1.6342e+01
1.6331e+01
1.6321e+01
1.6300e+01
1.6300e+01
1.6279e+01
1.6269e+01
1.6248e+01
1.6248e+01
1.6237e+01
1.6227e+01
1.6206e+01
1.6185e+01
1.6164e+01
1.6154e+01
1.6143e+01
1.6133e+01
1.6112e+01
1.6112e+01
1.6091e+01
1.6081e+01
1.6070e+01
1.6060e+01
1.6050e+01
1.6039e+01
1.6029e+01
1.6018e+01
1.6008e+01
1.5997e+01
1.5997e+01
1.5987e+01
1.5987e+01
1.5977e+01
1.5966e+01
1.5956e+01
1.5956e+01
1.5945e+01
1.5935e+01
1.5924e+01
1.5914e+01
1.5904e+01
1.5893e+01
1.5883e+01
1.5872e+01
1.5862e+01
1.5862e+01
1.5851e+01
1.5841e+01
1.5841e+01
1.5830e+01
1.5830e+01
1.5810e+01
1.5820e+01
1.5799e+01
1.5799e+01
1.5789e+01
1.5789e+01
1.5778e+01
1.5778e+01
1.5757e+01
1.5757e+01
1.5747e+01
1.5757e+01
1.5747e+01
1.5747e+01
1.5747e+01
1.5747e+01
1.5726e+01
1.5726e+01
1.5716e+01
1.5705e+01
1.5695e+01
1.5695e+01
1.5684e+01
1.5674e+01
1.5663e+01
1.5674e+01
1.5653e+01
1.5642e+01
1.5642e+01
1.5642e+01
1.5632e+01
1.5632e+01
1.5622e+01
1.5632e+01
1.5622e+01
1.5611e+01
1.5611e+01
1.5601e+01
1.5601e+01
1.5611e+01
1.5611e+01
1.5590e+01
1.5590e+01
1.5590e+01
1.5590e+01
1.5601e+01
1.5601e+01
1.5601e+01
1.5590e+01
1.5590e+01
1.5590e+01
1.5580e+01
1.5580e+01
1.5580e+01
1.5569e+01
1.5559e+01
1.5559e+01
1.5559e+01
1.5559e+01
1.5548e+01
1.5559e+01
1.5548e+01
1.5548e+01
1.5548e+01
1.5548e+01
1.5548e+01
1.5548e+01
1.5548e+01
1.5538e+01
1.5528e+01
1.5528e+01
1.5528e+01
1.5528e+01
1.5528e+01
1.5517e+01
1.5517e+01
1.5507e+01
1.5507e+01
1.5507e+01
1.5486e+01
1.5475e+01
1.5465e+01
1.5454e+01
1.5444e+01
1.5434e+01
1.5434e+01
1.5413e+01
1.5413e+01
1.5402e+01
1.5392e+01
1.5381e+01
1.5371e+01
1.5360e+01
1.5350e+01
1.5329e+01
1.5329e+01
1.5318e+01
1.5318e+01
1.5308e+01
1.5287e+01
1.5277e+01
1.5256e+01
1.5245e+01
1.5245e+01
1.5235e+01
1.5214e+01
1.5203e+01
1.5193e+01
1.5183e+01
1.5172e+01
1.5162e+01
1.5141e+01
1.5141e+01
1.5130e+01
1.5120e+01
1.5120e+01
1.5099e+01
1.5088e+01
1.5078e+01
1.5078e+01
1.5057e+01
1.5057e+01
1.5046e+01
1.5036e+01
1.5026e+01
1.5015e+01
1.5005e+01
1.5005e+01
1.4984e+01
1.4973e+01
1.4973e+01
1.4963e+01
1.4952e+01
1.4952e+01
1.4942e+01
1.4931e+01
1.4931e+01
1.4900e+01
1.4889e+01
1.4879e+01
1.4858e+01
1.4848e+01
1.4837e+01
1.4827e+01
1.4806e+01
1.4785e+01
1.4774e+01
1.4764e+01
1.4753e+01
1.4743e+01
1.4732e+01
1.4711e+01
1.4701e+01
1.4690e+01
1.4680e+01
1.4669e+01
1.4680e+01
1.4680e+01
1.4680e+01
1.4669e+01
1.4648e+01
1.4638e+01
1.4627e+01
1.4627e+01
1.4617e+01
1.4606e+01
1.4596e+01
1.4586e+01
1.4586e+01
1.4575e+01
1.4575e+01
1.4565e+01
1.4565e+01
1.4554e+01
1.4533e+01
1.4523e+01
1.4512e+01
1.4512e+01
1.4491e+01
1.4491e+01
1.4481e+01
1.4481e+01
1.4460e+01
1.4449e+01
1.4460e+01
1.4449e+01
1.4428e+01
1.4428e+01
1.4428e+01
1.4428e+01
1.4418e+01
1.4407e+01
1.4397e+01
1.4397e+01
1.4386e+01
1.4376e+01
1.4365e+01
1.4355e+01
1.4355e+01
1.4344e+01
1.4334e+01
1.4334e+01
1.4323e+01
1.4313e+01
1.4313e+01
1.4302e+01
1.4302e+01
1.4292e+01
1.4292e+01
1.4292e+01
1.4281e+01
1.4292e+01
1.4281e+01
1.4281e+01
1.4271e+01
1.4250e+01
1.4250e+01
1.4250e+01
1.4260e+01
1.4250e+01
1.4239e+01
1.4239e+01
1.4229e+01
1.4229e+01
1.4218e+01
1.4218e+01
1.4208e+01
1.4197e+01
1.4197e+01
1.4187e+01
1.4187e+01
1.4176e+01
1.4155e+01
1.4145e+01
1.4134e+01
1.4124e+01
1.4124e+01
1.4113e+01
1.4103e+01
1.4092e+01
1.4071e+01
1.4071e+01
1.4050e+01
1.4040e+01
1.4040e+01
1.4019e+01
1.4029e+01
1.4019e+01
1.4008e+01
1.3998e+01
1.3977e+01
1.3977e+01
1.3977e+01
1.3966e+01
1.3956e+01
1.3924e+01
1.3924e+01
1.3914e+01
1.3903e+01
1.3903e+01
1.3893e+01
1.3882e+01
1.3872e+01
1.3872e+01
1.3872e+01
1.3872e+01
1.3872e+01
1.3872e+01
1.3872e+01
1.3861e+01
1.3872e+01
1.3882e+01
1.3882e+01
1.3882e+01
1.3882e+01
1.3893e+01
1.3893e+01
1.3882e+01
1.3872e+01
1.3861e+01
1.3861e+01
1.3851e+01
1.3840e+01
1.3830e+01
1.3809e+01
1.3798e+01
1.3777e+01
1.3767e+01
1.3746e+01
1.3735e+01
1.3703e+01
1.3682e+01
1.3672e+01
1.3651e+01
1.3630e+01
1.3619e+01
1.3598e+01
1.3577e+01
1.3556e+01
1.3546e+01
1.3525e+01
1.3514e+01
1.3493e+01
1.3483e+01
1.3472e+01
1.3462e+01
1.3451e+01
1.3451e+01
1.3430e+01
1.3430e+01
1.3419e+01
1.3398e+01
1.3398e+01
1.3377e+01
1.3367e+01
1.3356e+01
1.3346e+01
1.3325e+01
1.3325e+01
1.3325e+01
1.3304e+01
1.3293e+01
1.3283e+01
1.3272e+01
1.3261e+01
1.3261e+01
1.3251e+01
1.3251e+01
1.3230e+01
1.3209e+01
1.3209e+01
1.3198e+01
1.3188e+01
1.3188e+01
1.3177e+01
1.3177e+01
1.3167e+01
1.3156e+01
1.3156e+01
1.3146e+01
1.3135e+01
1.3125e+01
1.3114e+01
1.3103e+01
1.3093e+01
1.3093e+01
1.3082e+01
1.3072e+01
1.3061e+01
1.3061e+01
1.3051e+01
1.3040e+01
1.3040e+01
1.3030e+01
1.3009e+01
1.3009e+01
1.3019e+01
1.3009e+01
1.2998e+01
1.2987e+01
1.2987e+01
1.2977e+01
1.2966e+01
1.2956e+01
1.2945e+01
1.2935e+01
1.2924e+01
1.2924e+01
1.2903e+01
1.2893e+01
1.2882e+01
1.2882e+01
1.2872e+01
1.2872e+01
1.2861e+01
1.2861e+01
1.2850e+01
1.2850e+01
1.2850e+01
1.2840e+01
1.2840e+01
1.2840e+01
1.2840e+01
1.2840e+01
1.2829e+01
1.2819e+01
1.2829e+01
1.2829e+01
1.2808e+01
1.2798e+01
1.2808e+01
1.2798e+01
1.2787e+01
1.2777e+01
1.2766e+01
1.2755e+01
1.2766e+01
1.2766e+01
1.2745e+01
1.2745e+01
1.2734e+01
1.2724e+01
1.2713e+01
1.2724e+01
1.2713e+01
1.2703e+01
1.2692e+01
1.2682e+01
1.2682e+01
1.2671e+01
1.2661e+01
1.2661e+01
1.2650e+01
1.2650e+01
1.2629e+01
1.2618e+01
1.2618e+01
1.2618e+01
1.2608e+01
1.2608e+01
1.2597e+01
1.2597e+01
1.2587e+01
1.2576e+01
1.2576e+01
1.2565e+01
1.2555e+01
1.2544e+01
1.2544e+01
1.2544e+01
1.2534e+01
1.2534e+01
1.2523e+01
1.2513e+01
1.2502e+01
1.2502e+01
1.2502e+01
1.2481e+01
1.2470e+01
1.2470e+01
1.2460e+01
1.2449e+01
1.2449e+01
1.2449e+01
1.2439e+01
1.2449e+01
1.2439e+01
1.2428e+01
1.2418e+01
1.2418e+01
1.2397e+01
1.2386e+01
1.2386e+01
1.2386e+01
1.2375e+01
1.2365e+01
1.2354e+01
1.2344e+01
1.2333e+01
1.2333e+01
1.2323e+01
1.2323e+01
1.2312e+01
1.2301e+01
1.2280e+01
1.2280e+01
1.2259e+01
1.2249e+01
1.2249e+01
1.2249e+01
1.2227e+01
1.2227e+01
1.2217e+01
1.2206e+01
1.2206e+01
1.2206e+01
1.2196e+01
1.2185e+01
1.2175e+01
1.2175e+01
1.2175e+01
1.2164e+01
1.2153e+01
1.2153e+01
1.2143e+01
1.2132e+01
1.2122e+01
1.2111e+01
1.2101e+01
1.2090e+01
1.2090e+01
1.2079e+01
1.2058e+01
1.2048e+01
1.2048e+01
1.2048e+01
1.2037e+01
1.2027e+01
1.2016e+01
1.2016e+01
1.2005e+01
1.1995e+01
1.1995e+01
1.1984e+01
1.1974e+01
1.1984e+01
1.1974e+01
1.1963e+01
1.1953e+01
1.1953e+01
1.1942e+01
1.1931e+01
1.1921e+01
1.1921e+01
1.1921e+01
1.1910e+01
1.1910e+01
1.1900e+01
1.1889e+01
1.1889e+01
1.1878e+01
1.1878e+01
1.1868e+01
1.1857e+01
1.1847e+01
1.1857e+01
1.1847e+01
1.1836e+01
1.1836e+01
1.1836e+01
1.1826e+01
1.1815e+01
1.1815e+01
1.1804e+01
1.1815e+01
1.1815e+01
1.1815e+01
1.1804e+01
1.1804e+01
1.1815e+01
1.1804e+01
1.1794e+01
1.1783e+01
1.1794e+01
1.1783e+01
1.1773e+01
1.1773e+01
1.1762e+01
1.1773e+01
1.1762e+01
1.1762e+01
1.1762e+01
1.1762e+01
1.1762e+01
1.1751e+01
1.1751e+01
1.1751e+01
1.1751e+01
1.1751e+01
1.1751e+01
1.1751e+01
1.1751e+01
1.1741e+01
1.1730e+01
1.1730e+01
1.1741e+01
1.1741e+01
1.1741e+01
1.1741e+01
1.1730e+01
1.1720e+01
1.1709e+01
1.1688e+01
1.1677e+01
1.1667e+01
1.1646e+01
1.1635e+01
1.1635e+01
1.1624e+01
1.1624e+01
1.1603e+01
1.1593e+01
1.1582e+01
1.1582e+01
1.1582e+01
1.1571e+01
1.1571e+01
1.1561e+01
1.1561e+01
1.1561e+01
1.1540e+01
1.1540e+01
1.1540e+01
1.1529e+01
1.1518e+01
1.1518e+01
1.1508e+01
1.1497e+01
1.1487e+01
1.1487e+01
1.1476e+01
1.1455e+01
1.1444e+01
1.1444e+01
1.1434e+01
1.1444e+01
1.1434e+01
1.1434e+01
1.1423e+01
1.1412e+01
1.1402e+01
1.1391e+01
1.1370e+01
1.1359e+01
1.1338e+01
1.1328e+01
1.1317e+01
1.1306e+01
1.1285e+01
1.1285e+01
1.1275e+01
1.1253e+01
1.1232e+01
1.1222e+01
1.1200e+01
1.1190e+01
1.1169e+01
1.1158e+01
1.1147e+01
1.1126e+01
1.1116e+01
1.1105e+01
1.1094e+01
1.1094e+01
1.1094e+01
1.1084e+01
1.1073e+01
1.1073e+01
1.1073e+01
1.1073e+01
1.1062e+01
1.1062e+01
1.1052e+01
1.1062e+01
1.1052e+01
1.1041e+01
1.1052e+01
1.1052e+01
1.1062e+01
1.1052e+01
1.1052e+01
1.1052e+01
1.1052e+01
1.1041e+01
1.1031e+01
1.1031e+01
1.1031e+01
1.1020e+01
1.1009e+01
1.1020e+01
1.1009e+01
1.1009e+01
1.1009e+01
1.0999e+01
1.0999e+01
1.0999e+01
1.0999e+01
1.0999e+01
1.0988e+01
1.0988e+01
1.0988e+01
1.0988e+01
1.0967e+01
1.0967e+01
1.0956e+01
1.0956e+01
1.0946e+01
1.0935e+01
1.0924e+01
1.0924e+01
1.0914e+01
1.0893e+01
1.0893e+01
1.0882e+01
1.0871e+01
1.0871e+01
1.0871e+01
1.0861e+01
1.0850e+01
1.0871e+01
1.0861e+01
1.0871e+01
1.0871e+01
1.0903e+01
1.0914e+01
1.0924e+01
1.0946e+01
1.0978e+01
1.0999e+01
1.1020e+01
1.1052e+01
1.1094e+01
1.1126e+01
1.1158e+01
1.1190e+01
1.1232e+01
1.1275e+01
1.1306e+01
1.1338e+01
1.1381e+01
1.1412e+01
1.1476e+01
1.1518e+01
1.1582e+01
1.1624e+01
1.1667e+01
1.1730e+01
1.1826e+01
1.1878e+01
1.1953e+01
1.2005e+01
1.2079e+01
1.2143e+01
1.2227e+01
1.2291e+01
1.2365e+01
1.2449e+01
1.2544e+01
1.2639e+01
1.2734e+01
1.2829e+01
1.2924e+01
1.3019e+01
1.3114e+01
1.3209e+01
1.3293e+01
1.3398e+01
1.3483e+01
1.3556e+01
1.3651e+01
1.3756e+01
1.3830e+01
1.3935e+01
1.4008e+01
1.4124e+01
1.4208e+01
1.4313e+01
1.4407e+01
1.4544e+01
1.4617e+01
1.4722e+01
1.4774e+01
1.4868e+01
1.4910e+01
1.5026e+01
1.5120e+01
1.5214e+01
1.5266e+01
1.5350e+01
1.5392e+01
1.5475e+01
1.5517e+01
1.5590e+01
1.5632e+01
1.5705e+01
1.5747e+01
1.5799e+01
1.5841e+01
1.5883e+01
1.5914e+01
1.5956e+01
1.5987e+01
1.6029e+01
1.6039e+01
1.6060e+01
1.6081e+01
1.6112e+01
1.6112e+01
1.6143e+01
1.6143e+01
1.6154e+01
1.6154e+01
1.6164e+01
1.6154e+01
1.6154e+01
1.6154e+01
1.6133e+01
1.6133e+01
1.6123e+01
1.6112e+01
1.6091e+01
1.6081e+01
1.6070e+01
1.6060e+01
1.6039e+01
1.6018e+01
1.5987e+01
1.5987e+01
1.5956e+01
1.5945e+01
1.5904e+01
1.5893e+01
1.5872e+01
1.5862e+01
1.5820e+01
1.5799e+01
1.5757e+01
1.5736e+01
1.5705e+01
1.5695e+01
1.5663e+01
1.5653e+01
1.5611e+01
1.5590e+01
1.5538e+01
1.5528e+01
1.5486e+01
1.5475e+01
1.5444e+01
1.5423e+01
1.5392e+01
1.5371e+01
1.5339e+01
1.5329e+01
1.5287e+01
1.5277e+01
1.5245e+01
1.5235e+01
1.5203e+01
1.5183e+01
1.5141e+01
1.5141e+01
1.5109e+01
1.5099e+01
1.5067e+01
1.5046e+01
1.5015e+01
1.5005e+01
1.4973e+01
1.4963e+01
1.4931e+01
1.4910e+01
1.4889e+01
1.4879e+01
1.4848e+01
1.4837e+01
1.4816e+01
1.4785e+01
1.4764e+01
1.4764e+01
1.4743e+01
1.4711e+01
1.4690e+01
1.4680e+01
1.4659e+01
1.4648e+01
1.4627e+01
1.4617e+01
1.4596e+01
1.4596e+01
1.4565e+01
1.4565e+01
1.4554e+01
1.4533e+01
1.4512e+01
1.4512e+01
1.4502e+01
1.4481e+01
1.4460e+01
1.4449e+01
1.4449e+01
1.4439e+01
1.4428e+01
1.4428e+01
1.4407e+01
1.4407e+01
1.4397e+01
1.4386e+01
1.4386e+01
1.4376e+01
1.4365e+01
1.4365e+01
1.4355e+01
1.4355e+01
1.4344e+01
1.4344e+01
1.4334e+01
1.4334e+01
1.4334e+01
1.4323e+01
1.4323e+01
1.4313e+01
1.4302e+01
1.4292e+01
1.4281e+01
1.4281e+01
1.4271e+01
1.4260e+01
1.4260e+01
1.4239e+01
1.4229e+01
1.4229e+01
1.4218e+01
1.4197e+01
1.4197e+01
1.4197e+01
1.4176e+01
1.4176e+01
1.4166e+01
1.4155e+01
1.4145e+01
1.4134e+01
1.4124e+01
1.4113e+01
1.4103e+01
1.4082e+01
1.4082e+01
1.4071e+01
1.4061e+01
1.4061e+01
1.4040e+01
1.4029e+01
1.4019e+01
1.4008e+01
1.3998e+01
1.3987e+01
1.3977e+01
1.3966e+01
1.3945e+01
1.3935e+01
1.3924e+01
1.3914e+01
1.3893e+01
1.3882e+01
1.3861e+01
1.3851e+01
1.3840e+01
1.3830e+01
1.3809e+01
1.3809e+01
1.3798e+01
1.3788e+01
1.3767e+01
1.3767e+01
1.3746e+01
1.3735e+01
1.3725e+01
1.3714e+01
1.3714e+01
1.3703e+01
1.3693e+01
1.3672e+01
1.3672e+01
1.3661e+01
1.3651e+01
1.3651e+01
1.3640e+01
1.3640e+01
1.3640e+01
