2.7740e+01
2.7720e+01
2.7701e+01
2.7691e+01
2.7671e+01
2.7647e+01
2.7622e+01
2.7603e+01
2.7588e+01
2.7559e+01
2.7549e+01
2.7534e+01
2.7519e+01
2.7495e+01
2.7475e+01
2.7446e+01
2.7431e+01
2.7416e+01
2.7392e+01
2.7367e+01
2.7348e+01
2.7323e+01
2.7308e+01
2.7284e+01
2.7264e+01
2.7244e+01
2.7220e+01
2.7210e+01
2.7195e+01
2.7190e+01
2.7176e+01
2.7171e+01
2.7156e+01
2.7156e+01
2.7146e+01
2.7141e+01
2.7127e+01
2.7131e+01
2.7141e+01
2.7146e+01
2.7151e+01
2.7151e+01
2.7161e+01
2.7176e+01
2.7186e+01
2.7205e+01
2.7210e+01
2.7230e+01
2.7244e+01
2.7279e+01
2.7299e+01
2.7338e+01
2.7367e+01
2.7411e+01
2.7441e+01
2.7485e+01
2.7510e+01
2.7564e+01
2.7598e+01
2.7652e+01
2.7686e+01
2.7745e+01
2.7769e+01
2.7833e+01
2.7872e+01
2.7926e+01
2.7970e+01
2.8024e+01
2.8073e+01
2.8127e+01
2.8166e+01
2.8215e+01
2.8268e+01
2.8322e+01
2.8371e+01
2.8420e+01
2.8464e+01
2.8527e+01
2.8576e+01
2.8639e+01
2.8683e+01
2.8737e+01
2.8795e+01
2.8844e+01
2.8883e+01
2.8927e+01
2.8971e+01
2.9010e+01
2.9039e+01
2.9068e+01
2.9102e+01
2.9127e+01
2.9146e+01
2.9175e+01
2.9195e+01
2.9204e+01
2.9209e+01
2.9219e+01
2.9224e+01
2.9229e+01
2.9234e+01
2.9234e+01
2.9238e+01
2.9214e+01
2.9209e+01
2.9200e+01
2.9200e+01
2.9180e+01
2.9166e+01
2.9146e+01
2.9127e+01
2.9107e+01
2.9078e+01
2.9063e+01
2.9039e+01
2.9010e+01
2.8985e+01
2.8951e+01
2.8927e+01
2.8893e+01
2.8873e+01
2.8849e+01
2.8825e+01
2.8786e+01
2.8752e+01
2.8713e+01
2.8683e+01
2.8649e+01
2.8610e+01
2.8576e+01
2.8542e+01
2.8488e+01
2.8449e+01
2.8400e+01
2.8347e+01
2.8303e+01
2.8259e+01
2.8220e+01
2.8176e+01
2.8127e+01
2.8078e+01
2.8039e+01
2.7985e+01
2.7941e+01
2.7897e+01
2.7862e+01
2.7809e+01
2.7760e+01
2.7706e+01
2.7657e+01
2.7608e+01
2.7564e+01
2.7524e+01
2.7475e+01
2.7431e+01
2.7392e+01
2.7343e+01
2.7299e+01
2.7244e+01
2.7210e+01
2.7156e+01
2.7107e+01
2.7058e+01
2.7014e+01
2.6974e+01
2.6925e+01
2.6876e+01
2.6831e+01
2.6787e+01
2.6753e+01
2.6708e+01
2.6659e+01
2.6615e+01
2.6580e+01
2.6531e+01
2.6496e+01
2.6447e+01
2.6403e+01
2.6373e+01
2.6329e+01
2.6304e+01
2.6270e+01
2.6225e+01
2.6195e+01
2.6171e+01
2.6126e+01
2.6097e+01
2.6062e+01
2.6032e+01
2.6008e+01
2.5983e+01
2.5958e+01
2.5924e+01
2.5904e+01
2.5879e+01
2.5859e+01
2.5835e+01
2.5810e+01
2.5805e+01
2.5790e+01
2.5780e+01
2.5760e+01
2.5765e+01
2.5756e+01
2.5746e+01
2.5746e+01
2.5731e+01
2.5746e+01
2.5736e+01
2.5741e+01
2.5746e+01
2.5751e+01
2.5760e+01
2.5770e+01
2.5785e+01
2.5810e+01
2.5825e+01
2.5854e+01
2.5874e+01
2.5909e+01
2.5944e+01
2.5993e+01
2.6032e+01
2.6087e+01
2.6136e+01
2.6195e+01
2.6250e+01
2.6314e+01
2.6378e+01
2.6452e+01
2.6526e+01
2.6600e+01
2.6679e+01
2.6763e+01
2.6841e+01
2.6930e+01
2.7018e+01
2.7112e+01
2.7195e+01
2.7303e+01
2.7397e+01
2.7505e+01
2.7588e+01
2.7715e+01
2.7809e+01
2.7936e+01
2.8024e+01
2.8161e+01
2.8273e+01
2.8415e+01
2.8508e+01
2.8630e+01
2.8722e+01
2.8830e+01
2.8922e+01
2.9029e+01
2.9112e+01
2.9200e+01
2.9282e+01
2.9365e+01
2.9462e+01
2.9535e+01
2.9613e+01
2.9671e+01
2.9748e+01
2.9807e+01
2.9865e+01
2.9913e+01
2.9971e+01
2.9986e+01
3.0034e+01
3.0054e+01
3.0073e+01
3.0102e+01
3.0131e+01
3.0136e+01
3.0165e+01
3.0155e+01
3.0170e+01
3.0165e+01
3.0180e+01
3.0184e+01
3.0194e+01
3.0175e+01
3.0189e+01
3.0165e+01
3.0151e+01
3.0126e+01
3.0131e+01
3.0117e+01
3.0107e+01
3.0078e+01
3.0063e+01
3.0029e+01
3.0005e+01
2.9976e+01
2.9947e+01
2.9899e+01
2.9865e+01
2.9826e+01
2.9782e+01
2.9744e+01
2.9700e+01
2.9656e+01
2.9608e+01
2.9554e+01
2.9501e+01
2.9447e+01
2.9404e+01
2.9350e+01
2.9297e+01
2.9243e+01
2.9190e+01
2.9131e+01
2.9083e+01
2.9034e+01
2.8976e+01
2.8917e+01
2.8859e+01
2.8815e+01
2.8761e+01
2.8703e+01
2.8644e+01
2.8596e+01
2.8547e+01
2.8488e+01
2.8439e+01
2.8386e+01
2.8351e+01
2.8312e+01
2.8298e+01
2.8283e+01
2.8278e+01
2.8264e+01
2.8229e+01
2.8190e+01
2.8161e+01
2.8127e+01
2.8078e+01
2.8034e+01
2.7995e+01
2.7946e+01
2.7902e+01
2.7858e+01
2.7813e+01
2.7769e+01
2.7715e+01
2.7676e+01
2.7632e+01
2.7588e+01
2.7539e+01
2.7495e+01
2.7451e+01
2.7411e+01
2.7367e+01
2.7328e+01
2.7284e+01
2.7225e+01
2.7186e+01
2.7151e+01
2.7112e+01
2.7073e+01
2.7028e+01
2.6999e+01
2.6945e+01
2.6905e+01
2.6856e+01
2.6822e+01
2.6777e+01
2.6738e+01
2.6699e+01
2.6659e+01
2.6620e+01
2.6585e+01
2.6546e+01
2.6506e+01
2.6457e+01
2.6423e+01
2.6388e+01
2.6353e+01
2.6319e+01
2.6289e+01
2.6250e+01
2.6225e+01
2.6191e+01
2.6151e+01
2.6116e+01
2.6072e+01
2.6042e+01
2.6008e+01
2.5968e+01
2.5934e+01
2.5899e+01
2.5874e+01
2.5840e+01
2.5810e+01
2.5770e+01
2.5746e+01
2.5701e+01
2.5671e+01
2.5642e+01
2.5612e+01
2.5577e+01
2.5553e+01
2.5533e+01
2.5498e+01
2.5473e+01
2.5458e+01
2.5429e+01
2.5424e+01
2.5399e+01
2.5389e+01
2.5369e+01
2.5354e+01
2.5344e+01
2.5329e+01
2.5320e+01
2.5320e+01
2.5305e+01
2.5300e+01
2.5300e+01
2.5300e+01
2.5290e+01
2.5290e+01
2.5285e+01
2.5285e+01
2.5280e+01
2.5290e+01
2.5280e+01
2.5300e+01
2.5300e+01
2.5295e+01
2.5290e+01
2.5300e+01
2.5295e+01
2.5300e+01
2.5305e+01
2.5315e+01
2.5320e+01
2.5315e+01
2.5325e+01
2.5329e+01
2.5339e+01
2.5354e+01
2.5359e+01
2.5369e+01
2.5384e+01
2.5394e+01
2.5414e+01
2.5429e+01
2.5453e+01
2.5468e+01
2.5503e+01
2.5518e+01
2.5553e+01
2.5587e+01
2.5617e+01
2.5642e+01
2.5681e+01
2.5701e+01
2.5741e+01
2.5765e+01
2.5795e+01
2.5810e+01
2.5854e+01
2.5879e+01
2.5919e+01
2.5934e+01
2.5978e+01
2.6003e+01
2.6037e+01
2.6062e+01
2.6102e+01
2.6126e+01
2.6171e+01
2.6195e+01
2.6225e+01
2.6260e+01
2.6284e+01
2.6309e+01
2.6344e+01
2.6368e+01
2.6398e+01
2.6418e+01
2.6442e+01
2.6462e+01
2.6487e+01
2.6496e+01
2.6511e+01
2.6521e+01
2.6531e+01
2.6546e+01
2.6565e+01
2.6585e+01
2.6590e+01
2.6585e+01
2.6585e+01
2.6585e+01
2.6590e+01
2.6590e+01
2.6580e+01
2.6590e+01
2.6580e+01
2.6575e+01
2.6565e+01
2.6556e+01
2.6541e+01
2.6531e+01
2.6511e+01
2.6511e+01
2.6496e+01
2.6472e+01
2.6447e+01
2.6423e+01
2.6398e+01
2.6373e+01
2.6353e+01
2.6334e+01
2.6314e+01
2.6294e+01
2.6270e+01
2.6240e+01
2.6210e+01
2.6186e+01
2.6166e+01
2.6146e+01
2.6116e+01
2.6102e+01
2.6077e+01
2.6052e+01
2.6028e+01
2.5993e+01
2.5973e+01
2.5953e+01
2.5939e+01
2.5914e+01
2.5879e+01
2.5874e+01
2.5864e+01
2.5850e+01
2.5825e+01
2.5815e+01
2.5785e+01
2.5765e+01
2.5746e+01
2.5731e+01
2.5716e+01
2.5696e+01
2.5671e+01
2.5647e+01
2.5637e+01
2.5612e+01
2.5597e+01
2.5577e+01
2.5567e+01
2.5553e+01
2.5543e+01
2.5533e+01
2.5518e+01
2.5523e+01
2.5508e+01
2.5503e+01
2.5488e+01
2.5473e+01
2.5468e+01
2.5483e+01
2.5488e+01
2.5483e+01
2.5468e+01
2.5463e+01
2.5453e+01
2.5463e+01
2.5458e+01
2.5463e+01
2.5458e+01
2.5444e+01
2.5444e+01
2.5444e+01
2.5424e+01
2.5414e+01
2.5414e+01
2.5394e+01
2.5389e+01
2.5389e+01
2.5384e+01
2.5379e+01
2.5364e+01
2.5359e+01
2.5339e+01
2.5325e+01
2.5305e+01
2.5300e+01
2.5285e+01
2.5265e+01
2.5240e+01
2.5215e+01
2.5196e+01
2.5186e+01
2.5166e+01
2.5141e+01
2.5116e+01
2.5096e+01
2.5066e+01
2.5032e+01
2.5007e+01
2.4992e+01
2.4957e+01
2.4922e+01
2.4888e+01
2.4858e+01
2.4823e+01
2.4788e+01
2.4758e+01
2.4724e+01
2.4694e+01
2.4644e+01
2.4609e+01
2.4569e+01
2.4534e+01
2.4514e+01
2.4455e+01
2.4440e+01
2.4400e+01
2.4360e+01
2.4310e+01
2.4270e+01
2.4235e+01
2.4181e+01
2.4146e+01
2.4101e+01
2.4081e+01
2.4026e+01
2.3981e+01
2.3961e+01
2.3916e+01
2.3886e+01
2.3856e+01
2.3811e+01
2.3771e+01
2.3731e+01
2.3706e+01
2.3656e+01
2.3636e+01
2.3586e+01
2.3571e+01
2.3526e+01
2.3506e+01
2.3471e+01
2.3446e+01
2.3416e+01
2.3381e+01
2.3351e+01
2.3336e+01
2.3311e+01
2.3286e+01
2.3246e+01
2.3231e+01
2.3211e+01
2.3190e+01
2.3165e+01
2.3155e+01
2.3135e+01
2.3125e+01
2.3120e+01
2.3100e+01
2.3090e+01
2.3085e+01
2.3075e+01
2.3070e+01
2.3060e+01
2.3055e+01
2.3035e+01
2.3025e+01
2.3005e+01
2.2990e+01
2.2965e+01
2.2945e+01
2.2920e+01
2.2899e+01
2.2884e+01
2.2864e+01
2.2839e+01
2.2809e+01
2.2789e+01
2.2769e+01
2.2754e+01
2.2729e+01
2.2714e+01
2.2689e+01
2.2668e+01
2.2648e+01
2.2618e+01
2.2608e+01
2.2588e+01
2.2568e+01
2.2543e+01
2.2528e+01
2.2513e+01
2.2477e+01
2.2462e+01
2.2442e+01
2.2422e+01
2.2407e+01
2.2387e+01
2.2367e+01
2.2357e+01
2.2336e+01
2.2306e+01
2.2286e+01
2.2271e+01
2.2246e+01
2.2226e+01
2.2221e+01
2.2200e+01
2.2180e+01
2.2155e+01
2.2140e+01
2.2115e+01
2.2090e+01
2.2074e+01
2.2054e+01
2.2024e+01
2.2004e+01
2.1979e+01
2.1964e+01
2.1943e+01
2.1918e+01
2.1898e+01
2.1873e+01
2.1848e+01
2.1822e+01
2.1802e+01
2.1777e+01
2.1762e+01
2.1726e+01
2.1701e+01
2.1686e+01
2.1651e+01
2.1620e+01
2.1600e+01
2.1570e+01
2.1539e+01
2.1509e+01
2.1489e+01
2.1464e+01
2.1428e+01
2.1403e+01
2.1373e+01
2.1342e+01
2.1317e+01
2.1292e+01
2.1271e+01
2.1251e+01
2.1236e+01
2.1226e+01
2.1201e+01
2.1195e+01
2.1190e+01
2.1190e+01
2.1185e+01
2.1190e+01
2.1195e+01
2.1201e+01
2.1211e+01
2.1216e+01
2.1241e+01
2.1261e+01
2.1266e+01
2.1297e+01
2.1317e+01
2.1347e+01
2.1368e+01
2.1398e+01
2.1418e+01
2.1459e+01
2.1479e+01
2.1509e+01
2.1534e+01
2.1560e+01
2.1595e+01
2.1620e+01
2.1641e+01
2.1661e+01
2.1681e+01
2.1711e+01
2.1726e+01
2.1742e+01
2.1767e+01
2.1792e+01
2.1807e+01
2.1832e+01
2.1848e+01
2.1863e+01
2.1873e+01
2.1898e+01
2.1918e+01
2.1918e+01
2.1928e+01
2.1943e+01
2.1948e+01
2.1948e+01
2.1953e+01
2.1969e+01
2.1959e+01
2.1964e+01
2.1953e+01
2.1943e+01
2.1943e+01
2.1933e+01
2.1913e+01
2.1908e+01
2.1893e+01
2.1873e+01
2.1858e+01
2.1842e+01
2.1817e+01
2.1797e+01
2.1782e+01
2.1736e+01
2.1731e+01
2.1691e+01
2.1676e+01
2.1635e+01
2.1595e+01
2.1575e+01
2.1539e+01
2.1499e+01
2.1448e+01
2.1413e+01
2.1368e+01
2.1332e+01
2.1292e+01
2.1256e+01
2.1206e+01
2.1165e+01
2.1114e+01
2.1079e+01
2.1033e+01
2.0978e+01
2.0932e+01
2.0886e+01
2.0851e+01
2.0805e+01
2.0780e+01
2.0724e+01
2.0689e+01
2.0643e+01
2.0607e+01
2.0557e+01
2.0526e+01
2.0475e+01
2.0430e+01
2.0394e+01
2.0348e+01
2.0313e+01
2.0277e+01
2.0226e+01
2.0191e+01
2.0150e+01
2.0109e+01
2.0063e+01
2.0028e+01
1.9982e+01
1.9946e+01
1.9900e+01
1.9854e+01
1.9819e+01
1.9768e+01
1.9737e+01
1.9691e+01
1.9661e+01
1.9615e+01
1.9564e+01
1.9538e+01
1.9497e+01
1.9472e+01
1.9416e+01
1.9385e+01
1.9344e+01
1.9308e+01
1.9273e+01
1.9232e+01
1.9191e+01
1.9160e+01
1.9119e+01
1.9078e+01
1.9042e+01
1.9007e+01
1.8976e+01
1.8935e+01
1.8899e+01
1.8863e+01
1.8817e+01
1.8786e+01
1.8745e+01
1.8715e+01
1.8674e+01
1.8643e+01
1.8617e+01
1.8576e+01
1.8540e+01
1.8515e+01
1.8489e+01
1.8458e+01
1.8427e+01
1.8391e+01
1.8366e+01
1.8335e+01
1.8304e+01
1.8289e+01
1.8258e+01
1.8227e+01
1.8196e+01
1.8165e+01
1.8135e+01
1.8104e+01
1.8083e+01
1.8058e+01
1.8027e+01
1.7991e+01
1.7970e+01
1.7939e+01
1.7913e+01
1.7888e+01
1.7852e+01
1.7826e+01
1.7800e+01
1.7769e+01
1.7749e+01
1.7723e+01
1.7697e+01
1.7677e+01
1.7646e+01
1.7620e+01
1.7610e+01
1.7574e+01
1.7543e+01
1.7522e+01
1.7496e+01
1.7476e+01
1.7440e+01
1.7424e+01
1.7398e+01
1.7372e+01
1.7347e+01
1.7326e+01
1.7295e+01
1.7264e+01
1.7238e+01
1.7207e+01
1.7187e+01
1.7156e+01
1.7114e+01
1.7088e+01
1.7057e+01
1.7032e+01
1.6985e+01
1.6959e+01
1.6933e+01
1.6897e+01
1.6866e+01
1.6840e+01
1.6804e+01
1.6773e+01
1.6742e+01
1.6716e+01
1.6690e+01
1.6664e+01
1.6633e+01
1.6618e+01
1.6592e+01
1.6561e+01
1.6519e+01
1.6493e+01
1.6462e+01
1.6436e+01
1.6405e+01
1.6379e+01
1.6353e+01
1.6317e+01
1.6302e+01
1.6270e+01
1.6245e+01
1.6219e+01
1.6193e+01
1.6162e+01
1.6125e+01
1.6115e+01
1.6084e+01
1.6052e+01
1.6016e+01
1.5995e+01
1.5980e+01
1.5954e+01
1.5917e+01
1.5902e+01
1.5871e+01
1.5845e+01
1.5829e+01
1.5803e+01
1.5782e+01
1.5761e+01
1.5730e+01
1.5709e+01
1.5683e+01
1.5657e+01
1.5626e+01
1.5595e+01
1.5569e+01
1.5548e+01
1.5527e+01
1.5496e+01
1.5465e+01
1.5444e+01
1.5423e+01
1.5392e+01
1.5371e+01
1.5345e+01
1.5319e+01
1.5298e+01
1.5262e+01
1.5246e+01
1.5220e+01
1.5199e+01
1.5178e+01
1.5152e+01
1.5121e+01
1.5100e+01
1.5089e+01
1.5058e+01
1.5027e+01
1.5011e+01
1.4985e+01
1.4964e+01
1.4933e+01
1.4917e+01
1.4891e+01
1.4865e+01
1.4849e+01
1.4823e+01
1.4792e+01
1.4771e+01
1.4745e+01
1.4719e+01
1.4703e+01
1.4672e+01
1.4651e+01
1.4630e+01
1.4604e+01
1.4583e+01
1.4551e+01
1.4536e+01
1.4504e+01
1.4494e+01
1.4473e+01
1.4441e+01
1.4405e+01
1.4379e+01
1.4358e+01
1.4332e+01
1.4305e+01
1.4279e+01
1.4248e+01
1.4211e+01
1.4195e+01
1.4169e+01
1.4132e+01
1.4111e+01
1.4080e+01
1.4049e+01
1.4022e+01
1.4001e+01
1.3970e+01
1.3944e+01
1.3923e+01
1.3891e+01
1.3865e+01
1.3839e+01
1.3807e+01
1.3776e+01
1.3749e+01
1.3734e+01
1.3692e+01
1.3665e+01
1.3650e+01
1.3629e+01
1.3602e+01
1.3576e+01
1.3550e+01
1.3523e+01
1.3502e+01
1.3481e+01
1.3455e+01
1.3429e+01
1.3397e+01
1.3371e+01
1.3345e+01
1.3318e+01
1.3287e+01
1.3266e+01
1.3239e+01
1.3213e+01
1.3181e+01
1.3166e+01
1.3145e+01
1.3118e+01
1.3087e+01
1.3055e+01
1.3039e+01
1.3018e+01
1.2992e+01
1.2960e+01
1.2944e+01
1.2923e+01
1.2892e+01
1.2876e+01
1.2849e+01
1.2834e+01
1.2802e+01
1.2775e+01
1.2749e+01
1.2723e+01
1.2696e+01
1.2675e+01
1.2644e+01
1.2628e+01
1.2607e+01
1.2585e+01
1.2559e+01
1.2533e+01
1.2506e+01
1.2485e+01
1.2453e+01
1.2437e+01
1.2411e+01
1.2390e+01
1.2358e+01
1.2326e+01
1.2311e+01
1.2289e+01
1.2263e+01
1.2237e+01
1.2215e+01
1.2194e+01
1.2173e+01
1.2152e+01
1.2120e+01
1.2088e+01
1.2057e+01
1.2035e+01
1.2014e+01
1.1988e+01
1.1956e+01
1.1935e+01
1.1919e+01
1.1892e+01
1.1866e+01
1.1839e+01
1.1818e+01
1.1802e+01
1.1770e+01
1.1749e+01
1.1733e+01
1.1712e+01
1.1680e+01
1.1664e+01
1.1638e+01
1.1611e+01
1.1590e+01
1.1563e+01
1.1537e+01
1.1516e+01
1.1494e+01
1.1473e+01
1.1452e+01
1.1420e+01
1.1399e+01
1.1372e+01
1.1340e+01
1.1319e+01
1.1293e+01
1.1266e+01
1.1245e+01
1.1223e+01
1.1197e+01
1.1165e+01
1.1149e+01
1.1122e+01
1.1091e+01
1.1064e+01
1.1053e+01
1.1027e+01
1.0995e+01
1.0984e+01
1.0968e+01
1.0941e+01
1.0910e+01
1.0894e+01
1.0867e+01
1.0846e+01
1.0819e+01
1.0798e+01
1.0782e+01
1.0750e+01
1.0728e+01
1.0696e+01
1.0675e+01
1.0654e+01
1.0622e+01
1.0600e+01
1.0579e+01
1.0552e+01
1.0520e+01
1.0510e+01
1.0483e+01
1.0467e+01
1.0446e+01
1.0414e+01
1.0376e+01
1.0350e+01
1.0334e+01
1.0302e+01
1.0280e+01
1.0264e+01
1.0243e+01
1.0227e+01
1.0200e+01
1.0189e+01
1.0168e+01
1.0147e+01
1.0125e+01
1.0104e+01
1.0083e+01
1.0061e+01
1.0050e+01
1.0034e+01
1.0018e+01
1.0008e+01
9.9970e+00
9.9809e+00
9.9702e+00
9.9702e+00
9.9595e+00
9.9542e+00
9.9328e+00
9.9221e+00
9.9060e+00
9.8953e+00
9.8793e+00
9.8686e+00
9.8579e+00
9.8418e+00
9.8257e+00
9.8097e+00
9.7936e+00
9.7776e+00
9.7669e+00
9.7615e+00
9.7401e+00
9.7294e+00
9.7133e+00
9.7079e+00
9.6865e+00
9.6812e+00
9.6651e+00
9.6383e+00
9.6383e+00
9.6222e+00
9.6062e+00
9.6008e+00
9.5901e+00
9.5794e+00
9.5633e+00
9.5579e+00
9.5365e+00
9.5258e+00
9.5097e+00
9.4990e+00
9.4721e+00
9.4561e+00
9.4400e+00
9.4239e+00
9.4078e+00
9.3863e+00
9.3649e+00
9.3488e+00
9.3380e+00
9.3112e+00
9.2898e+00
9.2898e+00
9.2629e+00
9.2361e+00
9.2146e+00
9.1985e+00
9.1770e+00
9.1609e+00
9.1394e+00
9.1072e+00
9.0911e+00
9.0750e+00
9.0535e+00
9.0212e+00
9.0051e+00
8.9890e+00
8.9675e+00
8.9406e+00
8.9137e+00
8.8922e+00
8.8600e+00
8.8384e+00
8.8169e+00
8.7900e+00
8.7578e+00
8.7308e+00
8.7093e+00
8.6824e+00
8.6555e+00
8.6286e+00
8.6070e+00
8.5909e+00
8.5640e+00
8.5316e+00
8.4993e+00
8.4670e+00
8.4401e+00
8.4185e+00
8.3915e+00
8.3646e+00
8.3376e+00
8.3161e+00
8.2945e+00
8.2621e+00
8.2352e+00
8.1974e+00
8.1758e+00
8.1542e+00
8.1219e+00
8.1003e+00
8.0733e+00
8.0571e+00
8.0247e+00
8.0031e+00
7.9761e+00
7.9437e+00
7.9221e+00
7.8951e+00
7.8734e+00
7.8518e+00
7.8194e+00
7.7870e+00
7.7762e+00
7.7491e+00
7.7167e+00
7.7005e+00
7.6626e+00
7.6464e+00
7.6193e+00
7.5977e+00
7.5760e+00
7.5490e+00
7.5273e+00
7.5057e+00
7.4840e+00
7.4624e+00
7.4299e+00
7.4028e+00
7.3920e+00
7.3595e+00
7.3270e+00
7.3053e+00
7.2782e+00
7.2619e+00
7.2186e+00
7.1915e+00
7.1698e+00
7.1481e+00
7.1264e+00
7.0939e+00
7.0722e+00
7.0559e+00
7.0342e+00
7.0016e+00
6.9691e+00
6.9365e+00
6.9148e+00
6.8877e+00
6.8605e+00
6.8334e+00
6.8008e+00
6.7790e+00
6.7519e+00
6.7247e+00
6.6976e+00
6.6704e+00
6.6378e+00
6.6160e+00
6.5888e+00
6.5508e+00
6.5290e+00
6.5073e+00
6.4801e+00
6.4529e+00
6.4202e+00
6.3985e+00
6.3712e+00
6.3386e+00
6.3059e+00
6.2950e+00
6.2569e+00
6.2297e+00
6.2025e+00
6.1752e+00
6.1534e+00
6.1262e+00
6.0989e+00
6.0717e+00
6.0499e+00
6.0281e+00
5.9899e+00
5.9681e+00
5.9408e+00
5.9190e+00
5.8917e+00
5.8645e+00
5.8372e+00
5.8044e+00
5.7881e+00
5.7662e+00
5.7444e+00
5.7171e+00
5.7007e+00
5.6734e+00
5.6461e+00
5.6243e+00
5.5860e+00
5.5642e+00
5.5368e+00
5.5095e+00
5.4822e+00
5.4603e+00
5.4330e+00
5.4057e+00
5.3838e+00
5.3674e+00
5.3510e+00
5.3291e+00
5.2963e+00
5.2689e+00
5.2470e+00
5.2306e+00
5.2032e+00
5.1868e+00
5.1540e+00
5.1376e+00
5.1211e+00
5.0938e+00
5.0773e+00
5.0554e+00
5.0280e+00
5.0061e+00
4.9842e+00
4.9623e+00
4.9458e+00
4.9239e+00
4.8965e+00
4.8746e+00
4.8527e+00
4.8362e+00
4.8033e+00
4.7924e+00
4.7649e+00
4.7430e+00
4.7210e+00
4.6936e+00
4.6717e+00
4.6497e+00
4.6278e+00
4.6003e+00
4.5729e+00
4.5509e+00
4.5399e+00
4.5180e+00
4.4960e+00
4.4850e+00
4.4576e+00
4.4356e+00
4.4136e+00
4.3861e+00
4.3532e+00
4.3312e+00
4.3092e+00
4.2872e+00
4.2652e+00
4.2377e+00
4.2102e+00
4.1937e+00
4.1717e+00
4.1552e+00
4.1332e+00
4.1112e+00
4.1002e+00
4.0892e+00
4.0562e+00
4.0397e+00
4.0177e+00
3.9902e+00
3.9681e+00
3.9406e+00
3.9186e+00
3.8966e+00
3.8745e+00
3.8525e+00
3.8305e+00
3.8084e+00
3.7809e+00
3.7698e+00
3.7478e+00
3.7258e+00
3.7037e+00
3.6817e+00
3.6651e+00
3.6486e+00
3.6265e+00
3.6210e+00
3.6155e+00
3.5989e+00
3.5824e+00
3.5714e+00
3.5548e+00
3.5548e+00
3.5438e+00
3.5438e+00
3.5327e+00
3.5162e+00
3.5107e+00
3.5052e+00
3.4886e+00
3.4831e+00
3.4721e+00
3.4610e+00
3.4555e+00
3.4500e+00
3.4445e+00
3.4389e+00
3.4224e+00
3.4224e+00
3.4058e+00
3.3948e+00
3.3782e+00
3.3727e+00
3.3451e+00
3.3285e+00
3.3230e+00
3.3120e+00
3.3009e+00
3.2899e+00
3.2788e+00
3.2622e+00
3.2512e+00
3.2401e+00
3.2291e+00
3.2125e+00
3.2015e+00
3.1904e+00
3.1628e+00
3.1517e+00
3.1407e+00
3.1296e+00
3.1075e+00
3.0965e+00
3.0965e+00
3.0743e+00
3.0688e+00
3.0577e+00
3.0356e+00
3.0246e+00
3.0246e+00
3.0190e+00
3.0080e+00
2.9969e+00
2.9859e+00
2.9803e+00
2.9582e+00
2.9527e+00
2.9471e+00
2.9195e+00
2.9139e+00
2.9029e+00
2.8863e+00
2.8641e+00
2.8586e+00
2.8420e+00
2.8365e+00
2.8143e+00
2.7922e+00
2.7811e+00
2.7700e+00
2.7589e+00
2.7479e+00
2.7368e+00
2.7257e+00
2.7202e+00
2.7091e+00
2.6814e+00
2.6814e+00
2.6759e+00
2.6759e+00
2.6703e+00
2.6537e+00
2.6593e+00
2.6482e+00
2.6537e+00
2.6426e+00
2.6482e+00
2.6371e+00
2.6371e+00
2.6315e+00
2.6315e+00
2.6371e+00
2.6426e+00
2.6482e+00
2.6482e+00
2.6482e+00
2.6482e+00
2.6482e+00
2.6537e+00
2.6482e+00
2.6482e+00
2.6371e+00
2.6371e+00
2.6426e+00
2.6371e+00
2.6315e+00
2.6260e+00
2.6260e+00
2.6205e+00
2.6205e+00
2.6205e+00
2.6094e+00
2.6038e+00
2.5983e+00
2.5928e+00
2.5872e+00
2.5817e+00
2.5650e+00
2.5484e+00
2.5429e+00
2.5318e+00
2.5207e+00
2.5041e+00
2.4930e+00
2.4819e+00
2.4764e+00
2.4653e+00
2.4486e+00
2.4320e+00
2.4209e+00
2.4154e+00
2.3876e+00
2.3765e+00
2.3599e+00
2.3488e+00
2.3266e+00
2.3099e+00
2.2988e+00
2.2766e+00
2.2600e+00
2.2433e+00
2.2156e+00
2.1989e+00
2.1767e+00
2.1712e+00
2.1490e+00
2.1323e+00
2.1101e+00
2.0879e+00
2.0656e+00
2.0545e+00
2.0267e+00
2.0101e+00
1.9767e+00
1.9545e+00
1.9378e+00
1.9211e+00
1.8989e+00
1.8822e+00
1.8600e+00
1.8377e+00
1.8155e+00
1.7932e+00
1.7766e+00
1.7543e+00
1.7265e+00
1.7153e+00
1.6931e+00
1.6764e+00
1.6541e+00
1.6319e+00
1.6096e+00
1.5929e+00
1.5817e+00
1.5595e+00
1.5483e+00
1.5316e+00
1.5093e+00
1.4871e+00
1.4648e+00
1.4592e+00
1.4258e+00
1.4035e+00
1.3923e+00
1.3756e+00
1.3477e+00
1.3366e+00
1.3143e+00
1.3031e+00
1.2808e+00
1.2474e+00
1.2307e+00
1.2083e+00
1.1916e+00
1.1637e+00
1.1414e+00
1.1246e+00
1.0967e+00
1.0744e+00
1.0465e+00
1.0242e+00
9.9626e-01
9.7392e-01
9.5159e-01
9.2366e-01
9.0131e-01
8.6779e-01
8.5103e-01
8.3427e-01
8.0633e-01
7.8397e-01
7.5602e-01
7.2807e-01
7.0011e-01
6.8893e-01
6.6097e-01
6.3859e-01
6.1063e-01
5.8265e-01
5.6027e-01
5.2670e-01
5.0431e-01
4.7633e-01
4.4834e-01
4.2594e-01
4.0355e-01
3.7555e-01
3.5315e-01
3.3634e-01
2.9713e-01
2.7472e-01
2.5791e-01
2.3550e-01
2.0187e-01
1.7945e-01
1.6824e-01
1.4581e-01
1.2899e-01
1.0657e-01
9.5351e-02
8.4136e-02
6.7311e-02
5.6094e-02
6.1703e-02
3.9268e-02
2.8049e-02
1.1220e-02
5.6100e-03
0000
0000
5.6100e-03
2.2440e-02
1.1220e-02
2.2440e-02
2.8049e-02
4.4877e-02
5.6094e-02
7.2920e-02
8.4136e-02
9.5351e-02
1.1217e-01
1.2339e-01
1.3460e-01
1.4581e-01
1.6824e-01
1.8505e-01
2.0187e-01
2.1868e-01
2.4110e-01
2.5791e-01
2.8032e-01
3.1954e-01
3.4194e-01
3.6995e-01
4.0915e-01
4.3154e-01
4.7633e-01
5.1551e-01
5.6587e-01
6.1063e-01
6.5537e-01
7.2248e-01
7.8397e-01
8.3427e-01
9.0690e-01
9.6276e-01
1.0353e+00
1.0967e+00
1.1804e+00
1.2418e+00
1.3310e+00
1.3979e+00
1.4871e+00
1.5595e+00
1.6541e+00
1.7376e+00
1.8211e+00
1.9100e+00
1.9934e+00
2.0879e+00
2.1712e+00
2.2711e+00
2.3710e+00
2.4542e+00
2.5318e+00
2.6205e+00
2.6925e+00
2.7700e+00
2.8420e+00
2.9029e+00
2.9803e+00
3.0633e+00
3.1186e+00
3.1849e+00
3.2346e+00
3.3230e+00
3.3782e+00
3.4500e+00
3.5052e+00
3.5824e+00
3.6320e+00
3.7092e+00
3.7698e+00
3.8525e+00
3.9186e+00
4.0122e+00
4.0947e+00
4.1772e+00
4.2542e+00
4.3147e+00
4.3642e+00
4.4356e+00
4.4960e+00
4.5509e+00
4.6003e+00
4.6442e+00
4.6881e+00
4.7320e+00
4.7704e+00
4.7869e+00
4.8253e+00
4.8472e+00
4.8691e+00
4.8910e+00
4.9184e+00
4.9349e+00
4.9458e+00
4.9623e+00
4.9732e+00
4.9787e+00
4.9842e+00
4.9952e+00
4.9952e+00
5.0061e+00
5.0006e+00
5.0006e+00
5.0226e+00
5.0335e+00
5.0664e+00
5.0883e+00
5.1047e+00
5.1211e+00
5.1485e+00
5.1704e+00
5.1868e+00
5.2142e+00
5.2361e+00
5.2744e+00
5.2963e+00
5.3236e+00
5.3619e+00
5.4111e+00
5.4439e+00
5.4877e+00
5.5478e+00
5.6133e+00
5.7062e+00
5.8590e+00
5.9735e+00
6.0662e+00
6.1316e+00
6.1861e+00
6.2351e+00
6.2678e+00
6.3168e+00
6.3440e+00
6.3876e+00
6.4202e+00
6.4529e+00
6.4746e+00
6.5127e+00
6.5399e+00
6.5671e+00
