1.5864e+01
1.5856e+01
1.5848e+01
1.5840e+01
1.5832e+01
1.5816e+01
1.5800e+01
1.5800e+01
1.5793e+01
1.5793e+01
1.5785e+01
1.5769e+01
1.5761e+01
1.5753e+01
1.5745e+01
1.5729e+01
1.5721e+01
1.5713e+01
1.5697e+01
1.5673e+01
1.5658e+01
1.5642e+01
1.5626e+01
1.5610e+01
1.5586e+01
1.5570e+01
1.5562e+01
1.5538e+01
1.5530e+01
1.5515e+01
1.5499e+01
1.5483e+01
1.5467e+01
1.5451e+01
1.5443e+01
1.5427e+01
1.5419e+01
1.5411e+01
1.5395e+01
1.5387e+01
1.5379e+01
1.5363e+01
1.5356e+01
1.5356e+01
1.5340e+01
1.5332e+01
1.5316e+01
1.5308e+01
1.5300e+01
1.5284e+01
1.5268e+01
1.5260e+01
1.5244e+01
1.5236e+01
1.5212e+01
1.5196e+01
1.5188e+01
1.5181e+01
1.5165e+01
1.5149e+01
1.5133e+01
1.5133e+01
1.5125e+01
1.5109e+01
1.5093e+01
1.5085e+01
1.5077e+01
1.5061e+01
1.5053e+01
1.5045e+01
1.5037e+01
1.5029e+01
1.5013e+01
1.5005e+01
1.4997e+01
1.4982e+01
1.4966e+01
1.4966e+01
1.4950e+01
1.4942e+01
1.4934e+01
1.4918e+01
1.4902e+01
1.4902e+01
1.4902e+01
1.4886e+01
1.4878e+01
1.4862e+01
1.4854e+01
1.4846e+01
1.4838e+01
1.4830e+01
1.4822e+01
1.4806e+01
1.4798e+01
1.4790e+01
1.4790e+01
1.4774e+01
1.4766e+01
1.4758e+01
1.4750e+01
1.4742e+01
1.4735e+01
1.4735e+01
1.4719e+01
1.4711e+01
1.4703e+01
1.4695e+01
1.4687e+01
1.4679e+01
1.4663e+01
1.4655e+01
1.4639e+01
1.4623e+01
1.4615e+01
1.4607e+01
1.4591e+01
1.4583e+01
1.4567e+01
1.4551e+01
1.4543e+01
1.4527e+01
1.4519e+01
1.4503e+01
1.4487e+01
1.4471e+01
1.4463e+01
1.4455e+01
1.4439e+01
1.4431e+01
1.4415e+01
1.4399e+01
1.4376e+01
1.4368e+01
1.4352e+01
1.4344e+01
1.4336e+01
1.4320e+01
1.4304e+01
1.4296e+01
1.4280e+01
1.4264e+01
1.4248e+01
1.4224e+01
1.4200e+01
1.4168e+01
1.4136e+01
1.4104e+01
1.4072e+01
1.4040e+01
1.4008e+01
1.3984e+01
1.3952e+01
1.3936e+01
1.3920e+01
1.3896e+01
1.3888e+01
1.3880e+01
1.3864e+01
1.3848e+01
1.3840e+01
1.3832e+01
1.3816e+01
1.3800e+01
1.3784e+01
1.3792e+01
1.3776e+01
1.3760e+01
1.3760e+01
1.3752e+01
1.3744e+01
1.3736e+01
1.3728e+01
1.3720e+01
1.3720e+01
1.3712e+01
1.3696e+01
1.3696e+01
1.3696e+01
1.3688e+01
1.3680e+01
1.3680e+01
1.3680e+01
1.3680e+01
1.3680e+01
1.3680e+01
1.3672e+01
1.3664e+01
1.3664e+01
1.3656e+01
1.3656e+01
1.3648e+01
1.3656e+01
1.3656e+01
1.3640e+01
1.3640e+01
1.3640e+01
1.3640e+01
1.3632e+01
1.3616e+01
1.3616e+01
1.3608e+01
1.3608e+01
1.3592e+01
1.3584e+01
1.3576e+01
1.3568e+01
1.3568e+01
1.3560e+01
1.3544e+01
1.3536e+01
1.3536e+01
1.3528e+01
1.3520e+01
1.3512e+01
1.3504e+01
1.3504e+01
1.3496e+01
1.3496e+01
1.3488e+01
1.3472e+01
1.3464e+01
1.3456e+01
1.3448e+01
1.3440e+01
1.3416e+01
1.3408e+01
1.3400e+01
1.3384e+01
1.3384e+01
1.3376e+01
1.3360e+01
1.3352e+01
1.3352e+01
1.3344e+01
1.3328e+01
1.3312e+01
1.3304e+01
1.3296e+01
1.3280e+01
1.3272e+01
1.3255e+01
1.3239e+01
1.3231e+01
1.3215e+01
1.3207e+01
1.3191e+01
1.3183e+01
1.3175e+01
1.3167e+01
1.3151e+01
1.3143e+01
1.3127e+01
1.3119e+01
1.3103e+01
1.3087e+01
1.3071e+01
1.3063e+01
1.3055e+01
1.3039e+01
1.3023e+01
1.3015e+01
1.3007e+01
1.2975e+01
1.2967e+01
1.2959e+01
1.2943e+01
1.2927e+01
1.2918e+01
1.2902e+01
1.2894e+01
1.2886e+01
1.2878e+01
1.2862e+01
1.2854e+01
1.2838e+01
1.2822e+01
1.2814e+01
1.2806e+01
1.2798e+01
1.2782e+01
1.2766e+01
1.2758e+01
1.2742e+01
1.2718e+01
1.2694e+01
1.2677e+01
1.2669e+01
1.2661e+01
1.2637e+01
1.2621e+01
1.2605e+01
1.2597e+01
1.2581e+01
1.2565e+01
1.2557e+01
1.2541e+01
1.2525e+01
1.2517e+01
1.2509e+01
1.2501e+01
1.2493e+01
1.2477e+01
1.2460e+01
1.2452e+01
1.2444e+01
1.2436e+01
1.2436e+01
1.2420e+01
1.2412e+01
1.2412e+01
1.2404e+01
1.2396e+01
1.2396e+01
1.2380e+01
1.2372e+01
1.2372e+01
1.2364e+01
1.2356e+01
1.2348e+01
1.2340e+01
1.2332e+01
1.2324e+01
1.2316e+01
1.2316e+01
1.2308e+01
1.2308e+01
1.2299e+01
1.2283e+01
1.2275e+01
1.2267e+01
1.2251e+01
1.2243e+01
1.2243e+01
1.2227e+01
1.2219e+01
1.2203e+01
1.2195e+01
1.2187e+01
1.2171e+01
1.2155e+01
1.2147e+01
1.2130e+01
1.2114e+01
1.2106e+01
1.2098e+01
1.2090e+01
1.2066e+01
1.2050e+01
1.2034e+01
1.2018e+01
1.2002e+01
1.1985e+01
1.1961e+01
1.1945e+01
1.1937e+01
1.1913e+01
1.1897e+01
1.1889e+01
1.1864e+01
1.1848e+01
1.1840e+01
1.1824e+01
1.1808e+01
1.1800e+01
1.1792e+01
1.1776e+01
1.1760e+01
1.1752e+01
1.1744e+01
1.1727e+01
1.1719e+01
1.1711e+01
1.1703e+01
1.1687e+01
1.1679e+01
1.1663e+01
1.1647e+01
1.1631e+01
1.1614e+01
1.1606e+01
1.1598e+01
1.1582e+01
1.1566e+01
1.1550e+01
1.1542e+01
1.1526e+01
1.1510e+01
1.1493e+01
1.1493e+01
1.1477e+01
1.1461e+01
1.1461e+01
1.1453e+01
1.1445e+01
1.1437e+01
1.1429e+01
1.1413e+01
1.1405e+01
1.1388e+01
1.1372e+01
1.1372e+01
1.1356e+01
1.1348e+01
1.1340e+01
1.1324e+01
1.1316e+01
1.1308e+01
1.1283e+01
1.1275e+01
1.1267e+01
1.1267e+01
1.1259e+01
1.1251e+01
1.1243e+01
1.1235e+01
1.1227e+01
1.1219e+01
1.1211e+01
1.1203e+01
1.1203e+01
1.1203e+01
1.1186e+01
1.1178e+01
1.1162e+01
1.1154e+01
1.1154e+01
1.1138e+01
1.1122e+01
1.1114e+01
1.1106e+01
1.1089e+01
1.1081e+01
1.1073e+01
1.1065e+01
1.1057e+01
1.1041e+01
1.1033e+01
1.1017e+01
1.1017e+01
1.1000e+01
1.0992e+01
1.0976e+01
1.0968e+01
1.0952e+01
1.0944e+01
1.0928e+01
1.0911e+01
1.0911e+01
1.0903e+01
1.0879e+01
1.0871e+01
1.0855e+01
1.0839e+01
1.0830e+01
1.0806e+01
1.0790e+01
1.0774e+01
1.0758e+01
1.0733e+01
1.0717e+01
1.0701e+01
1.0685e+01
1.0677e+01
1.0660e+01
1.0644e+01
1.0620e+01
1.0604e+01
1.0596e+01
1.0587e+01
1.0571e+01
1.0563e+01
1.0555e+01
1.0539e+01
1.0531e+01
1.0523e+01
1.0515e+01
1.0506e+01
1.0498e+01
1.0482e+01
1.0474e+01
1.0474e+01
1.0466e+01
1.0458e+01
1.0450e+01
1.0442e+01
1.0433e+01
1.0425e+01
1.0417e+01
1.0409e+01
1.0409e+01
1.0393e+01
1.0385e+01
1.0377e+01
1.0377e+01
1.0369e+01
1.0369e+01
1.0360e+01
1.0352e+01
1.0344e+01
1.0336e+01
1.0336e+01
1.0336e+01
1.0328e+01
1.0320e+01
1.0312e+01
1.0304e+01
1.0296e+01
1.0287e+01
1.0279e+01
1.0263e+01
1.0263e+01
1.0247e+01
1.0231e+01
1.0223e+01
1.0223e+01
1.0214e+01
1.0206e+01
1.0198e+01
1.0190e+01
1.0174e+01
1.0158e+01
1.0150e+01
1.0141e+01
1.0125e+01
1.0101e+01
1.0085e+01
1.0068e+01
1.0052e+01
1.0036e+01
1.0011e+01
9.9952e+00
9.9790e+00
9.9709e+00
9.9546e+00
9.9303e+00
9.9140e+00
9.9059e+00
9.8978e+00
9.8815e+00
9.8734e+00
9.8653e+00
9.8571e+00
9.8490e+00
9.8328e+00
9.8328e+00
9.8246e+00
9.8165e+00
9.8165e+00
9.8084e+00
9.8002e+00
9.7921e+00
9.7840e+00
9.7840e+00
9.7759e+00
9.7677e+00
9.7596e+00
9.7433e+00
9.7352e+00
9.7271e+00
9.7271e+00
9.7108e+00
9.7108e+00
9.7027e+00
9.6946e+00
9.6864e+00
9.6783e+00
9.6783e+00
9.6702e+00
9.6539e+00
9.6458e+00
9.6295e+00
9.6295e+00
9.6132e+00
9.6051e+00
9.5970e+00
9.5888e+00
9.5807e+00
9.5807e+00
9.5726e+00
9.5726e+00
9.5644e+00
9.5644e+00
9.5563e+00
9.5481e+00
9.5400e+00
9.5400e+00
9.5237e+00
9.5237e+00
9.5237e+00
9.5156e+00
9.5075e+00
9.5075e+00
9.5075e+00
9.5075e+00
9.4993e+00
9.4912e+00
9.4912e+00
9.4830e+00
9.4749e+00
9.4749e+00
9.4668e+00
9.4668e+00
9.4586e+00
9.4586e+00
9.4586e+00
9.4505e+00
9.4505e+00
9.4505e+00
9.4505e+00
9.4505e+00
9.4505e+00
9.4424e+00
9.4505e+00
9.4424e+00
9.4424e+00
9.4424e+00
9.4424e+00
9.4424e+00
9.4424e+00
9.4342e+00
9.4261e+00
9.4179e+00
9.4179e+00
9.4098e+00
9.4017e+00
9.3935e+00
9.4017e+00
9.3935e+00
9.3854e+00
9.3854e+00
9.3691e+00
9.3691e+00
9.3609e+00
9.3447e+00
9.3284e+00
9.3202e+00
9.3121e+00
9.2958e+00
9.2958e+00
9.2795e+00
9.2714e+00
9.2632e+00
9.2551e+00
9.2469e+00
9.2469e+00
9.2469e+00
9.2388e+00
9.2306e+00
9.2225e+00
9.2143e+00
9.1981e+00
9.1899e+00
9.1818e+00
9.1818e+00
9.1655e+00
9.1573e+00
9.1492e+00
9.1410e+00
9.1329e+00
9.1247e+00
9.1003e+00
9.0921e+00
9.0758e+00
9.0595e+00
9.0514e+00
9.0351e+00
9.0269e+00
9.0024e+00
9.0024e+00
8.9943e+00
8.9780e+00
8.9698e+00
8.9617e+00
8.9535e+00
8.9454e+00
8.9372e+00
8.9209e+00
8.9209e+00
8.9127e+00
8.8964e+00
8.8801e+00
8.8638e+00
8.8393e+00
8.8312e+00
8.8148e+00
8.7985e+00
8.7822e+00
8.7659e+00
8.7414e+00
8.7251e+00
8.7088e+00
8.6924e+00
8.6761e+00
8.6598e+00
8.6353e+00
8.6271e+00
8.6026e+00
8.5781e+00
8.5536e+00
8.5291e+00
8.5128e+00
8.4883e+00
8.4719e+00
8.4474e+00
8.4311e+00
8.4147e+00
8.4065e+00
8.3820e+00
8.3739e+00
8.3493e+00
8.3330e+00
8.3166e+00
8.3003e+00
8.3003e+00
8.2758e+00
8.2594e+00
8.2430e+00
8.2267e+00
8.2185e+00
8.2022e+00
8.1940e+00
8.1776e+00
8.1613e+00
8.1531e+00
8.1367e+00
8.1285e+00
8.1122e+00
8.0958e+00
8.0876e+00
8.0794e+00
8.0631e+00
8.0549e+00
8.0385e+00
8.0221e+00
8.0140e+00
7.9976e+00
7.9894e+00
7.9812e+00
7.9649e+00
7.9567e+00
7.9403e+00
7.9321e+00
7.9157e+00
7.8993e+00
7.8830e+00
7.8748e+00
7.8584e+00
7.8502e+00
7.8338e+00
7.8174e+00
7.8093e+00
7.8011e+00
7.7929e+00
7.7765e+00
7.7765e+00
7.7601e+00
7.7519e+00
7.7437e+00
7.7355e+00
7.7191e+00
7.6945e+00
7.6864e+00
7.6864e+00
7.6782e+00
7.6618e+00
7.6618e+00
7.6536e+00
7.6454e+00
7.6372e+00
7.6290e+00
7.6290e+00
7.6290e+00
7.6126e+00
7.5962e+00
7.5880e+00
7.5798e+00
7.5716e+00
7.5634e+00
7.5552e+00
7.5552e+00
7.5388e+00
7.5306e+00
7.5224e+00
7.5060e+00
7.5060e+00
7.4978e+00
7.4896e+00
7.4814e+00
7.4732e+00
7.4650e+00
7.4568e+00
7.4404e+00
7.4240e+00
7.4158e+00
7.4076e+00
7.3911e+00
7.3911e+00
7.3747e+00
7.3665e+00
7.3583e+00
7.3419e+00
7.3419e+00
7.3337e+00
7.3255e+00
7.3173e+00
7.3091e+00
7.3009e+00
7.2927e+00
7.2762e+00
7.2598e+00
7.2598e+00
7.2598e+00
7.2434e+00
7.2352e+00
7.2352e+00
7.2270e+00
7.2270e+00
7.2188e+00
7.2106e+00
7.2024e+00
7.2024e+00
7.2024e+00
7.1859e+00
7.1777e+00
7.1695e+00
7.1695e+00
7.1531e+00
7.1449e+00
7.1449e+00
7.1284e+00
7.1202e+00
7.1120e+00
7.1120e+00
7.1120e+00
7.1038e+00
7.0956e+00
7.0956e+00
7.0956e+00
7.0874e+00
7.0792e+00
7.0709e+00
7.0709e+00
7.0627e+00
7.0545e+00
7.0463e+00
7.0463e+00
7.0463e+00
7.0381e+00
7.0381e+00
7.0381e+00
7.0381e+00
7.0381e+00
7.0381e+00
7.0299e+00
7.0134e+00
7.0217e+00
7.0134e+00
7.0217e+00
7.0217e+00
7.0217e+00
7.0217e+00
7.0217e+00
7.0134e+00
7.0217e+00
7.0134e+00
7.0134e+00
7.0134e+00
7.0134e+00
7.0052e+00
7.0052e+00
7.0134e+00
7.0217e+00
7.0217e+00
7.0134e+00
7.0217e+00
7.0299e+00
7.0381e+00
7.0381e+00
7.0381e+00
7.0545e+00
7.0627e+00
7.0709e+00
7.0709e+00
7.0709e+00
7.0792e+00
7.0874e+00
7.0792e+00
7.0792e+00
7.0874e+00
7.0874e+00
7.0874e+00
7.0956e+00
7.1038e+00
7.1120e+00
7.1367e+00
7.1859e+00
7.2598e+00
7.3009e+00
7.3337e+00
7.3583e+00
7.3829e+00
7.3993e+00
7.4076e+00
7.4240e+00
7.4322e+00
7.4404e+00
7.4568e+00
7.4568e+00
7.4650e+00
7.4732e+00
7.4978e+00
7.5060e+00
7.5224e+00
7.5142e+00
7.5306e+00
7.5388e+00
7.5470e+00
7.5470e+00
7.5552e+00
7.5552e+00
7.5634e+00
7.5634e+00
7.5634e+00
7.5552e+00
7.5552e+00
7.5470e+00
7.5552e+00
7.5470e+00
7.5470e+00
7.5470e+00
7.5306e+00
7.5306e+00
7.5224e+00
7.5142e+00
7.5060e+00
7.5142e+00
7.4978e+00
7.4896e+00
7.4896e+00
7.4814e+00
7.4650e+00
7.4568e+00
7.4486e+00
7.4404e+00
7.4240e+00
7.4158e+00
7.4076e+00
7.4076e+00
7.3993e+00
7.3829e+00
7.3583e+00
7.3583e+00
7.3501e+00
7.3501e+00
7.3501e+00
7.3337e+00
7.3255e+00
7.3173e+00
7.3091e+00
7.3009e+00
7.2927e+00
7.2845e+00
7.2762e+00
7.2680e+00
7.2598e+00
7.2598e+00
7.2598e+00
7.2516e+00
7.2352e+00
7.2270e+00
7.2188e+00
7.2106e+00
7.2106e+00
7.2106e+00
7.2106e+00
7.2188e+00
7.2188e+00
7.2270e+00
7.2188e+00
7.2270e+00
7.2352e+00
7.2434e+00
7.2516e+00
7.2598e+00
7.2762e+00
7.2927e+00
7.2927e+00
7.3091e+00
7.3255e+00
7.3337e+00
7.3419e+00
7.3583e+00
7.3747e+00
7.3829e+00
7.3993e+00
7.4240e+00
7.4404e+00
7.4486e+00
7.4650e+00
7.4732e+00
7.4814e+00
7.4978e+00
7.5142e+00
7.5388e+00
7.5634e+00
7.5798e+00
7.6044e+00
7.6372e+00
7.6618e+00
7.6782e+00
7.7027e+00
7.7273e+00
7.7601e+00
7.7929e+00
7.8174e+00
7.8502e+00
7.8830e+00
7.9157e+00
7.9485e+00
7.9730e+00
8.0058e+00
8.0385e+00
8.0713e+00
8.0876e+00
8.1285e+00
8.1531e+00
8.1858e+00
8.2185e+00
8.2430e+00
8.2839e+00
8.3003e+00
8.3493e+00
8.3575e+00
8.3902e+00
8.4065e+00
8.4311e+00
8.4474e+00
8.4801e+00
8.4964e+00
8.5209e+00
8.5291e+00
8.5536e+00
8.5699e+00
8.6026e+00
8.6271e+00
8.6516e+00
8.6598e+00
8.6598e+00
8.6598e+00
8.6761e+00
8.6924e+00
8.7006e+00
8.7006e+00
8.7006e+00
8.7006e+00
8.7088e+00
8.7088e+00
8.7088e+00
8.7169e+00
8.7169e+00
8.7006e+00
8.7006e+00
8.6924e+00
8.6924e+00
8.6924e+00
8.6761e+00
8.6843e+00
8.6679e+00
8.6598e+00
8.6516e+00
8.6598e+00
8.6516e+00
8.6434e+00
8.6353e+00
8.6271e+00
8.6189e+00
8.6108e+00
8.6026e+00
8.5944e+00
8.5781e+00
8.5536e+00
8.5536e+00
8.5454e+00
8.5291e+00
8.5209e+00
8.5128e+00
8.4964e+00
8.4883e+00
8.4801e+00
8.4801e+00
8.4637e+00
8.4556e+00
8.4392e+00
8.4229e+00
8.4065e+00
8.3984e+00
8.3902e+00
8.3820e+00
8.3657e+00
8.3575e+00
8.3493e+00
8.3330e+00
8.3248e+00
8.3166e+00
8.3003e+00
8.2921e+00
8.2839e+00
8.2758e+00
8.2676e+00
8.2512e+00
8.2430e+00
8.2349e+00
8.2185e+00
8.2022e+00
8.1940e+00
8.1858e+00
8.1694e+00
8.1531e+00
8.1367e+00
8.1285e+00
8.1203e+00
8.1122e+00
8.0958e+00
8.0876e+00
8.0794e+00
8.0631e+00
8.0549e+00
8.0467e+00
8.0303e+00
8.0140e+00
8.0058e+00
7.9976e+00
7.9894e+00
7.9894e+00
7.9812e+00
7.9730e+00
7.9567e+00
7.9403e+00
7.9321e+00
7.9239e+00
7.9157e+00
7.9075e+00
7.8912e+00
7.8830e+00
7.8748e+00
7.8584e+00
7.8502e+00
7.8420e+00
7.8256e+00
7.8093e+00
7.8011e+00
7.7929e+00
7.7847e+00
7.7683e+00
7.7601e+00
7.7519e+00
7.7437e+00
7.7355e+00
7.7191e+00
7.7027e+00
7.6864e+00
7.6782e+00
7.6700e+00
7.6536e+00
7.6290e+00
7.6208e+00
7.6044e+00
7.5880e+00
7.5798e+00
7.5634e+00
7.5388e+00
7.5306e+00
7.5142e+00
7.4978e+00
7.4896e+00
7.4650e+00
7.4486e+00
7.4322e+00
7.4076e+00
7.3911e+00
7.3747e+00
7.3583e+00
7.3501e+00
7.3337e+00
7.3173e+00
7.3091e+00
7.3091e+00
7.2845e+00
7.2762e+00
7.2598e+00
7.2598e+00
7.2434e+00
7.2270e+00
7.2188e+00
7.2024e+00
7.1777e+00
7.1695e+00
7.1531e+00
7.1367e+00
7.1284e+00
7.1120e+00
7.0956e+00
7.0874e+00
7.0874e+00
7.0792e+00
7.0627e+00
7.0545e+00
7.0545e+00
7.0381e+00
7.0299e+00
7.0299e+00
7.0299e+00
7.0217e+00
7.0052e+00
7.0052e+00
6.9888e+00
6.9806e+00
6.9723e+00
6.9641e+00
6.9477e+00
6.9395e+00
6.9395e+00
6.9230e+00
6.9148e+00
6.9148e+00
6.8984e+00
6.8819e+00
6.8655e+00
6.8490e+00
6.8326e+00
6.8079e+00
6.7997e+00
6.7915e+00
6.7668e+00
6.7668e+00
6.7504e+00
6.7339e+00
6.7257e+00
6.7092e+00
6.6928e+00
6.6763e+00
6.6599e+00
6.6352e+00
6.6187e+00
6.6105e+00
6.5940e+00
6.5858e+00
6.5776e+00
6.5611e+00
6.5529e+00
6.5446e+00
6.5282e+00
6.5199e+00
6.5199e+00
6.5117e+00
6.5035e+00
6.4952e+00
6.4788e+00
6.4705e+00
6.4458e+00
6.4294e+00
6.4294e+00
6.4211e+00
6.4129e+00
6.4046e+00
6.3882e+00
6.3717e+00
6.3552e+00
6.3387e+00
6.3305e+00
6.3140e+00
6.2893e+00
6.2811e+00
6.2646e+00
6.2563e+00
6.2399e+00
6.2316e+00
6.2234e+00
6.2069e+00
6.1986e+00
6.1904e+00
6.1822e+00
6.1657e+00
6.1492e+00
6.1409e+00
6.1327e+00
6.1162e+00
6.1080e+00
6.0997e+00
6.0832e+00
6.0750e+00
6.0585e+00
6.0502e+00
6.0420e+00
6.0337e+00
6.0172e+00
6.0090e+00
5.9925e+00
5.9760e+00
5.9677e+00
5.9595e+00
5.9512e+00
5.9347e+00
5.9265e+00
5.9100e+00
5.9017e+00
5.8852e+00
5.8770e+00
5.8605e+00
5.8522e+00
5.8439e+00
5.8357e+00
5.8192e+00
5.8027e+00
5.7779e+00
5.7614e+00
5.7531e+00
5.7449e+00
5.7366e+00
5.7284e+00
5.7201e+00
5.6953e+00
5.6788e+00
5.6705e+00
5.6705e+00
5.6623e+00
5.6540e+00
5.6458e+00
5.6375e+00
5.6292e+00
5.6210e+00
5.6127e+00
5.6044e+00
5.6044e+00
5.5962e+00
5.5879e+00
5.5797e+00
5.5714e+00
5.5631e+00
5.5549e+00
5.5549e+00
5.5466e+00
5.5466e+00
5.5383e+00
5.5218e+00
5.5218e+00
5.5135e+00
5.5053e+00
5.4970e+00
5.4887e+00
5.4805e+00
5.4722e+00
5.4722e+00
5.4640e+00
5.4557e+00
5.4391e+00
5.4391e+00
5.4226e+00
5.4143e+00
5.4143e+00
5.4061e+00
5.3895e+00
5.3730e+00
5.3730e+00
5.3647e+00
5.3565e+00
5.3482e+00
5.3399e+00
5.3316e+00
5.3151e+00
5.3068e+00
5.2903e+00
5.2903e+00
5.2820e+00
5.2737e+00
5.2655e+00
5.2572e+00
5.2489e+00
5.2406e+00
5.2324e+00
5.2158e+00
5.1993e+00
5.1910e+00
5.1827e+00
5.1744e+00
5.1662e+00
5.1496e+00
5.1331e+00
5.1248e+00
5.1082e+00
5.1000e+00
5.0751e+00
5.0586e+00
5.0337e+00
5.0172e+00
4.9840e+00
4.9592e+00
4.9343e+00
4.9095e+00
4.8846e+00
4.8515e+00
4.8349e+00
4.8183e+00
4.8018e+00
4.7935e+00
4.7769e+00
4.7603e+00
4.7437e+00
4.7354e+00
4.7271e+00
4.7106e+00
4.7023e+00
4.6940e+00
4.6691e+00
4.6525e+00
4.6442e+00
4.6359e+00
4.6111e+00
4.5945e+00
4.5779e+00
4.5530e+00
4.5364e+00
4.5198e+00
4.5032e+00
4.4783e+00
4.4617e+00
4.4368e+00
4.4202e+00
4.4036e+00
4.3870e+00
4.3704e+00
4.3538e+00
4.3372e+00
4.3289e+00
4.3123e+00
4.3040e+00
4.2957e+00
4.2791e+00
4.2708e+00
4.2625e+00
4.2542e+00
4.2375e+00
4.2209e+00
4.2126e+00
4.1960e+00
4.1794e+00
4.1711e+00
4.1545e+00
4.1378e+00
4.1212e+00
4.0963e+00
4.0880e+00
4.0714e+00
4.0547e+00
4.0381e+00
4.0298e+00
4.0215e+00
3.9965e+00
3.9882e+00
3.9716e+00
3.9633e+00
3.9550e+00
3.9383e+00
3.9217e+00
3.9134e+00
3.9051e+00
3.8968e+00
3.8884e+00
3.8718e+00
3.8552e+00
3.8468e+00
3.8385e+00
3.8302e+00
3.8219e+00
3.8219e+00
3.8053e+00
3.7886e+00
3.7803e+00
3.7720e+00
3.7553e+00
3.7470e+00
3.7387e+00
3.7304e+00
3.7137e+00
3.7054e+00
3.6971e+00
3.6721e+00
3.6638e+00
3.6638e+00
3.6638e+00
3.6554e+00
3.6388e+00
3.6305e+00
3.6221e+00
3.6138e+00
3.6055e+00
3.5972e+00
3.5888e+00
3.5805e+00
3.5639e+00
3.5555e+00
3.5472e+00
3.5389e+00
3.5389e+00
3.5222e+00
3.5055e+00
3.4972e+00
3.4806e+00
3.4639e+00
3.4472e+00
3.4222e+00
3.4139e+00
3.3889e+00
3.3639e+00
3.3556e+00
3.3306e+00
3.3139e+00
3.2972e+00
3.2722e+00
3.2639e+00
3.2472e+00
3.2389e+00
3.2222e+00
3.2138e+00
3.1972e+00
3.1805e+00
3.1638e+00
3.1555e+00
3.1388e+00
3.1304e+00
3.1221e+00
3.1054e+00
3.0887e+00
3.0720e+00
3.0637e+00
3.0470e+00
3.0387e+00
3.0303e+00
3.0220e+00
3.0053e+00
2.9886e+00
2.9802e+00
2.9719e+00
2.9552e+00
2.9385e+00
2.9301e+00
2.9218e+00
2.9134e+00
2.9051e+00
2.8967e+00
2.8884e+00
2.8717e+00
2.8633e+00
2.8550e+00
2.8466e+00
2.8299e+00
2.8216e+00
2.8216e+00
2.8049e+00
2.7882e+00
2.7798e+00
2.7798e+00
2.7715e+00
2.7548e+00
2.7464e+00
2.7381e+00
2.7297e+00
2.7130e+00
2.7046e+00
2.6963e+00
2.6963e+00
2.6879e+00
2.6796e+00
2.6629e+00
2.6461e+00
2.6378e+00
2.6294e+00
2.6211e+00
2.6127e+00
2.5960e+00
2.5876e+00
2.5793e+00
2.5625e+00
2.5542e+00
2.5458e+00
2.5291e+00
2.5207e+00
2.5207e+00
2.5040e+00
2.4957e+00
2.4789e+00
2.4622e+00
2.4622e+00
2.4538e+00
2.4371e+00
2.4287e+00
2.4204e+00
2.4120e+00
2.4037e+00
2.3869e+00
2.3786e+00
2.3702e+00
2.3535e+00
2.3535e+00
2.3451e+00
2.3284e+00
2.3116e+00
2.3200e+00
2.3032e+00
2.2949e+00
2.2949e+00
2.2781e+00
2.2698e+00
2.2614e+00
2.2614e+00
2.2530e+00
2.2363e+00
2.2195e+00
2.2028e+00
2.2028e+00
2.1861e+00
2.1777e+00
2.1693e+00
2.1526e+00
2.1526e+00
2.1442e+00
2.1274e+00
2.1191e+00
2.1191e+00
2.1107e+00
2.1107e+00
2.1107e+00
2.0856e+00
2.0856e+00
2.0772e+00
2.0604e+00
2.0437e+00
2.0353e+00
2.0269e+00
2.0102e+00
2.0018e+00
1.9934e+00
1.9850e+00
1.9683e+00
1.9515e+00
1.9515e+00
1.9431e+00
1.9348e+00
1.9264e+00
1.9180e+00
1.9096e+00
1.9012e+00
1.8929e+00
1.8929e+00
1.8761e+00
1.8593e+00
1.8593e+00
1.8509e+00
1.8426e+00
1.8342e+00
1.8174e+00
1.8090e+00
1.8006e+00
1.7922e+00
1.7839e+00
1.7839e+00
1.7755e+00
1.7671e+00
1.7671e+00
1.7503e+00
1.7335e+00
1.7252e+00
1.7252e+00
1.7084e+00
1.7000e+00
1.6832e+00
1.6748e+00
1.6664e+00
1.6497e+00
1.6329e+00
1.6077e+00
1.5909e+00
1.5741e+00
1.5657e+00
1.5322e+00
1.5154e+00
1.5070e+00
1.4902e+00
1.4734e+00
1.4650e+00
1.4482e+00
1.4398e+00
1.4314e+00
1.4146e+00
1.4062e+00
1.3894e+00
1.3810e+00
1.3726e+00
1.3474e+00
1.3390e+00
1.3222e+00
1.2970e+00
1.2802e+00
1.2550e+00
1.2466e+00
1.2298e+00
1.2046e+00
1.1794e+00
1.1710e+00
1.1542e+00
1.1374e+00
1.1206e+00
1.1037e+00
1.0869e+00
1.0701e+00
1.0533e+00
1.0365e+00
1.0281e+00
1.0197e+00
1.0112e+00
1.0028e+00
9.9442e-01
9.7760e-01
9.7760e-01
9.7760e-01
9.6077e-01
9.6077e-01
9.6077e-01
9.4395e-01
9.3553e-01
9.2712e-01
9.1029e-01
8.9346e-01
8.8505e-01
8.7664e-01
8.5980e-01
8.5139e-01
8.4297e-01
8.3456e-01
8.0931e-01
7.9247e-01
7.8405e-01
7.5880e-01
7.4196e-01
7.1670e-01
7.0828e-01
6.8302e-01
6.6618e-01
6.5775e-01
6.4933e-01
6.2406e-01
6.0722e-01
5.9037e-01
5.7352e-01
5.6509e-01
5.5667e-01
5.3982e-01
5.3139e-01
5.2296e-01
5.2296e-01
5.1454e-01
5.1454e-01
5.1454e-01
5.1454e-01
5.1454e-01
5.2296e-01
5.2296e-01
5.3139e-01
5.3982e-01
5.3982e-01
5.3982e-01
5.3982e-01
5.4824e-01
5.4824e-01
5.4824e-01
5.4824e-01
5.4824e-01
5.5667e-01
5.5667e-01
5.5667e-01
5.5667e-01
5.6509e-01
5.6509e-01
5.6509e-01
5.7352e-01
5.7352e-01
5.7352e-01
5.8194e-01
5.7352e-01
5.6509e-01
5.6509e-01
5.7352e-01
5.6509e-01
5.6509e-01
5.6509e-01
5.5667e-01
5.4824e-01
5.3982e-01
5.3139e-01
5.3982e-01
5.3982e-01
5.3982e-01
5.3982e-01
5.3982e-01
5.3139e-01
5.2296e-01
5.1454e-01
5.0611e-01
5.0611e-01
5.0611e-01
4.9769e-01
4.8926e-01
4.7240e-01
4.6397e-01
4.5555e-01
4.4712e-01
4.4712e-01
4.3869e-01
4.3869e-01
4.3026e-01
4.2183e-01
4.1340e-01
4.1340e-01
4.1340e-01
3.9654e-01
3.9654e-01
3.9654e-01
3.8811e-01
3.7968e-01
3.7125e-01
3.6281e-01
3.6281e-01
3.6281e-01
3.5438e-01
3.5438e-01
3.6281e-01
3.5438e-01
3.5438e-01
3.5438e-01
3.4595e-01
3.4595e-01
3.4595e-01
3.3752e-01
3.3752e-01
3.3752e-01
3.3752e-01
3.2908e-01
3.2065e-01
3.1222e-01
3.0379e-01
3.0379e-01
2.9535e-01
2.9535e-01
2.8692e-01
2.7848e-01
2.8692e-01
2.8692e-01
2.7005e-01
2.6161e-01
2.7005e-01
2.6161e-01
2.4474e-01
2.3631e-01
2.3631e-01
2.2787e-01
2.1944e-01
2.2787e-01
2.1944e-01
2.1944e-01
2.1944e-01
2.0256e-01
2.0256e-01
2.0256e-01
1.9413e-01
2.0256e-01
1.9413e-01
1.8569e-01
1.8569e-01
1.8569e-01
1.7725e-01
1.7725e-01
1.7725e-01
1.7725e-01
1.7725e-01
1.7725e-01
1.6881e-01
1.5194e-01
1.5194e-01
1.5194e-01
1.4350e-01
1.3506e-01
1.1818e-01
1.0974e-01
1.0130e-01
1.0130e-01
9.2861e-02
9.2861e-02
8.4421e-02
8.4421e-02
7.5980e-02
6.7539e-02
5.9097e-02
5.9097e-02
5.9097e-02
5.0656e-02
5.0656e-02
5.0656e-02
4.2214e-02
4.2214e-02
3.3772e-02
2.5329e-02
3.3772e-02
3.3772e-02
2.5329e-02
1.6887e-02
8.4440e-03
8.4440e-03
8.4440e-03
0000
