1.9934e+00
1.9934e+00
1.9832e+00
1.9730e+00
1.9628e+00
1.9526e+00
1.9424e+00
1.9424e+00
1.9322e+00
1.9220e+00
1.9119e+00
1.9017e+00
1.9017e+00
1.8915e+00
1.8711e+00
1.8711e+00
1.8609e+00
1.8609e+00
1.8507e+00
1.8405e+00
1.8405e+00
1.8405e+00
1.8303e+00
1.8201e+00
1.8201e+00
1.8201e+00
1.8099e+00
1.7997e+00
1.7997e+00
1.7896e+00
1.7896e+00
1.7896e+00
1.7794e+00
1.7692e+00
1.7590e+00
1.7692e+00
1.7590e+00
1.7488e+00
1.7590e+00
1.7488e+00
1.7488e+00
1.7386e+00
1.7284e+00
1.7182e+00
1.7080e+00
1.6978e+00
1.6876e+00
1.6774e+00
1.6672e+00
1.6672e+00
1.6672e+00
1.6570e+00
1.6468e+00
1.6366e+00
1.6366e+00
1.6264e+00
1.6162e+00
1.6060e+00
1.6060e+00
1.5958e+00
1.5958e+00
1.5856e+00
1.5754e+00
1.5652e+00
1.5550e+00
1.5448e+00
1.5448e+00
1.5448e+00
1.5346e+00
1.5346e+00
1.5346e+00
1.5244e+00
1.5244e+00
1.5142e+00
1.5142e+00
1.5040e+00
1.4938e+00
1.4938e+00
1.4836e+00
1.4836e+00
1.4734e+00
1.4734e+00
1.4734e+00
1.4632e+00
1.4530e+00
1.4427e+00
1.4530e+00
1.4427e+00
1.4427e+00
1.4325e+00
1.4223e+00
1.4325e+00
1.4223e+00
1.4121e+00
1.4121e+00
1.4019e+00
1.3917e+00
1.3815e+00
1.3713e+00
1.3713e+00
1.3611e+00
1.3713e+00
1.3611e+00
1.3509e+00
1.3509e+00
1.3509e+00
1.3407e+00
1.3407e+00
1.3305e+00
1.3202e+00
1.3100e+00
1.3100e+00
1.3100e+00
1.3100e+00
1.2998e+00
1.2998e+00
1.2998e+00
1.2998e+00
1.2896e+00
1.2794e+00
1.2692e+00
1.2590e+00
1.2488e+00
1.2488e+00
1.2488e+00
1.2385e+00
1.2283e+00
1.2283e+00
1.2181e+00
1.2181e+00
1.2079e+00
1.1977e+00
1.1977e+00
1.1977e+00
1.1875e+00
1.1875e+00
1.1773e+00
1.1670e+00
1.1568e+00
1.1568e+00
1.1466e+00
1.1262e+00
1.1262e+00
1.1160e+00
1.1057e+00
1.0853e+00
1.0751e+00
1.0751e+00
1.0649e+00
1.0649e+00
1.0546e+00
1.0342e+00
1.0342e+00
1.0138e+00
9.9331e-01
9.9331e-01
9.8308e-01
9.7286e-01
9.5242e-01
9.5242e-01
9.4219e-01
9.2174e-01
9.1152e-01
9.0129e-01
8.7061e-01
8.7061e-01
8.7061e-01
8.6038e-01
8.5016e-01
8.3993e-01
8.1947e-01
8.0924e-01
7.9901e-01
7.8878e-01
7.6832e-01
7.6832e-01
7.5809e-01
7.5809e-01
7.3763e-01
7.3763e-01
7.2740e-01
7.1717e-01
7.1717e-01
7.1717e-01
7.0693e-01
6.9670e-01
6.8647e-01
6.7623e-01
6.6600e-01
6.5577e-01
6.5577e-01
6.4553e-01
6.3530e-01
6.3530e-01
6.2506e-01
6.1482e-01
6.1482e-01
6.0459e-01
6.0459e-01
5.8411e-01
5.7388e-01
5.7388e-01
5.7388e-01
5.6364e-01
5.5340e-01
5.5340e-01
5.4316e-01
5.3292e-01
5.2268e-01
5.3292e-01
5.3292e-01
5.1245e-01
5.2268e-01
5.2268e-01
5.1245e-01
5.1245e-01
5.0221e-01
5.0221e-01
5.0221e-01
5.0221e-01
4.8172e-01
5.0221e-01
5.2268e-01
4.8172e-01
4.7148e-01
4.8172e-01
4.8172e-01
4.6124e-01
5.1245e-01
4.8172e-01
4.3051e-01
4.7148e-01
4.6124e-01
4.6124e-01
4.5100e-01
4.6124e-01
4.6124e-01
4.5100e-01
4.5100e-01
4.6124e-01
4.4076e-01
2.3584e-01
3.5881e-01
5.7388e-01
4.2027e-01
4.4076e-01
5.3292e-01
4.9196e-01
4.8172e-01
4.8172e-01
4.2027e-01
4.1003e-01
4.8172e-01
4.6124e-01
3.7930e-01
4.2027e-01
3.9979e-01
3.5881e-01
3.9979e-01
3.8954e-01
3.8954e-01
3.7930e-01
4.3051e-01
4.2027e-01
3.4856e-01
3.7930e-01
3.5881e-01
3.4856e-01
3.4856e-01
3.4856e-01
3.2807e-01
3.6905e-01
2.9733e-01
2.3584e-01
2.9733e-01
2.8708e-01
3.2807e-01
3.2807e-01
2.5634e-01
1.8459e-01
2.5634e-01
2.8708e-01
2.7683e-01
2.5634e-01
1.9484e-01
2.3584e-01
3.1782e-01
2.9733e-01
2.2559e-01
2.3584e-01
2.3584e-01
2.0509e-01
2.0509e-01
2.6659e-01
1.7433e-01
1.0256e-01
2.2559e-01
1.8459e-01
1.4358e-01
1.8459e-01
1.5383e-01
1.3332e-01
1.3332e-01
1.5383e-01
1.8459e-01
1.5383e-01
9.2308e-02
1.6408e-01
1.4358e-01
1.3332e-01
1.5383e-01
1.4358e-01
1.5383e-01
1.4358e-01
1.5383e-01
1.5383e-01
1.5383e-01
1.4358e-01
1.4358e-01
1.5383e-01
1.4358e-01
1.4358e-01
1.4358e-01
1.3332e-01
1.4358e-01
1.3332e-01
1.4358e-01
1.3332e-01
1.2307e-01
1.3332e-01
1.4358e-01
1.4358e-01
1.3332e-01
1.3332e-01
1.3332e-01
1.3332e-01
1.3332e-01
1.4358e-01
1.3332e-01
1.3332e-01
1.2307e-01
1.2307e-01
1.2307e-01
1.1282e-01
1.0256e-01
1.0256e-01
9.2308e-02
7.1798e-02
8.2053e-02
6.1542e-02
6.1542e-02
5.1286e-02
4.1029e-02
5.1286e-02
4.1029e-02
3.0773e-02
3.0773e-02
1.0258e-02
1.0258e-02
1.0258e-02
1.0258e-02
0000
0000
1.0258e-02
0000
0000
1.0258e-02
1.0258e-02
0000
1.0258e-02
1.0258e-02
3.0773e-02
4.1029e-02
5.1286e-02
6.1542e-02
8.2053e-02
1.0256e-01
1.2307e-01
1.4358e-01
1.6408e-01
1.7433e-01
2.0509e-01
2.3584e-01
2.6659e-01
2.8708e-01
3.1782e-01
3.4856e-01
3.8954e-01
4.2027e-01
4.6124e-01
4.9196e-01
5.2268e-01
5.4316e-01
5.6364e-01
6.1482e-01
6.4553e-01
6.8647e-01
7.1717e-01
7.4786e-01
7.7855e-01
7.9901e-01
8.2970e-01
8.6038e-01
8.9106e-01
9.2174e-01
9.4219e-01
9.6264e-01
1.0035e+00
1.0240e+00
1.0546e+00
1.0649e+00
1.0853e+00
1.0955e+00
1.1262e+00
1.1364e+00
1.1670e+00
1.1773e+00
1.1977e+00
1.2181e+00
1.2385e+00
1.2590e+00
1.2794e+00
1.2998e+00
1.3202e+00
1.3305e+00
1.3305e+00
1.3509e+00
1.3713e+00
1.3713e+00
1.3815e+00
1.3815e+00
1.3917e+00
1.4019e+00
1.4121e+00
1.4121e+00
1.4121e+00
1.4019e+00
1.4019e+00
1.4019e+00
1.4019e+00
1.3917e+00
1.3917e+00
1.3815e+00
1.3713e+00
1.3509e+00
1.3407e+00
1.3305e+00
1.3202e+00
1.2998e+00
1.2896e+00
1.2794e+00
1.2692e+00
1.2590e+00
1.2385e+00
1.2079e+00
1.1977e+00
1.1977e+00
1.1670e+00
1.1670e+00
1.1364e+00
1.1160e+00
1.1057e+00
1.0955e+00
1.0751e+00
1.1160e+00
1.0955e+00
1.1466e+00
1.1364e+00
1.1160e+00
1.1057e+00
1.0751e+00
1.0649e+00
1.0138e+00
1.0035e+00
9.5242e-01
9.5242e-01
8.6038e-01
8.3993e-01
8.0924e-01
7.8878e-01
7.8878e-01
7.8878e-01
7.8878e-01
7.6832e-01
7.6832e-01
7.6832e-01
7.5809e-01
7.5809e-01
7.5809e-01
7.5809e-01
7.4786e-01
7.4786e-01
7.4786e-01
7.4786e-01
7.4786e-01
7.3763e-01
7.3763e-01
7.3763e-01
7.4786e-01
7.4786e-01
7.4786e-01
7.5809e-01
7.5809e-01
7.4786e-01
7.4786e-01
7.5809e-01
7.6832e-01
7.9901e-01
7.8878e-01
7.7855e-01
7.6832e-01
7.6832e-01
7.7855e-01
7.8878e-01
7.8878e-01
7.9901e-01
8.0924e-01
8.0924e-01
8.1947e-01
8.1947e-01
8.1947e-01
8.1947e-01
8.1947e-01
8.2970e-01
8.1947e-01
8.3993e-01
8.2970e-01
8.5016e-01
8.2970e-01
8.5016e-01
8.3993e-01
8.5016e-01
8.5016e-01
8.3993e-01
8.2970e-01
8.2970e-01
8.3993e-01
8.3993e-01
8.5016e-01
8.5016e-01
8.5016e-01
8.5016e-01
8.3993e-01
8.5016e-01
8.5016e-01
8.5016e-01
8.2970e-01
8.2970e-01
8.0924e-01
7.9901e-01
7.5809e-01
7.4786e-01
7.2740e-01
7.3763e-01
7.2740e-01
7.2740e-01
7.1717e-01
7.1717e-01
7.0693e-01
7.0693e-01
7.5809e-01
6.9670e-01
7.5809e-01
7.7855e-01
7.4786e-01
8.0924e-01
7.7855e-01
7.9901e-01
8.2970e-01
8.2970e-01
8.2970e-01
8.0924e-01
8.5016e-01
8.5016e-01
8.3993e-01
8.1947e-01
8.5016e-01
8.8084e-01
8.9106e-01
8.8084e-01
9.3197e-01
9.4219e-01
8.9106e-01
9.3197e-01
9.6264e-01
1.0035e+00
1.0240e+00
1.0444e+00
1.0751e+00
1.1057e+00
1.1057e+00
1.1466e+00
1.1466e+00
1.1466e+00
1.1670e+00
1.1364e+00
1.1773e+00
1.1466e+00
1.1875e+00
1.1568e+00
1.1977e+00
1.1466e+00
1.1773e+00
1.1466e+00
1.1977e+00
1.1773e+00
1.1977e+00
1.1670e+00
1.2283e+00
1.1977e+00
1.2283e+00
1.1977e+00
1.2385e+00
1.2079e+00
1.2488e+00
1.2181e+00
1.2692e+00
1.2488e+00
1.2896e+00
1.2794e+00
1.3407e+00
1.3202e+00
1.3611e+00
1.3509e+00
1.3815e+00
1.3611e+00
1.4019e+00
1.3713e+00
1.4530e+00
1.4121e+00
1.4734e+00
1.4530e+00
1.5142e+00
1.4836e+00
1.5040e+00
1.5652e+00
1.5448e+00
1.4325e+00
1.6060e+00
1.5652e+00
1.6366e+00
1.6366e+00
1.7080e+00
1.7182e+00
1.7794e+00
1.7896e+00
1.8507e+00
1.8711e+00
1.9628e+00
1.9628e+00
2.0545e+00
2.0545e+00
2.1461e+00
2.1359e+00
2.2479e+00
2.2072e+00
2.2581e+00
2.2683e+00
2.3192e+00
2.3090e+00
2.3497e+00
2.3700e+00
2.4107e+00
2.4412e+00
2.4717e+00
2.5023e+00
2.5328e+00
2.5531e+00
2.5836e+00
2.6039e+00
2.6039e+00
2.6547e+00
2.6547e+00
2.6751e+00
2.6751e+00
2.6852e+00
2.6751e+00
2.6852e+00
2.6852e+00
2.6954e+00
2.6954e+00
2.7259e+00
2.7259e+00
2.7564e+00
2.7462e+00
2.7665e+00
2.7665e+00
2.7868e+00
2.7767e+00
2.8173e+00
2.8173e+00
2.8579e+00
2.8579e+00
2.8884e+00
2.8884e+00
2.9290e+00
2.9392e+00
3.0001e+00
3.0102e+00
3.0610e+00
3.0813e+00
3.1422e+00
3.1726e+00
3.2132e+00
3.2436e+00
3.3044e+00
3.3450e+00
3.4261e+00
3.4768e+00
3.5376e+00
3.5781e+00
3.6389e+00
3.6693e+00
3.7300e+00
3.7604e+00
3.8211e+00
3.8616e+00
3.9324e+00
3.9729e+00
4.0235e+00
4.0639e+00
4.1347e+00
4.1752e+00
4.2459e+00
4.2964e+00
4.3672e+00
4.4076e+00
4.4985e+00
4.5288e+00
4.5994e+00
4.6297e+00
4.6903e+00
4.7104e+00
4.7911e+00
4.7911e+00
4.8416e+00
4.8416e+00
4.9021e+00
4.9021e+00
4.9424e+00
4.9424e+00
4.9827e+00
5.0029e+00
5.0432e+00
5.0634e+00
5.1037e+00
5.1138e+00
5.1742e+00
5.1943e+00
5.2548e+00
5.2649e+00
5.3353e+00
5.3353e+00
5.4058e+00
5.4058e+00
5.4964e+00
5.5266e+00
5.6171e+00
5.6573e+00
5.7277e+00
5.7378e+00
5.7478e+00
5.7378e+00
5.7277e+00
5.7076e+00
5.6975e+00
5.6875e+00
5.6573e+00
5.6070e+00
5.5366e+00
5.5165e+00
5.4863e+00
5.4964e+00
5.5165e+00
5.5165e+00
5.5266e+00
5.5266e+00
5.5366e+00
5.5266e+00
5.5366e+00
5.5266e+00
5.5266e+00
5.5165e+00
5.5165e+00
5.5064e+00
5.4964e+00
5.4662e+00
5.4561e+00
5.4461e+00
5.4259e+00
5.3957e+00
5.3857e+00
5.3756e+00
5.3555e+00
5.3353e+00
5.3353e+00
5.3152e+00
5.3152e+00
5.2951e+00
5.2951e+00
5.2649e+00
5.2649e+00
5.2548e+00
5.2346e+00
5.2246e+00
5.1943e+00
5.1843e+00
5.1843e+00
5.1541e+00
5.1339e+00
5.1138e+00
5.0835e+00
5.0634e+00
5.0432e+00
5.0231e+00
4.9928e+00
4.9626e+00
4.9424e+00
4.9122e+00
4.9122e+00
4.8920e+00
4.8517e+00
4.8214e+00
4.8113e+00
4.7911e+00
4.7911e+00
4.7508e+00
4.7306e+00
4.7205e+00
4.7306e+00
4.6802e+00
4.6398e+00
4.6095e+00
4.5792e+00
4.5489e+00
4.5288e+00
4.5086e+00
4.4783e+00
4.4581e+00
4.4278e+00
4.4076e+00
4.3773e+00
4.3470e+00
4.3369e+00
4.2964e+00
4.2762e+00
4.2661e+00
4.2459e+00
4.2156e+00
4.1954e+00
4.1752e+00
4.1549e+00
4.1347e+00
4.1044e+00
4.0943e+00
4.0639e+00
4.0639e+00
4.0437e+00
4.0336e+00
4.0235e+00
4.0134e+00
3.9830e+00
3.9729e+00
3.9426e+00
3.9122e+00
3.9021e+00
3.8616e+00
3.8211e+00
3.8009e+00
3.7604e+00
3.7503e+00
3.7098e+00
3.7098e+00
3.6693e+00
3.5781e+00
3.6287e+00
3.7908e+00
3.6996e+00
3.7098e+00
3.6996e+00
3.6895e+00
3.6794e+00
3.6186e+00
3.6287e+00
3.5984e+00
3.5882e+00
3.5578e+00
3.5477e+00
3.5274e+00
3.5274e+00
3.4869e+00
3.4869e+00
3.4565e+00
3.4464e+00
3.4362e+00
3.4464e+00
3.4464e+00
3.4768e+00
3.4768e+00
3.4869e+00
3.4970e+00
3.5274e+00
3.5477e+00
3.5578e+00
3.5781e+00
3.5781e+00
3.5984e+00
3.6186e+00
3.6186e+00
3.6389e+00
3.6490e+00
3.6693e+00
3.7098e+00
3.7199e+00
3.7401e+00
3.7604e+00
3.7908e+00
3.8110e+00
3.8414e+00
3.8616e+00
3.8920e+00
3.9122e+00
3.9324e+00
3.9527e+00
3.9931e+00
4.0134e+00
4.0437e+00
4.0740e+00
4.1145e+00
4.1448e+00
4.1650e+00
4.1853e+00
4.2055e+00
4.2358e+00
4.2560e+00
4.2863e+00
4.3065e+00
4.3268e+00
4.3369e+00
4.3571e+00
4.3874e+00
4.3975e+00
4.4177e+00
4.4379e+00
4.4581e+00
4.4682e+00
4.4884e+00
4.5086e+00
4.5288e+00
4.5389e+00
4.5489e+00
4.5590e+00
4.5792e+00
4.5994e+00
4.6095e+00
4.6297e+00
4.6398e+00
4.6499e+00
4.6600e+00
4.6701e+00
4.6802e+00
4.7003e+00
4.7104e+00
4.7306e+00
4.7407e+00
4.7609e+00
4.7710e+00
4.7811e+00
4.7911e+00
4.8214e+00
4.8315e+00
4.8517e+00
4.8617e+00
4.8718e+00
4.8819e+00
4.9021e+00
4.9223e+00
4.9323e+00
4.9424e+00
4.9626e+00
4.9727e+00
4.9827e+00
4.9928e+00
5.0029e+00
5.0130e+00
5.0331e+00
5.0331e+00
5.0533e+00
5.0634e+00
5.0835e+00
5.0936e+00
5.1138e+00
5.1238e+00
5.1440e+00
5.1541e+00
5.1641e+00
5.1641e+00
5.1742e+00
5.1843e+00
5.1943e+00
5.2044e+00
5.2246e+00
5.2447e+00
5.2447e+00
5.2548e+00
5.2548e+00
5.2649e+00
5.2749e+00
5.2749e+00
5.2951e+00
5.2951e+00
5.2850e+00
5.2951e+00
5.3051e+00
5.2951e+00
5.2951e+00
5.3152e+00
5.3152e+00
5.3152e+00
5.3253e+00
5.3253e+00
5.3353e+00
5.3353e+00
5.3353e+00
5.3555e+00
5.3454e+00
5.3353e+00
5.3353e+00
5.3353e+00
5.3253e+00
5.3353e+00
5.3253e+00
5.3253e+00
5.3253e+00
5.3152e+00
5.3152e+00
5.3253e+00
5.3253e+00
5.3253e+00
5.3051e+00
5.2951e+00
5.2850e+00
5.2850e+00
5.2749e+00
5.2649e+00
5.2548e+00
5.2346e+00
5.2346e+00
5.2346e+00
5.2246e+00
5.2246e+00
5.2145e+00
5.2145e+00
5.2145e+00
5.1943e+00
5.1843e+00
5.1742e+00
5.1641e+00
5.1742e+00
5.1742e+00
5.1641e+00
5.1742e+00
5.1641e+00
5.1641e+00
5.1541e+00
5.1541e+00
5.1440e+00
5.1339e+00
5.1238e+00
5.1138e+00
5.1138e+00
5.1037e+00
5.1037e+00
5.1037e+00
5.0936e+00
5.0835e+00
5.0734e+00
5.0734e+00
5.0734e+00
5.0533e+00
5.0432e+00
5.0331e+00
5.0231e+00
5.0331e+00
5.0331e+00
5.0231e+00
5.0331e+00
5.0231e+00
5.0130e+00
5.0029e+00
5.0029e+00
5.0029e+00
4.9827e+00
4.9626e+00
4.9626e+00
4.9525e+00
4.9525e+00
4.9424e+00
4.9323e+00
4.9323e+00
4.9223e+00
4.9223e+00
4.9122e+00
4.9021e+00
4.9021e+00
4.8819e+00
4.8718e+00
4.8718e+00
4.8617e+00
4.8416e+00
4.8416e+00
4.8517e+00
4.8416e+00
4.8214e+00
4.8012e+00
4.7911e+00
4.7911e+00
4.7811e+00
4.7710e+00
4.7609e+00
4.7508e+00
4.7508e+00
4.7407e+00
4.7205e+00
4.7104e+00
4.7003e+00
4.6903e+00
4.6701e+00
4.6600e+00
4.6499e+00
4.6398e+00
4.6297e+00
4.6297e+00
4.6196e+00
4.5994e+00
4.5893e+00
4.5893e+00
4.5792e+00
4.5691e+00
4.5389e+00
4.5389e+00
4.5187e+00
4.5086e+00
4.4884e+00
4.4783e+00
4.4682e+00
4.4581e+00
4.4480e+00
4.4379e+00
4.4278e+00
4.4278e+00
4.4177e+00
4.4076e+00
4.3975e+00
4.3773e+00
4.3672e+00
4.3571e+00
4.3470e+00
4.3268e+00
4.3167e+00
4.3167e+00
4.3065e+00
4.2964e+00
4.2863e+00
4.2762e+00
4.2762e+00
4.2661e+00
4.2560e+00
4.2459e+00
4.2358e+00
4.2257e+00
4.2156e+00
4.2055e+00
4.1954e+00
4.1752e+00
4.1650e+00
4.1549e+00
4.1448e+00
4.1246e+00
4.1145e+00
4.1044e+00
4.1044e+00
4.0943e+00
4.0842e+00
4.0740e+00
4.0639e+00
4.0437e+00
4.0336e+00
4.0336e+00
4.0235e+00
4.0134e+00
3.9931e+00
3.9931e+00
3.9931e+00
3.9830e+00
3.9729e+00
3.9628e+00
3.9527e+00
3.9527e+00
3.9426e+00
3.9426e+00
3.9426e+00
3.9223e+00
3.9122e+00
3.9122e+00
3.9021e+00
3.8920e+00
3.8920e+00
3.8920e+00
3.8818e+00
3.8717e+00
3.8717e+00
3.8818e+00
3.8818e+00
3.8818e+00
3.8920e+00
3.8818e+00
3.8818e+00
3.8920e+00
3.8920e+00
3.8920e+00
3.8920e+00
3.9122e+00
3.9122e+00
3.9223e+00
3.9223e+00
3.9324e+00
3.9324e+00
3.9324e+00
3.9426e+00
3.9527e+00
3.9426e+00
3.9527e+00
3.9628e+00
3.9628e+00
3.9628e+00
3.9628e+00
3.9729e+00
3.9729e+00
3.9830e+00
3.9830e+00
3.9931e+00
3.9931e+00
3.9830e+00
3.9931e+00
3.9830e+00
3.9729e+00
3.9729e+00
3.9729e+00
3.9628e+00
3.9527e+00
3.9324e+00
3.9223e+00
3.9122e+00
3.8920e+00
3.8717e+00
3.8515e+00
3.8414e+00
3.8312e+00
3.8211e+00
3.8009e+00
3.7806e+00
3.7604e+00
3.7503e+00
3.7300e+00
3.7098e+00
3.6895e+00
3.6794e+00
3.6693e+00
3.6591e+00
3.6490e+00
3.6389e+00
3.6186e+00
3.6186e+00
3.6186e+00
3.6085e+00
3.5984e+00
3.5984e+00
3.5984e+00
3.5984e+00
3.5984e+00
3.5984e+00
3.5984e+00
3.5984e+00
3.5882e+00
3.5984e+00
3.5984e+00
3.5882e+00
3.5882e+00
3.5882e+00
3.5781e+00
3.5781e+00
3.5781e+00
3.5781e+00
3.5680e+00
3.5781e+00
3.5680e+00
3.5680e+00
3.5680e+00
3.5680e+00
3.5680e+00
3.5680e+00
3.5578e+00
3.5578e+00
3.5578e+00
3.5578e+00
3.5578e+00
3.5578e+00
3.5578e+00
3.5680e+00
3.5680e+00
3.5680e+00
3.5578e+00
3.5578e+00
3.5578e+00
3.5680e+00
3.5680e+00
3.5680e+00
3.5680e+00
3.5680e+00
3.5680e+00
3.5680e+00
3.5680e+00
3.5680e+00
3.5680e+00
3.5578e+00
3.5578e+00
3.5578e+00
3.5578e+00
3.5578e+00
3.5477e+00
3.5477e+00
3.5376e+00
3.5477e+00
3.5477e+00
3.5477e+00
3.5477e+00
3.5376e+00
3.5376e+00
3.5477e+00
3.5477e+00
3.5477e+00
3.5477e+00
3.5376e+00
3.5376e+00
3.5274e+00
3.5274e+00
3.5376e+00
3.5274e+00
3.5274e+00
3.5274e+00
3.5173e+00
3.5173e+00
3.5173e+00
3.5173e+00
3.5173e+00
3.5173e+00
3.5173e+00
3.5173e+00
3.5173e+00
3.5173e+00
3.5274e+00
3.5274e+00
3.5376e+00
3.5376e+00
3.5477e+00
3.5578e+00
3.5781e+00
3.5882e+00
3.5882e+00
3.5984e+00
3.6186e+00
3.6389e+00
3.6693e+00
3.6895e+00
3.7098e+00
3.7199e+00
3.7300e+00
3.7300e+00
3.7401e+00
3.7300e+00
3.7300e+00
3.7300e+00
3.7300e+00
3.7300e+00
3.7300e+00
3.7199e+00
3.7199e+00
3.7199e+00
3.7199e+00
3.7199e+00
3.7098e+00
3.7098e+00
3.7098e+00
3.7098e+00
3.6996e+00
3.6996e+00
3.7098e+00
3.6996e+00
3.6996e+00
3.6996e+00
3.6996e+00
3.6996e+00
3.6996e+00
3.6895e+00
3.6895e+00
3.6895e+00
3.6895e+00
3.6895e+00
3.6895e+00
3.6895e+00
3.6895e+00
3.6895e+00
3.6895e+00
3.6794e+00
3.6693e+00
3.6693e+00
3.6693e+00
3.6693e+00
3.6693e+00
3.6591e+00
3.6591e+00
3.6591e+00
3.6490e+00
3.6490e+00
3.6389e+00
3.6389e+00
3.6389e+00
3.6389e+00
3.6287e+00
3.6287e+00
3.6287e+00
3.6287e+00
3.6186e+00
3.6085e+00
3.6186e+00
3.6186e+00
3.6186e+00
3.6085e+00
3.6085e+00
3.6186e+00
3.6186e+00
3.6085e+00
3.5984e+00
3.5984e+00
3.5984e+00
3.5984e+00
3.5984e+00
3.5984e+00
3.5882e+00
3.5984e+00
3.5984e+00
3.5984e+00
3.5984e+00
3.5882e+00
3.5882e+00
3.5882e+00
3.5882e+00
3.5882e+00
3.5882e+00
3.5781e+00
3.5882e+00
3.5882e+00
3.5984e+00
3.5984e+00
3.5984e+00
3.6085e+00
3.6186e+00
3.6186e+00
3.6287e+00
3.6287e+00
3.6287e+00
3.6389e+00
3.6490e+00
3.6591e+00
3.6490e+00
3.6490e+00
3.6490e+00
3.6490e+00
3.6490e+00
3.6490e+00
3.6389e+00
3.6389e+00
3.6389e+00
3.6287e+00
3.6287e+00
3.6287e+00
3.6287e+00
3.6186e+00
3.5984e+00
3.5984e+00
3.5984e+00
3.5984e+00
3.5781e+00
3.5680e+00
3.5781e+00
3.5781e+00
3.5781e+00
3.5680e+00
3.5680e+00
3.5680e+00
3.5578e+00
3.5477e+00
3.5578e+00
3.5477e+00
3.5376e+00
3.5376e+00
3.5274e+00
3.5173e+00
3.5072e+00
3.4970e+00
3.5072e+00
3.5072e+00
3.5072e+00
3.4970e+00
3.4970e+00
3.4970e+00
3.4869e+00
3.4768e+00
3.4768e+00
3.4768e+00
3.4666e+00
3.4565e+00
3.4565e+00
3.4464e+00
3.4464e+00
3.4464e+00
3.4565e+00
3.4565e+00
3.4464e+00
3.4362e+00
3.4464e+00
3.4464e+00
3.4362e+00
3.4362e+00
3.4362e+00
3.4362e+00
3.4261e+00
3.4160e+00
3.4160e+00
3.4058e+00
3.4058e+00
3.4058e+00
3.4058e+00
3.4058e+00
3.4160e+00
3.4058e+00
3.4058e+00
3.4160e+00
3.4160e+00
3.4160e+00
3.4160e+00
3.4058e+00
3.4160e+00
3.4160e+00
3.4160e+00
3.4058e+00
3.4058e+00
3.3957e+00
3.4058e+00
3.4058e+00
3.4058e+00
3.4058e+00
3.4058e+00
3.4058e+00
3.4058e+00
3.4160e+00
3.4160e+00
3.4058e+00
3.4058e+00
3.4058e+00
3.3957e+00
3.3957e+00
3.3957e+00
3.3856e+00
3.3957e+00
3.3957e+00
3.4058e+00
3.4058e+00
3.4160e+00
3.4261e+00
3.4160e+00
3.4160e+00
3.4160e+00
3.4058e+00
3.4160e+00
3.4160e+00
3.4160e+00
3.4160e+00
3.4058e+00
3.4058e+00
3.4058e+00
3.4160e+00
3.4160e+00
3.4160e+00
3.4160e+00
3.4160e+00
3.4261e+00
3.4261e+00
3.4362e+00
3.4464e+00
3.4362e+00
3.4464e+00
3.4464e+00
3.4464e+00
3.4565e+00
3.4464e+00
3.4565e+00
3.4565e+00
3.4565e+00
3.4464e+00
3.4464e+00
3.4565e+00
3.4565e+00
3.4464e+00
3.4362e+00
3.4362e+00
3.4362e+00
3.4261e+00
3.4261e+00
3.4261e+00
3.4261e+00
3.4160e+00
3.4058e+00
3.4160e+00
3.4058e+00
3.4058e+00
3.4058e+00
3.4160e+00
3.4160e+00
3.4058e+00
3.4058e+00
3.4058e+00
3.4058e+00
3.4058e+00
3.4058e+00
3.4058e+00
3.3957e+00
3.3856e+00
3.3856e+00
3.3957e+00
3.3957e+00
3.3957e+00
3.3856e+00
3.3856e+00
3.3754e+00
3.3856e+00
3.3856e+00
3.3754e+00
3.3653e+00
3.3653e+00
3.3551e+00
3.3551e+00
3.3551e+00
3.3450e+00
3.3349e+00
3.3349e+00
3.3349e+00
3.3247e+00
3.3247e+00
3.3044e+00
3.3044e+00
3.3044e+00
3.2943e+00
3.2842e+00
3.2639e+00
3.2639e+00
3.2537e+00
3.2436e+00
3.2436e+00
3.2436e+00
3.2335e+00
3.2233e+00
3.2132e+00
3.1929e+00
3.1827e+00
3.1827e+00
3.1827e+00
3.1726e+00
3.1523e+00
3.1523e+00
3.1523e+00
3.1523e+00
3.1422e+00
3.1219e+00
3.1219e+00
3.1117e+00
3.1016e+00
3.1016e+00
3.0914e+00
3.0914e+00
3.0914e+00
3.0813e+00
3.0711e+00
3.0711e+00
3.0711e+00
3.0610e+00
3.0508e+00
3.0508e+00
3.0407e+00
3.0407e+00
3.0508e+00
3.0407e+00
3.0305e+00
3.0305e+00
3.0305e+00
3.0305e+00
3.0305e+00
3.0305e+00
3.0305e+00
3.0204e+00
3.0204e+00
3.0204e+00
3.0204e+00
3.0204e+00
3.0102e+00
3.0001e+00
3.0102e+00
3.0102e+00
3.0102e+00
3.0001e+00
3.0001e+00
3.0102e+00
3.0001e+00
3.0001e+00
3.0102e+00
3.0102e+00
3.0001e+00
3.0001e+00
3.0001e+00
3.0001e+00
3.0001e+00
3.0102e+00
3.0102e+00
3.0204e+00
3.0102e+00
3.0102e+00
3.0204e+00
3.0305e+00
3.0204e+00
3.0305e+00
3.0204e+00
3.0305e+00
3.0204e+00
3.0204e+00
3.0102e+00
3.0204e+00
3.0204e+00
3.0204e+00
3.0204e+00
3.0204e+00
3.0102e+00
3.0102e+00
3.0102e+00
3.0102e+00
3.0102e+00
3.0102e+00
3.0102e+00
3.0102e+00
3.0102e+00
3.0102e+00
3.0102e+00
3.0102e+00
3.0204e+00
3.0204e+00
3.0204e+00
3.0102e+00
3.0204e+00
3.0204e+00
3.0204e+00
3.0204e+00
3.0204e+00
3.0204e+00
3.0204e+00
3.0102e+00
3.0102e+00
3.0102e+00
3.0001e+00
3.0001e+00
3.0001e+00
2.9899e+00
2.9899e+00
2.9899e+00
2.9899e+00
2.9899e+00
2.9798e+00
2.9798e+00
2.9798e+00
2.9798e+00
2.9696e+00
2.9595e+00
2.9595e+00
2.9595e+00
2.9595e+00
2.9595e+00
2.9595e+00
2.9493e+00
2.9595e+00
2.9493e+00
2.9392e+00
2.9392e+00
2.9392e+00
2.9392e+00
2.9290e+00
2.9189e+00
2.9189e+00
2.9087e+00
2.9087e+00
2.9087e+00
2.9087e+00
2.9087e+00
2.9087e+00
2.8986e+00
2.8884e+00
2.8884e+00
2.9087e+00
2.8986e+00
2.8884e+00
2.8884e+00
2.8782e+00
2.8884e+00
2.8782e+00
2.8782e+00
2.8681e+00
2.8681e+00
2.8681e+00
2.8579e+00
2.8681e+00
2.8579e+00
2.8579e+00
2.8579e+00
2.8478e+00
2.8478e+00
2.8376e+00
2.8376e+00
2.8376e+00
2.8275e+00
2.8275e+00
2.8275e+00
2.8173e+00
2.8173e+00
2.8173e+00
2.8173e+00
2.8071e+00
2.8071e+00
2.8071e+00
2.7970e+00
2.8071e+00
2.7970e+00
2.7970e+00
2.7970e+00
2.8071e+00
2.7970e+00
2.7868e+00
2.7868e+00
2.7767e+00
2.7767e+00
2.7767e+00
2.7767e+00
2.7665e+00
2.7665e+00
2.7665e+00
2.7665e+00
2.7564e+00
2.7564e+00
2.7564e+00
2.7564e+00
2.7564e+00
2.7462e+00
2.7360e+00
2.7360e+00
2.7360e+00
2.7259e+00
2.7259e+00
2.7259e+00
2.7360e+00
2.7360e+00
2.7259e+00
2.7157e+00
2.7157e+00
2.7157e+00
2.7157e+00
2.7157e+00
2.7157e+00
2.7157e+00
2.7157e+00
2.7157e+00
2.7056e+00
2.6954e+00
2.7056e+00
2.7056e+00
2.7056e+00
2.7056e+00
2.7056e+00
2.7056e+00
2.7157e+00
2.7157e+00
2.7157e+00
2.7056e+00
2.7157e+00
2.7157e+00
2.7056e+00
2.7056e+00
2.7056e+00
2.7056e+00
2.7056e+00
2.6954e+00
2.6852e+00
2.6751e+00
2.6751e+00
2.6649e+00
2.6649e+00
2.6446e+00
2.6344e+00
2.6344e+00
2.6242e+00
2.6141e+00
2.6039e+00
2.5938e+00
2.5734e+00
