6.5328e+01
6.5766e+01
6.6140e+01
6.6466e+01
6.6799e+01
6.7134e+01
6.7397e+01
6.7687e+01
6.7931e+01
6.8159e+01
6.8384e+01
6.8611e+01
6.8824e+01
6.9066e+01
6.9271e+01
6.9465e+01
6.9638e+01
6.9796e+01
6.9961e+01
7.0143e+01
7.0319e+01
7.0530e+01
7.0697e+01
7.0837e+01
7.0958e+01
7.1065e+01
7.1289e+01
7.1488e+01
7.1577e+01
7.1626e+01
7.1669e+01
7.1697e+01
7.1736e+01
7.1797e+01
7.1846e+01
7.1829e+01
7.1814e+01
7.1768e+01
7.1729e+01
7.1644e+01
7.1559e+01
7.1459e+01
7.1371e+01
7.1250e+01
7.1161e+01
7.1043e+01
7.0958e+01
7.0826e+01
7.0719e+01
7.0587e+01
7.0487e+01
7.0365e+01
7.0272e+01
7.0118e+01
7.0014e+01
6.9839e+01
6.9720e+01
6.9555e+01
6.9419e+01
6.9264e+01
6.9134e+01
6.8947e+01
6.8813e+01
6.8658e+01
6.8525e+01
6.8336e+01
6.8192e+01
6.8032e+01
6.7880e+01
6.7706e+01
6.7575e+01
6.7404e+01
6.7262e+01
6.7091e+01
6.6938e+01
6.6781e+01
6.6623e+01
6.6466e+01
6.6320e+01
6.6148e+01
6.6001e+01
6.5814e+01
6.5667e+01
6.5509e+01
6.5372e+01
6.5207e+01
6.5081e+01
6.4915e+01
6.4775e+01
6.4605e+01
6.4472e+01
6.4309e+01
6.4172e+01
6.4012e+01
6.3882e+01
6.3734e+01
6.3626e+01
6.3503e+01
6.3391e+01
6.3238e+01
6.3130e+01
6.2988e+01
6.2850e+01
6.2682e+01
6.2555e+01
6.2413e+01
6.2285e+01
6.2124e+01
6.1993e+01
6.1854e+01
6.1726e+01
6.1568e+01
6.1436e+01
6.1293e+01
6.1172e+01
6.1036e+01
6.0908e+01
6.0798e+01
6.0685e+01
6.0556e+01
6.0450e+01
6.0310e+01
6.0173e+01
6.0055e+01
5.9957e+01
5.9824e+01
5.9717e+01
5.9588e+01
5.9481e+01
5.9367e+01
5.9256e+01
5.9149e+01
5.9039e+01
5.8920e+01
5.8821e+01
5.8695e+01
5.8595e+01
5.8473e+01
5.8365e+01
5.8246e+01
5.8143e+01
5.8028e+01
5.7928e+01
5.7805e+01
5.7705e+01
5.7620e+01
5.7524e+01
5.7416e+01
5.7323e+01
5.7234e+01
5.7153e+01
5.7061e+01
5.6968e+01
5.6867e+01
5.6782e+01
5.6693e+01
5.6620e+01
5.6523e+01
5.6422e+01
5.6337e+01
5.6259e+01
5.6162e+01
5.6081e+01
5.6003e+01
5.5921e+01
5.5840e+01
5.5774e+01
5.5688e+01
5.5602e+01
5.5521e+01
5.5439e+01
5.5349e+01
5.5271e+01
5.5185e+01
5.5107e+01
5.5021e+01
5.4939e+01
5.4853e+01
5.4763e+01
5.4696e+01
5.4614e+01
5.4532e+01
5.4454e+01
5.4383e+01
5.4305e+01
5.4230e+01
5.4152e+01
5.4073e+01
5.3987e+01
5.3896e+01
5.3833e+01
5.3754e+01
5.3672e+01
5.3589e+01
5.3518e+01
5.3439e+01
5.3357e+01
5.3286e+01
5.3211e+01
5.3132e+01
5.3064e+01
5.2985e+01
5.2910e+01
5.2839e+01
5.2764e+01
5.2693e+01
5.2629e+01
5.2550e+01
5.2459e+01
5.2399e+01
5.2320e+01
5.2261e+01
5.2181e+01
5.2122e+01
5.2054e+01
5.1971e+01
5.1899e+01
5.1839e+01
5.1760e+01
5.1688e+01
5.1620e+01
5.1541e+01
5.1469e+01
5.1389e+01
5.1318e+01
5.1246e+01
5.1174e+01
5.1110e+01
5.1034e+01
5.0966e+01
5.0898e+01
5.0834e+01
5.0762e+01
5.0690e+01
5.0626e+01
5.0574e+01
5.0502e+01
5.0458e+01
5.0406e+01
5.0365e+01
5.0309e+01
5.0261e+01
5.0201e+01
5.0145e+01
5.0084e+01
5.0032e+01
4.9980e+01
4.9924e+01
4.9859e+01
4.9803e+01
4.9743e+01
4.9674e+01
4.9610e+01
4.9549e+01
4.9477e+01
4.9408e+01
4.9344e+01
4.9275e+01
4.9206e+01
4.9170e+01
4.9101e+01
4.9041e+01
4.8976e+01
4.8916e+01
4.8855e+01
4.8790e+01
4.8725e+01
4.8661e+01
4.8600e+01
4.8527e+01
4.8474e+01
4.8430e+01
4.8361e+01
4.8304e+01
4.8251e+01
4.8203e+01
4.8138e+01
4.8085e+01
4.8020e+01
4.7963e+01
4.7926e+01
4.7877e+01
4.7820e+01
4.7759e+01
4.7715e+01
4.7674e+01
4.7613e+01
4.7564e+01
4.7503e+01
4.7466e+01
4.7413e+01
4.7356e+01
4.7315e+01
4.7279e+01
4.7226e+01
4.7172e+01
4.7123e+01
4.7070e+01
4.7025e+01
4.6952e+01
4.6911e+01
4.6874e+01
4.6833e+01
4.6780e+01
4.6735e+01
4.6686e+01
4.6657e+01
4.6620e+01
4.6592e+01
4.6543e+01
4.6514e+01
4.6485e+01
4.6448e+01
4.6416e+01
4.6387e+01
4.6338e+01
4.6305e+01
4.6276e+01
4.6243e+01
4.6206e+01
4.6178e+01
4.6153e+01
4.6128e+01
4.6091e+01
4.6063e+01
4.6034e+01
4.6005e+01
4.5976e+01
4.5952e+01
4.5919e+01
4.5886e+01
4.5869e+01
4.5861e+01
4.5832e+01
4.5804e+01
4.5771e+01
4.5754e+01
4.5725e+01
4.5697e+01
4.5672e+01
4.5643e+01
4.5614e+01
4.5585e+01
4.5561e+01
4.5524e+01
4.5491e+01
4.5462e+01
4.5425e+01
4.5388e+01
4.5363e+01
4.5330e+01
4.5305e+01
4.5260e+01
4.5227e+01
4.5194e+01
4.5144e+01
4.5107e+01
4.5070e+01
4.5041e+01
4.5004e+01
4.4975e+01
4.4929e+01
4.4884e+01
4.4847e+01
4.4809e+01
4.4764e+01
4.4718e+01
4.4681e+01
4.4627e+01
4.4582e+01
4.4545e+01
4.4507e+01
4.4453e+01
4.4424e+01
4.4379e+01
4.4341e+01
4.4292e+01
4.4234e+01
4.4200e+01
4.4155e+01
4.4101e+01
4.4047e+01
4.3984e+01
4.3947e+01
4.3906e+01
4.3868e+01
4.3827e+01
4.3772e+01
4.3731e+01
4.3673e+01
4.3614e+01
4.3568e+01
4.3523e+01
4.3489e+01
4.3435e+01
4.3377e+01
4.3327e+01
4.3277e+01
4.3222e+01
4.3177e+01
4.3118e+01
4.3076e+01
4.3026e+01
4.2984e+01
4.2939e+01
4.2880e+01
4.2834e+01
4.2788e+01
4.2734e+01
4.2671e+01
4.2633e+01
4.2591e+01
4.2524e+01
4.2478e+01
4.2441e+01
4.2378e+01
4.2323e+01
4.2294e+01
4.2243e+01
4.2189e+01
4.2143e+01
4.2097e+01
4.2046e+01
4.2000e+01
4.1950e+01
4.1903e+01
4.1849e+01
4.1798e+01
4.1748e+01
4.1676e+01
4.1630e+01
4.1592e+01
4.1537e+01
4.1487e+01
4.1432e+01
4.1390e+01
4.1348e+01
4.1301e+01
4.1251e+01
4.1200e+01
4.1162e+01
4.1103e+01
4.1048e+01
4.0993e+01
4.0943e+01
4.0896e+01
4.0841e+01
4.0790e+01
4.0744e+01
4.0702e+01
4.0655e+01
4.0609e+01
4.0558e+01
4.0507e+01
4.0465e+01
4.0426e+01
4.0380e+01
4.0329e+01
4.0278e+01
4.0231e+01
4.0176e+01
4.0134e+01
4.0096e+01
4.0041e+01
4.0002e+01
3.9947e+01
3.9905e+01
3.9858e+01
3.9811e+01
3.9777e+01
3.9730e+01
3.9684e+01
3.9641e+01
3.9586e+01
3.9535e+01
3.9492e+01
3.9449e+01
3.9403e+01
3.9356e+01
3.9305e+01
3.9258e+01
3.9215e+01
3.9181e+01
3.9138e+01
3.9108e+01
3.9057e+01
3.9006e+01
3.8963e+01
3.8925e+01
3.8874e+01
3.8835e+01
3.8788e+01
3.8737e+01
3.8698e+01
3.8656e+01
3.8617e+01
3.8570e+01
3.8523e+01
3.8480e+01
3.8433e+01
3.8394e+01
3.8347e+01
3.8309e+01
3.8262e+01
3.8214e+01
3.8176e+01
3.8124e+01
3.8077e+01
3.8034e+01
3.7996e+01
3.7948e+01
3.7910e+01
3.7858e+01
3.7811e+01
3.7785e+01
3.7742e+01
3.7699e+01
3.7656e+01
3.7617e+01
3.7570e+01
3.7531e+01
3.7497e+01
3.7445e+01
3.7402e+01
3.7359e+01
3.7299e+01
3.7260e+01
3.7221e+01
3.7178e+01
3.7135e+01
3.7096e+01
3.7057e+01
3.7023e+01
3.6967e+01
3.6928e+01
3.6902e+01
3.6863e+01
3.6811e+01
3.6764e+01
3.6708e+01
3.6669e+01
3.6634e+01
3.6591e+01
3.6552e+01
3.6509e+01
3.6452e+01
3.6418e+01
3.6392e+01
3.6353e+01
3.6310e+01
3.6275e+01
3.6227e+01
3.6188e+01
3.6158e+01
3.6110e+01
3.6062e+01
3.6023e+01
3.5980e+01
3.5941e+01
3.5902e+01
3.5867e+01
3.5824e+01
3.5780e+01
3.5754e+01
3.5724e+01
3.5680e+01
3.5637e+01
3.5593e+01
3.5567e+01
3.5519e+01
3.5476e+01
3.5437e+01
3.5389e+01
3.5341e+01
3.5306e+01
3.5271e+01
3.5232e+01
3.5193e+01
3.5158e+01
3.5114e+01
3.5084e+01
3.5045e+01
3.5005e+01
3.4970e+01
3.4940e+01
3.4888e+01
3.4857e+01
3.4813e+01
3.4761e+01
3.4717e+01
3.4682e+01
3.4647e+01
3.4608e+01
3.4569e+01
3.4538e+01
3.4494e+01
3.4459e+01
3.4429e+01
3.4385e+01
3.4345e+01
3.4302e+01
3.4258e+01
3.4218e+01
3.4183e+01
3.4140e+01
3.4100e+01
3.4061e+01
3.4021e+01
3.3977e+01
3.3934e+01
3.3907e+01
3.3868e+01
3.3828e+01
3.3797e+01
3.3754e+01
3.3718e+01
3.3692e+01
3.3653e+01
3.3617e+01
3.3573e+01
3.3529e+01
3.3494e+01
3.3455e+01
3.3406e+01
3.3371e+01
3.3331e+01
3.3292e+01
3.3257e+01
3.3221e+01
3.3191e+01
3.3155e+01
3.3107e+01
3.3072e+01
3.3036e+01
3.2992e+01
3.2944e+01
3.2913e+01
3.2882e+01
3.2838e+01
3.2803e+01
3.2758e+01
3.2714e+01
3.2688e+01
3.2648e+01
3.2617e+01
3.2577e+01
3.2546e+01
3.2515e+01
3.2471e+01
3.2436e+01
3.2400e+01
3.2352e+01
3.2316e+01
3.2285e+01
3.2246e+01
3.2206e+01
3.2166e+01
3.2130e+01
3.2091e+01
3.2068e+01
3.2046e+01
3.1989e+01
3.1944e+01
3.1913e+01
3.1882e+01
3.1856e+01
3.1825e+01
3.1776e+01
3.1727e+01
3.1696e+01
3.1660e+01
3.1625e+01
3.1585e+01
3.1554e+01
3.1518e+01
3.1478e+01
3.1443e+01
3.1411e+01
3.1376e+01
3.1331e+01
3.1300e+01
3.1260e+01
3.1220e+01
3.1185e+01
3.1144e+01
3.1100e+01
3.1069e+01
3.1042e+01
3.1002e+01
3.0962e+01
3.0931e+01
3.0904e+01
3.0873e+01
3.0837e+01
3.0806e+01
3.0766e+01
3.0730e+01
3.0690e+01
3.0650e+01
3.0614e+01
3.0574e+01
3.0533e+01
3.0498e+01
3.0466e+01
3.0426e+01
3.0395e+01
3.0364e+01
3.0332e+01
3.0296e+01
3.0252e+01
3.0216e+01
3.0185e+01
3.0158e+01
3.0122e+01
3.0077e+01
3.0037e+01
3.0006e+01
2.9970e+01
2.9943e+01
2.9916e+01
2.9889e+01
2.9853e+01
2.9826e+01
2.9795e+01
2.9763e+01
2.9728e+01
2.9696e+01
2.9674e+01
2.9642e+01
2.9597e+01
2.9570e+01
2.9530e+01
2.9499e+01
2.9481e+01
2.9458e+01
2.9422e+01
2.9400e+01
2.9368e+01
2.9341e+01
2.9319e+01
2.9292e+01
2.9251e+01
2.9220e+01
2.9193e+01
2.9161e+01
2.9134e+01
2.9103e+01
2.9062e+01
2.9040e+01
2.9008e+01
2.8977e+01
2.8950e+01
2.8918e+01
2.8900e+01
2.8882e+01
2.8851e+01
2.8824e+01
2.8788e+01
2.8756e+01
2.8742e+01
2.8720e+01
2.8679e+01
2.8643e+01
2.8621e+01
2.8594e+01
2.8566e+01
2.8544e+01
2.8517e+01
2.8481e+01
2.8454e+01
2.8427e+01
2.8399e+01
2.8381e+01
2.8341e+01
2.8318e+01
2.8295e+01
2.8259e+01
2.8223e+01
2.8187e+01
2.8151e+01
2.8124e+01
2.8096e+01
2.8065e+01
2.8042e+01
2.8006e+01
2.7979e+01
2.7947e+01
2.7924e+01
2.7893e+01
2.7870e+01
2.7843e+01
2.7811e+01
2.7779e+01
2.7752e+01
2.7725e+01
2.7684e+01
2.7652e+01
2.7616e+01
2.7589e+01
2.7557e+01
2.7530e+01
2.7512e+01
2.7471e+01
2.7435e+01
2.7407e+01
2.7385e+01
2.7348e+01
2.7312e+01
2.7285e+01
2.7244e+01
2.7207e+01
2.7176e+01
2.7139e+01
2.7107e+01
2.7071e+01
2.7035e+01
2.6994e+01
2.6962e+01
2.6939e+01
2.6907e+01
2.6880e+01
2.6848e+01
2.6821e+01
2.6780e+01
2.6743e+01
2.6711e+01
2.6679e+01
2.6652e+01
2.6611e+01
2.6579e+01
2.6547e+01
2.6520e+01
2.6492e+01
2.6456e+01
2.6419e+01
2.6406e+01
2.6374e+01
2.6333e+01
2.6305e+01
2.6282e+01
2.6255e+01
2.6214e+01
2.6182e+01
2.6145e+01
2.6109e+01
2.6086e+01
2.6054e+01
2.6031e+01
2.6013e+01
2.5976e+01
2.5944e+01
2.5912e+01
2.5884e+01
2.5852e+01
2.5820e+01
2.5802e+01
2.5765e+01
2.5724e+01
2.5697e+01
2.5665e+01
2.5632e+01
2.5600e+01
2.5573e+01
2.5527e+01
2.5495e+01
2.5472e+01
2.5444e+01
2.5408e+01
2.5385e+01
2.5348e+01
2.5316e+01
2.5288e+01
2.5256e+01
2.5233e+01
2.5197e+01
2.5155e+01
2.5128e+01
2.5095e+01
2.5059e+01
2.5026e+01
2.4994e+01
2.4962e+01
2.4925e+01
2.4902e+01
2.4870e+01
2.4838e+01
2.4810e+01
2.4778e+01
2.4737e+01
2.4704e+01
2.4677e+01
2.4640e+01
2.4598e+01
2.4561e+01
2.4538e+01
2.4511e+01
2.4474e+01
2.4455e+01
2.4423e+01
2.4386e+01
2.4358e+01
2.4317e+01
2.4285e+01
2.4257e+01
2.4225e+01
2.4188e+01
2.4151e+01
2.4114e+01
2.4072e+01
2.4040e+01
2.4003e+01
2.3966e+01
2.3933e+01
2.3901e+01
2.3869e+01
2.3846e+01
2.3818e+01
2.3781e+01
2.3748e+01
2.3711e+01
2.3684e+01
2.3651e+01
2.3614e+01
2.3586e+01
2.3554e+01
2.3517e+01
2.3489e+01
2.3452e+01
2.3424e+01
2.3392e+01
2.3364e+01
2.3336e+01
2.3308e+01
2.3271e+01
2.3234e+01
2.3211e+01
2.3178e+01
2.3146e+01
2.3113e+01
2.3076e+01
2.3043e+01
2.3011e+01
2.2974e+01
2.2941e+01
2.2918e+01
2.2895e+01
2.2872e+01
2.2839e+01
2.2797e+01
2.2769e+01
2.2741e+01
2.2704e+01
2.2681e+01
2.2653e+01
2.2616e+01
2.2578e+01
2.2541e+01
2.2518e+01
2.2485e+01
2.2462e+01
2.2434e+01
2.2397e+01
2.2364e+01
2.2336e+01
2.2303e+01
2.2275e+01
2.2247e+01
2.2210e+01
2.2177e+01
2.2159e+01
2.2126e+01
2.2093e+01
2.2070e+01
2.2047e+01
2.2019e+01
2.1991e+01
2.1967e+01
2.1935e+01
2.1916e+01
2.1888e+01
2.1869e+01
2.1836e+01
2.1804e+01
2.1785e+01
2.1766e+01
2.1724e+01
2.1701e+01
2.1682e+01
2.1649e+01
2.1626e+01
2.1602e+01
2.1579e+01
2.1560e+01
2.1542e+01
2.1528e+01
2.1495e+01
2.1476e+01
2.1453e+01
2.1439e+01
2.1415e+01
2.1378e+01
2.1345e+01
2.1326e+01
2.1307e+01
2.1284e+01
2.1256e+01
2.1237e+01
2.1214e+01
2.1190e+01
2.1167e+01
2.1143e+01
2.1124e+01
2.1106e+01
2.1073e+01
2.1059e+01
2.1012e+01
2.0988e+01
2.0960e+01
2.0937e+01
2.0913e+01
2.0890e+01
2.0866e+01
2.0838e+01
2.0814e+01
2.0796e+01
2.0772e+01
2.0739e+01
2.0716e+01
2.0697e+01
2.0664e+01
2.0640e+01
2.0612e+01
2.0589e+01
2.0570e+01
2.0537e+01
2.0509e+01
2.0480e+01
2.0457e+01
2.0429e+01
2.0391e+01
2.0367e+01
2.0344e+01
2.0320e+01
2.0292e+01
2.0268e+01
2.0245e+01
2.0221e+01
2.0184e+01
2.0151e+01
2.0127e+01
2.0103e+01
2.0075e+01
2.0042e+01
2.0009e+01
1.9981e+01
1.9952e+01
1.9929e+01
1.9901e+01
1.9886e+01
1.9858e+01
1.9834e+01
1.9806e+01
1.9778e+01
1.9749e+01
1.9716e+01
1.9678e+01
1.9636e+01
1.9617e+01
1.9589e+01
1.9551e+01
1.9518e+01
1.9503e+01
1.9475e+01
1.9451e+01
1.9428e+01
1.9399e+01
1.9376e+01
1.9342e+01
1.9305e+01
1.9271e+01
1.9243e+01
1.9210e+01
1.9186e+01
1.9162e+01
1.9139e+01
1.9106e+01
1.9072e+01
1.9058e+01
1.9030e+01
1.9001e+01
1.8968e+01
1.8949e+01
1.8921e+01
1.8887e+01
1.8854e+01
1.8826e+01
1.8797e+01
1.8769e+01
1.8740e+01
1.8707e+01
1.8683e+01
1.8650e+01
1.8621e+01
1.8593e+01
1.8564e+01
1.8545e+01
1.8521e+01
1.8493e+01
1.8469e+01
1.8431e+01
1.8403e+01
1.8379e+01
1.8350e+01
1.8322e+01
1.8293e+01
1.8264e+01
1.8236e+01
1.8226e+01
1.8193e+01
1.8164e+01
1.8141e+01
1.8117e+01
1.8093e+01
1.8074e+01
1.8060e+01
1.8031e+01
1.8012e+01
1.7988e+01
1.7959e+01
1.7921e+01
1.7888e+01
1.7869e+01
1.7855e+01
1.7826e+01
1.7807e+01
1.7778e+01
1.7764e+01
1.7750e+01
1.7730e+01
1.7716e+01
1.7687e+01
1.7668e+01
1.7649e+01
1.7616e+01
1.7597e+01
1.7568e+01
1.7544e+01
1.7511e+01
1.7496e+01
1.7472e+01
1.7458e+01
1.7439e+01
1.7420e+01
1.7386e+01
1.7372e+01
1.7362e+01
1.7343e+01
1.7300e+01
1.7276e+01
1.7262e+01
1.7228e+01
1.7200e+01
1.7176e+01
1.7152e+01
1.7123e+01
1.7109e+01
1.7089e+01
1.7056e+01
1.7032e+01
1.7008e+01
1.6984e+01
1.6960e+01
1.6931e+01
1.6912e+01
1.6893e+01
1.6855e+01
1.6831e+01
1.6807e+01
1.6773e+01
1.6739e+01
1.6706e+01
1.6687e+01
1.6672e+01
1.6653e+01
1.6629e+01
1.6591e+01
1.6576e+01
1.6547e+01
1.6528e+01
1.6490e+01
1.6461e+01
1.6446e+01
1.6403e+01
1.6379e+01
1.6355e+01
1.6321e+01
1.6293e+01
1.6269e+01
1.6245e+01
1.6220e+01
1.6192e+01
1.6163e+01
1.6139e+01
1.6119e+01
1.6095e+01
1.6071e+01
1.6033e+01
1.5999e+01
1.5970e+01
1.5941e+01
1.5917e+01
1.5878e+01
1.5850e+01
1.5840e+01
1.5821e+01
1.5806e+01
1.5772e+01
1.5739e+01
1.5719e+01
1.5695e+01
1.5661e+01
1.5628e+01
1.5604e+01
1.5570e+01
1.5541e+01
1.5517e+01
1.5488e+01
1.5459e+01
1.5430e+01
1.5401e+01
1.5386e+01
1.5362e+01
1.5328e+01
1.5299e+01
1.5280e+01
1.5256e+01
1.5231e+01
1.5207e+01
1.5178e+01
1.5140e+01
1.5111e+01
1.5086e+01
1.5052e+01
1.5033e+01
1.5014e+01
1.4985e+01
1.4960e+01
1.4922e+01
1.4898e+01
1.4878e+01
1.4854e+01
1.4839e+01
1.4815e+01
1.4772e+01
1.4747e+01
1.4718e+01
1.4679e+01
1.4660e+01
1.4636e+01
1.4602e+01
1.4578e+01
1.4553e+01
1.4524e+01
1.4495e+01
1.4471e+01
1.4446e+01
1.4417e+01
1.4398e+01
1.4374e+01
1.4335e+01
1.4306e+01
1.4286e+01
1.4257e+01
1.4223e+01
1.4189e+01
1.4169e+01
1.4150e+01
1.4116e+01
1.4087e+01
1.4062e+01
1.4033e+01
1.4009e+01
1.3994e+01
1.3965e+01
1.3941e+01
1.3916e+01
1.3887e+01
1.3853e+01
1.3824e+01
1.3804e+01
1.3775e+01
1.3746e+01
1.3712e+01
1.3692e+01
1.3673e+01
1.3644e+01
1.3619e+01
1.3590e+01
1.3570e+01
1.3536e+01
1.3517e+01
1.3488e+01
1.3453e+01
1.3434e+01
1.3414e+01
1.3395e+01
1.3366e+01
1.3331e+01
1.3322e+01
1.3312e+01
1.3302e+01
1.3273e+01
1.3253e+01
1.3239e+01
1.3229e+01
1.3209e+01
1.3199e+01
1.3175e+01
1.3170e+01
1.3151e+01
1.3146e+01
1.3121e+01
1.3107e+01
1.3097e+01
1.3087e+01
1.3058e+01
1.3048e+01
1.3033e+01
1.3028e+01
1.3009e+01
1.2994e+01
1.2979e+01
1.2965e+01
1.2945e+01
1.2940e+01
1.2921e+01
1.2906e+01
1.2896e+01
1.2886e+01
1.2867e+01
1.2842e+01
1.2842e+01
1.2823e+01
1.2808e+01
1.2803e+01
1.2784e+01
1.2779e+01
1.2759e+01
1.2745e+01
1.2735e+01
1.2710e+01
1.2691e+01
1.2666e+01
1.2656e+01
1.2642e+01
1.2627e+01
1.2607e+01
1.2583e+01
1.2563e+01
1.2563e+01
1.2549e+01
1.2519e+01
1.2499e+01
1.2480e+01
1.2460e+01
1.2446e+01
1.2431e+01
1.2411e+01
1.2377e+01
1.2352e+01
1.2333e+01
1.2333e+01
1.2313e+01
1.2288e+01
1.2269e+01
1.2259e+01
1.2239e+01
1.2220e+01
1.2195e+01
1.2161e+01
1.2141e+01
1.2126e+01
1.2092e+01
1.2067e+01
1.2043e+01
1.2018e+01
1.1994e+01
1.1979e+01
1.1959e+01
1.1935e+01
1.1925e+01
1.1890e+01
1.1871e+01
1.1851e+01
1.1822e+01
1.1797e+01
1.1767e+01
1.1743e+01
1.1718e+01
1.1694e+01
1.1664e+01
1.1625e+01
1.1605e+01
1.1585e+01
1.1561e+01
1.1536e+01
1.1521e+01
1.1506e+01
1.1477e+01
1.1442e+01
1.1408e+01
1.1373e+01
1.1354e+01
1.1329e+01
1.1299e+01
1.1275e+01
1.1250e+01
1.1220e+01
1.1191e+01
1.1171e+01
1.1141e+01
1.1112e+01
1.1092e+01
1.1067e+01
1.1043e+01
1.1018e+01
1.0993e+01
1.0969e+01
1.0939e+01
1.0914e+01
1.0894e+01
1.0870e+01
1.0845e+01
1.0815e+01
1.0781e+01
1.0761e+01
1.0741e+01
1.0726e+01
1.0726e+01
1.0706e+01
1.0692e+01
1.0667e+01
1.0662e+01
1.0637e+01
1.0617e+01
1.0598e+01
1.0583e+01
1.0573e+01
1.0558e+01
1.0538e+01
1.0518e+01
1.0498e+01
1.0494e+01
1.0479e+01
1.0474e+01
1.0459e+01
1.0449e+01
1.0434e+01
1.0424e+01
1.0419e+01
1.0414e+01
1.0385e+01
1.0380e+01
1.0380e+01
1.0365e+01
1.0350e+01
1.0340e+01
1.0330e+01
1.0330e+01
1.0315e+01
1.0310e+01
1.0295e+01
1.0280e+01
1.0290e+01
1.0285e+01
1.0275e+01
1.0285e+01
1.0290e+01
1.0310e+01
1.0335e+01
1.0360e+01
1.0380e+01
1.0399e+01
1.0409e+01
1.0414e+01
1.0409e+01
1.0409e+01
1.0399e+01
1.0389e+01
1.0389e+01
1.0375e+01
1.0350e+01
1.0335e+01
1.0325e+01
1.0305e+01
1.0275e+01
1.0261e+01
1.0256e+01
1.0236e+01
1.0221e+01
1.0196e+01
1.0181e+01
1.0171e+01
1.0142e+01
1.0117e+01
1.0102e+01
1.0082e+01
1.0052e+01
1.0027e+01
1.0003e+01
9.9777e+00
9.9429e+00
9.9181e+00
9.8982e+00
9.8684e+00
9.8485e+00
9.8287e+00
9.8088e+00
9.7790e+00
9.7591e+00
9.7442e+00
9.7193e+00
9.6795e+00
9.6646e+00
9.6298e+00
9.5999e+00
9.5750e+00
9.5501e+00
9.5153e+00
9.4954e+00
9.4655e+00
9.4456e+00
9.4207e+00
9.3958e+00
9.3709e+00
9.3360e+00
9.3111e+00
9.2862e+00
9.2663e+00
9.2363e+00
9.2014e+00
9.1765e+00
9.1466e+00
9.1217e+00
9.0917e+00
9.0668e+00
9.0369e+00
9.0169e+00
8.9869e+00
8.9620e+00
8.9320e+00
8.9121e+00
8.8871e+00
8.8621e+00
8.8322e+00
8.8122e+00
8.7872e+00
8.7522e+00
8.7222e+00
8.6973e+00
8.6723e+00
8.6423e+00
8.6273e+00
8.6123e+00
8.5923e+00
8.5923e+00
8.5673e+00
8.5222e+00
8.5022e+00
8.4772e+00
8.4472e+00
8.4121e+00
8.3921e+00
8.3721e+00
8.3371e+00
8.3070e+00
8.2820e+00
8.2619e+00
8.2319e+00
8.2068e+00
8.1918e+00
8.1567e+00
8.1316e+00
8.1166e+00
8.0865e+00
8.0564e+00
8.0314e+00
8.0063e+00
7.9812e+00
7.9611e+00
7.9310e+00
7.9110e+00
7.8809e+00
7.8558e+00
7.8357e+00
7.8056e+00
7.7905e+00
7.7654e+00
7.7453e+00
7.7152e+00
7.6800e+00
7.6549e+00
7.6298e+00
7.6046e+00
7.5795e+00
7.5544e+00
7.5192e+00
7.4940e+00
7.4639e+00
7.4287e+00
7.4085e+00
7.3834e+00
7.3582e+00
7.3482e+00
7.3280e+00
7.2978e+00
7.2626e+00
7.2274e+00
7.2022e+00
7.1820e+00
7.1518e+00
7.1166e+00
7.0964e+00
7.0712e+00
7.0410e+00
7.0208e+00
6.9855e+00
6.9654e+00
6.9402e+00
6.9149e+00
6.8897e+00
6.8595e+00
6.8292e+00
6.8040e+00
6.7787e+00
6.7535e+00
6.7283e+00
6.6980e+00
6.6626e+00
6.6323e+00
6.6020e+00
6.5818e+00
6.5616e+00
6.5414e+00
6.5162e+00
6.4808e+00
6.4606e+00
6.4505e+00
6.4353e+00
6.4100e+00
6.3898e+00
6.3645e+00
6.3493e+00
6.3291e+00
6.2988e+00
6.2684e+00
6.2431e+00
6.2229e+00
6.2127e+00
6.1925e+00
6.1773e+00
6.1621e+00
6.1571e+00
6.1368e+00
6.1166e+00
6.0811e+00
6.0609e+00
6.0609e+00
6.0558e+00
6.0355e+00
6.0203e+00
6.0052e+00
6.0001e+00
5.9849e+00
5.9748e+00
5.9748e+00
5.9596e+00
5.9596e+00
5.9444e+00
5.9190e+00
5.9139e+00
5.9089e+00
5.9038e+00
5.8886e+00
5.8886e+00
5.8835e+00
5.8633e+00
5.8633e+00
5.8582e+00
5.8379e+00
5.8379e+00
5.8430e+00
5.8278e+00
5.8176e+00
5.8075e+00
5.7872e+00
5.7872e+00
5.7720e+00
5.7568e+00
5.7466e+00
5.7314e+00
5.7213e+00
5.7010e+00
5.6858e+00
5.6756e+00
5.6604e+00
5.6502e+00
5.6452e+00
5.6299e+00
5.6096e+00
5.6096e+00
5.5842e+00
5.5690e+00
5.5639e+00
5.5538e+00
5.5233e+00
5.5030e+00
5.4929e+00
5.4776e+00
5.4624e+00
5.4421e+00
5.4217e+00
5.4065e+00
5.3913e+00
5.3760e+00
5.3608e+00
5.3455e+00
5.3303e+00
5.2998e+00
5.2693e+00
5.2540e+00
5.2235e+00
5.1981e+00
5.1879e+00
5.1574e+00
5.1319e+00
5.1167e+00
5.0912e+00
5.0709e+00
5.0454e+00
5.0200e+00
4.9894e+00
4.9691e+00
4.9487e+00
4.9232e+00
4.8774e+00
4.8519e+00
4.8264e+00
4.7908e+00
4.7704e+00
4.7296e+00
4.7143e+00
4.6888e+00
4.6531e+00
4.6276e+00
4.6021e+00
4.5715e+00
4.5562e+00
4.5358e+00
4.4950e+00
4.4745e+00
4.4439e+00
4.4184e+00
4.3877e+00
4.3571e+00
4.3418e+00
4.3009e+00
4.2703e+00
4.2447e+00
4.2140e+00
4.1834e+00
4.1527e+00
4.1271e+00
4.0965e+00
4.0607e+00
4.0351e+00
4.0044e+00
3.9737e+00
3.9430e+00
3.9174e+00
3.8867e+00
3.8611e+00
3.8304e+00
3.7894e+00
3.7638e+00
3.7484e+00
3.7177e+00
3.6869e+00
3.6613e+00
3.6203e+00
3.5998e+00
3.5844e+00
3.5588e+00
3.5177e+00
3.4767e+00
3.4511e+00
3.4203e+00
3.3998e+00
3.3741e+00
3.3484e+00
3.3176e+00
3.2868e+00
3.2612e+00
3.2303e+00
3.2047e+00
3.1893e+00
3.1482e+00
3.1173e+00
3.0916e+00
3.0659e+00
3.0454e+00
3.0145e+00
2.9734e+00
2.9580e+00
2.9271e+00
2.8962e+00
2.8705e+00
2.8448e+00
2.8139e+00
2.7830e+00
2.7521e+00
2.7212e+00
2.6904e+00
2.6595e+00
2.6285e+00
2.6131e+00
2.5770e+00
2.5461e+00
2.5203e+00
2.4791e+00
2.4482e+00
2.4276e+00
2.4018e+00
2.3811e+00
2.3554e+00
2.3296e+00
2.2986e+00
2.2780e+00
2.2573e+00
2.2212e+00
2.1851e+00
2.1593e+00
2.1283e+00
2.0818e+00
2.0611e+00
2.0405e+00
2.0146e+00
1.9888e+00
1.9423e+00
1.9164e+00
1.8958e+00
1.8699e+00
1.8389e+00
1.8182e+00
1.7923e+00
1.7561e+00
1.7251e+00
1.7096e+00
1.6682e+00
1.6268e+00
1.6009e+00
1.5698e+00
1.5439e+00
1.5387e+00
1.5077e+00
1.4869e+00
1.4507e+00
1.4092e+00
1.3885e+00
1.3626e+00
1.3367e+00
1.3107e+00
1.2796e+00
1.2433e+00
1.2122e+00
1.2018e+00
1.1655e+00
1.1240e+00
1.0929e+00
1.0669e+00
1.0358e+00
1.0098e+00
9.8904e-01
9.6826e-01
9.4230e-01
9.1632e-01
8.9035e-01
8.5917e-01
8.1760e-01
7.9161e-01
7.7082e-01
7.5003e-01
7.0843e-01
6.8243e-01
6.6162e-01
6.4082e-01
6.2001e-01
5.8879e-01
5.6278e-01
5.4196e-01
5.0553e-01
4.7950e-01
4.5347e-01
4.2223e-01
3.8577e-01
3.5973e-01
3.3369e-01
3.0763e-01
2.7637e-01
2.5032e-01
2.1904e-01
1.9298e-01
1.6691e-01
1.4605e-01
1.3041e-01
9.3904e-02
7.3041e-02
5.7391e-02
3.1307e-02
0000
