4.3097e+01
4.3054e+01
4.3007e+01
4.2964e+01
4.2926e+01
4.2892e+01
4.2845e+01
4.2806e+01
4.2773e+01
4.2730e+01
4.2697e+01
4.2649e+01
4.2601e+01
4.2563e+01
4.2515e+01
4.2462e+01
4.2424e+01
4.2381e+01
4.2343e+01
4.2309e+01
4.2271e+01
4.2228e+01
4.2199e+01
4.2161e+01
4.2123e+01
4.2089e+01
4.2041e+01
4.1998e+01
4.1969e+01
4.1931e+01
4.1878e+01
4.1830e+01
4.1797e+01
4.1758e+01
4.1720e+01
4.1677e+01
4.1638e+01
4.1600e+01
4.1556e+01
4.1513e+01
4.1484e+01
4.1446e+01
4.1407e+01
4.1374e+01
4.1345e+01
4.1302e+01
4.1258e+01
4.1220e+01
4.1196e+01
4.1157e+01
4.1109e+01
4.1066e+01
4.1032e+01
4.0998e+01
4.0960e+01
4.0926e+01
4.0897e+01
4.0854e+01
4.0830e+01
4.0796e+01
4.0753e+01
4.0714e+01
4.0680e+01
4.0637e+01
4.0603e+01
4.0559e+01
4.0521e+01
4.0497e+01
4.0458e+01
4.0419e+01
4.0390e+01
4.0361e+01
4.0328e+01
4.0303e+01
4.0265e+01
4.0231e+01
4.0192e+01
4.0173e+01
4.0149e+01
4.0120e+01
4.0105e+01
4.0086e+01
4.0066e+01
4.0047e+01
4.0028e+01
4.0003e+01
3.9994e+01
3.9989e+01
3.9984e+01
3.9960e+01
3.9940e+01
3.9926e+01
3.9916e+01
3.9907e+01
3.9892e+01
3.9873e+01
3.9868e+01
3.9858e+01
3.9863e+01
3.9858e+01
3.9844e+01
3.9824e+01
3.9834e+01
3.9824e+01
3.9824e+01
3.9814e+01
3.9800e+01
3.9790e+01
3.9781e+01
3.9761e+01
3.9751e+01
3.9742e+01
3.9732e+01
3.9713e+01
3.9688e+01
3.9669e+01
3.9664e+01
3.9654e+01
3.9654e+01
3.9635e+01
3.9616e+01
3.9606e+01
3.9591e+01
3.9582e+01
3.9562e+01
3.9553e+01
3.9538e+01
3.9523e+01
3.9523e+01
3.9504e+01
3.9494e+01
3.9470e+01
3.9455e+01
3.9441e+01
3.9431e+01
3.9417e+01
3.9392e+01
3.9392e+01
3.9378e+01
3.9373e+01
3.9358e+01
3.9344e+01
3.9329e+01
3.9319e+01
3.9300e+01
3.9305e+01
3.9281e+01
3.9271e+01
3.9261e+01
3.9251e+01
3.9237e+01
3.9232e+01
3.9237e+01
3.9232e+01
3.9222e+01
3.9212e+01
3.9193e+01
3.9183e+01
3.9169e+01
3.9164e+01
3.9140e+01
3.9130e+01
3.9120e+01
3.9110e+01
3.9086e+01
3.9076e+01
3.9062e+01
3.9057e+01
3.9047e+01
3.9033e+01
3.9008e+01
3.8994e+01
3.8969e+01
3.8960e+01
3.8930e+01
3.8916e+01
3.8911e+01
3.8886e+01
3.8882e+01
3.8852e+01
3.8818e+01
3.8804e+01
3.8794e+01
3.8770e+01
3.8735e+01
3.8711e+01
3.8692e+01
3.8657e+01
3.8618e+01
3.8594e+01
3.8565e+01
3.8536e+01
3.8516e+01
3.8482e+01
3.8448e+01
3.8414e+01
3.8370e+01
3.8335e+01
3.8301e+01
3.8272e+01
3.8247e+01
3.8218e+01
3.8199e+01
3.8164e+01
3.8120e+01
3.8086e+01
3.8047e+01
3.8013e+01
3.7979e+01
3.7944e+01
3.7910e+01
3.7866e+01
3.7837e+01
3.7802e+01
3.7773e+01
3.7729e+01
3.7700e+01
3.7670e+01
3.7626e+01
3.7592e+01
3.7562e+01
3.7528e+01
3.7499e+01
3.7450e+01
3.7415e+01
3.7381e+01
3.7351e+01
3.7317e+01
3.7288e+01
3.7248e+01
3.7214e+01
3.7189e+01
3.7155e+01
3.7135e+01
3.7106e+01
3.7081e+01
3.7057e+01
3.7022e+01
3.7003e+01
3.6993e+01
3.6953e+01
3.6934e+01
3.6929e+01
3.6914e+01
3.6904e+01
3.6904e+01
3.6904e+01
3.6894e+01
3.6880e+01
3.6880e+01
3.6894e+01
3.6904e+01
3.6904e+01
3.6909e+01
3.6919e+01
3.6924e+01
3.6939e+01
3.6949e+01
3.6949e+01
3.6958e+01
3.6978e+01
3.6978e+01
3.6988e+01
3.6998e+01
3.7017e+01
3.7037e+01
3.7042e+01
3.7057e+01
3.7086e+01
3.7086e+01
3.7111e+01
3.7111e+01
3.7111e+01
3.7121e+01
3.7130e+01
3.7130e+01
3.7155e+01
3.7165e+01
3.7175e+01
3.7180e+01
3.7175e+01
3.7184e+01
3.7189e+01
3.7204e+01
3.7214e+01
3.7273e+01
3.7273e+01
3.7288e+01
3.7278e+01
3.7278e+01
3.7278e+01
3.7283e+01
3.7278e+01
3.7278e+01
3.7273e+01
3.7263e+01
3.7263e+01
3.7263e+01
3.7248e+01
3.7243e+01
3.7238e+01
3.7219e+01
3.7189e+01
3.7175e+01
3.7155e+01
3.7135e+01
3.7130e+01
3.7106e+01
3.7062e+01
3.7037e+01
3.7022e+01
3.7017e+01
3.7003e+01
3.6983e+01
3.6939e+01
3.6914e+01
3.6894e+01
3.6880e+01
3.6855e+01
3.6826e+01
3.6781e+01
3.6762e+01
3.6727e+01
3.6693e+01
3.6663e+01
3.6634e+01
3.6594e+01
3.6569e+01
3.6540e+01
3.6520e+01
3.6491e+01
3.6461e+01
3.6402e+01
3.6377e+01
3.6353e+01
3.6328e+01
3.6308e+01
3.6269e+01
3.6229e+01
3.6200e+01
3.6165e+01
3.6130e+01
3.6081e+01
3.6056e+01
3.6037e+01
3.6002e+01
3.5967e+01
3.5938e+01
3.5913e+01
3.5878e+01
3.5834e+01
3.5804e+01
3.5755e+01
3.5720e+01
3.5686e+01
3.5646e+01
3.5611e+01
3.5577e+01
3.5552e+01
3.5517e+01
3.5473e+01
3.5438e+01
3.5398e+01
3.5359e+01
3.5329e+01
3.5294e+01
3.5259e+01
3.5230e+01
3.5200e+01
3.5160e+01
3.5116e+01
3.5081e+01
3.5041e+01
3.5011e+01
3.4996e+01
3.4962e+01
3.4932e+01
3.4897e+01
3.4862e+01
3.4832e+01
3.4808e+01
3.4788e+01
3.4768e+01
3.4733e+01
3.4713e+01
3.4688e+01
3.4658e+01
3.4639e+01
3.4629e+01
3.4599e+01
3.4594e+01
3.4584e+01
3.4579e+01
3.4569e+01
3.4584e+01
3.4579e+01
3.4584e+01
3.4589e+01
3.4594e+01
3.4594e+01
3.4599e+01
3.4599e+01
3.4604e+01
3.4614e+01
3.4634e+01
3.4639e+01
3.4643e+01
3.4639e+01
3.4643e+01
3.4653e+01
3.4658e+01
3.4668e+01
3.4673e+01
3.4678e+01
3.4678e+01
3.4683e+01
3.4683e+01
3.4683e+01
3.4688e+01
3.4688e+01
3.4683e+01
3.4678e+01
3.4683e+01
3.4683e+01
3.4673e+01
3.4668e+01
3.4648e+01
3.4639e+01
3.4648e+01
3.4639e+01
3.4629e+01
3.4599e+01
3.4579e+01
3.4584e+01
3.4579e+01
3.4564e+01
3.4549e+01
3.4544e+01
3.4529e+01
3.4509e+01
3.4509e+01
3.4484e+01
3.4474e+01
3.4459e+01
3.4439e+01
3.4429e+01
3.4414e+01
3.4395e+01
3.4375e+01
3.4350e+01
3.4325e+01
3.4310e+01
3.4295e+01
3.4270e+01
3.4240e+01
3.4215e+01
3.4185e+01
3.4165e+01
3.4150e+01
3.4120e+01
3.4105e+01
3.4076e+01
3.4051e+01
3.4016e+01
3.3986e+01
3.3951e+01
3.3926e+01
3.3896e+01
3.3866e+01
3.3836e+01
3.3806e+01
3.3766e+01
3.3726e+01
3.3686e+01
3.3666e+01
3.3641e+01
3.3601e+01
3.3566e+01
3.3531e+01
3.3501e+01
3.3476e+01
3.3446e+01
3.3416e+01
3.3381e+01
3.3341e+01
3.3311e+01
3.3276e+01
3.3241e+01
3.3210e+01
3.3180e+01
3.3145e+01
3.3125e+01
3.3095e+01
3.3060e+01
3.3025e+01
3.2995e+01
3.2955e+01
3.2935e+01
3.2895e+01
3.2869e+01
3.2824e+01
3.2799e+01
3.2784e+01
3.2754e+01
3.2734e+01
3.2704e+01
3.2659e+01
3.2628e+01
3.2598e+01
3.2568e+01
3.2543e+01
3.2518e+01
3.2483e+01
3.2452e+01
3.2412e+01
3.2377e+01
3.2342e+01
3.2312e+01
3.2276e+01
3.2251e+01
3.2226e+01
3.2206e+01
3.2160e+01
3.2140e+01
3.2115e+01
3.2090e+01
3.2075e+01
3.2055e+01
3.2029e+01
3.2014e+01
3.1969e+01
3.1939e+01
3.1919e+01
3.1898e+01
3.1873e+01
3.1848e+01
3.1823e+01
3.1797e+01
3.1757e+01
3.1737e+01
3.1717e+01
3.1696e+01
3.1676e+01
3.1636e+01
3.1601e+01
3.1580e+01
3.1545e+01
3.1510e+01
3.1489e+01
3.1459e+01
3.1429e+01
3.1403e+01
3.1373e+01
3.1353e+01
3.1323e+01
3.1297e+01
3.1282e+01
3.1247e+01
3.1216e+01
3.1196e+01
3.1166e+01
3.1135e+01
3.1120e+01
3.1095e+01
3.1059e+01
3.1034e+01
3.1009e+01
3.0983e+01
3.0958e+01
3.0928e+01
3.0923e+01
3.0902e+01
3.0882e+01
3.0852e+01
3.0826e+01
3.0796e+01
3.0760e+01
3.0730e+01
3.0704e+01
3.0674e+01
3.0633e+01
3.0608e+01
3.0578e+01
3.0547e+01
3.0512e+01
3.0476e+01
3.0451e+01
3.0435e+01
3.0400e+01
3.0379e+01
3.0349e+01
3.0329e+01
3.0303e+01
3.0268e+01
3.0247e+01
3.0217e+01
3.0186e+01
3.0151e+01
3.0135e+01
3.0115e+01
3.0084e+01
3.0049e+01
3.0034e+01
3.0008e+01
2.9983e+01
2.9967e+01
2.9937e+01
2.9916e+01
2.9891e+01
2.9866e+01
2.9840e+01
2.9820e+01
2.9779e+01
2.9758e+01
2.9738e+01
2.9723e+01
2.9708e+01
2.9692e+01
2.9682e+01
2.9662e+01
2.9636e+01
2.9621e+01
2.9590e+01
2.9575e+01
2.9554e+01
2.9534e+01
2.9514e+01
2.9488e+01
2.9473e+01
2.9452e+01
2.9432e+01
2.9417e+01
2.9412e+01
2.9386e+01
2.9371e+01
2.9350e+01
2.9320e+01
2.9299e+01
2.9263e+01
2.9248e+01
2.9243e+01
2.9212e+01
2.9192e+01
2.9166e+01
2.9151e+01
2.9120e+01
2.9100e+01
2.9074e+01
2.9049e+01
2.9033e+01
2.8998e+01
2.8977e+01
2.8962e+01
2.8936e+01
2.8905e+01
2.8870e+01
2.8854e+01
2.8839e+01
2.8803e+01
2.8777e+01
2.8747e+01
2.8716e+01
2.8695e+01
2.8670e+01
2.8654e+01
2.8618e+01
2.8613e+01
2.8583e+01
2.8547e+01
2.8521e+01
2.8501e+01
2.8470e+01
2.8444e+01
2.8418e+01
2.8383e+01
2.8357e+01
2.8331e+01
2.8295e+01
2.8264e+01
2.8223e+01
2.8182e+01
2.8157e+01
2.8141e+01
2.8121e+01
2.8100e+01
2.8074e+01
2.8044e+01
2.8023e+01
2.8002e+01
2.7977e+01
2.7946e+01
2.7915e+01
2.7874e+01
2.7838e+01
2.7827e+01
2.7802e+01
2.7776e+01
2.7750e+01
2.7714e+01
2.7688e+01
2.7652e+01
2.7621e+01
2.7611e+01
2.7585e+01
2.7544e+01
2.7513e+01
2.7488e+01
2.7462e+01
2.7420e+01
2.7400e+01
2.7379e+01
2.7348e+01
2.7333e+01
2.7307e+01
2.7276e+01
2.7261e+01
2.7235e+01
2.7214e+01
2.7193e+01
2.7168e+01
2.7137e+01
2.7116e+01
2.7090e+01
2.7070e+01
2.7039e+01
2.7008e+01
2.6987e+01
2.6971e+01
2.6940e+01
2.6914e+01
2.6894e+01
2.6878e+01
2.6842e+01
2.6827e+01
2.6806e+01
2.6801e+01
2.6785e+01
2.6749e+01
2.6708e+01
2.6687e+01
2.6661e+01
2.6630e+01
2.6609e+01
2.6589e+01
2.6552e+01
2.6526e+01
2.6521e+01
2.6495e+01
2.6464e+01
2.6428e+01
2.6397e+01
2.6376e+01
2.6361e+01
2.6335e+01
2.6304e+01
2.6278e+01
2.6246e+01
2.6221e+01
2.6205e+01
2.6184e+01
2.6158e+01
2.6127e+01
2.6101e+01
2.6075e+01
2.6049e+01
2.6023e+01
2.6003e+01
2.5987e+01
2.5951e+01
2.5925e+01
2.5899e+01
2.5873e+01
2.5862e+01
2.5831e+01
2.5784e+01
2.5758e+01
2.5732e+01
2.5701e+01
2.5675e+01
2.5654e+01
2.5634e+01
2.5607e+01
2.5576e+01
2.5555e+01
2.5535e+01
2.5509e+01
2.5483e+01
2.5446e+01
2.5420e+01
2.5389e+01
2.5352e+01
2.5326e+01
2.5300e+01
2.5264e+01
2.5238e+01
2.5217e+01
2.5191e+01
2.5170e+01
2.5144e+01
2.5113e+01
2.5076e+01
2.5055e+01
2.5040e+01
2.5003e+01
2.4972e+01
2.4946e+01
2.4925e+01
2.4888e+01
2.4862e+01
2.4831e+01
2.4799e+01
2.4773e+01
2.4763e+01
2.4732e+01
2.4700e+01
2.4674e+01
2.4658e+01
2.4622e+01
2.4580e+01
2.4543e+01
2.4512e+01
2.4486e+01
2.4470e+01
2.4439e+01
2.4402e+01
2.4371e+01
2.4350e+01
2.4313e+01
2.4297e+01
2.4271e+01
2.4245e+01
2.4224e+01
2.4203e+01
2.4172e+01
2.4145e+01
2.4114e+01
2.4083e+01
2.4046e+01
2.4020e+01
2.3983e+01
2.3951e+01
2.3930e+01
2.3904e+01
2.3878e+01
2.3841e+01
2.3820e+01
2.3789e+01
2.3757e+01
2.3710e+01
2.3689e+01
2.3668e+01
2.3636e+01
2.3615e+01
2.3594e+01
2.3563e+01
2.3537e+01
2.3516e+01
2.3479e+01
2.3458e+01
2.3431e+01
2.3410e+01
2.3379e+01
2.3353e+01
2.3321e+01
2.3289e+01
2.3263e+01
2.3237e+01
2.3216e+01
2.3195e+01
2.3158e+01
2.3126e+01
2.3105e+01
2.3074e+01
2.3037e+01
2.3026e+01
2.2995e+01
2.2963e+01
2.2947e+01
2.2926e+01
2.2894e+01
2.2868e+01
2.2842e+01
2.2815e+01
2.2789e+01
2.2757e+01
2.2731e+01
2.2704e+01
2.2662e+01
2.2636e+01
2.2599e+01
2.2578e+01
2.2562e+01
2.2530e+01
2.2504e+01
2.2467e+01
2.2451e+01
2.2435e+01
2.2409e+01
2.2398e+01
2.2366e+01
2.2335e+01
2.2314e+01
2.2292e+01
2.2261e+01
2.2234e+01
2.2197e+01
2.2166e+01
2.2128e+01
2.2102e+01
2.2081e+01
2.2065e+01
2.2044e+01
2.2017e+01
2.1986e+01
2.1954e+01
2.1938e+01
2.1895e+01
2.1858e+01
2.1832e+01
2.1800e+01
2.1774e+01
2.1752e+01
2.1747e+01
2.1705e+01
2.1689e+01
2.1668e+01
2.1646e+01
2.1614e+01
2.1583e+01
2.1567e+01
2.1540e+01
2.1514e+01
2.1487e+01
2.1455e+01
2.1418e+01
2.1381e+01
2.1365e+01
2.1344e+01
2.1312e+01
2.1285e+01
2.1259e+01
2.1237e+01
2.1216e+01
2.1190e+01
2.1179e+01
2.1147e+01
2.1120e+01
2.1094e+01
2.1057e+01
2.1030e+01
2.1014e+01
2.0982e+01
2.0961e+01
2.0940e+01
2.0918e+01
2.0886e+01
2.0854e+01
2.0838e+01
2.0817e+01
2.0785e+01
2.0769e+01
2.0753e+01
2.0716e+01
2.0689e+01
2.0668e+01
2.0641e+01
2.0625e+01
2.0604e+01
2.0583e+01
2.0577e+01
2.0561e+01
2.0540e+01
2.0519e+01
2.0503e+01
2.0492e+01
2.0476e+01
2.0460e+01
2.0444e+01
2.0412e+01
2.0401e+01
2.0385e+01
2.0359e+01
2.0348e+01
2.0332e+01
2.0305e+01
2.0289e+01
2.0273e+01
2.0257e+01
2.0246e+01
2.0225e+01
2.0214e+01
2.0204e+01
2.0204e+01
2.0198e+01
2.0177e+01
2.0161e+01
2.0145e+01
2.0113e+01
2.0092e+01
2.0075e+01
2.0065e+01
2.0043e+01
2.0022e+01
2.0001e+01
2.0001e+01
1.9985e+01
1.9974e+01
1.9953e+01
1.9920e+01
1.9910e+01
1.9872e+01
1.9856e+01
1.9851e+01
1.9824e+01
1.9808e+01
1.9787e+01
1.9760e+01
1.9744e+01
1.9722e+01
1.9696e+01
1.9680e+01
1.9653e+01
1.9631e+01
1.9610e+01
1.9583e+01
1.9572e+01
1.9562e+01
1.9530e+01
1.9503e+01
1.9476e+01
1.9444e+01
1.9422e+01
1.9385e+01
1.9358e+01
1.9337e+01
1.9299e+01
1.9288e+01
1.9272e+01
1.9256e+01
1.9224e+01
1.9192e+01
1.9170e+01
1.9149e+01
1.9127e+01
1.9100e+01
1.9079e+01
1.9057e+01
1.9025e+01
1.8988e+01
1.8955e+01
1.8928e+01
1.8907e+01
1.8891e+01
1.8859e+01
1.8821e+01
1.8799e+01
1.8783e+01
1.8756e+01
1.8730e+01
1.8703e+01
1.8681e+01
1.8654e+01
1.8627e+01
1.8600e+01
1.8579e+01
1.8552e+01
1.8525e+01
1.8498e+01
1.8466e+01
1.8433e+01
1.8406e+01
1.8390e+01
1.8380e+01
1.8353e+01
1.8299e+01
1.8282e+01
1.8261e+01
1.8229e+01
1.8191e+01
1.8169e+01
1.8142e+01
1.8110e+01
1.8083e+01
1.8056e+01
1.8045e+01
1.8018e+01
1.7980e+01
1.7953e+01
1.7926e+01
1.7910e+01
1.7894e+01
1.7867e+01
1.7835e+01
1.7813e+01
1.7780e+01
1.7753e+01
1.7716e+01
1.7689e+01
1.7678e+01
1.7645e+01
1.7613e+01
1.7591e+01
1.7559e+01
1.7532e+01
1.7510e+01
1.7478e+01
1.7451e+01
1.7429e+01
1.7396e+01
1.7380e+01
1.7364e+01
1.7342e+01
1.7310e+01
1.7277e+01
1.7261e+01
1.7234e+01
1.7196e+01
1.7174e+01
1.7153e+01
1.7125e+01
1.7088e+01
1.7055e+01
1.7033e+01
1.7012e+01
1.6968e+01
1.6947e+01
1.6930e+01
1.6909e+01
1.6881e+01
1.6849e+01
1.6816e+01
1.6789e+01
1.6767e+01
1.6751e+01
1.6724e+01
1.6697e+01
1.6680e+01
1.6664e+01
1.6626e+01
1.6588e+01
1.6561e+01
1.6534e+01
1.6523e+01
1.6496e+01
1.6452e+01
1.6425e+01
1.6392e+01
1.6365e+01
1.6332e+01
1.6305e+01
1.6283e+01
1.6256e+01
1.6240e+01
1.6213e+01
1.6180e+01
1.6158e+01
1.6126e+01
1.6098e+01
1.6071e+01
1.6044e+01
1.6017e+01
1.5978e+01
1.5940e+01
1.5924e+01
1.5902e+01
1.5864e+01
1.5831e+01
1.5809e+01
1.5798e+01
1.5777e+01
1.5738e+01
1.5727e+01
1.5706e+01
1.5667e+01
1.5646e+01
1.5618e+01
1.5586e+01
1.5558e+01
1.5531e+01
1.5504e+01
1.5476e+01
1.5443e+01
1.5411e+01
1.5389e+01
1.5361e+01
1.5340e+01
1.5323e+01
1.5290e+01
1.5241e+01
1.5225e+01
1.5208e+01
1.5186e+01
1.5154e+01
1.5121e+01
1.5104e+01
1.5082e+01
1.5050e+01
1.5017e+01
1.4995e+01
1.4967e+01
1.4945e+01
1.4924e+01
1.4896e+01
1.4869e+01
1.4852e+01
1.4825e+01
1.4792e+01
1.4770e+01
1.4748e+01
1.4721e+01
1.4693e+01
1.4677e+01
1.4633e+01
1.4611e+01
1.4595e+01
1.4562e+01
1.4551e+01
1.4523e+01
1.4501e+01
1.4479e+01
1.4452e+01
1.4424e+01
1.4397e+01
1.4369e+01
1.4342e+01
1.4326e+01
1.4309e+01
1.4276e+01
1.4243e+01
1.4210e+01
1.4194e+01
1.4172e+01
1.4139e+01
1.4117e+01
1.4095e+01
1.4073e+01
1.4034e+01
1.4012e+01
1.3990e+01
1.3968e+01
1.3941e+01
1.3907e+01
1.3896e+01
1.3863e+01
1.3841e+01
1.3814e+01
1.3786e+01
1.3759e+01
1.3737e+01
1.3709e+01
1.3676e+01
1.3654e+01
1.3632e+01
1.3610e+01
1.3593e+01
1.3555e+01
1.3522e+01
1.3500e+01
1.3467e+01
1.3450e+01
1.3411e+01
1.3378e+01
1.3351e+01
1.3318e+01
1.3301e+01
1.3279e+01
1.3246e+01
1.3224e+01
1.3213e+01
1.3191e+01
1.3163e+01
1.3135e+01
1.3102e+01
1.3086e+01
1.3069e+01
1.3041e+01
1.3019e+01
1.2986e+01
1.2947e+01
1.2936e+01
1.2914e+01
1.2886e+01
1.2859e+01
1.2842e+01
1.2809e+01
1.2792e+01
1.2770e+01
1.2737e+01
1.2715e+01
1.2693e+01
1.2676e+01
1.2648e+01
1.2615e+01
1.2587e+01
1.2576e+01
1.2554e+01
1.2532e+01
1.2499e+01
1.2454e+01
1.2432e+01
1.2405e+01
1.2388e+01
1.2371e+01
1.2349e+01
1.2316e+01
1.2294e+01
1.2283e+01
1.2244e+01
1.2222e+01
1.2194e+01
1.2177e+01
1.2155e+01
1.2127e+01
1.2110e+01
1.2088e+01
1.2060e+01
1.2038e+01
1.2010e+01
1.1988e+01
1.1955e+01
1.1927e+01
1.1905e+01
1.1899e+01
1.1872e+01
1.1844e+01
1.1810e+01
1.1788e+01
1.1766e+01
1.1744e+01
1.1716e+01
1.1710e+01
1.1682e+01
1.1649e+01
1.1627e+01
1.1616e+01
1.1588e+01
1.1560e+01
1.1538e+01
1.1527e+01
1.1499e+01
1.1471e+01
1.1443e+01
1.1421e+01
1.1387e+01
1.1365e+01
1.1354e+01
1.1332e+01
1.1304e+01
1.1281e+01
1.1259e+01
1.1231e+01
1.1209e+01
1.1192e+01
1.1164e+01
1.1142e+01
1.1114e+01
1.1086e+01
1.1053e+01
1.1030e+01
1.1008e+01
1.0991e+01
1.0963e+01
1.0941e+01
1.0913e+01
1.0896e+01
1.0874e+01
1.0863e+01
1.0846e+01
1.0807e+01
1.0785e+01
1.0762e+01
1.0746e+01
1.0712e+01
1.0679e+01
1.0662e+01
1.0639e+01
1.0634e+01
1.0611e+01
1.0578e+01
1.0561e+01
1.0550e+01
1.0528e+01
1.0500e+01
1.0477e+01
1.0444e+01
1.0427e+01
1.0404e+01
1.0382e+01
1.0371e+01
1.0337e+01
1.0320e+01
1.0298e+01
1.0276e+01
1.0253e+01
1.0220e+01
1.0208e+01
1.0197e+01
1.0186e+01
1.0175e+01
1.0152e+01
1.0136e+01
1.0119e+01
1.0091e+01
1.0079e+01
1.0068e+01
1.0040e+01
1.0018e+01
1.0001e+01
9.9953e+00
9.9785e+00
9.9561e+00
9.9280e+00
9.9280e+00
9.9168e+00
9.8887e+00
9.8663e+00
9.8439e+00
9.8382e+00
9.8158e+00
9.8046e+00
9.7933e+00
9.7765e+00
9.7484e+00
9.7203e+00
9.7091e+00
9.6979e+00
9.6810e+00
9.6642e+00
9.6417e+00
9.6305e+00
9.6248e+00
9.6024e+00
9.5855e+00
9.5686e+00
9.5518e+00
9.5405e+00
9.5124e+00
9.4956e+00
9.4787e+00
9.4506e+00
9.4337e+00
9.4225e+00
9.4112e+00
9.3831e+00
9.3662e+00
9.3493e+00
9.3268e+00
9.3043e+00
9.2987e+00
9.2818e+00
9.2649e+00
9.2424e+00
9.2312e+00
9.2030e+00
9.1749e+00
9.1636e+00
9.1580e+00
9.1298e+00
9.1017e+00
9.0848e+00
9.0566e+00
9.0397e+00
9.0228e+00
9.0059e+00
8.9890e+00
8.9608e+00
8.9383e+00
8.9157e+00
8.8988e+00
8.8762e+00
8.8706e+00
8.8424e+00
8.8142e+00
8.7973e+00
8.7860e+00
8.7691e+00
8.7522e+00
8.7352e+00
8.7070e+00
8.6675e+00
8.6562e+00
8.6449e+00
8.6167e+00
8.5885e+00
8.5772e+00
8.5546e+00
8.5433e+00
8.5151e+00
8.4925e+00
8.4812e+00
8.4586e+00
8.4416e+00
8.4360e+00
8.4134e+00
8.3908e+00
8.3738e+00
8.3625e+00
8.3343e+00
8.3173e+00
8.3003e+00
8.2777e+00
8.2608e+00
8.2664e+00
8.2438e+00
8.2212e+00
8.2042e+00
8.1703e+00
8.1533e+00
8.1533e+00
8.1363e+00
8.1080e+00
8.0797e+00
8.0910e+00
8.0627e+00
8.0458e+00
8.0231e+00
8.0061e+00
7.9835e+00
7.9778e+00
7.9552e+00
7.9325e+00
7.9155e+00
7.9042e+00
7.8872e+00
7.8759e+00
7.8532e+00
7.8249e+00
7.8136e+00
7.7966e+00
7.7682e+00
7.7399e+00
7.7229e+00
7.7115e+00
7.6945e+00
7.6775e+00
7.6605e+00
7.6435e+00
7.6208e+00
7.6095e+00
7.5754e+00
7.5641e+00
7.5584e+00
7.5414e+00
7.5187e+00
7.5187e+00
7.4903e+00
7.4562e+00
7.4222e+00
7.4108e+00
7.3995e+00
7.3824e+00
7.3654e+00
7.3427e+00
7.3313e+00
7.3086e+00
7.2859e+00
7.2745e+00
7.2575e+00
7.2575e+00
7.2404e+00
7.2007e+00
7.1836e+00
7.1722e+00
7.1438e+00
7.1211e+00
7.0983e+00
7.0813e+00
7.0585e+00
7.0301e+00
7.0187e+00
7.0017e+00
6.9732e+00
6.9562e+00
6.9334e+00
6.9049e+00
6.8879e+00
6.8594e+00
6.8423e+00
6.8252e+00
6.7911e+00
6.7797e+00
6.7683e+00
6.7512e+00
6.7171e+00
6.6943e+00
6.6658e+00
6.6544e+00
6.6373e+00
6.5974e+00
6.5689e+00
6.5461e+00
6.5233e+00
6.5233e+00
6.4948e+00
6.4606e+00
6.4435e+00
6.4150e+00
6.3807e+00
6.3636e+00
6.3294e+00
6.3180e+00
6.2837e+00
6.2666e+00
6.2381e+00
6.2095e+00
6.1867e+00
6.1695e+00
6.1524e+00
6.1296e+00
6.1067e+00
6.0782e+00
6.0496e+00
6.0324e+00
6.0096e+00
6.0039e+00
5.9639e+00
5.9353e+00
5.9067e+00
5.8838e+00
5.8609e+00
5.8324e+00
5.8152e+00
5.7980e+00
5.7637e+00
5.7408e+00
5.7237e+00
5.6893e+00
5.6664e+00
5.6492e+00
5.6149e+00
5.5977e+00
5.5691e+00
5.5462e+00
5.5233e+00
5.5004e+00
5.4774e+00
5.4545e+00
5.4201e+00
5.4030e+00
5.3915e+00
5.3571e+00
5.3284e+00
5.2998e+00
5.2826e+00
5.2539e+00
5.2137e+00
5.1965e+00
5.1736e+00
5.1621e+00
5.1392e+00
5.1105e+00
5.0818e+00
5.0588e+00
5.0416e+00
5.0186e+00
4.9899e+00
4.9669e+00
4.9440e+00
4.9210e+00
4.8865e+00
4.8693e+00
4.8406e+00
4.8176e+00
4.7888e+00
4.7544e+00
4.7371e+00
4.7026e+00
4.6739e+00
4.6624e+00
4.6279e+00
4.6106e+00
4.5876e+00
4.5818e+00
4.5531e+00
4.5301e+00
4.5013e+00
4.4783e+00
4.4495e+00
4.4207e+00
4.3977e+00
4.3861e+00
4.3573e+00
4.3458e+00
4.3170e+00
4.2882e+00
4.2652e+00
4.2421e+00
4.2191e+00
4.1903e+00
4.1672e+00
4.1557e+00
4.1269e+00
4.1096e+00
4.0807e+00
4.0577e+00
4.0346e+00
4.0115e+00
3.9827e+00
3.9481e+00
3.9308e+00
3.9192e+00
3.8961e+00
3.8730e+00
3.8499e+00
3.8153e+00
3.7864e+00
3.7691e+00
3.7518e+00
3.7229e+00
3.6883e+00
3.6594e+00
3.6478e+00
3.6131e+00
3.5958e+00
3.5842e+00
3.5553e+00
3.5438e+00
3.5207e+00
3.4917e+00
3.4744e+00
3.4455e+00
3.4223e+00
3.4166e+00
3.3992e+00
3.3761e+00
3.3471e+00
3.3240e+00
3.3124e+00
3.3240e+00
3.2893e+00
3.2545e+00
3.2487e+00
3.2314e+00
3.2140e+00
3.1966e+00
3.1851e+00
3.1908e+00
3.1677e+00
3.1503e+00
3.1387e+00
3.1271e+00
3.1156e+00
3.1098e+00
3.0866e+00
3.0750e+00
3.0692e+00
3.0634e+00
3.0692e+00
3.0576e+00
3.0460e+00
3.0287e+00
3.0055e+00
2.9939e+00
2.9939e+00
2.9881e+00
2.9765e+00
2.9707e+00
2.9707e+00
2.9591e+00
2.9417e+00
2.9417e+00
2.9243e+00
2.9185e+00
2.9185e+00
2.9069e+00
2.8953e+00
2.8895e+00
2.8837e+00
2.8721e+00
2.8663e+00
2.8605e+00
2.8373e+00
2.8257e+00
2.8141e+00
2.8083e+00
2.7967e+00
2.7619e+00
2.7503e+00
2.7445e+00
2.7387e+00
2.7271e+00
2.7155e+00
2.6981e+00
2.6807e+00
2.6749e+00
2.6633e+00
2.6401e+00
2.6226e+00
2.6110e+00
2.5936e+00
2.5936e+00
2.5646e+00
2.5297e+00
2.5181e+00
2.5007e+00
2.4891e+00
2.4949e+00
2.4658e+00
2.4252e+00
2.4135e+00
2.4019e+00
2.3787e+00
2.3554e+00
2.3438e+00
2.3263e+00
2.2915e+00
2.2798e+00
2.2624e+00
2.2449e+00
2.2159e+00
2.1868e+00
2.1693e+00
2.1577e+00
2.1344e+00
2.1053e+00
2.0878e+00
2.0646e+00
2.0471e+00
2.0238e+00
2.0063e+00
1.9772e+00
1.9539e+00
1.9423e+00
1.9248e+00
1.8957e+00
1.8724e+00
1.8549e+00
1.8316e+00
1.8141e+00
1.7966e+00
1.7850e+00
1.7675e+00
1.7617e+00
1.7500e+00
1.7325e+00
1.7150e+00
1.6917e+00
1.6626e+00
1.6451e+00
1.6334e+00
1.6159e+00
1.6042e+00
1.5751e+00
1.5459e+00
1.5459e+00
1.5342e+00
1.5050e+00
1.4992e+00
1.4817e+00
1.4642e+00
1.4584e+00
1.4350e+00
1.4292e+00
1.4058e+00
1.3883e+00
1.3649e+00
1.3591e+00
1.3299e+00
1.3124e+00
1.3007e+00
1.2773e+00
1.2598e+00
1.2598e+00
1.2364e+00
1.2072e+00
1.2014e+00
1.1897e+00
1.1605e+00
1.1429e+00
1.1254e+00
1.1020e+00
1.0786e+00
1.0377e+00
1.0201e+00
1.0201e+00
9.9673e-01
9.8503e-01
9.6748e-01
9.5577e-01
9.2067e-01
8.9726e-01
8.6800e-01
8.4458e-01
8.2117e-01
8.0360e-01
7.8604e-01
7.4505e-01
7.2162e-01
7.0405e-01
6.8647e-01
6.7476e-01
6.5132e-01
6.2789e-01
6.1617e-01
5.9859e-01
5.6928e-01
5.5170e-01
5.3411e-01
5.0480e-01
4.7548e-01
4.5789e-01
4.2857e-01
3.9924e-01
3.7578e-01
3.6404e-01
3.3471e-01
3.1124e-01
2.8189e-01
2.6429e-01
2.4081e-01
2.2320e-01
1.9971e-01
1.7035e-01
1.5274e-01
1.4687e-01
1.1750e-01
8.2257e-02
5.8758e-02
2.9381e-02
0000
