3.9212e+01
3.9150e+01
3.9061e+01
3.8995e+01
3.8894e+01
3.8824e+01
3.8719e+01
3.8664e+01
3.8590e+01
3.8540e+01
3.8469e+01
3.8423e+01
3.8372e+01
3.8321e+01
3.8255e+01
3.8204e+01
3.8118e+01
3.8064e+01
3.7978e+01
3.7919e+01
3.7849e+01
3.7790e+01
3.7700e+01
3.7630e+01
3.7559e+01
3.7481e+01
3.7402e+01
3.7328e+01
3.7269e+01
3.7206e+01
3.7112e+01
3.7057e+01
3.6990e+01
3.6927e+01
3.6865e+01
3.6794e+01
3.6743e+01
3.6676e+01
3.6605e+01
3.6542e+01
3.6479e+01
3.6424e+01
3.6365e+01
3.6297e+01
3.6226e+01
3.6167e+01
3.6100e+01
3.6049e+01
3.6001e+01
3.5946e+01
3.5891e+01
3.5839e+01
3.5788e+01
3.5725e+01
3.5689e+01
3.5638e+01
3.5570e+01
3.5519e+01
3.5463e+01
3.5412e+01
3.5356e+01
3.5309e+01
3.5277e+01
3.5225e+01
3.5182e+01
3.5138e+01
3.5106e+01
3.5063e+01
3.5023e+01
3.4975e+01
3.4927e+01
3.4876e+01
3.4828e+01
3.4784e+01
3.4725e+01
3.4677e+01
3.4653e+01
3.4613e+01
3.4569e+01
3.4521e+01
3.4498e+01
3.4466e+01
3.4422e+01
3.4390e+01
3.4342e+01
3.4306e+01
3.4274e+01
3.4246e+01
3.4218e+01
3.4183e+01
3.4139e+01
3.4131e+01
3.4099e+01
3.4071e+01
3.4055e+01
3.4035e+01
3.4019e+01
3.4003e+01
3.3975e+01
3.3963e+01
3.3939e+01
3.3911e+01
3.3895e+01
3.3875e+01
3.3863e+01
3.3827e+01
3.3799e+01
3.3783e+01
3.3735e+01
3.3719e+01
3.3695e+01
3.3687e+01
3.3663e+01
3.3647e+01
3.3611e+01
3.3595e+01
3.3587e+01
3.3547e+01
3.3519e+01
3.3487e+01
3.3455e+01
3.3427e+01
3.3390e+01
3.3366e+01
3.3350e+01
3.3310e+01
3.3286e+01
3.3262e+01
3.3226e+01
3.3190e+01
3.3174e+01
3.3154e+01
3.3130e+01
3.3102e+01
3.3057e+01
3.3025e+01
3.2993e+01
3.2961e+01
3.2925e+01
3.2901e+01
3.2868e+01
3.2836e+01
3.2808e+01
3.2784e+01
3.2772e+01
3.2748e+01
3.2736e+01
3.2720e+01
3.2699e+01
3.2675e+01
3.2667e+01
3.2647e+01
3.2635e+01
3.2635e+01
3.2643e+01
3.2627e+01
3.2615e+01
3.2635e+01
3.2635e+01
3.2651e+01
3.2659e+01
3.2691e+01
3.2704e+01
3.2720e+01
3.2748e+01
3.2768e+01
3.2776e+01
3.2804e+01
3.2832e+01
3.2856e+01
3.2889e+01
3.2909e+01
3.2945e+01
3.2981e+01
3.3021e+01
3.3049e+01
3.3093e+01
3.3118e+01
3.3150e+01
3.3182e+01
3.3222e+01
3.3266e+01
3.3330e+01
3.3382e+01
3.3435e+01
3.3475e+01
3.3515e+01
3.3519e+01
3.3567e+01
3.3579e+01
3.3607e+01
3.3623e+01
3.3643e+01
3.3643e+01
3.3663e+01
3.3667e+01
3.3695e+01
3.3683e+01
3.3691e+01
3.3679e+01
3.3691e+01
3.3671e+01
3.3679e+01
3.3663e+01
3.3691e+01
3.3679e+01
3.3679e+01
3.3671e+01
3.3679e+01
3.3663e+01
3.3667e+01
3.3647e+01
3.3639e+01
3.3615e+01
3.3603e+01
3.3575e+01
3.3563e+01
3.3535e+01
3.3507e+01
3.3467e+01
3.3435e+01
3.3410e+01
3.3374e+01
3.3338e+01
3.3318e+01
3.3286e+01
3.3262e+01
3.3222e+01
3.3178e+01
3.3130e+01
3.3102e+01
3.3065e+01
3.3021e+01
3.2973e+01
3.2929e+01
3.2893e+01
3.2836e+01
3.2788e+01
3.2760e+01
3.2716e+01
3.2679e+01
3.2635e+01
3.2599e+01
3.2559e+01
3.2502e+01
3.2446e+01
3.2409e+01
3.2361e+01
3.2317e+01
3.2264e+01
3.2200e+01
3.2163e+01
3.2131e+01
3.2083e+01
3.2050e+01
3.2006e+01
3.1953e+01
3.1909e+01
3.1877e+01
3.1836e+01
3.1771e+01
3.1731e+01
3.1682e+01
3.1630e+01
3.1577e+01
3.1533e+01
3.1492e+01
3.1447e+01
3.1403e+01
3.1362e+01
3.1322e+01
3.1277e+01
3.1241e+01
3.1200e+01
3.1155e+01
3.1111e+01
3.1078e+01
3.1042e+01
3.0969e+01
3.0912e+01
3.0879e+01
3.0843e+01
3.0798e+01
3.0765e+01
3.0729e+01
3.0692e+01
3.0651e+01
3.0611e+01
3.0586e+01
3.0541e+01
3.0501e+01
3.0464e+01
3.0427e+01
3.0391e+01
3.0350e+01
3.0305e+01
3.0260e+01
3.0223e+01
3.0174e+01
3.0134e+01
3.0105e+01
3.0068e+01
3.0036e+01
3.0003e+01
2.9982e+01
2.9942e+01
2.9901e+01
2.9860e+01
2.9815e+01
2.9778e+01
2.9737e+01
2.9708e+01
2.9680e+01
2.9643e+01
2.9618e+01
2.9590e+01
2.9532e+01
2.9504e+01
2.9479e+01
2.9455e+01
2.9430e+01
2.9401e+01
2.9373e+01
2.9348e+01
2.9323e+01
2.9282e+01
2.9245e+01
2.9221e+01
2.9188e+01
2.9159e+01
2.9147e+01
2.9126e+01
2.9089e+01
2.9069e+01
2.9048e+01
2.9032e+01
2.9007e+01
2.8983e+01
2.8970e+01
2.8942e+01
2.8929e+01
2.8909e+01
2.8884e+01
2.8855e+01
2.8835e+01
2.8806e+01
2.8785e+01
2.8761e+01
2.8736e+01
2.8711e+01
2.8691e+01
2.8666e+01
2.8658e+01
2.8633e+01
2.8613e+01
2.8584e+01
2.8547e+01
2.8518e+01
2.8497e+01
2.8473e+01
2.8444e+01
2.8415e+01
2.8394e+01
2.8361e+01
2.8353e+01
2.8328e+01
2.8299e+01
2.8279e+01
2.8271e+01
2.8242e+01
2.8213e+01
2.8192e+01
2.8159e+01
2.8130e+01
2.8118e+01
2.8097e+01
2.8068e+01
2.8039e+01
2.8006e+01
2.7990e+01
2.7982e+01
2.7977e+01
2.7969e+01
2.7961e+01
2.7969e+01
2.7977e+01
2.7961e+01
2.7969e+01
2.7977e+01
2.7998e+01
2.7990e+01
2.8006e+01
2.8031e+01
2.8048e+01
2.8068e+01
2.8101e+01
2.8130e+01
2.8163e+01
2.8188e+01
2.8217e+01
2.8250e+01
2.8295e+01
2.8328e+01
2.8361e+01
2.8382e+01
2.8423e+01
2.8452e+01
2.8485e+01
2.8505e+01
2.8547e+01
2.8559e+01
2.8604e+01
2.8641e+01
2.8695e+01
2.8740e+01
2.8794e+01
2.8847e+01
2.8901e+01
2.8921e+01
2.8979e+01
2.9011e+01
2.9057e+01
2.9081e+01
2.9118e+01
2.9143e+01
2.9176e+01
2.9204e+01
2.9241e+01
2.9258e+01
2.9282e+01
2.9286e+01
2.9328e+01
2.9336e+01
2.9356e+01
2.9360e+01
2.9393e+01
2.9385e+01
2.9401e+01
2.9410e+01
2.9414e+01
2.9426e+01
2.9426e+01
2.9414e+01
2.9410e+01
2.9410e+01
2.9393e+01
2.9401e+01
2.9393e+01
2.9364e+01
2.9348e+01
2.9340e+01
2.9323e+01
2.9307e+01
2.9278e+01
2.9241e+01
2.9217e+01
2.9184e+01
2.9155e+01
2.9131e+01
2.9110e+01
2.9098e+01
2.9065e+01
2.9040e+01
2.9011e+01
2.8983e+01
2.8954e+01
2.8917e+01
2.8880e+01
2.8847e+01
2.8810e+01
2.8765e+01
2.8724e+01
2.8699e+01
2.8666e+01
2.8629e+01
2.8588e+01
2.8580e+01
2.8538e+01
2.8489e+01
2.8468e+01
2.8444e+01
2.8411e+01
2.8374e+01
2.8353e+01
2.8320e+01
2.8271e+01
2.8225e+01
2.8200e+01
2.8176e+01
2.8138e+01
2.8081e+01
2.8052e+01
2.8044e+01
2.8015e+01
2.7986e+01
2.7965e+01
2.7948e+01
2.7924e+01
2.7882e+01
2.7853e+01
2.7820e+01
2.7779e+01
2.7758e+01
2.7750e+01
2.7717e+01
2.7696e+01
2.7671e+01
2.7655e+01
2.7663e+01
2.7700e+01
2.7734e+01
2.7742e+01
2.7734e+01
2.7738e+01
2.7721e+01
2.7705e+01
2.7688e+01
2.7680e+01
2.7651e+01
2.7626e+01
2.7576e+01
2.7560e+01
2.7543e+01
2.7518e+01
2.7493e+01
2.7481e+01
2.7473e+01
2.7485e+01
2.7477e+01
2.7473e+01
2.7448e+01
2.7448e+01
2.7448e+01
2.7464e+01
2.7464e+01
2.7469e+01
2.7469e+01
2.7456e+01
2.7440e+01
2.7419e+01
2.7402e+01
2.7382e+01
2.7369e+01
2.7353e+01
2.7340e+01
2.7319e+01
2.7290e+01
2.7274e+01
2.7241e+01
2.7220e+01
2.7203e+01
2.7178e+01
2.7145e+01
2.7120e+01
2.7108e+01
2.7087e+01
2.7058e+01
2.7045e+01
2.7041e+01
2.7025e+01
2.7000e+01
2.6975e+01
2.6933e+01
2.6921e+01
2.6917e+01
2.6883e+01
2.6846e+01
2.6825e+01
2.6792e+01
2.6771e+01
2.6767e+01
2.6759e+01
2.6742e+01
2.6750e+01
2.6738e+01
2.6721e+01
2.6721e+01
2.6730e+01
2.6709e+01
2.6700e+01
2.6692e+01
2.6680e+01
2.6663e+01
2.6655e+01
2.6655e+01
2.6651e+01
2.6642e+01
2.6634e+01
2.6626e+01
2.6617e+01
2.6613e+01
2.6613e+01
2.6596e+01
2.6601e+01
2.6601e+01
2.6584e+01
2.6580e+01
2.6567e+01
2.6546e+01
2.6526e+01
2.6526e+01
2.6526e+01
2.6521e+01
2.6521e+01
2.6530e+01
2.6517e+01
2.6517e+01
2.6509e+01
2.6513e+01
2.6513e+01
2.6509e+01
2.6501e+01
2.6492e+01
2.6476e+01
2.6471e+01
2.6447e+01
2.6434e+01
2.6413e+01
2.6417e+01
2.6396e+01
2.6392e+01
2.6380e+01
2.6359e+01
2.6334e+01
2.6338e+01
2.6326e+01
2.6313e+01
2.6292e+01
2.6276e+01
2.6263e+01
2.6246e+01
2.6221e+01
2.6209e+01
2.6188e+01
2.6180e+01
2.6155e+01
2.6155e+01
2.6130e+01
2.6109e+01
2.6088e+01
2.6071e+01
2.6050e+01
2.6025e+01
2.5996e+01
2.5975e+01
2.5950e+01
2.5925e+01
2.5879e+01
2.5846e+01
2.5825e+01
2.5808e+01
2.5783e+01
2.5762e+01
2.5737e+01
2.5724e+01
2.5708e+01
2.5687e+01
2.5662e+01
2.5645e+01
2.5624e+01
2.5603e+01
2.5569e+01
2.5549e+01
2.5519e+01
2.5498e+01
2.5465e+01
2.5444e+01
2.5415e+01
2.5402e+01
2.5377e+01
2.5377e+01
2.5352e+01
2.5322e+01
2.5310e+01
2.5297e+01
2.5272e+01
2.5251e+01
2.5226e+01
2.5217e+01
2.5176e+01
2.5163e+01
2.5138e+01
2.5121e+01
2.5096e+01
2.5087e+01
2.5062e+01
2.5045e+01
2.5029e+01
2.5008e+01
2.5037e+01
2.5020e+01
2.5024e+01
2.5003e+01
2.4978e+01
2.4966e+01
2.4957e+01
2.4936e+01
2.4924e+01
2.4911e+01
2.4894e+01
2.4877e+01
2.4869e+01
2.4856e+01
2.4848e+01
2.4831e+01
2.4819e+01
2.4810e+01
2.4793e+01
2.4768e+01
2.4751e+01
2.4747e+01
2.4726e+01
2.4697e+01
2.4688e+01
2.4663e+01
2.4650e+01
2.4642e+01
2.4634e+01
2.4625e+01
2.4625e+01
2.4612e+01
2.4608e+01
2.4600e+01
2.4596e+01
2.4579e+01
2.4562e+01
2.4554e+01
2.4541e+01
2.4520e+01
2.4507e+01
2.4490e+01
2.4478e+01
2.4474e+01
2.4457e+01
2.4440e+01
2.4436e+01
2.4415e+01
2.4410e+01
2.4398e+01
2.4385e+01
2.4368e+01
2.4351e+01
2.4318e+01
2.4313e+01
2.4292e+01
2.4276e+01
2.4267e+01
2.4276e+01
2.4271e+01
2.4263e+01
2.4263e+01
2.4267e+01
2.4263e+01
2.4259e+01
2.4254e+01
2.4259e+01
2.4254e+01
2.4250e+01
2.4246e+01
2.4246e+01
2.4238e+01
2.4229e+01
2.4246e+01
2.4250e+01
2.4254e+01
2.4250e+01
2.4263e+01
2.4271e+01
2.4267e+01
2.4271e+01
2.4280e+01
2.4284e+01
2.4284e+01
2.4276e+01
2.4284e+01
2.4280e+01
2.4280e+01
2.4271e+01
2.4276e+01
2.4263e+01
2.4263e+01
2.4263e+01
2.4254e+01
2.4246e+01
2.4238e+01
2.4225e+01
2.4216e+01
2.4204e+01
2.4183e+01
2.4157e+01
2.4141e+01
2.4128e+01
2.4107e+01
2.4090e+01
2.4073e+01
2.4056e+01
2.4035e+01
2.4022e+01
2.4010e+01
2.3997e+01
2.3976e+01
2.3959e+01
2.3925e+01
2.3896e+01
2.3870e+01
2.3837e+01
2.3807e+01
2.3782e+01
2.3760e+01
2.3731e+01
2.3697e+01
2.3672e+01
2.3638e+01
2.3604e+01
2.3579e+01
2.3557e+01
2.3540e+01
2.3511e+01
2.3490e+01
2.3473e+01
2.3430e+01
2.3401e+01
2.3388e+01
2.3350e+01
2.3312e+01
2.3274e+01
2.3244e+01
2.3214e+01
2.3180e+01
2.3151e+01
2.3112e+01
2.3087e+01
2.3070e+01
2.3040e+01
2.3002e+01
2.2964e+01
2.2930e+01
2.2896e+01
2.2879e+01
2.2832e+01
2.2794e+01
2.2764e+01
2.2713e+01
2.2683e+01
2.2662e+01
2.2632e+01
2.2607e+01
2.2577e+01
2.2547e+01
2.2518e+01
2.2483e+01
2.2449e+01
2.2415e+01
2.2381e+01
2.2347e+01
2.2305e+01
2.2266e+01
2.2228e+01
2.2202e+01
2.2168e+01
2.2147e+01
2.2121e+01
2.2100e+01
2.2070e+01
2.2036e+01
2.2002e+01
2.1976e+01
2.1942e+01
2.1908e+01
2.1878e+01
2.1844e+01
2.1801e+01
2.1767e+01
2.1733e+01
2.1694e+01
2.1660e+01
2.1639e+01
2.1604e+01
2.1596e+01
2.1562e+01
2.1532e+01
2.1506e+01
2.1472e+01
2.1437e+01
2.1399e+01
2.1365e+01
2.1352e+01
2.1318e+01
2.1266e+01
2.1240e+01
2.1210e+01
2.1185e+01
2.1163e+01
2.1138e+01
2.1112e+01
2.1082e+01
2.1065e+01
2.1030e+01
2.0996e+01
2.0966e+01
2.0940e+01
2.0902e+01
2.0863e+01
2.0829e+01
2.0803e+01
2.0773e+01
2.0738e+01
2.0700e+01
2.0678e+01
2.0652e+01
2.0644e+01
2.0618e+01
2.0575e+01
2.0549e+01
2.0515e+01
2.0489e+01
2.0454e+01
2.0424e+01
2.0386e+01
2.0351e+01
2.0338e+01
2.0299e+01
2.0269e+01
2.0243e+01
2.0209e+01
2.0174e+01
2.0157e+01
2.0127e+01
2.0097e+01
2.0075e+01
2.0036e+01
1.9998e+01
1.9976e+01
1.9937e+01
1.9890e+01
1.9851e+01
1.9834e+01
1.9808e+01
1.9777e+01
1.9747e+01
1.9730e+01
1.9708e+01
1.9669e+01
1.9643e+01
1.9631e+01
1.9592e+01
1.9566e+01
1.9527e+01
1.9492e+01
1.9457e+01
1.9436e+01
1.9388e+01
1.9362e+01
1.9332e+01
1.9306e+01
1.9271e+01
1.9241e+01
1.9219e+01
1.9189e+01
1.9150e+01
1.9128e+01
1.9111e+01
1.9076e+01
1.9046e+01
1.9016e+01
1.8985e+01
1.8955e+01
1.8911e+01
1.8885e+01
1.8855e+01
1.8833e+01
1.8799e+01
1.8777e+01
1.8751e+01
1.8733e+01
1.8712e+01
1.8664e+01
1.8633e+01
1.8612e+01
1.8573e+01
1.8547e+01
1.8512e+01
1.8477e+01
1.8433e+01
1.8416e+01
1.8381e+01
1.8351e+01
1.8329e+01
1.8307e+01
1.8272e+01
1.8251e+01
1.8224e+01
1.8198e+01
1.8168e+01
1.8146e+01
1.8107e+01
1.8068e+01
1.8046e+01
1.8020e+01
1.7980e+01
1.7954e+01
1.7928e+01
1.7902e+01
1.7876e+01
1.7845e+01
1.7819e+01
1.7788e+01
1.7767e+01
1.7736e+01
1.7710e+01
1.7670e+01
1.7644e+01
1.7622e+01
1.7579e+01
1.7544e+01
1.7509e+01
1.7487e+01
1.7452e+01
1.7434e+01
1.7404e+01
1.7377e+01
1.7347e+01
1.7329e+01
1.7299e+01
1.7268e+01
1.7237e+01
1.7207e+01
1.7176e+01
1.7128e+01
1.7084e+01
1.7062e+01
1.7031e+01
1.7001e+01
1.6966e+01
1.6944e+01
1.6913e+01
1.6891e+01
1.6865e+01
1.6825e+01
1.6799e+01
1.6781e+01
1.6746e+01
1.6711e+01
1.6680e+01
1.6645e+01
1.6606e+01
1.6579e+01
1.6540e+01
1.6505e+01
1.6465e+01
1.6434e+01
1.6408e+01
1.6386e+01
1.6355e+01
1.6320e+01
1.6276e+01
1.6258e+01
1.6232e+01
1.6192e+01
1.6161e+01
1.6126e+01
1.6095e+01
1.6069e+01
1.6025e+01
1.5998e+01
1.5968e+01
1.5937e+01
1.5901e+01
1.5879e+01
1.5848e+01
1.5831e+01
1.5813e+01
1.5782e+01
1.5747e+01
1.5707e+01
1.5672e+01
1.5637e+01
1.5597e+01
1.5570e+01
1.5535e+01
1.5517e+01
1.5486e+01
1.5455e+01
1.5424e+01
1.5402e+01
1.5376e+01
1.5332e+01
1.5301e+01
1.5287e+01
1.5256e+01
1.5217e+01
1.5190e+01
1.5163e+01
1.5124e+01
1.5084e+01
1.5044e+01
1.5017e+01
1.4982e+01
1.4960e+01
1.4937e+01
1.4911e+01
1.4884e+01
1.4871e+01
1.4840e+01
1.4804e+01
1.4782e+01
1.4742e+01
1.4702e+01
1.4671e+01
1.4640e+01
1.4600e+01
1.4565e+01
1.4547e+01
1.4511e+01
1.4489e+01
1.4458e+01
1.4436e+01
1.4409e+01
1.4387e+01
1.4351e+01
1.4316e+01
1.4289e+01
1.4267e+01
1.4227e+01
1.4191e+01
1.4160e+01
1.4120e+01
1.4075e+01
1.4053e+01
1.4026e+01
1.4009e+01
1.3982e+01
1.3951e+01
1.3933e+01
1.3902e+01
1.3875e+01
1.3862e+01
1.3835e+01
1.3804e+01
1.3777e+01
1.3741e+01
1.3705e+01
1.3683e+01
1.3656e+01
1.3621e+01
1.3585e+01
1.3563e+01
1.3536e+01
1.3514e+01
1.3482e+01
1.3455e+01
1.3424e+01
1.3397e+01
1.3371e+01
1.3348e+01
1.3317e+01
1.3281e+01
1.3245e+01
1.3210e+01
1.3183e+01
1.3156e+01
1.3125e+01
1.3102e+01
1.3075e+01
1.3057e+01
1.3035e+01
1.3004e+01
1.2981e+01
1.2963e+01
1.2936e+01
1.2914e+01
1.2892e+01
1.2860e+01
1.2820e+01
1.2797e+01
1.2757e+01
1.2744e+01
1.2735e+01
1.2730e+01
1.2717e+01
1.2712e+01
1.2708e+01
1.2703e+01
1.2703e+01
1.2703e+01
1.2699e+01
1.2712e+01
1.2726e+01
1.2739e+01
1.2748e+01
1.2775e+01
1.2789e+01
1.2815e+01
1.2838e+01
1.2878e+01
1.2901e+01
1.2950e+01
1.2981e+01
1.3022e+01
1.3039e+01
1.3107e+01
1.3147e+01
1.3183e+01
1.3218e+01
1.3272e+01
1.3303e+01
1.3353e+01
1.3388e+01
1.3446e+01
1.3473e+01
1.3536e+01
1.3576e+01
1.3621e+01
1.3647e+01
1.3697e+01
1.3732e+01
1.3768e+01
1.3799e+01
1.3826e+01
1.3844e+01
1.3875e+01
1.3906e+01
1.3937e+01
1.3951e+01
1.3960e+01
1.3977e+01
1.3991e+01
1.4013e+01
1.4035e+01
1.4058e+01
1.4071e+01
1.4080e+01
1.4089e+01
1.4102e+01
1.4107e+01
1.4111e+01
1.4116e+01
1.4111e+01
1.4098e+01
1.4098e+01
1.4089e+01
1.4080e+01
1.4075e+01
1.4071e+01
1.4062e+01
1.4062e+01
1.4049e+01
1.4053e+01
1.4026e+01
1.4009e+01
1.3986e+01
1.3969e+01
1.3933e+01
1.3906e+01
1.3888e+01
1.3871e+01
1.3835e+01
1.3804e+01
1.3799e+01
1.3772e+01
1.3728e+01
1.3705e+01
1.3683e+01
1.3656e+01
1.3625e+01
1.3585e+01
1.3540e+01
1.3505e+01
1.3473e+01
1.3433e+01
1.3393e+01
1.3357e+01
1.3308e+01
1.3259e+01
1.3236e+01
1.3201e+01
1.3147e+01
1.3107e+01
1.3089e+01
1.3057e+01
1.3022e+01
1.2977e+01
1.2919e+01
1.2883e+01
1.2847e+01
1.2806e+01
1.2762e+01
1.2721e+01
1.2676e+01
1.2632e+01
1.2605e+01
1.2564e+01
1.2528e+01
1.2492e+01
1.2447e+01
1.2416e+01
1.2376e+01
1.2331e+01
1.2299e+01
1.2263e+01
1.2209e+01
1.2160e+01
1.2133e+01
1.2079e+01
1.2029e+01
1.1998e+01
1.1966e+01
1.1926e+01
1.1899e+01
1.1872e+01
1.1827e+01
1.1795e+01
1.1759e+01
1.1723e+01
1.1678e+01
1.1637e+01
1.1610e+01
1.1565e+01
1.1515e+01
1.1497e+01
1.1461e+01
1.1421e+01
1.1389e+01
1.1357e+01
1.1321e+01
1.1299e+01
1.1262e+01
1.1222e+01
1.1199e+01
1.1158e+01
1.1118e+01
1.1081e+01
1.1036e+01
1.0991e+01
1.0959e+01
1.0937e+01
1.0900e+01
1.0869e+01
1.0819e+01
1.0774e+01
1.0765e+01
1.0746e+01
1.0710e+01
1.0678e+01
1.0633e+01
1.0606e+01
1.0565e+01
1.0533e+01
1.0506e+01
1.0456e+01
1.0415e+01
1.0402e+01
1.0383e+01
1.0361e+01
1.0338e+01
1.0315e+01
1.0306e+01
1.0293e+01
1.0252e+01
1.0234e+01
1.0211e+01
1.0197e+01
1.0174e+01
1.0152e+01
1.0115e+01
1.0088e+01
1.0070e+01
1.0043e+01
1.0015e+01
9.9971e+00
9.9834e+00
9.9652e+00
9.9561e+00
9.9379e+00
9.9243e+00
9.9061e+00
9.8924e+00
9.8651e+00
9.8423e+00
9.8241e+00
9.7922e+00
9.7695e+00
9.7512e+00
9.7330e+00
9.7239e+00
9.6829e+00
9.6646e+00
9.6601e+00
9.6464e+00
9.6419e+00
9.6145e+00
9.5963e+00
9.5826e+00
9.5598e+00
9.5415e+00
9.5142e+00
9.4959e+00
9.4640e+00
9.4366e+00
9.4092e+00
9.3955e+00
9.3727e+00
9.3499e+00
9.3270e+00
9.3042e+00
9.2768e+00
9.2677e+00
9.2585e+00
9.2357e+00
9.1992e+00
9.1580e+00
9.1352e+00
9.0986e+00
9.0666e+00
9.0437e+00
9.0163e+00
8.9934e+00
8.9660e+00
8.9477e+00
8.9157e+00
8.8882e+00
8.8699e+00
8.8424e+00
8.8150e+00
8.7921e+00
8.7554e+00
8.7279e+00
8.7005e+00
8.6592e+00
8.6180e+00
8.5905e+00
8.5630e+00
8.5584e+00
8.5217e+00
8.4896e+00
8.4667e+00
8.4346e+00
8.4025e+00
8.3703e+00
8.3428e+00
8.3244e+00
8.2923e+00
8.2602e+00
8.2234e+00
8.1913e+00
8.1545e+00
8.1178e+00
8.0856e+00
8.0626e+00
8.0258e+00
7.9937e+00
7.9615e+00
7.9431e+00
7.9155e+00
7.8741e+00
7.8327e+00
7.8051e+00
7.7820e+00
7.7406e+00
7.7084e+00
7.6715e+00
7.6439e+00
7.6070e+00
7.5610e+00
7.5471e+00
7.5103e+00
7.4734e+00
7.4503e+00
7.4227e+00
7.3950e+00
7.3765e+00
7.3442e+00
7.3027e+00
7.2658e+00
7.2381e+00
7.1966e+00
7.1596e+00
7.1319e+00
7.1088e+00
7.0718e+00
7.0303e+00
6.9933e+00
6.9702e+00
6.9471e+00
6.9054e+00
6.8823e+00
6.8453e+00
6.8083e+00
6.7806e+00
6.7528e+00
6.7250e+00
6.6834e+00
6.6509e+00
6.6139e+00
6.5722e+00
6.5352e+00
6.5027e+00
6.4703e+00
6.4425e+00
6.4054e+00
6.3776e+00
6.3451e+00
6.3126e+00
6.2941e+00
6.2709e+00
6.2384e+00
6.2059e+00
6.1874e+00
6.1642e+00
6.1270e+00
6.1131e+00
6.0806e+00
6.0527e+00
6.0341e+00
6.0156e+00
6.0016e+00
5.9784e+00
5.9551e+00
5.9459e+00
5.9319e+00
5.9087e+00
5.8854e+00
5.8715e+00
5.8529e+00
5.8436e+00
5.8110e+00
5.7878e+00
5.7785e+00
5.7599e+00
5.7459e+00
5.7320e+00
5.7320e+00
5.7320e+00
5.7227e+00
5.7180e+00
5.7134e+00
5.7040e+00
5.6947e+00
5.6761e+00
5.6668e+00
5.6435e+00
5.6296e+00
5.6249e+00
5.6110e+00
5.5970e+00
5.5830e+00
5.5691e+00
5.5597e+00
5.5644e+00
5.5597e+00
5.5458e+00
5.5318e+00
5.5271e+00
5.5085e+00
5.4945e+00
5.4806e+00
5.4619e+00
5.4433e+00
5.4433e+00
5.4293e+00
5.4107e+00
5.3920e+00
5.3827e+00
5.3734e+00
5.3641e+00
5.3501e+00
5.3454e+00
5.3314e+00
5.3175e+00
5.2941e+00
5.2801e+00
5.2568e+00
5.2382e+00
5.2242e+00
5.1962e+00
5.1729e+00
5.1542e+00
5.1402e+00
5.1215e+00
5.1029e+00
5.1029e+00
5.0935e+00
5.0842e+00
5.0749e+00
5.0608e+00
5.0515e+00
5.0515e+00
5.0328e+00
5.0188e+00
5.0142e+00
5.0188e+00
5.0188e+00
5.0328e+00
5.0328e+00
5.0562e+00
5.0795e+00
5.1075e+00
5.1355e+00
5.1589e+00
5.1869e+00
5.2102e+00
5.2428e+00
5.2848e+00
5.3221e+00
5.3827e+00
5.4293e+00
5.4899e+00
5.5318e+00
5.5970e+00
5.6575e+00
5.7273e+00
5.7831e+00
5.8622e+00
5.9273e+00
5.9877e+00
6.0574e+00
6.1317e+00
6.1781e+00
6.2338e+00
6.2894e+00
6.3590e+00
6.4239e+00
6.4888e+00
6.5491e+00
6.6093e+00
6.6556e+00
6.7111e+00
6.7620e+00
6.8453e+00
6.8916e+00
6.9378e+00
6.9794e+00
7.0580e+00
7.0903e+00
7.1273e+00
7.1642e+00
7.2058e+00
7.2243e+00
7.2566e+00
7.2843e+00
7.3258e+00
7.3442e+00
7.3765e+00
7.3996e+00
7.4273e+00
7.4457e+00
7.4365e+00
7.4503e+00
7.4688e+00
7.4826e+00
7.4826e+00
7.4734e+00
7.4688e+00
7.4688e+00
7.4549e+00
7.4549e+00
7.4319e+00
7.4180e+00
7.3950e+00
7.3950e+00
7.3904e+00
7.3858e+00
7.3673e+00
7.3535e+00
7.3212e+00
7.3073e+00
7.2843e+00
7.2566e+00
7.2058e+00
7.1966e+00
7.1642e+00
7.1365e+00
7.1042e+00
7.0903e+00
7.0765e+00
7.0487e+00
7.0072e+00
6.9887e+00
6.9609e+00
6.9517e+00
6.9193e+00
6.8916e+00
6.8407e+00
6.8176e+00
6.7667e+00
6.7389e+00
6.7158e+00
6.6834e+00
6.6324e+00
6.6139e+00
6.5630e+00
6.5491e+00
6.5027e+00
6.4703e+00
6.4332e+00
6.4054e+00
6.3497e+00
6.3358e+00
6.2987e+00
6.2663e+00
6.2198e+00
6.1874e+00
6.1502e+00
6.1224e+00
6.0620e+00
6.0388e+00
6.0156e+00
5.9830e+00
5.9459e+00
5.9226e+00
5.8808e+00
5.8575e+00
5.8203e+00
5.7831e+00
5.7180e+00
5.6901e+00
5.6622e+00
5.6203e+00
5.5644e+00
5.5365e+00
5.4945e+00
5.4526e+00
5.4153e+00
5.3874e+00
5.3594e+00
5.3221e+00
5.2615e+00
5.2428e+00
5.1962e+00
5.1542e+00
5.1122e+00
5.0795e+00
5.0422e+00
4.9955e+00
4.9488e+00
4.9161e+00
4.8787e+00
4.8413e+00
4.7852e+00
4.7525e+00
4.7151e+00
4.6870e+00
4.6496e+00
4.6215e+00
4.5841e+00
4.5653e+00
4.5185e+00
4.4764e+00
4.4296e+00
4.3921e+00
4.3640e+00
4.3312e+00
4.2890e+00
4.2515e+00
4.2233e+00
4.1905e+00
4.1483e+00
4.1155e+00
4.0826e+00
4.0639e+00
4.0404e+00
4.0075e+00
3.9606e+00
3.9277e+00
3.8948e+00
3.8573e+00
3.8338e+00
3.8056e+00
3.7868e+00
3.7539e+00
3.7351e+00
3.7069e+00
3.6787e+00
3.6599e+00
3.6411e+00
3.6175e+00
3.5846e+00
3.5611e+00
3.5281e+00
3.4905e+00
3.4623e+00
3.4340e+00
3.4058e+00
3.3634e+00
3.3398e+00
3.3163e+00
3.2880e+00
3.2692e+00
3.2456e+00
3.2267e+00
3.2126e+00
3.1843e+00
3.1560e+00
3.1325e+00
3.0995e+00
3.0712e+00
3.0334e+00
3.0004e+00
2.9815e+00
2.9438e+00
2.9249e+00
2.9013e+00
2.8635e+00
2.8304e+00
2.8068e+00
2.7927e+00
2.7832e+00
2.7454e+00
2.7171e+00
2.6887e+00
2.6651e+00
2.6367e+00
2.6036e+00
2.5753e+00
2.5516e+00
2.5138e+00
2.4854e+00
2.4523e+00
2.4239e+00
2.4097e+00
2.3860e+00
2.3481e+00
2.3245e+00
2.3008e+00
2.2818e+00
2.2582e+00
2.2203e+00
2.1871e+00
2.1539e+00
2.1065e+00
2.0686e+00
2.0449e+00
2.0212e+00
1.9880e+00
1.9690e+00
1.9453e+00
1.9216e+00
1.8978e+00
1.8931e+00
1.8694e+00
1.8362e+00
1.8029e+00
1.7792e+00
1.7412e+00
1.7222e+00
1.6937e+00
1.6652e+00
1.6462e+00
1.6272e+00
1.5987e+00
1.5797e+00
1.5654e+00
1.5464e+00
1.5179e+00
1.4988e+00
1.4893e+00
1.4655e+00
1.4560e+00
1.4275e+00
1.4085e+00
1.3894e+00
1.3609e+00
1.3419e+00
1.3181e+00
1.2990e+00
1.2752e+00
1.2562e+00
1.2419e+00
1.2228e+00
1.2038e+00
1.1847e+00
1.1800e+00
1.1609e+00
1.1371e+00
1.0942e+00
1.0704e+00
1.0609e+00
1.0418e+00
1.0037e+00
9.8461e-01
9.6077e-01
9.5123e-01
9.3693e-01
9.1785e-01
9.0354e-01
8.8446e-01
8.7015e-01
8.5107e-01
8.1767e-01
7.9858e-01
7.6995e-01
7.4608e-01
7.1744e-01
6.8879e-01
6.5059e-01
6.1238e-01
6.0282e-01
5.7894e-01
5.5027e-01
5.2160e-01
5.0726e-01
4.8814e-01
4.4512e-01
4.2600e-01
4.0209e-01
3.7340e-01
3.5905e-01
3.3035e-01
3.2078e-01
2.8251e-01
2.4901e-01
2.1551e-01
1.8200e-01
1.4849e-01
1.3412e-01
1.1018e-01
8.6232e-02
5.2702e-02
2.3957e-02
0000
