1.8778e+01
1.8793e+01
1.8778e+01
1.8785e+01
1.8785e+01
1.8778e+01
1.8785e+01
1.8785e+01
1.8770e+01
1.8778e+01
1.8778e+01
1.8778e+01
1.8754e+01
1.8762e+01
1.8754e+01
1.8762e+01
1.8747e+01
1.8739e+01
1.8747e+01
1.8739e+01
1.8731e+01
1.8739e+01
1.8731e+01
1.8739e+01
1.8731e+01
1.8739e+01
1.8747e+01
1.8747e+01
1.8731e+01
1.8723e+01
1.8731e+01
1.8739e+01
1.8731e+01
1.8731e+01
1.8723e+01
1.8723e+01
1.8739e+01
1.8739e+01
1.8739e+01
1.8739e+01
1.8739e+01
1.8754e+01
1.8770e+01
1.8793e+01
1.8808e+01
1.8847e+01
1.8870e+01
1.8893e+01
1.8917e+01
1.8932e+01
1.8940e+01
1.8940e+01
1.8947e+01
1.8963e+01
1.8963e+01
1.8971e+01
1.8986e+01
1.9001e+01
1.8994e+01
1.9009e+01
1.9025e+01
1.9048e+01
1.9071e+01
1.9117e+01
1.9156e+01
1.9210e+01
1.9248e+01
1.9287e+01
1.9318e+01
1.9341e+01
1.9364e+01
1.9379e+01
1.9395e+01
1.9410e+01
1.9403e+01
1.9410e+01
1.9418e+01
1.9418e+01
1.9426e+01
1.9433e+01
1.9449e+01
1.9464e+01
1.9480e+01
1.9487e+01
1.9480e+01
1.9503e+01
1.9510e+01
1.9510e+01
1.9518e+01
1.9518e+01
1.9534e+01
1.9534e+01
1.9534e+01
1.9534e+01
1.9534e+01
1.9541e+01
1.9541e+01
1.9541e+01
1.9549e+01
1.9526e+01
1.9518e+01
1.9510e+01
1.9503e+01
1.9510e+01
1.9503e+01
1.9495e+01
1.9480e+01
1.9487e+01
1.9495e+01
1.9487e+01
1.9472e+01
1.9472e+01
1.9464e+01
1.9464e+01
1.9456e+01
1.9456e+01
1.9449e+01
1.9441e+01
1.9433e+01
1.9418e+01
1.9418e+01
1.9426e+01
1.9418e+01
1.9418e+01
1.9410e+01
1.9410e+01
1.9395e+01
1.9387e+01
1.9387e+01
1.9379e+01
1.9372e+01
1.9356e+01
1.9349e+01
1.9356e+01
1.9349e+01
1.9341e+01
1.9333e+01
1.9333e+01
1.9325e+01
1.9325e+01
1.9341e+01
1.9333e+01
1.9302e+01
1.9302e+01
1.9295e+01
1.9302e+01
1.9295e+01
1.9295e+01
1.9279e+01
1.9264e+01
1.9264e+01
1.9256e+01
1.9256e+01
1.9248e+01
1.9233e+01
1.9225e+01
1.9225e+01
1.9225e+01
1.9225e+01
1.9218e+01
1.9187e+01
1.9179e+01
1.9202e+01
1.9194e+01
1.9156e+01
1.9156e+01
1.9156e+01
1.9156e+01
1.9148e+01
1.9140e+01
1.9133e+01
1.9125e+01
1.9102e+01
1.9102e+01
1.9094e+01
1.9086e+01
1.9071e+01
1.9071e+01
1.9063e+01
1.9055e+01
1.9040e+01
1.9025e+01
1.9009e+01
1.8994e+01
1.8978e+01
1.8986e+01
1.8971e+01
1.8971e+01
1.8971e+01
1.8971e+01
1.8955e+01
1.8940e+01
1.8940e+01
1.8924e+01
1.8901e+01
1.8893e+01
1.8886e+01
1.8870e+01
1.8847e+01
1.8832e+01
1.8832e+01
1.8816e+01
1.8801e+01
1.8801e+01
1.8816e+01
1.8801e+01
1.8770e+01
1.8762e+01
1.8747e+01
1.8739e+01
1.8716e+01
1.8700e+01
1.8685e+01
1.8669e+01
1.8662e+01
1.8662e+01
1.8654e+01
1.8638e+01
1.8623e+01
1.8615e+01
1.8615e+01
1.8607e+01
1.8592e+01
1.8577e+01
1.8561e+01
1.8561e+01
1.8553e+01
1.8538e+01
1.8522e+01
1.8507e+01
1.8476e+01
1.8484e+01
1.8461e+01
1.8461e+01
1.8453e+01
1.8445e+01
1.8445e+01
1.8430e+01
1.8406e+01
1.8406e+01
1.8399e+01
1.8391e+01
1.8368e+01
1.8360e+01
1.8337e+01
1.8321e+01
1.8314e+01
1.8314e+01
1.8306e+01
1.8290e+01
1.8283e+01
1.8275e+01
1.8259e+01
1.8252e+01
1.8228e+01
1.8221e+01
1.8221e+01
1.8205e+01
1.8182e+01
1.8190e+01
1.8182e+01
1.8166e+01
1.8159e+01
1.8143e+01
1.8128e+01
1.8120e+01
1.8120e+01
1.8112e+01
1.8089e+01
1.8089e+01
1.8097e+01
1.8089e+01
1.8066e+01
1.8073e+01
1.8066e+01
1.8058e+01
1.8042e+01
1.8042e+01
1.8042e+01
1.8035e+01
1.8019e+01
1.8011e+01
1.7996e+01
1.7996e+01
1.7996e+01
1.7988e+01
1.7980e+01
1.7973e+01
1.7957e+01
1.7949e+01
1.7949e+01
1.7949e+01
1.7942e+01
1.7942e+01
1.7926e+01
1.7911e+01
1.7903e+01
1.7895e+01
1.7872e+01
1.7872e+01
1.7864e+01
1.7849e+01
1.7864e+01
1.7849e+01
1.7825e+01
1.7818e+01
1.7802e+01
1.7787e+01
1.7771e+01
1.7748e+01
1.7748e+01
1.7740e+01
1.7732e+01
1.7732e+01
1.7717e+01
1.7701e+01
1.7686e+01
1.7686e+01
1.7686e+01
1.7678e+01
1.7662e+01
1.7655e+01
1.7647e+01
1.7624e+01
1.7624e+01
1.7616e+01
1.7616e+01
1.7608e+01
1.7585e+01
1.7585e+01
1.7593e+01
1.7585e+01
1.7577e+01
1.7577e+01
1.7577e+01
1.7562e+01
1.7554e+01
1.7538e+01
1.7523e+01
1.7531e+01
1.7523e+01
1.7507e+01
1.7507e+01
1.7499e+01
1.7468e+01
1.7468e+01
1.7468e+01
1.7453e+01
1.7453e+01
1.7437e+01
1.7430e+01
1.7430e+01
1.7422e+01
1.7398e+01
1.7398e+01
1.7391e+01
1.7383e+01
1.7367e+01
1.7344e+01
1.7329e+01
1.7329e+01
1.7329e+01
1.7305e+01
1.7297e+01
1.7297e+01
1.7305e+01
1.7282e+01
1.7266e+01
1.7274e+01
1.7251e+01
1.7243e+01
1.7235e+01
1.7212e+01
1.7196e+01
1.7204e+01
1.7189e+01
1.7173e+01
1.7165e+01
1.7150e+01
1.7142e+01
1.7134e+01
1.7119e+01
1.7119e+01
1.7111e+01
1.7088e+01
1.7080e+01
1.7064e+01
1.7056e+01
1.7033e+01
1.7025e+01
1.7025e+01
1.7002e+01
1.7002e+01
1.6994e+01
1.6979e+01
1.6979e+01
1.6955e+01
1.6947e+01
1.6955e+01
1.6932e+01
1.6901e+01
1.6901e+01
1.6893e+01
1.6893e+01
1.6870e+01
1.6854e+01
1.6823e+01
1.6823e+01
1.6807e+01
1.6800e+01
1.6776e+01
1.6792e+01
1.6792e+01
1.6784e+01
1.6784e+01
1.6784e+01
1.6776e+01
1.6784e+01
1.6792e+01
1.6784e+01
1.6768e+01
1.6776e+01
1.6768e+01
1.6761e+01
1.6761e+01
1.6753e+01
1.6776e+01
1.6784e+01
1.6792e+01
1.6831e+01
1.6823e+01
1.6838e+01
1.6823e+01
1.6846e+01
1.6854e+01
1.6854e+01
1.6862e+01
1.6854e+01
1.6846e+01
1.6831e+01
1.6831e+01
1.6823e+01
1.6807e+01
1.6792e+01
1.6776e+01
1.6776e+01
1.6753e+01
1.6737e+01
1.6722e+01
1.6714e+01
1.6714e+01
1.6691e+01
1.6667e+01
1.6652e+01
1.6652e+01
1.6644e+01
1.6628e+01
1.6613e+01
1.6589e+01
1.6574e+01
1.6574e+01
1.6558e+01
1.6550e+01
1.6542e+01
1.6535e+01
1.6527e+01
1.6519e+01
1.6503e+01
1.6488e+01
1.6480e+01
1.6472e+01
1.6464e+01
1.6441e+01
1.6418e+01
1.6402e+01
1.6394e+01
1.6394e+01
1.6394e+01
1.6386e+01
1.6379e+01
1.6371e+01
1.6355e+01
1.6340e+01
1.6340e+01
1.6324e+01
1.6324e+01
1.6332e+01
1.6316e+01
1.6301e+01
1.6293e+01
1.6269e+01
1.6269e+01
1.6262e+01
1.6246e+01
1.6238e+01
1.6230e+01
1.6238e+01
1.6230e+01
1.6215e+01
1.6207e+01
1.6191e+01
1.6191e+01
1.6184e+01
1.6176e+01
1.6160e+01
1.6145e+01
1.6168e+01
1.6160e+01
1.6129e+01
1.6129e+01
1.6106e+01
1.6090e+01
1.6082e+01
1.6074e+01
1.6059e+01
1.6043e+01
1.6027e+01
1.6020e+01
1.6012e+01
1.5988e+01
1.5973e+01
1.5957e+01
1.5957e+01
1.5941e+01
1.5934e+01
1.5926e+01
1.5918e+01
1.5902e+01
1.5910e+01
1.5902e+01
1.5879e+01
1.5871e+01
1.5855e+01
1.5840e+01
1.5832e+01
1.5801e+01
1.5769e+01
1.5769e+01
1.5762e+01
1.5754e+01
1.5762e+01
1.5746e+01
1.5715e+01
1.5699e+01
1.5691e+01
1.5683e+01
1.5652e+01
1.5644e+01
1.5637e+01
1.5605e+01
1.5597e+01
1.5590e+01
1.5574e+01
1.5558e+01
1.5550e+01
1.5535e+01
1.5503e+01
1.5503e+01
1.5496e+01
1.5480e+01
1.5464e+01
1.5457e+01
1.5425e+01
1.5402e+01
1.5394e+01
1.5394e+01
1.5394e+01
1.5378e+01
1.5355e+01
1.5355e+01
1.5355e+01
1.5323e+01
1.5323e+01
1.5316e+01
1.5284e+01
1.5276e+01
1.5276e+01
1.5269e+01
1.5253e+01
1.5237e+01
1.5214e+01
1.5206e+01
1.5206e+01
1.5174e+01
1.5151e+01
1.5159e+01
1.5167e+01
1.5143e+01
1.5104e+01
1.5096e+01
1.5073e+01
1.5057e+01
1.5049e+01
1.5049e+01
1.5033e+01
1.5010e+01
1.5002e+01
1.4986e+01
1.4971e+01
1.4955e+01
1.4939e+01
1.4916e+01
1.4908e+01
1.4900e+01
1.4876e+01
1.4876e+01
1.4861e+01
1.4845e+01
1.4829e+01
1.4806e+01
1.4814e+01
1.4806e+01
1.4798e+01
1.4790e+01
1.4759e+01
1.4743e+01
1.4759e+01
1.4735e+01
1.4712e+01
1.4704e+01
1.4688e+01
1.4672e+01
1.4649e+01
1.4649e+01
1.4649e+01
1.4633e+01
1.4625e+01
1.4602e+01
1.4586e+01
1.4578e+01
1.4562e+01
1.4547e+01
1.4531e+01
1.4515e+01
1.4507e+01
1.4492e+01
1.4484e+01
1.4476e+01
1.4460e+01
1.4460e+01
1.4444e+01
1.4437e+01
1.4429e+01
1.4413e+01
1.4405e+01
1.4389e+01
1.4389e+01
1.4366e+01
1.4350e+01
1.4342e+01
1.4319e+01
1.4311e+01
1.4319e+01
1.4311e+01
1.4295e+01
1.4303e+01
1.4295e+01
1.4279e+01
1.4264e+01
1.4248e+01
1.4224e+01
1.4216e+01
1.4209e+01
1.4193e+01
1.4185e+01
1.4169e+01
1.4161e+01
1.4153e+01
1.4130e+01
1.4130e+01
1.4098e+01
1.4090e+01
1.4090e+01
1.4083e+01
1.4059e+01
1.4035e+01
1.4027e+01
1.4020e+01
1.4012e+01
1.4004e+01
1.4012e+01
1.3988e+01
1.3972e+01
1.3972e+01
1.3949e+01
1.3941e+01
1.3933e+01
1.3925e+01
1.3925e+01
1.3901e+01
1.3894e+01
1.3878e+01
1.3854e+01
1.3846e+01
1.3838e+01
1.3815e+01
1.3807e+01
1.3783e+01
1.3775e+01
1.3760e+01
1.3728e+01
1.3712e+01
1.3697e+01
1.3681e+01
1.3689e+01
1.3689e+01
1.3665e+01
1.3657e+01
1.3649e+01
1.3633e+01
1.3618e+01
1.3610e+01
1.3594e+01
1.3578e+01
1.3570e+01
1.3547e+01
1.3539e+01
1.3531e+01
1.3507e+01
1.3515e+01
1.3499e+01
1.3476e+01
1.3460e+01
1.3452e+01
1.3428e+01
1.3428e+01
1.3405e+01
1.3373e+01
1.3357e+01
1.3357e+01
1.3349e+01
1.3334e+01
1.3310e+01
1.3310e+01
1.3310e+01
1.3294e+01
1.3278e+01
1.3270e+01
1.3270e+01
1.3247e+01
1.3215e+01
1.3207e+01
1.3191e+01
1.3176e+01
1.3168e+01
1.3152e+01
1.3128e+01
1.3120e+01
1.3112e+01
1.3104e+01
1.3081e+01
1.3065e+01
1.3049e+01
1.3049e+01
1.3033e+01
1.3025e+01
1.3018e+01
1.2994e+01
1.2994e+01
1.2970e+01
1.2962e+01
1.2938e+01
1.2923e+01
1.2915e+01
1.2907e+01
1.2899e+01
1.2899e+01
1.2891e+01
1.2875e+01
1.2867e+01
1.2851e+01
1.2844e+01
1.2828e+01
1.2820e+01
1.2836e+01
1.2820e+01
1.2804e+01
1.2788e+01
1.2788e+01
1.2788e+01
1.2780e+01
1.2772e+01
1.2764e+01
1.2749e+01
1.2749e+01
1.2733e+01
1.2725e+01
1.2725e+01
1.2717e+01
1.2693e+01
1.2685e+01
1.2677e+01
1.2662e+01
1.2646e+01
1.2654e+01
1.2638e+01
1.2622e+01
1.2606e+01
1.2590e+01
1.2590e+01
1.2590e+01
1.2574e+01
1.2559e+01
1.2551e+01
1.2551e+01
1.2535e+01
1.2527e+01
1.2511e+01
1.2495e+01
1.2487e+01
1.2471e+01
1.2463e+01
1.2463e+01
1.2456e+01
1.2440e+01
1.2432e+01
1.2408e+01
1.2400e+01
1.2408e+01
1.2416e+01
1.2392e+01
1.2368e+01
1.2353e+01
1.2345e+01
1.2337e+01
1.2329e+01
1.2321e+01
1.2313e+01
1.2281e+01
1.2265e+01
1.2273e+01
1.2257e+01
1.2249e+01
1.2249e+01
1.2226e+01
1.2210e+01
1.2202e+01
1.2194e+01
1.2186e+01
1.2170e+01
1.2170e+01
1.2154e+01
1.2138e+01
1.2130e+01
1.2138e+01
1.2123e+01
1.2091e+01
1.2091e+01
1.2083e+01
1.2075e+01
1.2067e+01
1.2051e+01
1.2059e+01
1.2035e+01
1.2027e+01
1.2027e+01
1.2019e+01
1.2011e+01
1.1996e+01
1.1980e+01
1.1956e+01
1.1964e+01
1.1956e+01
1.1940e+01
1.1940e+01
1.1924e+01
1.1900e+01
1.1876e+01
1.1869e+01
1.1861e+01
1.1845e+01
1.1845e+01
1.1837e+01
1.1829e+01
1.1805e+01
1.1789e+01
1.1797e+01
1.1781e+01
1.1765e+01
1.1757e+01
1.1757e+01
1.1741e+01
1.1733e+01
1.1718e+01
1.1694e+01
1.1694e+01
1.1694e+01
1.1662e+01
1.1638e+01
1.1614e+01
1.1622e+01
1.1614e+01
1.1590e+01
1.1575e+01
1.1559e+01
1.1559e+01
1.1551e+01
1.1527e+01
1.1527e+01
1.1511e+01
1.1487e+01
1.1479e+01
1.1455e+01
1.1447e+01
1.1439e+01
1.1423e+01
1.1407e+01
1.1400e+01
1.1384e+01
1.1360e+01
1.1352e+01
1.1352e+01
1.1336e+01
1.1320e+01
1.1312e+01
1.1312e+01
1.1296e+01
1.1280e+01
1.1256e+01
1.1248e+01
1.1240e+01
1.1216e+01
1.1216e+01
1.1208e+01
1.1193e+01
1.1185e+01
1.1161e+01
1.1161e+01
1.1145e+01
1.1129e+01
1.1129e+01
1.1121e+01
1.1097e+01
1.1081e+01
1.1081e+01
1.1081e+01
1.1073e+01
1.1049e+01
1.1033e+01
1.1017e+01
1.1009e+01
1.1009e+01
1.1001e+01
1.0985e+01
1.0977e+01
1.0962e+01
1.0962e+01
1.0954e+01
1.0946e+01
1.0930e+01
1.0922e+01
1.0914e+01
1.0906e+01
1.0890e+01
1.0866e+01
1.0850e+01
1.0858e+01
1.0842e+01
1.0826e+01
1.0810e+01
1.0802e+01
1.0786e+01
1.0778e+01
1.0778e+01
1.0762e+01
1.0754e+01
1.0738e+01
1.0730e+01
1.0714e+01
1.0690e+01
1.0666e+01
1.0658e+01
1.0666e+01
1.0650e+01
1.0627e+01
1.0619e+01
1.0611e+01
1.0603e+01
1.0595e+01
1.0587e+01
1.0563e+01
1.0547e+01
1.0547e+01
1.0547e+01
1.0523e+01
1.0515e+01
1.0499e+01
1.0491e+01
1.0467e+01
1.0459e+01
1.0459e+01
1.0451e+01
1.0435e+01
1.0411e+01
1.0395e+01
1.0387e+01
1.0371e+01
1.0363e+01
1.0355e+01
1.0347e+01
1.0323e+01
1.0323e+01
1.0315e+01
1.0299e+01
1.0283e+01
1.0259e+01
1.0243e+01
1.0243e+01
1.0235e+01
1.0227e+01
1.0219e+01
1.0211e+01
1.0203e+01
1.0187e+01
1.0179e+01
1.0163e+01
1.0139e+01
1.0139e+01
1.0131e+01
1.0115e+01
1.0107e+01
1.0099e+01
1.0083e+01
1.0067e+01
1.0067e+01
1.0067e+01
1.0067e+01
1.0051e+01
1.0035e+01
1.0019e+01
1.0003e+01
9.9952e+00
9.9872e+00
9.9792e+00
9.9632e+00
9.9472e+00
9.9552e+00
9.9392e+00
9.9232e+00
9.9152e+00
9.9072e+00
9.8992e+00
9.8912e+00
9.8751e+00
9.8511e+00
9.8431e+00
9.8351e+00
9.8271e+00
9.8111e+00
9.8031e+00
9.7951e+00
9.7871e+00
9.7871e+00
9.7631e+00
9.7470e+00
9.7390e+00
9.7230e+00
9.7070e+00
9.6990e+00
9.6910e+00
9.6910e+00
9.6669e+00
9.6589e+00
9.6429e+00
9.6269e+00
9.6108e+00
9.6028e+00
9.5868e+00
9.5868e+00
9.5708e+00
9.5547e+00
9.5467e+00
9.5227e+00
9.5147e+00
9.5066e+00
9.4986e+00
9.4986e+00
9.4826e+00
9.4505e+00
9.4345e+00
9.4265e+00
9.4184e+00
9.4104e+00
9.3944e+00
9.3864e+00
9.3703e+00
9.3543e+00
9.3382e+00
9.3382e+00
9.3222e+00
9.3061e+00
9.2981e+00
9.2901e+00
9.2821e+00
9.2741e+00
9.2660e+00
9.2500e+00
9.2339e+00
9.2339e+00
9.2179e+00
9.2018e+00
9.1858e+00
9.1617e+00
9.1537e+00
9.1376e+00
9.1376e+00
9.1215e+00
9.1135e+00
9.1055e+00
9.0814e+00
9.0814e+00
9.0734e+00
9.0653e+00
9.0573e+00
9.0412e+00
9.0252e+00
9.0252e+00
9.0091e+00
8.9931e+00
8.9850e+00
8.9609e+00
8.9529e+00
8.9368e+00
8.9288e+00
8.9207e+00
8.9127e+00
8.8966e+00
8.8806e+00
8.8565e+00
8.8484e+00
8.8404e+00
8.8243e+00
8.8163e+00
8.8002e+00
8.7841e+00
8.7841e+00
8.7680e+00
8.7519e+00
8.7278e+00
8.7117e+00
8.7037e+00
8.6957e+00
8.6876e+00
8.6715e+00
8.6554e+00
8.6474e+00
8.6313e+00
8.6152e+00
8.6072e+00
8.5911e+00
8.5750e+00
8.5669e+00
8.5428e+00
8.5428e+00
8.5348e+00
8.5187e+00
8.5187e+00
8.5026e+00
8.5026e+00
8.4865e+00
8.4623e+00
8.4382e+00
8.4140e+00
8.4060e+00
8.3899e+00
8.3818e+00
8.3899e+00
8.3738e+00
8.3576e+00
8.3496e+00
8.3415e+00
8.3254e+00
8.3174e+00
8.3013e+00
8.2852e+00
8.2852e+00
8.2690e+00
8.2529e+00
8.2449e+00
8.2207e+00
8.2288e+00
8.2046e+00
8.1965e+00
8.1965e+00
8.1804e+00
8.1643e+00
8.1482e+00
8.1401e+00
8.1401e+00
8.1321e+00
8.1079e+00
8.0998e+00
8.0918e+00
8.0918e+00
8.0918e+00
8.0676e+00
8.0434e+00
8.0434e+00
8.0273e+00
8.0192e+00
7.9950e+00
7.9950e+00
7.9950e+00
7.9708e+00
7.9547e+00
7.9547e+00
7.9385e+00
7.9305e+00
7.9224e+00
7.9143e+00
7.8982e+00
7.8901e+00
7.8740e+00
7.8659e+00
7.8417e+00
7.8337e+00
7.8337e+00
7.8256e+00
7.8175e+00
7.8014e+00
7.7772e+00
7.7691e+00
7.7610e+00
7.7529e+00
7.7287e+00
7.7207e+00
7.7207e+00
7.6964e+00
7.6803e+00
7.6722e+00
7.6561e+00
7.6399e+00
7.6238e+00
7.6157e+00
7.5995e+00
7.5914e+00
7.5672e+00
7.5591e+00
7.5672e+00
7.5511e+00
7.5349e+00
7.5430e+00
7.5349e+00
7.5107e+00
7.4783e+00
7.4703e+00
7.4541e+00
7.4460e+00
7.4218e+00
7.4218e+00
7.4218e+00
7.4056e+00
7.3894e+00
7.3733e+00
7.3652e+00
7.3490e+00
7.3409e+00
7.3247e+00
7.3167e+00
7.3086e+00
7.2924e+00
7.2762e+00
7.2601e+00
7.2520e+00
7.2358e+00
7.2277e+00
7.2115e+00
7.1872e+00
7.1711e+00
7.1711e+00
7.1711e+00
7.1711e+00
7.1468e+00
7.1387e+00
7.1225e+00
7.0982e+00
7.1063e+00
7.0901e+00
7.0659e+00
7.0659e+00
7.0578e+00
7.0416e+00
7.0335e+00
7.0173e+00
7.0092e+00
7.0011e+00
6.9687e+00
6.9606e+00
6.9444e+00
6.9363e+00
6.9282e+00
6.9120e+00
6.9120e+00
6.8958e+00
6.8877e+00
6.8715e+00
6.8553e+00
6.8472e+00
6.8310e+00
6.8148e+00
6.8148e+00
6.7986e+00
6.7905e+00
6.7743e+00
6.7581e+00
6.7500e+00
6.7419e+00
6.7257e+00
6.7014e+00
6.6852e+00
6.6770e+00
6.6608e+00
6.6527e+00
6.6446e+00
6.6365e+00
6.6203e+00
6.6122e+00
6.6041e+00
6.5797e+00
6.5716e+00
6.5554e+00
6.5473e+00
6.5311e+00
6.5149e+00
6.5149e+00
6.4905e+00
6.4743e+00
6.4581e+00
6.4418e+00
6.4256e+00
6.4094e+00
6.4013e+00
6.3850e+00
6.3769e+00
6.3769e+00
6.3607e+00
6.3607e+00
6.3445e+00
6.3120e+00
6.2958e+00
6.2876e+00
6.2795e+00
6.2714e+00
6.2633e+00
6.2308e+00
6.2308e+00
6.2146e+00
6.1983e+00
6.1739e+00
6.1739e+00
6.1739e+00
6.1577e+00
6.1577e+00
6.1496e+00
6.1252e+00
6.1171e+00
6.1008e+00
6.0846e+00
6.0765e+00
6.0683e+00
6.0602e+00
6.0439e+00
6.0277e+00
6.0114e+00
5.9952e+00
5.9952e+00
5.9708e+00
5.9627e+00
5.9464e+00
5.9464e+00
5.9220e+00
5.9139e+00
5.9139e+00
5.8976e+00
5.8895e+00
5.8651e+00
5.8488e+00
5.8407e+00
5.8326e+00
5.8163e+00
5.8082e+00
5.8000e+00
5.7756e+00
5.7675e+00
5.7512e+00
5.7349e+00
5.7187e+00
5.7024e+00
5.6943e+00
5.6861e+00
5.6617e+00
5.6536e+00
5.6454e+00
5.6373e+00
5.6210e+00
5.6129e+00
5.6129e+00
5.5966e+00
5.5803e+00
5.5559e+00
5.5314e+00
5.5314e+00
5.5152e+00
5.5070e+00
5.4989e+00
5.4826e+00
5.4663e+00
5.4581e+00
5.4581e+00
5.4500e+00
5.4419e+00
5.4256e+00
5.4011e+00
5.3930e+00
5.3685e+00
5.3604e+00
5.3441e+00
5.3278e+00
5.3278e+00
5.3115e+00
5.3033e+00
5.2789e+00
5.2626e+00
5.2381e+00
5.2300e+00
5.2218e+00
5.2055e+00
5.1974e+00
5.1892e+00
5.1729e+00
5.1647e+00
5.1566e+00
5.1240e+00
5.1077e+00
5.1077e+00
5.0995e+00
5.0832e+00
5.0750e+00
5.0506e+00
5.0424e+00
5.0342e+00
5.0261e+00
5.0179e+00
5.0016e+00
4.9853e+00
4.9690e+00
4.9526e+00
4.9363e+00
4.9281e+00
4.9200e+00
4.9118e+00
4.9037e+00
4.8873e+00
4.8710e+00
4.8710e+00
4.8628e+00
4.8383e+00
4.8138e+00
4.7975e+00
4.7975e+00
4.7893e+00
4.7812e+00
4.7567e+00
4.7485e+00
4.7403e+00
4.7322e+00
4.7158e+00
4.6913e+00
4.6832e+00
4.6668e+00
4.6505e+00
4.6423e+00
4.6341e+00
4.6096e+00
4.5933e+00
4.5851e+00
4.5688e+00
4.5524e+00
4.5442e+00
4.5361e+00
4.5197e+00
4.4952e+00
4.4788e+00
4.4706e+00
4.4543e+00
4.4461e+00
4.4216e+00
4.4216e+00
4.4134e+00
4.3889e+00
4.3889e+00
4.3807e+00
4.3643e+00
4.3480e+00
4.3561e+00
4.3316e+00
4.3152e+00
4.3071e+00
4.2907e+00
4.2825e+00
4.2661e+00
4.2498e+00
4.2416e+00
4.2170e+00
4.2170e+00
4.2089e+00
4.1843e+00
4.1843e+00
4.1843e+00
4.1679e+00
4.1434e+00
4.1352e+00
4.1270e+00
4.1106e+00
4.1024e+00
4.0942e+00
4.0697e+00
4.0533e+00
4.0451e+00
4.0287e+00
4.0287e+00
4.0123e+00
3.9959e+00
3.9878e+00
3.9714e+00
3.9550e+00
3.9386e+00
3.9222e+00
3.9222e+00
3.9222e+00
3.9222e+00
3.9140e+00
3.8894e+00
3.8730e+00
3.8812e+00
3.8566e+00
3.8484e+00
3.8320e+00
3.8157e+00
3.8157e+00
3.7993e+00
3.7911e+00
3.7993e+00
3.7829e+00
3.7501e+00
3.7501e+00
3.7337e+00
3.7255e+00
3.7255e+00
3.7173e+00
3.7009e+00
3.6762e+00
3.6680e+00
3.6516e+00
3.6352e+00
3.6188e+00
3.6024e+00
3.6024e+00
3.5942e+00
3.5778e+00
3.5696e+00
3.5532e+00
3.5450e+00
3.5286e+00
3.5204e+00
3.5039e+00
3.4875e+00
3.4711e+00
3.4629e+00
3.4465e+00
3.4465e+00
3.4218e+00
3.4054e+00
3.3972e+00
3.3808e+00
3.3726e+00
3.3644e+00
3.3562e+00
3.3397e+00
3.3315e+00
3.3069e+00
3.2822e+00
3.2987e+00
3.2822e+00
3.2658e+00
3.2494e+00
3.2247e+00
3.2165e+00
3.2083e+00
3.1919e+00
3.1836e+00
3.1754e+00
3.1590e+00
3.1425e+00
3.1343e+00
3.1261e+00
3.1261e+00
3.1179e+00
3.1097e+00
3.0850e+00
3.0603e+00
3.0521e+00
3.0192e+00
3.0028e+00
3.0110e+00
2.9945e+00
2.9863e+00
2.9781e+00
2.9699e+00
2.9534e+00
2.9287e+00
2.9205e+00
2.9287e+00
2.9123e+00
2.8958e+00
2.8876e+00
2.8629e+00
2.8465e+00
2.8465e+00
2.8382e+00
2.8300e+00
2.8135e+00
2.7889e+00
2.7889e+00
2.7559e+00
2.7477e+00
2.7395e+00
2.7312e+00
2.7230e+00
2.7148e+00
2.7065e+00
2.6983e+00
2.6736e+00
2.6489e+00
2.6324e+00
2.6324e+00
2.6242e+00
2.6077e+00
2.5995e+00
2.5995e+00
2.5912e+00
2.5830e+00
2.5665e+00
2.5501e+00
2.5501e+00
2.5501e+00
2.5336e+00
2.5253e+00
2.5171e+00
2.5089e+00
2.5006e+00
2.4924e+00
2.4924e+00
2.4759e+00
2.4677e+00
2.4677e+00
2.4594e+00
2.4594e+00
2.4429e+00
2.4429e+00
2.4347e+00
2.4264e+00
2.4182e+00
2.4100e+00
2.4100e+00
2.4017e+00
2.3935e+00
2.3852e+00
2.3770e+00
2.3687e+00
2.3523e+00
2.3523e+00
2.3440e+00
2.3440e+00
2.3440e+00
2.3358e+00
2.3275e+00
2.3193e+00
2.3110e+00
2.2945e+00
2.2863e+00
2.2780e+00
2.2698e+00
2.2615e+00
2.2368e+00
2.2286e+00
2.2368e+00
2.2368e+00
2.2368e+00
2.2203e+00
2.1956e+00
2.1956e+00
2.1873e+00
2.1791e+00
2.1708e+00
2.1708e+00
2.1543e+00
2.1461e+00
2.1461e+00
2.1295e+00
2.1213e+00
2.1130e+00
2.1048e+00
2.1048e+00
2.0965e+00
2.0965e+00
2.0883e+00
2.0800e+00
2.0800e+00
2.0635e+00
2.0388e+00
2.0140e+00
2.0140e+00
1.9975e+00
1.9810e+00
1.9810e+00
1.9645e+00
1.9562e+00
1.9479e+00
1.9232e+00
1.9232e+00
1.9149e+00
1.9066e+00
1.8901e+00
1.8736e+00
1.8653e+00
1.8488e+00
1.8406e+00
1.8323e+00
1.8240e+00
1.8075e+00
1.7827e+00
1.7827e+00
1.7662e+00
1.7579e+00
1.7579e+00
1.7331e+00
1.7249e+00
1.7166e+00
1.7084e+00
1.7001e+00
1.6836e+00
1.6670e+00
1.6505e+00
1.6505e+00
1.6340e+00
1.6174e+00
1.6009e+00
1.5926e+00
1.5843e+00
1.5843e+00
1.5678e+00
1.5430e+00
1.5347e+00
1.5264e+00
1.5099e+00
1.5016e+00
1.4934e+00
1.4934e+00
1.4768e+00
1.4520e+00
1.4437e+00
1.4272e+00
1.4106e+00
1.4106e+00
1.3858e+00
1.3858e+00
1.3692e+00
1.3527e+00
1.3444e+00
1.3361e+00
1.3196e+00
1.3196e+00
1.3030e+00
1.2782e+00
1.2699e+00
1.2699e+00
1.2616e+00
1.2533e+00
1.2368e+00
1.2119e+00
1.2037e+00
1.1954e+00
1.1871e+00
1.1705e+00
1.1540e+00
1.1374e+00
1.1208e+00
1.1291e+00
1.1125e+00
1.1043e+00
1.0877e+00
1.0794e+00
1.0545e+00
1.0463e+00
1.0380e+00
1.0214e+00
1.0131e+00
9.9653e-01
9.7996e-01
9.6338e-01
9.4680e-01
9.3022e-01
9.3022e-01
9.2193e-01
9.1364e-01
9.0534e-01
8.9705e-01
8.8876e-01
8.7218e-01
8.7218e-01
8.4730e-01
8.3071e-01
8.2242e-01
8.1412e-01
8.0583e-01
7.9753e-01
7.8924e-01
7.8094e-01
7.7265e-01
7.5606e-01
7.4776e-01
7.3117e-01
7.2287e-01
7.3117e-01
7.1457e-01
6.8968e-01
6.8138e-01
6.6478e-01
6.4818e-01
6.3158e-01
6.2328e-01
6.3988e-01
6.3158e-01
6.3158e-01
6.2328e-01
5.9838e-01
5.9008e-01
5.8178e-01
5.7348e-01
5.5687e-01
5.3196e-01
5.1536e-01
5.0705e-01
5.0705e-01
4.9875e-01
4.9044e-01
4.8214e-01
4.6553e-01
4.5722e-01
4.4892e-01
4.4892e-01
4.3230e-01
4.3230e-01
4.1569e-01
3.9077e-01
3.9908e-01
3.7415e-01
3.7415e-01
3.6584e-01
3.5753e-01
3.4922e-01
3.4092e-01
3.3261e-01
3.2430e-01
3.2430e-01
3.2430e-01
3.1599e-01
3.0768e-01
2.9105e-01
2.9936e-01
2.9936e-01
2.8274e-01
2.9105e-01
2.9105e-01
2.8274e-01
2.9105e-01
2.7443e-01
2.6612e-01
2.6612e-01
2.6612e-01
2.6612e-01
2.6612e-01
2.6612e-01
2.4949e-01
2.4118e-01
2.5781e-01
2.4949e-01
2.3287e-01
2.2456e-01
2.2456e-01
2.1624e-01
2.3287e-01
2.3287e-01
2.0793e-01
1.9961e-01
1.8299e-01
1.8299e-01
1.6636e-01
1.5804e-01
1.7467e-01
1.6636e-01
1.4141e-01
1.4141e-01
1.2478e-01
1.1646e-01
1.0814e-01
9.9827e-02
9.9827e-02
9.1509e-02
7.4874e-02
6.6556e-02
6.6556e-02
5.8237e-02
5.8237e-02
4.1599e-02
3.3280e-02
2.4960e-02
0000
0000
