1.7760e+01
1.7728e+01
1.7704e+01
1.7688e+01
1.7648e+01
1.7631e+01
1.7615e+01
1.7591e+01
1.7551e+01
1.7510e+01
1.7494e+01
1.7470e+01
1.7438e+01
1.7421e+01
1.7397e+01
1.7381e+01
1.7349e+01
1.7324e+01
1.7300e+01
1.7292e+01
1.7260e+01
1.7244e+01
1.7203e+01
1.7179e+01
1.7163e+01
1.7130e+01
1.7090e+01
1.7066e+01
1.7033e+01
1.7009e+01
1.6993e+01
1.6977e+01
1.6960e+01
1.6928e+01
1.6888e+01
1.6880e+01
1.6855e+01
1.6839e+01
1.6815e+01
1.6790e+01
1.6766e+01
1.6734e+01
1.6701e+01
1.6677e+01
1.6661e+01
1.6645e+01
1.6620e+01
1.6596e+01
1.6564e+01
1.6555e+01
1.6547e+01
1.6523e+01
1.6483e+01
1.6474e+01
1.6442e+01
1.6418e+01
1.6385e+01
1.6345e+01
1.6337e+01
1.6312e+01
1.6296e+01
1.6280e+01
1.6239e+01
1.6239e+01
1.6207e+01
1.6190e+01
1.6174e+01
1.6158e+01
1.6150e+01
1.6134e+01
1.6093e+01
1.6077e+01
1.6044e+01
1.6020e+01
1.5996e+01
1.5971e+01
1.5963e+01
1.5939e+01
1.5914e+01
1.5898e+01
1.5890e+01
1.5890e+01
1.5890e+01
1.5874e+01
1.5841e+01
1.5841e+01
1.5817e+01
1.5809e+01
1.5792e+01
1.5768e+01
1.5752e+01
1.5735e+01
1.5744e+01
1.5727e+01
1.5687e+01
1.5679e+01
1.5670e+01
1.5654e+01
1.5638e+01
1.5638e+01
1.5613e+01
1.5605e+01
1.5589e+01
1.5573e+01
1.5548e+01
1.5532e+01
1.5540e+01
1.5524e+01
1.5475e+01
1.5459e+01
1.5459e+01
1.5451e+01
1.5410e+01
1.5402e+01
1.5410e+01
1.5386e+01
1.5377e+01
1.5353e+01
1.5328e+01
1.5312e+01
1.5280e+01
1.5263e+01
1.5239e+01
1.5214e+01
1.5190e+01
1.5190e+01
1.5166e+01
1.5141e+01
1.5133e+01
1.5125e+01
1.5100e+01
1.5084e+01
1.5051e+01
1.5027e+01
1.5002e+01
1.4994e+01
1.4970e+01
1.4945e+01
1.4921e+01
1.4888e+01
1.4872e+01
1.4856e+01
1.4831e+01
1.4815e+01
1.4807e+01
1.4782e+01
1.4766e+01
1.4758e+01
1.4741e+01
1.4717e+01
1.4676e+01
1.4652e+01
1.4635e+01
1.4619e+01
1.4611e+01
1.4586e+01
1.4545e+01
1.4529e+01
1.4529e+01
1.4513e+01
1.4480e+01
1.4472e+01
1.4464e+01
1.4447e+01
1.4415e+01
1.4390e+01
1.4382e+01
1.4366e+01
1.4341e+01
1.4316e+01
1.4308e+01
1.4284e+01
1.4243e+01
1.4226e+01
1.4202e+01
1.4202e+01
1.4194e+01
1.4169e+01
1.4153e+01
1.4136e+01
1.4104e+01
1.4096e+01
1.4071e+01
1.4055e+01
1.4030e+01
1.3997e+01
1.3981e+01
1.3956e+01
1.3940e+01
1.3932e+01
1.3915e+01
1.3899e+01
1.3874e+01
1.3866e+01
1.3842e+01
1.3834e+01
1.3817e+01
1.3793e+01
1.3768e+01
1.3752e+01
1.3735e+01
1.3711e+01
1.3678e+01
1.3653e+01
1.3637e+01
1.3629e+01
1.3604e+01
1.3588e+01
1.3571e+01
1.3547e+01
1.3530e+01
1.3530e+01
1.3522e+01
1.3506e+01
1.3489e+01
1.3481e+01
1.3456e+01
1.3448e+01
1.3448e+01
1.3440e+01
1.3448e+01
1.3448e+01
1.3448e+01
1.3448e+01
1.3465e+01
1.3481e+01
1.3506e+01
1.3522e+01
1.3538e+01
1.3563e+01
1.3612e+01
1.3645e+01
1.3702e+01
1.3727e+01
1.3776e+01
1.3817e+01
1.3907e+01
1.3965e+01
1.4055e+01
1.4128e+01
1.4251e+01
1.4325e+01
1.4439e+01
1.4521e+01
1.4635e+01
1.4717e+01
1.4847e+01
1.4954e+01
1.5100e+01
1.5214e+01
1.5353e+01
1.5467e+01
1.5646e+01
1.5760e+01
1.5971e+01
1.6093e+01
1.6296e+01
1.6450e+01
1.6661e+01
1.6799e+01
1.7025e+01
1.7155e+01
1.7365e+01
1.7502e+01
1.7704e+01
1.7833e+01
1.8043e+01
1.8188e+01
1.8373e+01
1.8526e+01
1.8727e+01
1.8912e+01
1.9120e+01
1.9321e+01
1.9505e+01
1.9705e+01
1.9898e+01
2.0089e+01
2.0289e+01
2.0465e+01
2.0640e+01
2.0808e+01
2.0967e+01
2.1135e+01
2.1270e+01
2.1429e+01
2.1556e+01
2.1699e+01
2.1818e+01
2.1945e+01
2.2080e+01
2.2255e+01
2.2381e+01
2.2508e+01
2.2579e+01
2.2682e+01
2.2746e+01
2.2825e+01
2.2880e+01
2.2943e+01
2.2975e+01
2.3038e+01
2.3070e+01
2.3133e+01
2.3188e+01
2.3259e+01
2.3291e+01
2.3307e+01
2.3330e+01
2.3346e+01
2.3354e+01
2.3370e+01
2.3378e+01
2.3385e+01
2.3385e+01
2.3385e+01
2.3393e+01
2.3401e+01
2.3393e+01
2.3401e+01
2.3378e+01
2.3385e+01
2.3362e+01
2.3370e+01
2.3354e+01
2.3346e+01
2.3330e+01
2.3322e+01
2.3291e+01
2.3283e+01
2.3267e+01
2.3259e+01
2.3228e+01
2.3228e+01
2.3212e+01
2.3228e+01
2.3220e+01
2.3235e+01
2.3212e+01
2.3220e+01
2.3212e+01
2.3220e+01
2.3188e+01
2.3180e+01
2.3149e+01
2.3133e+01
2.3109e+01
2.3101e+01
2.3085e+01
2.3085e+01
2.3062e+01
2.3038e+01
2.3030e+01
2.3022e+01
2.2991e+01
2.2983e+01
2.2951e+01
2.2919e+01
2.2896e+01
2.2864e+01
2.2817e+01
2.2793e+01
2.2738e+01
2.2706e+01
2.2690e+01
2.2666e+01
2.2627e+01
2.2595e+01
2.2564e+01
2.2540e+01
2.2492e+01
2.2461e+01
2.2437e+01
2.2405e+01
2.2350e+01
2.2302e+01
2.2278e+01
2.2239e+01
2.2191e+01
2.2159e+01
2.2128e+01
2.2096e+01
2.2056e+01
2.2025e+01
2.1993e+01
2.1969e+01
2.1914e+01
2.1874e+01
2.1826e+01
2.1787e+01
2.1747e+01
2.1715e+01
2.1652e+01
2.1620e+01
2.1588e+01
2.1532e+01
2.1501e+01
2.1477e+01
2.1437e+01
2.1397e+01
2.1365e+01
2.1334e+01
2.1294e+01
2.1262e+01
2.1214e+01
2.1150e+01
2.1158e+01
2.1111e+01
2.1079e+01
2.1039e+01
2.1007e+01
2.0967e+01
2.0896e+01
2.0856e+01
2.0832e+01
2.0792e+01
2.0752e+01
2.0728e+01
2.0680e+01
2.0632e+01
2.0617e+01
2.0569e+01
2.0513e+01
2.0473e+01
2.0433e+01
2.0401e+01
2.0353e+01
2.0321e+01
2.0273e+01
2.0241e+01
2.0209e+01
2.0177e+01
2.0129e+01
2.0097e+01
2.0065e+01
2.0042e+01
2.0002e+01
1.9954e+01
1.9938e+01
1.9906e+01
1.9850e+01
1.9810e+01
1.9778e+01
1.9737e+01
1.9713e+01
1.9681e+01
1.9641e+01
1.9617e+01
1.9577e+01
1.9537e+01
1.9505e+01
1.9473e+01
1.9441e+01
1.9401e+01
1.9385e+01
1.9353e+01
1.9329e+01
1.9273e+01
1.9225e+01
1.9201e+01
1.9168e+01
1.9144e+01
1.9112e+01
1.9080e+01
1.9064e+01
1.9024e+01
1.9000e+01
1.8968e+01
1.8936e+01
1.8904e+01
1.8863e+01
1.8823e+01
1.8807e+01
1.8775e+01
1.8735e+01
1.8695e+01
1.8662e+01
1.8622e+01
1.8598e+01
1.8574e+01
1.8558e+01
1.8534e+01
1.8502e+01
1.8469e+01
1.8429e+01
1.8405e+01
1.8365e+01
1.8341e+01
1.8309e+01
1.8276e+01
1.8252e+01
1.8220e+01
1.8196e+01
1.8164e+01
1.8131e+01
1.8115e+01
1.8083e+01
1.8059e+01
1.8027e+01
1.8010e+01
1.7978e+01
1.7954e+01
1.7930e+01
1.7890e+01
1.7865e+01
1.7849e+01
1.7801e+01
1.7793e+01
1.7785e+01
1.7769e+01
1.7736e+01
1.7736e+01
1.7720e+01
1.7712e+01
1.7696e+01
1.7704e+01
1.7672e+01
1.7672e+01
1.7672e+01
1.7664e+01
1.7639e+01
1.7639e+01
1.7623e+01
1.7623e+01
1.7623e+01
1.7639e+01
1.7639e+01
1.7648e+01
1.7639e+01
1.7648e+01
1.7639e+01
1.7664e+01
1.7648e+01
1.7664e+01
1.7672e+01
1.7672e+01
1.7664e+01
1.7664e+01
1.7672e+01
1.7672e+01
1.7672e+01
1.7688e+01
1.7688e+01
1.7704e+01
1.7688e+01
1.7712e+01
1.7720e+01
1.7744e+01
1.7736e+01
1.7720e+01
1.7720e+01
1.7728e+01
1.7696e+01
1.7696e+01
1.7704e+01
1.7712e+01
1.7712e+01
1.7696e+01
1.7696e+01
1.7696e+01
1.7688e+01
1.7688e+01
1.7672e+01
1.7672e+01
1.7656e+01
1.7648e+01
1.7631e+01
1.7623e+01
1.7607e+01
1.7599e+01
1.7583e+01
1.7575e+01
1.7567e+01
1.7543e+01
1.7526e+01
1.7518e+01
1.7502e+01
1.7486e+01
1.7462e+01
1.7462e+01
1.7454e+01
1.7429e+01
1.7413e+01
1.7397e+01
1.7381e+01
1.7349e+01
1.7333e+01
1.7324e+01
1.7284e+01
1.7260e+01
1.7268e+01
1.7268e+01
1.7227e+01
1.7203e+01
1.7179e+01
1.7163e+01
1.7155e+01
1.7122e+01
1.7090e+01
1.7058e+01
1.7025e+01
1.7009e+01
1.6977e+01
1.6960e+01
1.6936e+01
1.6920e+01
1.6904e+01
1.6888e+01
1.6871e+01
1.6855e+01
1.6815e+01
1.6782e+01
1.6774e+01
1.6742e+01
1.6718e+01
1.6693e+01
1.6653e+01
1.6620e+01
1.6604e+01
1.6588e+01
1.6572e+01
1.6539e+01
1.6515e+01
1.6491e+01
1.6458e+01
1.6450e+01
1.6401e+01
1.6377e+01
1.6361e+01
1.6337e+01
1.6312e+01
1.6288e+01
1.6272e+01
1.6239e+01
1.6215e+01
1.6174e+01
1.6150e+01
1.6134e+01
1.6117e+01
1.6093e+01
1.6077e+01
1.6052e+01
1.6020e+01
1.6004e+01
1.5971e+01
1.5939e+01
1.5922e+01
1.5906e+01
1.5874e+01
1.5849e+01
1.5825e+01
1.5800e+01
1.5792e+01
1.5760e+01
1.5744e+01
1.5719e+01
1.5703e+01
1.5687e+01
1.5662e+01
1.5638e+01
1.5605e+01
1.5589e+01
1.5573e+01
1.5548e+01
1.5516e+01
1.5483e+01
1.5475e+01
1.5459e+01
1.5434e+01
1.5402e+01
1.5369e+01
1.5361e+01
1.5345e+01
1.5337e+01
1.5312e+01
1.5296e+01
1.5280e+01
1.5247e+01
1.5239e+01
1.5206e+01
1.5182e+01
1.5149e+01
1.5133e+01
1.5117e+01
1.5100e+01
1.5076e+01
1.5060e+01
1.5051e+01
1.5019e+01
1.5002e+01
1.5002e+01
1.4986e+01
1.4978e+01
1.4945e+01
1.4921e+01
1.4896e+01
1.4872e+01
1.4839e+01
1.4823e+01
1.4807e+01
1.4790e+01
1.4766e+01
1.4758e+01
1.4750e+01
1.4733e+01
1.4717e+01
1.4709e+01
1.4692e+01
1.4676e+01
1.4652e+01
1.4635e+01
1.4611e+01
1.4594e+01
1.4578e+01
1.4537e+01
1.4513e+01
1.4521e+01
1.4513e+01
1.4488e+01
1.4472e+01
1.4439e+01
1.4431e+01
1.4423e+01
1.4406e+01
1.4390e+01
1.4366e+01
1.4349e+01
1.4333e+01
1.4316e+01
1.4292e+01
1.4284e+01
1.4259e+01
1.4251e+01
1.4226e+01
1.4202e+01
1.4194e+01
1.4177e+01
1.4161e+01
1.4153e+01
1.4120e+01
1.4079e+01
1.4071e+01
1.4055e+01
1.4030e+01
1.4030e+01
1.4006e+01
1.3973e+01
1.3948e+01
1.3948e+01
1.3924e+01
1.3899e+01
1.3891e+01
1.3866e+01
1.3858e+01
1.3850e+01
1.3825e+01
1.3801e+01
1.3776e+01
1.3760e+01
1.3727e+01
1.3686e+01
1.3653e+01
1.3653e+01
1.3645e+01
1.3629e+01
1.3604e+01
1.3579e+01
1.3571e+01
1.3547e+01
1.3522e+01
1.3514e+01
1.3489e+01
1.3440e+01
1.3424e+01
1.3407e+01
1.3382e+01
1.3358e+01
1.3333e+01
1.3317e+01
1.3292e+01
1.3268e+01
1.3259e+01
1.3259e+01
1.3243e+01
1.3235e+01
1.3210e+01
1.3169e+01
1.3153e+01
1.3136e+01
1.3111e+01
1.3087e+01
1.3062e+01
1.3062e+01
1.3029e+01
1.3005e+01
1.2980e+01
1.2964e+01
1.2939e+01
1.2922e+01
1.2906e+01
1.2890e+01
1.2873e+01
1.2848e+01
1.2824e+01
1.2799e+01
1.2774e+01
1.2758e+01
1.2741e+01
1.2717e+01
1.2676e+01
1.2659e+01
1.2643e+01
1.2626e+01
1.2610e+01
1.2585e+01
1.2577e+01
1.2569e+01
1.2536e+01
1.2511e+01
1.2486e+01
1.2445e+01
1.2437e+01
1.2412e+01
1.2371e+01
1.2363e+01
1.2338e+01
1.2322e+01
1.2305e+01
1.2297e+01
1.2280e+01
1.2247e+01
1.2231e+01
1.2214e+01
1.2214e+01
1.2206e+01
1.2181e+01
1.2157e+01
1.2140e+01
1.2099e+01
1.2066e+01
1.2058e+01
1.2033e+01
1.2025e+01
1.1992e+01
1.1967e+01
1.1959e+01
1.1942e+01
1.1917e+01
1.1909e+01
1.1901e+01
1.1860e+01
1.1835e+01
1.1843e+01
1.1835e+01
1.1802e+01
1.1777e+01
1.1760e+01
1.1727e+01
1.1703e+01
1.1686e+01
1.1661e+01
1.1653e+01
1.1637e+01
1.1620e+01
1.1603e+01
1.1587e+01
1.1554e+01
1.1537e+01
1.1521e+01
1.1496e+01
1.1479e+01
1.1455e+01
1.1422e+01
1.1397e+01
1.1372e+01
1.1364e+01
1.1364e+01
1.1339e+01
1.1322e+01
1.1322e+01
1.1298e+01
1.1273e+01
1.1256e+01
1.1231e+01
1.1206e+01
1.1190e+01
1.1157e+01
1.1132e+01
1.1124e+01
1.1107e+01
1.1082e+01
1.1074e+01
1.1066e+01
1.1049e+01
1.1033e+01
1.1024e+01
1.1016e+01
1.1008e+01
1.0999e+01
1.0999e+01
1.0999e+01
1.0983e+01
1.0991e+01
1.0991e+01
1.0975e+01
1.0983e+01
1.0991e+01
1.0999e+01
1.1033e+01
1.1049e+01
1.1082e+01
1.1107e+01
1.1149e+01
1.1182e+01
1.1206e+01
1.1248e+01
1.1281e+01
1.1306e+01
1.1380e+01
1.1422e+01
1.1479e+01
1.1521e+01
1.1579e+01
1.1637e+01
1.1727e+01
1.1794e+01
1.1876e+01
1.1950e+01
1.2041e+01
1.2107e+01
1.2190e+01
1.2264e+01
1.2379e+01
1.2495e+01
1.2602e+01
1.2684e+01
1.2783e+01
1.2857e+01
1.2964e+01
1.3038e+01
1.3153e+01
1.3210e+01
1.3300e+01
1.3358e+01
1.3448e+01
1.3497e+01
1.3588e+01
1.3629e+01
1.3727e+01
1.3768e+01
1.3817e+01
1.3866e+01
1.3940e+01
1.3973e+01
1.4038e+01
1.4079e+01
1.4153e+01
1.4186e+01
1.4251e+01
1.4276e+01
1.4308e+01
1.4349e+01
1.4382e+01
1.4398e+01
1.4439e+01
1.4447e+01
1.4480e+01
1.4488e+01
1.4513e+01
1.4504e+01
1.4513e+01
1.4521e+01
1.4554e+01
1.4562e+01
1.4562e+01
1.4562e+01
1.4578e+01
1.4578e+01
1.4578e+01
1.4570e+01
1.4578e+01
1.4562e+01
1.4554e+01
1.4537e+01
1.4537e+01
1.4521e+01
1.4513e+01
1.4496e+01
1.4472e+01
1.4472e+01
1.4455e+01
1.4439e+01
1.4423e+01
1.4415e+01
1.4398e+01
1.4374e+01
1.4333e+01
1.4333e+01
1.4300e+01
1.4284e+01
1.4251e+01
1.4243e+01
1.4218e+01
1.4202e+01
1.4194e+01
1.4177e+01
1.4153e+01
1.4136e+01
1.4112e+01
1.4104e+01
1.4071e+01
1.4046e+01
1.4006e+01
1.3989e+01
1.3956e+01
1.3932e+01
1.3915e+01
1.3899e+01
1.3874e+01
1.3858e+01
1.3834e+01
1.3809e+01
1.3784e+01
1.3768e+01
1.3727e+01
1.3711e+01
1.3678e+01
1.3661e+01
1.3620e+01
1.3596e+01
1.3571e+01
1.3547e+01
1.3506e+01
1.3481e+01
1.3456e+01
1.3448e+01
1.3399e+01
1.3399e+01
1.3374e+01
1.3358e+01
1.3317e+01
1.3292e+01
1.3284e+01
1.3268e+01
1.3218e+01
1.3202e+01
1.3177e+01
1.3153e+01
1.3128e+01
1.3103e+01
1.3079e+01
1.3070e+01
1.3038e+01
1.3029e+01
1.3021e+01
1.3005e+01
1.2947e+01
1.2931e+01
1.2914e+01
1.2881e+01
1.2857e+01
1.2832e+01
1.2807e+01
1.2783e+01
1.2758e+01
1.2741e+01
1.2709e+01
1.2700e+01
1.2667e+01
1.2651e+01
1.2643e+01
1.2626e+01
1.2602e+01
1.2560e+01
1.2536e+01
1.2519e+01
1.2486e+01
1.2470e+01
1.2445e+01
1.2412e+01
1.2387e+01
1.2371e+01
1.2363e+01
1.2363e+01
1.2322e+01
1.2305e+01
1.2272e+01
1.2264e+01
1.2247e+01
1.2223e+01
1.2181e+01
1.2165e+01
1.2140e+01
1.2124e+01
1.2082e+01
1.2066e+01
1.2041e+01
1.2016e+01
1.2016e+01
1.1983e+01
1.1967e+01
1.1950e+01
1.1926e+01
1.1917e+01
1.1876e+01
1.1860e+01
1.1851e+01
1.1827e+01
1.1794e+01
1.1760e+01
1.1736e+01
1.1719e+01
1.1703e+01
1.1678e+01
1.1645e+01
1.1628e+01
1.1612e+01
1.1603e+01
1.1570e+01
1.1562e+01
1.1537e+01
1.1504e+01
1.1479e+01
1.1455e+01
1.1422e+01
1.1397e+01
1.1372e+01
1.1347e+01
1.1339e+01
1.1322e+01
1.1306e+01
1.1298e+01
1.1256e+01
1.1256e+01
1.1223e+01
1.1206e+01
1.1190e+01
1.1157e+01
1.1124e+01
1.1107e+01
1.1091e+01
1.1066e+01
1.1049e+01
1.1033e+01
1.1016e+01
1.0991e+01
1.0975e+01
1.0958e+01
1.0966e+01
1.0941e+01
1.0933e+01
1.0917e+01
1.0892e+01
1.0875e+01
1.0867e+01
1.0850e+01
1.0834e+01
1.0801e+01
1.0784e+01
1.0767e+01
1.0743e+01
1.0726e+01
1.0718e+01
1.0701e+01
1.0693e+01
1.0684e+01
1.0668e+01
1.0660e+01
1.0651e+01
1.0626e+01
1.0610e+01
1.0577e+01
1.0585e+01
1.0568e+01
1.0543e+01
1.0535e+01
1.0527e+01
1.0502e+01
1.0485e+01
1.0469e+01
1.0477e+01
1.0460e+01
1.0419e+01
1.0411e+01
1.0411e+01
1.0394e+01
1.0377e+01
1.0344e+01
1.0319e+01
1.0311e+01
1.0286e+01
1.0269e+01
1.0253e+01
1.0236e+01
1.0211e+01
1.0195e+01
1.0203e+01
1.0178e+01
1.0161e+01
1.0153e+01
1.0145e+01
1.0128e+01
1.0095e+01
1.0070e+01
1.0062e+01
1.0037e+01
1.0020e+01
1.0003e+01
9.9868e+00
9.9785e+00
9.9702e+00
9.9535e+00
9.9203e+00
9.9036e+00
9.8870e+00
9.8703e+00
9.8454e+00
9.8204e+00
9.8038e+00
9.7788e+00
9.7705e+00
9.7455e+00
9.7289e+00
9.7039e+00
9.6789e+00
9.6622e+00
9.6373e+00
9.6289e+00
9.6123e+00
9.6039e+00
9.5706e+00
9.5540e+00
9.5373e+00
9.5206e+00
9.5040e+00
9.4790e+00
9.4623e+00
9.4290e+00
9.4123e+00
9.3956e+00
9.3706e+00
9.3456e+00
9.3373e+00
9.3123e+00
9.3039e+00
9.2789e+00
9.2706e+00
9.2539e+00
9.2372e+00
9.2038e+00
9.1705e+00
9.1454e+00
9.1204e+00
9.1037e+00
9.0703e+00
9.0369e+00
9.0286e+00
9.0286e+00
9.0203e+00
9.0036e+00
8.9702e+00
8.9451e+00
8.9284e+00
8.9117e+00
8.8783e+00
8.8532e+00
8.8282e+00
8.7948e+00
8.7780e+00
8.7530e+00
8.7195e+00
8.7028e+00
8.6945e+00
8.6778e+00
8.6527e+00
8.6443e+00
8.6360e+00
8.6109e+00
8.6025e+00
8.5858e+00
8.5440e+00
8.5273e+00
8.5105e+00
8.4687e+00
8.4352e+00
8.4185e+00
8.4018e+00
8.3767e+00
8.3599e+00
8.3516e+00
8.3432e+00
8.3097e+00
8.3013e+00
8.2930e+00
8.2678e+00
8.2511e+00
8.2343e+00
8.2092e+00
8.1841e+00
8.1590e+00
8.1339e+00
8.1087e+00
8.0920e+00
8.0836e+00
8.0668e+00
8.0501e+00
8.0249e+00
7.9998e+00
7.9998e+00
7.9914e+00
7.9663e+00
7.9579e+00
7.9244e+00
7.9244e+00
7.9076e+00
7.8740e+00
7.8740e+00
7.8489e+00
7.8321e+00
7.8237e+00
7.8153e+00
7.8153e+00
7.8070e+00
7.7902e+00
7.7734e+00
7.7650e+00
7.7566e+00
7.7482e+00
7.7398e+00
7.7147e+00
7.6811e+00
7.6559e+00
7.6476e+00
7.6392e+00
7.6308e+00
7.6224e+00
7.5972e+00
7.5972e+00
7.5804e+00
7.5804e+00
7.5636e+00
7.5636e+00
7.5552e+00
7.5468e+00
7.5216e+00
7.5048e+00
7.4880e+00
7.4713e+00
7.4713e+00
7.4629e+00
7.4461e+00
7.4461e+00
7.4041e+00
7.4041e+00
7.3957e+00
7.3873e+00
7.4041e+00
7.3957e+00
7.3705e+00
7.3621e+00
7.3368e+00
7.3284e+00
7.3032e+00
7.2864e+00
7.2864e+00
7.2612e+00
7.2528e+00
7.2276e+00
7.2024e+00
7.2024e+00
7.2024e+00
7.1856e+00
7.1772e+00
7.1687e+00
7.1435e+00
7.1183e+00
7.1099e+00
7.0931e+00
7.0678e+00
7.0426e+00
7.0342e+00
7.0005e+00
7.0005e+00
6.9921e+00
6.9669e+00
6.9500e+00
6.9332e+00
6.9248e+00
6.9164e+00
6.8911e+00
6.9080e+00
6.8743e+00
6.8575e+00
6.8490e+00
6.8070e+00
6.7901e+00
6.7649e+00
6.7480e+00
6.7312e+00
6.7059e+00
6.7059e+00
6.6806e+00
6.6806e+00
6.6722e+00
6.6638e+00
6.6385e+00
6.6217e+00
6.6217e+00
6.5880e+00
6.5795e+00
6.5542e+00
6.5374e+00
6.5205e+00
6.4868e+00
6.4868e+00
6.4700e+00
6.4615e+00
6.4362e+00
6.4278e+00
6.4109e+00
6.4025e+00
6.3941e+00
6.3603e+00
6.3435e+00
6.3519e+00
6.3266e+00
6.3097e+00
6.2760e+00
6.2507e+00
6.2253e+00
6.2253e+00
6.2169e+00
6.2085e+00
6.1832e+00
6.1832e+00
6.1747e+00
6.1325e+00
6.1156e+00
6.1156e+00
6.0987e+00
6.0819e+00
6.0650e+00
6.0312e+00
6.0143e+00
6.0059e+00
5.9805e+00
5.9805e+00
5.9552e+00
5.9383e+00
5.9383e+00
5.9214e+00
5.8960e+00
5.8791e+00
5.8791e+00
5.8791e+00
5.8453e+00
5.8284e+00
5.8031e+00
5.7777e+00
5.7608e+00
5.7355e+00
5.7185e+00
5.7270e+00
5.7016e+00
5.6847e+00
5.6678e+00
5.6594e+00
5.6424e+00
5.5917e+00
5.5832e+00
5.5832e+00
5.5494e+00
5.5155e+00
5.4986e+00
5.4817e+00
5.4563e+00
5.4394e+00
5.4055e+00
5.3886e+00
5.3886e+00
5.3801e+00
5.3717e+00
5.3463e+00
5.3378e+00
5.3293e+00
5.3209e+00
5.3039e+00
5.2870e+00
5.2700e+00
5.2531e+00
5.2362e+00
5.2108e+00
5.2023e+00
5.1769e+00
5.1684e+00
5.1514e+00
5.1260e+00
5.1091e+00
5.1091e+00
5.0921e+00
5.0667e+00
5.0497e+00
5.0328e+00
5.0243e+00
4.9989e+00
4.9819e+00
4.9819e+00
4.9565e+00
4.9395e+00
4.9141e+00
4.9141e+00
4.8971e+00
4.8717e+00
4.8632e+00
4.8377e+00
4.8293e+00
4.8038e+00
4.7868e+00
4.7784e+00
4.7529e+00
4.7359e+00
4.7189e+00
4.7020e+00
4.6850e+00
4.6680e+00
4.6341e+00
4.6171e+00
4.6171e+00
4.6171e+00
4.6086e+00
4.5916e+00
4.5831e+00
4.5661e+00
4.5576e+00
4.5491e+00
4.5322e+00
4.5152e+00
4.5067e+00
4.4982e+00
4.4982e+00
4.4897e+00
4.4727e+00
4.4557e+00
4.4642e+00
4.4727e+00
4.4642e+00
4.4557e+00
4.4727e+00
4.4982e+00
4.4982e+00
4.4897e+00
4.5067e+00
4.4982e+00
4.5067e+00
4.5067e+00
4.5067e+00
4.5237e+00
4.5237e+00
4.5576e+00
4.5576e+00
4.5916e+00
4.6001e+00
4.6425e+00
4.6680e+00
4.6935e+00
4.7020e+00
4.7189e+00
4.7359e+00
4.7529e+00
4.7699e+00
4.7953e+00
4.7953e+00
4.8123e+00
4.8293e+00
4.8632e+00
4.8886e+00
4.9056e+00
4.9226e+00
4.9310e+00
4.9480e+00
4.9819e+00
4.9904e+00
5.0074e+00
5.0158e+00
5.0243e+00
5.0328e+00
5.0413e+00
5.0413e+00
5.0752e+00
5.0667e+00
5.0752e+00
5.0667e+00
5.0752e+00
5.0921e+00
5.1176e+00
5.1091e+00
5.1091e+00
5.1176e+00
5.1176e+00
5.1091e+00
5.1006e+00
5.0921e+00
5.0837e+00
5.0582e+00
5.0582e+00
5.0582e+00
5.0582e+00
5.0582e+00
5.0243e+00
5.0158e+00
5.0158e+00
5.0158e+00
4.9989e+00
5.0074e+00
4.9989e+00
4.9904e+00
4.9734e+00
4.9650e+00
4.9650e+00
4.9480e+00
4.9226e+00
4.9056e+00
4.8971e+00
4.8802e+00
4.8547e+00
4.8462e+00
4.8208e+00
4.8123e+00
4.8123e+00
4.8038e+00
4.7699e+00
4.7529e+00
4.7444e+00
4.7189e+00
4.6935e+00
4.6850e+00
4.6935e+00
4.6680e+00
4.6341e+00
4.6171e+00
4.5831e+00
4.5746e+00
4.5576e+00
4.5576e+00
4.5406e+00
4.5322e+00
4.5067e+00
4.4897e+00
4.4642e+00
4.4387e+00
4.4217e+00
4.4047e+00
4.3792e+00
4.3622e+00
4.3367e+00
4.3197e+00
4.3027e+00
4.2857e+00
4.2687e+00
4.2602e+00
4.2347e+00
4.2262e+00
4.2007e+00
4.1752e+00
4.1582e+00
4.1241e+00
4.0901e+00
4.0816e+00
4.0476e+00
4.0220e+00
4.0050e+00
4.0050e+00
3.9795e+00
3.9540e+00
3.9369e+00
3.9199e+00
3.8944e+00
3.8773e+00
3.8688e+00
3.8518e+00
3.8177e+00
3.8007e+00
3.7836e+00
3.7581e+00
3.7240e+00
3.6985e+00
3.6985e+00
3.6899e+00
3.6644e+00
3.6388e+00
3.6218e+00
3.6132e+00
3.5791e+00
3.5706e+00
3.5450e+00
3.5280e+00
3.5024e+00
3.4768e+00
3.4683e+00
3.4427e+00
3.4086e+00
3.3915e+00
3.3745e+00
3.3574e+00
3.3403e+00
3.3318e+00
3.3318e+00
3.3147e+00
3.2891e+00
3.2721e+00
3.2379e+00
3.2038e+00
3.1867e+00
3.1782e+00
3.1526e+00
3.1355e+00
3.1184e+00
3.1099e+00
3.0842e+00
3.0672e+00
3.0586e+00
3.0415e+00
3.0159e+00
3.0074e+00
2.9903e+00
2.9903e+00
2.9646e+00
2.9475e+00
2.9134e+00
2.8963e+00
2.8963e+00
2.8621e+00
2.8450e+00
2.8364e+00
2.8364e+00
2.8193e+00
2.8022e+00
2.7937e+00
2.7680e+00
2.7509e+00
2.7338e+00
2.7338e+00
2.7167e+00
2.6911e+00
2.6825e+00
2.6654e+00
2.6397e+00
2.6226e+00
2.6141e+00
2.5884e+00
2.5798e+00
2.5627e+00
2.5627e+00
2.5542e+00
2.5199e+00
2.5028e+00
2.4943e+00
2.4943e+00
2.4943e+00
2.4600e+00
2.4258e+00
2.4172e+00
2.4001e+00
2.3830e+00
2.3487e+00
2.3401e+00
2.3316e+00
2.3144e+00
2.2973e+00
2.2802e+00
2.2716e+00
2.2545e+00
2.2288e+00
2.2288e+00
2.2202e+00
2.2031e+00
2.1773e+00
2.1602e+00
2.1345e+00
2.1173e+00
2.0916e+00
2.0659e+00
2.0745e+00
2.0659e+00
2.0402e+00
2.0316e+00
2.0230e+00
2.0230e+00
1.9973e+00
1.9801e+00
1.9716e+00
1.9544e+00
1.9373e+00
1.9115e+00
1.8944e+00
1.8772e+00
1.8600e+00
1.8429e+00
1.8343e+00
1.8171e+00
1.8000e+00
1.7914e+00
1.7742e+00
1.7742e+00
1.7571e+00
1.7399e+00
1.7227e+00
1.7055e+00
1.6884e+00
1.6712e+00
1.6626e+00
1.6368e+00
1.6283e+00
1.6025e+00
1.6025e+00
1.5853e+00
1.5595e+00
1.5510e+00
1.5424e+00
1.5252e+00
1.5080e+00
1.4908e+00
1.4650e+00
1.4564e+00
1.4478e+00
1.4135e+00
1.3963e+00
1.3877e+00
1.3877e+00
1.3533e+00
1.3189e+00
1.3103e+00
1.3017e+00
1.2845e+00
1.2673e+00
1.2587e+00
1.2501e+00
1.2415e+00
1.2243e+00
1.2071e+00
1.1899e+00
1.1641e+00
1.1383e+00
1.1210e+00
1.1124e+00
1.0866e+00
1.0780e+00
1.0608e+00
1.0350e+00
1.0264e+00
1.0092e+00
1.0006e+00
9.9194e-01
9.7472e-01
9.4889e-01
9.2306e-01
9.0583e-01
8.8861e-01
8.5416e-01
8.3693e-01
8.4554e-01
8.1970e-01
8.1108e-01
8.0247e-01
7.7662e-01
7.5939e-01
7.5939e-01
7.4215e-01
7.1630e-01
7.0768e-01
6.9906e-01
6.7320e-01
6.5596e-01
6.3872e-01
5.9561e-01
5.6975e-01
5.8699e-01
5.7837e-01
5.6975e-01
5.4387e-01
5.1800e-01
5.1800e-01
5.0075e-01
4.8350e-01
4.7487e-01
4.5762e-01
4.4899e-01
4.4037e-01
4.1448e-01
3.9723e-01
3.7997e-01
3.7134e-01
3.5408e-01
3.4545e-01
3.3682e-01
3.1955e-01
3.1092e-01
2.9366e-01
2.7639e-01
2.5913e-01
2.6776e-01
2.6776e-01
2.3323e-01
2.2459e-01
2.0732e-01
1.9869e-01
1.5551e-01
1.2960e-01
1.4687e-01
1.2096e-01
1.1232e-01
1.0368e-01
8.6404e-02
8.6404e-02
7.7765e-02
5.1846e-02
4.3206e-02
3.4565e-02
1.7283e-02
0000
