2.3154e+01
2.3096e+01
2.3047e+01
2.2981e+01
2.2936e+01
2.2887e+01
2.2829e+01
2.2767e+01
2.2713e+01
2.2659e+01
2.2601e+01
2.2543e+01
2.2490e+01
2.2445e+01
2.2396e+01
2.2342e+01
2.2298e+01
2.2244e+01
2.2204e+01
2.2163e+01
2.2114e+01
2.2060e+01
2.2020e+01
2.1975e+01
2.1926e+01
2.1890e+01
2.1845e+01
2.1810e+01
2.1756e+01
2.1706e+01
2.1657e+01
2.1608e+01
2.1576e+01
2.1545e+01
2.1505e+01
2.1464e+01
2.1419e+01
2.1392e+01
2.1343e+01
2.1293e+01
2.1239e+01
2.1194e+01
2.1158e+01
2.1118e+01
2.1077e+01
2.1032e+01
2.0996e+01
2.0951e+01
2.0911e+01
2.0888e+01
2.0848e+01
2.0803e+01
2.0771e+01
2.0740e+01
2.0690e+01
2.0654e+01
2.0622e+01
2.0586e+01
2.0546e+01
2.0510e+01
2.0469e+01
2.0424e+01
2.0388e+01
2.0347e+01
2.0315e+01
2.0297e+01
2.0261e+01
2.0239e+01
2.0211e+01
2.0189e+01
2.0184e+01
2.0157e+01
2.0139e+01
2.0112e+01
2.0121e+01
2.0135e+01
2.0135e+01
2.0139e+01
2.0130e+01
2.0107e+01
2.0094e+01
2.0080e+01
2.0062e+01
2.0053e+01
2.0044e+01
2.0044e+01
2.0035e+01
2.0012e+01
1.9999e+01
1.9981e+01
1.9967e+01
1.9958e+01
1.9944e+01
1.9926e+01
1.9913e+01
1.9913e+01
1.9899e+01
1.9899e+01
1.9895e+01
1.9886e+01
1.9881e+01
1.9886e+01
1.9877e+01
1.9867e+01
1.9858e+01
1.9840e+01
1.9822e+01
1.9822e+01
1.9813e+01
1.9795e+01
1.9790e+01
1.9772e+01
1.9772e+01
1.9763e+01
1.9763e+01
1.9754e+01
1.9750e+01
1.9745e+01
1.9736e+01
1.9718e+01
1.9718e+01
1.9700e+01
1.9700e+01
1.9709e+01
1.9713e+01
1.9732e+01
1.9745e+01
1.9777e+01
1.9795e+01
1.9827e+01
1.9845e+01
1.9890e+01
1.9926e+01
1.9976e+01
2.0017e+01
2.0071e+01
2.0121e+01
2.0180e+01
2.0243e+01
2.0306e+01
2.0374e+01
2.0446e+01
2.0514e+01
2.0604e+01
2.0699e+01
2.0789e+01
2.0888e+01
2.1005e+01
2.1113e+01
2.1208e+01
2.1325e+01
2.1433e+01
2.1549e+01
2.1635e+01
2.1747e+01
2.1828e+01
2.1944e+01
2.2011e+01
2.2119e+01
2.2195e+01
2.2293e+01
2.2351e+01
2.2450e+01
2.2517e+01
2.2593e+01
2.2646e+01
2.2740e+01
2.2793e+01
2.2869e+01
2.2909e+01
2.2985e+01
2.3021e+01
2.3079e+01
2.3123e+01
2.3181e+01
2.3208e+01
2.3270e+01
2.3297e+01
2.3341e+01
2.3372e+01
2.3448e+01
2.3479e+01
2.3519e+01
2.3537e+01
2.3568e+01
2.3581e+01
2.3594e+01
2.3599e+01
2.3603e+01
2.3621e+01
2.3639e+01
2.3630e+01
2.3625e+01
2.3639e+01
2.3643e+01
2.3648e+01
2.3634e+01
2.3643e+01
2.3634e+01
2.3621e+01
2.3608e+01
2.3599e+01
2.3581e+01
2.3559e+01
2.3541e+01
2.3537e+01
2.3519e+01
2.3501e+01
2.3488e+01
2.3488e+01
2.3474e+01
2.3457e+01
2.3439e+01
2.3461e+01
2.3443e+01
2.3412e+01
2.3394e+01
2.3381e+01
2.3359e+01
2.3328e+01
2.3288e+01
2.3301e+01
2.3257e+01
2.3252e+01
2.3225e+01
2.3199e+01
2.3181e+01
2.3168e+01
2.3150e+01
2.3123e+01
2.3092e+01
2.3074e+01
2.3056e+01
2.3030e+01
2.2994e+01
2.2972e+01
2.2949e+01
2.2940e+01
2.2932e+01
2.2914e+01
2.2905e+01
2.2891e+01
2.2900e+01
2.2896e+01
2.2909e+01
2.2945e+01
2.2967e+01
2.2994e+01
2.3030e+01
2.3074e+01
2.3123e+01
2.3172e+01
2.3239e+01
2.3319e+01
2.3412e+01
2.3474e+01
2.3572e+01
2.3692e+01
2.3812e+01
2.3949e+01
2.4078e+01
2.4215e+01
2.4357e+01
2.4516e+01
2.4693e+01
2.4860e+01
2.5054e+01
2.5274e+01
2.5521e+01
2.5767e+01
2.5982e+01
2.6214e+01
2.6420e+01
2.6643e+01
2.6839e+01
2.7057e+01
2.7253e+01
2.7441e+01
2.7606e+01
2.7801e+01
2.7958e+01
2.8122e+01
2.8235e+01
2.8387e+01
2.8495e+01
2.8638e+01
2.8733e+01
2.8849e+01
2.8983e+01
2.9099e+01
2.9203e+01
2.9341e+01
2.9453e+01
2.9556e+01
2.9651e+01
2.9749e+01
2.9831e+01
2.9896e+01
2.9947e+01
2.9973e+01
3.0011e+01
3.0033e+01
3.0050e+01
3.0050e+01
3.0063e+01
3.0076e+01
3.0076e+01
3.0067e+01
3.0059e+01
3.0046e+01
3.0033e+01
3.0033e+01
3.0007e+01
2.9947e+01
2.9908e+01
2.9870e+01
2.9827e+01
2.9771e+01
2.9728e+01
2.9685e+01
2.9629e+01
2.9565e+01
2.9522e+01
2.9444e+01
2.9397e+01
2.9328e+01
2.9281e+01
2.9233e+01
2.9160e+01
2.9095e+01
2.9043e+01
2.8979e+01
2.8914e+01
2.8858e+01
2.8767e+01
2.8724e+01
2.8650e+01
2.8603e+01
2.8560e+01
2.8482e+01
2.8439e+01
2.8369e+01
2.8330e+01
2.8261e+01
2.8209e+01
2.8144e+01
2.8105e+01
2.8031e+01
2.7984e+01
2.7910e+01
2.7875e+01
2.7810e+01
2.7758e+01
2.7697e+01
2.7654e+01
2.7580e+01
2.7554e+01
2.7475e+01
2.7441e+01
2.7367e+01
2.7319e+01
2.7288e+01
2.7236e+01
2.7175e+01
2.7136e+01
2.7075e+01
2.7018e+01
2.6957e+01
2.6918e+01
2.6848e+01
2.6813e+01
2.6765e+01
2.6730e+01
2.6669e+01
2.6634e+01
2.6560e+01
2.6520e+01
2.6472e+01
2.6424e+01
2.6350e+01
2.6310e+01
2.6249e+01
2.6205e+01
2.6140e+01
2.6100e+01
2.6052e+01
2.5999e+01
2.5929e+01
2.5907e+01
2.5855e+01
2.5815e+01
2.5762e+01
2.5723e+01
2.5675e+01
2.5639e+01
2.5595e+01
2.5556e+01
2.5494e+01
2.5450e+01
2.5406e+01
2.5371e+01
2.5318e+01
2.5288e+01
2.5244e+01
2.5213e+01
2.5169e+01
2.5147e+01
2.5111e+01
2.5081e+01
2.5050e+01
2.5032e+01
2.5001e+01
2.4984e+01
2.4948e+01
2.4940e+01
2.4922e+01
2.4926e+01
2.4913e+01
2.4922e+01
2.4918e+01
2.4935e+01
2.4957e+01
2.4988e+01
2.5019e+01
2.5067e+01
2.5094e+01
2.5120e+01
2.5160e+01
2.5208e+01
2.5230e+01
2.5274e+01
2.5336e+01
2.5380e+01
2.5424e+01
2.5477e+01
2.5512e+01
2.5560e+01
2.5609e+01
2.5679e+01
2.5714e+01
2.5776e+01
2.5811e+01
2.5859e+01
2.5890e+01
2.5938e+01
2.5977e+01
2.6012e+01
2.6034e+01
2.6069e+01
2.6113e+01
2.6153e+01
2.6183e+01
2.6227e+01
2.6245e+01
2.6284e+01
2.6323e+01
2.6354e+01
2.6376e+01
2.6407e+01
2.6415e+01
2.6428e+01
2.6446e+01
2.6463e+01
2.6468e+01
2.6477e+01
2.6481e+01
2.6481e+01
2.6485e+01
2.6450e+01
2.6455e+01
2.6450e+01
2.6428e+01
2.6411e+01
2.6411e+01
2.6389e+01
2.6372e+01
2.6345e+01
2.6319e+01
2.6297e+01
2.6275e+01
2.6240e+01
2.6231e+01
2.6188e+01
2.6153e+01
2.6122e+01
2.6109e+01
2.6078e+01
2.6056e+01
2.6012e+01
2.5990e+01
2.5951e+01
2.5907e+01
2.5859e+01
2.5819e+01
2.5762e+01
2.5718e+01
2.5670e+01
2.5631e+01
2.5582e+01
2.5552e+01
2.5503e+01
2.5455e+01
2.5424e+01
2.5380e+01
2.5332e+01
2.5288e+01
2.5230e+01
2.5182e+01
2.5129e+01
2.5072e+01
2.5015e+01
2.4970e+01
2.4931e+01
2.4882e+01
2.4834e+01
2.4785e+01
2.4746e+01
2.4701e+01
2.4657e+01
2.4617e+01
2.4569e+01
2.4538e+01
2.4485e+01
2.4436e+01
2.4396e+01
2.4339e+01
2.4290e+01
2.4233e+01
2.4184e+01
2.4149e+01
2.4104e+01
2.4060e+01
2.4029e+01
2.3989e+01
2.3949e+01
2.3896e+01
2.3852e+01
2.3812e+01
2.3785e+01
2.3741e+01
2.3692e+01
2.3657e+01
2.3608e+01
2.3572e+01
2.3519e+01
2.3479e+01
2.3430e+01
2.3403e+01
2.3354e+01
2.3323e+01
2.3283e+01
2.3243e+01
2.3208e+01
2.3163e+01
2.3119e+01
2.3074e+01
2.3034e+01
2.2994e+01
2.2954e+01
2.2909e+01
2.2865e+01
2.2838e+01
2.2802e+01
2.2767e+01
2.2735e+01
2.2709e+01
2.2673e+01
2.2633e+01
2.2593e+01
2.2570e+01
2.2521e+01
2.2476e+01
2.2436e+01
2.2400e+01
2.2347e+01
2.2311e+01
2.2275e+01
2.2244e+01
2.2204e+01
2.2186e+01
2.2146e+01
2.2101e+01
2.2069e+01
2.2047e+01
2.2011e+01
2.1966e+01
2.1935e+01
2.1904e+01
2.1868e+01
2.1832e+01
2.1783e+01
2.1751e+01
2.1715e+01
2.1675e+01
2.1635e+01
2.1608e+01
2.1576e+01
2.1540e+01
2.1505e+01
2.1482e+01
2.1451e+01
2.1419e+01
2.1383e+01
2.1343e+01
2.1298e+01
2.1275e+01
2.1239e+01
2.1203e+01
2.1176e+01
2.1136e+01
2.1095e+01
2.1068e+01
2.1032e+01
2.1010e+01
2.0974e+01
2.0933e+01
2.0902e+01
2.0870e+01
2.0843e+01
2.0807e+01
2.0776e+01
2.0749e+01
2.0699e+01
2.0658e+01
2.0622e+01
2.0600e+01
2.0550e+01
2.0528e+01
2.0501e+01
2.0473e+01
2.0442e+01
2.0415e+01
2.0379e+01
2.0356e+01
2.0320e+01
2.0288e+01
2.0248e+01
2.0211e+01
2.0175e+01
2.0157e+01
2.0112e+01
2.0067e+01
2.0035e+01
2.0021e+01
1.9999e+01
1.9972e+01
1.9940e+01
1.9899e+01
1.9867e+01
1.9845e+01
1.9809e+01
1.9781e+01
1.9745e+01
1.9704e+01
1.9668e+01
1.9636e+01
1.9596e+01
1.9564e+01
1.9532e+01
1.9500e+01
1.9469e+01
1.9446e+01
1.9410e+01
1.9391e+01
1.9364e+01
1.9350e+01
1.9314e+01
1.9273e+01
1.9246e+01
1.9214e+01
1.9169e+01
1.9137e+01
1.9105e+01
1.9073e+01
1.9037e+01
1.9014e+01
1.8982e+01
1.8960e+01
1.8932e+01
1.8909e+01
1.8878e+01
1.8859e+01
1.8827e+01
1.8796e+01
1.8777e+01
1.8750e+01
1.8723e+01
1.8695e+01
1.8673e+01
1.8645e+01
1.8618e+01
1.8613e+01
1.8595e+01
1.8572e+01
1.8563e+01
1.8549e+01
1.8536e+01
1.8508e+01
1.8495e+01
1.8490e+01
1.8467e+01
1.8454e+01
1.8440e+01
1.8431e+01
1.8422e+01
1.8408e+01
1.8399e+01
1.8399e+01
1.8390e+01
1.8372e+01
1.8367e+01
1.8376e+01
1.8376e+01
1.8353e+01
1.8353e+01
1.8353e+01
1.8349e+01
1.8344e+01
1.8344e+01
1.8317e+01
1.8312e+01
1.8303e+01
1.8303e+01
1.8294e+01
1.8294e+01
1.8294e+01
1.8303e+01
1.8294e+01
1.8289e+01
1.8285e+01
1.8285e+01
1.8280e+01
1.8276e+01
1.8267e+01
1.8257e+01
1.8244e+01
1.8239e+01
1.8225e+01
1.8216e+01
1.8221e+01
1.8221e+01
1.8225e+01
1.8216e+01
1.8193e+01
1.8189e+01
1.8184e+01
1.8175e+01
1.8157e+01
1.8148e+01
1.8152e+01
1.8148e+01
1.8134e+01
1.8129e+01
1.8111e+01
1.8111e+01
1.8102e+01
1.8093e+01
1.8088e+01
1.8097e+01
1.8102e+01
1.8102e+01
1.8107e+01
1.8125e+01
1.8116e+01
1.8120e+01
1.8116e+01
1.8111e+01
1.8107e+01
1.8125e+01
1.8139e+01
1.8148e+01
1.8139e+01
1.8148e+01
1.8171e+01
1.8180e+01
1.8198e+01
1.8225e+01
1.8221e+01
1.8225e+01
1.8221e+01
1.8221e+01
1.8221e+01
1.8216e+01
1.8207e+01
1.8212e+01
1.8221e+01
1.8207e+01
1.8203e+01
1.8203e+01
1.8207e+01
1.8212e+01
1.8207e+01
1.8189e+01
1.8171e+01
1.8175e+01
1.8161e+01
1.8157e+01
1.8143e+01
1.8125e+01
1.8107e+01
1.8088e+01
1.8079e+01
1.8061e+01
1.8047e+01
1.8043e+01
1.8015e+01
1.8001e+01
1.7997e+01
1.7992e+01
1.7965e+01
1.7951e+01
1.7928e+01
1.7901e+01
1.7869e+01
1.7850e+01
1.7828e+01
1.7805e+01
1.7791e+01
1.7750e+01
1.7718e+01
1.7695e+01
1.7681e+01
1.7658e+01
1.7635e+01
1.7612e+01
1.7571e+01
1.7548e+01
1.7525e+01
1.7488e+01
1.7456e+01
1.7424e+01
1.7383e+01
1.7346e+01
1.7314e+01
1.7287e+01
1.7273e+01
1.7236e+01
1.7199e+01
1.7172e+01
1.7149e+01
1.7117e+01
1.7089e+01
1.7052e+01
1.7025e+01
1.6997e+01
1.6956e+01
1.6914e+01
1.6887e+01
1.6855e+01
1.6818e+01
1.6781e+01
1.6753e+01
1.6726e+01
1.6693e+01
1.6661e+01
1.6638e+01
1.6606e+01
1.6574e+01
1.6541e+01
1.6523e+01
1.6482e+01
1.6445e+01
1.6408e+01
1.6371e+01
1.6320e+01
1.6279e+01
1.6251e+01
1.6237e+01
1.6205e+01
1.6182e+01
1.6163e+01
1.6122e+01
1.6094e+01
1.6062e+01
1.6025e+01
1.6001e+01
1.5965e+01
1.5937e+01
1.5886e+01
1.5849e+01
1.5821e+01
1.5780e+01
1.5742e+01
1.5729e+01
1.5701e+01
1.5678e+01
1.5645e+01
1.5608e+01
1.5580e+01
1.5557e+01
1.5520e+01
1.5488e+01
1.5441e+01
1.5400e+01
1.5377e+01
1.5353e+01
1.5312e+01
1.5279e+01
1.5242e+01
1.5228e+01
1.5200e+01
1.5182e+01
1.5154e+01
1.5135e+01
1.5103e+01
1.5094e+01
1.5056e+01
1.5024e+01
1.4991e+01
1.4963e+01
1.4926e+01
1.4894e+01
1.4866e+01
1.4833e+01
1.4801e+01
1.4773e+01
1.4736e+01
1.4694e+01
1.4661e+01
1.4638e+01
1.4619e+01
1.4601e+01
1.4573e+01
1.4545e+01
1.4512e+01
1.4489e+01
1.4452e+01
1.4419e+01
1.4391e+01
1.4377e+01
1.4335e+01
1.4312e+01
1.4284e+01
1.4256e+01
1.4270e+01
1.4251e+01
1.4233e+01
1.4214e+01
1.4195e+01
1.4167e+01
1.4139e+01
1.4107e+01
1.4069e+01
1.4041e+01
1.4009e+01
1.3990e+01
1.3957e+01
1.3920e+01
1.3882e+01
1.3854e+01
1.3831e+01
1.3812e+01
1.3775e+01
1.3752e+01
1.3719e+01
1.3686e+01
1.3658e+01
1.3630e+01
1.3588e+01
1.3564e+01
1.3532e+01
1.3504e+01
1.3466e+01
1.3443e+01
1.3419e+01
1.3386e+01
1.3363e+01
1.3354e+01
1.3312e+01
1.3279e+01
1.3255e+01
1.3227e+01
1.3199e+01
1.3166e+01
1.3129e+01
1.3096e+01
1.3058e+01
1.3044e+01
1.3011e+01
1.2993e+01
1.2960e+01
1.2932e+01
1.2903e+01
1.2870e+01
1.2838e+01
1.2838e+01
1.2814e+01
1.2772e+01
1.2739e+01
1.2701e+01
1.2711e+01
1.2697e+01
1.2678e+01
1.2668e+01
1.2640e+01
1.2598e+01
1.2570e+01
1.2551e+01
1.2523e+01
1.2504e+01
1.2476e+01
1.2447e+01
1.2424e+01
1.2400e+01
1.2377e+01
1.2344e+01
1.2315e+01
1.2297e+01
1.2254e+01
1.2231e+01
1.2183e+01
1.2169e+01
1.2141e+01
1.2113e+01
1.2075e+01
1.2051e+01
1.2033e+01
1.1952e+01
1.2000e+01
1.1919e+01
1.1938e+01
1.1891e+01
1.1806e+01
1.1844e+01
1.1773e+01
1.1792e+01
1.1763e+01
1.1749e+01
1.1678e+01
1.1688e+01
1.1664e+01
1.1674e+01
1.1626e+01
1.1584e+01
1.1570e+01
1.1532e+01
1.1489e+01
1.1456e+01
1.1437e+01
1.1399e+01
1.1347e+01
1.1333e+01
1.1300e+01
1.1272e+01
1.1224e+01
1.1243e+01
1.1158e+01
1.1101e+01
1.1092e+01
1.1020e+01
1.1006e+01
1.0978e+01
1.0949e+01
1.0940e+01
1.0897e+01
1.0888e+01
1.0845e+01
1.0816e+01
1.0816e+01
1.0788e+01
1.0793e+01
1.0816e+01
1.0835e+01
1.0812e+01
1.0835e+01
1.0869e+01
1.0897e+01
1.0916e+01
1.0959e+01
1.0992e+01
1.1049e+01
1.1115e+01
1.1205e+01
1.1286e+01
1.1404e+01
1.1527e+01
1.1678e+01
1.1830e+01
1.1995e+01
1.2165e+01
1.2367e+01
1.2556e+01
1.2786e+01
1.3002e+01
1.3251e+01
1.3494e+01
1.3775e+01
1.4027e+01
1.4354e+01
1.4652e+01
1.5005e+01
1.5279e+01
1.5608e+01
1.5891e+01
1.6219e+01
1.6500e+01
1.6836e+01
1.7112e+01
1.7456e+01
1.7745e+01
1.8107e+01
1.8422e+01
1.8837e+01
1.9146e+01
1.9487e+01
1.9759e+01
2.0035e+01
2.0275e+01
2.0523e+01
2.0762e+01
2.0996e+01
2.1230e+01
2.1433e+01
2.1662e+01
2.1837e+01
2.2065e+01
2.2235e+01
2.2436e+01
2.2579e+01
2.2762e+01
2.2918e+01
2.3079e+01
2.3225e+01
2.3412e+01
2.3563e+01
2.3750e+01
2.3883e+01
2.4034e+01
2.4127e+01
2.4246e+01
2.4299e+01
2.4357e+01
2.4410e+01
2.4485e+01
2.4485e+01
2.4538e+01
2.4516e+01
2.4529e+01
2.4511e+01
2.4516e+01
2.4485e+01
2.4472e+01
2.4432e+01
2.4396e+01
2.4348e+01
2.4330e+01
2.4268e+01
2.4237e+01
2.4175e+01
2.4109e+01
2.4051e+01
2.3976e+01
2.3914e+01
2.3825e+01
2.3772e+01
2.3692e+01
2.3621e+01
2.3537e+01
2.3461e+01
2.3394e+01
2.3341e+01
2.3270e+01
2.3208e+01
2.3132e+01
2.3074e+01
2.2989e+01
2.2927e+01
2.2829e+01
2.2758e+01
2.2659e+01
2.2593e+01
2.2485e+01
2.2432e+01
2.2351e+01
2.2298e+01
2.2195e+01
2.2141e+01
2.2074e+01
2.1993e+01
2.1895e+01
2.1845e+01
2.1756e+01
2.1675e+01
2.1590e+01
2.1536e+01
2.1437e+01
2.1365e+01
2.1271e+01
2.1203e+01
2.1122e+01
2.1064e+01
2.0978e+01
2.0924e+01
2.0830e+01
2.0771e+01
2.0676e+01
2.0622e+01
2.0559e+01
2.0491e+01
2.0397e+01
2.0329e+01
2.0248e+01
2.0198e+01
2.0103e+01
2.0049e+01
1.9990e+01
1.9935e+01
1.9858e+01
1.9795e+01
1.9727e+01
1.9668e+01
1.9591e+01
1.9546e+01
1.9473e+01
1.9410e+01
1.9328e+01
1.9282e+01
1.9219e+01
1.9151e+01
1.9082e+01
1.9019e+01
1.8964e+01
1.8909e+01
1.8837e+01
1.8786e+01
1.8727e+01
1.8673e+01
1.8609e+01
1.8559e+01
1.8495e+01
1.8440e+01
1.8390e+01
1.8326e+01
1.8253e+01
1.8198e+01
1.8143e+01
1.8088e+01
1.8043e+01
1.8001e+01
1.7951e+01
1.7910e+01
1.7860e+01
1.7809e+01
1.7759e+01
1.7708e+01
1.7676e+01
1.7644e+01
1.7571e+01
1.7525e+01
1.7479e+01
1.7424e+01
1.7406e+01
1.7365e+01
1.7328e+01
1.7291e+01
1.7236e+01
1.7190e+01
1.7163e+01
1.7135e+01
1.7103e+01
1.7094e+01
1.7066e+01
1.7025e+01
1.7006e+01
1.6993e+01
1.6979e+01
1.6942e+01
1.6896e+01
1.6859e+01
1.6827e+01
1.6790e+01
1.6758e+01
1.6721e+01
1.6684e+01
1.6638e+01
1.6601e+01
1.6564e+01
1.6532e+01
1.6491e+01
1.6454e+01
1.6417e+01
1.6366e+01
1.6320e+01
1.6297e+01
1.6246e+01
1.6214e+01
1.6172e+01
1.6135e+01
1.6094e+01
1.6057e+01
1.6020e+01
1.5974e+01
1.5941e+01
1.5928e+01
1.5877e+01
1.5835e+01
1.5793e+01
1.5766e+01
1.5738e+01
1.5701e+01
1.5668e+01
1.5650e+01
1.5622e+01
1.5590e+01
1.5548e+01
1.5530e+01
1.5492e+01
1.5479e+01
1.5455e+01
1.5428e+01
1.5390e+01
1.5367e+01
1.5330e+01
1.5288e+01
1.5256e+01
1.5233e+01
1.5196e+01
1.5168e+01
1.5121e+01
1.5103e+01
1.5084e+01
1.5066e+01
1.5033e+01
1.5001e+01
1.4977e+01
1.4950e+01
1.4912e+01
1.4889e+01
1.4843e+01
1.4815e+01
1.4773e+01
1.4750e+01
1.4717e+01
1.4703e+01
1.4670e+01
1.4633e+01
1.4596e+01
1.4577e+01
1.4549e+01
1.4508e+01
1.4466e+01
1.4438e+01
1.4410e+01
1.4368e+01
1.4330e+01
1.4298e+01
1.4261e+01
1.4223e+01
1.4181e+01
1.4149e+01
1.4111e+01
1.4121e+01
1.4083e+01
1.4041e+01
1.4004e+01
1.3976e+01
1.3948e+01
1.3906e+01
1.3868e+01
1.3850e+01
1.3812e+01
1.3780e+01
1.3728e+01
1.3695e+01
1.3658e+01
1.3635e+01
1.3597e+01
1.3574e+01
1.3536e+01
1.3513e+01
1.3480e+01
1.3461e+01
1.3419e+01
1.3377e+01
1.3340e+01
1.3312e+01
1.3274e+01
1.3241e+01
1.3199e+01
1.3171e+01
1.3124e+01
1.3086e+01
1.3054e+01
1.3044e+01
1.3007e+01
1.2974e+01
1.2946e+01
1.2913e+01
1.2880e+01
1.2847e+01
1.2809e+01
1.2786e+01
1.2744e+01
1.2715e+01
1.2673e+01
1.2635e+01
1.2593e+01
1.2579e+01
1.2551e+01
1.2523e+01
1.2490e+01
1.2466e+01
1.2433e+01
1.2395e+01
1.2358e+01
1.2344e+01
1.2315e+01
1.2287e+01
1.2264e+01
1.2226e+01
1.2193e+01
1.2165e+01
1.2127e+01
1.2113e+01
1.2089e+01
1.2070e+01
1.2047e+01
1.2023e+01
1.2009e+01
1.1990e+01
1.1971e+01
1.1952e+01
1.1929e+01
1.1919e+01
1.1891e+01
1.1872e+01
1.1834e+01
1.1820e+01
1.1801e+01
1.1782e+01
1.1768e+01
1.1763e+01
1.1749e+01
1.1740e+01
1.1712e+01
1.1697e+01
1.1678e+01
1.1674e+01
1.1645e+01
1.1631e+01
1.1612e+01
1.1598e+01
1.1570e+01
1.1560e+01
1.1537e+01
1.1513e+01
1.1489e+01
1.1470e+01
1.1451e+01
1.1461e+01
1.1433e+01
1.1399e+01
1.1385e+01
1.1366e+01
1.1357e+01
1.1333e+01
1.1300e+01
1.1286e+01
1.1248e+01
1.1234e+01
1.1210e+01
1.1191e+01
1.1163e+01
1.1144e+01
1.1129e+01
1.1106e+01
1.1077e+01
1.1058e+01
1.1035e+01
1.1020e+01
1.0982e+01
1.0954e+01
1.0926e+01
1.0892e+01
1.0869e+01
1.0835e+01
1.0797e+01
1.0783e+01
1.0769e+01
1.0750e+01
1.0721e+01
1.0693e+01
1.0664e+01
1.0650e+01
1.0617e+01
1.0598e+01
1.0565e+01
1.0531e+01
1.0489e+01
1.0460e+01
1.0427e+01
1.0393e+01
1.0355e+01
1.0332e+01
1.0289e+01
1.0260e+01
1.0236e+01
1.0213e+01
1.0189e+01
1.0170e+01
1.0151e+01
1.0117e+01
1.0079e+01
1.0041e+01
1.0012e+01
9.9743e+00
9.9362e+00
9.9171e+00
9.8837e+00
9.8599e+00
9.8265e+00
9.7931e+00
9.7644e+00
9.7358e+00
9.7071e+00
9.6737e+00
9.6403e+00
9.6116e+00
9.5830e+00
9.5495e+00
9.5209e+00
9.4970e+00
9.4731e+00
9.4396e+00
9.3966e+00
9.3822e+00
9.3440e+00
9.3201e+00
9.2914e+00
9.2674e+00
9.2435e+00
9.2196e+00
9.1956e+00
9.1765e+00
9.1430e+00
9.1143e+00
9.0855e+00
9.0568e+00
9.0280e+00
9.0137e+00
8.9897e+00
8.9610e+00
8.9322e+00
8.8986e+00
8.8795e+00
8.8699e+00
8.8555e+00
8.8459e+00
8.8123e+00
8.8075e+00
8.7884e+00
8.7596e+00
8.7404e+00
8.7260e+00
8.7068e+00
8.6876e+00
8.6684e+00
8.6636e+00
8.6444e+00
8.6204e+00
8.6060e+00
8.6156e+00
8.6012e+00
8.5916e+00
8.5964e+00
8.5820e+00
8.5772e+00
8.5724e+00
8.5724e+00
8.5628e+00
8.5580e+00
8.5628e+00
8.5580e+00
8.5340e+00
8.5388e+00
8.5388e+00
8.5388e+00
8.5388e+00
8.5388e+00
8.5340e+00
8.5436e+00
8.5484e+00
8.5388e+00
8.5292e+00
8.5340e+00
8.5148e+00
8.5052e+00
8.4955e+00
8.5003e+00
8.4955e+00
8.4907e+00
8.4859e+00
8.4763e+00
8.4715e+00
8.4619e+00
8.4619e+00
8.4523e+00
8.4379e+00
8.4331e+00
8.4139e+00
8.3946e+00
8.3802e+00
8.3610e+00
8.3466e+00
8.3225e+00
8.2889e+00
8.2744e+00
8.2600e+00
8.2408e+00
8.2360e+00
8.2167e+00
8.1927e+00
8.1734e+00
8.1494e+00
8.1301e+00
8.0964e+00
8.0772e+00
8.0627e+00
8.0338e+00
8.0049e+00
7.9760e+00
7.9520e+00
7.9231e+00
7.8893e+00
7.8604e+00
7.8460e+00
7.8122e+00
7.7736e+00
7.7544e+00
7.7351e+00
7.7110e+00
7.6772e+00
7.6386e+00
7.6241e+00
7.6000e+00
7.5614e+00
7.5276e+00
7.5131e+00
7.4745e+00
7.4407e+00
7.4069e+00
7.3731e+00
7.3441e+00
7.3247e+00
7.2957e+00
7.2716e+00
7.2426e+00
7.2087e+00
7.1894e+00
7.1749e+00
7.1362e+00
7.1023e+00
7.0733e+00
7.0394e+00
7.0007e+00
6.9910e+00
6.9523e+00
6.9184e+00
6.8942e+00
6.8748e+00
6.8603e+00
6.8312e+00
6.7973e+00
6.7634e+00
6.7343e+00
6.7100e+00
6.6858e+00
6.6567e+00
6.6179e+00
6.6034e+00
6.5840e+00
6.5355e+00
6.5257e+00
6.4966e+00
6.4772e+00
6.4481e+00
6.4190e+00
6.3996e+00
6.3850e+00
6.3559e+00
6.3316e+00
6.3024e+00
6.2684e+00
6.2344e+00
6.2052e+00
6.1664e+00
6.1421e+00
6.1129e+00
6.0788e+00
6.0691e+00
6.0448e+00
6.0205e+00
5.9962e+00
5.9718e+00
5.9378e+00
5.9232e+00
5.8940e+00
5.8599e+00
5.8258e+00
5.7868e+00
5.7576e+00
5.7333e+00
5.6894e+00
5.6650e+00
5.6358e+00
5.6065e+00
5.5822e+00
5.5627e+00
5.5334e+00
5.5139e+00
5.4846e+00
5.4554e+00
5.4163e+00
5.3968e+00
5.3675e+00
5.3334e+00
5.2992e+00
5.2650e+00
5.2308e+00
5.2064e+00
5.1722e+00
5.1576e+00
5.1282e+00
5.0940e+00
5.0549e+00
5.0451e+00
5.0158e+00
4.9865e+00
4.9669e+00
4.9327e+00
4.8984e+00
4.8642e+00
4.8299e+00
4.8055e+00
4.7614e+00
4.7271e+00
4.6977e+00
4.6733e+00
4.6488e+00
4.6292e+00
4.6047e+00
4.5802e+00
4.5606e+00
4.5361e+00
4.5018e+00
4.4723e+00
4.4331e+00
4.3939e+00
4.3743e+00
4.3448e+00
4.3056e+00
4.2712e+00
4.2418e+00
4.2172e+00
4.1829e+00
4.1632e+00
4.1337e+00
4.1092e+00
4.0748e+00
4.0552e+00
4.0306e+00
4.0060e+00
3.9814e+00
3.9569e+00
3.9323e+00
3.8979e+00
3.8585e+00
3.8339e+00
3.8044e+00
3.7700e+00
3.7355e+00
3.7109e+00
3.6912e+00
3.6765e+00
3.6519e+00
3.6223e+00
3.6075e+00
3.5829e+00
3.5534e+00
3.5386e+00
3.5090e+00
3.4745e+00
3.4450e+00
3.4253e+00
3.4006e+00
3.3760e+00
3.3562e+00
3.3316e+00
3.3119e+00
3.2971e+00
3.2823e+00
3.2576e+00
3.2329e+00
3.2181e+00
3.1885e+00
3.1639e+00
3.1935e+00
3.1688e+00
3.1491e+00
3.1293e+00
3.0948e+00
3.0849e+00
3.0602e+00
3.0306e+00
3.0108e+00
2.9910e+00
2.9663e+00
2.9416e+00
2.9120e+00
2.8972e+00
2.8725e+00
2.8379e+00
2.8082e+00
2.7835e+00
2.7538e+00
2.7192e+00
2.6846e+00
2.6747e+00
2.6499e+00
2.6351e+00
2.6103e+00
2.5806e+00
2.5608e+00
2.5262e+00
2.5014e+00
2.4866e+00
2.4569e+00
2.4420e+00
2.4073e+00
2.3627e+00
2.3330e+00
2.3082e+00
2.2735e+00
2.2537e+00
2.2289e+00
2.1991e+00
2.1644e+00
2.1446e+00
2.1247e+00
2.1148e+00
2.0850e+00
2.0453e+00
2.0205e+00
1.9957e+00
1.9659e+00
1.9262e+00
1.8964e+00
1.8666e+00
1.8219e+00
1.8070e+00
1.7771e+00
1.7473e+00
1.7225e+00
1.7125e+00
1.6827e+00
1.6479e+00
1.6280e+00
1.6180e+00
1.5832e+00
1.5534e+00
1.5185e+00
1.4837e+00
1.4489e+00
1.4240e+00
1.4041e+00
1.3692e+00
1.3393e+00
1.3144e+00
1.2845e+00
1.2546e+00
1.2347e+00
1.2098e+00
1.1849e+00
1.1699e+00
1.1400e+00
1.1051e+00
1.0752e+00
1.0502e+00
1.0253e+00
1.0053e+00
9.7040e-01
9.5044e-01
9.2050e-01
8.9055e-01
8.6059e-01
8.3064e-01
8.0067e-01
7.9068e-01
7.7570e-01
7.5572e-01
7.3574e-01
7.1575e-01
6.9577e-01
6.6578e-01
6.3080e-01
6.0580e-01
5.8081e-01
5.6081e-01
5.3080e-01
5.1080e-01
4.8579e-01
4.6078e-01
4.4077e-01
4.2075e-01
4.0074e-01
3.7571e-01
3.5069e-01
3.2566e-01
3.0563e-01
2.9061e-01
2.5556e-01
2.2050e-01
1.8544e-01
1.5538e-01
1.2532e-01
1.0026e-01
6.5174e-02
3.5096e-02
1.0028e-02
0000
