1.1681e+01
1.1666e+01
1.1651e+01
1.1666e+01
1.1651e+01
1.1651e+01
1.1651e+01
1.1622e+01
1.1622e+01
1.1637e+01
1.1637e+01
1.1622e+01
1.1608e+01
1.1593e+01
1.1578e+01
1.1578e+01
1.1564e+01
1.1520e+01
1.1535e+01
1.1535e+01
1.1520e+01
1.1535e+01
1.1520e+01
1.1505e+01
1.1505e+01
1.1505e+01
1.1491e+01
1.1462e+01
1.1447e+01
1.1447e+01
1.1462e+01
1.1476e+01
1.1462e+01
1.1432e+01
1.1418e+01
1.1418e+01
1.1418e+01
1.1403e+01
1.1403e+01
1.1418e+01
1.1389e+01
1.1359e+01
1.1345e+01
1.1345e+01
1.1345e+01
1.1330e+01
1.1316e+01
1.1345e+01
1.1330e+01
1.1272e+01
1.1272e+01
1.1286e+01
1.1272e+01
1.1286e+01
1.1272e+01
1.1243e+01
1.1257e+01
1.1243e+01
1.1243e+01
1.1243e+01
1.1228e+01
1.1213e+01
1.1199e+01
1.1213e+01
1.1199e+01
1.1199e+01
1.1184e+01
1.1184e+01
1.1184e+01
1.1155e+01
1.1155e+01
1.1184e+01
1.1169e+01
1.1126e+01
1.1126e+01
1.1111e+01
1.1096e+01
1.1126e+01
1.1111e+01
1.1082e+01
1.1067e+01
1.1096e+01
1.1096e+01
1.1096e+01
1.1067e+01
1.1082e+01
1.1067e+01
1.1038e+01
1.1053e+01
1.1038e+01
1.1023e+01
1.1023e+01
1.1009e+01
1.1023e+01
1.0994e+01
1.0994e+01
1.0979e+01
1.0965e+01
1.0965e+01
1.0965e+01
1.0965e+01
1.0979e+01
1.0979e+01
1.0965e+01
1.0965e+01
1.0950e+01
1.0950e+01
1.0921e+01
1.0921e+01
1.0936e+01
1.0906e+01
1.0892e+01
1.0892e+01
1.0877e+01
1.0877e+01
1.0877e+01
1.0877e+01
1.0877e+01
1.0862e+01
1.0862e+01
1.0877e+01
1.0862e+01
1.0862e+01
1.0848e+01
1.0833e+01
1.0819e+01
1.0804e+01
1.0789e+01
1.0789e+01
1.0804e+01
1.0789e+01
1.0775e+01
1.0775e+01
1.0804e+01
1.0789e+01
1.0760e+01
1.0760e+01
1.0745e+01
1.0731e+01
1.0731e+01
1.0731e+01
1.0702e+01
1.0702e+01
1.0687e+01
1.0643e+01
1.0687e+01
1.0672e+01
1.0658e+01
1.0672e+01
1.0643e+01
1.0658e+01
1.0658e+01
1.0643e+01
1.0643e+01
1.0643e+01
1.0628e+01
1.0628e+01
1.0599e+01
1.0599e+01
1.0614e+01
1.0599e+01
1.0570e+01
1.0584e+01
1.0599e+01
1.0584e+01
1.0555e+01
1.0555e+01
1.0541e+01
1.0570e+01
1.0541e+01
1.0541e+01
1.0541e+01
1.0541e+01
1.0526e+01
1.0511e+01
1.0541e+01
1.0511e+01
1.0497e+01
1.0482e+01
1.0497e+01
1.0482e+01
1.0482e+01
1.0467e+01
1.0453e+01
1.0467e+01
1.0453e+01
1.0438e+01
1.0438e+01
1.0423e+01
1.0423e+01
1.0423e+01
1.0409e+01
1.0409e+01
1.0394e+01
1.0394e+01
1.0394e+01
1.0394e+01
1.0394e+01
1.0394e+01
1.0394e+01
1.0394e+01
1.0394e+01
1.0394e+01
1.0394e+01
1.0365e+01
1.0365e+01
1.0350e+01
1.0335e+01
1.0335e+01
1.0335e+01
1.0335e+01
1.0335e+01
1.0335e+01
1.0321e+01
1.0335e+01
1.0335e+01
1.0335e+01
1.0292e+01
1.0292e+01
1.0306e+01
1.0277e+01
1.0277e+01
1.0262e+01
1.0277e+01
1.0262e+01
1.0248e+01
1.0233e+01
1.0248e+01
1.0248e+01
1.0248e+01
1.0233e+01
1.0248e+01
1.0248e+01
1.0233e+01
1.0233e+01
1.0204e+01
1.0204e+01
1.0189e+01
1.0174e+01
1.0174e+01
1.0160e+01
1.0160e+01
1.0145e+01
1.0145e+01
1.0145e+01
1.0160e+01
1.0145e+01
1.0130e+01
1.0130e+01
1.0130e+01
1.0116e+01
1.0116e+01
1.0086e+01
1.0086e+01
1.0072e+01
1.0086e+01
1.0086e+01
1.0086e+01
1.0086e+01
1.0072e+01
1.0072e+01
1.0057e+01
1.0057e+01
1.0042e+01
1.0042e+01
1.0057e+01
1.0028e+01
1.0028e+01
1.0013e+01
1.0013e+01
9.9983e+00
9.9543e+00
9.9543e+00
9.9690e+00
9.9543e+00
9.9543e+00
9.9690e+00
9.9837e+00
9.9690e+00
9.9543e+00
9.9543e+00
9.9397e+00
9.9250e+00
9.9250e+00
9.9103e+00
9.9103e+00
9.8957e+00
9.8957e+00
9.8810e+00
9.8663e+00
9.8810e+00
9.8810e+00
9.8663e+00
9.8517e+00
9.8663e+00
9.8663e+00
9.8517e+00
9.8370e+00
9.8370e+00
9.8223e+00
9.7930e+00
9.7636e+00
9.7636e+00
9.7783e+00
9.7783e+00
9.7490e+00
9.7636e+00
9.7636e+00
9.7490e+00
9.7636e+00
9.7636e+00
9.7636e+00
9.7490e+00
9.7049e+00
9.7196e+00
9.7196e+00
9.7196e+00
9.7196e+00
9.7049e+00
9.6756e+00
9.6756e+00
9.6609e+00
9.6609e+00
9.6609e+00
9.6609e+00
9.6609e+00
9.6756e+00
9.6609e+00
9.6462e+00
9.6315e+00
9.6315e+00
9.6315e+00
9.6169e+00
9.6022e+00
9.5875e+00
9.6022e+00
9.5875e+00
9.6022e+00
9.5875e+00
9.5728e+00
9.5875e+00
9.5728e+00
9.5728e+00
9.5581e+00
9.5581e+00
9.5581e+00
9.5581e+00
9.5434e+00
9.5141e+00
9.5141e+00
9.5141e+00
9.5141e+00
9.4994e+00
9.4847e+00
9.4847e+00
9.4700e+00
9.4700e+00
9.4700e+00
9.4700e+00
9.4700e+00
9.4700e+00
9.4700e+00
9.4553e+00
9.4260e+00
9.4260e+00
9.4113e+00
9.4113e+00
9.3966e+00
9.3819e+00
9.3819e+00
9.3819e+00
9.3672e+00
9.3819e+00
9.3672e+00
9.3819e+00
9.3819e+00
9.3672e+00
9.3525e+00
9.3525e+00
9.3231e+00
9.3084e+00
9.3084e+00
9.3084e+00
9.3084e+00
9.2790e+00
9.2643e+00
9.2643e+00
9.2643e+00
9.2643e+00
9.2496e+00
9.2643e+00
9.2937e+00
9.2790e+00
9.2349e+00
9.2202e+00
9.2202e+00
9.2055e+00
9.2055e+00
9.1909e+00
9.1762e+00
9.1615e+00
9.1615e+00
9.1615e+00
9.1615e+00
9.1615e+00
9.1468e+00
9.1468e+00
9.1615e+00
9.1468e+00
9.1320e+00
9.1173e+00
9.1026e+00
9.0879e+00
9.1173e+00
9.0879e+00
9.0438e+00
9.0585e+00
9.0585e+00
9.0585e+00
9.0438e+00
9.0438e+00
9.0438e+00
9.0291e+00
9.0291e+00
9.0291e+00
8.9997e+00
8.9850e+00
8.9997e+00
8.9850e+00
8.9703e+00
8.9556e+00
8.9556e+00
8.9556e+00
8.9409e+00
8.9262e+00
8.9409e+00
8.9409e+00
8.9262e+00
8.9409e+00
8.9262e+00
8.9115e+00
8.9262e+00
8.9115e+00
8.8967e+00
8.8820e+00
8.8673e+00
8.8526e+00
8.8526e+00
8.8526e+00
8.8673e+00
8.8526e+00
8.8232e+00
8.8232e+00
8.8232e+00
8.8232e+00
8.8379e+00
8.8232e+00
8.8085e+00
8.8085e+00
8.8085e+00
8.7643e+00
8.7496e+00
8.7496e+00
8.7496e+00
8.7349e+00
8.7349e+00
8.7349e+00
8.7349e+00
8.7202e+00
8.7054e+00
8.7054e+00
8.7054e+00
8.7054e+00
8.7054e+00
8.6907e+00
8.6907e+00
8.6907e+00
8.6760e+00
8.6613e+00
8.6760e+00
8.6466e+00
8.6318e+00
8.6318e+00
8.6318e+00
8.6318e+00
8.6171e+00
8.6171e+00
8.5729e+00
8.5877e+00
8.6024e+00
8.5877e+00
8.5877e+00
8.5729e+00
8.5435e+00
8.5435e+00
8.5435e+00
8.5288e+00
8.5288e+00
8.5435e+00
8.5435e+00
8.5288e+00
8.5140e+00
8.5140e+00
8.5140e+00
8.5140e+00
8.5288e+00
8.5140e+00
8.4993e+00
8.4846e+00
8.4551e+00
8.4551e+00
8.4551e+00
8.4256e+00
8.4256e+00
8.4256e+00
8.4551e+00
8.4404e+00
8.4404e+00
8.4404e+00
8.4109e+00
8.4109e+00
8.3962e+00
8.3814e+00
8.3962e+00
8.3814e+00
8.3520e+00
8.3520e+00
8.3814e+00
8.3814e+00
8.3667e+00
8.3667e+00
8.3372e+00
8.3520e+00
8.3520e+00
8.3667e+00
8.3520e+00
8.3372e+00
8.3225e+00
8.3078e+00
8.3225e+00
8.2930e+00
8.2930e+00
8.2783e+00
8.2636e+00
8.2636e+00
8.2488e+00
8.2488e+00
8.2783e+00
8.2636e+00
8.2341e+00
8.2341e+00
8.2341e+00
8.2193e+00
8.2193e+00
8.2193e+00
8.2193e+00
8.2193e+00
8.2046e+00
8.1899e+00
8.1751e+00
8.1604e+00
8.1604e+00
8.1604e+00
8.1456e+00
8.1456e+00
8.1604e+00
8.1751e+00
8.1899e+00
8.1751e+00
8.1456e+00
8.1309e+00
8.1161e+00
8.1014e+00
8.1014e+00
8.1014e+00
8.1161e+00
8.1014e+00
8.0866e+00
8.0719e+00
8.0572e+00
8.0719e+00
8.0719e+00
8.0719e+00
8.0719e+00
8.0572e+00
8.0424e+00
8.0277e+00
8.0129e+00
8.0129e+00
8.0129e+00
7.9982e+00
7.9834e+00
7.9834e+00
8.0129e+00
7.9982e+00
7.9687e+00
7.9687e+00
7.9834e+00
7.9539e+00
7.9392e+00
7.9539e+00
7.9539e+00
7.9392e+00
7.9244e+00
7.9096e+00
7.8949e+00
7.8801e+00
7.8654e+00
7.8506e+00
7.8506e+00
7.8506e+00
7.8506e+00
7.8506e+00
7.8506e+00
7.8506e+00
7.8211e+00
7.8211e+00
7.8359e+00
7.8064e+00
7.7916e+00
7.7916e+00
7.8064e+00
7.7768e+00
7.7473e+00
7.7473e+00
7.7768e+00
7.7621e+00
7.7326e+00
7.7326e+00
7.7326e+00
7.7178e+00
7.7326e+00
7.7178e+00
7.7030e+00
7.6883e+00
7.6587e+00
7.6587e+00
7.6587e+00
7.6587e+00
7.6735e+00
7.6440e+00
7.6292e+00
7.6292e+00
7.6144e+00
7.5997e+00
7.5997e+00
7.6144e+00
7.6144e+00
7.5997e+00
7.5997e+00
7.5849e+00
7.5849e+00
7.5554e+00
7.5258e+00
7.5258e+00
7.5554e+00
7.5406e+00
7.5406e+00
7.5258e+00
7.5111e+00
7.5258e+00
7.5111e+00
7.5111e+00
7.5111e+00
7.4963e+00
7.4815e+00
7.4815e+00
7.4667e+00
7.4372e+00
7.4224e+00
7.4224e+00
7.4076e+00
7.4076e+00
7.4076e+00
7.4076e+00
7.4076e+00
7.4076e+00
7.4076e+00
7.3929e+00
7.4076e+00
7.3781e+00
7.3485e+00
7.3485e+00
7.3190e+00
7.3042e+00
7.3042e+00
7.3042e+00
7.2894e+00
7.2894e+00
7.2746e+00
7.2746e+00
7.2746e+00
7.2303e+00
7.2303e+00
7.2451e+00
7.2451e+00
7.2303e+00
7.2007e+00
7.2007e+00
7.2007e+00
7.1859e+00
7.2007e+00
7.1712e+00
7.1564e+00
7.1564e+00
7.1416e+00
7.1416e+00
7.1416e+00
7.1416e+00
7.1268e+00
7.1268e+00
7.1268e+00
7.1120e+00
7.0824e+00
7.0972e+00
7.1268e+00
7.0824e+00
7.0528e+00
7.0528e+00
7.0233e+00
7.0233e+00
7.0381e+00
7.0233e+00
7.0233e+00
7.0233e+00
7.0085e+00
7.0085e+00
7.0233e+00
6.9937e+00
6.9789e+00
6.9641e+00
6.9493e+00
6.9345e+00
6.9345e+00
6.9345e+00
6.9345e+00
6.9197e+00
6.9197e+00
6.9049e+00
6.9049e+00
6.9197e+00
6.9049e+00
6.9049e+00
6.9049e+00
6.9049e+00
6.8901e+00
6.8753e+00
6.8753e+00
6.8753e+00
6.8457e+00
6.8457e+00
6.8457e+00
6.8309e+00
6.8161e+00
6.8161e+00
6.8161e+00
6.8161e+00
6.7865e+00
6.7865e+00
6.8013e+00
6.7865e+00
6.7865e+00
6.7717e+00
6.7421e+00
6.7421e+00
6.7569e+00
6.7421e+00
6.7273e+00
6.7273e+00
6.6977e+00
6.6829e+00
6.6977e+00
6.6829e+00
6.6681e+00
6.6829e+00
6.6977e+00
6.6681e+00
6.6681e+00
6.6533e+00
6.6236e+00
6.6236e+00
6.6088e+00
6.5792e+00
6.5644e+00
6.5496e+00
6.5940e+00
6.5940e+00
6.5644e+00
6.5792e+00
6.5644e+00
6.5644e+00
6.5792e+00
6.5644e+00
6.5348e+00
6.5200e+00
6.5200e+00
6.5051e+00
6.4903e+00
6.4903e+00
6.4607e+00
6.4607e+00
6.4607e+00
6.4607e+00
6.4459e+00
6.4311e+00
6.4311e+00
6.4311e+00
6.4311e+00
6.4311e+00
6.4014e+00
6.4014e+00
6.4014e+00
6.3866e+00
6.3866e+00
6.3570e+00
6.3570e+00
6.3570e+00
6.3570e+00
6.3422e+00
6.3125e+00
6.3273e+00
6.3570e+00
6.3422e+00
6.3125e+00
6.3273e+00
6.3125e+00
6.2977e+00
6.2977e+00
6.2977e+00
6.2977e+00
6.2829e+00
6.2680e+00
6.2680e+00
6.2532e+00
6.2532e+00
6.2532e+00
6.2532e+00
6.2384e+00
6.2384e+00
6.1939e+00
6.2087e+00
6.2384e+00
6.2236e+00
6.2087e+00
6.1939e+00
6.1791e+00
6.1642e+00
6.1939e+00
6.1791e+00
6.1791e+00
6.1791e+00
6.1494e+00
6.1346e+00
6.1494e+00
6.1642e+00
6.1198e+00
6.1198e+00
6.1198e+00
6.1198e+00
6.1049e+00
6.0753e+00
6.1049e+00
6.0901e+00
6.0604e+00
6.0604e+00
6.0604e+00
6.0604e+00
6.0456e+00
6.0456e+00
6.0456e+00
6.0308e+00
6.0308e+00
6.0159e+00
6.0011e+00
6.0011e+00
6.0159e+00
6.0159e+00
5.9863e+00
5.9714e+00
5.9714e+00
5.9714e+00
5.9714e+00
5.9714e+00
5.9863e+00
5.9714e+00
5.9566e+00
5.9566e+00
5.9566e+00
5.9417e+00
5.9121e+00
5.9121e+00
5.9121e+00
5.8972e+00
5.8824e+00
5.8527e+00
5.8527e+00
5.8675e+00
5.8675e+00
5.8527e+00
5.8379e+00
5.8379e+00
5.8230e+00
5.8230e+00
5.8230e+00
5.8230e+00
5.8082e+00
5.7785e+00
5.7785e+00
5.7785e+00
5.7933e+00
5.7785e+00
5.7785e+00
5.7785e+00
5.7785e+00
5.7636e+00
5.7488e+00
5.7488e+00
5.7488e+00
5.7339e+00
5.7042e+00
5.7042e+00
5.7191e+00
5.7191e+00
5.6745e+00
5.6597e+00
5.6597e+00
5.6597e+00
5.6597e+00
5.6448e+00
5.6597e+00
5.6448e+00
5.6597e+00
5.6448e+00
5.6300e+00
5.6300e+00
5.6151e+00
5.6003e+00
5.6003e+00
5.5854e+00
5.6003e+00
5.5854e+00
5.5854e+00
5.5706e+00
5.5557e+00
5.5557e+00
5.5557e+00
5.5557e+00
5.5706e+00
5.5557e+00
5.5409e+00
5.5409e+00
5.5409e+00
5.5260e+00
5.5111e+00
5.4963e+00
5.4963e+00
5.4814e+00
5.4963e+00
5.4963e+00
5.4517e+00
5.4517e+00
5.4517e+00
5.4369e+00
5.4220e+00
5.4369e+00
5.4517e+00
5.4369e+00
5.4220e+00
5.4071e+00
5.4071e+00
5.4071e+00
5.4071e+00
5.3923e+00
5.3774e+00
5.3774e+00
5.3625e+00
5.3328e+00
5.3477e+00
5.3477e+00
5.3328e+00
5.3328e+00
5.3328e+00
5.3328e+00
5.2882e+00
5.2882e+00
5.2882e+00
5.2585e+00
5.2436e+00
5.2436e+00
5.2287e+00
5.2287e+00
5.2436e+00
5.2287e+00
5.1990e+00
5.2139e+00
5.1990e+00
5.1990e+00
5.1841e+00
5.1841e+00
5.1990e+00
5.1693e+00
5.1693e+00
5.1544e+00
5.1693e+00
5.1395e+00
5.1246e+00
5.1246e+00
5.1246e+00
5.1098e+00
5.0949e+00
5.0949e+00
5.0949e+00
5.0800e+00
5.1246e+00
5.1098e+00
5.0800e+00
5.0651e+00
5.0503e+00
5.0651e+00
5.0354e+00
5.0354e+00
5.0354e+00
5.0205e+00
5.0205e+00
5.0205e+00
5.0205e+00
5.0056e+00
5.0056e+00
4.9908e+00
4.9908e+00
5.0056e+00
4.9908e+00
4.9759e+00
4.9461e+00
4.9461e+00
4.9163e+00
4.9163e+00
4.9312e+00
4.9312e+00
4.9312e+00
4.9163e+00
4.9015e+00
4.8866e+00
4.8568e+00
4.8717e+00
4.8568e+00
4.8419e+00
4.8270e+00
4.8122e+00
4.8568e+00
4.8270e+00
4.8122e+00
4.8122e+00
4.8122e+00
4.7973e+00
4.7824e+00
4.7824e+00
4.7973e+00
4.7824e+00
4.7973e+00
4.7824e+00
4.7824e+00
4.7526e+00
4.7377e+00
4.7377e+00
4.7675e+00
4.7377e+00
4.7079e+00
4.7079e+00
4.6930e+00
4.6930e+00
4.7079e+00
4.6930e+00
4.6632e+00
4.6632e+00
4.6632e+00
4.6632e+00
4.6484e+00
4.6335e+00
4.6335e+00
4.6335e+00
4.6186e+00
4.6037e+00
4.5888e+00
4.5888e+00
4.6037e+00
4.6037e+00
4.5739e+00
4.5739e+00
4.5590e+00
4.5739e+00
4.5739e+00
4.5441e+00
4.5441e+00
4.5292e+00
4.5292e+00
4.5292e+00
4.5292e+00
4.4994e+00
4.4845e+00
4.4845e+00
4.4994e+00
4.4845e+00
4.4547e+00
4.4547e+00
4.4696e+00
4.4696e+00
4.4547e+00
4.4547e+00
4.4547e+00
4.4398e+00
4.3951e+00
4.3951e+00
4.3802e+00
4.3652e+00
4.4100e+00
4.3802e+00
4.3652e+00
4.3652e+00
4.3354e+00
4.3354e+00
4.3205e+00
4.3354e+00
4.3503e+00
4.3354e+00
4.3354e+00
4.3205e+00
4.3056e+00
4.2907e+00
4.2609e+00
4.2311e+00
4.2311e+00
4.2161e+00
4.2012e+00
4.2161e+00
4.2012e+00
4.2161e+00
4.2012e+00
4.2012e+00
4.2161e+00
4.2161e+00
4.2012e+00
4.2012e+00
4.1863e+00
4.1714e+00
4.1565e+00
4.1565e+00
4.1714e+00
4.1416e+00
4.1267e+00
4.1416e+00
4.1565e+00
4.1416e+00
4.1117e+00
4.1416e+00
4.1267e+00
4.1267e+00
4.1267e+00
4.1267e+00
4.1267e+00
4.0968e+00
4.0968e+00
4.0819e+00
4.0521e+00
4.0521e+00
4.0371e+00
4.0371e+00
4.0521e+00
4.0521e+00
4.0371e+00
4.0521e+00
4.0222e+00
4.0222e+00
3.9924e+00
3.9775e+00
3.9775e+00
3.9775e+00
3.9327e+00
3.9476e+00
3.9327e+00
3.9178e+00
3.9327e+00
3.9178e+00
3.8879e+00
3.8879e+00
3.8879e+00
3.8730e+00
3.8730e+00
3.8730e+00
3.8730e+00
3.8730e+00
3.8580e+00
3.8431e+00
3.8431e+00
3.8133e+00
3.7983e+00
3.7685e+00
3.7685e+00
3.7834e+00
3.7834e+00
3.7685e+00
3.7535e+00
3.7535e+00
3.7535e+00
3.7535e+00
3.7386e+00
3.7386e+00
3.7087e+00
3.7087e+00
3.7237e+00
3.7087e+00
3.6789e+00
3.6639e+00
3.6789e+00
3.6789e+00
3.6490e+00
3.6490e+00
3.6340e+00
3.6340e+00
3.6340e+00
3.6340e+00
3.6191e+00
3.6191e+00
3.6042e+00
3.6042e+00
3.5892e+00
3.5743e+00
3.5743e+00
3.5593e+00
3.5593e+00
3.5444e+00
3.5444e+00
3.5444e+00
3.5444e+00
3.5295e+00
3.5145e+00
3.5145e+00
3.5295e+00
3.4996e+00
3.4697e+00
3.4697e+00
3.4846e+00
3.4697e+00
3.4547e+00
3.4547e+00
3.4398e+00
3.4398e+00
3.4248e+00
3.4248e+00
3.4398e+00
3.4248e+00
3.4248e+00
3.4099e+00
3.3651e+00
3.3651e+00
3.3800e+00
3.3651e+00
3.3651e+00
3.3501e+00
3.3501e+00
3.3352e+00
3.3352e+00
3.3352e+00
3.3501e+00
3.3352e+00
3.3202e+00
3.3202e+00
3.2903e+00
3.2903e+00
3.2903e+00
3.2753e+00
3.2753e+00
3.2604e+00
3.2454e+00
3.2454e+00
3.2305e+00
3.2305e+00
3.2155e+00
3.2006e+00
3.2305e+00
3.2155e+00
3.1856e+00
3.2006e+00
3.1856e+00
3.1856e+00
3.1856e+00
3.1856e+00
3.1707e+00
3.1557e+00
3.1258e+00
3.1258e+00
3.1258e+00
3.1108e+00
3.1108e+00
3.1108e+00
3.0659e+00
3.0809e+00
3.0959e+00
3.0809e+00
3.0659e+00
3.0510e+00
3.0510e+00
3.0510e+00
3.0360e+00
3.0360e+00
3.0360e+00
3.0210e+00
3.0210e+00
3.0061e+00
3.0061e+00
3.0061e+00
2.9911e+00
3.0061e+00
3.0210e+00
3.0061e+00
2.9911e+00
2.9761e+00
2.9462e+00
2.9462e+00
2.9312e+00
2.9312e+00
2.9462e+00
2.9312e+00
2.8863e+00
2.9013e+00
2.8863e+00
2.8863e+00
2.9013e+00
2.9013e+00
2.9013e+00
2.9013e+00
2.8714e+00
2.8564e+00
2.8414e+00
2.8414e+00
2.8115e+00
2.8115e+00
2.8115e+00
2.7815e+00
2.7965e+00
2.7965e+00
2.7815e+00
2.7665e+00
2.7665e+00
2.7815e+00
2.7665e+00
2.7665e+00
2.7665e+00
2.7516e+00
2.7665e+00
2.7665e+00
2.7516e+00
2.7216e+00
2.7066e+00
2.6917e+00
2.6917e+00
2.6917e+00
2.6767e+00
2.6767e+00
2.6767e+00
2.6617e+00
2.6767e+00
2.6767e+00
2.6767e+00
2.6617e+00
2.6467e+00
2.6467e+00
2.6317e+00
2.6168e+00
2.6018e+00
2.6018e+00
2.5868e+00
2.5868e+00
2.5868e+00
2.5718e+00
2.5568e+00
2.5718e+00
2.5568e+00
2.5568e+00
2.5418e+00
2.5568e+00
2.5418e+00
2.5268e+00
2.5418e+00
2.5268e+00
2.5119e+00
2.4969e+00
2.4969e+00
2.4969e+00
2.4969e+00
2.4969e+00
2.4519e+00
2.4669e+00
2.4669e+00
2.4519e+00
2.4219e+00
2.4219e+00
2.4219e+00
2.4219e+00
2.4069e+00
2.3919e+00
2.3919e+00
2.3919e+00
2.3620e+00
2.3470e+00
2.3770e+00
2.3620e+00
2.3770e+00
2.3620e+00
2.3620e+00
2.3620e+00
2.3470e+00
2.3620e+00
2.3620e+00
2.3320e+00
2.3170e+00
2.3020e+00
2.2720e+00
2.2720e+00
2.2720e+00
2.2870e+00
2.3020e+00
2.2870e+00
2.2570e+00
2.2720e+00
2.2570e+00
2.2570e+00
2.2570e+00
2.2570e+00
2.2870e+00
2.2720e+00
2.2720e+00
2.2570e+00
2.2570e+00
2.2570e+00
2.2570e+00
2.2570e+00
2.2420e+00
2.2420e+00
2.2420e+00
2.2420e+00
2.2420e+00
2.2270e+00
2.2120e+00
2.2120e+00
2.2120e+00
2.2120e+00
2.1820e+00
2.1820e+00
2.1820e+00
2.1670e+00
2.1820e+00
2.1820e+00
2.1520e+00
2.1520e+00
2.1520e+00
2.1670e+00
2.1520e+00
2.1520e+00
2.1220e+00
2.1220e+00
2.1370e+00
2.1220e+00
2.1070e+00
2.1070e+00
2.1220e+00
2.1070e+00
2.1070e+00
2.0920e+00
2.0620e+00
2.0770e+00
2.0620e+00
2.0620e+00
2.0620e+00
2.0620e+00
2.0470e+00
2.0320e+00
2.0320e+00
2.0169e+00
2.0169e+00
2.0019e+00
1.9869e+00
1.9419e+00
1.9119e+00
1.8969e+00
1.8969e+00
1.8818e+00
1.8518e+00
1.8668e+00
1.8818e+00
1.8969e+00
1.8818e+00
1.8818e+00
1.8668e+00
1.8518e+00
1.8218e+00
1.8218e+00
1.8368e+00
1.8218e+00
1.8068e+00
1.8068e+00
1.8218e+00
1.8218e+00
1.8068e+00
1.8068e+00
1.8218e+00
1.8218e+00
1.8218e+00
1.8068e+00
1.7918e+00
1.7767e+00
1.7767e+00
1.7767e+00
1.7767e+00
1.7617e+00
1.7617e+00
1.7918e+00
1.8218e+00
1.8218e+00
1.8368e+00
1.8368e+00
1.8218e+00
1.8218e+00
1.8068e+00
1.8068e+00
1.8218e+00
1.8068e+00
1.8068e+00
1.7918e+00
1.7767e+00
1.7617e+00
1.7617e+00
1.7617e+00
1.7617e+00
1.7467e+00
1.7467e+00
1.7617e+00
1.7767e+00
1.7767e+00
1.7767e+00
1.7617e+00
1.7317e+00
1.7167e+00
1.7317e+00
1.7167e+00
1.7016e+00
1.7016e+00
1.6866e+00
1.6866e+00
1.7016e+00
1.7016e+00
1.7016e+00
1.6866e+00
1.6866e+00
1.6866e+00
1.6866e+00
1.6716e+00
1.6415e+00
1.6265e+00
1.6115e+00
1.6265e+00
1.6566e+00
1.6415e+00
1.6265e+00
1.6265e+00
1.6415e+00
1.6115e+00
1.6115e+00
1.6265e+00
1.6115e+00
1.6115e+00
1.5965e+00
1.5965e+00
1.5814e+00
1.5664e+00
1.5664e+00
1.5664e+00
1.5814e+00
1.5514e+00
1.5514e+00
1.5514e+00
1.5664e+00
1.5664e+00
1.5514e+00
1.5514e+00
1.5514e+00
1.5514e+00
1.5213e+00
1.5213e+00
1.5213e+00
1.5063e+00
1.4913e+00
1.4762e+00
1.4913e+00
1.4762e+00
1.4762e+00
1.4612e+00
1.4762e+00
1.4762e+00
1.4762e+00
1.4762e+00
1.4762e+00
1.4762e+00
1.4913e+00
1.4762e+00
1.4311e+00
1.4311e+00
1.4311e+00
1.4311e+00
1.4161e+00
1.4161e+00
1.4161e+00
1.4161e+00
1.4011e+00
1.4011e+00
1.4011e+00
1.4011e+00
1.4161e+00
1.4161e+00
1.4011e+00
1.3860e+00
1.3710e+00
1.3710e+00
1.3710e+00
1.3409e+00
1.3560e+00
1.3409e+00
1.3560e+00
1.3560e+00
1.3259e+00
1.3409e+00
1.3259e+00
1.3259e+00
1.3108e+00
1.3108e+00
1.3259e+00
1.3108e+00
1.2958e+00
1.2958e+00
1.2808e+00
1.2808e+00
1.2657e+00
1.2657e+00
1.2657e+00
1.2808e+00
1.2657e+00
1.2657e+00
1.2808e+00
1.2808e+00
1.2657e+00
1.2356e+00
1.2206e+00
1.2356e+00
1.2206e+00
1.2356e+00
1.2206e+00
1.2206e+00
1.2356e+00
1.2206e+00
1.2356e+00
1.2206e+00
1.2056e+00
1.2206e+00
1.2206e+00
1.2206e+00
1.2206e+00
1.2206e+00
1.2056e+00
1.2056e+00
1.1905e+00
1.1905e+00
1.1604e+00
1.1454e+00
1.1604e+00
1.1755e+00
1.1604e+00
1.1755e+00
1.1755e+00
1.1755e+00
1.1755e+00
1.1604e+00
1.1755e+00
1.1604e+00
1.1454e+00
1.1454e+00
1.1454e+00
1.1454e+00
1.1153e+00
1.1153e+00
1.1153e+00
1.1303e+00
1.1303e+00
1.1303e+00
1.1002e+00
1.1153e+00
1.1454e+00
1.1303e+00
1.1153e+00
1.1153e+00
1.1002e+00
1.1002e+00
1.0701e+00
1.0551e+00
1.0701e+00
1.0551e+00
1.0551e+00
1.0701e+00
1.0400e+00
1.0400e+00
1.0400e+00
1.0400e+00
1.0400e+00
1.0400e+00
1.0099e+00
1.0099e+00
1.0099e+00
1.0099e+00
1.0099e+00
9.7983e-01
9.7983e-01
9.7983e-01
9.6478e-01
9.6478e-01
9.6478e-01
9.7983e-01
9.7983e-01
9.6478e-01
9.6478e-01
9.6478e-01
9.4973e-01
9.4973e-01
9.4973e-01
9.3467e-01
9.1962e-01
9.0456e-01
9.0456e-01
9.0456e-01
9.1962e-01
8.8950e-01
8.8950e-01
8.8950e-01
8.5939e-01
8.7445e-01
8.7445e-01
8.5939e-01
8.7445e-01
8.5939e-01
8.5939e-01
8.4433e-01
8.4433e-01
8.2927e-01
8.4433e-01
8.4433e-01
8.2927e-01
8.2927e-01
8.2927e-01
8.2927e-01
8.2927e-01
8.2927e-01
7.9915e-01
7.9915e-01
7.6903e-01
7.5396e-01
7.6903e-01
7.6903e-01
7.8409e-01
7.8409e-01
7.6903e-01
7.8409e-01
7.8409e-01
7.6903e-01
7.6903e-01
7.6903e-01
7.6903e-01
7.6903e-01
7.6903e-01
7.6903e-01
7.5396e-01
7.5396e-01
7.3890e-01
7.3890e-01
7.3890e-01
7.2384e-01
7.2384e-01
7.0877e-01
7.2384e-01
7.2384e-01
7.0877e-01
7.2384e-01
7.2384e-01
7.2384e-01
7.0877e-01
7.0877e-01
6.9371e-01
6.7864e-01
6.7864e-01
6.7864e-01
6.7864e-01
6.6357e-01
6.4851e-01
6.3344e-01
6.3344e-01
6.3344e-01
6.3344e-01
6.1837e-01
6.3344e-01
6.1837e-01
6.1837e-01
6.1837e-01
6.0330e-01
5.8823e-01
5.8823e-01
5.5809e-01
5.2795e-01
5.2795e-01
5.1287e-01
5.1287e-01
5.1287e-01
5.1287e-01
5.1287e-01
5.1287e-01
5.1287e-01
4.9780e-01
4.9780e-01
4.8273e-01
4.8273e-01
4.6765e-01
4.5257e-01
4.5257e-01
4.6765e-01
4.5257e-01
4.2242e-01
4.3750e-01
4.2242e-01
4.2242e-01
4.0734e-01
4.0734e-01
4.2242e-01
4.0734e-01
3.9227e-01
3.9227e-01
3.7719e-01
3.7719e-01
3.7719e-01
3.6211e-01
3.3195e-01
3.3195e-01
3.4703e-01
3.4703e-01
3.3195e-01
3.1686e-01
3.4703e-01
3.3195e-01
3.3195e-01
3.3195e-01
3.1686e-01
3.0178e-01
3.1686e-01
3.0178e-01
3.0178e-01
2.7162e-01
2.5653e-01
2.5653e-01
2.7162e-01
2.5653e-01
2.5653e-01
2.4145e-01
2.4145e-01
2.5653e-01
2.4145e-01
2.4145e-01
2.2636e-01
2.2636e-01
2.2636e-01
2.1127e-01
1.9619e-01
1.9619e-01
1.8110e-01
1.6601e-01
1.8110e-01
1.6601e-01
1.6601e-01
1.6601e-01
1.6601e-01
1.6601e-01
1.5092e-01
1.5092e-01
1.5092e-01
1.3583e-01
1.2074e-01
1.2074e-01
1.2074e-01
1.2074e-01
1.0565e-01
9.0562e-02
9.0562e-02
9.0562e-02
1.0565e-01
1.0565e-01
9.0562e-02
9.0562e-02
7.5470e-02
7.5470e-02
7.5470e-02
4.5284e-02
4.5284e-02
3.0190e-02
3.0190e-02
3.0190e-02
1.5095e-02
3.0190e-02
3.0190e-02
3.0190e-02
4.5284e-02
3.0190e-02
3.0190e-02
1.5095e-02
0000
1.5095e-02
4.5284e-02
