5.1349e+01
5.1312e+01
5.1275e+01
5.1247e+01
5.1207e+01
5.1166e+01
5.1138e+01
5.1111e+01
5.1067e+01
5.1030e+01
5.0989e+01
5.0955e+01
5.0912e+01
5.0881e+01
5.0843e+01
5.0812e+01
5.0772e+01
5.0728e+01
5.0684e+01
5.0644e+01
5.0613e+01
5.0579e+01
5.0538e+01
5.0504e+01
5.0460e+01
5.0426e+01
5.0388e+01
5.0351e+01
5.0310e+01
5.0273e+01
5.0232e+01
5.0195e+01
5.0148e+01
5.0110e+01
5.0073e+01
5.0035e+01
4.9995e+01
4.9963e+01
4.9926e+01
4.9873e+01
4.9826e+01
4.9791e+01
4.9747e+01
4.9713e+01
4.9675e+01
4.9635e+01
4.9591e+01
4.9547e+01
4.9506e+01
4.9462e+01
4.9418e+01
4.9374e+01
4.9330e+01
4.9289e+01
4.9249e+01
4.9208e+01
4.9167e+01
4.9129e+01
4.9082e+01
4.9041e+01
4.8994e+01
4.8956e+01
4.8915e+01
4.8877e+01
4.8833e+01
4.8789e+01
4.8742e+01
4.8701e+01
4.8663e+01
4.8622e+01
4.8581e+01
4.8537e+01
4.8489e+01
4.8458e+01
4.8417e+01
4.8373e+01
4.8328e+01
4.8284e+01
4.8252e+01
4.8205e+01
4.8154e+01
4.8110e+01
4.8072e+01
4.8034e+01
4.7990e+01
4.7952e+01
4.7907e+01
4.7869e+01
4.7831e+01
4.7796e+01
4.7752e+01
4.7711e+01
4.7669e+01
4.7635e+01
4.7600e+01
4.7571e+01
4.7536e+01
4.7508e+01
4.7476e+01
4.7454e+01
4.7422e+01
4.7403e+01
4.7377e+01
4.7368e+01
4.7345e+01
4.7342e+01
4.7336e+01
4.7333e+01
4.7323e+01
4.7333e+01
4.7333e+01
4.7345e+01
4.7358e+01
4.7390e+01
4.7403e+01
4.7438e+01
4.7463e+01
4.7495e+01
4.7523e+01
4.7574e+01
4.7612e+01
4.7666e+01
4.7714e+01
4.7777e+01
4.7831e+01
4.7904e+01
4.7964e+01
4.8040e+01
4.8110e+01
4.8189e+01
4.8256e+01
4.8341e+01
4.8414e+01
4.8489e+01
4.8556e+01
4.8635e+01
4.8701e+01
4.8767e+01
4.8824e+01
4.8893e+01
4.8950e+01
4.9013e+01
4.9072e+01
4.9132e+01
4.9195e+01
4.9261e+01
4.9315e+01
4.9377e+01
4.9437e+01
4.9500e+01
4.9559e+01
4.9628e+01
4.9688e+01
4.9754e+01
4.9819e+01
4.9885e+01
4.9948e+01
5.0014e+01
5.0076e+01
5.0148e+01
5.0207e+01
5.0263e+01
5.0323e+01
5.0382e+01
5.0435e+01
5.0482e+01
5.0529e+01
5.0582e+01
5.0628e+01
5.0672e+01
5.0719e+01
5.0762e+01
5.0803e+01
5.0840e+01
5.0874e+01
5.0915e+01
5.0946e+01
5.0971e+01
5.0996e+01
5.1030e+01
5.1067e+01
5.1107e+01
5.1145e+01
5.1157e+01
5.1179e+01
5.1201e+01
5.1219e+01
5.1232e+01
5.1253e+01
5.1272e+01
5.1284e+01
5.1297e+01
5.1306e+01
5.1312e+01
5.1331e+01
5.1337e+01
5.1343e+01
5.1346e+01
5.1353e+01
5.1356e+01
5.1359e+01
5.1365e+01
5.1368e+01
5.1362e+01
5.1359e+01
5.1343e+01
5.1337e+01
5.1334e+01
5.1328e+01
5.1318e+01
5.1306e+01
5.1287e+01
5.1272e+01
5.1263e+01
5.1250e+01
5.1228e+01
5.1210e+01
5.1201e+01
5.1179e+01
5.1157e+01
5.1135e+01
5.1107e+01
5.1086e+01
5.1055e+01
5.1030e+01
5.1002e+01
5.0977e+01
5.0943e+01
5.0915e+01
5.0877e+01
5.0843e+01
5.0818e+01
5.0787e+01
5.0747e+01
5.0709e+01
5.0672e+01
5.0632e+01
5.0597e+01
5.0554e+01
5.0510e+01
5.0482e+01
5.0441e+01
5.0395e+01
5.0357e+01
5.0320e+01
5.0276e+01
5.0239e+01
5.0207e+01
5.0160e+01
5.0129e+01
5.0095e+01
5.0054e+01
5.0014e+01
4.9976e+01
4.9945e+01
4.9917e+01
4.9876e+01
4.9841e+01
4.9810e+01
4.9782e+01
4.9757e+01
4.9726e+01
4.9691e+01
4.9660e+01
4.9638e+01
4.9610e+01
4.9578e+01
4.9553e+01
4.9522e+01
4.9497e+01
4.9465e+01
4.9437e+01
4.9406e+01
4.9381e+01
4.9340e+01
4.9321e+01
4.9299e+01
4.9274e+01
4.9245e+01
4.9214e+01
4.9179e+01
4.9157e+01
4.9135e+01
4.9107e+01
4.9072e+01
4.9041e+01
4.9010e+01
4.8981e+01
4.8947e+01
4.8915e+01
4.8880e+01
4.8846e+01
4.8821e+01
4.8789e+01
4.8754e+01
4.8726e+01
4.8685e+01
4.8644e+01
4.8609e+01
4.8578e+01
4.8540e+01
4.8508e+01
4.8467e+01
4.8433e+01
4.8404e+01
4.8366e+01
4.8322e+01
4.8281e+01
4.8252e+01
4.8218e+01
4.8186e+01
4.8154e+01
4.8126e+01
4.8104e+01
4.8069e+01
4.8040e+01
4.8006e+01
4.7964e+01
4.7930e+01
4.7898e+01
4.7863e+01
4.7831e+01
4.7809e+01
4.7822e+01
4.7850e+01
4.7857e+01
4.7834e+01
4.7812e+01
4.7793e+01
4.7790e+01
4.7774e+01
4.7765e+01
4.7752e+01
4.7742e+01
4.7717e+01
4.7695e+01
4.7660e+01
4.7631e+01
4.7600e+01
4.7571e+01
4.7536e+01
4.7501e+01
4.7466e+01
4.7434e+01
4.7399e+01
4.7368e+01
4.7336e+01
4.7304e+01
4.7263e+01
4.7221e+01
4.7193e+01
4.7151e+01
4.7113e+01
4.7072e+01
4.7033e+01
4.6995e+01
4.6954e+01
4.6906e+01
4.6861e+01
4.6823e+01
4.6782e+01
4.6737e+01
4.6686e+01
4.6644e+01
4.6596e+01
4.6548e+01
4.6500e+01
4.6462e+01
4.6408e+01
4.6350e+01
4.6305e+01
4.6260e+01
4.6209e+01
4.6161e+01
4.6107e+01
4.6055e+01
4.6004e+01
4.5956e+01
4.5905e+01
4.5853e+01
4.5792e+01
4.5741e+01
4.5696e+01
4.5641e+01
4.5593e+01
4.5538e+01
4.5480e+01
4.5426e+01
4.5374e+01
4.5326e+01
4.5274e+01
4.5223e+01
4.5174e+01
4.5120e+01
4.5065e+01
4.5010e+01
4.4958e+01
4.4920e+01
4.4878e+01
4.4819e+01
4.4774e+01
4.4726e+01
4.4677e+01
4.4625e+01
4.4574e+01
4.4528e+01
4.4486e+01
4.4441e+01
4.4399e+01
4.4357e+01
4.4308e+01
4.4269e+01
4.4227e+01
4.4185e+01
4.4143e+01
4.4104e+01
4.4065e+01
4.4032e+01
4.3997e+01
4.3954e+01
4.3912e+01
4.3873e+01
4.3844e+01
4.3808e+01
4.3776e+01
4.3746e+01
4.3711e+01
4.3672e+01
4.3639e+01
4.3616e+01
4.3584e+01
4.3545e+01
4.3515e+01
4.3489e+01
4.3460e+01
4.3431e+01
4.3411e+01
4.3375e+01
4.3349e+01
4.3320e+01
4.3290e+01
4.3261e+01
4.3228e+01
4.3199e+01
4.3183e+01
4.3150e+01
4.3118e+01
4.3091e+01
4.3069e+01
4.3046e+01
4.3020e+01
4.2980e+01
4.2951e+01
4.2931e+01
4.2902e+01
4.2866e+01
4.2843e+01
4.2817e+01
4.2794e+01
4.2771e+01
4.2738e+01
4.2715e+01
4.2686e+01
4.2660e+01
4.2634e+01
4.2598e+01
4.2578e+01
4.2552e+01
4.2529e+01
4.2499e+01
4.2470e+01
4.2440e+01
4.2414e+01
4.2388e+01
4.2368e+01
4.2342e+01
4.2316e+01
4.2299e+01
4.2279e+01
4.2250e+01
4.2227e+01
4.2201e+01
4.2181e+01
4.2158e+01
4.2142e+01
4.2128e+01
4.2105e+01
4.2086e+01
4.2069e+01
4.2050e+01
4.2020e+01
4.2007e+01
4.1990e+01
4.1977e+01
4.1961e+01
4.1944e+01
4.1928e+01
4.1908e+01
4.1898e+01
4.1885e+01
4.1869e+01
4.1849e+01
4.1832e+01
4.1816e+01
4.1806e+01
4.1783e+01
4.1757e+01
4.1740e+01
4.1721e+01
4.1701e+01
4.1674e+01
4.1645e+01
4.1625e+01
4.1602e+01
4.1582e+01
4.1556e+01
4.1536e+01
4.1503e+01
4.1477e+01
4.1447e+01
4.1417e+01
4.1384e+01
4.1358e+01
4.1322e+01
4.1295e+01
4.1262e+01
4.1232e+01
4.1199e+01
4.1166e+01
4.1133e+01
4.1097e+01
4.1070e+01
4.1037e+01
4.0998e+01
4.0961e+01
4.0925e+01
4.0885e+01
4.0852e+01
4.0822e+01
4.0796e+01
4.0756e+01
4.0710e+01
4.0676e+01
4.0633e+01
4.0597e+01
4.0564e+01
4.0527e+01
4.0487e+01
4.0448e+01
4.0411e+01
4.0368e+01
4.0325e+01
4.0285e+01
4.0242e+01
4.0208e+01
4.0175e+01
4.0129e+01
4.0092e+01
4.0052e+01
4.0015e+01
3.9979e+01
3.9939e+01
3.9899e+01
3.9859e+01
3.9809e+01
3.9772e+01
3.9736e+01
3.9699e+01
3.9656e+01
3.9619e+01
3.9586e+01
3.9542e+01
3.9499e+01
3.9465e+01
3.9425e+01
3.9389e+01
3.9348e+01
3.9305e+01
3.9262e+01
3.9221e+01
3.9185e+01
3.9144e+01
3.9101e+01
3.9057e+01
3.9014e+01
3.8970e+01
3.8930e+01
3.8890e+01
3.8853e+01
3.8813e+01
3.8769e+01
3.8729e+01
3.8685e+01
3.8642e+01
3.8602e+01
3.8558e+01
3.8518e+01
3.8484e+01
3.8434e+01
3.8390e+01
3.8363e+01
3.8316e+01
3.8276e+01
3.8235e+01
3.8195e+01
3.8154e+01
3.8111e+01
3.8067e+01
3.8026e+01
3.7979e+01
3.7935e+01
3.7888e+01
3.7848e+01
3.7801e+01
3.7763e+01
3.7720e+01
3.7676e+01
3.7635e+01
3.7601e+01
3.7554e+01
3.7510e+01
3.7470e+01
3.7429e+01
3.7389e+01
3.7348e+01
3.7311e+01
3.7267e+01
3.7223e+01
3.7179e+01
3.7135e+01
3.7104e+01
3.7057e+01
3.7009e+01
3.6975e+01
3.6935e+01
3.6887e+01
3.6853e+01
3.6813e+01
3.6762e+01
3.6714e+01
3.6677e+01
3.6633e+01
3.6595e+01
3.6554e+01
3.6510e+01
3.6463e+01
3.6429e+01
3.6381e+01
3.6337e+01
3.6296e+01
3.6252e+01
3.6211e+01
3.6173e+01
3.6129e+01
3.6085e+01
3.6044e+01
3.6003e+01
3.5959e+01
3.5914e+01
3.5870e+01
3.5839e+01
3.5795e+01
3.5754e+01
3.5716e+01
3.5675e+01
3.5631e+01
3.5590e+01
3.5549e+01
3.5508e+01
3.5460e+01
3.5425e+01
3.5381e+01
3.5336e+01
3.5299e+01
3.5261e+01
3.5213e+01
3.5169e+01
3.5134e+01
3.5093e+01
3.5049e+01
3.5011e+01
3.4970e+01
3.4932e+01
3.4894e+01
3.4856e+01
3.4819e+01
3.4774e+01
3.4740e+01
3.4698e+01
3.4654e+01
3.4616e+01
3.4575e+01
3.4533e+01
3.4499e+01
3.4461e+01
3.4427e+01
3.4389e+01
3.4347e+01
3.4313e+01
3.4268e+01
3.4230e+01
3.4189e+01
3.4147e+01
3.4109e+01
3.4068e+01
3.4027e+01
3.3985e+01
3.3947e+01
3.3916e+01
3.3878e+01
3.3840e+01
3.3795e+01
3.3754e+01
3.3723e+01
3.3681e+01
3.3643e+01
3.3605e+01
3.3570e+01
3.3532e+01
3.3494e+01
3.3449e+01
3.3415e+01
3.3376e+01
3.3331e+01
3.3297e+01
3.3266e+01
3.3224e+01
3.3182e+01
3.3144e+01
3.3096e+01
3.3061e+01
3.3019e+01
3.2981e+01
3.2939e+01
3.2908e+01
3.2866e+01
3.2825e+01
3.2793e+01
3.2752e+01
3.2713e+01
3.2682e+01
3.2644e+01
3.2605e+01
3.2571e+01
3.2529e+01
3.2498e+01
3.2452e+01
3.2414e+01
3.2379e+01
3.2341e+01
3.2306e+01
3.2271e+01
3.2236e+01
3.2198e+01
3.2159e+01
3.2124e+01
3.2079e+01
3.2037e+01
3.2009e+01
3.1967e+01
3.1929e+01
3.1894e+01
3.1855e+01
3.1817e+01
3.1782e+01
3.1743e+01
3.1708e+01
3.1677e+01
3.1635e+01
3.1607e+01
3.1579e+01
3.1540e+01
3.1505e+01
3.1463e+01
3.1428e+01
3.1397e+01
3.1358e+01
3.1316e+01
3.1281e+01
3.1253e+01
3.1221e+01
3.1193e+01
3.1155e+01
3.1119e+01
3.1081e+01
3.1039e+01
3.1007e+01
3.0972e+01
3.0937e+01
3.0902e+01
3.0866e+01
3.0828e+01
3.0793e+01
3.0757e+01
3.0722e+01
3.0694e+01
3.0666e+01
3.0627e+01
3.0592e+01
3.0557e+01
3.0521e+01
3.0490e+01
3.0458e+01
3.0423e+01
3.0380e+01
3.0356e+01
3.0327e+01
3.0285e+01
3.0260e+01
3.0229e+01
3.0190e+01
3.0151e+01
3.0116e+01
3.0087e+01
3.0055e+01
3.0020e+01
2.9981e+01
2.9942e+01
2.9914e+01
2.9886e+01
2.9850e+01
2.9815e+01
2.9790e+01
2.9748e+01
2.9716e+01
2.9684e+01
2.9648e+01
2.9613e+01
2.9581e+01
2.9549e+01
2.9510e+01
2.9478e+01
2.9450e+01
2.9414e+01
2.9375e+01
2.9347e+01
2.9319e+01
2.9280e+01
2.9251e+01
2.9216e+01
2.9184e+01
2.9152e+01
2.9120e+01
2.9084e+01
2.9049e+01
2.9017e+01
2.8985e+01
2.8953e+01
2.8924e+01
2.8881e+01
2.8846e+01
2.8814e+01
2.8782e+01
2.8753e+01
2.8725e+01
2.8686e+01
2.8657e+01
2.8621e+01
2.8589e+01
2.8561e+01
2.8525e+01
2.8497e+01
2.8461e+01
2.8429e+01
2.8407e+01
2.8368e+01
2.8325e+01
2.8297e+01
2.8261e+01
2.8229e+01
2.8200e+01
2.8172e+01
2.8140e+01
2.8097e+01
2.8061e+01
2.8029e+01
2.7996e+01
2.7961e+01
2.7932e+01
2.7893e+01
2.7860e+01
2.7825e+01
2.7792e+01
2.7757e+01
2.7728e+01
2.7699e+01
2.7667e+01
2.7638e+01
2.7602e+01
2.7570e+01
2.7538e+01
2.7513e+01
2.7473e+01
2.7441e+01
2.7405e+01
2.7376e+01
2.7348e+01
2.7319e+01
2.7279e+01
2.7254e+01
2.7222e+01
2.7186e+01
2.7150e+01
2.7110e+01
2.7074e+01
2.7042e+01
2.7003e+01
2.6970e+01
2.6945e+01
2.6913e+01
2.6869e+01
2.6837e+01
2.6804e+01
2.6768e+01
2.6736e+01
2.6707e+01
2.6667e+01
2.6639e+01
2.6606e+01
2.6566e+01
2.6541e+01
2.6505e+01
2.6465e+01
2.6433e+01
2.6404e+01
2.6364e+01
2.6328e+01
2.6299e+01
2.6260e+01
2.6227e+01
2.6202e+01
2.6166e+01
2.6126e+01
2.6090e+01
2.6057e+01
2.6017e+01
2.5981e+01
2.5945e+01
2.5909e+01
2.5880e+01
2.5851e+01
2.5814e+01
2.5782e+01
2.5749e+01
2.5713e+01
2.5680e+01
2.5651e+01
2.5615e+01
2.5575e+01
2.5542e+01
2.5506e+01
2.5470e+01
2.5437e+01
2.5408e+01
2.5375e+01
2.5335e+01
2.5306e+01
2.5273e+01
2.5241e+01
2.5212e+01
2.5179e+01
2.5143e+01
2.5103e+01
2.5070e+01
2.5041e+01
2.5001e+01
2.4968e+01
2.4935e+01
2.4902e+01
2.4862e+01
2.4826e+01
2.4789e+01
2.4756e+01
2.4720e+01
2.4683e+01
2.4651e+01
2.4618e+01
2.4589e+01
2.4552e+01
2.4519e+01
2.4494e+01
2.4453e+01
2.4410e+01
2.4384e+01
2.4362e+01
2.4322e+01
2.4293e+01
2.4260e+01
2.4223e+01
2.4198e+01
2.4165e+01
2.4135e+01
2.4110e+01
2.4084e+01
2.4055e+01
2.4037e+01
2.4015e+01
2.3989e+01
2.3971e+01
2.3963e+01
2.3952e+01
2.3938e+01
2.3927e+01
2.3927e+01
2.3923e+01
2.3923e+01
2.3923e+01
2.3934e+01
2.3934e+01
2.3949e+01
2.3960e+01
2.3982e+01
2.3989e+01
2.4015e+01
2.4047e+01
2.4073e+01
2.4099e+01
2.4132e+01
2.4165e+01
2.4198e+01
2.4230e+01
2.4282e+01
2.4315e+01
2.4348e+01
2.4402e+01
2.4453e+01
2.4490e+01
2.4537e+01
2.4589e+01
2.4636e+01
2.4680e+01
2.4735e+01
2.4782e+01
2.4829e+01
2.4877e+01
2.4935e+01
2.4979e+01
2.5026e+01
2.5073e+01
2.5117e+01
2.5146e+01
2.5193e+01
2.5237e+01
2.5277e+01
2.5313e+01
2.5353e+01
2.5386e+01
2.5430e+01
2.5459e+01
2.5499e+01
2.5535e+01
2.5568e+01
2.5600e+01
2.5637e+01
2.5673e+01
2.5706e+01
2.5738e+01
2.5774e+01
2.5800e+01
2.5836e+01
2.5865e+01
2.5898e+01
2.5927e+01
2.5956e+01
2.5985e+01
2.6006e+01
2.6035e+01
2.6064e+01
2.6086e+01
2.6118e+01
2.6144e+01
2.6158e+01
2.6173e+01
2.6198e+01
2.6213e+01
2.6238e+01
2.6260e+01
2.6274e+01
2.6292e+01
2.6306e+01
2.6317e+01
2.6328e+01
2.6335e+01
2.6343e+01
2.6353e+01
2.6368e+01
2.6372e+01
2.6375e+01
2.6382e+01
2.6390e+01
2.6386e+01
2.6393e+01
2.6390e+01
2.6375e+01
2.6368e+01
2.6361e+01
2.6350e+01
2.6328e+01
2.6314e+01
2.6303e+01
2.6292e+01
2.6267e+01
2.6245e+01
2.6227e+01
2.6209e+01
2.6194e+01
2.6184e+01
2.6166e+01
2.6137e+01
2.6111e+01
2.6093e+01
2.6068e+01
2.6035e+01
2.5999e+01
2.5974e+01
2.5938e+01
2.5905e+01
2.5869e+01
2.5840e+01
2.5807e+01
2.5782e+01
2.5753e+01
2.5720e+01
2.5680e+01
2.5644e+01
2.5615e+01
2.5579e+01
2.5535e+01
2.5513e+01
2.5481e+01
2.5448e+01
2.5408e+01
2.5375e+01
2.5335e+01
2.5299e+01
2.5263e+01
2.5215e+01
2.5172e+01
2.5128e+01
2.5077e+01
2.5037e+01
2.4990e+01
2.4946e+01
2.4891e+01
2.4851e+01
2.4807e+01
2.4764e+01
2.4716e+01
2.4676e+01
2.4625e+01
2.4578e+01
2.4537e+01
2.4490e+01
2.4439e+01
2.4395e+01
2.4351e+01
2.4304e+01
2.4260e+01
2.4212e+01
2.4172e+01
2.4124e+01
2.4069e+01
2.4026e+01
2.3982e+01
2.3938e+01
2.3894e+01
2.3839e+01
2.3791e+01
2.3751e+01
2.3703e+01
2.3663e+01
2.3611e+01
2.3563e+01
2.3516e+01
2.3472e+01
2.3431e+01
2.3394e+01
2.3347e+01
2.3303e+01
2.3251e+01
2.3207e+01
2.3166e+01
2.3122e+01
2.3085e+01
2.3049e+01
2.3008e+01
2.2968e+01
2.2927e+01
2.2886e+01
2.2850e+01
2.2813e+01
2.2772e+01
2.2743e+01
2.2706e+01
2.2672e+01
2.2639e+01
2.2606e+01
2.2573e+01
2.2540e+01
2.2506e+01
2.2473e+01
2.2447e+01
2.2421e+01
2.2392e+01
2.2362e+01
2.2340e+01
2.2325e+01
2.2299e+01
2.2270e+01
2.2247e+01
2.2225e+01
2.2196e+01
2.2166e+01
2.2148e+01
2.2129e+01
2.2107e+01
2.2077e+01
2.2062e+01
2.2048e+01
2.2033e+01
2.2014e+01
2.1988e+01
2.1966e+01
2.1947e+01
2.1929e+01
2.1914e+01
2.1888e+01
2.1870e+01
2.1855e+01
2.1832e+01
2.1810e+01
2.1788e+01
2.1769e+01
2.1743e+01
2.1729e+01
2.1706e+01
2.1688e+01
2.1669e+01
2.1647e+01
2.1632e+01
2.1606e+01
2.1580e+01
2.1565e+01
2.1539e+01
2.1521e+01
2.1506e+01
2.1483e+01
2.1465e+01
2.1439e+01
2.1420e+01
2.1394e+01
2.1379e+01
2.1361e+01
2.1331e+01
2.1305e+01
2.1283e+01
2.1264e+01
2.1245e+01
2.1223e+01
2.1201e+01
2.1182e+01
2.1156e+01
2.1134e+01
2.1115e+01
2.1093e+01
2.1067e+01
2.1044e+01
2.1026e+01
2.1003e+01
2.0985e+01
2.0966e+01
2.0940e+01
2.0925e+01
2.0914e+01
2.0895e+01
2.0873e+01
2.0847e+01
2.0824e+01
2.0806e+01
2.0791e+01
2.0765e+01
2.0735e+01
2.0720e+01
2.0697e+01
2.0675e+01
2.0656e+01
2.0638e+01
2.0619e+01
2.0604e+01
2.0578e+01
2.0552e+01
2.0526e+01
2.0507e+01
2.0484e+01
2.0455e+01
2.0432e+01
2.0413e+01
2.0391e+01
2.0372e+01
2.0342e+01
2.0320e+01
2.0294e+01
2.0267e+01
2.0245e+01
2.0219e+01
2.0189e+01
2.0166e+01
2.0140e+01
2.0110e+01
2.0084e+01
2.0061e+01
2.0035e+01
2.0005e+01
1.9975e+01
1.9953e+01
1.9934e+01
1.9900e+01
1.9863e+01
1.9836e+01
1.9810e+01
1.9788e+01
1.9750e+01
1.9724e+01
1.9698e+01
1.9660e+01
1.9626e+01
1.9600e+01
1.9566e+01
1.9536e+01
1.9510e+01
1.9468e+01
1.9442e+01
1.9412e+01
1.9378e+01
1.9337e+01
1.9307e+01
1.9284e+01
1.9250e+01
1.9209e+01
1.9167e+01
1.9141e+01
1.9111e+01
1.9081e+01
1.9050e+01
1.9016e+01
1.8979e+01
1.8945e+01
1.8911e+01
1.8877e+01
1.8835e+01
1.8805e+01
1.8767e+01
1.8730e+01
1.8692e+01
1.8662e+01
1.8628e+01
1.8590e+01
1.8552e+01
1.8518e+01
1.8480e+01
1.8439e+01
1.8405e+01
1.8374e+01
1.8340e+01
1.8306e+01
1.8272e+01
1.8234e+01
1.8208e+01
1.8174e+01
1.8136e+01
1.8105e+01
1.8068e+01
1.8037e+01
1.8007e+01
1.7980e+01
1.7950e+01
1.7912e+01
1.7874e+01
1.7848e+01
1.7813e+01
1.7787e+01
1.7745e+01
1.7711e+01
1.7684e+01
1.7650e+01
1.7616e+01
1.7589e+01
1.7555e+01
1.7521e+01
1.7494e+01
1.7468e+01
1.7433e+01
1.7403e+01
1.7372e+01
1.7342e+01
1.7308e+01
1.7281e+01
1.7251e+01
1.7224e+01
1.7190e+01
1.7159e+01
1.7125e+01
1.7098e+01
1.7064e+01
1.7033e+01
1.7003e+01
1.6972e+01
1.6938e+01
1.6904e+01
1.6869e+01
1.6843e+01
1.6816e+01
1.6782e+01
1.6740e+01
1.6705e+01
1.6675e+01
1.6655e+01
1.6621e+01
1.6587e+01
1.6560e+01
1.6529e+01
1.6491e+01
1.6457e+01
1.6422e+01
1.6395e+01
1.6361e+01
1.6330e+01
1.6303e+01
1.6261e+01
1.6231e+01
1.6204e+01
1.6169e+01
1.6131e+01
1.6100e+01
1.6066e+01
1.6024e+01
1.6005e+01
1.5970e+01
1.5939e+01
1.5901e+01
1.5874e+01
1.5832e+01
1.5797e+01
1.5759e+01
1.5728e+01
1.5697e+01
1.5663e+01
1.5628e+01
1.5594e+01
1.5555e+01
1.5524e+01
1.5494e+01
1.5463e+01
1.5432e+01
1.5401e+01
1.5367e+01
1.5340e+01
1.5305e+01
1.5259e+01
1.5232e+01
1.5201e+01
1.5170e+01
1.5147e+01
1.5112e+01
1.5074e+01
1.5043e+01
1.5008e+01
1.4977e+01
1.4950e+01
1.4916e+01
1.4889e+01
1.4850e+01
1.4815e+01
1.4792e+01
1.4757e+01
1.4719e+01
1.4688e+01
1.4657e+01
1.4626e+01
1.4599e+01
1.4560e+01
1.4529e+01
1.4498e+01
1.4467e+01
1.4432e+01
1.4398e+01
1.4371e+01
1.4340e+01
1.4305e+01
1.4270e+01
1.4243e+01
1.4212e+01
1.4173e+01
1.4146e+01
1.4119e+01
1.4088e+01
1.4057e+01
1.4022e+01
1.3991e+01
1.3956e+01
1.3925e+01
1.3886e+01
1.3859e+01
1.3820e+01
1.3785e+01
1.3750e+01
1.3723e+01
1.3688e+01
1.3653e+01
1.3622e+01
1.3587e+01
1.3559e+01
1.3528e+01
1.3497e+01
1.3458e+01
1.3427e+01
1.3396e+01
1.3365e+01
1.3326e+01
1.3291e+01
1.3267e+01
1.3236e+01
1.3201e+01
1.3182e+01
1.3158e+01
1.3127e+01
1.3088e+01
1.3057e+01
1.3030e+01
1.2998e+01
1.2975e+01
1.2936e+01
1.2901e+01
1.2870e+01
1.2842e+01
1.2811e+01
1.2772e+01
1.2749e+01
1.2721e+01
1.2682e+01
1.2651e+01
1.2623e+01
1.2584e+01
1.2561e+01
1.2534e+01
1.2498e+01
1.2475e+01
1.2451e+01
1.2397e+01
1.2377e+01
1.2353e+01
1.2318e+01
1.2287e+01
1.2263e+01
1.2228e+01
1.2201e+01
1.2169e+01
1.2142e+01
1.2107e+01
1.2083e+01
1.2056e+01
1.2020e+01
1.1989e+01
1.1954e+01
1.1918e+01
1.1887e+01
1.1855e+01
1.1820e+01
1.1793e+01
1.1769e+01
1.1730e+01
1.1698e+01
1.1671e+01
1.1639e+01
1.1600e+01
1.1572e+01
1.1541e+01
1.1509e+01
1.1478e+01
1.1446e+01
1.1415e+01
1.1376e+01
1.1348e+01
1.1324e+01
1.1285e+01
1.1253e+01
1.1230e+01
1.1186e+01
1.1155e+01
1.1123e+01
1.1092e+01
1.1064e+01
1.1033e+01
1.0993e+01
1.0962e+01
1.0926e+01
1.0895e+01
1.0859e+01
1.0819e+01
1.0792e+01
1.0760e+01
1.0725e+01
1.0697e+01
1.0669e+01
1.0634e+01
1.0606e+01
1.0574e+01
1.0539e+01
1.0495e+01
1.0464e+01
1.0436e+01
1.0400e+01
1.0373e+01
1.0345e+01
1.0313e+01
1.0277e+01
1.0242e+01
1.0210e+01
1.0170e+01
1.0135e+01
1.0103e+01
1.0067e+01
1.0028e+01
9.9919e+00
9.9681e+00
9.9244e+00
9.8887e+00
9.8569e+00
9.8172e+00
9.7775e+00
9.7497e+00
9.7060e+00
9.6702e+00
9.6384e+00
9.6026e+00
9.5668e+00
9.5349e+00
9.4951e+00
9.4553e+00
9.4195e+00
9.3877e+00
9.3478e+00
9.3160e+00
9.2841e+00
9.2522e+00
9.2163e+00
9.1805e+00
9.1406e+00
9.1087e+00
9.0728e+00
9.0409e+00
8.9970e+00
8.9611e+00
8.9331e+00
8.9052e+00
8.8692e+00
8.8293e+00
8.7893e+00
8.7614e+00
8.7294e+00
8.6974e+00
8.6614e+00
8.6334e+00
8.6014e+00
8.5614e+00
8.5294e+00
8.5014e+00
8.4694e+00
8.4374e+00
8.4053e+00
8.3733e+00
8.3333e+00
8.3012e+00
8.2611e+00
8.2331e+00
8.2010e+00
8.1649e+00
8.1288e+00
8.0927e+00
8.0486e+00
8.0125e+00
7.9804e+00
7.9443e+00
7.9081e+00
7.8760e+00
7.8238e+00
7.7957e+00
7.7675e+00
7.7233e+00
7.6831e+00
7.6510e+00
7.6188e+00
7.5786e+00
7.5424e+00
7.5102e+00
7.4699e+00
7.4337e+00
7.4055e+00
7.3653e+00
7.3250e+00
7.2927e+00
7.2525e+00
7.2202e+00
7.1839e+00
7.1476e+00
7.1154e+00
7.0750e+00
7.0347e+00
7.0065e+00
6.9621e+00
6.9338e+00
6.8894e+00
6.8530e+00
6.8167e+00
6.7884e+00
6.7480e+00
6.7116e+00
6.6752e+00
6.6388e+00
6.6065e+00
6.5660e+00
6.5256e+00
6.4973e+00
6.4608e+00
6.4244e+00
6.3839e+00
6.3515e+00
6.3272e+00
6.2907e+00
6.2502e+00
6.2178e+00
6.1894e+00
6.1529e+00
6.1205e+00
6.0881e+00
6.0637e+00
6.0272e+00
5.9907e+00
5.9582e+00
5.9217e+00
5.8973e+00
5.8648e+00
5.8283e+00
5.7917e+00
5.7592e+00
5.7226e+00
5.6901e+00
5.6617e+00
5.6291e+00
5.5966e+00
5.5640e+00
5.5356e+00
5.4989e+00
5.4664e+00
5.4338e+00
5.4013e+00
5.3687e+00
5.3402e+00
5.3076e+00
5.2668e+00
5.2383e+00
5.2098e+00
5.1731e+00
5.1364e+00
5.1038e+00
5.0793e+00
5.0426e+00
5.0059e+00
4.9773e+00
4.9406e+00
4.9038e+00
4.8712e+00
4.8426e+00
4.8017e+00
4.7690e+00
4.7364e+00
4.7037e+00
4.6710e+00
4.6342e+00
4.5974e+00
4.5646e+00
4.5319e+00
4.4910e+00
4.4623e+00
4.4296e+00
4.3928e+00
4.3600e+00
4.3313e+00
4.2986e+00
4.2617e+00
4.2289e+00
4.1920e+00
4.1592e+00
4.1223e+00
4.0854e+00
4.0567e+00
4.0239e+00
3.9911e+00
3.9582e+00
3.9213e+00
3.8884e+00
3.8474e+00
3.8104e+00
3.7775e+00
3.7447e+00
3.7077e+00
3.6707e+00
3.6296e+00
3.5926e+00
3.5514e+00
3.5268e+00
3.5021e+00
3.4568e+00
3.4198e+00
3.3786e+00
3.3415e+00
3.3086e+00
3.2839e+00
3.2509e+00
3.2179e+00
3.1809e+00
3.1396e+00
3.1066e+00
3.0695e+00
3.0365e+00
3.0035e+00
2.9705e+00
2.9334e+00
2.9004e+00
2.8632e+00
2.8343e+00
2.8054e+00
2.7723e+00
2.7351e+00
2.7062e+00
2.6732e+00
2.6360e+00
2.5987e+00
2.5739e+00
2.5408e+00
2.5077e+00
2.4746e+00
2.4457e+00
2.4126e+00
2.3753e+00
2.3505e+00
2.3215e+00
2.2883e+00
2.2552e+00
2.2262e+00
2.1889e+00
2.1516e+00
2.1226e+00
2.0977e+00
2.0645e+00
2.0231e+00
1.9940e+00
1.9567e+00
1.9276e+00
1.8903e+00
1.8612e+00
1.8238e+00
1.7906e+00
1.7574e+00
1.7200e+00
1.6867e+00
1.6535e+00
1.6202e+00
1.5953e+00
1.5537e+00
1.5204e+00
1.4955e+00
1.4580e+00
1.4247e+00
1.3914e+00
1.3623e+00
1.3373e+00
1.3082e+00
1.2748e+00
1.2457e+00
1.2165e+00
1.1790e+00
1.1540e+00
1.1248e+00
1.0873e+00
1.0539e+00
1.0289e+00
9.8721e-01
9.5800e-01
9.2462e-01
8.9958e-01
8.7036e-01
8.3696e-01
8.0773e-01
7.7432e-01
7.4508e-01
7.1584e-01
6.7823e-01
6.4062e-01
6.1972e-01
5.9046e-01
5.6119e-01
5.2773e-01
4.9845e-01
4.7754e-01
4.3570e-01
3.9804e-01
3.7711e-01
3.5199e-01
3.1850e-01
2.8081e-01
2.5149e-01
2.2217e-01
1.8865e-01
1.5932e-01
1.1741e-01
9.2253e-02
6.2905e-02
3.7745e-02
0000
