2.1629e+01
2.1615e+01
2.1615e+01
2.1601e+01
2.1594e+01
2.1573e+01
2.1559e+01
2.1544e+01
2.1537e+01
2.1523e+01
2.1502e+01
2.1495e+01
2.1481e+01
2.1460e+01
2.1446e+01
2.1432e+01
2.1417e+01
2.1403e+01
2.1389e+01
2.1375e+01
2.1368e+01
2.1347e+01
2.1333e+01
2.1312e+01
2.1297e+01
2.1283e+01
2.1269e+01
2.1248e+01
2.1234e+01
2.1213e+01
2.1206e+01
2.1198e+01
2.1184e+01
2.1170e+01
2.1163e+01
2.1142e+01
2.1128e+01
2.1107e+01
2.1092e+01
2.1064e+01
2.1043e+01
2.1036e+01
2.1015e+01
2.1001e+01
2.0993e+01
2.0965e+01
2.0951e+01
2.0930e+01
2.0923e+01
2.0909e+01
2.0902e+01
2.0887e+01
2.0873e+01
2.0845e+01
2.0831e+01
2.0817e+01
2.0802e+01
2.0781e+01
2.0767e+01
2.0753e+01
2.0746e+01
2.0732e+01
2.0710e+01
2.0689e+01
2.0682e+01
2.0661e+01
2.0647e+01
2.0633e+01
2.0618e+01
2.0604e+01
2.0590e+01
2.0569e+01
2.0562e+01
2.0540e+01
2.0526e+01
2.0512e+01
2.0491e+01
2.0484e+01
2.0462e+01
2.0448e+01
2.0448e+01
2.0427e+01
2.0413e+01
2.0399e+01
2.0392e+01
2.0370e+01
2.0356e+01
2.0342e+01
2.0335e+01
2.0306e+01
2.0292e+01
2.0285e+01
2.0271e+01
2.0257e+01
2.0236e+01
2.0221e+01
2.0207e+01
2.0193e+01
2.0179e+01
2.0165e+01
2.0150e+01
2.0136e+01
2.0129e+01
2.0101e+01
2.0094e+01
2.0072e+01
2.0051e+01
2.0037e+01
2.0023e+01
2.0008e+01
1.9994e+01
1.9987e+01
1.9973e+01
1.9959e+01
1.9937e+01
1.9916e+01
1.9909e+01
1.9902e+01
1.9881e+01
1.9866e+01
1.9845e+01
1.9831e+01
1.9824e+01
1.9809e+01
1.9795e+01
1.9788e+01
1.9774e+01
1.9760e+01
1.9746e+01
1.9731e+01
1.9717e+01
1.9703e+01
1.9696e+01
1.9674e+01
1.9660e+01
1.9639e+01
1.9632e+01
1.9618e+01
1.9610e+01
1.9596e+01
1.9575e+01
1.9568e+01
1.9561e+01
1.9539e+01
1.9511e+01
1.9504e+01
1.9504e+01
1.9489e+01
1.9475e+01
1.9454e+01
1.9440e+01
1.9425e+01
1.9411e+01
1.9404e+01
1.9404e+01
1.9383e+01
1.9368e+01
1.9361e+01
1.9354e+01
1.9340e+01
1.9326e+01
1.9311e+01
1.9297e+01
1.9290e+01
1.9276e+01
1.9262e+01
1.9254e+01
1.9240e+01
1.9226e+01
1.9212e+01
1.9212e+01
1.9197e+01
1.9176e+01
1.9162e+01
1.9155e+01
1.9148e+01
1.9133e+01
1.9133e+01
1.9119e+01
1.9098e+01
1.9098e+01
1.9091e+01
1.9076e+01
1.9062e+01
1.9048e+01
1.9034e+01
1.9026e+01
1.9012e+01
1.9005e+01
1.8984e+01
1.8976e+01
1.8969e+01
1.8955e+01
1.8948e+01
1.8934e+01
1.8919e+01
1.8905e+01
1.8891e+01
1.8891e+01
1.8869e+01
1.8855e+01
1.8841e+01
1.8827e+01
1.8820e+01
1.8812e+01
1.8798e+01
1.8784e+01
1.8777e+01
1.8762e+01
1.8748e+01
1.8741e+01
1.8734e+01
1.8712e+01
1.8698e+01
1.8691e+01
1.8684e+01
1.8670e+01
1.8655e+01
1.8648e+01
1.8627e+01
1.8620e+01
1.8605e+01
1.8591e+01
1.8584e+01
1.8570e+01
1.8555e+01
1.8548e+01
1.8534e+01
1.8520e+01
1.8505e+01
1.8498e+01
1.8484e+01
1.8470e+01
1.8455e+01
1.8448e+01
1.8434e+01
1.8420e+01
1.8405e+01
1.8398e+01
1.8384e+01
1.8377e+01
1.8362e+01
1.8355e+01
1.8348e+01
1.8334e+01
1.8312e+01
1.8312e+01
1.8298e+01
1.8284e+01
1.8269e+01
1.8255e+01
1.8248e+01
1.8234e+01
1.8212e+01
1.8205e+01
1.8198e+01
1.8183e+01
1.8169e+01
1.8162e+01
1.8141e+01
1.8126e+01
1.8119e+01
1.8105e+01
1.8098e+01
1.8083e+01
1.8076e+01
1.8062e+01
1.8047e+01
1.8033e+01
1.8012e+01
1.8005e+01
1.7990e+01
1.7976e+01
1.7969e+01
1.7947e+01
1.7933e+01
1.7926e+01
1.7911e+01
1.7897e+01
1.7883e+01
1.7876e+01
1.7861e+01
1.7840e+01
1.7825e+01
1.7811e+01
1.7790e+01
1.7775e+01
1.7768e+01
1.7739e+01
1.7725e+01
1.7711e+01
1.7696e+01
1.7682e+01
1.7661e+01
1.7639e+01
1.7625e+01
1.7617e+01
1.7596e+01
1.7567e+01
1.7553e+01
1.7539e+01
1.7524e+01
1.7496e+01
1.7481e+01
1.7460e+01
1.7445e+01
1.7431e+01
1.7402e+01
1.7388e+01
1.7373e+01
1.7352e+01
1.7330e+01
1.7309e+01
1.7294e+01
1.7280e+01
1.7251e+01
1.7237e+01
1.7223e+01
1.7194e+01
1.7180e+01
1.7165e+01
1.7144e+01
1.7122e+01
1.7108e+01
1.7086e+01
1.7057e+01
1.7043e+01
1.7029e+01
1.7007e+01
1.6978e+01
1.6957e+01
1.6935e+01
1.6906e+01
1.6899e+01
1.6878e+01
1.6849e+01
1.6834e+01
1.6813e+01
1.6791e+01
1.6777e+01
1.6762e+01
1.6741e+01
1.6719e+01
1.6705e+01
1.6683e+01
1.6662e+01
1.6640e+01
1.6626e+01
1.6611e+01
1.6590e+01
1.6575e+01
1.6546e+01
1.6525e+01
1.6525e+01
1.6503e+01
1.6474e+01
1.6460e+01
1.6445e+01
1.6424e+01
1.6402e+01
1.6395e+01
1.6373e+01
1.6352e+01
1.6337e+01
1.6316e+01
1.6294e+01
1.6280e+01
1.6265e+01
1.6244e+01
1.6229e+01
1.6215e+01
1.6186e+01
1.6171e+01
1.6150e+01
1.6128e+01
1.6114e+01
1.6106e+01
1.6092e+01
1.6070e+01
1.6049e+01
1.6034e+01
1.6020e+01
1.5998e+01
1.5998e+01
1.5976e+01
1.5955e+01
1.5948e+01
1.5933e+01
1.5911e+01
1.5897e+01
1.5883e+01
1.5861e+01
1.5846e+01
1.5832e+01
1.5825e+01
1.5803e+01
1.5789e+01
1.5767e+01
1.5752e+01
1.5738e+01
1.5731e+01
1.5716e+01
1.5695e+01
1.5687e+01
1.5680e+01
1.5666e+01
1.5651e+01
1.5630e+01
1.5622e+01
1.5608e+01
1.5593e+01
1.5579e+01
1.5564e+01
1.5557e+01
1.5543e+01
1.5528e+01
1.5507e+01
1.5492e+01
1.5492e+01
1.5470e+01
1.5456e+01
1.5449e+01
1.5434e+01
1.5412e+01
1.5398e+01
1.5384e+01
1.5362e+01
1.5340e+01
1.5333e+01
1.5311e+01
1.5297e+01
1.5282e+01
1.5268e+01
1.5253e+01
1.5239e+01
1.5224e+01
1.5210e+01
1.5195e+01
1.5166e+01
1.5144e+01
1.5144e+01
1.5123e+01
1.5101e+01
1.5079e+01
1.5072e+01
1.5050e+01
1.5036e+01
1.5021e+01
1.4999e+01
1.4985e+01
1.4963e+01
1.4941e+01
1.4934e+01
1.4912e+01
1.4898e+01
1.4869e+01
1.4854e+01
1.4833e+01
1.4811e+01
1.4796e+01
1.4782e+01
1.4760e+01
1.4738e+01
1.4724e+01
1.4709e+01
1.4695e+01
1.4673e+01
1.4651e+01
1.4629e+01
1.4608e+01
1.4593e+01
1.4564e+01
1.4535e+01
1.4535e+01
1.4520e+01
1.4491e+01
1.4470e+01
1.4455e+01
1.4426e+01
1.4404e+01
1.4390e+01
1.4375e+01
1.4353e+01
1.4331e+01
1.4317e+01
1.4288e+01
1.4266e+01
1.4251e+01
1.4230e+01
1.4208e+01
1.4193e+01
1.4164e+01
1.4150e+01
1.4128e+01
1.4106e+01
1.4091e+01
1.4070e+01
1.4048e+01
1.4033e+01
1.4011e+01
1.3997e+01
1.3975e+01
1.3946e+01
1.3931e+01
1.3924e+01
1.3887e+01
1.3873e+01
1.3858e+01
1.3844e+01
1.3829e+01
1.3807e+01
1.3793e+01
1.3771e+01
1.3756e+01
1.3749e+01
1.3734e+01
1.3713e+01
1.3691e+01
1.3676e+01
1.3662e+01
1.3640e+01
1.3625e+01
1.3610e+01
1.3589e+01
1.3574e+01
1.3559e+01
1.3545e+01
1.3523e+01
1.3508e+01
1.3501e+01
1.3486e+01
1.3465e+01
1.3450e+01
1.3435e+01
1.3428e+01
1.3406e+01
1.3392e+01
1.3370e+01
1.3355e+01
1.3340e+01
1.3319e+01
1.3304e+01
1.3289e+01
1.3282e+01
1.3267e+01
1.3238e+01
1.3224e+01
1.3216e+01
1.3209e+01
1.3187e+01
1.3172e+01
1.3151e+01
1.3143e+01
1.3129e+01
1.3114e+01
1.3092e+01
1.3070e+01
1.3056e+01
1.3041e+01
1.3026e+01
1.3012e+01
1.2990e+01
1.2975e+01
1.2968e+01
1.2953e+01
1.2931e+01
1.2917e+01
1.2902e+01
1.2880e+01
1.2873e+01
1.2858e+01
1.2836e+01
1.2829e+01
1.2821e+01
1.2807e+01
1.2785e+01
1.2778e+01
1.2756e+01
1.2734e+01
1.2726e+01
1.2719e+01
1.2697e+01
1.2690e+01
1.2668e+01
1.2660e+01
1.2646e+01
1.2624e+01
1.2609e+01
1.2595e+01
1.2580e+01
1.2565e+01
1.2551e+01
1.2521e+01
1.2521e+01
1.2521e+01
1.2492e+01
1.2477e+01
1.2477e+01
1.2463e+01
1.2441e+01
1.2433e+01
1.2419e+01
1.2404e+01
1.2397e+01
1.2382e+01
1.2360e+01
1.2353e+01
1.2338e+01
1.2323e+01
1.2323e+01
1.2309e+01
1.2287e+01
1.2272e+01
1.2265e+01
1.2257e+01
1.2235e+01
1.2221e+01
1.2213e+01
1.2206e+01
1.2184e+01
1.2169e+01
1.2155e+01
1.2140e+01
1.2125e+01
1.2125e+01
1.2103e+01
1.2081e+01
1.2074e+01
1.2067e+01
1.2052e+01
1.2030e+01
1.2023e+01
1.2008e+01
1.1993e+01
1.1979e+01
1.1964e+01
1.1949e+01
1.1934e+01
1.1920e+01
1.1905e+01
1.1890e+01
1.1876e+01
1.1868e+01
1.1854e+01
1.1839e+01
1.1824e+01
1.1817e+01
1.1795e+01
1.1780e+01
1.1773e+01
1.1765e+01
1.1743e+01
1.1736e+01
1.1729e+01
1.1707e+01
1.1692e+01
1.1677e+01
1.1677e+01
1.1663e+01
1.1648e+01
1.1633e+01
1.1626e+01
1.1611e+01
1.1596e+01
1.1589e+01
1.1574e+01
1.1560e+01
1.1538e+01
1.1523e+01
1.1508e+01
1.1501e+01
1.1486e+01
1.1479e+01
1.1479e+01
1.1464e+01
1.1449e+01
1.1442e+01
1.1427e+01
1.1412e+01
1.1405e+01
1.1390e+01
1.1368e+01
1.1354e+01
1.1354e+01
1.1346e+01
1.1324e+01
1.1317e+01
1.1302e+01
1.1287e+01
1.1273e+01
1.1273e+01
1.1265e+01
1.1243e+01
1.1236e+01
1.1221e+01
1.1206e+01
1.1206e+01
1.1184e+01
1.1177e+01
1.1162e+01
1.1140e+01
1.1125e+01
1.1125e+01
1.1111e+01
1.1096e+01
1.1088e+01
1.1074e+01
1.1059e+01
1.1037e+01
1.1029e+01
1.1029e+01
1.1015e+01
1.0993e+01
1.0978e+01
1.0978e+01
1.0970e+01
1.0956e+01
1.0941e+01
1.0926e+01
1.0919e+01
1.0904e+01
1.0897e+01
1.0882e+01
1.0867e+01
1.0867e+01
1.0845e+01
1.0845e+01
1.0830e+01
1.0808e+01
1.0801e+01
1.0801e+01
1.0786e+01
1.0771e+01
1.0757e+01
1.0742e+01
1.0734e+01
1.0727e+01
1.0720e+01
1.0698e+01
1.0683e+01
1.0668e+01
1.0661e+01
1.0646e+01
1.0638e+01
1.0631e+01
1.0609e+01
1.0609e+01
1.0587e+01
1.0565e+01
1.0557e+01
1.0542e+01
1.0528e+01
1.0520e+01
1.0506e+01
1.0498e+01
1.0483e+01
1.0476e+01
1.0461e+01
1.0454e+01
1.0439e+01
1.0417e+01
1.0395e+01
1.0387e+01
1.0373e+01
1.0365e+01
1.0343e+01
1.0328e+01
1.0313e+01
1.0306e+01
1.0291e+01
1.0262e+01
1.0247e+01
1.0239e+01
1.0225e+01
1.0210e+01
1.0195e+01
1.0180e+01
1.0173e+01
1.0165e+01
1.0143e+01
1.0128e+01
1.0106e+01
1.0099e+01
1.0077e+01
1.0069e+01
1.0054e+01
1.0032e+01
1.0025e+01
1.0017e+01
9.9952e+00
9.9878e+00
9.9656e+00
9.9582e+00
9.9434e+00
9.9286e+00
9.9138e+00
9.9064e+00
9.8916e+00
9.8694e+00
9.8620e+00
9.8546e+00
9.8397e+00
9.8323e+00
9.8175e+00
9.8101e+00
9.7953e+00
9.7879e+00
9.7731e+00
9.7582e+00
9.7434e+00
9.7360e+00
9.7138e+00
9.7064e+00
9.6990e+00
9.6915e+00
9.6767e+00
9.6619e+00
9.6471e+00
9.6322e+00
9.6248e+00
9.6100e+00
9.6026e+00
9.5952e+00
9.5803e+00
9.5655e+00
9.5507e+00
9.5507e+00
9.5432e+00
9.5358e+00
9.5210e+00
9.5136e+00
9.4987e+00
9.4913e+00
9.4839e+00
9.4765e+00
9.4765e+00
9.4617e+00
9.4542e+00
9.4468e+00
9.4246e+00
9.4320e+00
9.4171e+00
9.4097e+00
9.3949e+00
9.3874e+00
9.3800e+00
9.3652e+00
9.3652e+00
9.3578e+00
9.3429e+00
9.3429e+00
9.3355e+00
9.3206e+00
9.3206e+00
9.3206e+00
9.3206e+00
9.3132e+00
9.2984e+00
9.2984e+00
9.2835e+00
9.2761e+00
9.2687e+00
9.2687e+00
9.2761e+00
9.2613e+00
9.2538e+00
9.2464e+00
9.2390e+00
9.2390e+00
9.2315e+00
9.2241e+00
9.2167e+00
9.2241e+00
9.2167e+00
9.2018e+00
9.2018e+00
9.2018e+00
9.1944e+00
9.1944e+00
9.1870e+00
9.1870e+00
9.1870e+00
9.1796e+00
9.1721e+00
9.1647e+00
9.1647e+00
9.1647e+00
9.1573e+00
9.1647e+00
9.1573e+00
9.1424e+00
9.1350e+00
9.1424e+00
9.1350e+00
9.1276e+00
9.1201e+00
9.1276e+00
9.1127e+00
9.0978e+00
9.0904e+00
9.0904e+00
9.0830e+00
9.0755e+00
9.0755e+00
9.0830e+00
9.0755e+00
9.0607e+00
9.0607e+00
9.0533e+00
9.0458e+00
9.0458e+00
9.0458e+00
9.0310e+00
9.0235e+00
9.0161e+00
9.0161e+00
9.0161e+00
9.0087e+00
9.0012e+00
9.0012e+00
8.9938e+00
8.9938e+00
8.9864e+00
8.9715e+00
8.9715e+00
8.9566e+00
8.9492e+00
8.9418e+00
8.9343e+00
8.9269e+00
8.9269e+00
8.9194e+00
8.9194e+00
8.9046e+00
8.9046e+00
8.9046e+00
8.8897e+00
8.8823e+00
8.8748e+00
8.8674e+00
8.8600e+00
8.8600e+00
8.8525e+00
8.8451e+00
8.8451e+00
8.8376e+00
8.8302e+00
8.8302e+00
8.8153e+00
8.8153e+00
8.8153e+00
8.8004e+00
8.7856e+00
8.7781e+00
8.7707e+00
8.7558e+00
8.7558e+00
8.7484e+00
8.7409e+00
8.7335e+00
8.7335e+00
8.7186e+00
8.7037e+00
8.7037e+00
8.6963e+00
8.6963e+00
8.6963e+00
8.6814e+00
8.6739e+00
8.6665e+00
8.6591e+00
8.6442e+00
8.6442e+00
8.6442e+00
8.6293e+00
8.6144e+00
8.5995e+00
8.5921e+00
8.5921e+00
8.5846e+00
8.5772e+00
8.5697e+00
8.5772e+00
8.5548e+00
8.5325e+00
8.5325e+00
8.5250e+00
8.5176e+00
8.5027e+00
8.4878e+00
8.4803e+00
8.4729e+00
8.4580e+00
8.4505e+00
8.4431e+00
8.4356e+00
8.4282e+00
8.4207e+00
8.4133e+00
8.3984e+00
8.3909e+00
8.3835e+00
8.3686e+00
8.3537e+00
8.3462e+00
8.3388e+00
8.3239e+00
8.3164e+00
8.3164e+00
8.3015e+00
8.2940e+00
8.2866e+00
8.2791e+00
8.2717e+00
8.2568e+00
8.2493e+00
8.2419e+00
8.2344e+00
8.2195e+00
8.2046e+00
8.1971e+00
8.1822e+00
8.1747e+00
8.1747e+00
8.1598e+00
8.1449e+00
8.1300e+00
8.1300e+00
8.1225e+00
8.1151e+00
8.1076e+00
8.0927e+00
8.0852e+00
8.0778e+00
8.0628e+00
8.0405e+00
8.0330e+00
8.0330e+00
8.0330e+00
8.0031e+00
7.9882e+00
7.9733e+00
7.9658e+00
7.9583e+00
7.9509e+00
7.9360e+00
7.9360e+00
7.9285e+00
7.9136e+00
7.8986e+00
7.8837e+00
7.8762e+00
7.8688e+00
7.8538e+00
7.8463e+00
7.8314e+00
7.8165e+00
7.8090e+00
7.8015e+00
7.7941e+00
7.7866e+00
7.7717e+00
7.7642e+00
7.7567e+00
7.7492e+00
7.7418e+00
7.7268e+00
7.7194e+00
7.7194e+00
7.7119e+00
7.7044e+00
7.6895e+00
7.6820e+00
7.6670e+00
7.6596e+00
7.6596e+00
7.6521e+00
7.6446e+00
7.6371e+00
7.6371e+00
7.6297e+00
7.6222e+00
7.6147e+00
7.6072e+00
7.5923e+00
7.5848e+00
7.5848e+00
7.5923e+00
7.5923e+00
7.5773e+00
7.5773e+00
7.5773e+00
7.5699e+00
7.5699e+00
7.5699e+00
7.5624e+00
7.5624e+00
7.5549e+00
7.5474e+00
7.5474e+00
7.5549e+00
7.5474e+00
7.5399e+00
7.5399e+00
7.5399e+00
7.5399e+00
7.5325e+00
7.5399e+00
7.5250e+00
7.5325e+00
7.5325e+00
7.5325e+00
7.5325e+00
7.5250e+00
7.5175e+00
7.5250e+00
7.5250e+00
7.5250e+00
7.5250e+00
7.5250e+00
7.5250e+00
7.5325e+00
7.5325e+00
7.5250e+00
7.5250e+00
7.5250e+00
7.5175e+00
7.5175e+00
7.5250e+00
7.5250e+00
7.5175e+00
7.5175e+00
7.5175e+00
7.5175e+00
7.5175e+00
7.5100e+00
7.5026e+00
7.5026e+00
7.5100e+00
7.5100e+00
7.5100e+00
7.5100e+00
7.5100e+00
7.5026e+00
7.5026e+00
7.5026e+00
7.5026e+00
7.5026e+00
7.4951e+00
7.4951e+00
7.4876e+00
7.4801e+00
7.4876e+00
7.4951e+00
7.4801e+00
7.4726e+00
7.4726e+00
7.4726e+00
7.4726e+00
7.4652e+00
7.4652e+00
7.4577e+00
7.4577e+00
7.4577e+00
7.4427e+00
7.4427e+00
7.4427e+00
7.4352e+00
7.4278e+00
7.4278e+00
7.4203e+00
7.4128e+00
7.4053e+00
7.4053e+00
7.4053e+00
7.3978e+00
7.3903e+00
7.3903e+00
7.3754e+00
7.3679e+00
7.3679e+00
7.3604e+00
7.3604e+00
7.3529e+00
7.3454e+00
7.3380e+00
7.3305e+00
7.3230e+00
7.3230e+00
7.3155e+00
7.3080e+00
7.2931e+00
7.2931e+00
7.2856e+00
7.2706e+00
7.2706e+00
7.2556e+00
7.2481e+00
7.2407e+00
7.2332e+00
7.2332e+00
7.2332e+00
7.2182e+00
7.2182e+00
7.2107e+00
7.1957e+00
7.1957e+00
7.1807e+00
7.1733e+00
7.1658e+00
7.1658e+00
7.1583e+00
7.1508e+00
7.1433e+00
7.1283e+00
7.1283e+00
7.1208e+00
7.1058e+00
7.0984e+00
7.0984e+00
7.0834e+00
7.0759e+00
7.0684e+00
7.0609e+00
7.0459e+00
7.0384e+00
7.0384e+00
7.0234e+00
7.0084e+00
7.0010e+00
7.0010e+00
6.9860e+00
6.9710e+00
6.9635e+00
6.9560e+00
6.9485e+00
6.9335e+00
6.9260e+00
6.9185e+00
6.9035e+00
6.9035e+00
6.8885e+00
6.8660e+00
6.8585e+00
6.8435e+00
6.8285e+00
6.8135e+00
6.8135e+00
6.7985e+00
6.7910e+00
6.7760e+00
6.7685e+00
6.7610e+00
6.7535e+00
6.7385e+00
6.7235e+00
6.7160e+00
6.7010e+00
6.6935e+00
6.6860e+00
6.6710e+00
6.6635e+00
6.6410e+00
6.6335e+00
6.6259e+00
6.6109e+00
6.5959e+00
6.5809e+00
6.5734e+00
6.5584e+00
6.5509e+00
6.5359e+00
6.5208e+00
6.5058e+00
6.4908e+00
6.4833e+00
6.4683e+00
6.4457e+00
6.4307e+00
6.4232e+00
6.4082e+00
6.3932e+00
6.3856e+00
6.3706e+00
6.3556e+00
6.3406e+00
6.3330e+00
6.3105e+00
6.3030e+00
6.2880e+00
6.2654e+00
6.2579e+00
6.2429e+00
6.2353e+00
6.2128e+00
6.1977e+00
6.1902e+00
6.1677e+00
6.1601e+00
6.1451e+00
6.1225e+00
6.1075e+00
6.1075e+00
6.0925e+00
6.0699e+00
6.0548e+00
6.0398e+00
6.0172e+00
6.0022e+00
5.9946e+00
5.9796e+00
5.9570e+00
5.9420e+00
5.9344e+00
5.9119e+00
5.9119e+00
5.9043e+00
5.8817e+00
5.8667e+00
5.8441e+00
5.8290e+00
5.8140e+00
5.8064e+00
5.7989e+00
5.7763e+00
5.7613e+00
5.7537e+00
5.7311e+00
5.7161e+00
5.7010e+00
5.6935e+00
5.6784e+00
5.6633e+00
5.6407e+00
5.6332e+00
5.6181e+00
5.6030e+00
5.5804e+00
5.5729e+00
5.5578e+00
5.5427e+00
5.5276e+00
5.5126e+00
5.4975e+00
5.4824e+00
5.4673e+00
5.4522e+00
5.4447e+00
5.4372e+00
5.4145e+00
5.3994e+00
5.3919e+00
5.3768e+00
5.3617e+00
5.3466e+00
5.3315e+00
5.3240e+00
5.3014e+00
5.2863e+00
5.2787e+00
5.2636e+00
5.2485e+00
5.2410e+00
5.2259e+00
5.2108e+00
5.1881e+00
5.1806e+00
5.1730e+00
5.1655e+00
5.1428e+00
5.1277e+00
5.1202e+00
5.1126e+00
5.0824e+00
5.0749e+00
5.0673e+00
5.0597e+00
5.0371e+00
5.0220e+00
5.0069e+00
4.9993e+00
4.9842e+00
4.9691e+00
4.9540e+00
4.9389e+00
4.9313e+00
4.9237e+00
4.9011e+00
4.8935e+00
4.8859e+00
4.8708e+00
4.8633e+00
4.8482e+00
4.8330e+00
4.8179e+00
4.8028e+00
4.7877e+00
4.7801e+00
4.7650e+00
4.7574e+00
4.7423e+00
4.7347e+00
4.7196e+00
4.7045e+00
4.6893e+00
4.6742e+00
4.6742e+00
4.6515e+00
4.6364e+00
4.6288e+00
4.6061e+00
4.5985e+00
4.5910e+00
4.5834e+00
4.5683e+00
4.5531e+00
4.5455e+00
4.5304e+00
4.5228e+00
4.5077e+00
4.5001e+00
4.4850e+00
4.4774e+00
4.4698e+00
4.4547e+00
4.4471e+00
4.4320e+00
4.4168e+00
4.4093e+00
4.3941e+00
4.3941e+00
4.3790e+00
4.3638e+00
4.3638e+00
4.3562e+00
4.3335e+00
4.3259e+00
4.3108e+00
4.3032e+00
4.2956e+00
4.2805e+00
4.2729e+00
4.2653e+00
4.2577e+00
4.2426e+00
4.2274e+00
4.2198e+00
4.2047e+00
4.1971e+00
4.1819e+00
4.1744e+00
4.1668e+00
4.1592e+00
4.1440e+00
4.1364e+00
4.1289e+00
4.1213e+00
4.1061e+00
4.0985e+00
4.0910e+00
4.0758e+00
4.0606e+00
4.0454e+00
4.0379e+00
4.0379e+00
4.0303e+00
4.0151e+00
3.9999e+00
3.9923e+00
3.9848e+00
3.9772e+00
3.9696e+00
3.9468e+00
3.9392e+00
3.9392e+00
3.9241e+00
3.9165e+00
3.8937e+00
3.8861e+00
3.8709e+00
3.8557e+00
3.8482e+00
3.8406e+00
3.8330e+00
3.8178e+00
3.8026e+00
3.8026e+00
3.7874e+00
3.7722e+00
3.7570e+00
3.7419e+00
3.7343e+00
3.7191e+00
3.7115e+00
3.7115e+00
3.6963e+00
3.6811e+00
3.6659e+00
3.6583e+00
3.6507e+00
3.6431e+00
3.6279e+00
3.6127e+00
3.5975e+00
3.5899e+00
3.5823e+00
3.5747e+00
3.5671e+00
3.5595e+00
3.5443e+00
3.5291e+00
3.5215e+00
3.5139e+00
3.4987e+00
3.4835e+00
3.4759e+00
3.4683e+00
3.4607e+00
3.4455e+00
3.4455e+00
3.4303e+00
3.4303e+00
3.4151e+00
3.3999e+00
3.3999e+00
3.3847e+00
3.3694e+00
3.3542e+00
3.3466e+00
3.3314e+00
3.3238e+00
3.3162e+00
3.3086e+00
3.3010e+00
3.2934e+00
3.2782e+00
3.2706e+00
3.2629e+00
3.2553e+00
3.2401e+00
3.2325e+00
3.2249e+00
3.2097e+00
3.2021e+00
3.1944e+00
3.1792e+00
3.1640e+00
3.1640e+00
3.1564e+00
3.1488e+00
3.1336e+00
3.1183e+00
3.1107e+00
3.0955e+00
3.0879e+00
3.0803e+00
3.0726e+00
3.0650e+00
3.0574e+00
3.0422e+00
3.0346e+00
3.0346e+00
3.0269e+00
3.0041e+00
2.9889e+00
2.9812e+00
2.9736e+00
2.9584e+00
2.9584e+00
2.9431e+00
2.9355e+00
2.9279e+00
2.9127e+00
2.9051e+00
2.8974e+00
2.8822e+00
2.8746e+00
2.8669e+00
2.8593e+00
2.8441e+00
2.8365e+00
2.8288e+00
2.8288e+00
2.8212e+00
2.8212e+00
2.8136e+00
2.7983e+00
2.7907e+00
2.7831e+00
2.7678e+00
2.7678e+00
2.7678e+00
2.7526e+00
2.7450e+00
2.7373e+00
2.7297e+00
2.7221e+00
2.7145e+00
2.7068e+00
2.6992e+00
2.6916e+00
2.6763e+00
2.6763e+00
2.6687e+00
2.6611e+00
2.6535e+00
2.6458e+00
2.6306e+00
2.6306e+00
2.6153e+00
2.6077e+00
2.6001e+00
2.5848e+00
2.5924e+00
2.5848e+00
2.5772e+00
2.5772e+00
2.5695e+00
2.5695e+00
2.5619e+00
2.5466e+00
2.5390e+00
2.5237e+00
2.5085e+00
2.5085e+00
2.5008e+00
2.4932e+00
2.4780e+00
2.4780e+00
2.4780e+00
2.4627e+00
2.4550e+00
2.4474e+00
2.4398e+00
2.4321e+00
2.4245e+00
2.4092e+00
2.4016e+00
2.3940e+00
2.3863e+00
2.3940e+00
2.3787e+00
2.3711e+00
2.3634e+00
2.3558e+00
2.3481e+00
2.3405e+00
2.3329e+00
2.3252e+00
2.3176e+00
2.3176e+00
2.3176e+00
2.3023e+00
2.2870e+00
2.2870e+00
2.2870e+00
2.2718e+00
2.2565e+00
2.2565e+00
2.2412e+00
2.2336e+00
2.2336e+00
2.2259e+00
2.2183e+00
2.2030e+00
2.1954e+00
2.1954e+00
2.1877e+00
2.1724e+00
2.1648e+00
2.1648e+00
2.1571e+00
2.1495e+00
2.1419e+00
2.1342e+00
2.1266e+00
2.1189e+00
2.1036e+00
2.1036e+00
2.0960e+00
2.0883e+00
2.0730e+00
2.0730e+00
2.0730e+00
2.0578e+00
2.0501e+00
2.0425e+00
2.0348e+00
2.0272e+00
2.0119e+00
2.0042e+00
1.9966e+00
1.9966e+00
1.9889e+00
1.9813e+00
1.9736e+00
1.9660e+00
1.9507e+00
1.9354e+00
1.9430e+00
1.9354e+00
1.9277e+00
1.9201e+00
1.9124e+00
1.9048e+00
1.8895e+00
1.8818e+00
1.8895e+00
1.8818e+00
1.8665e+00
1.8589e+00
1.8436e+00
1.8359e+00
1.8283e+00
1.8206e+00
1.8206e+00
1.8053e+00
1.8053e+00
1.7976e+00
1.7823e+00
1.7747e+00
1.7670e+00
1.7594e+00
1.7517e+00
1.7364e+00
1.7287e+00
1.7211e+00
1.7134e+00
1.7058e+00
1.6981e+00
1.6828e+00
1.6675e+00
1.6675e+00
1.6598e+00
1.6445e+00
1.6445e+00
1.6445e+00
1.6292e+00
1.6139e+00
1.6062e+00
1.5909e+00
1.5832e+00
1.5756e+00
1.5679e+00
1.5602e+00
1.5526e+00
1.5449e+00
1.5373e+00
1.5219e+00
1.5219e+00
1.5143e+00
1.4989e+00
1.4989e+00
1.4913e+00
1.4759e+00
1.4606e+00
1.4606e+00
1.4453e+00
1.4453e+00
1.4376e+00
1.4300e+00
1.4146e+00
1.3993e+00
1.3993e+00
1.3916e+00
1.3763e+00
1.3686e+00
1.3610e+00
1.3456e+00
1.3533e+00
1.3456e+00
1.3303e+00
1.3149e+00
1.3073e+00
1.2919e+00
1.2843e+00
1.2843e+00
1.2843e+00
1.2689e+00
1.2613e+00
1.2613e+00
1.2459e+00
1.2306e+00
1.2152e+00
1.2229e+00
1.2229e+00
1.2075e+00
1.1999e+00
1.1922e+00
1.1769e+00
1.1769e+00
1.1692e+00
1.1615e+00
1.1538e+00
1.1385e+00
1.1385e+00
1.1231e+00
1.1155e+00
1.1001e+00
1.0924e+00
1.0848e+00
1.0771e+00
1.0771e+00
1.0617e+00
1.0617e+00
1.0540e+00
1.0387e+00
1.0310e+00
1.0157e+00
1.0080e+00
1.0003e+00
9.8494e-01
9.7726e-01
9.6958e-01
9.6190e-01
9.5422e-01
9.3886e-01
9.3118e-01
9.2350e-01
9.1581e-01
9.0813e-01
8.9277e-01
8.8509e-01
8.7740e-01
8.6204e-01
8.5435e-01
8.5435e-01
8.3898e-01
8.2362e-01
8.1593e-01
8.0825e-01
8.0056e-01
7.9288e-01
7.7750e-01
7.6982e-01
7.6213e-01
7.5445e-01
7.4676e-01
7.3907e-01
7.2370e-01
7.1601e-01
7.0832e-01
7.0063e-01
6.8525e-01
6.8525e-01
6.7757e-01
6.6219e-01
6.5450e-01
6.3912e-01
6.3143e-01
6.2374e-01
6.1605e-01
6.0066e-01
6.0066e-01
5.8528e-01
5.7759e-01
5.6989e-01
5.6220e-01
5.5451e-01
5.5451e-01
5.3912e-01
5.2374e-01
5.1604e-01
5.0835e-01
4.9296e-01
4.8526e-01
4.7757e-01
4.6987e-01
4.6218e-01
4.5448e-01
4.4678e-01
4.3909e-01
4.3139e-01
4.1600e-01
4.0830e-01
4.0060e-01
3.8521e-01
3.7751e-01
3.6981e-01
3.6211e-01
3.4671e-01
3.3131e-01
3.2361e-01
3.0821e-01
3.0821e-01
3.0051e-01
2.8511e-01
2.8511e-01
2.6971e-01
2.6201e-01
2.6201e-01
2.4660e-01
2.3120e-01
2.2349e-01
2.1579e-01
2.0809e-01
1.8497e-01
1.8497e-01
1.8497e-01
1.7727e-01
1.6956e-01
1.5415e-01
1.4645e-01
1.3874e-01
1.2333e-01
1.1562e-01
1.1562e-01
9.2504e-02
8.4797e-02
7.7089e-02
7.7089e-02
6.1673e-02
4.6256e-02
4.6256e-02
3.8547e-02
3.8547e-02
1.5419e-02
7.7100e-03
7.7100e-03
0000
