3.4526e+01
3.4487e+01
3.4444e+01
3.4397e+01
3.4354e+01
3.4312e+01
3.4280e+01
3.4241e+01
3.4202e+01
3.4163e+01
3.4121e+01
3.4085e+01
3.4046e+01
3.4004e+01
3.3961e+01
3.3922e+01
3.3894e+01
3.3851e+01
3.3804e+01
3.3761e+01
3.3718e+01
3.3683e+01
3.3644e+01
3.3605e+01
3.3558e+01
3.3515e+01
3.3484e+01
3.3445e+01
3.3402e+01
3.3370e+01
3.3327e+01
3.3280e+01
3.3245e+01
3.3214e+01
3.3170e+01
3.3123e+01
3.3088e+01
3.3049e+01
3.3006e+01
3.2959e+01
3.2923e+01
3.2892e+01
3.2853e+01
3.2813e+01
3.2778e+01
3.2735e+01
3.2691e+01
3.2656e+01
3.2621e+01
3.2581e+01
3.2542e+01
3.2495e+01
3.2451e+01
3.2408e+01
3.2369e+01
3.2322e+01
3.2286e+01
3.2251e+01
3.2207e+01
3.2172e+01
3.2124e+01
3.2097e+01
3.2049e+01
3.1998e+01
3.1967e+01
3.1931e+01
3.1892e+01
3.1852e+01
3.1813e+01
3.1769e+01
3.1741e+01
3.1710e+01
3.1670e+01
3.1643e+01
3.1611e+01
3.1567e+01
3.1524e+01
3.1484e+01
3.1453e+01
3.1425e+01
3.1389e+01
3.1350e+01
3.1314e+01
3.1271e+01
3.1231e+01
3.1191e+01
3.1163e+01
3.1128e+01
3.1092e+01
3.1052e+01
3.1021e+01
3.0981e+01
3.0941e+01
3.0910e+01
3.0882e+01
3.0842e+01
3.0794e+01
3.0755e+01
3.0715e+01
3.0687e+01
3.0659e+01
3.0623e+01
3.0588e+01
3.0548e+01
3.0512e+01
3.0484e+01
3.0444e+01
3.0405e+01
3.0369e+01
3.0349e+01
3.0313e+01
3.0273e+01
3.0241e+01
3.0201e+01
3.0169e+01
3.0134e+01
3.0094e+01
3.0050e+01
3.0018e+01
2.9982e+01
2.9950e+01
2.9918e+01
2.9878e+01
2.9834e+01
2.9802e+01
2.9770e+01
2.9734e+01
2.9706e+01
2.9674e+01
2.9638e+01
2.9598e+01
2.9562e+01
2.9534e+01
2.9494e+01
2.9462e+01
2.9422e+01
2.9390e+01
2.9354e+01
2.9310e+01
2.9286e+01
2.9246e+01
2.9206e+01
2.9174e+01
2.9134e+01
2.9102e+01
2.9066e+01
2.9033e+01
2.9005e+01
2.8973e+01
2.8937e+01
2.8905e+01
2.8865e+01
2.8837e+01
2.8805e+01
2.8756e+01
2.8724e+01
2.8688e+01
2.8656e+01
2.8624e+01
2.8587e+01
2.8559e+01
2.8527e+01
2.8499e+01
2.8471e+01
2.8447e+01
2.8414e+01
2.8394e+01
2.8358e+01
2.8322e+01
2.8290e+01
2.8257e+01
2.8225e+01
2.8189e+01
2.8157e+01
2.8128e+01
2.8096e+01
2.8060e+01
2.8019e+01
2.7987e+01
2.7959e+01
2.7931e+01
2.7894e+01
2.7862e+01
2.7821e+01
2.7785e+01
2.7753e+01
2.7720e+01
2.7680e+01
2.7644e+01
2.7619e+01
2.7583e+01
2.7547e+01
2.7510e+01
2.7474e+01
2.7441e+01
2.7409e+01
2.7368e+01
2.7336e+01
2.7308e+01
2.7271e+01
2.7243e+01
2.7210e+01
2.7186e+01
2.7146e+01
2.7097e+01
2.7077e+01
2.7052e+01
2.7020e+01
2.6983e+01
2.6955e+01
2.6926e+01
2.6894e+01
2.6866e+01
2.6829e+01
2.6796e+01
2.6760e+01
2.6723e+01
2.6691e+01
2.6666e+01
2.6626e+01
2.6593e+01
2.6561e+01
2.6532e+01
2.6500e+01
2.6467e+01
2.6443e+01
2.6406e+01
2.6369e+01
2.6333e+01
2.6296e+01
2.6268e+01
2.6239e+01
2.6202e+01
2.6174e+01
2.6137e+01
2.6104e+01
2.6072e+01
2.6039e+01
2.6011e+01
2.5974e+01
2.5941e+01
2.5913e+01
2.5880e+01
2.5847e+01
2.5815e+01
2.5774e+01
2.5745e+01
2.5708e+01
2.5680e+01
2.5647e+01
2.5614e+01
2.5586e+01
2.5549e+01
2.5520e+01
2.5488e+01
2.5455e+01
2.5430e+01
2.5393e+01
2.5361e+01
2.5332e+01
2.5307e+01
2.5270e+01
2.5242e+01
2.5209e+01
2.5176e+01
2.5148e+01
2.5111e+01
2.5074e+01
2.5049e+01
2.5020e+01
2.4983e+01
2.4942e+01
2.4914e+01
2.4881e+01
2.4848e+01
2.4815e+01
2.4790e+01
2.4762e+01
2.4733e+01
2.4700e+01
2.4667e+01
2.4634e+01
2.4597e+01
2.4568e+01
2.4540e+01
2.4511e+01
2.4486e+01
2.4461e+01
2.4433e+01
2.4404e+01
2.4379e+01
2.4354e+01
2.4342e+01
2.4313e+01
2.4297e+01
2.4264e+01
2.4227e+01
2.4202e+01
2.4169e+01
2.4140e+01
2.4124e+01
2.4099e+01
2.4066e+01
2.4033e+01
2.4016e+01
2.3992e+01
2.3967e+01
2.3934e+01
2.3913e+01
2.3884e+01
2.3860e+01
2.3835e+01
2.3810e+01
2.3781e+01
2.3760e+01
2.3736e+01
2.3715e+01
2.3690e+01
2.3674e+01
2.3641e+01
2.3620e+01
2.3595e+01
2.3570e+01
2.3541e+01
2.3521e+01
2.3500e+01
2.3483e+01
2.3450e+01
2.3421e+01
2.3396e+01
2.3376e+01
2.3351e+01
2.3322e+01
2.3297e+01
2.3281e+01
2.3252e+01
2.3227e+01
2.3206e+01
2.3194e+01
2.3160e+01
2.3135e+01
2.3123e+01
2.3102e+01
2.3082e+01
2.3069e+01
2.3048e+01
2.3032e+01
2.3019e+01
2.3003e+01
2.2990e+01
2.2982e+01
2.2965e+01
2.2957e+01
2.2949e+01
2.2928e+01
2.2916e+01
2.2911e+01
2.2891e+01
2.2882e+01
2.2866e+01
2.2849e+01
2.2837e+01
2.2824e+01
2.2799e+01
2.2774e+01
2.2754e+01
2.2737e+01
2.2716e+01
2.2687e+01
2.2658e+01
2.2629e+01
2.2604e+01
2.2579e+01
2.2550e+01
2.2529e+01
2.2500e+01
2.2467e+01
2.2442e+01
2.2413e+01
2.2384e+01
2.2363e+01
2.2334e+01
2.2304e+01
2.2284e+01
2.2246e+01
2.2217e+01
2.2196e+01
2.2167e+01
2.2138e+01
2.2113e+01
2.2092e+01
2.2063e+01
2.2025e+01
2.2000e+01
2.1975e+01
2.1942e+01
2.1912e+01
2.1892e+01
2.1854e+01
2.1825e+01
2.1796e+01
2.1766e+01
2.1741e+01
2.1716e+01
2.1695e+01
2.1662e+01
2.1624e+01
2.1595e+01
2.1566e+01
2.1541e+01
2.1507e+01
2.1478e+01
2.1449e+01
2.1415e+01
2.1382e+01
2.1361e+01
2.1336e+01
2.1306e+01
2.1281e+01
2.1248e+01
2.1218e+01
2.1193e+01
2.1164e+01
2.1134e+01
2.1105e+01
2.1072e+01
2.1038e+01
2.1025e+01
2.0992e+01
2.0967e+01
2.0937e+01
2.0916e+01
2.0887e+01
2.0858e+01
2.0837e+01
2.0803e+01
2.0774e+01
2.0753e+01
2.0723e+01
2.0706e+01
2.0677e+01
2.0648e+01
2.0614e+01
2.0601e+01
2.0576e+01
2.0543e+01
2.0521e+01
2.0492e+01
2.0463e+01
2.0442e+01
2.0412e+01
2.0395e+01
2.0366e+01
2.0336e+01
2.0320e+01
2.0290e+01
2.0269e+01
2.0252e+01
2.0223e+01
2.0197e+01
2.0172e+01
2.0151e+01
2.0122e+01
2.0105e+01
2.0084e+01
2.0067e+01
2.0050e+01
2.0029e+01
2.0012e+01
1.9995e+01
1.9966e+01
1.9949e+01
1.9932e+01
1.9911e+01
1.9885e+01
1.9868e+01
1.9847e+01
1.9830e+01
1.9814e+01
1.9797e+01
1.9784e+01
1.9763e+01
1.9750e+01
1.9733e+01
1.9708e+01
1.9691e+01
1.9678e+01
1.9666e+01
1.9662e+01
1.9640e+01
1.9619e+01
1.9611e+01
1.9590e+01
1.9569e+01
1.9556e+01
1.9552e+01
1.9535e+01
1.9514e+01
1.9492e+01
1.9471e+01
1.9467e+01
1.9459e+01
1.9442e+01
1.9429e+01
1.9416e+01
1.9399e+01
1.9370e+01
1.9357e+01
1.9340e+01
1.9332e+01
1.9306e+01
1.9294e+01
1.9281e+01
1.9260e+01
1.9234e+01
1.9217e+01
1.9209e+01
1.9192e+01
1.9171e+01
1.9154e+01
1.9133e+01
1.9116e+01
1.9099e+01
1.9077e+01
1.9048e+01
1.9039e+01
1.9018e+01
1.9001e+01
1.8980e+01
1.8959e+01
1.8938e+01
1.8916e+01
1.8895e+01
1.8874e+01
1.8861e+01
1.8840e+01
1.8810e+01
1.8798e+01
1.8781e+01
1.8759e+01
1.8730e+01
1.8700e+01
1.8674e+01
1.8662e+01
1.8645e+01
1.8619e+01
1.8598e+01
1.8581e+01
1.8560e+01
1.8530e+01
1.8504e+01
1.8483e+01
1.8458e+01
1.8428e+01
1.8407e+01
1.8394e+01
1.8364e+01
1.8347e+01
1.8326e+01
1.8309e+01
1.8283e+01
1.8253e+01
1.8241e+01
1.8215e+01
1.8194e+01
1.8172e+01
1.8138e+01
1.8121e+01
1.8104e+01
1.8074e+01
1.8049e+01
1.8032e+01
1.8006e+01
1.7981e+01
1.7959e+01
1.7938e+01
1.7912e+01
1.7883e+01
1.7865e+01
1.7840e+01
1.7810e+01
1.7789e+01
1.7763e+01
1.7737e+01
1.7712e+01
1.7686e+01
1.7661e+01
1.7643e+01
1.7609e+01
1.7579e+01
1.7554e+01
1.7532e+01
1.7507e+01
1.7485e+01
1.7455e+01
1.7430e+01
1.7404e+01
1.7378e+01
1.7348e+01
1.7331e+01
1.7306e+01
1.7280e+01
1.7254e+01
1.7233e+01
1.7207e+01
1.7177e+01
1.7152e+01
1.7126e+01
1.7100e+01
1.7070e+01
1.7044e+01
1.7014e+01
1.6993e+01
1.6972e+01
1.6937e+01
1.6920e+01
1.6899e+01
1.6864e+01
1.6843e+01
1.6813e+01
1.6779e+01
1.6761e+01
1.6731e+01
1.6706e+01
1.6680e+01
1.6654e+01
1.6628e+01
1.6602e+01
1.6572e+01
1.6547e+01
1.6521e+01
1.6495e+01
1.6474e+01
1.6448e+01
1.6426e+01
1.6405e+01
1.6370e+01
1.6357e+01
1.6336e+01
1.6306e+01
1.6280e+01
1.6254e+01
1.6228e+01
1.6207e+01
1.6177e+01
1.6142e+01
1.6116e+01
1.6095e+01
1.6069e+01
1.6047e+01
1.6022e+01
1.5996e+01
1.5970e+01
1.5953e+01
1.5918e+01
1.5888e+01
1.5875e+01
1.5845e+01
1.5819e+01
1.5797e+01
1.5767e+01
1.5741e+01
1.5724e+01
1.5698e+01
1.5668e+01
1.5646e+01
1.5620e+01
1.5594e+01
1.5564e+01
1.5543e+01
1.5517e+01
1.5482e+01
1.5456e+01
1.5430e+01
1.5413e+01
1.5387e+01
1.5357e+01
1.5335e+01
1.5309e+01
1.5275e+01
1.5249e+01
1.5218e+01
1.5192e+01
1.5171e+01
1.5145e+01
1.5123e+01
1.5093e+01
1.5071e+01
1.5049e+01
1.5019e+01
1.4997e+01
1.4971e+01
1.4937e+01
1.4911e+01
1.4889e+01
1.4872e+01
1.4846e+01
1.4820e+01
1.4798e+01
1.4772e+01
1.4746e+01
1.4729e+01
1.4703e+01
1.4672e+01
1.4646e+01
1.4616e+01
1.4590e+01
1.4564e+01
1.4546e+01
1.4524e+01
1.4503e+01
1.4468e+01
1.4442e+01
1.4425e+01
1.4394e+01
1.4368e+01
1.4346e+01
1.4320e+01
1.4294e+01
1.4272e+01
1.4255e+01
1.4229e+01
1.4203e+01
1.4181e+01
1.4155e+01
1.4133e+01
1.4107e+01
1.4081e+01
1.4055e+01
1.4029e+01
1.4007e+01
1.3985e+01
1.3963e+01
1.3937e+01
1.3911e+01
1.3889e+01
1.3867e+01
1.3846e+01
1.3819e+01
1.3793e+01
1.3780e+01
1.3745e+01
1.3719e+01
1.3693e+01
1.3671e+01
1.3645e+01
1.3614e+01
1.3597e+01
1.3571e+01
1.3544e+01
1.3523e+01
1.3496e+01
1.3483e+01
1.3461e+01
1.3427e+01
1.3405e+01
1.3383e+01
1.3361e+01
1.3330e+01
1.3304e+01
1.3287e+01
1.3269e+01
1.3243e+01
1.3217e+01
1.3186e+01
1.3160e+01
1.3133e+01
1.3112e+01
1.3090e+01
1.3068e+01
1.3050e+01
1.3020e+01
1.2989e+01
1.2958e+01
1.2941e+01
1.2919e+01
1.2893e+01
1.2862e+01
1.2840e+01
1.2818e+01
1.2787e+01
1.2765e+01
1.2744e+01
1.2717e+01
1.2682e+01
1.2656e+01
1.2638e+01
1.2608e+01
1.2590e+01
1.2568e+01
1.2537e+01
1.2511e+01
1.2493e+01
1.2463e+01
1.2423e+01
1.2401e+01
1.2375e+01
1.2353e+01
1.2326e+01
1.2300e+01
1.2278e+01
1.2252e+01
1.2225e+01
1.2195e+01
1.2168e+01
1.2142e+01
1.2120e+01
1.2098e+01
1.2076e+01
1.2049e+01
1.2018e+01
1.1996e+01
1.1970e+01
1.1948e+01
1.1930e+01
1.1900e+01
1.1869e+01
1.1838e+01
1.1829e+01
1.1811e+01
1.1789e+01
1.1767e+01
1.1750e+01
1.1728e+01
1.1701e+01
1.1684e+01
1.1666e+01
1.1639e+01
1.1613e+01
1.1591e+01
1.1569e+01
1.1547e+01
1.1525e+01
1.1498e+01
1.1481e+01
1.1458e+01
1.1436e+01
1.1414e+01
1.1388e+01
1.1361e+01
1.1344e+01
1.1326e+01
1.1299e+01
1.1286e+01
1.1255e+01
1.1233e+01
1.1220e+01
1.1198e+01
1.1176e+01
1.1158e+01
1.1140e+01
1.1114e+01
1.1083e+01
1.1061e+01
1.1052e+01
1.1025e+01
1.0999e+01
1.0977e+01
1.0959e+01
1.0932e+01
1.0915e+01
1.0892e+01
1.0866e+01
1.0839e+01
1.0826e+01
1.0804e+01
1.0782e+01
1.0755e+01
1.0733e+01
1.0711e+01
1.0693e+01
1.0671e+01
1.0649e+01
1.0635e+01
1.0613e+01
1.0591e+01
1.0564e+01
1.0547e+01
1.0529e+01
1.0511e+01
1.0484e+01
1.0462e+01
1.0444e+01
1.0418e+01
1.0400e+01
1.0369e+01
1.0347e+01
1.0329e+01
1.0302e+01
1.0280e+01
1.0258e+01
1.0231e+01
1.0213e+01
1.0191e+01
1.0165e+01
1.0142e+01
1.0125e+01
1.0102e+01
1.0085e+01
1.0053e+01
1.0036e+01
1.0013e+01
9.9866e+00
9.9688e+00
9.9466e+00
9.9288e+00
9.9110e+00
9.8887e+00
9.8664e+00
9.8442e+00
9.8174e+00
9.7996e+00
9.7818e+00
9.7640e+00
9.7461e+00
9.7239e+00
9.6927e+00
9.6659e+00
9.6525e+00
9.6302e+00
9.6079e+00
9.5901e+00
9.5678e+00
9.5455e+00
9.5232e+00
9.5053e+00
9.4786e+00
9.4607e+00
9.4429e+00
9.4205e+00
9.3938e+00
9.3670e+00
9.3536e+00
9.3312e+00
9.3134e+00
9.2910e+00
9.2732e+00
9.2553e+00
9.2285e+00
9.2062e+00
9.1838e+00
9.1659e+00
9.1480e+00
9.1212e+00
9.0989e+00
9.0720e+00
9.0541e+00
9.0228e+00
9.0139e+00
8.9870e+00
8.9647e+00
8.9468e+00
8.9244e+00
8.8975e+00
8.8751e+00
8.8572e+00
8.8349e+00
8.8080e+00
8.7811e+00
8.7587e+00
8.7408e+00
8.7184e+00
8.6960e+00
8.6736e+00
8.6512e+00
8.6243e+00
8.6063e+00
8.5884e+00
8.5615e+00
8.5391e+00
8.5167e+00
8.5032e+00
8.4853e+00
8.4538e+00
8.4359e+00
8.4135e+00
8.3955e+00
8.3641e+00
8.3416e+00
8.3102e+00
8.2878e+00
8.2608e+00
8.2339e+00
8.2114e+00
8.1844e+00
8.1710e+00
8.1440e+00
8.1215e+00
8.0991e+00
8.0766e+00
8.0451e+00
8.0136e+00
7.9956e+00
7.9686e+00
7.9416e+00
7.9192e+00
7.8922e+00
7.8651e+00
7.8426e+00
7.8246e+00
7.8021e+00
7.7751e+00
7.7436e+00
7.7211e+00
7.6940e+00
7.6715e+00
7.6445e+00
7.6219e+00
7.5949e+00
7.5634e+00
7.5498e+00
7.5228e+00
7.4957e+00
7.4732e+00
7.4506e+00
7.4236e+00
7.3965e+00
7.3739e+00
7.3423e+00
7.3198e+00
7.2972e+00
7.2746e+00
7.2475e+00
7.2295e+00
7.2069e+00
7.1843e+00
7.1662e+00
7.1346e+00
7.1120e+00
7.0894e+00
7.0668e+00
7.0487e+00
7.0216e+00
6.9990e+00
6.9719e+00
6.9448e+00
6.9221e+00
6.9086e+00
6.8769e+00
6.8543e+00
6.8316e+00
6.8090e+00
6.7864e+00
6.7683e+00
6.7456e+00
6.7185e+00
6.7004e+00
6.6777e+00
6.6596e+00
6.6415e+00
6.6143e+00
6.5917e+00
6.5690e+00
6.5463e+00
6.5191e+00
6.5055e+00
6.4783e+00
6.4511e+00
6.4239e+00
6.4058e+00
6.3831e+00
6.3604e+00
6.3468e+00
6.3241e+00
6.2969e+00
6.2787e+00
6.2606e+00
6.2379e+00
6.2152e+00
6.1925e+00
6.1698e+00
6.1516e+00
6.1289e+00
6.1107e+00
6.0926e+00
6.0653e+00
6.0381e+00
6.0244e+00
6.0017e+00
5.9835e+00
5.9608e+00
5.9381e+00
5.9062e+00
5.8926e+00
5.8653e+00
5.8380e+00
5.8244e+00
5.8062e+00
5.7834e+00
5.7515e+00
5.7242e+00
5.6969e+00
5.6787e+00
5.6605e+00
5.6286e+00
5.6150e+00
5.5922e+00
5.5740e+00
5.5466e+00
5.5147e+00
5.4965e+00
5.4828e+00
5.4601e+00
5.4418e+00
5.4145e+00
5.3917e+00
5.3643e+00
5.3461e+00
5.3141e+00
5.3005e+00
5.2731e+00
5.2548e+00
5.2138e+00
5.2001e+00
5.1727e+00
5.1544e+00
5.1362e+00
5.1270e+00
5.0905e+00
5.0768e+00
5.0540e+00
5.0265e+00
4.9991e+00
4.9717e+00
4.9443e+00
4.9214e+00
4.8940e+00
4.8712e+00
4.8391e+00
4.8163e+00
4.7888e+00
4.7660e+00
4.7385e+00
4.7156e+00
4.6973e+00
4.6699e+00
4.6470e+00
4.6241e+00
4.6058e+00
4.5783e+00
4.5554e+00
4.5371e+00
4.5096e+00
4.4821e+00
4.4638e+00
4.4409e+00
4.4180e+00
4.3951e+00
4.3676e+00
4.3492e+00
4.3309e+00
4.3125e+00
4.2896e+00
4.2713e+00
4.2575e+00
4.2346e+00
4.2162e+00
4.1979e+00
4.1841e+00
4.1703e+00
4.1520e+00
4.1382e+00
4.1198e+00
4.1015e+00
4.0831e+00
4.0694e+00
4.0602e+00
4.0510e+00
4.0418e+00
4.0280e+00
4.0188e+00
4.0142e+00
4.0097e+00
4.0097e+00
4.0097e+00
4.0142e+00
4.0188e+00
4.0326e+00
4.0326e+00
4.0510e+00
4.0648e+00
4.0831e+00
4.0923e+00
4.1198e+00
4.1428e+00
4.1795e+00
4.2070e+00
4.2483e+00
4.2850e+00
4.3263e+00
4.3676e+00
4.4180e+00
4.4684e+00
4.5234e+00
4.5692e+00
4.6333e+00
4.6973e+00
4.7614e+00
4.8209e+00
4.9032e+00
4.9671e+00
5.0448e+00
5.1270e+00
5.2092e+00
5.2868e+00
5.3780e+00
5.4646e+00
5.5649e+00
5.6651e+00
5.7652e+00
5.8607e+00
5.9699e+00
6.0699e+00
6.1789e+00
6.2833e+00
6.3922e+00
6.5010e+00
6.6052e+00
6.7049e+00
6.8181e+00
6.9267e+00
7.0442e+00
7.1527e+00
7.2656e+00
7.3739e+00
7.4822e+00
7.5949e+00
7.7121e+00
7.8156e+00
7.9327e+00
8.0406e+00
8.1530e+00
8.2653e+00
8.3731e+00
8.4718e+00
8.5884e+00
8.6960e+00
8.7945e+00
8.8931e+00
8.9870e+00
9.0720e+00
9.1615e+00
9.2374e+00
9.3178e+00
9.3982e+00
9.4786e+00
9.5500e+00
9.6213e+00
9.6927e+00
9.7595e+00
9.8308e+00
9.8976e+00
9.9733e+00
1.0031e+01
1.0085e+01
1.0160e+01
1.0218e+01
1.0276e+01
1.0342e+01
1.0396e+01
1.0453e+01
1.0507e+01
1.0551e+01
1.0609e+01
1.0657e+01
1.0697e+01
1.0746e+01
1.0790e+01
1.0848e+01
1.0892e+01
1.0937e+01
1.0977e+01
1.1012e+01
1.1056e+01
1.1092e+01
1.1123e+01
1.1171e+01
1.1202e+01
1.1242e+01
1.1273e+01
1.1304e+01
1.1335e+01
1.1366e+01
1.1397e+01
1.1432e+01
1.1458e+01
1.1494e+01
1.1511e+01
1.1534e+01
1.1560e+01
1.1595e+01
1.1622e+01
1.1635e+01
1.1657e+01
1.1684e+01
1.1706e+01
1.1732e+01
1.1754e+01
1.1776e+01
1.1785e+01
1.1803e+01
1.1820e+01
1.1833e+01
1.1851e+01
1.1873e+01
1.1886e+01
1.1900e+01
1.1908e+01
1.1913e+01
1.1926e+01
1.1948e+01
1.1952e+01
1.1961e+01
1.1970e+01
1.1979e+01
1.1983e+01
1.1988e+01
1.1988e+01
1.1988e+01
1.1996e+01
1.1996e+01
1.2001e+01
1.1988e+01
1.1996e+01
1.2010e+01
1.2001e+01
1.1996e+01
1.1996e+01
1.1996e+01
1.2001e+01
1.2001e+01
1.1992e+01
1.1983e+01
1.1970e+01
1.1970e+01
1.1970e+01
1.1966e+01
1.1957e+01
1.1939e+01
1.1930e+01
1.1917e+01
1.1908e+01
1.1891e+01
1.1878e+01
1.1860e+01
1.1842e+01
1.1825e+01
1.1803e+01
1.1785e+01
1.1781e+01
1.1754e+01
1.1736e+01
1.1714e+01
1.1692e+01
1.1679e+01
1.1653e+01
1.1613e+01
1.1600e+01
1.1578e+01
1.1560e+01
1.1529e+01
1.1503e+01
1.1485e+01
1.1454e+01
1.1419e+01
1.1388e+01
1.1361e+01
1.1335e+01
1.1291e+01
1.1277e+01
1.1246e+01
1.1215e+01
1.1180e+01
1.1149e+01
1.1114e+01
1.1069e+01
1.1038e+01
1.1012e+01
1.0977e+01
1.0946e+01
1.0919e+01
1.0892e+01
1.0853e+01
1.0808e+01
1.0773e+01
1.0742e+01
1.0702e+01
1.0671e+01
1.0631e+01
1.0600e+01
1.0560e+01
1.0524e+01
1.0489e+01
1.0449e+01
1.0413e+01
1.0378e+01
1.0342e+01
1.0298e+01
1.0258e+01
1.0218e+01
1.0182e+01
1.0151e+01
1.0116e+01
1.0080e+01
1.0031e+01
9.9911e+00
9.9644e+00
9.9199e+00
9.8753e+00
9.8397e+00
9.8041e+00
9.7595e+00
9.7239e+00
9.6882e+00
9.6570e+00
9.6213e+00
9.5812e+00
9.5410e+00
9.4964e+00
9.4652e+00
9.4250e+00
9.3938e+00
9.3536e+00
9.3223e+00
9.2866e+00
9.2419e+00
9.2106e+00
9.1659e+00
9.1257e+00
9.0899e+00
9.0497e+00
9.0139e+00
8.9826e+00
8.9512e+00
8.9110e+00
8.8751e+00
8.8393e+00
8.7990e+00
8.7632e+00
8.7363e+00
8.6915e+00
8.6512e+00
8.6243e+00
8.5839e+00
8.5480e+00
8.5122e+00
8.4673e+00
8.4404e+00
8.4090e+00
8.3776e+00
8.3506e+00
8.3192e+00
8.2788e+00
8.2428e+00
8.2024e+00
8.1665e+00
8.1395e+00
8.1080e+00
8.0676e+00
8.0361e+00
8.0046e+00
7.9686e+00
7.9416e+00
7.9147e+00
7.8742e+00
7.8426e+00
7.8021e+00
7.7841e+00
7.7571e+00
7.7166e+00
7.6805e+00
7.6490e+00
7.6174e+00
7.5904e+00
7.5679e+00
7.5363e+00
7.5047e+00
7.4732e+00
7.4506e+00
7.4190e+00
7.3784e+00
7.3559e+00
7.3288e+00
7.3062e+00
7.2791e+00
7.2475e+00
7.2159e+00
7.1888e+00
7.1662e+00
7.1346e+00
7.1165e+00
7.0849e+00
7.0533e+00
7.0171e+00
6.9900e+00
6.9674e+00
6.9312e+00
6.9086e+00
6.8814e+00
6.8543e+00
6.8407e+00
6.8181e+00
6.7819e+00
6.7592e+00
6.7366e+00
6.7140e+00
6.7004e+00
6.6596e+00
6.6279e+00
6.6143e+00
6.5871e+00
6.5645e+00
6.5373e+00
6.5146e+00
6.4919e+00
6.4602e+00
6.4285e+00
6.4149e+00
6.3967e+00
6.3650e+00
6.3287e+00
6.3105e+00
6.2969e+00
6.2651e+00
6.2334e+00
6.2152e+00
6.1925e+00
6.1698e+00
6.1471e+00
6.1244e+00
6.0971e+00
6.0789e+00
6.0653e+00
6.0381e+00
6.0199e+00
6.0062e+00
5.9790e+00
5.9562e+00
5.9426e+00
5.9335e+00
5.9199e+00
5.9108e+00
5.9017e+00
5.8835e+00
5.8698e+00
5.8698e+00
5.8562e+00
5.8471e+00
5.8471e+00
5.8425e+00
5.8380e+00
5.8334e+00
5.8380e+00
5.8380e+00
5.8380e+00
5.8425e+00
5.8471e+00
5.8562e+00
5.8607e+00
5.8698e+00
5.8744e+00
5.8880e+00
5.8971e+00
5.9062e+00
5.9062e+00
5.9244e+00
5.9381e+00
5.9426e+00
5.9517e+00
5.9699e+00
5.9881e+00
6.0062e+00
6.0153e+00
6.0335e+00
6.0562e+00
6.0699e+00
6.0744e+00
6.1017e+00
6.1198e+00
6.1380e+00
6.1562e+00
6.1698e+00
6.1834e+00
6.2016e+00
6.2243e+00
6.2379e+00
6.2561e+00
6.2742e+00
6.2878e+00
6.3105e+00
6.3196e+00
6.3423e+00
6.3604e+00
6.3740e+00
6.3876e+00
6.4058e+00
6.4330e+00
6.4421e+00
6.4557e+00
6.4783e+00
6.4919e+00
6.5101e+00
6.5146e+00
6.5327e+00
6.5463e+00
6.5599e+00
6.5735e+00
6.5871e+00
6.6052e+00
6.6143e+00
6.6188e+00
6.6234e+00
6.6279e+00
6.6370e+00
6.6370e+00
6.6415e+00
6.6505e+00
6.6460e+00
6.6460e+00
6.6505e+00
6.6505e+00
6.6596e+00
6.6505e+00
6.6505e+00
6.6551e+00
6.6505e+00
6.6415e+00
6.6415e+00
6.6324e+00
6.6324e+00
6.6324e+00
6.6234e+00
6.6188e+00
6.6052e+00
6.5962e+00
6.5917e+00
6.5871e+00
6.5826e+00
6.5690e+00
6.5690e+00
6.5599e+00
6.5463e+00
6.5327e+00
6.5282e+00
6.5237e+00
6.5010e+00
6.4919e+00
6.4874e+00
6.4829e+00
6.4602e+00
6.4511e+00
6.4421e+00
6.4239e+00
6.4149e+00
6.3967e+00
6.3922e+00
6.3740e+00
6.3559e+00
6.3468e+00
6.3332e+00
6.3151e+00
6.3014e+00
6.2924e+00
6.2787e+00
6.2606e+00
6.2424e+00
6.2243e+00
6.2152e+00
6.2016e+00
6.1834e+00
6.1789e+00
6.1698e+00
6.1471e+00
6.1289e+00
6.1153e+00
6.0926e+00
6.0653e+00
6.0517e+00
6.0426e+00
6.0290e+00
6.0017e+00
5.9881e+00
5.9699e+00
5.9517e+00
5.9381e+00
5.9108e+00
5.8926e+00
5.8789e+00
5.8562e+00
5.8380e+00
5.8062e+00
5.7834e+00
5.7743e+00
5.7515e+00
5.7242e+00
5.7015e+00
5.6833e+00
5.6651e+00
5.6423e+00
5.6195e+00
5.6013e+00
5.5694e+00
5.5466e+00
5.5193e+00
5.4965e+00
5.4737e+00
5.4509e+00
5.4281e+00
5.4053e+00
5.3825e+00
5.3552e+00
5.3233e+00
5.3005e+00
5.2685e+00
5.2503e+00
5.2320e+00
5.1955e+00
5.1635e+00
5.1499e+00
5.1270e+00
5.0951e+00
5.0722e+00
5.0448e+00
5.0128e+00
4.9946e+00
4.9671e+00
4.9397e+00
4.9077e+00
4.8803e+00
4.8529e+00
4.8209e+00
4.7934e+00
4.7660e+00
4.7385e+00
4.7111e+00
4.6790e+00
4.6561e+00
4.6287e+00
4.6012e+00
4.5646e+00
4.5279e+00
4.4959e+00
4.4684e+00
4.4409e+00
4.4134e+00
4.3905e+00
4.3676e+00
4.3355e+00
4.3080e+00
4.2804e+00
4.2483e+00
4.2300e+00
4.2025e+00
4.1703e+00
4.1428e+00
4.1153e+00
4.0923e+00
4.0510e+00
4.0280e+00
4.0005e+00
3.9729e+00
3.9407e+00
3.9224e+00
3.8902e+00
3.8626e+00
3.8396e+00
3.8075e+00
3.7799e+00
3.7477e+00
3.7201e+00
3.6879e+00
3.6557e+00
3.6327e+00
3.6097e+00
3.5820e+00
3.5452e+00
3.5268e+00
3.4992e+00
3.4623e+00
3.4439e+00
3.4163e+00
3.3886e+00
3.3610e+00
3.3379e+00
3.3149e+00
3.2872e+00
3.2642e+00
3.2319e+00
3.2042e+00
3.1719e+00
3.1443e+00
3.1166e+00
3.0981e+00
3.0704e+00
3.0474e+00
3.0197e+00
2.9873e+00
2.9643e+00
2.9319e+00
2.9134e+00
2.8857e+00
2.8488e+00
2.8303e+00
2.8026e+00
2.7794e+00
2.7610e+00
2.7332e+00
2.7055e+00
2.6824e+00
2.6546e+00
2.6222e+00
2.5991e+00
2.5713e+00
2.5482e+00
2.5251e+00
2.4880e+00
2.4602e+00
2.4371e+00
2.4047e+00
2.3769e+00
2.3537e+00
2.3259e+00
2.2981e+00
2.2703e+00
2.2518e+00
2.2286e+00
2.2054e+00
2.1730e+00
2.1405e+00
2.1266e+00
2.0988e+00
2.0709e+00
2.0524e+00
2.0292e+00
2.0013e+00
1.9781e+00
1.9503e+00
1.9131e+00
1.8946e+00
1.8667e+00
1.8342e+00
1.8156e+00
1.7970e+00
1.7738e+00
1.7552e+00
1.7320e+00
1.7041e+00
1.6762e+00
1.6529e+00
1.6343e+00
1.6111e+00
1.5832e+00
1.5599e+00
1.5320e+00
1.5134e+00
1.4762e+00
1.4576e+00
1.4343e+00
1.4064e+00
1.3877e+00
1.3598e+00
1.3365e+00
1.3086e+00
1.2853e+00
1.2620e+00
1.2340e+00
1.2107e+00
1.1874e+00
1.1641e+00
1.1408e+00
1.1268e+00
1.1035e+00
1.0756e+00
1.0476e+00
1.0289e+00
1.0056e+00
9.8226e-01
9.5894e-01
9.3560e-01
9.0760e-01
8.8426e-01
8.6092e-01
8.3758e-01
8.0956e-01
7.8621e-01
7.6286e-01
7.3483e-01
7.1614e-01
7.0213e-01
6.6942e-01
6.4605e-01
6.2268e-01
5.9463e-01
5.8061e-01
5.5255e-01
5.2917e-01
5.0111e-01
4.7304e-01
4.5901e-01
4.3562e-01
4.1222e-01
3.8882e-01
3.7010e-01
3.4202e-01
3.2329e-01
2.9989e-01
2.6711e-01
2.4838e-01
2.3901e-01
2.1559e-01
1.9217e-01
1.6406e-01
1.5000e-01
1.3126e-01
1.1251e-01
8.9077e-02
6.5639e-02
4.6887e-02
2.8134e-02
0000
