3.6721e+00
3.6636e+00
3.6579e+00
3.6493e+00
3.6465e+00
3.6379e+00
3.6237e+00
3.6095e+00
3.5895e+00
3.5668e+00
3.5468e+00
3.5269e+00
3.5070e+00
3.4899e+00
3.4699e+00
3.4500e+00
3.4243e+00
3.3958e+00
3.3702e+00
3.3502e+00
3.3274e+00
3.2960e+00
3.2703e+00
3.2475e+00
3.2190e+00
3.1904e+00
3.1647e+00
3.1305e+00
3.0991e+00
3.0734e+00
3.0448e+00
3.0162e+00
2.9819e+00
2.9533e+00
2.9247e+00
2.8847e+00
2.8504e+00
2.8189e+00
2.7817e+00
2.7445e+00
2.7130e+00
2.6815e+00
2.6471e+00
2.6099e+00
2.5755e+00
2.5439e+00
2.5067e+00
2.4723e+00
2.4292e+00
2.3804e+00
2.3431e+00
2.3058e+00
2.2656e+00
2.2254e+00
2.1909e+00
2.1478e+00
2.0989e+00
2.0587e+00
2.0184e+00
1.9724e+00
1.9292e+00
1.8860e+00
1.8399e+00
1.7939e+00
1.7478e+00
1.7074e+00
1.6642e+00
1.6238e+00
1.5776e+00
1.5315e+00
1.4911e+00
1.4362e+00
1.3842e+00
1.3467e+00
1.3062e+00
1.2599e+00
1.2050e+00
1.1616e+00
1.1211e+00
1.0690e+00
1.0198e+00
9.6766e-01
9.2710e-01
8.8363e-01
8.3435e-01
7.7926e-01
7.2995e-01
6.8642e-01
6.4289e-01
5.9063e-01
5.4416e-01
5.0058e-01
4.5118e-01
4.1048e-01
3.6105e-01
3.2324e-01
2.8251e-01
2.4758e-01
2.0975e-01
1.7481e-01
1.3986e-01
1.1365e-01
9.6169e-02
7.2861e-02
4.3721e-02
2.9149e-02
8.7450e-03
1.1660e-02
2.9150e-03
8.7450e-03
0000
1.1660e-02
1.7490e-02
3.4978e-02
5.2463e-02
8.1602e-02
1.0782e-01
1.5151e-01
1.8063e-01
2.3594e-01
2.7669e-01
3.3487e-01
3.7850e-01
4.4536e-01
4.9477e-01
5.6449e-01
6.1385e-01
6.8932e-01
7.5605e-01
8.3145e-01
8.8943e-01
9.6187e-01
1.0227e+00
1.0951e+00
1.1703e+00
1.2513e+00
1.3235e+00
1.4102e+00
1.4882e+00
1.5834e+00
1.6670e+00
1.7737e+00
1.8687e+00
1.9695e+00
2.0759e+00
2.1794e+00
2.2771e+00
2.3891e+00
2.4895e+00
2.5927e+00
2.6958e+00
2.7931e+00
2.8818e+00
2.9791e+00
3.0676e+00
3.1590e+00
3.2447e+00
3.3388e+00
3.4243e+00
3.5269e+00
3.6123e+00
3.7148e+00
3.8029e+00
3.9052e+00
3.9848e+00
4.0699e+00
4.1522e+00
4.2401e+00
4.3223e+00
4.3988e+00
4.4639e+00
4.5516e+00
4.6167e+00
4.6902e+00
4.7467e+00
4.8201e+00
4.8850e+00
4.9471e+00
5.0007e+00
5.0656e+00
5.1163e+00
5.1811e+00
5.2234e+00
5.2712e+00
5.3163e+00
5.3501e+00
5.3782e+00
5.4148e+00
5.4457e+00
5.4738e+00
5.4963e+00
5.5244e+00
5.5497e+00
5.5722e+00
5.5975e+00
5.6199e+00
5.6452e+00
5.6621e+00
5.6817e+00
5.7042e+00
5.7182e+00
5.7323e+00
5.7491e+00
5.7744e+00
5.7968e+00
5.8277e+00
5.8557e+00
5.8893e+00
5.9202e+00
5.9594e+00
5.9931e+00
6.0435e+00
6.0771e+00
6.1247e+00
6.1667e+00
6.2310e+00
6.2898e+00
6.3680e+00
6.4351e+00
6.5496e+00
6.6417e+00
6.7504e+00
6.8535e+00
6.9761e+00
7.0762e+00
7.2069e+00
7.3319e+00
7.4652e+00
7.5816e+00
7.7313e+00
7.8641e+00
8.0218e+00
8.1627e+00
8.3338e+00
8.4826e+00
8.6616e+00
8.8404e+00
9.0629e+00
9.2987e+00
9.5671e+00
9.7748e+00
9.9795e+00
1.0176e+01
1.0399e+01
1.0597e+01
1.0831e+01
1.1050e+01
1.1275e+01
1.1488e+01
1.1742e+01
1.1976e+01
1.2240e+01
1.2497e+01
1.2779e+01
1.3083e+01
1.3430e+01
1.3803e+01
1.4217e+01
1.4587e+01
1.4915e+01
1.5239e+01
1.5541e+01
1.5843e+01
1.6105e+01
1.6374e+01
1.6629e+01
1.6931e+01
1.7238e+01
1.7596e+01
1.8007e+01
1.8396e+01
1.8710e+01
1.9018e+01
1.9304e+01
1.9583e+01
1.9861e+01
2.0126e+01
2.0385e+01
2.0659e+01
2.0912e+01
2.1178e+01
2.1460e+01
2.1742e+01
2.2074e+01
2.2384e+01
2.2709e+01
2.3041e+01
2.3387e+01
2.3685e+01
2.3985e+01
2.4282e+01
2.4568e+01
2.4859e+01
2.5134e+01
2.5423e+01
2.5690e+01
2.5961e+01
2.6224e+01
2.6495e+01
2.6762e+01
2.7019e+01
2.7263e+01
2.7524e+01
2.7763e+01
2.8020e+01
2.8258e+01
2.8520e+01
2.8752e+01
2.9003e+01
2.9251e+01
2.9527e+01
2.9798e+01
3.0066e+01
3.0303e+01
3.0558e+01
3.0784e+01
3.1027e+01
3.1265e+01
3.1509e+01
3.1738e+01
3.1951e+01
3.2168e+01
3.2352e+01
3.2527e+01
3.2720e+01
3.2901e+01
3.3073e+01
3.3247e+01
3.3422e+01
3.3584e+01
3.3736e+01
3.3896e+01
3.4077e+01
3.4259e+01
3.4441e+01
3.4651e+01
3.4867e+01
3.5098e+01
3.5369e+01
3.5647e+01
3.5944e+01
3.6280e+01
3.6639e+01
3.7027e+01
3.7447e+01
3.7898e+01
3.8373e+01
3.8894e+01
3.9447e+01
4.0032e+01
4.0651e+01
4.1350e+01
4.2074e+01
4.2835e+01
4.3685e+01
4.4530e+01
4.5404e+01
4.6242e+01
4.7183e+01
4.8134e+01
4.9152e+01
5.0168e+01
5.1281e+01
5.2410e+01
5.3510e+01
5.4555e+01
5.5717e+01
5.6873e+01
5.8086e+01
5.9254e+01
6.0447e+01
6.1741e+01
6.3024e+01
6.4168e+01
6.5419e+01
6.6629e+01
6.7807e+01
6.8924e+01
7.0082e+01
7.1149e+01
7.2245e+01
7.3265e+01
7.4284e+01
7.5265e+01
7.6172e+01
7.7104e+01
7.8008e+01
7.8935e+01
7.9934e+01
8.0988e+01
8.1998e+01
8.2927e+01
8.3800e+01
8.4618e+01
8.5440e+01
8.6155e+01
8.6893e+01
8.7582e+01
8.8218e+01
8.8841e+01
8.9432e+01
9.0076e+01
9.0720e+01
9.1436e+01
9.2081e+01
9.2738e+01
9.3428e+01
9.4194e+01
9.4887e+01
9.5499e+01
9.6084e+01
9.6648e+01
9.7141e+01
9.7554e+01
9.7906e+01
9.8244e+01
9.8583e+01
9.8921e+01
9.9228e+01
9.9524e+01
9.9819e+01
1.0013e+02
1.0043e+02
1.0073e+02
1.0101e+02
1.0126e+02
1.0154e+02
1.0177e+02
1.0200e+02
1.0220e+02
1.0245e+02
1.0271e+02
1.0300e+02
1.0322e+02
1.0346e+02
1.0371e+02
1.0397e+02
1.0433e+02
1.0468e+02
1.0490e+02
1.0512e+02
1.0529e+02
1.0545e+02
1.0558e+02
1.0580e+02
1.0608e+02
1.0638e+02
1.0653e+02
1.0667e+02
1.0681e+02
1.0694e+02
1.0711e+02
1.0729e+02
1.0743e+02
1.0753e+02
1.0761e+02
1.0769e+02
1.0777e+02
1.0787e+02
1.0794e+02
1.0799e+02
1.0802e+02
1.0804e+02
1.0806e+02
1.0807e+02
1.0805e+02
1.0804e+02
1.0802e+02
1.0800e+02
1.0798e+02
1.0795e+02
1.0791e+02
1.0789e+02
1.0785e+02
1.0783e+02
1.0780e+02
1.0776e+02
1.0772e+02
1.0768e+02
1.0763e+02
1.0760e+02
1.0771e+02
1.0786e+02
1.0797e+02
1.0798e+02
1.0796e+02
1.0792e+02
1.0785e+02
1.0776e+02
1.0767e+02
1.0757e+02
1.0746e+02
1.0737e+02
1.0728e+02
1.0717e+02
1.0709e+02
1.0699e+02
1.0689e+02
1.0679e+02
1.0669e+02
1.0659e+02
1.0649e+02
1.0640e+02
1.0632e+02
1.0624e+02
1.0614e+02
1.0604e+02
1.0594e+02
1.0585e+02
1.0576e+02
1.0568e+02
1.0560e+02
1.0552e+02
1.0545e+02
1.0540e+02
1.0533e+02
1.0528e+02
1.0527e+02
1.0525e+02
1.0519e+02
1.0513e+02
1.0503e+02
1.0493e+02
1.0482e+02
1.0471e+02
1.0458e+02
1.0448e+02
1.0437e+02
1.0425e+02
1.0413e+02
1.0405e+02
1.0395e+02
1.0391e+02
1.0389e+02
1.0386e+02
1.0375e+02
1.0365e+02
1.0352e+02
1.0340e+02
1.0327e+02
1.0315e+02
1.0301e+02
1.0289e+02
1.0276e+02
1.0262e+02
1.0248e+02
1.0236e+02
1.0221e+02
1.0208e+02
1.0196e+02
1.0182e+02
1.0169e+02
1.0157e+02
1.0145e+02
1.0133e+02
1.0121e+02
1.0110e+02
1.0098e+02
1.0087e+02
1.0075e+02
1.0065e+02
1.0053e+02
1.0043e+02
1.0033e+02
1.0023e+02
1.0011e+02
1.0000e+02
9.9873e+01
9.9744e+01
9.9617e+01
9.9494e+01
9.9352e+01
9.9232e+01
9.9102e+01
9.8958e+01
9.8818e+01
9.8701e+01
9.8566e+01
9.8428e+01
9.8285e+01
9.8153e+01
9.8022e+01
9.7880e+01
9.7732e+01
9.7596e+01
9.7453e+01
9.7315e+01
9.7160e+01
9.7022e+01
9.6892e+01
9.6758e+01
9.6611e+01
9.6471e+01
9.6325e+01
9.6192e+01
9.6055e+01
9.5910e+01
9.5766e+01
9.5635e+01
9.5493e+01
9.5354e+01
9.5212e+01
9.5070e+01
9.4927e+01
9.4790e+01
9.4642e+01
9.4500e+01
9.4351e+01
9.4216e+01
9.4072e+01
9.3935e+01
9.3797e+01
9.3650e+01
9.3501e+01
9.3361e+01
9.3217e+01
9.3079e+01
9.2930e+01
9.2790e+01
9.2649e+01
9.2507e+01
9.2365e+01
9.2221e+01
9.2081e+01
9.1946e+01
9.1806e+01
9.1672e+01
9.1535e+01
9.1399e+01
9.1265e+01
9.1133e+01
9.1008e+01
9.0875e+01
9.0739e+01
9.0615e+01
9.0489e+01
9.0369e+01
9.0241e+01
9.0120e+01
9.0007e+01
8.9902e+01
8.9787e+01
8.9675e+01
8.9558e+01
8.9435e+01
8.9308e+01
8.9197e+01
8.9078e+01
8.8948e+01
8.8820e+01
8.8693e+01
8.8580e+01
8.8462e+01
8.8334e+01
8.8212e+01
8.8088e+01
8.7973e+01
8.7851e+01
8.7721e+01
8.7601e+01
8.7484e+01
8.7361e+01
8.7239e+01
8.7126e+01
8.7012e+01
8.6890e+01
8.6766e+01
8.6653e+01
8.6543e+01
8.6425e+01
8.6316e+01
8.6204e+01
8.6090e+01
8.5982e+01
8.5861e+01
8.5748e+01
8.5641e+01
8.5527e+01
8.5412e+01
8.5297e+01
8.5185e+01
8.5078e+01
8.4966e+01
8.4858e+01
8.4753e+01
8.4642e+01
8.4526e+01
8.4422e+01
8.4317e+01
8.4215e+01
8.4106e+01
8.4003e+01
8.3901e+01
8.3793e+01
8.3681e+01
8.3583e+01
8.3484e+01
8.3380e+01
8.3281e+01
8.3184e+01
8.3083e+01
8.2977e+01
8.2873e+01
8.2782e+01
8.2676e+01
8.2582e+01
8.2486e+01
8.2386e+01
8.2296e+01
8.2198e+01
8.2097e+01
8.1998e+01
8.1902e+01
8.1809e+01
8.1716e+01
8.1622e+01
8.1528e+01
8.1435e+01
8.1341e+01
8.1250e+01
8.1156e+01
8.1060e+01
8.0969e+01
8.0881e+01
8.0795e+01
8.0705e+01
8.0604e+01
8.0519e+01
8.0429e+01
8.0339e+01
8.0250e+01
8.0161e+01
8.0066e+01
7.9976e+01
7.9891e+01
7.9801e+01
7.9713e+01
7.9629e+01
7.9541e+01
7.9453e+01
7.9359e+01
7.9271e+01
7.9187e+01
7.9100e+01
7.9012e+01
7.8930e+01
7.8842e+01
7.8756e+01
7.8672e+01
7.8587e+01
7.8492e+01
7.8410e+01
7.8337e+01
7.8262e+01
7.8176e+01
7.8094e+01
7.8011e+01
7.7929e+01
7.7848e+01
7.7761e+01
7.7673e+01
7.7594e+01
7.7514e+01
7.7428e+01
7.7345e+01
7.7264e+01
7.7183e+01
7.7098e+01
7.7016e+01
7.6936e+01
7.6856e+01
7.6773e+01
7.6682e+01
7.6601e+01
7.6526e+01
7.6449e+01
7.6362e+01
7.6280e+01
7.6203e+01
7.6121e+01
7.6041e+01
7.5966e+01
7.5883e+01
7.5797e+01
7.5721e+01
7.5640e+01
7.5558e+01
7.5473e+01
7.5396e+01
7.5315e+01
7.5234e+01
7.5146e+01
7.5063e+01
7.4980e+01
7.4897e+01
7.4814e+01
7.4734e+01
7.4656e+01
7.4578e+01
7.4493e+01
7.4404e+01
7.4314e+01
7.4236e+01
7.4156e+01
7.4075e+01
7.3990e+01
7.3906e+01
7.3834e+01
7.3759e+01
7.3670e+01
7.3594e+01
7.3515e+01
7.3441e+01
7.3364e+01
7.3288e+01
7.3212e+01
7.3140e+01
7.3056e+01
7.2981e+01
7.2895e+01
7.2814e+01
7.2733e+01
7.2657e+01
7.2574e+01
7.2496e+01
7.2418e+01
7.2343e+01
7.2260e+01
7.2182e+01
7.2107e+01
7.2027e+01
7.1940e+01
7.1862e+01
7.1787e+01
7.1706e+01
7.1624e+01
7.1558e+01
7.1474e+01
7.1395e+01
7.1315e+01
7.1236e+01
7.1155e+01
7.1080e+01
7.0998e+01
7.0929e+01
7.0853e+01
7.0771e+01
7.0683e+01
7.0607e+01
7.0521e+01
7.0442e+01
7.0364e+01
7.0293e+01
7.0210e+01
7.0132e+01
7.0056e+01
6.9980e+01
6.9898e+01
6.9826e+01
6.9748e+01
6.9669e+01
6.9598e+01
6.9523e+01
6.9445e+01
6.9374e+01
6.9301e+01
6.9236e+01
6.9163e+01
6.9095e+01
6.9020e+01
6.8953e+01
6.8882e+01
6.8815e+01
6.8742e+01
6.8680e+01
6.8616e+01
6.8556e+01
6.8495e+01
6.8440e+01
6.8377e+01
6.8321e+01
6.8272e+01
6.8224e+01
6.8173e+01
6.8122e+01
6.8073e+01
6.8032e+01
6.7992e+01
6.7948e+01
6.7911e+01
6.7872e+01
6.7831e+01
6.7794e+01
6.7757e+01
6.7717e+01
6.7680e+01
6.7655e+01
6.7627e+01
6.7593e+01
6.7558e+01
6.7526e+01
6.7491e+01
6.7460e+01
6.7429e+01
6.7395e+01
6.7360e+01
6.7328e+01
6.7299e+01
6.7269e+01
6.7239e+01
6.7204e+01
6.7179e+01
6.7149e+01
6.7120e+01
6.7083e+01
6.7055e+01
6.7024e+01
6.6998e+01
6.6964e+01
6.6932e+01
6.6900e+01
6.6877e+01
6.6847e+01
6.6813e+01
6.6774e+01
6.6736e+01
6.6697e+01
6.6665e+01
6.6628e+01
6.6583e+01
6.6540e+01
6.6501e+01
6.6460e+01
6.6415e+01
6.6378e+01
6.6340e+01
6.6303e+01
6.6255e+01
6.6205e+01
6.6156e+01
6.6113e+01
6.6067e+01
6.6024e+01
6.5977e+01
6.5929e+01
6.5879e+01
6.5827e+01
6.5780e+01
6.5737e+01
6.5683e+01
6.5629e+01
6.5575e+01
6.5523e+01
6.5473e+01
6.5420e+01
6.5363e+01
6.5311e+01
6.5253e+01
6.5197e+01
6.5136e+01
6.5074e+01
6.5013e+01
6.4952e+01
6.4892e+01
6.4830e+01
6.4767e+01
6.4711e+01
6.4649e+01
6.4588e+01
6.4523e+01
6.4464e+01
6.4403e+01
6.4334e+01
6.4267e+01
6.4208e+01
6.4145e+01
6.4079e+01
6.4019e+01
6.3954e+01
6.3882e+01
6.3820e+01
6.3753e+01
6.3684e+01
6.3620e+01
6.3557e+01
6.3484e+01
6.3422e+01
6.3349e+01
6.3279e+01
6.3204e+01
6.3138e+01
6.3070e+01
6.2997e+01
6.2929e+01
6.2868e+01
6.2800e+01
6.2732e+01
6.2664e+01
6.2598e+01
6.2526e+01
6.2463e+01
6.2393e+01
6.2321e+01
6.2247e+01
6.2186e+01
6.2116e+01
6.2045e+01
6.1981e+01
6.1923e+01
6.1853e+01
6.1790e+01
6.1723e+01
6.1652e+01
6.1587e+01
6.1524e+01
6.1459e+01
6.1392e+01
6.1321e+01
6.1260e+01
6.1183e+01
6.1118e+01
6.1055e+01
6.0995e+01
6.0924e+01
6.0859e+01
6.0797e+01
6.0735e+01
6.0670e+01
6.0608e+01
6.0540e+01
6.0482e+01
6.0415e+01
6.0355e+01
6.0295e+01
6.0238e+01
6.0175e+01
6.0114e+01
6.0054e+01
5.9992e+01
5.9930e+01
5.9870e+01
5.9811e+01
5.9755e+01
5.9694e+01
5.9636e+01
5.9579e+01
5.9522e+01
5.9458e+01
5.9400e+01
5.9345e+01
5.9280e+01
5.9214e+01
5.9159e+01
5.9102e+01
5.9047e+01
5.8987e+01
5.8930e+01
5.8874e+01
5.8816e+01
5.8755e+01
5.8702e+01
5.8639e+01
5.8580e+01
5.8526e+01
5.8467e+01
5.8404e+01
5.8357e+01
5.8299e+01
5.8238e+01
5.8183e+01
5.8124e+01
5.8061e+01
5.8009e+01
5.7952e+01
5.7894e+01
5.7829e+01
5.7772e+01
5.7706e+01
5.7645e+01
5.7586e+01
5.7532e+01
5.7467e+01
5.7411e+01
5.7347e+01
5.7280e+01
5.7218e+01
5.7161e+01
5.7103e+01
5.7045e+01
5.6979e+01
5.6916e+01
5.6858e+01
5.6800e+01
5.6744e+01
5.6686e+01
5.6616e+01
5.6562e+01
5.6498e+01
5.6436e+01
5.6372e+01
5.6310e+01
5.6246e+01
5.6190e+01
5.6122e+01
5.6056e+01
5.5986e+01
5.5924e+01
5.5860e+01
5.5797e+01
5.5731e+01
5.5674e+01
5.5612e+01
5.5546e+01
5.5481e+01
5.5419e+01
5.5347e+01
5.5284e+01
5.5227e+01
5.5165e+01
5.5092e+01
5.5028e+01
5.4969e+01
5.4906e+01
5.4843e+01
5.4786e+01
5.4726e+01
5.4665e+01
5.4600e+01
5.4541e+01
5.4474e+01
5.4411e+01
5.4348e+01
5.4285e+01
5.4216e+01
5.4157e+01
5.4095e+01
5.4036e+01
5.3967e+01
5.3894e+01
5.3829e+01
5.3771e+01
5.3710e+01
5.3651e+01
5.3589e+01
5.3532e+01
5.3468e+01
5.3405e+01
5.3341e+01
5.3282e+01
5.3222e+01
5.3160e+01
5.3101e+01
5.3045e+01
5.2981e+01
5.2925e+01
5.2870e+01
5.2808e+01
5.2750e+01
5.2688e+01
5.2630e+01
5.2582e+01
5.2516e+01
5.2456e+01
5.2394e+01
5.2334e+01
5.2276e+01
5.2220e+01
5.2162e+01
5.2110e+01
5.2048e+01
5.1986e+01
5.1925e+01
5.1871e+01
5.1813e+01
5.1756e+01
5.1700e+01
5.1648e+01
5.1591e+01
5.1531e+01
5.1475e+01
5.1420e+01
5.1362e+01
5.1305e+01
5.1249e+01
5.1192e+01
5.1136e+01
5.1073e+01
5.1010e+01
5.0950e+01
5.0883e+01
5.0824e+01
5.0767e+01
5.0709e+01
5.0646e+01
5.0587e+01
5.0528e+01
5.0465e+01
5.0400e+01
5.0343e+01
5.0286e+01
5.0229e+01
5.0162e+01
5.0105e+01
5.0050e+01
4.9993e+01
4.9938e+01
4.9879e+01
4.9815e+01
4.9758e+01
4.9703e+01
4.9642e+01
4.9582e+01
4.9523e+01
4.9460e+01
4.9404e+01
4.9349e+01
4.9287e+01
4.9224e+01
4.9164e+01
4.9103e+01
4.9047e+01
4.8982e+01
4.8918e+01
4.8850e+01
4.8794e+01
4.8735e+01
4.8675e+01
4.8609e+01
4.8549e+01
4.8492e+01
4.8436e+01
4.8374e+01
4.8314e+01
4.8252e+01
4.8196e+01
4.8134e+01
4.8070e+01
4.8010e+01
4.7956e+01
4.7898e+01
4.7842e+01
4.7778e+01
4.7718e+01
4.7655e+01
4.7591e+01
4.7535e+01
4.7479e+01
4.7419e+01
4.7364e+01
4.7306e+01
4.7244e+01
4.7177e+01
4.7117e+01
4.7050e+01
4.6991e+01
4.6927e+01
4.6868e+01
4.6801e+01
4.6745e+01
4.6684e+01
4.6619e+01
4.6552e+01
4.6498e+01
4.6435e+01
4.6372e+01
4.6313e+01
4.6253e+01
4.6192e+01
4.6135e+01
4.6070e+01
4.6007e+01
4.5944e+01
4.5887e+01
4.5824e+01
4.5767e+01
4.5704e+01
4.5644e+01
4.5585e+01
4.5531e+01
4.5467e+01
4.5402e+01
4.5338e+01
4.5283e+01
4.5218e+01
4.5159e+01
4.5097e+01
4.5036e+01
4.4968e+01
4.4908e+01
4.4847e+01
4.4788e+01
4.4724e+01
4.4666e+01
4.4601e+01
4.4541e+01
4.4484e+01
4.4426e+01
4.4358e+01
4.4300e+01
4.4243e+01
4.4185e+01
4.4121e+01
4.4057e+01
4.3995e+01
4.3938e+01
4.3878e+01
4.3824e+01
4.3762e+01
4.3696e+01
4.3636e+01
4.3578e+01
4.3512e+01
4.3454e+01
4.3387e+01
4.3332e+01
4.3269e+01
4.3211e+01
4.3145e+01
4.3082e+01
4.3022e+01
4.2964e+01
4.2899e+01
4.2843e+01
4.2779e+01
4.2716e+01
4.2662e+01
4.2606e+01
4.2541e+01
4.2483e+01
4.2427e+01
4.2373e+01
4.2310e+01
4.2252e+01
4.2195e+01
4.2141e+01
4.2085e+01
4.2026e+01
4.1961e+01
4.1909e+01
4.1851e+01
4.1794e+01
4.1736e+01
4.1675e+01
4.1612e+01
4.1562e+01
4.1496e+01
4.1431e+01
4.1381e+01
4.1322e+01
4.1261e+01
4.1207e+01
4.1145e+01
4.1087e+01
4.1030e+01
4.0977e+01
4.0918e+01
4.0859e+01
4.0802e+01
4.0748e+01
4.0684e+01
4.0625e+01
4.0559e+01
4.0511e+01
4.0458e+01
4.0401e+01
4.0342e+01
4.0292e+01
4.0237e+01
4.0186e+01
4.0129e+01
4.0072e+01
4.0014e+01
3.9964e+01
3.9904e+01
3.9849e+01
3.9785e+01
3.9739e+01
3.9677e+01
3.9613e+01
3.9556e+01
3.9501e+01
3.9441e+01
3.9388e+01
3.9326e+01
3.9264e+01
3.9204e+01
3.9158e+01
3.9098e+01
3.9040e+01
3.8987e+01
3.8929e+01
3.8867e+01
3.8811e+01
3.8758e+01
3.8705e+01
3.8645e+01
3.8591e+01
3.8538e+01
3.8487e+01
3.8424e+01
3.8369e+01
3.8315e+01
3.8262e+01
3.8197e+01
3.8143e+01
3.8094e+01
3.8038e+01
3.7983e+01
3.7938e+01
3.7878e+01
3.7826e+01
3.7779e+01
3.7737e+01
3.7689e+01
3.7642e+01
3.7598e+01
3.7559e+01
3.7524e+01
3.7490e+01
3.7456e+01
3.7416e+01
3.7389e+01
3.7362e+01
3.7337e+01
3.7310e+01
3.7292e+01
3.7268e+01
3.7245e+01
3.7223e+01
3.7211e+01
3.7191e+01
3.7176e+01
3.7160e+01
3.7151e+01
3.7140e+01
3.7126e+01
3.7117e+01
3.7108e+01
3.7095e+01
3.7081e+01
3.7081e+01
3.7077e+01
3.7061e+01
3.7054e+01
3.7047e+01
3.7041e+01
3.7023e+01
3.7016e+01
3.7000e+01
3.6986e+01
3.6977e+01
3.6973e+01
3.6957e+01
3.6939e+01
3.6926e+01
3.6914e+01
3.6894e+01
3.6876e+01
3.6854e+01
3.6838e+01
3.6815e+01
3.6790e+01
3.6768e+01
3.6748e+01
3.6727e+01
3.6700e+01
3.6675e+01
3.6648e+01
3.6623e+01
3.6596e+01
3.6572e+01
3.6542e+01
3.6511e+01
3.6479e+01
3.6452e+01
3.6422e+01
3.6386e+01
3.6357e+01
3.6325e+01
3.6296e+01
3.6259e+01
3.6223e+01
3.6198e+01
3.6162e+01
3.6124e+01
3.6085e+01
3.6051e+01
3.6015e+01
3.5981e+01
3.5944e+01
3.5904e+01
3.5858e+01
3.5815e+01
3.5774e+01
3.5738e+01
3.5695e+01
3.5649e+01
3.5606e+01
3.5563e+01
3.5515e+01
3.5469e+01
3.5421e+01
3.5374e+01
3.5328e+01
3.5289e+01
3.5246e+01
3.5193e+01
3.5148e+01
3.5095e+01
3.5047e+01
3.5004e+01
3.4949e+01
3.4901e+01
3.4853e+01
3.4803e+01
3.4750e+01
3.4695e+01
3.4638e+01
3.4587e+01
3.4535e+01
3.4482e+01
3.4424e+01
3.4374e+01
3.4317e+01
3.4257e+01
3.4202e+01
3.4149e+01
3.4094e+01
3.4036e+01
3.3978e+01
3.3923e+01
3.3859e+01
3.3799e+01
3.3743e+01
3.3688e+01
3.3630e+01
3.3568e+01
3.3510e+01
3.3455e+01
3.3388e+01
3.3323e+01
3.3263e+01
3.3205e+01
3.3147e+01
3.3084e+01
3.3022e+01
3.2966e+01
3.2899e+01
3.2834e+01
3.2769e+01
3.2711e+01
3.2648e+01
3.2588e+01
3.2520e+01
3.2455e+01
3.2394e+01
3.2331e+01
3.2264e+01
3.2206e+01
3.2145e+01
3.2082e+01
3.2019e+01
3.1958e+01
3.1890e+01
3.1832e+01
3.1771e+01
3.1705e+01
3.1640e+01
3.1584e+01
3.1525e+01
3.1462e+01
3.1401e+01
3.1344e+01
3.1283e+01
3.1215e+01
3.1152e+01
3.1095e+01
3.1032e+01
3.0968e+01
3.0900e+01
3.0843e+01
3.0782e+01
3.0718e+01
3.0652e+01
3.0591e+01
3.0527e+01
3.0473e+01
3.0412e+01
3.0350e+01
3.0291e+01
3.0237e+01
3.0177e+01
3.0111e+01
3.0049e+01
2.9993e+01
2.9931e+01
2.9872e+01
2.9812e+01
2.9753e+01
2.9689e+01
2.9632e+01
2.9577e+01
2.9518e+01
2.9456e+01
2.9401e+01
2.9344e+01
2.9280e+01
2.9218e+01
2.9165e+01
2.9103e+01
2.9051e+01
2.8986e+01
2.8929e+01
2.8867e+01
2.8805e+01
2.8745e+01
2.8699e+01
2.8639e+01
2.8577e+01
2.8520e+01
2.8460e+01
2.8400e+01
2.8345e+01
2.8297e+01
2.8241e+01
2.8184e+01
2.8126e+01
2.8061e+01
2.8013e+01
2.7955e+01
2.7895e+01
2.7835e+01
2.7780e+01
2.7722e+01
2.7662e+01
2.7609e+01
2.7555e+01
2.7498e+01
2.7447e+01
2.7391e+01
2.7331e+01
2.7275e+01
2.7222e+01
2.7164e+01
2.7108e+01
2.7050e+01
2.6995e+01
2.6936e+01
2.6878e+01
2.6820e+01
2.6767e+01
2.6711e+01
2.6653e+01
2.6602e+01
2.6543e+01
2.6490e+01
2.6441e+01
2.6390e+01
2.6334e+01
2.6273e+01
2.6222e+01
2.6166e+01
2.6110e+01
2.6054e+01
2.6003e+01
2.5951e+01
2.5895e+01
2.5839e+01
2.5788e+01
2.5734e+01
2.5678e+01
2.5621e+01
2.5570e+01
2.5511e+01
2.5462e+01
2.5411e+01
2.5357e+01
2.5303e+01
2.5254e+01
2.5195e+01
2.5146e+01
2.5104e+01
2.5050e+01
2.4999e+01
2.4950e+01
2.4898e+01
2.4846e+01
2.4804e+01
2.4758e+01
2.4699e+01
2.4652e+01
2.4602e+01
2.4551e+01
2.4499e+01
2.4450e+01
2.4400e+01
2.4356e+01
2.4311e+01
2.4264e+01
2.4210e+01
2.4158e+01
2.4106e+01
2.4059e+01
2.4012e+01
2.3963e+01
2.3913e+01
2.3869e+01
2.3819e+01
2.3770e+01
2.3725e+01
2.3673e+01
2.3626e+01
2.3583e+01
2.3536e+01
2.3482e+01
2.3434e+01
2.3385e+01
2.3335e+01
2.3288e+01
2.3240e+01
2.3193e+01
2.3143e+01
2.3094e+01
2.3049e+01
2.3001e+01
2.2954e+01
2.2909e+01
2.2859e+01
2.2809e+01
2.2752e+01
2.2709e+01
2.2660e+01
2.2610e+01
2.2565e+01
2.2520e+01
2.2469e+01
2.2417e+01
2.2372e+01
2.2319e+01
2.2262e+01
2.2214e+01
2.2169e+01
2.2124e+01
2.2069e+01
2.2021e+01
2.1968e+01
2.1913e+01
2.1870e+01
2.1825e+01
2.1775e+01
2.1727e+01
2.1682e+01
2.1631e+01
2.1581e+01
2.1536e+01
2.1483e+01
2.1425e+01
2.1374e+01
2.1324e+01
2.1271e+01
2.1221e+01
2.1167e+01
2.1114e+01
2.1064e+01
2.1013e+01
2.0968e+01
2.0915e+01
2.0862e+01
2.0811e+01
2.0758e+01
2.0710e+01
2.0657e+01
2.0606e+01
2.0560e+01
2.0509e+01
2.0459e+01
2.0408e+01
2.0355e+01
2.0304e+01
2.0258e+01
2.0205e+01
2.0154e+01
2.0098e+01
2.0050e+01
2.0004e+01
1.9953e+01
1.9904e+01
1.9843e+01
1.9795e+01
1.9746e+01
1.9693e+01
1.9639e+01
1.9588e+01
1.9542e+01
1.9494e+01
1.9443e+01
1.9391e+01
1.9343e+01
1.9292e+01
1.9246e+01
1.9189e+01
1.9138e+01
1.9095e+01
1.9038e+01
1.8984e+01
1.8938e+01
1.8884e+01
1.8828e+01
1.8779e+01
1.8728e+01
1.8676e+01
1.8622e+01
1.8566e+01
1.8522e+01
1.8473e+01
1.8422e+01
1.8373e+01
1.8314e+01
1.8262e+01
1.8213e+01
1.8156e+01
1.8110e+01
1.8063e+01
1.8002e+01
1.7952e+01
1.7906e+01
1.7852e+01
1.7797e+01
1.7746e+01
1.7702e+01
1.7645e+01
1.7590e+01
1.7539e+01
1.7487e+01
1.7435e+01
1.7383e+01
1.7342e+01
1.7290e+01
1.7235e+01
1.7183e+01
1.7134e+01
1.7093e+01
1.7041e+01
1.6994e+01
1.6944e+01
1.6890e+01
1.6848e+01
1.6812e+01
1.6765e+01
1.6731e+01
1.6695e+01
1.6655e+01
1.6619e+01
1.6582e+01
1.6546e+01
1.6520e+01
1.6491e+01
1.6468e+01
1.6431e+01
1.6415e+01
1.6395e+01
1.6376e+01
1.6358e+01
1.6353e+01
1.6332e+01
1.6319e+01
1.6306e+01
1.6303e+01
1.6293e+01
1.6295e+01
1.6295e+01
1.6293e+01
1.6295e+01
1.6301e+01
1.6293e+01
1.6308e+01
1.6319e+01
1.6332e+01
1.6337e+01
1.6353e+01
1.6366e+01
1.6384e+01
1.6387e+01
1.6389e+01
1.6389e+01
1.6402e+01
1.6408e+01
1.6418e+01
1.6421e+01
1.6431e+01
1.6429e+01
1.6442e+01
1.6439e+01
1.6439e+01
1.6442e+01
1.6455e+01
1.6457e+01
1.6462e+01
1.6462e+01
1.6460e+01
1.6457e+01
1.6457e+01
1.6452e+01
1.6447e+01
1.6442e+01
1.6431e+01
1.6423e+01
1.6418e+01
1.6402e+01
1.6387e+01
1.6374e+01
1.6368e+01
1.6355e+01
1.6350e+01
1.6335e+01
1.6316e+01
1.6298e+01
1.6288e+01
1.6269e+01
1.6254e+01
