4.0755e+00
4.0646e+00
4.0646e+00
4.0537e+00
4.0537e+00
4.0537e+00
4.0537e+00
4.0428e+00
4.0320e+00
4.0320e+00
4.0211e+00
4.0102e+00
4.0102e+00
4.0102e+00
3.9993e+00
3.9993e+00
3.9884e+00
3.9884e+00
3.9775e+00
3.9775e+00
3.9775e+00
3.9775e+00
3.9667e+00
3.9558e+00
3.9558e+00
3.9449e+00
3.9449e+00
3.9340e+00
3.9340e+00
3.9340e+00
3.9231e+00
3.9231e+00
3.9231e+00
3.9231e+00
3.9122e+00
3.9122e+00
3.9122e+00
3.9122e+00
3.9014e+00
3.9014e+00
3.9014e+00
3.9014e+00
3.8905e+00
3.8905e+00
3.8796e+00
3.8796e+00
3.8687e+00
3.8687e+00
3.8687e+00
3.8687e+00
3.8687e+00
3.8687e+00
3.8578e+00
3.8578e+00
3.8469e+00
3.8469e+00
3.8469e+00
3.8469e+00
3.8360e+00
3.8360e+00
3.8360e+00
3.8251e+00
3.8251e+00
3.8251e+00
3.8251e+00
3.8142e+00
3.8142e+00
3.8142e+00
3.8142e+00
3.8034e+00
3.8034e+00
3.8034e+00
3.8034e+00
3.7925e+00
3.7816e+00
3.7816e+00
3.7816e+00
3.7816e+00
3.7707e+00
3.7598e+00
3.7598e+00
3.7598e+00
3.7489e+00
3.7489e+00
3.7489e+00
3.7489e+00
3.7489e+00
3.7380e+00
3.7380e+00
3.7271e+00
3.7162e+00
3.7162e+00
3.7162e+00
3.7162e+00
3.7271e+00
3.7162e+00
3.7162e+00
3.7162e+00
3.7162e+00
3.7162e+00
3.7162e+00
3.7162e+00
3.7162e+00
3.7162e+00
3.7053e+00
3.6944e+00
3.6944e+00
3.6944e+00
3.6944e+00
3.6944e+00
3.6835e+00
3.6835e+00
3.6835e+00
3.6835e+00
3.6835e+00
3.6835e+00
3.6835e+00
3.6726e+00
3.6726e+00
3.6726e+00
3.6617e+00
3.6726e+00
3.6617e+00
3.6617e+00
3.6617e+00
3.6617e+00
3.6617e+00
3.6508e+00
3.6508e+00
3.6508e+00
3.6508e+00
3.6508e+00
3.6508e+00
3.6399e+00
3.6399e+00
3.6399e+00
3.6399e+00
3.6399e+00
3.6291e+00
3.6291e+00
3.6291e+00
3.6291e+00
3.6291e+00
3.6291e+00
3.6291e+00
3.6291e+00
3.6291e+00
3.6182e+00
3.6182e+00
3.6182e+00
3.6182e+00
3.6182e+00
3.6182e+00
3.6182e+00
3.6182e+00
3.6073e+00
3.6073e+00
3.6073e+00
3.6073e+00
3.6073e+00
3.5964e+00
3.5964e+00
3.5964e+00
3.5964e+00
3.5964e+00
3.5855e+00
3.5964e+00
3.5964e+00
3.5746e+00
3.5746e+00
3.5855e+00
3.5746e+00
3.5746e+00
3.5637e+00
3.5637e+00
3.5637e+00
3.5637e+00
3.5528e+00
3.5528e+00
3.5528e+00
3.5419e+00
3.5528e+00
3.5419e+00
3.5419e+00
3.5419e+00
3.5419e+00
3.5310e+00
3.5310e+00
3.5310e+00
3.5201e+00
3.5201e+00
3.5092e+00
3.5092e+00
3.5092e+00
3.4983e+00
3.4983e+00
3.4983e+00
3.4983e+00
3.4874e+00
3.4765e+00
3.4765e+00
3.4765e+00
3.4656e+00
3.4765e+00
3.4765e+00
3.4656e+00
3.4546e+00
3.4546e+00
3.4546e+00
3.4546e+00
3.4437e+00
3.4437e+00
3.4437e+00
3.4437e+00
3.4328e+00
3.4328e+00
3.4219e+00
3.4219e+00
3.4219e+00
3.4219e+00
3.4219e+00
3.4219e+00
3.4110e+00
3.4110e+00
3.4110e+00
3.4110e+00
3.4110e+00
3.4110e+00
3.4001e+00
3.4001e+00
3.4001e+00
3.3892e+00
3.3892e+00
3.3892e+00
3.3892e+00
3.3892e+00
3.3783e+00
3.3783e+00
3.3783e+00
3.3674e+00
3.3674e+00
3.3674e+00
3.3674e+00
3.3674e+00
3.3674e+00
3.3674e+00
3.3674e+00
3.3565e+00
3.3565e+00
3.3565e+00
3.3456e+00
3.3456e+00
3.3456e+00
3.3347e+00
3.3347e+00
3.3347e+00
3.3347e+00
3.3347e+00
3.3347e+00
3.3238e+00
3.3238e+00
3.3238e+00
3.3238e+00
3.3238e+00
3.3129e+00
3.3129e+00
3.3129e+00
3.3020e+00
3.2911e+00
3.2911e+00
3.2911e+00
3.2911e+00
3.2801e+00
3.2801e+00
3.2801e+00
3.2692e+00
3.2801e+00
3.2692e+00
3.2583e+00
3.2583e+00
3.2474e+00
3.2474e+00
3.2474e+00
3.2365e+00
3.2256e+00
3.2256e+00
3.2147e+00
3.2256e+00
3.2147e+00
3.2147e+00
3.2038e+00
3.2038e+00
3.2038e+00
3.2038e+00
3.1929e+00
3.1819e+00
3.1819e+00
3.1819e+00
3.1819e+00
3.1710e+00
3.1710e+00
3.1601e+00
3.1601e+00
3.1601e+00
3.1601e+00
3.1601e+00
3.1601e+00
3.1601e+00
3.1492e+00
3.1492e+00
3.1492e+00
3.1492e+00
3.1383e+00
3.1383e+00
3.1274e+00
3.1383e+00
3.1383e+00
3.1274e+00
3.1274e+00
3.1274e+00
3.1165e+00
3.1274e+00
3.1274e+00
3.1165e+00
3.1165e+00
3.1165e+00
3.1165e+00
3.1055e+00
3.1055e+00
3.0946e+00
3.1055e+00
3.0946e+00
3.0946e+00
3.0946e+00
3.0946e+00
3.0946e+00
3.0946e+00
3.0946e+00
3.0946e+00
3.0837e+00
3.0837e+00
3.0837e+00
3.0946e+00
3.0837e+00
3.0946e+00
3.0837e+00
3.0837e+00
3.0837e+00
3.0837e+00
3.0837e+00
3.0837e+00
3.0837e+00
3.0837e+00
3.0837e+00
3.0837e+00
3.0837e+00
3.0837e+00
3.0837e+00
3.0837e+00
3.0837e+00
3.0946e+00
3.0837e+00
3.0728e+00
3.0728e+00
3.0837e+00
3.0837e+00
3.0837e+00
3.0837e+00
3.0837e+00
3.0946e+00
3.0946e+00
3.0946e+00
3.0946e+00
3.0946e+00
3.0946e+00
3.0946e+00
3.0946e+00
3.0946e+00
3.0946e+00
3.0946e+00
3.1055e+00
3.1055e+00
3.1055e+00
3.1055e+00
3.1055e+00
3.1055e+00
3.1055e+00
3.1055e+00
3.1055e+00
3.0946e+00
3.0946e+00
3.1055e+00
3.0946e+00
3.0946e+00
3.0837e+00
3.0837e+00
3.0837e+00
3.0837e+00
3.0837e+00
3.0837e+00
3.0837e+00
3.0837e+00
3.0837e+00
3.0837e+00
3.0837e+00
3.0837e+00
3.0728e+00
3.0728e+00
3.0837e+00
3.0837e+00
3.0728e+00
3.0728e+00
3.0728e+00
3.0728e+00
3.0728e+00
3.0619e+00
3.0619e+00
3.0619e+00
3.0728e+00
3.0728e+00
3.0619e+00
3.0619e+00
3.0619e+00
3.0619e+00
3.0619e+00
3.0619e+00
3.0510e+00
3.0510e+00
3.0510e+00
3.0510e+00
3.0510e+00
3.0510e+00
3.0510e+00
3.0510e+00
3.0400e+00
3.0400e+00
3.0510e+00
3.0510e+00
3.0400e+00
3.0510e+00
3.0400e+00
3.0400e+00
3.0400e+00
3.0400e+00
3.0291e+00
3.0291e+00
3.0291e+00
3.0291e+00
3.0291e+00
3.0291e+00
3.0291e+00
3.0291e+00
3.0291e+00
3.0291e+00
3.0182e+00
3.0182e+00
3.0182e+00
3.0182e+00
3.0182e+00
3.0182e+00
3.0182e+00
3.0182e+00
3.0182e+00
3.0182e+00
3.0182e+00
3.0182e+00
3.0073e+00
3.0182e+00
3.0073e+00
3.0073e+00
3.0073e+00
3.0073e+00
3.0073e+00
2.9964e+00
3.0073e+00
3.0073e+00
3.0073e+00
3.0073e+00
3.0073e+00
3.0073e+00
3.0073e+00
2.9964e+00
2.9964e+00
2.9964e+00
2.9964e+00
2.9964e+00
2.9964e+00
2.9964e+00
2.9964e+00
2.9964e+00
2.9964e+00
2.9854e+00
2.9964e+00
2.9854e+00
2.9964e+00
2.9964e+00
2.9854e+00
2.9854e+00
2.9854e+00
2.9854e+00
2.9854e+00
2.9745e+00
2.9745e+00
2.9745e+00
2.9636e+00
2.9636e+00
2.9636e+00
2.9636e+00
2.9745e+00
2.9636e+00
2.9636e+00
2.9636e+00
2.9636e+00
2.9527e+00
2.9527e+00
2.9636e+00
2.9527e+00
2.9527e+00
2.9527e+00
2.9527e+00
2.9527e+00
2.9527e+00
2.9527e+00
2.9527e+00
2.9527e+00
2.9527e+00
2.9527e+00
2.9527e+00
2.9527e+00
2.9527e+00
2.9527e+00
2.9527e+00
2.9417e+00
2.9417e+00
2.9417e+00
2.9527e+00
2.9527e+00
2.9527e+00
2.9527e+00
2.9527e+00
2.9417e+00
2.9527e+00
2.9417e+00
2.9417e+00
2.9417e+00
2.9417e+00
2.9417e+00
2.9308e+00
2.9308e+00
2.9308e+00
2.9308e+00
2.9199e+00
2.9199e+00
2.9199e+00
2.9090e+00
2.9199e+00
2.9090e+00
2.9090e+00
2.9090e+00
2.9090e+00
2.9090e+00
2.8981e+00
2.8981e+00
2.8981e+00
2.8981e+00
2.8981e+00
2.8871e+00
2.8981e+00
2.8871e+00
2.8871e+00
2.8871e+00
2.8762e+00
2.8871e+00
2.8871e+00
2.8762e+00
2.8762e+00
2.8762e+00
2.8762e+00
2.8762e+00
2.8762e+00
2.8762e+00
2.8762e+00
2.8653e+00
2.8762e+00
2.8762e+00
2.8653e+00
2.8653e+00
2.8653e+00
2.8762e+00
2.8653e+00
2.8653e+00
2.8653e+00
2.8653e+00
2.8653e+00
2.8653e+00
2.8653e+00
2.8653e+00
2.8653e+00
2.8653e+00
2.8653e+00
2.8653e+00
2.8653e+00
2.8762e+00
2.8653e+00
2.8653e+00
2.8653e+00
2.8762e+00
2.8762e+00
2.8762e+00
2.8762e+00
2.8762e+00
2.8762e+00
2.8762e+00
2.8653e+00
2.8653e+00
2.8653e+00
2.8653e+00
2.8653e+00
2.8653e+00
2.8653e+00
2.8762e+00
2.8653e+00
2.8653e+00
2.8762e+00
2.8653e+00
2.8653e+00
2.8653e+00
2.8653e+00
2.8653e+00
2.8653e+00
2.8653e+00
2.8544e+00
2.8544e+00
2.8544e+00
2.8544e+00
2.8544e+00
2.8544e+00
2.8544e+00
2.8544e+00
2.8434e+00
2.8325e+00
2.8325e+00
2.8325e+00
2.8325e+00
2.8325e+00
2.8216e+00
2.8216e+00
2.8216e+00
2.8216e+00
2.8216e+00
2.8216e+00
2.8106e+00
2.8106e+00
2.8106e+00
2.8106e+00
2.8106e+00
2.7997e+00
2.7997e+00
2.7997e+00
2.7997e+00
2.7997e+00
2.7888e+00
2.7888e+00
2.7888e+00
2.7779e+00
2.7779e+00
2.7779e+00
2.7669e+00
2.7779e+00
2.7669e+00
2.7669e+00
2.7669e+00
2.7669e+00
2.7669e+00
2.7560e+00
2.7560e+00
2.7560e+00
2.7560e+00
2.7451e+00
2.7451e+00
2.7451e+00
2.7451e+00
2.7451e+00
2.7451e+00
2.7342e+00
2.7342e+00
2.7342e+00
2.7232e+00
2.7232e+00
2.7232e+00
2.7232e+00
2.7232e+00
2.7232e+00
2.7232e+00
2.7123e+00
2.7123e+00
2.7014e+00
2.7123e+00
2.7123e+00
2.7014e+00
2.7014e+00
2.7014e+00
2.7014e+00
2.6904e+00
2.6904e+00
2.6904e+00
2.6904e+00
2.6795e+00
2.6795e+00
2.6686e+00
2.6686e+00
2.6686e+00
2.6686e+00
2.6686e+00
2.6576e+00
2.6576e+00
2.6576e+00
2.6576e+00
2.6467e+00
2.6467e+00
2.6467e+00
2.6358e+00
2.6358e+00
2.6467e+00
2.6358e+00
2.6358e+00
2.6358e+00
2.6358e+00
2.6248e+00
2.6248e+00
2.6358e+00
2.6248e+00
2.6248e+00
2.6248e+00
2.6248e+00
2.6139e+00
2.6139e+00
2.6139e+00
2.6030e+00
2.6030e+00
2.6030e+00
2.6030e+00
2.5920e+00
2.5920e+00
2.5811e+00
2.5811e+00
2.5811e+00
2.5702e+00
2.5702e+00
2.5702e+00
2.5702e+00
2.5592e+00
2.5483e+00
2.5483e+00
2.5483e+00
2.5483e+00
2.5373e+00
2.5373e+00
2.5264e+00
2.5373e+00
2.5264e+00
2.5264e+00
2.5155e+00
2.5155e+00
2.5155e+00
2.5155e+00
2.5045e+00
2.5045e+00
2.5045e+00
2.5045e+00
2.4936e+00
2.4936e+00
2.4936e+00
2.4936e+00
2.4936e+00
2.4827e+00
2.4827e+00
2.4827e+00
2.4827e+00
2.4827e+00
2.4717e+00
2.4717e+00
2.4827e+00
2.4717e+00
2.4717e+00
2.4608e+00
2.4608e+00
2.4717e+00
2.4608e+00
2.4608e+00
2.4498e+00
2.4498e+00
2.4608e+00
2.4498e+00
2.4498e+00
2.4608e+00
2.4498e+00
2.4389e+00
2.4498e+00
2.4389e+00
2.4389e+00
2.4389e+00
2.4389e+00
2.4280e+00
2.4280e+00
2.4389e+00
2.4389e+00
2.4280e+00
2.4280e+00
2.4280e+00
2.4280e+00
2.4280e+00
2.4280e+00
2.4280e+00
2.4170e+00
2.4280e+00
2.4170e+00
2.4170e+00
2.4170e+00
2.4170e+00
2.4170e+00
2.4170e+00
2.4061e+00
2.4061e+00
2.4061e+00
2.4061e+00
2.3951e+00
2.3951e+00
2.3951e+00
2.3951e+00
2.3951e+00
2.3951e+00
2.3951e+00
2.3842e+00
2.3842e+00
2.3842e+00
2.3842e+00
2.3842e+00
2.3842e+00
2.3842e+00
2.3732e+00
2.3732e+00
2.3732e+00
2.3732e+00
2.3623e+00
2.3623e+00
2.3623e+00
2.3623e+00
2.3623e+00
2.3623e+00
2.3514e+00
2.3404e+00
2.3404e+00
2.3404e+00
2.3404e+00
2.3404e+00
2.3295e+00
2.3295e+00
2.3295e+00
2.3295e+00
2.3295e+00
2.3295e+00
2.3185e+00
2.3185e+00
2.3185e+00
2.3185e+00
2.3076e+00
2.3076e+00
2.2966e+00
2.2966e+00
2.3076e+00
2.2966e+00
2.2966e+00
2.2966e+00
2.2857e+00
2.2857e+00
2.2857e+00
2.2857e+00
2.2747e+00
2.2747e+00
2.2747e+00
2.2638e+00
2.2638e+00
2.2638e+00
2.2528e+00
2.2528e+00
2.2528e+00
2.2419e+00
2.2419e+00
2.2419e+00
2.2309e+00
2.2309e+00
2.2200e+00
2.2200e+00
2.2090e+00
2.2090e+00
2.2090e+00
2.2090e+00
2.2090e+00
2.1981e+00
2.1981e+00
2.1981e+00
2.1871e+00
2.1762e+00
2.1762e+00
2.1762e+00
2.1762e+00
2.1652e+00
2.1652e+00
2.1543e+00
2.1543e+00
2.1652e+00
2.1543e+00
2.1433e+00
2.1433e+00
2.1433e+00
2.1433e+00
2.1324e+00
2.1324e+00
2.1324e+00
2.1324e+00
2.1324e+00
2.1214e+00
2.1214e+00
2.1214e+00
2.1214e+00
2.1214e+00
2.1214e+00
2.1105e+00
2.1105e+00
2.1105e+00
2.1105e+00
2.0995e+00
2.0995e+00
2.0995e+00
2.0995e+00
2.0995e+00
2.0886e+00
2.0995e+00
2.0886e+00
2.0886e+00
2.0886e+00
2.0886e+00
2.0886e+00
2.0776e+00
2.0886e+00
2.0776e+00
2.0776e+00
2.0667e+00
2.0667e+00
2.0667e+00
2.0557e+00
2.0557e+00
2.0557e+00
2.0557e+00
2.0448e+00
2.0448e+00
2.0448e+00
2.0338e+00
2.0338e+00
2.0338e+00
2.0338e+00
2.0338e+00
2.0228e+00
2.0228e+00
2.0119e+00
2.0119e+00
2.0119e+00
2.0009e+00
2.0009e+00
2.0009e+00
2.0009e+00
1.9900e+00
1.9900e+00
1.9790e+00
1.9790e+00
1.9790e+00
1.9790e+00
1.9681e+00
1.9681e+00
1.9571e+00
1.9571e+00
1.9571e+00
1.9461e+00
1.9461e+00
1.9461e+00
1.9461e+00
1.9461e+00
1.9352e+00
1.9242e+00
1.9242e+00
1.9242e+00
1.9242e+00
1.9242e+00
1.9242e+00
1.9242e+00
1.9242e+00
1.9133e+00
1.9133e+00
1.9133e+00
1.9023e+00
1.9023e+00
1.9023e+00
1.8913e+00
1.8913e+00
1.9023e+00
1.9023e+00
1.8913e+00
1.8804e+00
1.8804e+00
1.8694e+00
1.8694e+00
1.8694e+00
1.8694e+00
1.8585e+00
1.8585e+00
1.8585e+00
1.8585e+00
1.8475e+00
1.8475e+00
1.8475e+00
1.8365e+00
1.8365e+00
1.8365e+00
1.8365e+00
1.8256e+00
1.8256e+00
1.8146e+00
1.8146e+00
1.8146e+00
1.8146e+00
1.8146e+00
1.8036e+00
1.8036e+00
1.8036e+00
1.7927e+00
1.7927e+00
1.7817e+00
1.7817e+00
1.7927e+00
1.7817e+00
1.7707e+00
1.7707e+00
1.7707e+00
1.7598e+00
1.7488e+00
1.7488e+00
1.7598e+00
1.7488e+00
1.7378e+00
1.7378e+00
1.7378e+00
1.7378e+00
1.7269e+00
1.7269e+00
1.7269e+00
1.7159e+00
1.7159e+00
1.7159e+00
1.7049e+00
1.7049e+00
1.7049e+00
1.6940e+00
1.6940e+00
1.6830e+00
1.6830e+00
1.6830e+00
1.6720e+00
1.6720e+00
1.6720e+00
1.6720e+00
1.6611e+00
1.6611e+00
1.6611e+00
1.6720e+00
1.6611e+00
1.6501e+00
1.6391e+00
1.6501e+00
1.6391e+00
1.6391e+00
1.6391e+00
1.6391e+00
1.6282e+00
1.6282e+00
1.6282e+00
1.6282e+00
1.6282e+00
1.6172e+00
1.6062e+00
1.6062e+00
1.6062e+00
1.6062e+00
1.5952e+00
1.5952e+00
1.5952e+00
1.5843e+00
1.5843e+00
1.5843e+00
1.5843e+00
1.5733e+00
1.5733e+00
1.5733e+00
1.5733e+00
1.5733e+00
1.5623e+00
1.5623e+00
1.5514e+00
1.5514e+00
1.5514e+00
1.5514e+00
1.5404e+00
1.5404e+00
1.5404e+00
1.5404e+00
1.5404e+00
1.5294e+00
1.5294e+00
1.5294e+00
1.5184e+00
1.5184e+00
1.5294e+00
1.5184e+00
1.5075e+00
1.5075e+00
1.5075e+00
1.5075e+00
1.5075e+00
1.5075e+00
1.5075e+00
1.4965e+00
1.4965e+00
1.4965e+00
1.4965e+00
1.4965e+00
1.4855e+00
1.4855e+00
1.4855e+00
1.4855e+00
1.4745e+00
1.4745e+00
1.4745e+00
1.4745e+00
1.4745e+00
1.4745e+00
1.4745e+00
1.4745e+00
1.4745e+00
1.4635e+00
1.4635e+00
1.4635e+00
1.4526e+00
1.4526e+00
1.4526e+00
1.4526e+00
1.4526e+00
1.4416e+00
1.4416e+00
1.4416e+00
1.4306e+00
1.4306e+00
1.4196e+00
1.4087e+00
1.4087e+00
1.4087e+00
1.3977e+00
1.3977e+00
1.3977e+00
1.3867e+00
1.3757e+00
1.3757e+00
1.3757e+00
1.3647e+00
1.3538e+00
1.3538e+00
1.3538e+00
1.3428e+00
1.3318e+00
1.3318e+00
1.3208e+00
1.3208e+00
1.3208e+00
1.3098e+00
1.3098e+00
1.2988e+00
1.2988e+00
1.2988e+00
1.2879e+00
1.2769e+00
1.2769e+00
1.2769e+00
1.2769e+00
1.2659e+00
1.2659e+00
1.2549e+00
1.2549e+00
1.2439e+00
1.2439e+00
1.2439e+00
1.2329e+00
1.2329e+00
1.2329e+00
1.2220e+00
1.2110e+00
1.2110e+00
1.2110e+00
1.2110e+00
1.2110e+00
1.2000e+00
1.2000e+00
1.2000e+00
1.2000e+00
1.1890e+00
1.1890e+00
1.1890e+00
1.1890e+00
1.1780e+00
1.1780e+00
1.1780e+00
1.1670e+00
1.1670e+00
1.1670e+00
1.1670e+00
1.1670e+00
1.1670e+00
1.1670e+00
1.1670e+00
1.1560e+00
1.1560e+00
1.1670e+00
1.1670e+00
1.1670e+00
1.1670e+00
1.1560e+00
1.1560e+00
1.1450e+00
1.1450e+00
1.1341e+00
1.1341e+00
1.1341e+00
1.1341e+00
1.1231e+00
1.1231e+00
1.1231e+00
1.1231e+00
1.1231e+00
1.1121e+00
1.1121e+00
1.1011e+00
1.1011e+00
1.1011e+00
1.1011e+00
1.0901e+00
1.0791e+00
1.0791e+00
1.0791e+00
1.0791e+00
1.0791e+00
1.0681e+00
1.0681e+00
1.0681e+00
1.0681e+00
1.0571e+00
1.0571e+00
1.0571e+00
1.0571e+00
1.0461e+00
1.0461e+00
1.0461e+00
1.0461e+00
1.0461e+00
1.0461e+00
1.0351e+00
1.0461e+00
1.0461e+00
1.0351e+00
1.0461e+00
1.0461e+00
1.0351e+00
1.0461e+00
1.0351e+00
1.0351e+00
1.0351e+00
1.0241e+00
1.0351e+00
1.0241e+00
1.0241e+00
1.0241e+00
1.0131e+00
1.0131e+00
1.0131e+00
1.0131e+00
1.0131e+00
1.0022e+00
1.0022e+00
1.0022e+00
1.0022e+00
9.9116e-01
9.8016e-01
9.8016e-01
9.8016e-01
9.6917e-01
9.6917e-01
9.6917e-01
9.5817e-01
9.5817e-01
9.5817e-01
9.4718e-01
9.5817e-01
9.4718e-01
9.4718e-01
9.3618e-01
9.2518e-01
9.2518e-01
9.2518e-01
9.2518e-01
9.2518e-01
9.2518e-01
9.2518e-01
9.1419e-01
9.1419e-01
9.1419e-01
9.0319e-01
9.0319e-01
8.9219e-01
8.9219e-01
8.8119e-01
8.8119e-01
8.7020e-01
8.7020e-01
8.8119e-01
8.8119e-01
8.7020e-01
8.7020e-01
8.5920e-01
8.5920e-01
8.5920e-01
8.5920e-01
8.5920e-01
8.5920e-01
8.5920e-01
8.5920e-01
8.4820e-01
8.3720e-01
8.4820e-01
8.4820e-01
8.3720e-01
8.3720e-01
8.2620e-01
8.2620e-01
8.2620e-01
8.1520e-01
8.1520e-01
8.1520e-01
8.1520e-01
8.0419e-01
8.0419e-01
7.9319e-01
7.9319e-01
7.9319e-01
7.9319e-01
7.8219e-01
7.8219e-01
7.8219e-01
7.7119e-01
7.7119e-01
7.7119e-01
7.6018e-01
7.6018e-01
7.4918e-01
7.4918e-01
7.3818e-01
7.3818e-01
7.3818e-01
7.3818e-01
7.3818e-01
7.2717e-01
7.2717e-01
7.2717e-01
7.1617e-01
7.1617e-01
7.1617e-01
7.0516e-01
7.0516e-01
7.0516e-01
7.0516e-01
7.0516e-01
6.9416e-01
7.0516e-01
7.0516e-01
6.9416e-01
6.9416e-01
6.9416e-01
6.9416e-01
6.8315e-01
6.8315e-01
6.8315e-01
6.7215e-01
6.7215e-01
6.7215e-01
6.7215e-01
6.7215e-01
6.7215e-01
6.7215e-01
6.6114e-01
6.7215e-01
6.7215e-01
6.6114e-01
6.6114e-01
6.6114e-01
6.6114e-01
6.6114e-01
6.6114e-01
6.5013e-01
6.6114e-01
6.6114e-01
6.5013e-01
6.5013e-01
6.5013e-01
6.5013e-01
6.5013e-01
6.5013e-01
6.5013e-01
6.5013e-01
6.5013e-01
6.3913e-01
6.3913e-01
6.5013e-01
6.5013e-01
6.5013e-01
6.3913e-01
6.3913e-01
6.5013e-01
6.5013e-01
6.5013e-01
6.5013e-01
6.5013e-01
6.5013e-01
6.5013e-01
6.5013e-01
6.3913e-01
6.5013e-01
6.3913e-01
6.3913e-01
6.5013e-01
6.5013e-01
6.5013e-01
6.5013e-01
6.6114e-01
6.5013e-01
6.5013e-01
6.5013e-01
6.5013e-01
6.5013e-01
6.5013e-01
6.5013e-01
6.5013e-01
6.5013e-01
6.5013e-01
6.6114e-01
6.6114e-01
6.6114e-01
6.6114e-01
6.6114e-01
6.6114e-01
6.6114e-01
6.6114e-01
6.7215e-01
6.7215e-01
6.7215e-01
6.7215e-01
6.7215e-01
6.7215e-01
6.7215e-01
6.7215e-01
6.7215e-01
6.8315e-01
6.7215e-01
6.8315e-01
6.8315e-01
6.8315e-01
6.8315e-01
6.8315e-01
6.9416e-01
6.9416e-01
6.9416e-01
6.9416e-01
6.9416e-01
6.9416e-01
7.0516e-01
6.9416e-01
6.9416e-01
7.0516e-01
7.1617e-01
7.0516e-01
7.0516e-01
7.0516e-01
7.0516e-01
7.0516e-01
7.1617e-01
7.1617e-01
7.0516e-01
7.0516e-01
7.1617e-01
7.1617e-01
7.1617e-01
7.1617e-01
7.1617e-01
7.1617e-01
7.1617e-01
7.1617e-01
7.1617e-01
7.2717e-01
7.2717e-01
7.1617e-01
7.1617e-01
7.2717e-01
7.1617e-01
7.1617e-01
7.1617e-01
7.1617e-01
7.1617e-01
7.1617e-01
7.1617e-01
7.1617e-01
7.1617e-01
7.0516e-01
7.0516e-01
7.0516e-01
7.0516e-01
7.0516e-01
7.0516e-01
7.0516e-01
7.0516e-01
6.9416e-01
6.9416e-01
6.9416e-01
6.9416e-01
6.9416e-01
6.9416e-01
6.9416e-01
6.9416e-01
6.8315e-01
6.7215e-01
6.7215e-01
6.8315e-01
6.7215e-01
6.7215e-01
6.6114e-01
6.6114e-01
6.6114e-01
6.5013e-01
6.5013e-01
6.3913e-01
6.3913e-01
6.3913e-01
6.3913e-01
6.3913e-01
6.2812e-01
6.2812e-01
6.1711e-01
6.1711e-01
6.1711e-01
6.0610e-01
6.0610e-01
5.9509e-01
5.9509e-01
5.8408e-01
5.8408e-01
5.8408e-01
5.8408e-01
5.8408e-01
5.8408e-01
5.8408e-01
5.7307e-01
5.7307e-01
5.8408e-01
5.7307e-01
5.6206e-01
5.6206e-01
5.6206e-01
5.5105e-01
5.5105e-01
5.4004e-01
5.5105e-01
5.5105e-01
5.4004e-01
5.4004e-01
5.4004e-01
5.2903e-01
5.2903e-01
5.2903e-01
5.2903e-01
5.1802e-01
5.1802e-01
5.1802e-01
5.1802e-01
5.0701e-01
5.0701e-01
4.9599e-01
4.9599e-01
4.9599e-01
4.9599e-01
4.9599e-01
4.8498e-01
4.8498e-01
4.9599e-01
4.9599e-01
4.9599e-01
4.8498e-01
4.8498e-01
4.8498e-01
4.7397e-01
4.7397e-01
4.7397e-01
4.7397e-01
4.7397e-01
4.7397e-01
4.7397e-01
4.6295e-01
4.6295e-01
4.7397e-01
4.6295e-01
4.6295e-01
4.5194e-01
4.5194e-01
4.5194e-01
4.5194e-01
4.5194e-01
4.5194e-01
4.5194e-01
4.4092e-01
4.5194e-01
4.5194e-01
4.4092e-01
4.2991e-01
4.2991e-01
4.2991e-01
4.2991e-01
4.1889e-01
4.1889e-01
4.1889e-01
4.1889e-01
4.1889e-01
4.1889e-01
4.0788e-01
4.0788e-01
4.0788e-01
3.9686e-01
3.9686e-01
3.9686e-01
3.9686e-01
3.8584e-01
3.8584e-01
3.7483e-01
3.7483e-01
3.6381e-01
3.6381e-01
3.6381e-01
3.6381e-01
3.5279e-01
3.4177e-01
3.4177e-01
3.3075e-01
3.3075e-01
3.3075e-01
3.1974e-01
3.1974e-01
3.1974e-01
3.1974e-01
3.1974e-01
3.0872e-01
2.9770e-01
2.9770e-01
2.8668e-01
2.8668e-01
2.8668e-01
2.8668e-01
2.8668e-01
2.7565e-01
2.7565e-01
2.7565e-01
2.6463e-01
2.6463e-01
2.6463e-01
2.6463e-01
2.6463e-01
2.6463e-01
2.5361e-01
2.5361e-01
2.5361e-01
2.5361e-01
2.5361e-01
2.5361e-01
2.4259e-01
2.4259e-01
2.4259e-01
2.3157e-01
2.3157e-01
2.3157e-01
2.2054e-01
2.2054e-01
2.3157e-01
2.2054e-01
2.2054e-01
2.2054e-01
2.0952e-01
2.0952e-01
2.0952e-01
1.9850e-01
1.9850e-01
1.9850e-01
1.8747e-01
1.8747e-01
1.8747e-01
1.8747e-01
1.8747e-01
1.7645e-01
1.6542e-01
1.6542e-01
1.5440e-01
1.5440e-01
1.5440e-01
1.5440e-01
1.4337e-01
1.4337e-01
1.3235e-01
1.3235e-01
1.3235e-01
1.3235e-01
1.2132e-01
1.2132e-01
1.2132e-01
1.1029e-01
1.1029e-01
1.1029e-01
9.9265e-02
9.9265e-02
8.8237e-02
8.8237e-02
8.8237e-02
7.7209e-02
7.7209e-02
6.6180e-02
6.6180e-02
6.6180e-02
5.5151e-02
5.5151e-02
5.5151e-02
4.4122e-02
4.4122e-02
4.4122e-02
4.4122e-02
3.3092e-02
3.3092e-02
4.4122e-02
3.3092e-02
3.3092e-02
3.3092e-02
3.3092e-02
3.3092e-02
2.2062e-02
2.2062e-02
2.2062e-02
2.2062e-02
2.2062e-02
2.2062e-02
2.2062e-02
2.2062e-02
1.1031e-02
2.2062e-02
2.2062e-02
2.2062e-02
1.1031e-02
1.1031e-02
1.1031e-02
1.1031e-02
1.1031e-02
1.1031e-02
2.2062e-02
1.1031e-02
1.1031e-02
1.1031e-02
1.1031e-02
1.1031e-02
0000
1.1031e-02
1.1031e-02
1.1031e-02
1.1031e-02
1.1031e-02
1.1031e-02
1.1031e-02
0000
0000
1.1031e-02
1.1031e-02
1.1031e-02
1.1031e-02
1.1031e-02
1.1031e-02
1.1031e-02
2.2062e-02
2.2062e-02
1.1031e-02
1.1031e-02
1.1031e-02
2.2062e-02
2.2062e-02
2.2062e-02
2.2062e-02
2.2062e-02
2.2062e-02
3.3092e-02
2.2062e-02
2.2062e-02
2.2062e-02
2.2062e-02
3.3092e-02
3.3092e-02
3.3092e-02
3.3092e-02
3.3092e-02
3.3092e-02
3.3092e-02
3.3092e-02
3.3092e-02
3.3092e-02
4.4122e-02
4.4122e-02
4.4122e-02
4.4122e-02
4.4122e-02
4.4122e-02
4.4122e-02
4.4122e-02
4.4122e-02
5.5151e-02
4.4122e-02
4.4122e-02
4.4122e-02
5.5151e-02
5.5151e-02
5.5151e-02
5.5151e-02
5.5151e-02
5.5151e-02
6.6180e-02
6.6180e-02
6.6180e-02
6.6180e-02
6.6180e-02
6.6180e-02
6.6180e-02
6.6180e-02
5.5151e-02
6.6180e-02
7.7209e-02
7.7209e-02
7.7209e-02
7.7209e-02
8.8237e-02
8.8237e-02
7.7209e-02
8.8237e-02
9.9265e-02
9.9265e-02
9.9265e-02
8.8237e-02
9.9265e-02
9.9265e-02
9.9265e-02
9.9265e-02
9.9265e-02
9.9265e-02
9.9265e-02
1.1029e-01
1.1029e-01
1.1029e-01
1.1029e-01
1.1029e-01
1.1029e-01
1.1029e-01
1.2132e-01
1.2132e-01
1.2132e-01
1.2132e-01
1.2132e-01
1.3235e-01
1.3235e-01
1.3235e-01
1.3235e-01
1.3235e-01
1.3235e-01
1.4337e-01
1.4337e-01
1.4337e-01
1.4337e-01
1.4337e-01
1.4337e-01
1.4337e-01
1.4337e-01
1.4337e-01
1.4337e-01
1.5440e-01
1.5440e-01
1.5440e-01
1.5440e-01
1.5440e-01
1.4337e-01
1.5440e-01
1.4337e-01
1.4337e-01
1.4337e-01
1.4337e-01
1.4337e-01
1.4337e-01
1.4337e-01
1.4337e-01
1.4337e-01
