1.7324e+01
1.7316e+01
1.7308e+01
1.7300e+01
1.7292e+01
1.7277e+01
1.7269e+01
1.7253e+01
1.7237e+01
1.7229e+01
1.7221e+01
1.7206e+01
1.7198e+01
1.7182e+01
1.7174e+01
1.7166e+01
1.7158e+01
1.7150e+01
1.7142e+01
1.7134e+01
1.7119e+01
1.7111e+01
1.7103e+01
1.7087e+01
1.7071e+01
1.7063e+01
1.7055e+01
1.7047e+01
1.7040e+01
1.7024e+01
1.7008e+01
1.7008e+01
1.7000e+01
1.6992e+01
1.6984e+01
1.6976e+01
1.6960e+01
1.6953e+01
1.6945e+01
1.6937e+01
1.6937e+01
1.6921e+01
1.6905e+01
1.6897e+01
1.6889e+01
1.6881e+01
1.6873e+01
1.6865e+01
1.6850e+01
1.6850e+01
1.6826e+01
1.6818e+01
1.6818e+01
1.6810e+01
1.6802e+01
1.6786e+01
1.6778e+01
1.6770e+01
1.6763e+01
1.6747e+01
1.6739e+01
1.6723e+01
1.6723e+01
1.6715e+01
1.6707e+01
1.6699e+01
1.6683e+01
1.6668e+01
1.6668e+01
1.6660e+01
1.6652e+01
1.6636e+01
1.6620e+01
1.6612e+01
1.6612e+01
1.6596e+01
1.6588e+01
1.6572e+01
1.6557e+01
1.6557e+01
1.6549e+01
1.6533e+01
1.6525e+01
1.6509e+01
1.6501e+01
1.6493e+01
1.6485e+01
1.6477e+01
1.6462e+01
1.6454e+01
1.6438e+01
1.6422e+01
1.6414e+01
1.6398e+01
1.6390e+01
1.6390e+01
1.6374e+01
1.6366e+01
1.6358e+01
1.6335e+01
1.6327e+01
1.6327e+01
1.6303e+01
1.6295e+01
1.6287e+01
1.6271e+01
1.6271e+01
1.6263e+01
1.6247e+01
1.6232e+01
1.6216e+01
1.6208e+01
1.6200e+01
1.6184e+01
1.6176e+01
1.6160e+01
1.6160e+01
1.6152e+01
1.6136e+01
1.6128e+01
1.6120e+01
1.6097e+01
1.6097e+01
1.6097e+01
1.6073e+01
1.6065e+01
1.6057e+01
1.6041e+01
1.6033e+01
1.6033e+01
1.6017e+01
1.6001e+01
1.5993e+01
1.5978e+01
1.5970e+01
1.5962e+01
1.5954e+01
1.5946e+01
1.5930e+01
1.5922e+01
1.5914e+01
1.5898e+01
1.5890e+01
1.5882e+01
1.5874e+01
1.5866e+01
1.5858e+01
1.5850e+01
1.5827e+01
1.5819e+01
1.5819e+01
1.5811e+01
1.5795e+01
1.5787e+01
1.5771e+01
1.5763e+01
1.5747e+01
1.5739e+01
1.5731e+01
1.5715e+01
1.5707e+01
1.5699e+01
1.5691e+01
1.5684e+01
1.5668e+01
1.5660e+01
1.5644e+01
1.5636e+01
1.5636e+01
1.5628e+01
1.5612e+01
1.5596e+01
1.5580e+01
1.5572e+01
1.5564e+01
1.5556e+01
1.5548e+01
1.5540e+01
1.5532e+01
1.5524e+01
1.5516e+01
1.5493e+01
1.5493e+01
1.5485e+01
1.5477e+01
1.5469e+01
1.5461e+01
1.5453e+01
1.5437e+01
1.5429e+01
1.5413e+01
1.5413e+01
1.5413e+01
1.5389e+01
1.5381e+01
1.5381e+01
1.5373e+01
1.5365e+01
1.5349e+01
1.5333e+01
1.5325e+01
1.5318e+01
1.5302e+01
1.5294e+01
1.5286e+01
1.5270e+01
1.5262e+01
1.5254e+01
1.5238e+01
1.5230e+01
1.5222e+01
1.5214e+01
1.5198e+01
1.5190e+01
1.5182e+01
1.5166e+01
1.5150e+01
1.5134e+01
1.5126e+01
1.5118e+01
1.5102e+01
1.5086e+01
1.5071e+01
1.5063e+01
1.5047e+01
1.5039e+01
1.5023e+01
1.5007e+01
1.4991e+01
1.4983e+01
1.4975e+01
1.4959e+01
1.4943e+01
1.4935e+01
1.4927e+01
1.4911e+01
1.4903e+01
1.4887e+01
1.4871e+01
1.4847e+01
1.4839e+01
1.4831e+01
1.4823e+01
1.4807e+01
1.4799e+01
1.4783e+01
1.4775e+01
1.4752e+01
1.4744e+01
1.4736e+01
1.4720e+01
1.4712e+01
1.4704e+01
1.4680e+01
1.4672e+01
1.4656e+01
1.4648e+01
1.4632e+01
1.4616e+01
1.4616e+01
1.4600e+01
1.4576e+01
1.4568e+01
1.4552e+01
1.4536e+01
1.4528e+01
1.4512e+01
1.4496e+01
1.4488e+01
1.4472e+01
1.4464e+01
1.4448e+01
1.4440e+01
1.4424e+01
1.4408e+01
1.4400e+01
1.4384e+01
1.4368e+01
1.4352e+01
1.4344e+01
1.4336e+01
1.4320e+01
1.4304e+01
1.4288e+01
1.4280e+01
1.4272e+01
1.4256e+01
1.4248e+01
1.4232e+01
1.4216e+01
1.4216e+01
1.4208e+01
1.4192e+01
1.4176e+01
1.4168e+01
1.4152e+01
1.4144e+01
1.4128e+01
1.4120e+01
1.4112e+01
1.4096e+01
1.4096e+01
1.4080e+01
1.4064e+01
1.4048e+01
1.4032e+01
1.4016e+01
1.4000e+01
1.3992e+01
1.3984e+01
1.3976e+01
1.3968e+01
1.3952e+01
1.3936e+01
1.3920e+01
1.3912e+01
1.3896e+01
1.3872e+01
1.3864e+01
1.3856e+01
1.3840e+01
1.3824e+01
1.3816e+01
1.3800e+01
1.3784e+01
1.3776e+01
1.3760e+01
1.3752e+01
1.3744e+01
1.3728e+01
1.3712e+01
1.3704e+01
1.3688e+01
1.3680e+01
1.3664e+01
1.3656e+01
1.3648e+01
1.3632e+01
1.3616e+01
1.3608e+01
1.3592e+01
1.3584e+01
1.3568e+01
1.3552e+01
1.3544e+01
1.3536e+01
1.3520e+01
1.3503e+01
1.3495e+01
1.3479e+01
1.3471e+01
1.3455e+01
1.3439e+01
1.3431e+01
1.3423e+01
1.3407e+01
1.3391e+01
1.3383e+01
1.3375e+01
1.3367e+01
1.3359e+01
1.3343e+01
1.3327e+01
1.3319e+01
1.3311e+01
1.3295e+01
1.3287e+01
1.3271e+01
1.3247e+01
1.3247e+01
1.3239e+01
1.3231e+01
1.3215e+01
1.3199e+01
1.3191e+01
1.3174e+01
1.3166e+01
1.3150e+01
1.3142e+01
1.3126e+01
1.3110e+01
1.3094e+01
1.3086e+01
1.3070e+01
1.3062e+01
1.3046e+01
1.3030e+01
1.3022e+01
1.3014e+01
1.2990e+01
1.2982e+01
1.2974e+01
1.2949e+01
1.2933e+01
1.2925e+01
1.2917e+01
1.2901e+01
1.2885e+01
1.2877e+01
1.2861e+01
1.2853e+01
1.2845e+01
1.2829e+01
1.2813e+01
1.2805e+01
1.2797e+01
1.2789e+01
1.2773e+01
1.2748e+01
1.2740e+01
1.2732e+01
1.2716e+01
1.2708e+01
1.2692e+01
1.2684e+01
1.2676e+01
1.2660e+01
1.2660e+01
1.2652e+01
1.2636e+01
1.2628e+01
1.2620e+01
1.2604e+01
1.2596e+01
1.2588e+01
1.2579e+01
1.2563e+01
1.2555e+01
1.2539e+01
1.2539e+01
1.2531e+01
1.2515e+01
1.2507e+01
1.2499e+01
1.2499e+01
1.2483e+01
1.2475e+01
1.2459e+01
1.2459e+01
1.2443e+01
1.2435e+01
1.2427e+01
1.2427e+01
1.2418e+01
1.2402e+01
1.2394e+01
1.2386e+01
1.2378e+01
1.2362e+01
1.2362e+01
1.2354e+01
1.2354e+01
1.2338e+01
1.2322e+01
1.2314e+01
1.2306e+01
1.2306e+01
1.2298e+01
1.2290e+01
1.2273e+01
1.2257e+01
1.2249e+01
1.2249e+01
1.2225e+01
1.2217e+01
1.2217e+01
1.2201e+01
1.2193e+01
1.2177e+01
1.2169e+01
1.2161e+01
1.2153e+01
1.2144e+01
1.2128e+01
1.2120e+01
1.2104e+01
1.2088e+01
1.2072e+01
1.2064e+01
1.2056e+01
1.2040e+01
1.2040e+01
1.2032e+01
1.2007e+01
1.1999e+01
1.1991e+01
1.1983e+01
1.1975e+01
1.1967e+01
1.1951e+01
1.1935e+01
1.1927e+01
1.1919e+01
1.1902e+01
1.1894e+01
1.1886e+01
1.1878e+01
1.1878e+01
1.1862e+01
1.1846e+01
1.1846e+01
1.1838e+01
1.1830e+01
1.1822e+01
1.1806e+01
1.1797e+01
1.1789e+01
1.1781e+01
1.1773e+01
1.1765e+01
1.1749e+01
1.1749e+01
1.1749e+01
1.1733e+01
1.1725e+01
1.1717e+01
1.1709e+01
1.1693e+01
1.1684e+01
1.1676e+01
1.1676e+01
1.1660e+01
1.1652e+01
1.1636e+01
1.1636e+01
1.1628e+01
1.1620e+01
1.1604e+01
1.1587e+01
1.1579e+01
1.1571e+01
1.1571e+01
1.1563e+01
1.1547e+01
1.1539e+01
1.1531e+01
1.1523e+01
1.1515e+01
1.1507e+01
1.1499e+01
1.1490e+01
1.1482e+01
1.1474e+01
1.1458e+01
1.1450e+01
1.1442e+01
1.1434e+01
1.1434e+01
1.1426e+01
1.1418e+01
1.1402e+01
1.1385e+01
1.1377e+01
1.1369e+01
1.1361e+01
1.1353e+01
1.1345e+01
1.1337e+01
1.1329e+01
1.1313e+01
1.1296e+01
1.1288e+01
1.1280e+01
1.1272e+01
1.1264e+01
1.1248e+01
1.1240e+01
1.1232e+01
1.1215e+01
1.1215e+01
1.1207e+01
1.1199e+01
1.1191e+01
1.1175e+01
1.1159e+01
1.1151e+01
1.1143e+01
1.1135e+01
1.1126e+01
1.1110e+01
1.1102e+01
1.1094e+01
1.1086e+01
1.1078e+01
1.1070e+01
1.1054e+01
1.1045e+01
1.1037e+01
1.1021e+01
1.1013e+01
1.0997e+01
1.0989e+01
1.0981e+01
1.0973e+01
1.0964e+01
1.0948e+01
1.0940e+01
1.0940e+01
1.0924e+01
1.0908e+01
1.0908e+01
1.0892e+01
1.0883e+01
1.0875e+01
1.0859e+01
1.0843e+01
1.0835e+01
1.0827e+01
1.0819e+01
1.0802e+01
1.0794e+01
1.0786e+01
1.0770e+01
1.0762e+01
1.0746e+01
1.0738e+01
1.0729e+01
1.0721e+01
1.0713e+01
1.0705e+01
1.0689e+01
1.0681e+01
1.0673e+01
1.0656e+01
1.0648e+01
1.0648e+01
1.0632e+01
1.0624e+01
1.0608e+01
1.0600e+01
1.0583e+01
1.0583e+01
1.0567e+01
1.0559e+01
1.0543e+01
1.0535e+01
1.0535e+01
1.0519e+01
1.0519e+01
1.0502e+01
1.0494e+01
1.0494e+01
1.0478e+01
1.0470e+01
1.0470e+01
1.0454e+01
1.0446e+01
1.0437e+01
1.0437e+01
1.0421e+01
1.0413e+01
1.0397e+01
1.0389e+01
1.0389e+01
1.0389e+01
1.0372e+01
1.0364e+01
1.0356e+01
1.0348e+01
1.0340e+01
1.0332e+01
1.0324e+01
1.0316e+01
1.0308e+01
1.0308e+01
1.0291e+01
1.0275e+01
1.0267e+01
1.0267e+01
1.0251e+01
1.0243e+01
1.0234e+01
1.0234e+01
1.0226e+01
1.0226e+01
1.0210e+01
1.0194e+01
1.0186e+01
1.0186e+01
1.0186e+01
1.0161e+01
1.0153e+01
1.0153e+01
1.0145e+01
1.0129e+01
1.0121e+01
1.0113e+01
1.0113e+01
1.0104e+01
1.0096e+01
1.0080e+01
1.0080e+01
1.0080e+01
1.0064e+01
1.0056e+01
1.0047e+01
1.0031e+01
1.0023e+01
1.0015e+01
1.0007e+01
9.9987e+00
9.9987e+00
9.9824e+00
9.9743e+00
9.9743e+00
9.9662e+00
9.9499e+00
9.9580e+00
9.9499e+00
9.9336e+00
9.9336e+00
9.9255e+00
9.9174e+00
9.9011e+00
9.9011e+00
9.8930e+00
9.8767e+00
9.8686e+00
9.8686e+00
9.8523e+00
9.8442e+00
9.8360e+00
9.8279e+00
9.8197e+00
9.8116e+00
9.8035e+00
9.7953e+00
9.7872e+00
9.7872e+00
9.7791e+00
9.7709e+00
9.7628e+00
9.7465e+00
9.7384e+00
9.7302e+00
9.7221e+00
9.7139e+00
9.7058e+00
9.7058e+00
9.6977e+00
9.6895e+00
9.6814e+00
9.6732e+00
9.6569e+00
9.6569e+00
9.6407e+00
9.6407e+00
9.6325e+00
9.6162e+00
9.6081e+00
9.6081e+00
9.5999e+00
9.5918e+00
9.5837e+00
9.5674e+00
9.5674e+00
9.5592e+00
9.5511e+00
9.5348e+00
9.5348e+00
9.5266e+00
9.5103e+00
9.4940e+00
9.4859e+00
9.4940e+00
9.4859e+00
9.4696e+00
9.4533e+00
9.4452e+00
9.4452e+00
9.4370e+00
9.4289e+00
9.4207e+00
9.4126e+00
9.4044e+00
9.3963e+00
9.3881e+00
9.3718e+00
9.3637e+00
9.3555e+00
9.3474e+00
9.3392e+00
9.3229e+00
9.3147e+00
9.3066e+00
9.3066e+00
9.2984e+00
9.2903e+00
9.2821e+00
9.2740e+00
9.2577e+00
9.2577e+00
9.2495e+00
9.2332e+00
9.2332e+00
9.2250e+00
9.2250e+00
9.2087e+00
9.2006e+00
9.2006e+00
9.1843e+00
9.1843e+00
9.1761e+00
9.1679e+00
9.1598e+00
9.1516e+00
9.1435e+00
9.1353e+00
9.1271e+00
9.1190e+00
9.1190e+00
9.1027e+00
9.0945e+00
9.0945e+00
9.0863e+00
9.0782e+00
9.0700e+00
9.0619e+00
9.0619e+00
9.0537e+00
9.0374e+00
9.0374e+00
9.0292e+00
9.0129e+00
9.0047e+00
8.9966e+00
8.9966e+00
8.9884e+00
8.9802e+00
8.9721e+00
8.9639e+00
8.9639e+00
8.9557e+00
8.9394e+00
8.9313e+00
8.9231e+00
8.9068e+00
8.8986e+00
8.8904e+00
8.8823e+00
8.8741e+00
8.8659e+00
8.8578e+00
8.8496e+00
8.8414e+00
8.8332e+00
8.8169e+00
8.8087e+00
8.8006e+00
8.7924e+00
8.7924e+00
8.7842e+00
8.7679e+00
8.7515e+00
8.7515e+00
8.7434e+00
8.7352e+00
8.7270e+00
8.7189e+00
8.7107e+00
8.6943e+00
8.6862e+00
8.6862e+00
8.6780e+00
8.6616e+00
8.6535e+00
8.6535e+00
8.6453e+00
8.6289e+00
8.6208e+00
8.6208e+00
8.6126e+00
8.5962e+00
8.5881e+00
8.5881e+00
8.5717e+00
8.5635e+00
8.5554e+00
8.5554e+00
8.5390e+00
8.5308e+00
8.5308e+00
8.5227e+00
8.5063e+00
8.4981e+00
8.4899e+00
8.4818e+00
8.4654e+00
8.4654e+00
8.4572e+00
8.4490e+00
8.4490e+00
8.4409e+00
8.4245e+00
8.4163e+00
8.4245e+00
8.4081e+00
8.3918e+00
8.3836e+00
8.3836e+00
8.3754e+00
8.3672e+00
8.3590e+00
8.3508e+00
8.3427e+00
8.3427e+00
8.3263e+00
8.3181e+00
8.3181e+00
8.3099e+00
8.3017e+00
8.3017e+00
8.2935e+00
8.2854e+00
8.2772e+00
8.2772e+00
8.2690e+00
8.2608e+00
8.2526e+00
8.2526e+00
8.2362e+00
8.2281e+00
8.2281e+00
8.2199e+00
8.2117e+00
8.2117e+00
8.2035e+00
8.1871e+00
8.1871e+00
8.1789e+00
8.1707e+00
8.1625e+00
8.1544e+00
8.1544e+00
8.1462e+00
8.1380e+00
8.1380e+00
8.1298e+00
8.1216e+00
8.1298e+00
8.1134e+00
8.1052e+00
8.0888e+00
8.0888e+00
8.0888e+00
8.0806e+00
8.0724e+00
8.0642e+00
8.0560e+00
8.0479e+00
8.0479e+00
8.0397e+00
8.0315e+00
8.0233e+00
8.0151e+00
8.0069e+00
7.9905e+00
7.9823e+00
7.9823e+00
7.9823e+00
7.9741e+00
7.9659e+00
7.9577e+00
7.9413e+00
7.9413e+00
7.9249e+00
7.9167e+00
7.9249e+00
7.9249e+00
7.9003e+00
7.8921e+00
7.8839e+00
7.8675e+00
7.8675e+00
7.8593e+00
7.8511e+00
7.8429e+00
7.8429e+00
7.8347e+00
7.8265e+00
7.8183e+00
7.8019e+00
7.8019e+00
7.7937e+00
7.7855e+00
7.7773e+00
7.7609e+00
7.7609e+00
7.7527e+00
7.7363e+00
7.7281e+00
7.7199e+00
7.7199e+00
7.7117e+00
7.7035e+00
7.7035e+00
7.6871e+00
7.6789e+00
7.6789e+00
7.6789e+00
7.6625e+00
7.6460e+00
7.6460e+00
7.6460e+00
7.6296e+00
7.6296e+00
7.6214e+00
7.6132e+00
7.6050e+00
7.6050e+00
7.6050e+00
7.5968e+00
7.5886e+00
7.5804e+00
7.5722e+00
7.5558e+00
7.5476e+00
7.5476e+00
7.5393e+00
7.5311e+00
7.5229e+00
7.5147e+00
7.5147e+00
7.5065e+00
7.5065e+00
7.4983e+00
7.4901e+00
7.4901e+00
7.4819e+00
7.4737e+00
7.4654e+00
7.4572e+00
7.4408e+00
7.4326e+00
7.4326e+00
7.4244e+00
7.4079e+00
7.4079e+00
7.3997e+00
7.3833e+00
7.3751e+00
7.3751e+00
7.3669e+00
7.3504e+00
7.3422e+00
7.3422e+00
7.3340e+00
7.3258e+00
7.3176e+00
7.3011e+00
7.2929e+00
7.2929e+00
7.2847e+00
7.2683e+00
7.2600e+00
7.2600e+00
7.2436e+00
7.2354e+00
7.2272e+00
7.2190e+00
7.2025e+00
7.1943e+00
7.1861e+00
7.1778e+00
7.1614e+00
7.1450e+00
7.1450e+00
7.1367e+00
7.1285e+00
7.1203e+00
7.1121e+00
7.0956e+00
7.0874e+00
7.0792e+00
7.0709e+00
7.0627e+00
7.0463e+00
7.0380e+00
7.0298e+00
7.0216e+00
7.0134e+00
6.9887e+00
6.9805e+00
6.9722e+00
6.9640e+00
6.9558e+00
6.9475e+00
6.9393e+00
6.9228e+00
6.9228e+00
6.9064e+00
6.8982e+00
6.8899e+00
6.8735e+00
6.8652e+00
6.8488e+00
6.8488e+00
6.8323e+00
6.8241e+00
6.8158e+00
6.7994e+00
6.7994e+00
6.7829e+00
6.7747e+00
6.7664e+00
6.7500e+00
6.7417e+00
6.7335e+00
6.7253e+00
6.7170e+00
6.7005e+00
6.6841e+00
6.6758e+00
6.6594e+00
6.6429e+00
6.6346e+00
6.6264e+00
6.6099e+00
6.6017e+00
6.5852e+00
6.5687e+00
6.5687e+00
6.5522e+00
6.5440e+00
6.5275e+00
6.5110e+00
6.5028e+00
6.4945e+00
6.4781e+00
6.4616e+00
6.4533e+00
6.4451e+00
6.4368e+00
6.4203e+00
6.4121e+00
6.4039e+00
6.3956e+00
6.3791e+00
6.3709e+00
6.3626e+00
6.3461e+00
6.3379e+00
6.3214e+00
6.3131e+00
6.3131e+00
6.2966e+00
6.2884e+00
6.2719e+00
6.2636e+00
6.2554e+00
6.2471e+00
6.2389e+00
6.2306e+00
6.2224e+00
6.2141e+00
6.2141e+00
6.1976e+00
6.1894e+00
6.1811e+00
6.1728e+00
6.1563e+00
6.1563e+00
6.1481e+00
6.1398e+00
6.1233e+00
6.1233e+00
6.1151e+00
6.0986e+00
6.0986e+00
6.0903e+00
6.0738e+00
6.0655e+00
6.0655e+00
6.0573e+00
6.0408e+00
6.0325e+00
6.0242e+00
6.0160e+00
6.0077e+00
5.9995e+00
5.9912e+00
5.9912e+00
5.9829e+00
5.9747e+00
5.9664e+00
5.9582e+00
5.9499e+00
5.9416e+00
5.9334e+00
5.9251e+00
5.9251e+00
5.9169e+00
5.9086e+00
5.9003e+00
5.8921e+00
5.8838e+00
5.8755e+00
5.8755e+00
5.8590e+00
5.8507e+00
5.8425e+00
5.8507e+00
5.8425e+00
5.8342e+00
5.8342e+00
5.8177e+00
5.8177e+00
5.8094e+00
5.8094e+00
5.8094e+00
5.8012e+00
5.7846e+00
5.7764e+00
5.7681e+00
5.7681e+00
5.7598e+00
5.7598e+00
5.7516e+00
5.7350e+00
5.7350e+00
5.7268e+00
5.7185e+00
5.7185e+00
5.7102e+00
5.7019e+00
5.7019e+00
5.6937e+00
5.6854e+00
5.6771e+00
5.6771e+00
5.6689e+00
5.6606e+00
5.6523e+00
5.6441e+00
5.6358e+00
5.6275e+00
5.6275e+00
5.6110e+00
5.6027e+00
5.5944e+00
5.5862e+00
5.5779e+00
5.5613e+00
5.5531e+00
5.5448e+00
5.5282e+00
5.5117e+00
5.5034e+00
5.4869e+00
5.4786e+00
5.4620e+00
5.4538e+00
5.4455e+00
5.4289e+00
5.4124e+00
5.4041e+00
5.3958e+00
5.3710e+00
5.3544e+00
5.3461e+00
5.3379e+00
5.3213e+00
5.3047e+00
5.2964e+00
5.2799e+00
5.2716e+00
5.2633e+00
5.2468e+00
5.2302e+00
5.2136e+00
5.1970e+00
5.1888e+00
5.1805e+00
5.1639e+00
5.1556e+00
5.1390e+00
5.1308e+00
5.1142e+00
5.0976e+00
5.0976e+00
5.0810e+00
5.0644e+00
5.0562e+00
5.0396e+00
5.0230e+00
5.0147e+00
5.0147e+00
4.9898e+00
4.9815e+00
4.9650e+00
4.9567e+00
4.9484e+00
4.9401e+00
4.9235e+00
4.9069e+00
4.8986e+00
4.8903e+00
4.8820e+00
4.8737e+00
4.8654e+00
4.8571e+00
4.8405e+00
4.8239e+00
4.8156e+00
4.8156e+00
4.8073e+00
4.7990e+00
4.7825e+00
4.7659e+00
4.7659e+00
4.7659e+00
4.7493e+00
4.7327e+00
4.7244e+00
4.7244e+00
4.7161e+00
4.6995e+00
4.6829e+00
4.6829e+00
4.6745e+00
4.6662e+00
4.6579e+00
4.6496e+00
4.6413e+00
4.6330e+00
4.6247e+00
4.6164e+00
4.6081e+00
4.5998e+00
4.5915e+00
4.5915e+00
4.5832e+00
4.5749e+00
4.5666e+00
4.5500e+00
4.5500e+00
4.5417e+00
4.5334e+00
4.5168e+00
4.5168e+00
4.5085e+00
4.5001e+00
4.4918e+00
4.4752e+00
4.4752e+00
4.4752e+00
4.4586e+00
4.4503e+00
4.4420e+00
4.4337e+00
4.4254e+00
4.4171e+00
4.4087e+00
4.4087e+00
4.4004e+00
4.3921e+00
4.3838e+00
4.3755e+00
4.3672e+00
4.3672e+00
4.3506e+00
4.3423e+00
4.3423e+00
4.3339e+00
4.3256e+00
4.3173e+00
4.3090e+00
4.3007e+00
4.3007e+00
4.2841e+00
4.2757e+00
4.2674e+00
4.2591e+00
4.2591e+00
4.2425e+00
4.2258e+00
4.2342e+00
4.2258e+00
4.2092e+00
4.1926e+00
4.1843e+00
4.1759e+00
4.1676e+00
4.1676e+00
4.1593e+00
4.1510e+00
4.1427e+00
4.1260e+00
4.1177e+00
4.1177e+00
4.1011e+00
4.0927e+00
4.0761e+00
4.0761e+00
4.0678e+00
4.0595e+00
4.0511e+00
4.0345e+00
4.0262e+00
4.0179e+00
4.0095e+00
4.0012e+00
3.9846e+00
3.9846e+00
3.9846e+00
3.9679e+00
3.9679e+00
3.9679e+00
3.9513e+00
3.9429e+00
3.9346e+00
3.9346e+00
3.9180e+00
3.9096e+00
3.9096e+00
3.9013e+00
3.8930e+00
3.8763e+00
3.8763e+00
3.8680e+00
3.8597e+00
3.8597e+00
3.8430e+00
3.8430e+00
3.8347e+00
3.8263e+00
3.8180e+00
3.8180e+00
3.8097e+00
3.8014e+00
3.8014e+00
3.7930e+00
3.7847e+00
3.7680e+00
3.7680e+00
3.7597e+00
3.7597e+00
3.7514e+00
3.7430e+00
3.7347e+00
3.7347e+00
3.7347e+00
3.7347e+00
3.7097e+00
3.7097e+00
3.7014e+00
3.6847e+00
3.6847e+00
3.6847e+00
3.6764e+00
3.6764e+00
3.6764e+00
3.6680e+00
3.6597e+00
3.6514e+00
3.6430e+00
3.6347e+00
3.6264e+00
3.6264e+00
3.6180e+00
3.6097e+00
3.6014e+00
3.5930e+00
3.5930e+00
3.5930e+00
3.5847e+00
3.5763e+00
3.5763e+00
3.5680e+00
3.5597e+00
3.5513e+00
3.5430e+00
3.5430e+00
3.5347e+00
3.5347e+00
3.5263e+00
3.5263e+00
3.5096e+00
3.5013e+00
3.5013e+00
3.5013e+00
3.4930e+00
3.4846e+00
3.4763e+00
3.4679e+00
3.4596e+00
3.4596e+00
3.4429e+00
3.4346e+00
3.4346e+00
3.4262e+00
3.4095e+00
3.4095e+00
3.4012e+00
3.3845e+00
3.3762e+00
3.3678e+00
3.3511e+00
3.3428e+00
3.3428e+00
3.3261e+00
3.3178e+00
3.3094e+00
3.2927e+00
3.2927e+00
3.2760e+00
3.2677e+00
3.2593e+00
3.2510e+00
3.2343e+00
3.2259e+00
3.2092e+00
3.2009e+00
3.1925e+00
3.1758e+00
3.1675e+00
3.1591e+00
3.1424e+00
3.1341e+00
3.1341e+00
3.1257e+00
3.1090e+00
3.1007e+00
3.0840e+00
3.0756e+00
3.0673e+00
3.0589e+00
3.0506e+00
3.0422e+00
3.0338e+00
3.0171e+00
3.0171e+00
3.0088e+00
3.0004e+00
2.9921e+00
2.9837e+00
2.9753e+00
2.9670e+00
2.9586e+00
2.9419e+00
2.9336e+00
2.9252e+00
2.9168e+00
2.9085e+00
2.8918e+00
2.8834e+00
2.8834e+00
2.8750e+00
2.8667e+00
2.8667e+00
2.8500e+00
2.8332e+00
2.8249e+00
2.8165e+00
2.8165e+00
2.8082e+00
2.7998e+00
2.7831e+00
2.7747e+00
2.7747e+00
2.7747e+00
2.7580e+00
2.7496e+00
2.7413e+00
2.7413e+00
2.7245e+00
2.7162e+00
2.7162e+00
2.7078e+00
2.6911e+00
2.6911e+00
2.6827e+00
2.6743e+00
2.6576e+00
2.6576e+00
2.6492e+00
2.6409e+00
2.6325e+00
2.6241e+00
2.6241e+00
2.6158e+00
2.6074e+00
2.5990e+00
2.5906e+00
2.5906e+00
2.5823e+00
2.5739e+00
2.5655e+00
2.5488e+00
2.5488e+00
2.5404e+00
2.5321e+00
2.5237e+00
2.5153e+00
2.5069e+00
2.5069e+00
2.4986e+00
2.4986e+00
2.4902e+00
2.4902e+00
2.4818e+00
2.4651e+00
2.4651e+00
2.4567e+00
2.4483e+00
2.4400e+00
2.4316e+00
2.4316e+00
2.4232e+00
2.4065e+00
2.3981e+00
2.3981e+00
2.3897e+00
2.3897e+00
2.3813e+00
2.3730e+00
2.3646e+00
2.3646e+00
2.3562e+00
2.3562e+00
2.3562e+00
2.3394e+00
2.3311e+00
2.3227e+00
2.3143e+00
2.3059e+00
2.2976e+00
2.2976e+00
2.2808e+00
2.2808e+00
2.2808e+00
2.2724e+00
2.2640e+00
2.2557e+00
2.2473e+00
2.2473e+00
2.2389e+00
2.2305e+00
2.2221e+00
2.2221e+00
2.2054e+00
2.2054e+00
2.2054e+00
2.1970e+00
2.1886e+00
2.1886e+00
2.1802e+00
2.1802e+00
2.1718e+00
2.1635e+00
2.1551e+00
2.1467e+00
2.1467e+00
2.1299e+00
2.1383e+00
2.1299e+00
2.1132e+00
2.1132e+00
2.1132e+00
2.1048e+00
2.0964e+00
2.0880e+00
2.0880e+00
2.0796e+00
2.0796e+00
2.0628e+00
2.0628e+00
2.0545e+00
2.0461e+00
2.0293e+00
2.0209e+00
2.0209e+00
2.0209e+00
2.0125e+00
2.0041e+00
1.9957e+00
1.9957e+00
1.9874e+00
1.9790e+00
1.9790e+00
1.9706e+00
1.9622e+00
1.9622e+00
1.9454e+00
1.9454e+00
1.9370e+00
1.9286e+00
1.9202e+00
1.9202e+00
1.9202e+00
1.9035e+00
1.8951e+00
1.8951e+00
1.8951e+00
1.8867e+00
1.8783e+00
1.8699e+00
1.8699e+00
1.8615e+00
1.8615e+00
1.8531e+00
1.8447e+00
1.8279e+00
1.8279e+00
1.8279e+00
1.8279e+00
1.8195e+00
1.8111e+00
1.8027e+00
1.8027e+00
1.7943e+00
1.7859e+00
1.7692e+00
1.7692e+00
1.7692e+00
1.7524e+00
1.7524e+00
1.7440e+00
1.7440e+00
1.7356e+00
1.7272e+00
1.7188e+00
1.7104e+00
1.7104e+00
1.7104e+00
1.7020e+00
1.6936e+00
1.6936e+00
1.6852e+00
1.6852e+00
1.6768e+00
1.6600e+00
1.6600e+00
1.6516e+00
1.6432e+00
1.6348e+00
1.6348e+00
1.6264e+00
1.6180e+00
1.6096e+00
1.6096e+00
1.6180e+00
1.6012e+00
1.5928e+00
1.5928e+00
1.5844e+00
1.5760e+00
1.5676e+00
1.5676e+00
1.5592e+00
1.5508e+00
1.5424e+00
1.5424e+00
1.5340e+00
1.5256e+00
1.5256e+00
1.5256e+00
1.5172e+00
1.5088e+00
1.5003e+00
1.4919e+00
1.5003e+00
1.4919e+00
1.4835e+00
1.4751e+00
1.4667e+00
1.4583e+00
1.4583e+00
1.4499e+00
1.4415e+00
1.4331e+00
1.4331e+00
1.4331e+00
1.4247e+00
1.4163e+00
1.4079e+00
1.3995e+00
1.4079e+00
1.3827e+00
1.3827e+00
1.3827e+00
1.3827e+00
1.3658e+00
1.3574e+00
1.3574e+00
1.3490e+00
1.3490e+00
1.3406e+00
1.3406e+00
1.3238e+00
1.3154e+00
1.3154e+00
1.3154e+00
1.3070e+00
1.2901e+00
1.2901e+00
1.2817e+00
1.2817e+00
1.2733e+00
1.2649e+00
1.2733e+00
1.2481e+00
1.2565e+00
1.2481e+00
1.2228e+00
1.2397e+00
1.2144e+00
1.2144e+00
1.2144e+00
1.1976e+00
1.1555e+00
1.2313e+00
1.1724e+00
1.1724e+00
1.1808e+00
1.1387e+00
1.1976e+00
1.0966e+00
1.1555e+00
1.1555e+00
1.1387e+00
1.1387e+00
1.1219e+00
1.1303e+00
1.0966e+00
1.1050e+00
1.0545e+00
1.0882e+00
1.0377e+00
1.0293e+00
1.0377e+00
1.0208e+00
1.0208e+00
9.9558e-01
9.7032e-01
1.0208e+00
8.6081e-01
1.0377e+00
9.1978e-01
9.7032e-01
1.0545e+00
8.3553e-01
9.7032e-01
8.6081e-01
9.1978e-01
8.4396e-01
8.8608e-01
8.1868e-01
8.6081e-01
8.1025e-01
8.1868e-01
7.8497e-01
7.7654e-01
7.7654e-01
7.5969e-01
7.5969e-01
7.5126e-01
7.4283e-01
7.1754e-01
7.0068e-01
7.0068e-01
6.8382e-01
6.6695e-01
6.5852e-01
6.5009e-01
6.5009e-01
6.1636e-01
6.3323e-01
5.9949e-01
5.9949e-01
5.7419e-01
5.6575e-01
5.3201e-01
5.3201e-01
5.2358e-01
5.0670e-01
4.9827e-01
4.9827e-01
4.7295e-01
4.6452e-01
4.5608e-01
4.4764e-01
4.3076e-01
4.2232e-01
4.0544e-01
3.9700e-01
3.8856e-01
3.7168e-01
3.7168e-01
3.5480e-01
3.3791e-01
3.2947e-01
3.2103e-01
3.0414e-01
2.8725e-01
2.8725e-01
2.7036e-01
2.6192e-01
2.5348e-01
2.3658e-01
2.1969e-01
2.1125e-01
2.0280e-01
1.8591e-01
1.7746e-01
1.6056e-01
1.4367e-01
1.4367e-01
1.2677e-01
1.1832e-01
1.0142e-01
8.4519e-02
8.4519e-02
6.7618e-02
5.9166e-02
5.0715e-02
4.2263e-02
3.3811e-02
2.5359e-02
0000
