5.3885e+00
5.4146e+00
5.4342e+00
5.4538e+00
5.4668e+00
5.4864e+00
5.4994e+00
5.5190e+00
5.5321e+00
5.5451e+00
5.5581e+00
5.5842e+00
5.5973e+00
5.6234e+00
5.6429e+00
5.6625e+00
5.6755e+00
5.6820e+00
5.6885e+00
5.6951e+00
5.7081e+00
5.7211e+00
5.7276e+00
5.7342e+00
5.7276e+00
5.7407e+00
5.7472e+00
5.7472e+00
5.7472e+00
5.7472e+00
5.7472e+00
5.7407e+00
5.7407e+00
5.7342e+00
5.7211e+00
5.7146e+00
5.7081e+00
5.7016e+00
5.6820e+00
5.6820e+00
5.6755e+00
5.6690e+00
5.6625e+00
5.6559e+00
5.6429e+00
5.6429e+00
5.6299e+00
5.6234e+00
5.6103e+00
5.6038e+00
5.5907e+00
5.5842e+00
5.5712e+00
5.5647e+00
5.5581e+00
5.5516e+00
5.5451e+00
5.5321e+00
5.5190e+00
5.5060e+00
5.4929e+00
5.4929e+00
5.4799e+00
5.4668e+00
5.4538e+00
5.4407e+00
5.4342e+00
5.4146e+00
5.4016e+00
5.3950e+00
5.3820e+00
5.3755e+00
5.3624e+00
5.3493e+00
5.3298e+00
5.3167e+00
5.3102e+00
5.3037e+00
5.2906e+00
5.2775e+00
5.2645e+00
5.2514e+00
5.2384e+00
5.2188e+00
5.2188e+00
5.2188e+00
5.1926e+00
5.1796e+00
5.1796e+00
5.1665e+00
5.1469e+00
5.1404e+00
5.1208e+00
5.1142e+00
5.1077e+00
5.0946e+00
5.0881e+00
5.0685e+00
5.0489e+00
5.0358e+00
5.0293e+00
5.0162e+00
5.0097e+00
4.9966e+00
4.9770e+00
4.9770e+00
4.9639e+00
4.9508e+00
4.9443e+00
4.9312e+00
4.9181e+00
4.9116e+00
4.8985e+00
4.8920e+00
4.8789e+00
4.8723e+00
4.8592e+00
4.8396e+00
4.8396e+00
4.8265e+00
4.8200e+00
4.8069e+00
4.8004e+00
4.7938e+00
4.7742e+00
4.7676e+00
4.7546e+00
4.7480e+00
4.7415e+00
4.7284e+00
4.7153e+00
4.7022e+00
4.6956e+00
4.6825e+00
4.6695e+00
4.6564e+00
4.6498e+00
4.6433e+00
4.6302e+00
4.6236e+00
4.6040e+00
4.6040e+00
4.5909e+00
4.5712e+00
4.5581e+00
4.5516e+00
4.5385e+00
4.5188e+00
4.5057e+00
4.4926e+00
4.4795e+00
4.4664e+00
4.4598e+00
4.4533e+00
4.4336e+00
4.4271e+00
4.4140e+00
4.4009e+00
4.3943e+00
4.3812e+00
4.3681e+00
4.3615e+00
4.3550e+00
4.3419e+00
4.3222e+00
4.3091e+00
4.2960e+00
4.2960e+00
4.2828e+00
4.2632e+00
4.2566e+00
4.2435e+00
4.2304e+00
4.2173e+00
4.2041e+00
4.1910e+00
4.1779e+00
4.1713e+00
4.1582e+00
4.1385e+00
4.1254e+00
4.1123e+00
4.0991e+00
4.0795e+00
4.0729e+00
4.0663e+00
4.0532e+00
4.0532e+00
4.0401e+00
4.0269e+00
4.0138e+00
4.0072e+00
3.9941e+00
3.9744e+00
3.9678e+00
3.9481e+00
3.9416e+00
3.9350e+00
3.9219e+00
3.9022e+00
3.8890e+00
3.8759e+00
3.8627e+00
3.8627e+00
3.8496e+00
3.8365e+00
3.8365e+00
3.8167e+00
3.8036e+00
3.7970e+00
3.7839e+00
3.7642e+00
3.7510e+00
3.7379e+00
3.7313e+00
3.7247e+00
3.7181e+00
3.7116e+00
3.6984e+00
3.6853e+00
3.6787e+00
3.6721e+00
3.6590e+00
3.6392e+00
3.6327e+00
3.6129e+00
3.5998e+00
3.5932e+00
3.5866e+00
3.5735e+00
3.5669e+00
3.5603e+00
3.5537e+00
3.5471e+00
3.5340e+00
3.5274e+00
3.5274e+00
3.5208e+00
3.5142e+00
3.5077e+00
3.5011e+00
3.4879e+00
3.4879e+00
3.4748e+00
3.4748e+00
3.4682e+00
3.4682e+00
3.4616e+00
3.4616e+00
3.4550e+00
3.4616e+00
3.4616e+00
3.4550e+00
3.4550e+00
3.4484e+00
3.4419e+00
3.4484e+00
3.4484e+00
3.4550e+00
3.4419e+00
3.4353e+00
3.4353e+00
3.4353e+00
3.4287e+00
3.4287e+00
3.4221e+00
3.4221e+00
3.4221e+00
3.4287e+00
3.4221e+00
3.4221e+00
3.4089e+00
3.4089e+00
3.4024e+00
3.4024e+00
3.3892e+00
3.3826e+00
3.3826e+00
3.3760e+00
3.3694e+00
3.3694e+00
3.3563e+00
3.3563e+00
3.3563e+00
3.3563e+00
3.3563e+00
3.3497e+00
3.3365e+00
3.3299e+00
3.3233e+00
3.3168e+00
3.3102e+00
3.3102e+00
3.2970e+00
3.2838e+00
3.2706e+00
3.2706e+00
3.2706e+00
3.2706e+00
3.2575e+00
3.2509e+00
3.2509e+00
3.2443e+00
3.2311e+00
3.2245e+00
3.2179e+00
3.2114e+00
3.1982e+00
3.1916e+00
3.1850e+00
3.1850e+00
3.1784e+00
3.1718e+00
3.1652e+00
3.1520e+00
3.1455e+00
3.1389e+00
3.1323e+00
3.1257e+00
3.1125e+00
3.1059e+00
3.0993e+00
3.0927e+00
3.0795e+00
3.0664e+00
3.0532e+00
3.0466e+00
3.0334e+00
3.0334e+00
3.0268e+00
3.0070e+00
3.0004e+00
2.9938e+00
2.9872e+00
2.9872e+00
2.9872e+00
2.9674e+00
2.9476e+00
2.9410e+00
2.9345e+00
2.9279e+00
2.9213e+00
2.9147e+00
2.9081e+00
2.9081e+00
2.9081e+00
2.9081e+00
2.8949e+00
2.8883e+00
2.8883e+00
2.8817e+00
2.8883e+00
2.8817e+00
2.8751e+00
2.8685e+00
2.8685e+00
2.8619e+00
2.8685e+00
2.8685e+00
2.8619e+00
2.8685e+00
2.8685e+00
2.8553e+00
2.8619e+00
2.8685e+00
2.8685e+00
2.8553e+00
2.8619e+00
2.8619e+00
2.8553e+00
2.8421e+00
2.8421e+00
2.8355e+00
2.8355e+00
2.8289e+00
2.8223e+00
2.8289e+00
2.8223e+00
2.8157e+00
2.8157e+00
2.8091e+00
2.8025e+00
2.7959e+00
2.7959e+00
2.7827e+00
2.7761e+00
2.7629e+00
2.7629e+00
2.7563e+00
2.7563e+00
2.7431e+00
2.7365e+00
2.7365e+00
2.7365e+00
2.7233e+00
2.7233e+00
2.7167e+00
2.7034e+00
2.6968e+00
2.6968e+00
2.6836e+00
2.6704e+00
2.6638e+00
2.6572e+00
2.6374e+00
2.6374e+00
2.6308e+00
2.6242e+00
2.6176e+00
2.6242e+00
2.6176e+00
2.6110e+00
2.5978e+00
2.5978e+00
2.5845e+00
2.5845e+00
2.5845e+00
2.5912e+00
2.5779e+00
2.5779e+00
2.5845e+00
2.5845e+00
2.5845e+00
2.5912e+00
2.5912e+00
2.5912e+00
2.5978e+00
2.6110e+00
2.6110e+00
2.6242e+00
2.6308e+00
2.6374e+00
2.6440e+00
2.6572e+00
2.6638e+00
2.6704e+00
2.6836e+00
2.6968e+00
2.7100e+00
2.7233e+00
2.7365e+00
2.7629e+00
2.7695e+00
2.7827e+00
2.8025e+00
2.8157e+00
2.8355e+00
2.8619e+00
2.8685e+00
2.8883e+00
2.8949e+00
2.9213e+00
2.9476e+00
2.9938e+00
3.0202e+00
3.0729e+00
3.0993e+00
3.1323e+00
3.1520e+00
3.1718e+00
3.1916e+00
3.2114e+00
3.2311e+00
3.2641e+00
3.2772e+00
3.3102e+00
3.3299e+00
3.3563e+00
3.3694e+00
3.3958e+00
3.4024e+00
3.4221e+00
3.4353e+00
3.4484e+00
3.4616e+00
3.4748e+00
3.4879e+00
3.5011e+00
3.5077e+00
3.5208e+00
3.5208e+00
3.5274e+00
3.5340e+00
3.5340e+00
3.5471e+00
3.5537e+00
3.5603e+00
3.5669e+00
3.5735e+00
3.5800e+00
3.5866e+00
3.5998e+00
3.5998e+00
3.6064e+00
3.6064e+00
3.6129e+00
3.6261e+00
3.6261e+00
3.6327e+00
3.6392e+00
3.6458e+00
3.6524e+00
3.6655e+00
3.6655e+00
3.6787e+00
3.6918e+00
3.7050e+00
3.7379e+00
3.7510e+00
3.7707e+00
3.7904e+00
3.8102e+00
3.8299e+00
3.8430e+00
3.8693e+00
3.8890e+00
3.9087e+00
3.9284e+00
3.9481e+00
3.9744e+00
3.9941e+00
4.0204e+00
4.0466e+00
4.0795e+00
4.0991e+00
4.1320e+00
4.1648e+00
4.1910e+00
4.2173e+00
4.2501e+00
4.2828e+00
4.3025e+00
4.3353e+00
4.3615e+00
4.4009e+00
4.4271e+00
4.4533e+00
4.4861e+00
4.5254e+00
4.5647e+00
4.6040e+00
4.6433e+00
4.6825e+00
4.7153e+00
4.7480e+00
4.7873e+00
4.8134e+00
4.8462e+00
4.8658e+00
4.8854e+00
4.9247e+00
4.9573e+00
4.9966e+00
5.0358e+00
5.0750e+00
5.1142e+00
5.1534e+00
5.1861e+00
5.2253e+00
5.2645e+00
5.2906e+00
5.3232e+00
5.3559e+00
5.3950e+00
5.4277e+00
5.4538e+00
5.4799e+00
5.5060e+00
5.5321e+00
5.5581e+00
5.5842e+00
5.5973e+00
5.6168e+00
5.6429e+00
5.6494e+00
5.6559e+00
5.6690e+00
5.6885e+00
5.7016e+00
5.7211e+00
5.7276e+00
5.7407e+00
5.7537e+00
5.7733e+00
5.7863e+00
5.8058e+00
5.8058e+00
5.8319e+00
5.8514e+00
5.8579e+00
5.8645e+00
5.8905e+00
5.8970e+00
5.9035e+00
5.9231e+00
5.9361e+00
5.9556e+00
5.9686e+00
5.9817e+00
5.9947e+00
6.0077e+00
6.0207e+00
6.0337e+00
6.0468e+00
6.0533e+00
6.0663e+00
6.0793e+00
6.0923e+00
6.0923e+00
6.0858e+00
6.0923e+00
6.0988e+00
6.0988e+00
6.0988e+00
6.1053e+00
6.1118e+00
6.1053e+00
6.0988e+00
6.1053e+00
6.1118e+00
6.1053e+00
6.1053e+00
6.1053e+00
6.1053e+00
6.0988e+00
6.0988e+00
6.0923e+00
6.0858e+00
6.0793e+00
6.0728e+00
6.0793e+00
6.0663e+00
6.0533e+00
6.0468e+00
6.0468e+00
6.0402e+00
6.0337e+00
6.0272e+00
6.0207e+00
6.0142e+00
6.0077e+00
6.0012e+00
5.9882e+00
5.9817e+00
5.9882e+00
5.9817e+00
5.9752e+00
5.9752e+00
5.9752e+00
5.9752e+00
5.9686e+00
5.9621e+00
5.9621e+00
5.9491e+00
5.9426e+00
5.9426e+00
5.9361e+00
5.9361e+00
5.9361e+00
5.9296e+00
5.9231e+00
5.9166e+00
5.9166e+00
5.9100e+00
5.9035e+00
5.8970e+00
5.9035e+00
5.8970e+00
5.8840e+00
5.8775e+00
5.8905e+00
5.8840e+00
5.8905e+00
5.8840e+00
5.8710e+00
5.8710e+00
5.8710e+00
5.8645e+00
5.8645e+00
5.8579e+00
5.8579e+00
5.8579e+00
5.8579e+00
5.8449e+00
5.8319e+00
5.8319e+00
5.8254e+00
5.8189e+00
5.8123e+00
5.8123e+00
5.8058e+00
5.7993e+00
5.7863e+00
5.7798e+00
5.7863e+00
5.7798e+00
5.7667e+00
5.7667e+00
5.7667e+00
5.7537e+00
5.7472e+00
5.7342e+00
5.7276e+00
5.7211e+00
5.7146e+00
5.7016e+00
5.6951e+00
5.6885e+00
5.6755e+00
5.6625e+00
5.6559e+00
5.6429e+00
5.6364e+00
5.6299e+00
5.6168e+00
5.6168e+00
5.6103e+00
5.5973e+00
5.5842e+00
5.5777e+00
5.5777e+00
5.5581e+00
5.5451e+00
5.5386e+00
5.5255e+00
5.5125e+00
5.4994e+00
5.4864e+00
5.4929e+00
5.4864e+00
5.4668e+00
5.4538e+00
5.4472e+00
5.4472e+00
5.4407e+00
5.4342e+00
5.4211e+00
5.4081e+00
5.3950e+00
5.3885e+00
5.3820e+00
5.3755e+00
5.3689e+00
5.3624e+00
5.3624e+00
5.3559e+00
5.3559e+00
5.3493e+00
5.3428e+00
5.3363e+00
5.3363e+00
5.3363e+00
5.3298e+00
5.3232e+00
5.3298e+00
5.3298e+00
5.3298e+00
5.3298e+00
5.3232e+00
5.3232e+00
5.3298e+00
5.3363e+00
5.3363e+00
5.3428e+00
5.3428e+00
5.3493e+00
5.3559e+00
5.3559e+00
5.3624e+00
5.3559e+00
5.3559e+00
5.3624e+00
5.3689e+00
5.3689e+00
5.3689e+00
5.3689e+00
5.3755e+00
5.3755e+00
5.3689e+00
5.3755e+00
5.3755e+00
5.3820e+00
5.3820e+00
5.3820e+00
5.3820e+00
5.3820e+00
5.3755e+00
5.3689e+00
5.3689e+00
5.3624e+00
5.3624e+00
5.3559e+00
5.3493e+00
5.3428e+00
5.3428e+00
5.3363e+00
5.3298e+00
5.3232e+00
5.3232e+00
5.3167e+00
5.3102e+00
5.3037e+00
5.2971e+00
5.2971e+00
5.2971e+00
5.2841e+00
5.2841e+00
5.2645e+00
5.2579e+00
5.2645e+00
5.2645e+00
5.2449e+00
5.2384e+00
5.2318e+00
5.2318e+00
5.2318e+00
5.2188e+00
5.2057e+00
5.1992e+00
5.1796e+00
5.1665e+00
5.1534e+00
5.1469e+00
5.1338e+00
5.1273e+00
5.1208e+00
5.1077e+00
5.0946e+00
5.0881e+00
5.0750e+00
5.0685e+00
5.0554e+00
5.0358e+00
5.0293e+00
5.0162e+00
5.0031e+00
4.9900e+00
4.9770e+00
4.9639e+00
4.9573e+00
4.9443e+00
4.9312e+00
4.9181e+00
4.9181e+00
4.9116e+00
4.8985e+00
4.8854e+00
4.8789e+00
4.8592e+00
4.8462e+00
4.8265e+00
4.8134e+00
4.8004e+00
4.7938e+00
4.7807e+00
4.7676e+00
4.7546e+00
4.7415e+00
4.7349e+00
4.7218e+00
4.7022e+00
4.6956e+00
4.6891e+00
4.6760e+00
4.6629e+00
4.6498e+00
4.6367e+00
4.6367e+00
4.6236e+00
4.6105e+00
4.5909e+00
4.5843e+00
4.5778e+00
4.5712e+00
4.5647e+00
4.5516e+00
4.5450e+00
4.5385e+00
4.5188e+00
4.5188e+00
4.5057e+00
4.4861e+00
4.4861e+00
4.4795e+00
4.4664e+00
4.4598e+00
4.4533e+00
4.4533e+00
4.4402e+00
4.4336e+00
4.4402e+00
4.4336e+00
4.4205e+00
4.4205e+00
4.4140e+00
4.4140e+00
4.4009e+00
4.4009e+00
4.3878e+00
4.3812e+00
4.3746e+00
4.3550e+00
4.3484e+00
4.3484e+00
4.3419e+00
4.3287e+00
4.3222e+00
4.3222e+00
4.3091e+00
4.3025e+00
4.2960e+00
4.2894e+00
4.2763e+00
4.2697e+00
4.2566e+00
4.2435e+00
4.2369e+00
4.2173e+00
4.2173e+00
4.2107e+00
4.2041e+00
4.1910e+00
4.1779e+00
4.1779e+00
4.1648e+00
4.1516e+00
4.1385e+00
4.1385e+00
4.1188e+00
4.1057e+00
4.0926e+00
4.0795e+00
4.0663e+00
4.0598e+00
4.0466e+00
4.0335e+00
4.0138e+00
4.0072e+00
4.0007e+00
3.9941e+00
3.9810e+00
3.9744e+00
3.9613e+00
3.9547e+00
3.9416e+00
3.9350e+00
3.9219e+00
3.9087e+00
3.9022e+00
3.8890e+00
3.8759e+00
3.8759e+00
3.8693e+00
3.8562e+00
3.8430e+00
3.8365e+00
3.8233e+00
3.8102e+00
3.8036e+00
3.7904e+00
3.7773e+00
3.7642e+00
3.7510e+00
3.7444e+00
3.7313e+00
3.7247e+00
3.7116e+00
3.7050e+00
3.6984e+00
3.6918e+00
3.6787e+00
3.6721e+00
3.6721e+00
3.6655e+00
3.6590e+00
3.6524e+00
3.6392e+00
3.6327e+00
3.6327e+00
3.6261e+00
3.6195e+00
3.6129e+00
3.6129e+00
3.5998e+00
3.6064e+00
3.5998e+00
3.5998e+00
3.5998e+00
3.5866e+00
3.5932e+00
3.5866e+00
3.5866e+00
3.5932e+00
3.5998e+00
3.5998e+00
3.5998e+00
3.5998e+00
3.6064e+00
3.6195e+00
3.6195e+00
3.6327e+00
3.6458e+00
3.6524e+00
3.6590e+00
3.6787e+00
3.6918e+00
3.6984e+00
3.7247e+00
3.7379e+00
3.7444e+00
3.7510e+00
3.7707e+00
3.7773e+00
3.7904e+00
3.7970e+00
3.8167e+00
3.8167e+00
3.8299e+00
3.8430e+00
3.8562e+00
3.8693e+00
3.8824e+00
3.8956e+00
3.9087e+00
3.9153e+00
3.9153e+00
3.9153e+00
3.9219e+00
3.9284e+00
3.9284e+00
3.9284e+00
3.9350e+00
3.9416e+00
3.9481e+00
3.9547e+00
3.9613e+00
3.9613e+00
3.9678e+00
3.9613e+00
3.9678e+00
3.9678e+00
3.9678e+00
3.9678e+00
3.9613e+00
3.9613e+00
3.9613e+00
3.9547e+00
3.9547e+00
3.9613e+00
3.9547e+00
3.9613e+00
3.9613e+00
3.9547e+00
3.9547e+00
3.9613e+00
3.9613e+00
3.9547e+00
3.9481e+00
3.9481e+00
3.9481e+00
3.9481e+00
3.9350e+00
3.9284e+00
3.9350e+00
3.9350e+00
3.9284e+00
3.9284e+00
3.9350e+00
3.9219e+00
3.9153e+00
3.9087e+00
3.9022e+00
3.8956e+00
3.8824e+00
3.8824e+00
3.8693e+00
3.8627e+00
3.8562e+00
3.8430e+00
3.8365e+00
3.8365e+00
3.8299e+00
3.8167e+00
3.8167e+00
3.8102e+00
3.7970e+00
3.7970e+00
3.7970e+00
3.7904e+00
3.7773e+00
3.7576e+00
3.7510e+00
3.7510e+00
3.7313e+00
3.7247e+00
3.7116e+00
3.6984e+00
3.6918e+00
3.6984e+00
3.6853e+00
3.6787e+00
3.6721e+00
3.6721e+00
3.6590e+00
3.6524e+00
3.6392e+00
3.6327e+00
3.6261e+00
3.6261e+00
3.6261e+00
3.6261e+00
3.6195e+00
3.6195e+00
3.6129e+00
3.6195e+00
3.6261e+00
3.6392e+00
3.6327e+00
3.6392e+00
3.6458e+00
3.6458e+00
3.6524e+00
3.6590e+00
3.6655e+00
3.6787e+00
3.6787e+00
3.6853e+00
3.6787e+00
3.6918e+00
3.7050e+00
3.7247e+00
3.7247e+00
3.7313e+00
3.7379e+00
3.7510e+00
3.7576e+00
3.7707e+00
3.7773e+00
3.7839e+00
3.7970e+00
3.7970e+00
3.7970e+00
3.8102e+00
3.8167e+00
3.8299e+00
3.8430e+00
3.8496e+00
3.8562e+00
3.8693e+00
3.8759e+00
3.8759e+00
3.8824e+00
3.8890e+00
3.8890e+00
3.8890e+00
3.8956e+00
3.8956e+00
3.8956e+00
3.9022e+00
3.9022e+00
3.9087e+00
3.9153e+00
3.9153e+00
3.9153e+00
3.9153e+00
3.9219e+00
3.9284e+00
3.9350e+00
3.9350e+00
3.9350e+00
3.9350e+00
3.9350e+00
3.9416e+00
3.9416e+00
3.9416e+00
3.9416e+00
3.9481e+00
3.9547e+00
3.9547e+00
3.9547e+00
3.9547e+00
3.9547e+00
3.9547e+00
3.9613e+00
3.9613e+00
3.9547e+00
3.9481e+00
3.9416e+00
3.9350e+00
3.9350e+00
3.9350e+00
3.9284e+00
3.9219e+00
3.9219e+00
3.9153e+00
3.9153e+00
3.9153e+00
3.9153e+00
3.9087e+00
3.9087e+00
3.9022e+00
3.8890e+00
3.8824e+00
3.8824e+00
3.8759e+00
3.8824e+00
3.8824e+00
3.8824e+00
3.8759e+00
3.8627e+00
3.8627e+00
3.8496e+00
3.8430e+00
3.8299e+00
3.8233e+00
3.8167e+00
3.8102e+00
3.8036e+00
3.7904e+00
3.7773e+00
3.7642e+00
3.7576e+00
3.7510e+00
3.7510e+00
3.7379e+00
3.7247e+00
3.7181e+00
3.7050e+00
3.6984e+00
3.6918e+00
3.6787e+00
3.6721e+00
3.6655e+00
3.6524e+00
3.6327e+00
3.6261e+00
3.6195e+00
3.6064e+00
3.5932e+00
3.5932e+00
3.5866e+00
3.5735e+00
3.5669e+00
3.5603e+00
3.5537e+00
3.5537e+00
3.5406e+00
3.5274e+00
3.5208e+00
3.5142e+00
3.4945e+00
3.4879e+00
3.4813e+00
3.4682e+00
3.4550e+00
3.4419e+00
3.4419e+00
3.4353e+00
3.4221e+00
3.4089e+00
3.3958e+00
3.3958e+00
3.3826e+00
3.3694e+00
3.3563e+00
3.3497e+00
3.3431e+00
3.3299e+00
3.3168e+00
3.3036e+00
3.2970e+00
3.2904e+00
3.2772e+00
3.2706e+00
3.2641e+00
3.2575e+00
3.2443e+00
3.2443e+00
3.2377e+00
3.2311e+00
3.2179e+00
3.2048e+00
3.1916e+00
3.1850e+00
3.1718e+00
3.1586e+00
3.1520e+00
3.1520e+00
3.1455e+00
3.1323e+00
3.1191e+00
3.1191e+00
3.1059e+00
3.0993e+00
3.0861e+00
3.0795e+00
3.0729e+00
3.0664e+00
3.0532e+00
3.0532e+00
3.0334e+00
3.0268e+00
3.0136e+00
3.0070e+00
3.0070e+00
3.0004e+00
2.9872e+00
2.9806e+00
2.9740e+00
2.9740e+00
2.9674e+00
2.9608e+00
2.9542e+00
2.9476e+00
2.9410e+00
2.9410e+00
2.9345e+00
2.9279e+00
2.9279e+00
2.9279e+00
2.9279e+00
2.9279e+00
2.9279e+00
2.9213e+00
2.9213e+00
2.9213e+00
2.9081e+00
2.9081e+00
2.9081e+00
2.9147e+00
2.9081e+00
2.9015e+00
2.9015e+00
2.9015e+00
2.8949e+00
2.8949e+00
2.8949e+00
2.8949e+00
2.8949e+00
2.8949e+00
2.9015e+00
2.9081e+00
2.9147e+00
2.9147e+00
2.9147e+00
2.9213e+00
2.9213e+00
2.9213e+00
2.9147e+00
2.9081e+00
2.9081e+00
2.9081e+00
2.9081e+00
2.9015e+00
2.9015e+00
2.9015e+00
2.9015e+00
2.9081e+00
2.9015e+00
2.9081e+00
2.9081e+00
2.9081e+00
2.9015e+00
2.9081e+00
2.9081e+00
2.9213e+00
2.9345e+00
2.9345e+00
2.9345e+00
2.9410e+00
2.9410e+00
2.9410e+00
2.9410e+00
2.9410e+00
2.9410e+00
2.9476e+00
2.9476e+00
2.9476e+00
2.9410e+00
2.9345e+00
2.9279e+00
2.9279e+00
2.9279e+00
2.9345e+00
2.9345e+00
2.9476e+00
2.9608e+00
2.9938e+00
2.9938e+00
3.0136e+00
3.0136e+00
3.0202e+00
3.0268e+00
3.0334e+00
3.0268e+00
3.0334e+00
3.0400e+00
3.0532e+00
3.0532e+00
3.0664e+00
3.0664e+00
3.0927e+00
3.1059e+00
3.1455e+00
3.1652e+00
3.1982e+00
3.2114e+00
3.2377e+00
3.2443e+00
3.2575e+00
3.2575e+00
3.2575e+00
3.2641e+00
3.2641e+00
3.2575e+00
3.2575e+00
3.2575e+00
3.2575e+00
3.2575e+00
3.2706e+00
3.2904e+00
3.3168e+00
3.3233e+00
3.3563e+00
3.3694e+00
3.3958e+00
3.4155e+00
3.4419e+00
3.4550e+00
3.4682e+00
3.4748e+00
3.4813e+00
3.4879e+00
3.4879e+00
3.4879e+00
3.4879e+00
3.4813e+00
3.4813e+00
3.4813e+00
3.4813e+00
3.4682e+00
3.4616e+00
3.4550e+00
3.4484e+00
3.4353e+00
3.4353e+00
3.4287e+00
3.4089e+00
3.4024e+00
3.3958e+00
3.3892e+00
3.3826e+00
3.3760e+00
3.3760e+00
3.3694e+00
3.3694e+00
3.3563e+00
3.3431e+00
3.3299e+00
3.3168e+00
3.3036e+00
3.2970e+00
3.2838e+00
3.2772e+00
3.2641e+00
3.2706e+00
3.2575e+00
3.2509e+00
3.2443e+00
3.2311e+00
3.2179e+00
3.2048e+00
3.1982e+00
3.1916e+00
3.1850e+00
3.1718e+00
3.1586e+00
3.1520e+00
3.1389e+00
3.1257e+00
3.1191e+00
3.1059e+00
3.0993e+00
3.0993e+00
3.0861e+00
3.0861e+00
3.0795e+00
3.0664e+00
3.0532e+00
3.0400e+00
3.0334e+00
3.0202e+00
3.0070e+00
3.0004e+00
2.9938e+00
2.9806e+00
2.9674e+00
2.9608e+00
2.9542e+00
2.9476e+00
2.9345e+00
2.9345e+00
2.9147e+00
2.9081e+00
2.9015e+00
2.8949e+00
2.8817e+00
2.8685e+00
2.8619e+00
2.8487e+00
2.8421e+00
2.8355e+00
2.8289e+00
2.8091e+00
2.8025e+00
2.8025e+00
2.7893e+00
2.7761e+00
2.7695e+00
2.7563e+00
2.7563e+00
2.7431e+00
2.7299e+00
2.7233e+00
2.7167e+00
2.7034e+00
2.7034e+00
2.6836e+00
2.6770e+00
2.6704e+00
2.6638e+00
2.6638e+00
2.6572e+00
2.6440e+00
2.6374e+00
2.6374e+00
2.6242e+00
2.6110e+00
2.6044e+00
2.5912e+00
2.5845e+00
2.5779e+00
2.5713e+00
2.5713e+00
2.5647e+00
2.5581e+00
2.5515e+00
2.5515e+00
2.5449e+00
2.5383e+00
2.5317e+00
2.5251e+00
2.5119e+00
2.5119e+00
2.4920e+00
2.4788e+00
2.4788e+00
2.4722e+00
2.4656e+00
2.4524e+00
2.4524e+00
2.4391e+00
2.4325e+00
2.4325e+00
2.4259e+00
2.4193e+00
2.4193e+00
2.4127e+00
2.4061e+00
2.3863e+00
2.3796e+00
2.3730e+00
2.3664e+00
2.3532e+00
2.3532e+00
2.3466e+00
2.3400e+00
2.3267e+00
2.3267e+00
2.3267e+00
2.3069e+00
2.3003e+00
2.2937e+00
2.2870e+00
2.2672e+00
2.2606e+00
2.2540e+00
2.2473e+00
2.2341e+00
2.2275e+00
2.2275e+00
2.2143e+00
2.2076e+00
2.2010e+00
2.1878e+00
2.1878e+00
2.1812e+00
2.1746e+00
2.1679e+00
2.1613e+00
2.1415e+00
2.1282e+00
2.1216e+00
2.1084e+00
2.1017e+00
2.0885e+00
2.0819e+00
2.0753e+00
2.0753e+00
2.0686e+00
2.0488e+00
2.0421e+00
2.0355e+00
2.0355e+00
2.0156e+00
2.0090e+00
2.0024e+00
1.9825e+00
1.9759e+00
1.9693e+00
1.9560e+00
1.9494e+00
1.9428e+00
1.9229e+00
1.9163e+00
1.9097e+00
1.8964e+00
1.8898e+00
1.8765e+00
1.8699e+00
1.8566e+00
1.8434e+00
1.8301e+00
1.8301e+00
1.8169e+00
1.8036e+00
1.7970e+00
1.7903e+00
1.7837e+00
1.7771e+00
1.7705e+00
1.7572e+00
1.7439e+00
1.7373e+00
1.7307e+00
1.7174e+00
1.7108e+00
1.7041e+00
1.6975e+00
1.6842e+00
1.6710e+00
1.6577e+00
1.6444e+00
1.6378e+00
1.6245e+00
1.6179e+00
1.6113e+00
1.5980e+00
1.5914e+00
1.5847e+00
1.5715e+00
1.5648e+00
1.5648e+00
1.5515e+00
1.5316e+00
1.5250e+00
1.5117e+00
1.4984e+00
1.4918e+00
1.4852e+00
1.4785e+00
1.4653e+00
1.4586e+00
1.4453e+00
1.4453e+00
1.4321e+00
1.4188e+00
1.4121e+00
1.4055e+00
1.3922e+00
1.3856e+00
1.3723e+00
1.3656e+00
1.3524e+00
1.3391e+00
1.3324e+00
1.3258e+00
1.3059e+00
1.3059e+00
1.2926e+00
1.2859e+00
1.2859e+00
1.2726e+00
1.2660e+00
1.2594e+00
1.2461e+00
1.2394e+00
1.2261e+00
1.2195e+00
1.1995e+00
1.1995e+00
1.1796e+00
1.1796e+00
1.1663e+00
1.1530e+00
1.1397e+00
1.1264e+00
1.1264e+00
1.1198e+00
1.1065e+00
1.0932e+00
1.0865e+00
1.0732e+00
1.0599e+00
1.0599e+00
1.0466e+00
1.0333e+00
1.0267e+00
1.0200e+00
1.0067e+00
1.0134e+00
9.9339e-01
9.8009e-01
9.7343e-01
9.6013e-01
9.5347e-01
9.4682e-01
9.4017e-01
9.2020e-01
9.0689e-01
9.0024e-01
8.9358e-01
8.8693e-01
8.8027e-01
8.7361e-01
8.6030e-01
8.6030e-01
8.5364e-01
8.4033e-01
8.2702e-01
8.1370e-01
8.0038e-01
7.9372e-01
7.8041e-01
7.6709e-01
7.4711e-01
7.4711e-01
7.3379e-01
7.2713e-01
7.0715e-01
7.0715e-01
7.0049e-01
6.8716e-01
6.8716e-01
6.7384e-01
6.6052e-01
6.4053e-01
6.3387e-01
6.2720e-01
6.2054e-01
6.0055e-01
5.8722e-01
5.8055e-01
5.7389e-01
5.6056e-01
5.5389e-01
5.4723e-01
5.3390e-01
5.2723e-01
5.2056e-01
5.1390e-01
5.0056e-01
4.8723e-01
4.8056e-01
4.7389e-01
4.6056e-01
4.4055e-01
4.2722e-01
4.2055e-01
4.1388e-01
4.1388e-01
3.9387e-01
3.8720e-01
3.8720e-01
3.7386e-01
3.6719e-01
3.6052e-01
3.5384e-01
3.4050e-01
3.3383e-01
3.2716e-01
3.1381e-01
2.9380e-01
2.8045e-01
2.6710e-01
2.6043e-01
2.5375e-01
2.4708e-01
2.4041e-01
2.2706e-01
2.2038e-01
2.1371e-01
2.0703e-01
2.0036e-01
1.8033e-01
1.8033e-01
1.6697e-01
1.5362e-01
1.4695e-01
1.4695e-01
1.3359e-01
1.2691e-01
1.2023e-01
1.1356e-01
1.1356e-01
1.0688e-01
1.0020e-01
1.0688e-01
1.0020e-01
1.0020e-01
9.3521e-02
9.3521e-02
9.3521e-02
9.3521e-02
8.6842e-02
8.0163e-02
8.6842e-02
8.6842e-02
9.3521e-02
8.6842e-02
8.0163e-02
8.6842e-02
8.6842e-02
8.6842e-02
8.6842e-02
8.6842e-02
8.6842e-02
8.6842e-02
8.6842e-02
8.0163e-02
8.0163e-02
8.0163e-02
8.6842e-02
8.6842e-02
8.6842e-02
8.6842e-02
8.6842e-02
8.6842e-02
8.6842e-02
1.0020e-01
1.0020e-01
1.0020e-01
1.0020e-01
1.0688e-01
1.0688e-01
1.1356e-01
1.2023e-01
1.1356e-01
1.1356e-01
1.2023e-01
1.2691e-01
1.3359e-01
1.4027e-01
1.5362e-01
1.5362e-01
1.6030e-01
1.6697e-01
1.8033e-01
1.8033e-01
1.7365e-01
1.7365e-01
1.8033e-01
1.7365e-01
1.7365e-01
1.8033e-01
1.7365e-01
1.8033e-01
1.8033e-01
1.7365e-01
1.7365e-01
1.8033e-01
1.7365e-01
1.7365e-01
1.7365e-01
1.7365e-01
1.7365e-01
1.6697e-01
1.6030e-01
1.6030e-01
1.5362e-01
1.5362e-01
1.4695e-01
1.4027e-01
1.4027e-01
1.4027e-01
1.4027e-01
1.3359e-01
1.2691e-01
1.2023e-01
1.1356e-01
1.1356e-01
1.1356e-01
1.0020e-01
9.3521e-02
9.3521e-02
8.6842e-02
8.0163e-02
8.0163e-02
7.3484e-02
6.6804e-02
5.3445e-02
4.6765e-02
4.6765e-02
4.6765e-02
3.3405e-02
2.6724e-02
1.3362e-02
1.3362e-02
6.6810e-03
0000
