8.9406e+00
8.9406e+00
8.9218e+00
8.9218e+00
8.9218e+00
8.9218e+00
8.9124e+00
8.9124e+00
8.9124e+00
8.9030e+00
8.8936e+00
8.8842e+00
8.8748e+00
8.8654e+00
8.8748e+00
8.8654e+00
8.8560e+00
8.8465e+00
8.8371e+00
8.8371e+00
8.8465e+00
8.8465e+00
8.8371e+00
8.8371e+00
8.8277e+00
8.8183e+00
8.8183e+00
8.8089e+00
8.8089e+00
8.8089e+00
8.7995e+00
8.7901e+00
8.7901e+00
8.7807e+00
8.7807e+00
8.7807e+00
8.7807e+00
8.7618e+00
8.7618e+00
8.7524e+00
8.7524e+00
8.7524e+00
8.7430e+00
8.7336e+00
8.7242e+00
8.7336e+00
8.7336e+00
8.7147e+00
8.7147e+00
8.7147e+00
8.7053e+00
8.7053e+00
8.7053e+00
8.6959e+00
8.6865e+00
8.6865e+00
8.6771e+00
8.6771e+00
8.6677e+00
8.6488e+00
8.6488e+00
8.6394e+00
8.6394e+00
8.6394e+00
8.6394e+00
8.6300e+00
8.6206e+00
8.6206e+00
8.6206e+00
8.6111e+00
8.5923e+00
8.5923e+00
8.5923e+00
8.5829e+00
8.5735e+00
8.5735e+00
8.5640e+00
8.5546e+00
8.5452e+00
8.5452e+00
8.5358e+00
8.5358e+00
8.5263e+00
8.5263e+00
8.5169e+00
8.5169e+00
8.5075e+00
8.4981e+00
8.4886e+00
8.4792e+00
8.4792e+00
8.4792e+00
8.4604e+00
8.4510e+00
8.4510e+00
8.4510e+00
8.4510e+00
8.4510e+00
8.4510e+00
8.4415e+00
8.4321e+00
8.4227e+00
8.4227e+00
8.4132e+00
8.4132e+00
8.4038e+00
8.3944e+00
8.3944e+00
8.3755e+00
8.3755e+00
8.3755e+00
8.3661e+00
8.3567e+00
8.3567e+00
8.3472e+00
8.3472e+00
8.3472e+00
8.3378e+00
8.3284e+00
8.3284e+00
8.3190e+00
8.3095e+00
8.3001e+00
8.2907e+00
8.2907e+00
8.2907e+00
8.2907e+00
8.2812e+00
8.2718e+00
8.2718e+00
8.2624e+00
8.2624e+00
8.2624e+00
8.2624e+00
8.2529e+00
8.2435e+00
8.2341e+00
8.2341e+00
8.2246e+00
8.2246e+00
8.2152e+00
8.2152e+00
8.2058e+00
8.2058e+00
8.1963e+00
8.1963e+00
8.1963e+00
8.1963e+00
8.1869e+00
8.1869e+00
8.1775e+00
8.1869e+00
8.1775e+00
8.1492e+00
8.1586e+00
8.1492e+00
8.1397e+00
8.1397e+00
8.1397e+00
8.1303e+00
8.1209e+00
8.1303e+00
8.1209e+00
8.1209e+00
8.1209e+00
8.1209e+00
8.1114e+00
8.1020e+00
8.1020e+00
8.0925e+00
8.0831e+00
8.0831e+00
8.0831e+00
8.0737e+00
8.0642e+00
8.0642e+00
8.0642e+00
8.0548e+00
8.0548e+00
8.0453e+00
8.0453e+00
8.0453e+00
8.0359e+00
8.0265e+00
8.0265e+00
8.0170e+00
7.9981e+00
7.9981e+00
7.9981e+00
7.9887e+00
7.9887e+00
7.9793e+00
7.9793e+00
7.9698e+00
7.9698e+00
7.9698e+00
7.9604e+00
7.9509e+00
7.9509e+00
7.9415e+00
7.9415e+00
7.9320e+00
7.9320e+00
7.9226e+00
7.9132e+00
7.9037e+00
7.8943e+00
7.8848e+00
7.8848e+00
7.8943e+00
7.8848e+00
7.8848e+00
7.8848e+00
7.8754e+00
7.8659e+00
7.8659e+00
7.8565e+00
7.8470e+00
7.8376e+00
7.8376e+00
7.8281e+00
7.8187e+00
7.8187e+00
7.8093e+00
7.8093e+00
7.8093e+00
7.8093e+00
7.7998e+00
7.7998e+00
7.7904e+00
7.7904e+00
7.7809e+00
7.7809e+00
7.7715e+00
7.7620e+00
7.7526e+00
7.7526e+00
7.7526e+00
7.7431e+00
7.7431e+00
7.7431e+00
7.7337e+00
7.7337e+00
7.7337e+00
7.7242e+00
7.7148e+00
7.7053e+00
7.7053e+00
7.6959e+00
7.6864e+00
7.6864e+00
7.6770e+00
7.6675e+00
7.6675e+00
7.6675e+00
7.6675e+00
7.6675e+00
7.6675e+00
7.6580e+00
7.6486e+00
7.6486e+00
7.6391e+00
7.6391e+00
7.6297e+00
7.6202e+00
7.6202e+00
7.6108e+00
7.6013e+00
7.6013e+00
7.6013e+00
7.6013e+00
7.6013e+00
7.5919e+00
7.5824e+00
7.5824e+00
7.5824e+00
7.5824e+00
7.5730e+00
7.5730e+00
7.5635e+00
7.5446e+00
7.5446e+00
7.5446e+00
7.5446e+00
7.5257e+00
7.5257e+00
7.5257e+00
7.5162e+00
7.5257e+00
7.5162e+00
7.5068e+00
7.5162e+00
7.5068e+00
7.5068e+00
7.4973e+00
7.4973e+00
7.4878e+00
7.4878e+00
7.4784e+00
7.4784e+00
7.4689e+00
7.4689e+00
7.4595e+00
7.4595e+00
7.4595e+00
7.4595e+00
7.4595e+00
7.4500e+00
7.4405e+00
7.4405e+00
7.4405e+00
7.4405e+00
7.4216e+00
7.4122e+00
7.4122e+00
7.4122e+00
7.4027e+00
7.4027e+00
7.3932e+00
7.3932e+00
7.3932e+00
7.3838e+00
7.3743e+00
7.3743e+00
7.3649e+00
7.3554e+00
7.3459e+00
7.3459e+00
7.3365e+00
7.3365e+00
7.3270e+00
7.3270e+00
7.3270e+00
7.3175e+00
7.3081e+00
7.3081e+00
7.3081e+00
7.3081e+00
7.2891e+00
7.2891e+00
7.2891e+00
7.2797e+00
7.2797e+00
7.2702e+00
7.2607e+00
7.2513e+00
7.2513e+00
7.2513e+00
7.2418e+00
7.2418e+00
7.2418e+00
7.2418e+00
7.2323e+00
7.2323e+00
7.2323e+00
7.2323e+00
7.2229e+00
7.2229e+00
7.2134e+00
7.2039e+00
7.1945e+00
7.1850e+00
7.1850e+00
7.1850e+00
7.1755e+00
7.1661e+00
7.1661e+00
7.1661e+00
7.1661e+00
7.1661e+00
7.1661e+00
7.1566e+00
7.1471e+00
7.1376e+00
7.1282e+00
7.1282e+00
7.1187e+00
7.1092e+00
7.0998e+00
7.0998e+00
7.0903e+00
7.0998e+00
7.0998e+00
7.0808e+00
7.0713e+00
7.0619e+00
7.0619e+00
7.0619e+00
7.0524e+00
7.0524e+00
7.0524e+00
7.0524e+00
7.0429e+00
7.0334e+00
7.0240e+00
7.0240e+00
7.0240e+00
7.0145e+00
7.0145e+00
7.0145e+00
7.0050e+00
6.9955e+00
6.9861e+00
6.9766e+00
6.9766e+00
6.9576e+00
6.9576e+00
6.9576e+00
6.9482e+00
6.9387e+00
6.9292e+00
6.9292e+00
6.9197e+00
6.9197e+00
6.9197e+00
6.9103e+00
6.9008e+00
6.9103e+00
6.9008e+00
6.9008e+00
6.8913e+00
6.8723e+00
6.8723e+00
6.8629e+00
6.8534e+00
6.8439e+00
6.8439e+00
6.8439e+00
6.8344e+00
6.8344e+00
6.8249e+00
6.8249e+00
6.8249e+00
6.8155e+00
6.8060e+00
6.8060e+00
6.8060e+00
6.7870e+00
6.7775e+00
6.7870e+00
6.7775e+00
6.7586e+00
6.7586e+00
6.7586e+00
6.7586e+00
6.7586e+00
6.7491e+00
6.7491e+00
6.7396e+00
6.7396e+00
6.7301e+00
6.7301e+00
6.7206e+00
6.7111e+00
6.7111e+00
6.7111e+00
6.7016e+00
6.6922e+00
6.6827e+00
6.6827e+00
6.6732e+00
6.6732e+00
6.6732e+00
6.6732e+00
6.6637e+00
6.6637e+00
6.6637e+00
6.6447e+00
6.6447e+00
6.6447e+00
6.6352e+00
6.6352e+00
6.6163e+00
6.6068e+00
6.5973e+00
6.5973e+00
6.5973e+00
6.5878e+00
6.5878e+00
6.5878e+00
6.5783e+00
6.5783e+00
6.5688e+00
6.5688e+00
6.5593e+00
6.5498e+00
6.5403e+00
6.5403e+00
6.5308e+00
6.5214e+00
6.5119e+00
6.5119e+00
6.5119e+00
6.5119e+00
6.5024e+00
6.4929e+00
6.5024e+00
6.4929e+00
6.4929e+00
6.4929e+00
6.4834e+00
6.4739e+00
6.4644e+00
6.4644e+00
6.4549e+00
6.4454e+00
6.4454e+00
6.4359e+00
6.4264e+00
6.4264e+00
6.4264e+00
6.4169e+00
6.4074e+00
6.4074e+00
6.4074e+00
6.4074e+00
6.3979e+00
6.3884e+00
6.3884e+00
6.3789e+00
6.3694e+00
6.3599e+00
6.3599e+00
6.3504e+00
6.3409e+00
6.3409e+00
6.3409e+00
6.3409e+00
6.3314e+00
6.3220e+00
6.3220e+00
6.3125e+00
6.3125e+00
6.3030e+00
6.2935e+00
6.2840e+00
6.2840e+00
6.2840e+00
6.2745e+00
6.2554e+00
6.2554e+00
6.2554e+00
6.2554e+00
6.2459e+00
6.2459e+00
6.2364e+00
6.2269e+00
6.2269e+00
6.2269e+00
6.2079e+00
6.2079e+00
6.2079e+00
6.1889e+00
6.1889e+00
6.1699e+00
6.1794e+00
6.1794e+00
6.1699e+00
6.1699e+00
6.1604e+00
6.1604e+00
6.1604e+00
6.1509e+00
6.1509e+00
6.1319e+00
6.1224e+00
6.1129e+00
6.1129e+00
6.1034e+00
6.0939e+00
6.0939e+00
6.0939e+00
6.0939e+00
6.0844e+00
6.0749e+00
6.0749e+00
6.0749e+00
6.0559e+00
6.0559e+00
6.0559e+00
6.0463e+00
6.0273e+00
6.0273e+00
6.0178e+00
6.0178e+00
6.0083e+00
5.9988e+00
5.9988e+00
5.9893e+00
5.9893e+00
5.9893e+00
5.9798e+00
5.9798e+00
5.9703e+00
5.9703e+00
5.9512e+00
5.9512e+00
5.9417e+00
5.9322e+00
5.9227e+00
5.9132e+00
5.9132e+00
5.9132e+00
5.8942e+00
5.8847e+00
5.8847e+00
5.8847e+00
5.8751e+00
5.8751e+00
5.8751e+00
5.8656e+00
5.8656e+00
5.8561e+00
5.8561e+00
5.8466e+00
5.8371e+00
5.8276e+00
5.8180e+00
5.8180e+00
5.8180e+00
5.8085e+00
5.8085e+00
5.8085e+00
5.7990e+00
5.7990e+00
5.7895e+00
5.7895e+00
5.7800e+00
5.7800e+00
5.7705e+00
5.7609e+00
5.7609e+00
5.7514e+00
5.7514e+00
5.7514e+00
5.7419e+00
5.7419e+00
5.7419e+00
5.7324e+00
5.7324e+00
5.7419e+00
5.7324e+00
5.7229e+00
5.7133e+00
5.7133e+00
5.7133e+00
5.7038e+00
5.7038e+00
5.6943e+00
5.6848e+00
5.6848e+00
5.6753e+00
5.6848e+00
5.6753e+00
5.6657e+00
5.6657e+00
5.6562e+00
5.6467e+00
5.6562e+00
5.6467e+00
5.6372e+00
5.6277e+00
5.6181e+00
5.6181e+00
5.5991e+00
5.5896e+00
5.5896e+00
5.5800e+00
5.5800e+00
5.5800e+00
5.5705e+00
5.5610e+00
5.5515e+00
5.5515e+00
5.5515e+00
5.5515e+00
5.5419e+00
5.5324e+00
5.5229e+00
5.5229e+00
5.5134e+00
5.5134e+00
5.5134e+00
5.5038e+00
5.4943e+00
5.4943e+00
5.4943e+00
5.4848e+00
5.4752e+00
5.4848e+00
5.4752e+00
5.4657e+00
5.4562e+00
5.4467e+00
5.4467e+00
5.4467e+00
5.4276e+00
5.4276e+00
5.4276e+00
5.4276e+00
5.4181e+00
5.4276e+00
5.4181e+00
5.4085e+00
5.3990e+00
5.3990e+00
5.3895e+00
5.3800e+00
5.3704e+00
5.3609e+00
5.3514e+00
5.3418e+00
5.3323e+00
5.3228e+00
5.3228e+00
5.3132e+00
5.3132e+00
5.3132e+00
5.3132e+00
5.3037e+00
5.2942e+00
5.2942e+00
5.2942e+00
5.2846e+00
5.2751e+00
5.2656e+00
5.2560e+00
5.2369e+00
5.2274e+00
5.2274e+00
5.2179e+00
5.2179e+00
5.2179e+00
5.2179e+00
5.2083e+00
5.2083e+00
5.1988e+00
5.1893e+00
5.1797e+00
5.1797e+00
5.1702e+00
5.1606e+00
5.1511e+00
5.1511e+00
5.1511e+00
5.1511e+00
5.1320e+00
5.1320e+00
5.1320e+00
5.1225e+00
5.1225e+00
5.1225e+00
5.1225e+00
5.1129e+00
5.1034e+00
5.1034e+00
5.0939e+00
5.0843e+00
5.0843e+00
5.0843e+00
5.0748e+00
5.0748e+00
5.0748e+00
5.0748e+00
5.0652e+00
5.0652e+00
5.0652e+00
5.0557e+00
5.0557e+00
5.0462e+00
5.0462e+00
5.0366e+00
5.0366e+00
5.0271e+00
5.0271e+00
5.0080e+00
4.9984e+00
5.0080e+00
4.9984e+00
4.9984e+00
4.9984e+00
4.9889e+00
4.9889e+00
4.9889e+00
4.9889e+00
4.9793e+00
4.9698e+00
4.9698e+00
4.9698e+00
4.9603e+00
4.9507e+00
4.9507e+00
4.9412e+00
4.9412e+00
4.9316e+00
4.9412e+00
4.9412e+00
4.9316e+00
4.9316e+00
4.9221e+00
4.9221e+00
4.9125e+00
4.9125e+00
4.9030e+00
4.9030e+00
4.9030e+00
4.8934e+00
4.8934e+00
4.8839e+00
4.8839e+00
4.8839e+00
4.8743e+00
4.8743e+00
4.8743e+00
4.8648e+00
4.8743e+00
4.8743e+00
4.8648e+00
4.8648e+00
4.8552e+00
4.8552e+00
4.8457e+00
4.8361e+00
4.8361e+00
4.8361e+00
4.8266e+00
4.8170e+00
4.8266e+00
4.8170e+00
4.8075e+00
4.8075e+00
4.7979e+00
4.8075e+00
4.7979e+00
4.7884e+00
4.7884e+00
4.7884e+00
4.7788e+00
4.7788e+00
4.7693e+00
4.7693e+00
4.7693e+00
4.7597e+00
4.7597e+00
4.7597e+00
4.7502e+00
4.7502e+00
4.7502e+00
4.7406e+00
4.7311e+00
4.7311e+00
4.7215e+00
4.7215e+00
4.7119e+00
4.7024e+00
4.6928e+00
4.6833e+00
4.6833e+00
4.6833e+00
4.6833e+00
4.6737e+00
4.6737e+00
4.6642e+00
4.6546e+00
4.6546e+00
4.6451e+00
4.6451e+00
4.6355e+00
4.6355e+00
4.6259e+00
4.6259e+00
4.6164e+00
4.5973e+00
4.5973e+00
4.5973e+00
4.5973e+00
4.5973e+00
4.5877e+00
4.5877e+00
4.5686e+00
4.5686e+00
4.5686e+00
4.5590e+00
4.5590e+00
4.5590e+00
4.5495e+00
4.5495e+00
4.5304e+00
4.5304e+00
4.5304e+00
4.5208e+00
4.5208e+00
4.5208e+00
4.5112e+00
4.5112e+00
4.5017e+00
4.5017e+00
4.4825e+00
4.4825e+00
4.4825e+00
4.4730e+00
4.4634e+00
4.4634e+00
4.4539e+00
4.4443e+00
4.4443e+00
4.4347e+00
4.4156e+00
4.4156e+00
4.4156e+00
4.4156e+00
4.4156e+00
4.4156e+00
4.4060e+00
4.3965e+00
4.3869e+00
4.3773e+00
4.3773e+00
4.3678e+00
4.3582e+00
4.3582e+00
4.3582e+00
4.3486e+00
4.3486e+00
4.3391e+00
4.3391e+00
4.3295e+00
4.3199e+00
4.3199e+00
4.3199e+00
4.3104e+00
4.3008e+00
4.3008e+00
4.2912e+00
4.2817e+00
4.2817e+00
4.2721e+00
4.2721e+00
4.2625e+00
4.2530e+00
4.2625e+00
4.2625e+00
4.2625e+00
4.2530e+00
4.2434e+00
4.2338e+00
4.2242e+00
4.2147e+00
4.2147e+00
4.2051e+00
4.1955e+00
4.2051e+00
4.1955e+00
4.1860e+00
4.1860e+00
4.1860e+00
4.1764e+00
4.1668e+00
4.1668e+00
4.1572e+00
4.1572e+00
4.1572e+00
4.1477e+00
4.1381e+00
4.1285e+00
4.1285e+00
4.1094e+00
4.0998e+00
4.0902e+00
4.0902e+00
4.0902e+00
4.0902e+00
4.0902e+00
4.0806e+00
4.0806e+00
4.0711e+00
4.0615e+00
4.0615e+00
4.0519e+00
4.0519e+00
4.0423e+00
4.0423e+00
4.0327e+00
4.0232e+00
4.0232e+00
4.0232e+00
4.0232e+00
4.0136e+00
4.0040e+00
4.0040e+00
4.0040e+00
3.9944e+00
3.9849e+00
3.9753e+00
3.9753e+00
3.9657e+00
3.9561e+00
3.9465e+00
3.9370e+00
3.9370e+00
3.9274e+00
3.9274e+00
3.9274e+00
3.9178e+00
3.9178e+00
3.9082e+00
3.9082e+00
3.9082e+00
3.8986e+00
3.8890e+00
3.8890e+00
3.8795e+00
3.8603e+00
3.8507e+00
3.8507e+00
3.8507e+00
3.8507e+00
3.8507e+00
3.8507e+00
3.8411e+00
3.8411e+00
3.8411e+00
3.8507e+00
3.8411e+00
3.8411e+00
3.8315e+00
3.8315e+00
3.8220e+00
3.8220e+00
3.8220e+00
3.8220e+00
3.8220e+00
3.8124e+00
3.8220e+00
3.8124e+00
3.8220e+00
3.8220e+00
3.8124e+00
3.8124e+00
3.8124e+00
3.8124e+00
3.8028e+00
3.8028e+00
3.8028e+00
3.8028e+00
3.8028e+00
3.7932e+00
3.7932e+00
3.7932e+00
3.7932e+00
3.7932e+00
3.7932e+00
3.7932e+00
3.7932e+00
3.7932e+00
3.7836e+00
3.7932e+00
3.7836e+00
3.7740e+00
3.7740e+00
3.7740e+00
3.7644e+00
3.7548e+00
3.7548e+00
3.7548e+00
3.7453e+00
3.7548e+00
3.7357e+00
3.7453e+00
3.7548e+00
3.7453e+00
3.7357e+00
3.7261e+00
3.7357e+00
3.7261e+00
3.7069e+00
3.7069e+00
3.6973e+00
3.6973e+00
3.6877e+00
3.6877e+00
3.6877e+00
3.6973e+00
3.6877e+00
3.6877e+00
3.6877e+00
3.6781e+00
3.6781e+00
3.6685e+00
3.6590e+00
3.6590e+00
3.6590e+00
3.6494e+00
3.6302e+00
3.6302e+00
3.6302e+00
3.6302e+00
3.6302e+00
3.6302e+00
3.6206e+00
3.6206e+00
3.6206e+00
3.6206e+00
3.6110e+00
3.6014e+00
3.6110e+00
3.6014e+00
3.5918e+00
3.5918e+00
3.5822e+00
3.5726e+00
3.5726e+00
3.5630e+00
3.5630e+00
3.5630e+00
3.5630e+00
3.5630e+00
3.5534e+00
3.5534e+00
3.5438e+00
3.5438e+00
3.5342e+00
3.5151e+00
3.5247e+00
3.5247e+00
3.5151e+00
3.5151e+00
3.5055e+00
3.5055e+00
3.4959e+00
3.4959e+00
3.4863e+00
3.4863e+00
3.4863e+00
3.4863e+00
3.4767e+00
3.4671e+00
3.4671e+00
3.4479e+00
3.4383e+00
3.4383e+00
3.4287e+00
3.4191e+00
3.4287e+00
3.4191e+00
3.4095e+00
3.4191e+00
3.4191e+00
3.4095e+00
3.3999e+00
3.3903e+00
3.3903e+00
3.3903e+00
3.3807e+00
3.3711e+00
3.3519e+00
3.3519e+00
3.3519e+00
3.3519e+00
3.3423e+00
3.3231e+00
3.3135e+00
3.3231e+00
3.3231e+00
3.3135e+00
3.3135e+00
3.3231e+00
3.3135e+00
3.3039e+00
3.2943e+00
3.2847e+00
3.2751e+00
3.2751e+00
3.2751e+00
3.2558e+00
3.2558e+00
3.2558e+00
3.2462e+00
3.2462e+00
3.2366e+00
3.2366e+00
3.2366e+00
3.2366e+00
3.2270e+00
3.2270e+00
3.2174e+00
3.2078e+00
3.1982e+00
3.1886e+00
3.1790e+00
3.1790e+00
3.1790e+00
3.1790e+00
3.1694e+00
3.1694e+00
3.1598e+00
3.1598e+00
3.1502e+00
3.1502e+00
3.1406e+00
3.1406e+00
3.1310e+00
3.1310e+00
3.1213e+00
3.1117e+00
3.1021e+00
3.0925e+00
3.0829e+00
3.0829e+00
3.0829e+00
3.0733e+00
3.0637e+00
3.0733e+00
3.0637e+00
3.0541e+00
3.0541e+00
3.0541e+00
3.0348e+00
3.0348e+00
3.0252e+00
3.0156e+00
3.0156e+00
3.0060e+00
2.9964e+00
2.9964e+00
2.9964e+00
2.9868e+00
2.9868e+00
2.9772e+00
2.9772e+00
2.9675e+00
2.9579e+00
2.9579e+00
2.9483e+00
2.9483e+00
2.9291e+00
2.9195e+00
2.9291e+00
2.9195e+00
2.9099e+00
2.9099e+00
2.9195e+00
2.9099e+00
2.9002e+00
2.8906e+00
2.8906e+00
2.8906e+00
2.8810e+00
2.8714e+00
2.8810e+00
2.8810e+00
2.8618e+00
2.8425e+00
2.8425e+00
2.8329e+00
2.8329e+00
2.8329e+00
2.8329e+00
2.8329e+00
2.8137e+00
2.8137e+00
2.8137e+00
2.8040e+00
2.8040e+00
2.8040e+00
2.7848e+00
2.7752e+00
2.7848e+00
2.7752e+00
2.7656e+00
2.7656e+00
2.7656e+00
2.7559e+00
2.7559e+00
2.7559e+00
2.7559e+00
2.7463e+00
2.7367e+00
2.7463e+00
2.7367e+00
2.7367e+00
2.7367e+00
2.7175e+00
2.7175e+00
2.7175e+00
2.7175e+00
2.7078e+00
2.7078e+00
2.7078e+00
2.7078e+00
2.7078e+00
2.7078e+00
2.7078e+00
2.7078e+00
2.7078e+00
2.7078e+00
2.7078e+00
2.7078e+00
2.6982e+00
2.6982e+00
2.6886e+00
2.6982e+00
2.6982e+00
2.6982e+00
2.6982e+00
2.7078e+00
2.7078e+00
2.6982e+00
2.6982e+00
2.7078e+00
2.6982e+00
2.6982e+00
2.6982e+00
2.6982e+00
2.6982e+00
2.6982e+00
2.6886e+00
2.6886e+00
2.6790e+00
2.6886e+00
2.6886e+00
2.6886e+00
2.6790e+00
2.6790e+00
2.6790e+00
2.6693e+00
2.6693e+00
2.6790e+00
2.6693e+00
2.6597e+00
2.6597e+00
2.6597e+00
2.6597e+00
2.6501e+00
2.6501e+00
2.6501e+00
2.6501e+00
2.6501e+00
2.6501e+00
2.6405e+00
2.6501e+00
2.6501e+00
2.6405e+00
2.6308e+00
2.6405e+00
2.6405e+00
2.6308e+00
2.6308e+00
2.6308e+00
2.6212e+00
2.6212e+00
2.6212e+00
2.6212e+00
2.6212e+00
2.6116e+00
2.6116e+00
2.6116e+00
2.6212e+00
2.6308e+00
2.6212e+00
2.6212e+00
2.6116e+00
2.6116e+00
2.6116e+00
2.6019e+00
2.6019e+00
2.6019e+00
2.6019e+00
2.5827e+00
2.5923e+00
2.5923e+00
2.5923e+00
2.6019e+00
2.5923e+00
2.5827e+00
2.5827e+00
2.5827e+00
2.5731e+00
2.5731e+00
2.5731e+00
2.5634e+00
2.5538e+00
2.5538e+00
2.5442e+00
2.5442e+00
2.5442e+00
2.5442e+00
2.5345e+00
2.5442e+00
2.5345e+00
2.5345e+00
2.5345e+00
2.5249e+00
2.5153e+00
2.5057e+00
2.4960e+00
2.4960e+00
2.4864e+00
2.4960e+00
2.4864e+00
2.4768e+00
2.4768e+00
2.4768e+00
2.4768e+00
2.4671e+00
2.4575e+00
2.4575e+00
2.4575e+00
2.4479e+00
2.4286e+00
2.4190e+00
2.4093e+00
2.4093e+00
2.4190e+00
2.4093e+00
2.4093e+00
2.4093e+00
2.3901e+00
2.3901e+00
2.3901e+00
2.3804e+00
2.3708e+00
2.3708e+00
2.3612e+00
2.3515e+00
2.3515e+00
2.3612e+00
2.3419e+00
2.3322e+00
2.3322e+00
2.3322e+00
2.3322e+00
2.3226e+00
2.3226e+00
2.3226e+00
2.3226e+00
2.3130e+00
2.3130e+00
2.3033e+00
2.2937e+00
2.2841e+00
2.2841e+00
2.2744e+00
2.2648e+00
2.2551e+00
2.2551e+00
2.2551e+00
2.2551e+00
2.2455e+00
2.2455e+00
2.2359e+00
2.2359e+00
2.2359e+00
2.2262e+00
2.2166e+00
2.2166e+00
2.2166e+00
2.2166e+00
2.2069e+00
2.1973e+00
2.1973e+00
2.1877e+00
2.1877e+00
2.1973e+00
2.1877e+00
2.1877e+00
2.1877e+00
2.1684e+00
2.1684e+00
2.1684e+00
2.1684e+00
2.1587e+00
2.1491e+00
2.1491e+00
2.1394e+00
2.1298e+00
2.1298e+00
2.1298e+00
2.1202e+00
2.1202e+00
2.1105e+00
2.1009e+00
2.1009e+00
2.1009e+00
2.1009e+00
2.0912e+00
2.0912e+00
2.0816e+00
2.0816e+00
2.0816e+00
2.0719e+00
2.0623e+00
2.0623e+00
2.0623e+00
2.0430e+00
2.0333e+00
2.0430e+00
2.0430e+00
2.0430e+00
2.0333e+00
2.0333e+00
2.0333e+00
2.0237e+00
2.0140e+00
2.0140e+00
2.0044e+00
1.9947e+00
1.9947e+00
1.9947e+00
1.9851e+00
1.9754e+00
1.9754e+00
1.9754e+00
1.9754e+00
1.9658e+00
1.9658e+00
1.9658e+00
1.9658e+00
1.9562e+00
1.9465e+00
1.9465e+00
1.9465e+00
1.9465e+00
1.9272e+00
1.9272e+00
1.9272e+00
1.9272e+00
1.9175e+00
1.9079e+00
1.9079e+00
1.9079e+00
1.9079e+00
1.9079e+00
1.9079e+00
1.8982e+00
1.8886e+00
1.8789e+00
1.8693e+00
1.8693e+00
1.8693e+00
1.8596e+00
1.8596e+00
1.8500e+00
1.8500e+00
1.8403e+00
1.8307e+00
1.8307e+00
1.8307e+00
1.8307e+00
1.8307e+00
1.8210e+00
1.8114e+00
1.8114e+00
1.8017e+00
1.7921e+00
1.7921e+00
1.7824e+00
1.7824e+00
1.7727e+00
1.7631e+00
1.7631e+00
1.7631e+00
1.7631e+00
1.7631e+00
1.7631e+00
1.7534e+00
1.7438e+00
1.7341e+00
1.7245e+00
1.7245e+00
1.7148e+00
1.7051e+00
1.7051e+00
1.7051e+00
1.6955e+00
1.6955e+00
1.6955e+00
1.6858e+00
1.6762e+00
1.6762e+00
1.6762e+00
1.6762e+00
1.6665e+00
1.6665e+00
1.6665e+00
1.6472e+00
1.6472e+00
1.6472e+00
1.6375e+00
1.6375e+00
1.6279e+00
1.6182e+00
1.6085e+00
1.6085e+00
1.6085e+00
1.6085e+00
1.5989e+00
1.5892e+00
1.5892e+00
1.5795e+00
1.5699e+00
1.5602e+00
1.5602e+00
1.5602e+00
1.5409e+00
1.5506e+00
1.5409e+00
1.5312e+00
1.5216e+00
1.5216e+00
1.5216e+00
1.5119e+00
1.5119e+00
1.4926e+00
1.4926e+00
1.4926e+00
1.4732e+00
1.4732e+00
1.4636e+00
1.4539e+00
1.4539e+00
1.4539e+00
1.4442e+00
1.4346e+00
1.4249e+00
1.4249e+00
1.4152e+00
1.4152e+00
1.4152e+00
1.4152e+00
1.4056e+00
1.3959e+00
1.3862e+00
1.3765e+00
1.3669e+00
1.3669e+00
1.3669e+00
1.3572e+00
1.3475e+00
1.3379e+00
1.3379e+00
1.3379e+00
1.3379e+00
1.3379e+00
1.3185e+00
1.3089e+00
1.3089e+00
1.3089e+00
1.2992e+00
1.2895e+00
1.2798e+00
1.2798e+00
1.2702e+00
1.2605e+00
1.2605e+00
1.2508e+00
1.2508e+00
1.2411e+00
1.2411e+00
1.2411e+00
1.2315e+00
1.2121e+00
1.2121e+00
1.2024e+00
1.2024e+00
1.1928e+00
1.1831e+00
1.1734e+00
1.1734e+00
1.1637e+00
1.1540e+00
1.1540e+00
1.1540e+00
1.1444e+00
1.1444e+00
1.1444e+00
1.1347e+00
1.1250e+00
1.1250e+00
1.1153e+00
1.1057e+00
1.0960e+00
1.0960e+00
1.0863e+00
1.0766e+00
1.0766e+00
1.0669e+00
1.0766e+00
1.0669e+00
1.0669e+00
1.0573e+00
1.0573e+00
1.0573e+00
1.0476e+00
1.0476e+00
1.0379e+00
1.0282e+00
1.0282e+00
1.0282e+00
1.0185e+00
1.0185e+00
1.0088e+00
9.9916e-01
9.9916e-01
9.9916e-01
1.0088e+00
1.0088e+00
9.9916e-01
9.8948e-01
9.8948e-01
9.8948e-01
9.7979e-01
9.7011e-01
9.6043e-01
9.6043e-01
9.5074e-01
9.5074e-01
9.5074e-01
9.5074e-01
9.5074e-01
9.4106e-01
9.4106e-01
9.3137e-01
9.3137e-01
9.3137e-01
9.3137e-01
9.2168e-01
9.2168e-01
9.1200e-01
9.0231e-01
8.9263e-01
8.9263e-01
8.9263e-01
8.9263e-01
8.7325e-01
8.7325e-01
8.7325e-01
8.7325e-01
8.5388e-01
8.5388e-01
8.5388e-01
8.5388e-01
8.4419e-01
8.3450e-01
8.2481e-01
8.2481e-01
8.1512e-01
8.0543e-01
8.0543e-01
8.0543e-01
7.9574e-01
7.8605e-01
7.7636e-01
7.7636e-01
7.6667e-01
7.6667e-01
7.6667e-01
7.5698e-01
7.4728e-01
7.3759e-01
7.3759e-01
7.2790e-01
7.0851e-01
7.0851e-01
7.0851e-01
6.9882e-01
6.9882e-01
6.8913e-01
6.8913e-01
6.7943e-01
6.8913e-01
6.7943e-01
6.7943e-01
6.6974e-01
6.6004e-01
6.6004e-01
6.4065e-01
6.3096e-01
6.2126e-01
6.2126e-01
6.2126e-01
6.2126e-01
6.0187e-01
6.0187e-01
6.0187e-01
6.0187e-01
5.9217e-01
5.9217e-01
5.8247e-01
5.8247e-01
5.8247e-01
5.7277e-01
5.6307e-01
5.6307e-01
5.5338e-01
5.5338e-01
5.5338e-01
5.5338e-01
5.4368e-01
5.4368e-01
5.4368e-01
5.3398e-01
5.3398e-01
5.2428e-01
5.2428e-01
5.1458e-01
5.0488e-01
4.9518e-01
4.8548e-01
4.8548e-01
4.8548e-01
4.7578e-01
4.7578e-01
4.7578e-01
4.6607e-01
4.6607e-01
4.6607e-01
4.6607e-01
4.5637e-01
4.5637e-01
4.5637e-01
4.4667e-01
4.3697e-01
4.3697e-01
4.2727e-01
4.2727e-01
4.2727e-01
4.1756e-01
4.1756e-01
4.1756e-01
4.0786e-01
4.0786e-01
4.0786e-01
3.9815e-01
3.8845e-01
3.8845e-01
3.8845e-01
3.7875e-01
3.6904e-01
3.5933e-01
3.5933e-01
3.5933e-01
3.4963e-01
3.4963e-01
3.3992e-01
3.3022e-01
3.2051e-01
3.2051e-01
3.2051e-01
3.1080e-01
3.1080e-01
3.0110e-01
3.0110e-01
2.9139e-01
2.9139e-01
2.8168e-01
2.7197e-01
2.7197e-01
2.6226e-01
2.7197e-01
2.7197e-01
2.6226e-01
2.6226e-01
2.5255e-01
2.4284e-01
2.4284e-01
2.4284e-01
2.4284e-01
2.3314e-01
2.2343e-01
2.1371e-01
2.1371e-01
2.0400e-01
2.0400e-01
1.9429e-01
1.9429e-01
2.0400e-01
1.8458e-01
1.9429e-01
1.9429e-01
1.8458e-01
1.7487e-01
1.7487e-01
1.7487e-01
1.6516e-01
1.5545e-01
1.5545e-01
1.5545e-01
1.3602e-01
1.3602e-01
1.3602e-01
1.2631e-01
1.2631e-01
1.2631e-01
1.1659e-01
1.1659e-01
1.0688e-01
1.0688e-01
1.0688e-01
9.7163e-02
8.7449e-02
8.7449e-02
7.7733e-02
6.8018e-02
6.8018e-02
6.8018e-02
6.8018e-02
4.8586e-02
4.8586e-02
4.8586e-02
4.8586e-02
3.8870e-02
2.9153e-02
3.8870e-02
3.8870e-02
2.9153e-02
1.9436e-02
9.7180e-03
9.7180e-03
0000
