3.7888e+01
3.7865e+01
3.7847e+01
3.7821e+01
3.7787e+01
3.7768e+01
3.7753e+01
3.7738e+01
3.7709e+01
3.7694e+01
3.7671e+01
3.7649e+01
3.7623e+01
3.7596e+01
3.7570e+01
3.7552e+01
3.7525e+01
3.7503e+01
3.7477e+01
3.7454e+01
3.7428e+01
3.7409e+01
3.7387e+01
3.7376e+01
3.7349e+01
3.7327e+01
3.7305e+01
3.7282e+01
3.7256e+01
3.7237e+01
3.7211e+01
3.7188e+01
3.7170e+01
3.7151e+01
3.7132e+01
3.7106e+01
3.7087e+01
3.7065e+01
3.7038e+01
3.7023e+01
3.6997e+01
3.6975e+01
3.6948e+01
3.6922e+01
3.6892e+01
3.6873e+01
3.6843e+01
3.6821e+01
3.6798e+01
3.6772e+01
3.6753e+01
3.6731e+01
3.6697e+01
3.6674e+01
3.6655e+01
3.6637e+01
3.6618e+01
3.6599e+01
3.6573e+01
3.6539e+01
3.6520e+01
3.6501e+01
3.6475e+01
3.6452e+01
3.6430e+01
3.6407e+01
3.6366e+01
3.6347e+01
3.6328e+01
3.6309e+01
3.6283e+01
3.6253e+01
3.6226e+01
3.6215e+01
3.6189e+01
3.6162e+01
3.6136e+01
3.6117e+01
3.6083e+01
3.6057e+01
3.6038e+01
3.6019e+01
3.5996e+01
3.5981e+01
3.5947e+01
3.5928e+01
3.5913e+01
3.5898e+01
3.5875e+01
3.5853e+01
3.5830e+01
3.5800e+01
3.5781e+01
3.5770e+01
3.5739e+01
3.5713e+01
3.5679e+01
3.5656e+01
3.5641e+01
3.5611e+01
3.5592e+01
3.5573e+01
3.5550e+01
3.5531e+01
3.5501e+01
3.5478e+01
3.5452e+01
3.5433e+01
3.5406e+01
3.5384e+01
3.5361e+01
3.5335e+01
3.5316e+01
3.5293e+01
3.5259e+01
3.5240e+01
3.5221e+01
3.5206e+01
3.5190e+01
3.5168e+01
3.5137e+01
3.5111e+01
3.5092e+01
3.5062e+01
3.5035e+01
3.5008e+01
3.4974e+01
3.4951e+01
3.4929e+01
3.4906e+01
3.4887e+01
3.4864e+01
3.4834e+01
3.4811e+01
3.4784e+01
3.4765e+01
3.4750e+01
3.4727e+01
3.4708e+01
3.4682e+01
3.4659e+01
3.4636e+01
3.4613e+01
3.4587e+01
3.4564e+01
3.4537e+01
3.4507e+01
3.4480e+01
3.4457e+01
3.4434e+01
3.4408e+01
3.4377e+01
3.4351e+01
3.4332e+01
3.4301e+01
3.4282e+01
3.4251e+01
3.4225e+01
3.4198e+01
3.4183e+01
3.4156e+01
3.4137e+01
3.4114e+01
3.4088e+01
3.4065e+01
3.4049e+01
3.4026e+01
3.4004e+01
3.3984e+01
3.3958e+01
3.3939e+01
3.3923e+01
3.3897e+01
3.3874e+01
3.3847e+01
3.3824e+01
3.3797e+01
3.3767e+01
3.3751e+01
3.3732e+01
3.3702e+01
3.3686e+01
3.3671e+01
3.3644e+01
3.3618e+01
3.3598e+01
3.3579e+01
3.3556e+01
3.3533e+01
3.3510e+01
3.3480e+01
3.3468e+01
3.3449e+01
3.3430e+01
3.3415e+01
3.3392e+01
3.3369e+01
3.3353e+01
3.3342e+01
3.3315e+01
3.3292e+01
3.3269e+01
3.3242e+01
3.3227e+01
3.3196e+01
3.3169e+01
3.3150e+01
3.3135e+01
3.3112e+01
3.3089e+01
3.3073e+01
3.3054e+01
3.3031e+01
3.3008e+01
3.2989e+01
3.2970e+01
3.2951e+01
3.2931e+01
3.2912e+01
3.2893e+01
3.2874e+01
3.2851e+01
3.2832e+01
3.2812e+01
3.2789e+01
3.2762e+01
3.2743e+01
3.2728e+01
3.2712e+01
3.2689e+01
3.2674e+01
3.2651e+01
3.2620e+01
3.2605e+01
3.2585e+01
3.2558e+01
3.2535e+01
3.2508e+01
3.2481e+01
3.2466e+01
3.2439e+01
3.2416e+01
3.2404e+01
3.2381e+01
3.2362e+01
3.2347e+01
3.2324e+01
3.2300e+01
3.2281e+01
3.2262e+01
3.2239e+01
3.2219e+01
3.2189e+01
3.2173e+01
3.2158e+01
3.2135e+01
3.2104e+01
3.2084e+01
3.2065e+01
3.2046e+01
3.2015e+01
3.2000e+01
3.1980e+01
3.1961e+01
3.1942e+01
3.1926e+01
3.1907e+01
3.1891e+01
3.1872e+01
3.1860e+01
3.1841e+01
3.1830e+01
3.1822e+01
3.1806e+01
3.1795e+01
3.1795e+01
3.1787e+01
3.1787e+01
3.1783e+01
3.1779e+01
3.1772e+01
3.1772e+01
3.1768e+01
3.1768e+01
3.1772e+01
3.1764e+01
3.1756e+01
3.1760e+01
3.1748e+01
3.1748e+01
3.1752e+01
3.1760e+01
3.1764e+01
3.1764e+01
3.1768e+01
3.1764e+01
3.1764e+01
3.1768e+01
3.1772e+01
3.1775e+01
3.1775e+01
3.1775e+01
3.1775e+01
3.1787e+01
3.1791e+01
3.1787e+01
3.1787e+01
3.1791e+01
3.1806e+01
3.1826e+01
3.1837e+01
3.1845e+01
3.1860e+01
3.1876e+01
3.1876e+01
3.1868e+01
3.1860e+01
3.1860e+01
3.1849e+01
3.1845e+01
3.1845e+01
3.1845e+01
3.1833e+01
3.1833e+01
3.1818e+01
3.1802e+01
3.1795e+01
3.1787e+01
3.1779e+01
3.1764e+01
3.1752e+01
3.1741e+01
3.1729e+01
3.1721e+01
3.1717e+01
3.1698e+01
3.1683e+01
3.1667e+01
3.1659e+01
3.1644e+01
3.1628e+01
3.1617e+01
3.1597e+01
3.1582e+01
3.1574e+01
3.1555e+01
3.1536e+01
3.1520e+01
3.1508e+01
3.1493e+01
3.1470e+01
3.1450e+01
3.1439e+01
3.1419e+01
3.1408e+01
3.1388e+01
3.1369e+01
3.1350e+01
3.1334e+01
3.1323e+01
3.1299e+01
3.1272e+01
3.1253e+01
3.1237e+01
3.1206e+01
3.1191e+01
3.1175e+01
3.1152e+01
3.1129e+01
3.1109e+01
3.1086e+01
3.1059e+01
3.1039e+01
3.1012e+01
3.0989e+01
3.0962e+01
3.0934e+01
3.0911e+01
3.0896e+01
3.0872e+01
3.0837e+01
3.0818e+01
3.0798e+01
3.0775e+01
3.0748e+01
3.0725e+01
3.0693e+01
3.0666e+01
3.0651e+01
3.0623e+01
3.0604e+01
3.0588e+01
3.0561e+01
3.0538e+01
3.0507e+01
3.0479e+01
3.0468e+01
3.0440e+01
3.0401e+01
3.0378e+01
3.0347e+01
3.0324e+01
3.0300e+01
3.0281e+01
3.0249e+01
3.0226e+01
3.0199e+01
3.0171e+01
3.0148e+01
3.0129e+01
3.0093e+01
3.0062e+01
3.0035e+01
3.0011e+01
2.9980e+01
2.9961e+01
2.9945e+01
2.9918e+01
2.9898e+01
2.9882e+01
2.9851e+01
2.9832e+01
2.9804e+01
2.9785e+01
2.9757e+01
2.9734e+01
2.9710e+01
2.9687e+01
2.9652e+01
2.9632e+01
2.9609e+01
2.9577e+01
2.9546e+01
2.9530e+01
2.9511e+01
2.9487e+01
2.9456e+01
2.9433e+01
2.9409e+01
2.9393e+01
2.9366e+01
2.9338e+01
2.9315e+01
2.9299e+01
2.9288e+01
2.9256e+01
2.9221e+01
2.9209e+01
2.9186e+01
2.9162e+01
2.9138e+01
2.9119e+01
2.9103e+01
2.9080e+01
2.9044e+01
2.9025e+01
2.8993e+01
2.8974e+01
2.8946e+01
2.8922e+01
2.8895e+01
2.8875e+01
2.8852e+01
2.8828e+01
2.8812e+01
2.8793e+01
2.8761e+01
2.8746e+01
2.8722e+01
2.8698e+01
2.8683e+01
2.8655e+01
2.8624e+01
2.8608e+01
2.8580e+01
2.8557e+01
2.8541e+01
2.8517e+01
2.8490e+01
2.8478e+01
2.8454e+01
2.8423e+01
2.8399e+01
2.8375e+01
2.8344e+01
2.8324e+01
2.8297e+01
2.8269e+01
2.8241e+01
2.8226e+01
2.8206e+01
2.8186e+01
2.8163e+01
2.8139e+01
2.8123e+01
2.8099e+01
2.8068e+01
2.8044e+01
2.8032e+01
2.8013e+01
2.7993e+01
2.7977e+01
2.7949e+01
2.7922e+01
2.7898e+01
2.7878e+01
2.7858e+01
2.7831e+01
2.7807e+01
2.7787e+01
2.7764e+01
2.7744e+01
2.7724e+01
2.7696e+01
2.7669e+01
2.7653e+01
2.7633e+01
2.7605e+01
2.7585e+01
2.7566e+01
2.7538e+01
2.7518e+01
2.7498e+01
2.7479e+01
2.7459e+01
2.7439e+01
2.7419e+01
2.7399e+01
2.7372e+01
2.7352e+01
2.7336e+01
2.7312e+01
2.7288e+01
2.7272e+01
2.7249e+01
2.7229e+01
2.7205e+01
2.7185e+01
2.7165e+01
2.7138e+01
2.7102e+01
2.7086e+01
2.7070e+01
2.7050e+01
2.7026e+01
2.7007e+01
2.6991e+01
2.6971e+01
2.6939e+01
2.6919e+01
2.6899e+01
2.6879e+01
2.6860e+01
2.6848e+01
2.6820e+01
2.6792e+01
2.6776e+01
2.6760e+01
2.6740e+01
2.6724e+01
2.6704e+01
2.6681e+01
2.6661e+01
2.6637e+01
2.6617e+01
2.6605e+01
2.6577e+01
2.6553e+01
2.6533e+01
2.6513e+01
2.6486e+01
2.6470e+01
2.6450e+01
2.6422e+01
2.6402e+01
2.6378e+01
2.6366e+01
2.6350e+01
2.6330e+01
2.6310e+01
2.6286e+01
2.6266e+01
2.6250e+01
2.6226e+01
2.6202e+01
2.6187e+01
2.6159e+01
2.6131e+01
2.6111e+01
2.6091e+01
2.6067e+01
2.6035e+01
2.6019e+01
2.6003e+01
2.5971e+01
2.5955e+01
2.5939e+01
2.5915e+01
2.5899e+01
2.5883e+01
2.5855e+01
2.5831e+01
2.5807e+01
2.5791e+01
2.5775e+01
2.5747e+01
2.5719e+01
2.5707e+01
2.5695e+01
2.5671e+01
2.5647e+01
2.5627e+01
2.5615e+01
2.5595e+01
2.5567e+01
2.5539e+01
2.5511e+01
2.5487e+01
2.5459e+01
2.5439e+01
2.5415e+01
2.5399e+01
2.5379e+01
2.5355e+01
2.5335e+01
2.5319e+01
2.5299e+01
2.5279e+01
2.5254e+01
2.5234e+01
2.5218e+01
2.5202e+01
2.5174e+01
2.5146e+01
2.5122e+01
2.5110e+01
2.5094e+01
2.5066e+01
2.5046e+01
2.5030e+01
2.5006e+01
2.4990e+01
2.4965e+01
2.4945e+01
2.4917e+01
2.4893e+01
2.4877e+01
2.4857e+01
2.4833e+01
2.4809e+01
2.4785e+01
2.4760e+01
2.4740e+01
2.4728e+01
2.4704e+01
2.4680e+01
2.4664e+01
2.4648e+01
2.4628e+01
2.4608e+01
2.4583e+01
2.4567e+01
2.4543e+01
2.4527e+01
2.4507e+01
2.4483e+01
2.4459e+01
2.4434e+01
2.4414e+01
2.4398e+01
2.4374e+01
2.4358e+01
2.4334e+01
2.4313e+01
2.4293e+01
2.4273e+01
2.4253e+01
2.4233e+01
2.4213e+01
2.4184e+01
2.4164e+01
2.4148e+01
2.4128e+01
2.4112e+01
2.4084e+01
2.4067e+01
2.4047e+01
2.4027e+01
2.4011e+01
2.3995e+01
2.3974e+01
2.3962e+01
2.3938e+01
2.3914e+01
2.3894e+01
2.3873e+01
2.3845e+01
2.3817e+01
2.3797e+01
2.3772e+01
2.3748e+01
2.3736e+01
2.3716e+01
2.3691e+01
2.3667e+01
2.3655e+01
2.3631e+01
2.3607e+01
2.3578e+01
2.3562e+01
2.3546e+01
2.3521e+01
2.3497e+01
2.3481e+01
2.3465e+01
2.3440e+01
2.3412e+01
2.3400e+01
2.3380e+01
2.3363e+01
2.3335e+01
2.3323e+01
2.3307e+01
2.3282e+01
2.3250e+01
2.3226e+01
2.3201e+01
2.3177e+01
2.3153e+01
2.3128e+01
2.3100e+01
2.3084e+01
2.3075e+01
2.3051e+01
2.3027e+01
2.3010e+01
2.2982e+01
2.2958e+01
2.2941e+01
2.2925e+01
2.2893e+01
2.2868e+01
2.2852e+01
2.2832e+01
2.2811e+01
2.2791e+01
2.2767e+01
2.2750e+01
2.2722e+01
2.2706e+01
2.2689e+01
2.2665e+01
2.2636e+01
2.2616e+01
2.2600e+01
2.2579e+01
2.2555e+01
2.2535e+01
2.2506e+01
2.2478e+01
2.2461e+01
2.2437e+01
2.2404e+01
2.2384e+01
2.2368e+01
2.2351e+01
2.2331e+01
2.2319e+01
2.2294e+01
2.2270e+01
2.2245e+01
2.2233e+01
2.2205e+01
2.2184e+01
2.2172e+01
2.2152e+01
2.2127e+01
2.2107e+01
2.2074e+01
2.2045e+01
2.2025e+01
2.2009e+01
2.1984e+01
2.1964e+01
2.1943e+01
2.1919e+01
2.1894e+01
2.1874e+01
2.1853e+01
2.1837e+01
2.1813e+01
2.1788e+01
2.1759e+01
2.1743e+01
2.1723e+01
2.1702e+01
2.1686e+01
2.1665e+01
2.1645e+01
2.1624e+01
2.1600e+01
2.1579e+01
2.1559e+01
2.1538e+01
2.1502e+01
2.1477e+01
2.1457e+01
2.1436e+01
2.1411e+01
2.1391e+01
2.1362e+01
2.1350e+01
2.1325e+01
2.1305e+01
2.1280e+01
2.1260e+01
2.1239e+01
2.1223e+01
2.1198e+01
2.1182e+01
2.1153e+01
2.1129e+01
2.1112e+01
2.1100e+01
2.1071e+01
2.1046e+01
2.1034e+01
2.1014e+01
2.0989e+01
2.0973e+01
2.0952e+01
2.0931e+01
2.0907e+01
2.0882e+01
2.0862e+01
2.0837e+01
2.0804e+01
2.0788e+01
2.0771e+01
2.0742e+01
2.0722e+01
2.0709e+01
2.0689e+01
2.0672e+01
2.0644e+01
2.0623e+01
2.0602e+01
2.0582e+01
2.0561e+01
2.0545e+01
2.0520e+01
2.0504e+01
2.0483e+01
2.0462e+01
2.0438e+01
2.0417e+01
2.0401e+01
2.0384e+01
2.0364e+01
2.0343e+01
2.0327e+01
2.0306e+01
2.0281e+01
2.0261e+01
2.0244e+01
2.0223e+01
2.0203e+01
2.0182e+01
2.0166e+01
2.0149e+01
2.0133e+01
2.0108e+01
2.0087e+01
2.0071e+01
2.0046e+01
2.0030e+01
2.0013e+01
2.0001e+01
1.9992e+01
1.9968e+01
1.9959e+01
1.9947e+01
1.9926e+01
1.9918e+01
1.9906e+01
1.9885e+01
1.9864e+01
1.9848e+01
1.9823e+01
1.9802e+01
1.9786e+01
1.9765e+01
1.9753e+01
1.9736e+01
1.9715e+01
1.9707e+01
1.9687e+01
1.9670e+01
1.9658e+01
1.9633e+01
1.9612e+01
1.9595e+01
1.9579e+01
1.9571e+01
1.9554e+01
1.9529e+01
1.9517e+01
1.9504e+01
1.9488e+01
1.9471e+01
1.9459e+01
1.9438e+01
1.9422e+01
1.9405e+01
1.9380e+01
1.9355e+01
1.9335e+01
1.9314e+01
1.9293e+01
1.9277e+01
1.9256e+01
1.9235e+01
1.9218e+01
1.9210e+01
1.9189e+01
1.9169e+01
1.9148e+01
1.9136e+01
1.9123e+01
1.9098e+01
1.9077e+01
1.9061e+01
1.9044e+01
1.9028e+01
1.9007e+01
1.8990e+01
1.8969e+01
1.8953e+01
1.8932e+01
1.8911e+01
1.8891e+01
1.8874e+01
1.8857e+01
1.8832e+01
1.8812e+01
1.8791e+01
1.8766e+01
1.8749e+01
1.8724e+01
1.8704e+01
1.8683e+01
1.8666e+01
1.8645e+01
1.8629e+01
1.8608e+01
1.8583e+01
1.8562e+01
1.8537e+01
1.8529e+01
1.8512e+01
1.8491e+01
1.8470e+01
1.8445e+01
1.8429e+01
1.8412e+01
1.8391e+01
1.8371e+01
1.8350e+01
1.8321e+01
1.8304e+01
1.8287e+01
1.8266e+01
1.8245e+01
1.8225e+01
1.8204e+01
1.8183e+01
1.8162e+01
1.8137e+01
1.8112e+01
1.8095e+01
1.8079e+01
1.8045e+01
1.8020e+01
1.8004e+01
1.7991e+01
1.7970e+01
1.7949e+01
1.7933e+01
1.7912e+01
1.7895e+01
1.7874e+01
1.7857e+01
1.7828e+01
1.7803e+01
1.7774e+01
1.7753e+01
1.7728e+01
1.7707e+01
1.7690e+01
1.7665e+01
1.7640e+01
1.7627e+01
1.7606e+01
1.7581e+01
1.7565e+01
1.7548e+01
1.7519e+01
1.7498e+01
1.7481e+01
1.7460e+01
1.7439e+01
1.7414e+01
1.7385e+01
1.7372e+01
1.7347e+01
1.7322e+01
1.7313e+01
1.7292e+01
1.7259e+01
1.7238e+01
1.7217e+01
1.7196e+01
1.7175e+01
1.7154e+01
1.7116e+01
1.7095e+01
1.7074e+01
1.7058e+01
1.7037e+01
1.7016e+01
1.6986e+01
1.6969e+01
1.6953e+01
1.6927e+01
1.6902e+01
1.6890e+01
1.6869e+01
1.6852e+01
1.6831e+01
1.6810e+01
1.6793e+01
1.6780e+01
1.6759e+01
1.6734e+01
1.6705e+01
1.6684e+01
1.6671e+01
1.6654e+01
1.6633e+01
1.6608e+01
1.6583e+01
1.6558e+01
1.6541e+01
1.6524e+01
1.6499e+01
1.6482e+01
1.6461e+01
1.6440e+01
1.6414e+01
1.6389e+01
1.6372e+01
1.6351e+01
1.6334e+01
1.6309e+01
1.6292e+01
1.6271e+01
1.6259e+01
1.6246e+01
1.6225e+01
1.6199e+01
1.6174e+01
1.6157e+01
1.6145e+01
1.6124e+01
1.6098e+01
1.6077e+01
1.6060e+01
1.6035e+01
1.6005e+01
1.5984e+01
1.5972e+01
1.5951e+01
1.5934e+01
1.5917e+01
1.5896e+01
1.5875e+01
1.5858e+01
1.5837e+01
1.5815e+01
1.5794e+01
1.5773e+01
1.5752e+01
1.5731e+01
1.5701e+01
1.5689e+01
1.5672e+01
1.5655e+01
1.5634e+01
1.5617e+01
1.5604e+01
1.5587e+01
1.5566e+01
1.5545e+01
1.5519e+01
1.5490e+01
1.5473e+01
1.5447e+01
1.5422e+01
1.5401e+01
1.5380e+01
1.5363e+01
1.5342e+01
1.5325e+01
1.5299e+01
1.5278e+01
1.5261e+01
1.5240e+01
1.5219e+01
1.5202e+01
1.5176e+01
1.5151e+01
1.5130e+01
1.5113e+01
1.5096e+01
1.5075e+01
1.5053e+01
1.5045e+01
1.5019e+01
1.4994e+01
1.4977e+01
1.4952e+01
1.4930e+01
1.4909e+01
1.4888e+01
1.4862e+01
1.4837e+01
1.4816e+01
1.4794e+01
1.4777e+01
1.4748e+01
1.4718e+01
1.4705e+01
1.4688e+01
1.4667e+01
1.4650e+01
1.4629e+01
1.4607e+01
1.4590e+01
1.4565e+01
1.4544e+01
1.4527e+01
1.4510e+01
1.4488e+01
1.4467e+01
1.4446e+01
1.4424e+01
1.4403e+01
1.4382e+01
1.4361e+01
1.4339e+01
1.4318e+01
1.4297e+01
1.4271e+01
1.4254e+01
1.4228e+01
1.4207e+01
1.4190e+01
1.4169e+01
1.4148e+01
1.4126e+01
1.4101e+01
1.4084e+01
1.4066e+01
1.4041e+01
1.4024e+01
1.4007e+01
1.3985e+01
1.3973e+01
1.3951e+01
1.3930e+01
1.3913e+01
1.3892e+01
1.3870e+01
1.3857e+01
1.3836e+01
1.3802e+01
1.3780e+01
1.3759e+01
1.3733e+01
1.3712e+01
1.3691e+01
1.3674e+01
1.3652e+01
1.3622e+01
1.3597e+01
1.3584e+01
1.3567e+01
1.3545e+01
1.3528e+01
1.3503e+01
1.3481e+01
1.3464e+01
1.3438e+01
1.3421e+01
1.3404e+01
1.3387e+01
1.3366e+01
1.3344e+01
1.3323e+01
1.3301e+01
1.3280e+01
1.3259e+01
1.3237e+01
1.3220e+01
1.3194e+01
1.3169e+01
1.3139e+01
1.3117e+01
1.3100e+01
1.3079e+01
1.3053e+01
1.3031e+01
1.3014e+01
1.2993e+01
1.2971e+01
1.2954e+01
1.2928e+01
1.2907e+01
1.2886e+01
1.2868e+01
1.2847e+01
1.2830e+01
1.2804e+01
1.2778e+01
1.2765e+01
1.2744e+01
1.2718e+01
1.2701e+01
1.2688e+01
1.2671e+01
1.2645e+01
1.2628e+01
1.2602e+01
1.2581e+01
1.2555e+01
1.2529e+01
1.2503e+01
1.2490e+01
1.2469e+01
1.2443e+01
1.2421e+01
1.2404e+01
1.2387e+01
1.2370e+01
1.2348e+01
1.2322e+01
1.2305e+01
1.2288e+01
1.2271e+01
1.2258e+01
1.2241e+01
1.2215e+01
1.2197e+01
1.2176e+01
1.2150e+01
1.2133e+01
1.2111e+01
1.2090e+01
1.2081e+01
1.2060e+01
1.2038e+01
1.2016e+01
1.1991e+01
1.1973e+01
1.1952e+01
1.1939e+01
1.1917e+01
1.1904e+01
1.1870e+01
1.1852e+01
1.1831e+01
1.1809e+01
1.1783e+01
1.1766e+01
1.1749e+01
1.1723e+01
1.1710e+01
1.1697e+01
1.1675e+01
1.1658e+01
1.1641e+01
1.1624e+01
1.1602e+01
1.1585e+01
1.1559e+01
1.1537e+01
1.1507e+01
1.1481e+01
1.1455e+01
1.1438e+01
1.1420e+01
1.1399e+01
1.1377e+01
1.1364e+01
1.1338e+01
1.1321e+01
1.1308e+01
1.1277e+01
1.1260e+01
1.1243e+01
1.1226e+01
1.1204e+01
1.1178e+01
1.1161e+01
1.1135e+01
1.1122e+01
1.1104e+01
1.1087e+01
1.1070e+01
1.1044e+01
1.1026e+01
1.1009e+01
1.0987e+01
1.0965e+01
1.0935e+01
1.0909e+01
1.0883e+01
1.0866e+01
1.0840e+01
1.0814e+01
1.0801e+01
1.0783e+01
1.0766e+01
1.0740e+01
1.0718e+01
1.0705e+01
1.0683e+01
1.0666e+01
1.0649e+01
1.0631e+01
1.0618e+01
1.0596e+01
1.0566e+01
1.0553e+01
1.0536e+01
1.0510e+01
1.0492e+01
1.0479e+01
1.0462e+01
1.0440e+01
1.0423e+01
1.0401e+01
1.0375e+01
1.0357e+01
1.0344e+01
1.0322e+01
1.0301e+01
1.0279e+01
1.0262e+01
1.0240e+01
1.0227e+01
1.0209e+01
1.0192e+01
1.0174e+01
1.0157e+01
1.0144e+01
1.0131e+01
1.0118e+01
1.0096e+01
1.0079e+01
1.0061e+01
1.0052e+01
1.0035e+01
1.0013e+01
9.9914e+00
9.9740e+00
9.9522e+00
9.9347e+00
9.9173e+00
9.8998e+00
9.8867e+00
9.8606e+00
9.8518e+00
9.8344e+00
9.8213e+00
9.8082e+00
9.7907e+00
9.7646e+00
9.7427e+00
9.7296e+00
9.7165e+00
9.6947e+00
9.6772e+00
9.6598e+00
9.6423e+00
9.6248e+00
9.6117e+00
9.5942e+00
9.5811e+00
9.5680e+00
9.5505e+00
9.5243e+00
9.5156e+00
9.4981e+00
9.4719e+00
9.4544e+00
9.4325e+00
9.4150e+00
9.3975e+00
9.3713e+00
9.3538e+00
9.3363e+00
9.3188e+00
9.2969e+00
9.2925e+00
9.2794e+00
9.2619e+00
9.2400e+00
9.2225e+00
9.2006e+00
9.1831e+00
9.1700e+00
9.1481e+00
9.1305e+00
9.1130e+00
9.0955e+00
9.0780e+00
9.0605e+00
9.0429e+00
9.0254e+00
9.0079e+00
8.9903e+00
8.9728e+00
8.9553e+00
8.9377e+00
8.9114e+00
8.8939e+00
8.8720e+00
8.8500e+00
8.8325e+00
8.8149e+00
8.8018e+00
8.7886e+00
8.7667e+00
8.7447e+00
8.7315e+00
8.7184e+00
8.6964e+00
8.6833e+00
8.6701e+00
8.6481e+00
8.6306e+00
8.6086e+00
8.5910e+00
8.5691e+00
8.5515e+00
8.5295e+00
8.5076e+00
8.4900e+00
8.4724e+00
8.4504e+00
8.4372e+00
8.4153e+00
8.3977e+00
8.3801e+00
8.3625e+00
8.3449e+00
8.3273e+00
8.3053e+00
8.2833e+00
8.2613e+00
8.2437e+00
8.2217e+00
8.2041e+00
8.1909e+00
8.1733e+00
8.1557e+00
8.1337e+00
8.1204e+00
8.1072e+00
8.0852e+00
8.0676e+00
8.0456e+00
8.0279e+00
8.0015e+00
7.9795e+00
7.9574e+00
7.9398e+00
7.9178e+00
7.9001e+00
7.8781e+00
7.8604e+00
7.8384e+00
7.8252e+00
7.8075e+00
7.7855e+00
7.7634e+00
7.7502e+00
7.7281e+00
7.7149e+00
7.6972e+00
7.6796e+00
7.6575e+00
7.6398e+00
7.6178e+00
7.5913e+00
7.5780e+00
7.5559e+00
7.5383e+00
7.5250e+00
7.4985e+00
7.4808e+00
7.4543e+00
7.4366e+00
7.4145e+00
7.3880e+00
7.3659e+00
7.3571e+00
7.3438e+00
7.3173e+00
7.2952e+00
7.2730e+00
7.2553e+00
7.2465e+00
7.2288e+00
7.2067e+00
7.1934e+00
7.1757e+00
7.1624e+00
7.1403e+00
7.1182e+00
7.1049e+00
7.0872e+00
7.0739e+00
7.0517e+00
7.0385e+00
7.0252e+00
7.0030e+00
6.9897e+00
6.9764e+00
6.9587e+00
6.9366e+00
6.9188e+00
6.9100e+00
6.8922e+00
6.8745e+00
6.8523e+00
6.8435e+00
6.8257e+00
6.7991e+00
6.7858e+00
6.7681e+00
6.7503e+00
6.7326e+00
6.7237e+00
6.7060e+00
6.6927e+00
6.6838e+00
6.6705e+00
6.6483e+00
6.6305e+00
6.6217e+00
6.6083e+00
6.5906e+00
6.5684e+00
6.5551e+00
6.5373e+00
6.5151e+00
6.4973e+00
6.4796e+00
6.4707e+00
6.4485e+00
6.4351e+00
6.4263e+00
6.4085e+00
6.3907e+00
6.3729e+00
6.3551e+00
6.3418e+00
6.3285e+00
6.3107e+00
6.2929e+00
6.2796e+00
6.2618e+00
6.2440e+00
6.2262e+00
6.2128e+00
6.1951e+00
6.1862e+00
6.1728e+00
6.1506e+00
6.1283e+00
6.1150e+00
6.0971e+00
6.0704e+00
6.0482e+00
6.0348e+00
6.0126e+00
5.9903e+00
5.9769e+00
5.9591e+00
5.9413e+00
5.9279e+00
5.9101e+00
5.8878e+00
5.8745e+00
5.8611e+00
5.8433e+00
5.8299e+00
5.8076e+00
5.7853e+00
5.7675e+00
5.7541e+00
5.7363e+00
5.7140e+00
5.6961e+00
5.6783e+00
5.6560e+00
5.6470e+00
5.6292e+00
5.6069e+00
5.5890e+00
5.5667e+00
5.5489e+00
5.5310e+00
5.5131e+00
5.4908e+00
5.4730e+00
5.4506e+00
5.4283e+00
5.4104e+00
5.3970e+00
5.3791e+00
5.3568e+00
5.3434e+00
5.3255e+00
5.3032e+00
5.2853e+00
5.2629e+00
5.2451e+00
5.2316e+00
5.2182e+00
5.1959e+00
5.1869e+00
5.1556e+00
5.1288e+00
5.1153e+00
5.0974e+00
5.0706e+00
5.0482e+00
5.0303e+00
5.0169e+00
4.9945e+00
4.9766e+00
4.9631e+00
4.9408e+00
4.9228e+00
4.9049e+00
4.8825e+00
4.8691e+00
4.8467e+00
4.8288e+00
4.8153e+00
4.7929e+00
4.7660e+00
4.7526e+00
4.7436e+00
4.7302e+00
4.7122e+00
4.6943e+00
4.6808e+00
4.6584e+00
4.6360e+00
4.6180e+00
4.5956e+00
4.5732e+00
4.5552e+00
4.5283e+00
4.5148e+00
4.4924e+00
4.4744e+00
4.4520e+00
4.4385e+00
4.4205e+00
4.4071e+00
4.3936e+00
4.3756e+00
4.3577e+00
4.3397e+00
4.3217e+00
4.3037e+00
4.2903e+00
4.2678e+00
4.2408e+00
4.2228e+00
4.2138e+00
4.1959e+00
4.1779e+00
4.1599e+00
4.1374e+00
4.1149e+00
4.0969e+00
4.0744e+00
4.0564e+00
4.0429e+00
4.0249e+00
4.0024e+00
3.9844e+00
3.9664e+00
3.9484e+00
3.9214e+00
3.9079e+00
3.8989e+00
3.8764e+00
3.8674e+00
3.8538e+00
3.8313e+00
3.8088e+00
3.7953e+00
3.7818e+00
3.7637e+00
3.7457e+00
3.7187e+00
3.7006e+00
3.6826e+00
3.6601e+00
3.6330e+00
3.6105e+00
3.5879e+00
3.5699e+00
3.5518e+00
3.5383e+00
3.5157e+00
3.4932e+00
3.4796e+00
3.4616e+00
3.4390e+00
3.4164e+00
3.3984e+00
3.3803e+00
3.3577e+00
3.3397e+00
3.3216e+00
3.2990e+00
3.2900e+00
3.2674e+00
3.2403e+00
3.2267e+00
3.2132e+00
3.1951e+00
3.1815e+00
3.1680e+00
3.1499e+00
3.1273e+00
3.1047e+00
3.0775e+00
3.0504e+00
3.0323e+00
3.0097e+00
2.9961e+00
2.9780e+00
2.9599e+00
2.9418e+00
2.9237e+00
2.9011e+00
2.8875e+00
2.8739e+00
2.8603e+00
2.8377e+00
2.8150e+00
2.7879e+00
2.7743e+00
2.7561e+00
2.7335e+00
2.7154e+00
2.6972e+00
2.6791e+00
2.6610e+00
2.6429e+00
2.6247e+00
2.6066e+00
2.5930e+00
2.5703e+00
2.5476e+00
2.5295e+00
2.5113e+00
2.4932e+00
2.4705e+00
2.4478e+00
2.4297e+00
2.4070e+00
2.3888e+00
2.3707e+00
2.3525e+00
2.3389e+00
2.3207e+00
2.2980e+00
2.2844e+00
2.2753e+00
2.2572e+00
2.2344e+00
2.2163e+00
2.1981e+00
2.1799e+00
2.1572e+00
2.1390e+00
2.1208e+00
2.0936e+00
2.0754e+00
2.0572e+00
2.0299e+00
2.0117e+00
1.9935e+00
1.9799e+00
1.9617e+00
1.9435e+00
1.9253e+00
1.9025e+00
1.8752e+00
1.8570e+00
1.8434e+00
1.8251e+00
1.8069e+00
1.7842e+00
1.7660e+00
1.7477e+00
1.7295e+00
1.7159e+00
1.7067e+00
1.6840e+00
1.6566e+00
1.6430e+00
1.6293e+00
1.6065e+00
1.5792e+00
1.5564e+00
1.5336e+00
1.5153e+00
1.4925e+00
1.4697e+00
1.4469e+00
1.4287e+00
1.4104e+00
1.3967e+00
1.3785e+00
1.3602e+00
1.3374e+00
1.3237e+00
1.3055e+00
1.2781e+00
1.2689e+00
1.2507e+00
1.2324e+00
1.2004e+00
1.1867e+00
1.1776e+00
1.1547e+00
1.1365e+00
1.1228e+00
1.1091e+00
1.0908e+00
1.0725e+00
1.0542e+00
1.0314e+00
1.0085e+00
9.8564e-01
9.6278e-01
9.4448e-01
9.2619e-01
9.0789e-01
8.9417e-01
8.7587e-01
8.5299e-01
8.3469e-01
8.2095e-01
8.0265e-01
7.7976e-01
7.6145e-01
7.4314e-01
7.3856e-01
7.2482e-01
7.0193e-01
6.7903e-01
6.6529e-01
6.5155e-01
6.2864e-01
6.1032e-01
5.9199e-01
5.7366e-01
5.5533e-01
5.3242e-01
5.1408e-01
4.9575e-01
4.7741e-01
4.6824e-01
4.4990e-01
4.2238e-01
4.0404e-01
3.9028e-01
3.7193e-01
3.4899e-01
3.3523e-01
3.1688e-01
3.0311e-01
2.8934e-01
2.7098e-01
2.5262e-01
2.2967e-01
2.2049e-01
2.0213e-01
1.8835e-01
1.7458e-01
1.5161e-01
1.2865e-01
1.1028e-01
9.1902e-02
7.3525e-02
4.5957e-02
1.3789e-02
0000
