7.7371e+00
7.7371e+00
7.7371e+00
7.7268e+00
7.7165e+00
7.7062e+00
7.6856e+00
7.6753e+00
7.6650e+00
7.6547e+00
7.6444e+00
7.6238e+00
7.6238e+00
7.6032e+00
7.5929e+00
7.5826e+00
7.5723e+00
7.5723e+00
7.5723e+00
7.5619e+00
7.5516e+00
7.5413e+00
7.5310e+00
7.5207e+00
7.4898e+00
7.4898e+00
7.4898e+00
7.4795e+00
7.4588e+00
7.4485e+00
7.4382e+00
7.4382e+00
7.4279e+00
7.4176e+00
7.4073e+00
7.4073e+00
7.3866e+00
7.3866e+00
7.3763e+00
7.3557e+00
7.3557e+00
7.3351e+00
7.3144e+00
7.3144e+00
7.3041e+00
7.2938e+00
7.2731e+00
7.2628e+00
7.2731e+00
7.2628e+00
7.2525e+00
7.2422e+00
7.2319e+00
7.2215e+00
7.2215e+00
7.2112e+00
7.2009e+00
7.1803e+00
7.1699e+00
7.1699e+00
7.1596e+00
7.1493e+00
7.1286e+00
7.1286e+00
7.1286e+00
7.1183e+00
7.1080e+00
7.0977e+00
7.0873e+00
7.0770e+00
7.0667e+00
7.0564e+00
7.0564e+00
7.0460e+00
7.0357e+00
7.0254e+00
7.0151e+00
7.0047e+00
6.9944e+00
6.9841e+00
6.9737e+00
6.9737e+00
6.9531e+00
6.9427e+00
6.9427e+00
6.9427e+00
6.9324e+00
6.9117e+00
6.9221e+00
6.9014e+00
6.8807e+00
6.8807e+00
6.8704e+00
6.8497e+00
6.8497e+00
6.8291e+00
6.8187e+00
6.8187e+00
6.8187e+00
6.8187e+00
6.7981e+00
6.7877e+00
6.7671e+00
6.7567e+00
6.7567e+00
6.7464e+00
6.7360e+00
6.7257e+00
6.7154e+00
6.6947e+00
6.6947e+00
6.6843e+00
6.6843e+00
6.6637e+00
6.6430e+00
6.6430e+00
6.6430e+00
6.6223e+00
6.6120e+00
6.6016e+00
6.5913e+00
6.5706e+00
6.5602e+00
6.5499e+00
6.5395e+00
6.5292e+00
6.5188e+00
6.5085e+00
6.4982e+00
6.4878e+00
6.4878e+00
6.4775e+00
6.4775e+00
6.4568e+00
6.4464e+00
6.4257e+00
6.4257e+00
6.4154e+00
6.4050e+00
6.3947e+00
6.3740e+00
6.3533e+00
6.3429e+00
6.3429e+00
6.3429e+00
6.3222e+00
6.3118e+00
6.3118e+00
6.3015e+00
6.2911e+00
6.2808e+00
6.2704e+00
6.2704e+00
6.2497e+00
6.2394e+00
6.2290e+00
6.2186e+00
6.2083e+00
6.1979e+00
6.1876e+00
6.1876e+00
6.1772e+00
6.1772e+00
6.1669e+00
6.1461e+00
6.1461e+00
6.1358e+00
6.1254e+00
6.1047e+00
6.1047e+00
6.0943e+00
6.0736e+00
6.0632e+00
6.0529e+00
6.0529e+00
6.0322e+00
6.0322e+00
6.0218e+00
6.0114e+00
6.0011e+00
5.9907e+00
5.9803e+00
5.9700e+00
5.9596e+00
5.9492e+00
5.9389e+00
5.9285e+00
5.9181e+00
5.9181e+00
5.9078e+00
5.8974e+00
5.8767e+00
5.8767e+00
5.8767e+00
5.8767e+00
5.8663e+00
5.8559e+00
5.8559e+00
5.8455e+00
5.8352e+00
5.8248e+00
5.8144e+00
5.8144e+00
5.8041e+00
5.8041e+00
5.8041e+00
5.7937e+00
5.7833e+00
5.7833e+00
5.7833e+00
5.7833e+00
5.7729e+00
5.7626e+00
5.7729e+00
5.7729e+00
5.7522e+00
5.7522e+00
5.7314e+00
5.7314e+00
5.7314e+00
5.7314e+00
5.7314e+00
5.7314e+00
5.7314e+00
5.7314e+00
5.7314e+00
5.7211e+00
5.7107e+00
5.7211e+00
5.7107e+00
5.7107e+00
5.7003e+00
5.7003e+00
5.6899e+00
5.6899e+00
5.6796e+00
5.6899e+00
5.6796e+00
5.6796e+00
5.6796e+00
5.6796e+00
5.6692e+00
5.6796e+00
5.6692e+00
5.6588e+00
5.6692e+00
5.6796e+00
5.6692e+00
5.6692e+00
5.6588e+00
5.6484e+00
5.6381e+00
5.6484e+00
5.6381e+00
5.6381e+00
5.6277e+00
5.6381e+00
5.6277e+00
5.6381e+00
5.6277e+00
5.6173e+00
5.6173e+00
5.6173e+00
5.6069e+00
5.6069e+00
5.6069e+00
5.5965e+00
5.5862e+00
5.5862e+00
5.5862e+00
5.5758e+00
5.5654e+00
5.5654e+00
5.5654e+00
5.5654e+00
5.5550e+00
5.5446e+00
5.5343e+00
5.5343e+00
5.5239e+00
5.5239e+00
5.5135e+00
5.5031e+00
5.4927e+00
5.4823e+00
5.4823e+00
5.4720e+00
5.4616e+00
5.4616e+00
5.4512e+00
5.4512e+00
5.4408e+00
5.4408e+00
5.4304e+00
5.4304e+00
5.4304e+00
5.4200e+00
5.4096e+00
5.4096e+00
5.3993e+00
5.3993e+00
5.3889e+00
5.3785e+00
5.3681e+00
5.3785e+00
5.3681e+00
5.3577e+00
5.3577e+00
5.3577e+00
5.3473e+00
5.3369e+00
5.3265e+00
5.3265e+00
5.3162e+00
5.3058e+00
5.3058e+00
5.2954e+00
5.2850e+00
5.2850e+00
5.2746e+00
5.2850e+00
5.2850e+00
5.2746e+00
5.2746e+00
5.2746e+00
5.2642e+00
5.2642e+00
5.2538e+00
5.2434e+00
5.2330e+00
5.2330e+00
5.2226e+00
5.2226e+00
5.2122e+00
5.2018e+00
5.2018e+00
5.1915e+00
5.2018e+00
5.2018e+00
5.1915e+00
5.1915e+00
5.1811e+00
5.1707e+00
5.1811e+00
5.1707e+00
5.1707e+00
5.1603e+00
5.1395e+00
5.1499e+00
5.1499e+00
5.1395e+00
5.1395e+00
5.1395e+00
5.1291e+00
5.1291e+00
5.1187e+00
5.1187e+00
5.1187e+00
5.1187e+00
5.1083e+00
5.0979e+00
5.0875e+00
5.0771e+00
5.0771e+00
5.0667e+00
5.0563e+00
5.0667e+00
5.0563e+00
5.0563e+00
5.0355e+00
5.0355e+00
5.0459e+00
5.0251e+00
5.0251e+00
5.0251e+00
5.0251e+00
5.0147e+00
5.0043e+00
5.0043e+00
4.9835e+00
4.9731e+00
4.9731e+00
4.9731e+00
4.9627e+00
4.9627e+00
4.9523e+00
4.9419e+00
4.9419e+00
4.9315e+00
4.9315e+00
4.9315e+00
4.9211e+00
4.9211e+00
4.9003e+00
4.8899e+00
4.8795e+00
4.8586e+00
4.8586e+00
4.8586e+00
4.8586e+00
4.8482e+00
4.8482e+00
4.8378e+00
4.8274e+00
4.8170e+00
4.8170e+00
4.8170e+00
4.7962e+00
4.7858e+00
4.7754e+00
4.7650e+00
4.7546e+00
4.7442e+00
4.7337e+00
4.7233e+00
4.7129e+00
4.7129e+00
4.7129e+00
4.7025e+00
4.6921e+00
4.6921e+00
4.6817e+00
4.6713e+00
4.6713e+00
4.6504e+00
4.6400e+00
4.6192e+00
4.6088e+00
4.6192e+00
4.6088e+00
4.5984e+00
4.5984e+00
4.5880e+00
4.5775e+00
4.5775e+00
4.5671e+00
4.5671e+00
4.5671e+00
4.5671e+00
4.5463e+00
4.5359e+00
4.5359e+00
4.5255e+00
4.5046e+00
4.5046e+00
4.5046e+00
4.4942e+00
4.4838e+00
4.4838e+00
4.4838e+00
4.4734e+00
4.4838e+00
4.4734e+00
4.4629e+00
4.4525e+00
4.4421e+00
4.4317e+00
4.4213e+00
4.4213e+00
4.4108e+00
4.4004e+00
4.4004e+00
4.4004e+00
4.4004e+00
4.3900e+00
4.3900e+00
4.3900e+00
4.3691e+00
4.3691e+00
4.3587e+00
4.3483e+00
4.3483e+00
4.3379e+00
4.3274e+00
4.3379e+00
4.3274e+00
4.3066e+00
4.3066e+00
4.2962e+00
4.2962e+00
4.2962e+00
4.2857e+00
4.2753e+00
4.2753e+00
4.2649e+00
4.2545e+00
4.2545e+00
4.2440e+00
4.2232e+00
4.2127e+00
4.2127e+00
4.2023e+00
4.1919e+00
4.1919e+00
4.1814e+00
4.1814e+00
4.1710e+00
4.1710e+00
4.1606e+00
4.1502e+00
4.1397e+00
4.1293e+00
4.1293e+00
4.1293e+00
4.1189e+00
4.1084e+00
4.1084e+00
4.0980e+00
4.0980e+00
4.0876e+00
4.0771e+00
4.0667e+00
4.0667e+00
4.0667e+00
4.0563e+00
4.0563e+00
4.0458e+00
4.0354e+00
4.0354e+00
4.0354e+00
4.0249e+00
4.0249e+00
4.0145e+00
4.0145e+00
4.0145e+00
4.0041e+00
4.0041e+00
4.0041e+00
4.0041e+00
3.9936e+00
3.9936e+00
4.0041e+00
4.0041e+00
4.0041e+00
3.9832e+00
3.9728e+00
3.9623e+00
3.9623e+00
3.9623e+00
3.9623e+00
3.9623e+00
3.9623e+00
3.9623e+00
3.9623e+00
3.9623e+00
3.9623e+00
3.9623e+00
3.9623e+00
3.9519e+00
3.9519e+00
3.9519e+00
3.9519e+00
3.9414e+00
3.9519e+00
3.9519e+00
3.9519e+00
3.9414e+00
3.9414e+00
3.9310e+00
3.9310e+00
3.9310e+00
3.9310e+00
3.9206e+00
3.9206e+00
3.9101e+00
3.8997e+00
3.8997e+00
3.9101e+00
3.8892e+00
3.8892e+00
3.8788e+00
3.8788e+00
3.8788e+00
3.8684e+00
3.8579e+00
3.8579e+00
3.8579e+00
3.8579e+00
3.8579e+00
3.8579e+00
3.8475e+00
3.8370e+00
3.8370e+00
3.8370e+00
3.8266e+00
3.8266e+00
3.8161e+00
3.8057e+00
3.8057e+00
3.8057e+00
3.8057e+00
3.8057e+00
3.8057e+00
3.7953e+00
3.7953e+00
3.7953e+00
3.7953e+00
3.7953e+00
3.8057e+00
3.7953e+00
3.7848e+00
3.7953e+00
3.7848e+00
3.7848e+00
3.7848e+00
3.7848e+00
3.7744e+00
3.7848e+00
3.7848e+00
3.7744e+00
3.7744e+00
3.7848e+00
3.7744e+00
3.7639e+00
3.7639e+00
3.7535e+00
3.7535e+00
3.7535e+00
3.7430e+00
3.7326e+00
3.7221e+00
3.7221e+00
3.7221e+00
3.7221e+00
3.7221e+00
3.7221e+00
3.7117e+00
3.7221e+00
3.7012e+00
3.7012e+00
3.7012e+00
3.6908e+00
3.6908e+00
3.6803e+00
3.6803e+00
3.6699e+00
3.6803e+00
3.6803e+00
3.6699e+00
3.6699e+00
3.6699e+00
3.6699e+00
3.6699e+00
3.6699e+00
3.6594e+00
3.6490e+00
3.6490e+00
3.6385e+00
3.6281e+00
3.6281e+00
3.6176e+00
3.6072e+00
3.6072e+00
3.6072e+00
3.6072e+00
3.6072e+00
3.6072e+00
3.6072e+00
3.6072e+00
3.5967e+00
3.5967e+00
3.5967e+00
3.6072e+00
3.5967e+00
3.5758e+00
3.5863e+00
3.5863e+00
3.5758e+00
3.5758e+00
3.5758e+00
3.5654e+00
3.5549e+00
3.5758e+00
3.5654e+00
3.5549e+00
3.5654e+00
3.5549e+00
3.5654e+00
3.5445e+00
3.5549e+00
3.5549e+00
3.5549e+00
3.5445e+00
3.5445e+00
3.5340e+00
3.5340e+00
3.5445e+00
3.5445e+00
3.5445e+00
3.5445e+00
3.5445e+00
3.5340e+00
3.5445e+00
3.5445e+00
3.5445e+00
3.5340e+00
3.5236e+00
3.5236e+00
3.5131e+00
3.5236e+00
3.5236e+00
3.5236e+00
3.5131e+00
3.5131e+00
3.5236e+00
3.5236e+00
3.5236e+00
3.5236e+00
3.5131e+00
3.5131e+00
3.5027e+00
3.5131e+00
3.5027e+00
3.4922e+00
3.4922e+00
3.4922e+00
3.4817e+00
3.4817e+00
3.4817e+00
3.4817e+00
3.4817e+00
3.4817e+00
3.4713e+00
3.4713e+00
3.4713e+00
3.4713e+00
3.4608e+00
3.4504e+00
3.4399e+00
3.4399e+00
3.4399e+00
3.4295e+00
3.4295e+00
3.4295e+00
3.4085e+00
3.4085e+00
3.4190e+00
3.4085e+00
3.4085e+00
3.4085e+00
3.3981e+00
3.3981e+00
3.3981e+00
3.3876e+00
3.3876e+00
3.3876e+00
3.3772e+00
3.3667e+00
3.3667e+00
3.3772e+00
3.3876e+00
3.3876e+00
3.3876e+00
3.3981e+00
3.3981e+00
3.3981e+00
3.3981e+00
3.3981e+00
3.3876e+00
3.3981e+00
3.3981e+00
3.3981e+00
3.3981e+00
3.4085e+00
3.4190e+00
3.4190e+00
3.4190e+00
3.4295e+00
3.4399e+00
3.4504e+00
3.4504e+00
3.4608e+00
3.4608e+00
3.4608e+00
3.4713e+00
3.4817e+00
3.4817e+00
3.5027e+00
3.5131e+00
3.5236e+00
3.5445e+00
3.5549e+00
3.5549e+00
3.5758e+00
3.5967e+00
3.6176e+00
3.6281e+00
3.6490e+00
3.6594e+00
3.6908e+00
3.7117e+00
3.7326e+00
3.7430e+00
3.7639e+00
3.7848e+00
3.8057e+00
3.8266e+00
3.8475e+00
3.8684e+00
3.8997e+00
3.9101e+00
3.9206e+00
3.9310e+00
3.9414e+00
3.9519e+00
3.9728e+00
3.9832e+00
3.9832e+00
3.9728e+00
3.9832e+00
3.9936e+00
3.9936e+00
4.0041e+00
4.0145e+00
4.0145e+00
4.0249e+00
4.0354e+00
4.0354e+00
4.0458e+00
4.0563e+00
4.0563e+00
4.0563e+00
4.0563e+00
4.0667e+00
4.0771e+00
4.0771e+00
4.0876e+00
4.0771e+00
4.0771e+00
4.0980e+00
4.0980e+00
4.1084e+00
4.1189e+00
4.1189e+00
4.1189e+00
4.1293e+00
4.1293e+00
4.1293e+00
4.1397e+00
4.1397e+00
4.1397e+00
4.1397e+00
4.1397e+00
4.1502e+00
4.1502e+00
4.1502e+00
4.1606e+00
4.1710e+00
4.1710e+00
4.1710e+00
4.1710e+00
4.1814e+00
4.1814e+00
4.1814e+00
4.1710e+00
4.1814e+00
4.1710e+00
4.1710e+00
4.1710e+00
4.1919e+00
4.1919e+00
4.1814e+00
4.1919e+00
4.1814e+00
4.1814e+00
4.1919e+00
4.1919e+00
4.1919e+00
4.1919e+00
4.1919e+00
4.1919e+00
4.1814e+00
4.1814e+00
4.1814e+00
4.1710e+00
4.1814e+00
4.1814e+00
4.1814e+00
4.1710e+00
4.1814e+00
4.1814e+00
4.1919e+00
4.1814e+00
4.1710e+00
4.1710e+00
4.1710e+00
4.1606e+00
4.1606e+00
4.1606e+00
4.1502e+00
4.1502e+00
4.1502e+00
4.1397e+00
4.1397e+00
4.1293e+00
4.1293e+00
4.1293e+00
4.1293e+00
4.1293e+00
4.1189e+00
4.1189e+00
4.1084e+00
4.1084e+00
4.0980e+00
4.0876e+00
4.0876e+00
4.0876e+00
4.0876e+00
4.0771e+00
4.0771e+00
4.0771e+00
4.0771e+00
4.0771e+00
4.0667e+00
4.0667e+00
4.0563e+00
4.0563e+00
4.0458e+00
4.0354e+00
4.0249e+00
4.0354e+00
4.0249e+00
4.0145e+00
4.0145e+00
4.0041e+00
4.0041e+00
4.0041e+00
3.9936e+00
3.9832e+00
3.9832e+00
3.9728e+00
3.9728e+00
3.9623e+00
3.9623e+00
3.9519e+00
3.9414e+00
3.9414e+00
3.9414e+00
3.9206e+00
3.9206e+00
3.9206e+00
3.9101e+00
3.9101e+00
3.8997e+00
3.8892e+00
3.8892e+00
3.8892e+00
3.8892e+00
3.8684e+00
3.8684e+00
3.8475e+00
3.8475e+00
3.8370e+00
3.8266e+00
3.8266e+00
3.8161e+00
3.8161e+00
3.8161e+00
3.8057e+00
3.8057e+00
3.7953e+00
3.7953e+00
3.7953e+00
3.7848e+00
3.7744e+00
3.7639e+00
3.7535e+00
3.7535e+00
3.7535e+00
3.7326e+00
3.7326e+00
3.7221e+00
3.7117e+00
3.7117e+00
3.7117e+00
3.7117e+00
3.7012e+00
3.7012e+00
3.6908e+00
3.6803e+00
3.6803e+00
3.6699e+00
3.6594e+00
3.6490e+00
3.6490e+00
3.6490e+00
3.6385e+00
3.6385e+00
3.6281e+00
3.6176e+00
3.6176e+00
3.6176e+00
3.6072e+00
3.5967e+00
3.5967e+00
3.5967e+00
3.5863e+00
3.5758e+00
3.5654e+00
3.5549e+00
3.5549e+00
3.5445e+00
3.5340e+00
3.5340e+00
3.5236e+00
3.5131e+00
3.5131e+00
3.5131e+00
3.5027e+00
3.5027e+00
3.5027e+00
3.4922e+00
3.4922e+00
3.4817e+00
3.4713e+00
3.4608e+00
3.4608e+00
3.4504e+00
3.4399e+00
3.4399e+00
3.4399e+00
3.4295e+00
3.4295e+00
3.4190e+00
3.4085e+00
3.4085e+00
3.3981e+00
3.3981e+00
3.3981e+00
3.3876e+00
3.3667e+00
3.3667e+00
3.3667e+00
3.3562e+00
3.3562e+00
3.3562e+00
3.3458e+00
3.3353e+00
3.3353e+00
3.3353e+00
3.3353e+00
3.3249e+00
3.3249e+00
3.3144e+00
3.3144e+00
3.3144e+00
3.3039e+00
3.2935e+00
3.2830e+00
3.2726e+00
3.2726e+00
3.2726e+00
3.2621e+00
3.2621e+00
3.2621e+00
3.2516e+00
3.2412e+00
3.2516e+00
3.2412e+00
3.2307e+00
3.2307e+00
3.2202e+00
3.2098e+00
3.2098e+00
3.1993e+00
3.1993e+00
3.1888e+00
3.1784e+00
3.1784e+00
3.1784e+00
3.1784e+00
3.1679e+00
3.1679e+00
3.1679e+00
3.1574e+00
3.1470e+00
3.1470e+00
3.1365e+00
3.1260e+00
3.1156e+00
3.1051e+00
3.1051e+00
3.0946e+00
3.0841e+00
3.0841e+00
3.0841e+00
3.0737e+00
3.0737e+00
3.0737e+00
3.0632e+00
3.0632e+00
3.0527e+00
3.0423e+00
3.0423e+00
3.0318e+00
3.0318e+00
3.0213e+00
3.0004e+00
3.0004e+00
3.0004e+00
3.0004e+00
2.9794e+00
2.9794e+00
2.9794e+00
2.9794e+00
2.9690e+00
2.9585e+00
2.9585e+00
2.9480e+00
2.9375e+00
2.9375e+00
2.9271e+00
2.9166e+00
2.9166e+00
2.9166e+00
2.9061e+00
2.8956e+00
2.8956e+00
2.8851e+00
2.8956e+00
2.8956e+00
2.8851e+00
2.8747e+00
2.8747e+00
2.8642e+00
2.8642e+00
2.8537e+00
2.8432e+00
2.8432e+00
2.8432e+00
2.8328e+00
2.8223e+00
2.8223e+00
2.8223e+00
2.8118e+00
2.8118e+00
2.8118e+00
2.8013e+00
2.8013e+00
2.7908e+00
2.7804e+00
2.7699e+00
2.7489e+00
2.7594e+00
2.7489e+00
2.7384e+00
2.7384e+00
2.7384e+00
2.7279e+00
2.7279e+00
2.7175e+00
2.7175e+00
2.7175e+00
2.7070e+00
2.7070e+00
2.6965e+00
2.6860e+00
2.6860e+00
2.6650e+00
2.6650e+00
2.6650e+00
2.6545e+00
2.6545e+00
2.6441e+00
2.6441e+00
2.6336e+00
2.6231e+00
2.6231e+00
2.6336e+00
2.6231e+00
2.6021e+00
2.6021e+00
2.6021e+00
2.5916e+00
2.5811e+00
2.5706e+00
2.5706e+00
2.5602e+00
2.5602e+00
2.5706e+00
2.5706e+00
2.5602e+00
2.5497e+00
2.5497e+00
2.5497e+00
2.5392e+00
2.5392e+00
2.5392e+00
2.5392e+00
2.5287e+00
2.5287e+00
2.5287e+00
2.5287e+00
2.5182e+00
2.5182e+00
2.5182e+00
2.5287e+00
2.5287e+00
2.5287e+00
2.5392e+00
2.5392e+00
2.5392e+00
2.5392e+00
2.5392e+00
2.5392e+00
2.5392e+00
2.5287e+00
2.5287e+00
2.5392e+00
2.5392e+00
2.5392e+00
2.5392e+00
2.5392e+00
2.5497e+00
2.5602e+00
2.5706e+00
2.5602e+00
2.5602e+00
2.5602e+00
2.5602e+00
2.5602e+00
2.5706e+00
2.5706e+00
2.5602e+00
2.5706e+00
2.5706e+00
2.5811e+00
2.5811e+00
2.5706e+00
2.5916e+00
2.5916e+00
2.5916e+00
2.5811e+00
2.5916e+00
2.6126e+00
2.6021e+00
2.6021e+00
2.6021e+00
2.6021e+00
2.6126e+00
2.6021e+00
2.6021e+00
2.6021e+00
2.6126e+00
2.6126e+00
2.6126e+00
2.6231e+00
2.6231e+00
2.6231e+00
2.6231e+00
2.6231e+00
2.6231e+00
2.6126e+00
2.6126e+00
2.6231e+00
2.6126e+00
2.6021e+00
2.6021e+00
2.6126e+00
2.6126e+00
2.6126e+00
2.6126e+00
2.6126e+00
2.6126e+00
2.6126e+00
2.6021e+00
2.6021e+00
2.6126e+00
2.6021e+00
2.5916e+00
2.5916e+00
2.5916e+00
2.5916e+00
2.5916e+00
2.5916e+00
2.5916e+00
2.5916e+00
2.5916e+00
2.5916e+00
2.5916e+00
2.5916e+00
2.5811e+00
2.5916e+00
2.5811e+00
2.5706e+00
2.5706e+00
2.5811e+00
2.5706e+00
2.5706e+00
2.5706e+00
2.5706e+00
2.5706e+00
2.5602e+00
2.5602e+00
2.5497e+00
2.5497e+00
2.5602e+00
2.5497e+00
2.5392e+00
2.5392e+00
2.5392e+00
2.5287e+00
2.5287e+00
2.5287e+00
2.5182e+00
2.5077e+00
2.5182e+00
2.5182e+00
2.5077e+00
2.4972e+00
2.4867e+00
2.4867e+00
2.4867e+00
2.4867e+00
2.4867e+00
2.4762e+00
2.4762e+00
2.4657e+00
2.4552e+00
2.4552e+00
2.4552e+00
2.4552e+00
2.4552e+00
2.4448e+00
2.4343e+00
2.4448e+00
2.4343e+00
2.4238e+00
2.4238e+00
2.4238e+00
2.4028e+00
2.4028e+00
2.4028e+00
2.3923e+00
2.3818e+00
2.3818e+00
2.3818e+00
2.3608e+00
2.3608e+00
2.3503e+00
2.3608e+00
2.3503e+00
2.3398e+00
2.3398e+00
2.3293e+00
2.3293e+00
2.3293e+00
2.3188e+00
2.3083e+00
2.3083e+00
2.2978e+00
2.2873e+00
2.2873e+00
2.2873e+00
2.2873e+00
2.2768e+00
2.2768e+00
2.2663e+00
2.2663e+00
2.2558e+00
2.2558e+00
2.2453e+00
2.2453e+00
2.2348e+00
2.2348e+00
2.2348e+00
2.2243e+00
2.2138e+00
2.2033e+00
2.2033e+00
2.1928e+00
2.1928e+00
2.2033e+00
2.1928e+00
2.1823e+00
2.1718e+00
2.1718e+00
2.1718e+00
2.1718e+00
2.1613e+00
2.1508e+00
2.1403e+00
2.1403e+00
2.1298e+00
2.1298e+00
2.1193e+00
2.1193e+00
2.1088e+00
2.1088e+00
2.0983e+00
2.0983e+00
2.0983e+00
2.0983e+00
2.0983e+00
2.0878e+00
2.0773e+00
2.0667e+00
2.0562e+00
2.0562e+00
2.0457e+00
2.0352e+00
2.0352e+00
2.0352e+00
2.0352e+00
2.0352e+00
2.0247e+00
2.0142e+00
2.0142e+00
2.0037e+00
2.0037e+00
2.0037e+00
1.9932e+00
1.9932e+00
1.9827e+00
1.9827e+00
1.9722e+00
1.9722e+00
1.9617e+00
1.9511e+00
1.9511e+00
1.9511e+00
1.9511e+00
1.9406e+00
1.9301e+00
1.9301e+00
1.9196e+00
1.9196e+00
1.9196e+00
1.9196e+00
1.9091e+00
1.8881e+00
1.8881e+00
1.8881e+00
1.8881e+00
1.8776e+00
1.8881e+00
1.8776e+00
1.8670e+00
1.8565e+00
1.8565e+00
1.8565e+00
1.8460e+00
1.8250e+00
1.8250e+00
1.8250e+00
1.8145e+00
1.8145e+00
1.8039e+00
1.7934e+00
1.7934e+00
1.7934e+00
1.7934e+00
1.7829e+00
1.7829e+00
1.7724e+00
1.7724e+00
1.7619e+00
1.7514e+00
1.7514e+00
1.7514e+00
1.7408e+00
1.7303e+00
1.7303e+00
1.7198e+00
1.7093e+00
1.7093e+00
1.7093e+00
1.6988e+00
1.6988e+00
1.6988e+00
1.6882e+00
1.6882e+00
1.6777e+00
1.6672e+00
1.6672e+00
1.6567e+00
1.6462e+00
1.6462e+00
1.6462e+00
1.6356e+00
1.6251e+00
1.6146e+00
1.6146e+00
1.6041e+00
1.5935e+00
1.6041e+00
1.6146e+00
1.6041e+00
1.5935e+00
1.5830e+00
1.5725e+00
1.5725e+00
1.5620e+00
1.5514e+00
1.5514e+00
1.5409e+00
1.5304e+00
1.5304e+00
1.5304e+00
1.5199e+00
1.5199e+00
1.5199e+00
1.5199e+00
1.5199e+00
1.4988e+00
1.4988e+00
1.4883e+00
1.4777e+00
1.4672e+00
1.4672e+00
1.4672e+00
1.4567e+00
1.4567e+00
1.4462e+00
1.4356e+00
1.4462e+00
1.4356e+00
1.4462e+00
1.4462e+00
1.4356e+00
1.4251e+00
1.4146e+00
1.4146e+00
1.4040e+00
1.3935e+00
1.3830e+00
1.3830e+00
1.3830e+00
1.3830e+00
1.3830e+00
1.3724e+00
1.3619e+00
1.3724e+00
1.3619e+00
1.3514e+00
1.3514e+00
1.3408e+00
1.3514e+00
1.3408e+00
1.3408e+00
1.3198e+00
1.3092e+00
1.3198e+00
1.3092e+00
1.3092e+00
1.3092e+00
1.2987e+00
1.2987e+00
1.2987e+00
1.2987e+00
1.2987e+00
1.2882e+00
1.2776e+00
1.2776e+00
1.2776e+00
1.2671e+00
1.2671e+00
1.2566e+00
1.2566e+00
1.2460e+00
1.2460e+00
1.2460e+00
1.2460e+00
1.2355e+00
1.2355e+00
1.2355e+00
1.2355e+00
1.2250e+00
1.2250e+00
1.2144e+00
1.2144e+00
1.2039e+00
1.1933e+00
1.1933e+00
1.1933e+00
1.1828e+00
1.1828e+00
1.1933e+00
1.1828e+00
1.1723e+00
1.1723e+00
1.1617e+00
1.1617e+00
1.1617e+00
1.1512e+00
1.1512e+00
1.1512e+00
1.1406e+00
1.1406e+00
1.1406e+00
1.1301e+00
1.1301e+00
1.1301e+00
1.1196e+00
1.1196e+00
1.1196e+00
1.1196e+00
1.1196e+00
1.1196e+00
1.1196e+00
1.1196e+00
1.1196e+00
1.1196e+00
1.1196e+00
1.1196e+00
1.1196e+00
1.1301e+00
1.1196e+00
1.1196e+00
1.1196e+00
1.1196e+00
1.1090e+00
1.1196e+00
1.1090e+00
1.1090e+00
1.1196e+00
1.1090e+00
1.1090e+00
1.0985e+00
1.0985e+00
1.0985e+00
1.0879e+00
1.0879e+00
1.0879e+00
1.0879e+00
1.0879e+00
1.0879e+00
1.0879e+00
1.0879e+00
1.0985e+00
1.0774e+00
1.0774e+00
1.0774e+00
1.0668e+00
1.0774e+00
1.0668e+00
1.0668e+00
1.0668e+00
1.0563e+00
1.0563e+00
1.0668e+00
1.0563e+00
1.0668e+00
1.0668e+00
1.0563e+00
1.0458e+00
1.0458e+00
1.0458e+00
1.0458e+00
1.0563e+00
1.0352e+00
1.0352e+00
1.0247e+00
1.0141e+00
1.0247e+00
1.0247e+00
1.0247e+00
1.0141e+00
1.0141e+00
1.0141e+00
1.0141e+00
1.0141e+00
1.0036e+00
1.0036e+00
9.9303e-01
9.8248e-01
9.8248e-01
9.8248e-01
9.8248e-01
9.7194e-01
9.7194e-01
9.6139e-01
9.6139e-01
9.7194e-01
9.7194e-01
9.7194e-01
9.7194e-01
9.7194e-01
9.6139e-01
9.5084e-01
9.6139e-01
9.5084e-01
9.2975e-01
9.2975e-01
9.4029e-01
9.4029e-01
9.2975e-01
9.2975e-01
9.1920e-01
9.1920e-01
9.1920e-01
9.0865e-01
9.0865e-01
9.0865e-01
8.9810e-01
8.9810e-01
8.9810e-01
8.9810e-01
8.8755e-01
8.7700e-01
8.7700e-01
8.7700e-01
8.7700e-01
8.6645e-01
8.6645e-01
8.5590e-01
8.5590e-01
8.5590e-01
8.5590e-01
8.4535e-01
8.3479e-01
8.4535e-01
8.3479e-01
8.2424e-01
8.2424e-01
8.1369e-01
8.1369e-01
8.0314e-01
8.0314e-01
8.0314e-01
7.9258e-01
7.9258e-01
8.0314e-01
8.0314e-01
7.9258e-01
7.9258e-01
7.9258e-01
7.8203e-01
7.8203e-01
7.7148e-01
7.6092e-01
7.5037e-01
7.3981e-01
7.3981e-01
7.3981e-01
7.3981e-01
7.2926e-01
7.1870e-01
7.2926e-01
7.1870e-01
7.1870e-01
7.0814e-01
7.0814e-01
7.0814e-01
6.9759e-01
6.8703e-01
6.8703e-01
6.7647e-01
6.6592e-01
6.6592e-01
6.5536e-01
6.5536e-01
6.5536e-01
6.4480e-01
6.4480e-01
6.4480e-01
6.3424e-01
6.4480e-01
6.3424e-01
6.3424e-01
6.2368e-01
6.1312e-01
6.0256e-01
6.0256e-01
6.0256e-01
6.0256e-01
5.9200e-01
5.9200e-01
5.8144e-01
5.7088e-01
5.8144e-01
5.7088e-01
5.7088e-01
5.7088e-01
5.6032e-01
5.4975e-01
5.3919e-01
5.3919e-01
5.3919e-01
5.2863e-01
5.2863e-01
5.2863e-01
5.1807e-01
5.0750e-01
5.0750e-01
5.0750e-01
5.0750e-01
5.0750e-01
4.9694e-01
4.9694e-01
4.9694e-01
4.8637e-01
4.8637e-01
4.8637e-01
4.8637e-01
4.7581e-01
4.6524e-01
4.6524e-01
4.6524e-01
4.5468e-01
4.6524e-01
4.5468e-01
4.5468e-01
4.5468e-01
4.5468e-01
4.4411e-01
4.4411e-01
4.4411e-01
4.3355e-01
4.2298e-01
4.2298e-01
4.2298e-01
4.2298e-01
4.1241e-01
4.0185e-01
4.1241e-01
4.0185e-01
3.9128e-01
3.9128e-01
3.9128e-01
3.9128e-01
4.0185e-01
3.9128e-01
3.9128e-01
3.8071e-01
3.7014e-01
3.7014e-01
3.7014e-01
3.7014e-01
3.5957e-01
3.5957e-01
3.5957e-01
3.4900e-01
3.4900e-01
3.4900e-01
3.4900e-01
3.3843e-01
3.3843e-01
3.2786e-01
3.2786e-01
3.1729e-01
3.1729e-01
3.0672e-01
3.0672e-01
3.1729e-01
3.0672e-01
3.0672e-01
3.0672e-01
2.9615e-01
2.9615e-01
2.9615e-01
2.8558e-01
2.7501e-01
2.7501e-01
2.6444e-01
2.6444e-01
2.6444e-01
2.5386e-01
2.4329e-01
2.3272e-01
2.3272e-01
2.3272e-01
2.2214e-01
2.2214e-01
2.2214e-01
2.2214e-01
2.1157e-01
2.2214e-01
2.1157e-01
2.1157e-01
2.0099e-01
2.0099e-01
2.0099e-01
2.0099e-01
1.7984e-01
1.6927e-01
1.6927e-01
1.6927e-01
1.6927e-01
1.6927e-01
1.5869e-01
1.5869e-01
1.5869e-01
1.5869e-01
1.5869e-01
1.5869e-01
1.3754e-01
1.3754e-01
1.3754e-01
1.2696e-01
1.1638e-01
1.1638e-01
1.1638e-01
1.0580e-01
1.0580e-01
1.1638e-01
1.1638e-01
1.1638e-01
1.0580e-01
9.5224e-02
9.5224e-02
9.5224e-02
8.4645e-02
8.4645e-02
7.4066e-02
6.3487e-02
5.2906e-02
5.2906e-02
5.2906e-02
4.2326e-02
4.2326e-02
3.1745e-02
3.1745e-02
3.1745e-02
3.1745e-02
2.1164e-02
1.0582e-02
1.0582e-02
0000
0000
