7.9754e+00
7.9754e+00
7.9686e+00
7.9686e+00
7.9617e+00
7.9549e+00
7.9481e+00
7.9481e+00
7.9413e+00
7.9413e+00
7.9413e+00
7.9277e+00
7.9277e+00
7.9277e+00
7.9277e+00
7.9209e+00
7.9209e+00
7.9140e+00
7.9140e+00
7.9004e+00
7.8936e+00
7.8936e+00
7.8868e+00
7.8800e+00
7.8732e+00
7.8732e+00
7.8732e+00
7.8663e+00
7.8663e+00
7.8663e+00
7.8663e+00
7.8732e+00
7.8595e+00
7.8459e+00
7.8527e+00
7.8391e+00
7.8323e+00
7.8323e+00
7.8323e+00
7.8186e+00
7.8186e+00
7.8118e+00
7.8050e+00
7.8050e+00
7.7982e+00
7.8050e+00
7.7913e+00
7.7913e+00
7.7982e+00
7.7913e+00
7.7913e+00
7.7845e+00
7.7777e+00
7.7641e+00
7.7504e+00
7.7436e+00
7.7504e+00
7.7436e+00
7.7436e+00
7.7368e+00
7.7436e+00
7.7368e+00
7.7368e+00
7.7300e+00
7.7232e+00
7.7232e+00
7.7163e+00
7.7095e+00
7.7027e+00
7.6959e+00
7.6822e+00
7.6822e+00
7.6754e+00
7.6754e+00
7.6754e+00
7.6686e+00
7.6618e+00
7.6549e+00
7.6481e+00
7.6481e+00
7.6481e+00
7.6345e+00
7.6277e+00
7.6277e+00
7.6277e+00
7.6140e+00
7.6072e+00
7.6004e+00
7.6004e+00
7.6004e+00
7.5935e+00
7.5867e+00
7.5731e+00
7.5662e+00
7.5594e+00
7.5594e+00
7.5526e+00
7.5458e+00
7.5458e+00
7.5389e+00
7.5253e+00
7.5185e+00
7.5116e+00
7.5116e+00
7.5048e+00
7.5048e+00
7.4980e+00
7.4912e+00
7.4843e+00
7.4843e+00
7.4843e+00
7.4707e+00
7.4639e+00
7.4639e+00
7.4570e+00
7.4502e+00
7.4502e+00
7.4434e+00
7.4365e+00
7.4365e+00
7.4229e+00
7.4161e+00
7.4161e+00
7.4092e+00
7.4024e+00
7.4024e+00
7.3956e+00
7.3956e+00
7.3887e+00
7.3887e+00
7.3819e+00
7.3682e+00
7.3682e+00
7.3614e+00
7.3478e+00
7.3614e+00
7.3478e+00
7.3341e+00
7.3341e+00
7.3273e+00
7.3273e+00
7.3204e+00
7.3204e+00
7.3136e+00
7.3068e+00
7.3068e+00
7.3068e+00
7.2999e+00
7.2931e+00
7.2794e+00
7.2794e+00
7.2726e+00
7.2658e+00
7.2589e+00
7.2589e+00
7.2521e+00
7.2521e+00
7.2521e+00
7.2453e+00
7.2453e+00
7.2521e+00
7.2453e+00
7.2453e+00
7.2316e+00
7.2248e+00
7.2248e+00
7.2111e+00
7.2043e+00
7.2111e+00
7.2043e+00
7.1974e+00
7.1974e+00
7.1974e+00
7.1906e+00
7.1838e+00
7.1838e+00
7.1769e+00
7.1701e+00
7.1701e+00
7.1632e+00
7.1632e+00
7.1632e+00
7.1564e+00
7.1564e+00
7.1496e+00
7.1496e+00
7.1427e+00
7.1427e+00
7.1359e+00
7.1359e+00
7.1359e+00
7.1359e+00
7.1291e+00
7.1222e+00
7.1222e+00
7.1222e+00
7.1222e+00
7.1222e+00
7.1154e+00
7.1085e+00
7.1017e+00
7.1017e+00
7.0949e+00
7.1017e+00
7.1017e+00
7.0949e+00
7.0949e+00
7.0949e+00
7.0880e+00
7.0812e+00
7.0744e+00
7.0744e+00
7.0675e+00
7.0744e+00
7.0607e+00
7.0538e+00
7.0538e+00
7.0402e+00
7.0470e+00
7.0402e+00
7.0470e+00
7.0402e+00
7.0333e+00
7.0333e+00
7.0265e+00
7.0196e+00
7.0196e+00
7.0128e+00
7.0060e+00
6.9923e+00
6.9923e+00
6.9923e+00
6.9854e+00
6.9854e+00
6.9854e+00
6.9717e+00
6.9649e+00
6.9649e+00
6.9649e+00
6.9717e+00
6.9581e+00
6.9512e+00
6.9512e+00
6.9444e+00
6.9375e+00
6.9375e+00
6.9307e+00
6.9238e+00
6.9238e+00
6.9238e+00
6.9170e+00
6.9102e+00
6.9102e+00
6.9102e+00
6.9033e+00
6.8965e+00
6.8965e+00
6.8965e+00
6.8896e+00
6.8828e+00
6.8759e+00
6.8759e+00
6.8759e+00
6.8622e+00
6.8554e+00
6.8486e+00
6.8417e+00
6.8417e+00
6.8417e+00
6.8349e+00
6.8349e+00
6.8349e+00
6.8212e+00
6.8143e+00
6.8075e+00
6.8006e+00
6.8006e+00
6.8006e+00
6.7938e+00
6.7869e+00
6.7869e+00
6.7801e+00
6.7732e+00
6.7732e+00
6.7664e+00
6.7664e+00
6.7664e+00
6.7664e+00
6.7595e+00
6.7527e+00
6.7527e+00
6.7527e+00
6.7458e+00
6.7458e+00
6.7390e+00
6.7322e+00
6.7390e+00
6.7322e+00
6.7322e+00
6.7390e+00
6.7322e+00
6.7253e+00
6.7253e+00
6.7253e+00
6.7185e+00
6.7116e+00
6.7116e+00
6.6979e+00
6.6911e+00
6.6842e+00
6.6911e+00
6.6911e+00
6.6774e+00
6.6705e+00
6.6774e+00
6.6774e+00
6.6705e+00
6.6705e+00
6.6568e+00
6.6568e+00
6.6568e+00
6.6431e+00
6.6431e+00
6.6362e+00
6.6294e+00
6.6225e+00
6.6157e+00
6.6020e+00
6.6020e+00
6.5951e+00
6.5883e+00
6.5746e+00
6.5746e+00
6.5746e+00
6.5746e+00
6.5677e+00
6.5609e+00
6.5609e+00
6.5540e+00
6.5403e+00
6.5403e+00
6.5266e+00
6.5129e+00
6.5129e+00
6.5129e+00
6.5129e+00
6.5060e+00
6.4923e+00
6.4992e+00
6.4923e+00
6.4855e+00
6.4786e+00
6.4786e+00
6.4649e+00
6.4649e+00
6.4580e+00
6.4512e+00
6.4512e+00
6.4443e+00
6.4375e+00
6.4237e+00
6.4169e+00
6.4169e+00
6.4169e+00
6.4169e+00
6.4100e+00
6.4100e+00
6.4032e+00
6.3963e+00
6.3963e+00
6.3894e+00
6.3757e+00
6.3689e+00
6.3620e+00
6.3620e+00
6.3620e+00
6.3552e+00
6.3552e+00
6.3552e+00
6.3483e+00
6.3414e+00
6.3414e+00
6.3346e+00
6.3277e+00
6.3208e+00
6.3140e+00
6.3071e+00
6.3071e+00
6.2934e+00
6.2934e+00
6.2797e+00
6.2797e+00
6.2728e+00
6.2660e+00
6.2591e+00
6.2591e+00
6.2591e+00
6.2522e+00
6.2454e+00
6.2454e+00
6.2454e+00
6.2316e+00
6.2248e+00
6.2179e+00
6.2042e+00
6.1973e+00
6.1973e+00
6.1905e+00
6.1905e+00
6.1836e+00
6.1767e+00
6.1767e+00
6.1699e+00
6.1630e+00
6.1630e+00
6.1561e+00
6.1493e+00
6.1493e+00
6.1493e+00
6.1424e+00
6.1287e+00
6.1287e+00
6.1218e+00
6.1149e+00
6.1081e+00
6.1012e+00
6.1012e+00
6.1012e+00
6.1012e+00
6.0943e+00
6.0875e+00
6.0943e+00
6.1012e+00
6.0943e+00
6.0806e+00
6.0737e+00
6.0737e+00
6.0737e+00
6.0600e+00
6.0600e+00
6.0531e+00
6.0531e+00
6.0531e+00
6.0462e+00
6.0462e+00
6.0462e+00
6.0462e+00
6.0462e+00
6.0462e+00
6.0462e+00
6.0394e+00
6.0462e+00
6.0394e+00
6.0325e+00
6.0394e+00
6.0325e+00
6.0256e+00
6.0188e+00
6.0188e+00
6.0188e+00
6.0188e+00
6.0188e+00
6.0119e+00
6.0188e+00
6.0119e+00
6.0050e+00
6.0050e+00
5.9982e+00
5.9844e+00
5.9775e+00
5.9775e+00
5.9707e+00
5.9638e+00
5.9569e+00
5.9501e+00
5.9501e+00
5.9432e+00
5.9432e+00
5.9363e+00
5.9432e+00
5.9363e+00
5.9294e+00
5.9226e+00
5.9226e+00
5.9157e+00
5.9019e+00
5.8951e+00
5.8882e+00
5.8813e+00
5.8813e+00
5.8745e+00
5.8676e+00
5.8607e+00
5.8607e+00
5.8470e+00
5.8470e+00
5.8401e+00
5.8401e+00
5.8332e+00
5.8195e+00
5.8195e+00
5.8126e+00
5.8057e+00
5.7919e+00
5.7851e+00
5.7851e+00
5.7919e+00
5.7851e+00
5.7713e+00
5.7644e+00
5.7576e+00
5.7507e+00
5.7507e+00
5.7438e+00
5.7438e+00
5.7369e+00
5.7301e+00
5.7232e+00
5.7163e+00
5.7025e+00
5.6957e+00
5.6888e+00
5.6888e+00
5.6888e+00
5.6888e+00
5.6819e+00
5.6750e+00
5.6681e+00
5.6613e+00
5.6544e+00
5.6544e+00
5.6544e+00
5.6406e+00
5.6269e+00
5.6269e+00
5.6200e+00
5.6131e+00
5.6062e+00
5.6062e+00
5.5993e+00
5.5924e+00
5.5924e+00
5.5856e+00
5.5718e+00
5.5649e+00
5.5649e+00
5.5580e+00
5.5580e+00
5.5443e+00
5.5374e+00
5.5305e+00
5.5236e+00
5.5167e+00
5.5030e+00
5.5030e+00
5.5030e+00
5.4961e+00
5.4961e+00
5.4961e+00
5.4961e+00
5.4892e+00
5.4823e+00
5.4754e+00
5.4616e+00
5.4548e+00
5.4548e+00
5.4479e+00
5.4410e+00
5.4341e+00
5.4341e+00
5.4341e+00
5.4272e+00
5.4272e+00
5.4203e+00
5.4203e+00
5.4134e+00
5.4065e+00
5.3997e+00
5.4065e+00
5.3997e+00
5.3928e+00
5.3928e+00
5.3859e+00
5.3721e+00
5.3721e+00
5.3721e+00
5.3721e+00
5.3721e+00
5.3790e+00
5.3721e+00
5.3721e+00
5.3721e+00
5.3790e+00
5.3790e+00
5.3790e+00
5.3721e+00
5.3721e+00
5.3790e+00
5.3721e+00
5.3652e+00
5.3721e+00
5.3721e+00
5.3721e+00
5.3790e+00
5.3790e+00
5.3721e+00
5.3721e+00
5.3652e+00
5.3721e+00
5.3721e+00
5.3721e+00
5.3721e+00
5.3652e+00
5.3583e+00
5.3583e+00
5.3514e+00
5.3514e+00
5.3514e+00
5.3583e+00
5.3514e+00
5.3514e+00
5.3514e+00
5.3445e+00
5.3445e+00
5.3377e+00
5.3377e+00
5.3445e+00
5.3377e+00
5.3308e+00
5.3308e+00
5.3308e+00
5.3239e+00
5.3170e+00
5.3101e+00
5.3101e+00
5.3170e+00
5.3101e+00
5.3032e+00
5.2963e+00
5.3032e+00
5.3032e+00
5.2963e+00
5.2894e+00
5.2825e+00
5.2756e+00
5.2687e+00
5.2619e+00
5.2550e+00
5.2550e+00
5.2550e+00
5.2481e+00
5.2481e+00
5.2343e+00
5.2343e+00
5.2274e+00
5.2274e+00
5.2205e+00
5.2136e+00
5.2067e+00
5.2067e+00
5.1929e+00
5.1929e+00
5.1860e+00
5.1860e+00
5.1791e+00
5.1722e+00
5.1653e+00
5.1653e+00
5.1653e+00
5.1584e+00
5.1516e+00
5.1447e+00
5.1378e+00
5.1309e+00
5.1309e+00
5.1240e+00
5.1171e+00
5.1102e+00
5.1033e+00
5.1033e+00
5.0964e+00
5.0895e+00
5.0826e+00
5.0826e+00
5.0757e+00
5.0757e+00
5.0688e+00
5.0619e+00
5.0550e+00
5.0550e+00
5.0481e+00
5.0412e+00
5.0343e+00
5.0343e+00
5.0274e+00
5.0205e+00
5.0205e+00
5.0205e+00
5.0067e+00
5.0067e+00
4.9998e+00
4.9998e+00
4.9998e+00
4.9929e+00
4.9860e+00
4.9860e+00
4.9791e+00
4.9722e+00
4.9584e+00
4.9584e+00
4.9515e+00
4.9446e+00
4.9377e+00
4.9377e+00
4.9377e+00
4.9377e+00
4.9308e+00
4.9239e+00
4.9170e+00
4.9170e+00
4.9170e+00
4.9101e+00
4.8963e+00
4.8894e+00
4.8894e+00
4.8894e+00
4.8756e+00
4.8756e+00
4.8687e+00
4.8687e+00
4.8549e+00
4.8549e+00
4.8549e+00
4.8480e+00
4.8411e+00
4.8480e+00
4.8411e+00
4.8342e+00
4.8272e+00
4.8203e+00
4.8134e+00
4.8134e+00
4.7996e+00
4.7996e+00
4.7996e+00
4.7927e+00
4.7858e+00
4.7858e+00
4.7858e+00
4.7858e+00
4.7789e+00
4.7720e+00
4.7651e+00
4.7651e+00
4.7582e+00
4.7582e+00
4.7444e+00
4.7375e+00
4.7306e+00
4.7306e+00
4.7375e+00
4.7306e+00
4.7237e+00
4.7237e+00
4.7237e+00
4.7167e+00
4.7098e+00
4.7029e+00
4.7029e+00
4.6960e+00
4.6891e+00
4.6822e+00
4.6753e+00
4.6753e+00
4.6684e+00
4.6615e+00
4.6615e+00
4.6546e+00
4.6615e+00
4.6546e+00
4.6546e+00
4.6546e+00
4.6546e+00
4.6477e+00
4.6407e+00
4.6407e+00
4.6338e+00
4.6269e+00
4.6200e+00
4.6131e+00
4.6062e+00
4.6062e+00
4.5993e+00
4.5993e+00
4.5855e+00
4.5855e+00
4.5855e+00
4.5855e+00
4.5785e+00
4.5716e+00
4.5716e+00
4.5578e+00
4.5578e+00
4.5509e+00
4.5509e+00
4.5440e+00
4.5371e+00
4.5371e+00
4.5302e+00
4.5302e+00
4.5232e+00
4.5163e+00
4.5163e+00
4.5094e+00
4.5094e+00
4.5094e+00
4.5025e+00
4.4956e+00
4.4887e+00
4.4818e+00
4.4748e+00
4.4748e+00
4.4679e+00
4.4610e+00
4.4610e+00
4.4610e+00
4.4541e+00
4.4403e+00
4.4333e+00
4.4264e+00
4.4264e+00
4.4264e+00
4.4195e+00
4.4126e+00
4.4126e+00
4.3988e+00
4.3918e+00
4.3849e+00
4.3780e+00
4.3711e+00
4.3572e+00
4.3572e+00
4.3503e+00
4.3503e+00
4.3434e+00
4.3365e+00
4.3227e+00
4.3227e+00
4.3088e+00
4.3019e+00
4.2950e+00
4.2950e+00
4.2811e+00
4.2811e+00
4.2742e+00
4.2604e+00
4.2534e+00
4.2465e+00
4.2465e+00
4.2396e+00
4.2327e+00
4.2258e+00
4.2188e+00
4.2258e+00
4.2188e+00
4.2050e+00
4.1911e+00
4.1911e+00
4.1842e+00
4.1773e+00
4.1704e+00
4.1634e+00
4.1634e+00
4.1565e+00
4.1496e+00
4.1496e+00
4.1496e+00
4.1427e+00
4.1357e+00
4.1288e+00
4.1288e+00
4.1219e+00
4.1150e+00
4.1080e+00
4.0942e+00
4.0873e+00
4.0873e+00
4.0803e+00
4.0734e+00
4.0803e+00
4.0734e+00
4.0665e+00
4.0596e+00
4.0526e+00
4.0526e+00
4.0457e+00
4.0388e+00
4.0388e+00
4.0318e+00
4.0249e+00
4.0111e+00
4.0041e+00
4.0041e+00
3.9972e+00
3.9972e+00
3.9903e+00
3.9833e+00
3.9764e+00
3.9764e+00
3.9695e+00
3.9626e+00
3.9626e+00
3.9487e+00
3.9418e+00
3.9487e+00
3.9348e+00
3.9210e+00
3.9279e+00
3.9210e+00
3.9210e+00
3.9140e+00
3.9002e+00
3.9002e+00
3.9002e+00
3.8932e+00
3.8863e+00
3.8794e+00
3.8794e+00
3.8724e+00
3.8586e+00
3.8516e+00
3.8516e+00
3.8447e+00
3.8378e+00
3.8170e+00
3.8170e+00
3.8170e+00
3.8100e+00
3.8170e+00
3.8170e+00
3.8031e+00
3.7962e+00
3.8031e+00
3.7892e+00
3.7754e+00
3.7823e+00
3.7754e+00
3.7545e+00
3.7545e+00
3.7476e+00
3.7407e+00
3.7407e+00
3.7337e+00
3.7268e+00
3.7268e+00
3.7199e+00
3.7129e+00
3.7129e+00
3.7060e+00
3.6991e+00
3.6852e+00
3.6921e+00
3.6921e+00
3.6782e+00
3.6782e+00
3.6713e+00
3.6644e+00
3.6644e+00
3.6574e+00
3.6505e+00
3.6505e+00
3.6574e+00
3.6435e+00
3.6366e+00
3.6297e+00
3.6297e+00
3.6158e+00
3.6088e+00
3.6019e+00
3.6019e+00
3.5950e+00
3.5880e+00
3.5811e+00
3.5741e+00
3.5741e+00
3.5672e+00
3.5811e+00
3.5741e+00
3.5602e+00
3.5533e+00
3.5533e+00
3.5464e+00
3.5394e+00
3.5325e+00
3.5255e+00
3.5186e+00
3.5186e+00
3.5116e+00
3.5047e+00
3.4978e+00
3.4978e+00
3.4908e+00
3.4908e+00
3.4769e+00
3.4769e+00
3.4700e+00
3.4700e+00
3.4630e+00
3.4630e+00
3.4561e+00
3.4491e+00
3.4353e+00
3.4353e+00
3.4283e+00
3.4214e+00
3.4144e+00
3.4075e+00
3.4075e+00
3.4144e+00
3.4075e+00
3.4144e+00
3.4075e+00
3.4005e+00
3.3866e+00
3.3866e+00
3.3866e+00
3.3797e+00
3.3727e+00
3.3658e+00
3.3658e+00
3.3588e+00
3.3519e+00
3.3519e+00
3.3519e+00
3.3449e+00
3.3449e+00
3.3449e+00
3.3380e+00
3.3380e+00
3.3310e+00
3.3310e+00
3.3241e+00
3.3241e+00
3.3171e+00
3.3102e+00
3.3171e+00
3.3171e+00
3.3171e+00
3.3032e+00
3.3032e+00
3.3032e+00
3.2963e+00
3.3032e+00
3.3032e+00
3.2963e+00
3.2893e+00
3.2824e+00
3.2824e+00
3.2754e+00
3.2754e+00
3.2685e+00
3.2615e+00
3.2615e+00
3.2546e+00
3.2615e+00
3.2615e+00
3.2546e+00
3.2546e+00
3.2546e+00
3.2476e+00
3.2407e+00
3.2407e+00
3.2407e+00
3.2337e+00
3.2337e+00
3.2268e+00
3.2198e+00
3.2129e+00
3.2129e+00
3.2059e+00
3.2059e+00
3.1990e+00
3.1990e+00
3.1920e+00
3.1920e+00
3.1920e+00
3.1781e+00
3.1851e+00
3.1781e+00
3.1712e+00
3.1712e+00
3.1712e+00
3.1642e+00
3.1573e+00
3.1503e+00
3.1503e+00
3.1434e+00
3.1364e+00
3.1364e+00
3.1364e+00
3.1364e+00
3.1294e+00
3.1225e+00
3.1155e+00
3.1086e+00
3.1086e+00
3.1016e+00
3.0947e+00
3.0877e+00
3.0808e+00
3.0808e+00
3.0808e+00
3.0668e+00
3.0668e+00
3.0599e+00
3.0599e+00
3.0529e+00
3.0460e+00
3.0460e+00
3.0460e+00
3.0321e+00
3.0251e+00
3.0181e+00
3.0181e+00
3.0181e+00
3.0112e+00
3.0042e+00
3.0042e+00
2.9973e+00
2.9973e+00
3.0042e+00
3.0042e+00
3.0042e+00
3.0042e+00
3.0042e+00
2.9973e+00
2.9903e+00
2.9903e+00
2.9973e+00
2.9903e+00
2.9973e+00
2.9903e+00
2.9903e+00
2.9973e+00
2.9973e+00
2.9973e+00
2.9973e+00
3.0042e+00
3.0042e+00
3.0042e+00
3.0042e+00
2.9973e+00
2.9973e+00
2.9903e+00
2.9833e+00
2.9833e+00
2.9903e+00
2.9833e+00
2.9833e+00
2.9833e+00
2.9903e+00
2.9833e+00
2.9903e+00
2.9833e+00
2.9764e+00
2.9764e+00
2.9694e+00
2.9625e+00
2.9555e+00
2.9555e+00
2.9485e+00
2.9485e+00
2.9416e+00
2.9416e+00
2.9416e+00
2.9346e+00
2.9346e+00
2.9346e+00
2.9346e+00
2.9277e+00
2.9346e+00
2.9277e+00
2.9207e+00
2.9137e+00
2.9137e+00
2.9137e+00
2.9068e+00
2.8998e+00
2.8929e+00
2.8929e+00
2.8929e+00
2.8789e+00
2.8789e+00
2.8720e+00
2.8720e+00
2.8789e+00
2.8720e+00
2.8650e+00
2.8580e+00
2.8580e+00
2.8511e+00
2.8580e+00
2.8441e+00
2.8302e+00
2.8302e+00
2.8232e+00
2.8163e+00
2.8163e+00
2.8163e+00
2.8163e+00
2.8163e+00
2.8163e+00
2.8093e+00
2.8023e+00
2.7954e+00
2.7884e+00
2.7884e+00
2.7884e+00
2.7814e+00
2.7745e+00
2.7745e+00
2.7675e+00
2.7675e+00
2.7605e+00
2.7605e+00
2.7536e+00
2.7605e+00
2.7605e+00
2.7536e+00
2.7536e+00
2.7536e+00
2.7466e+00
2.7396e+00
2.7396e+00
2.7396e+00
2.7396e+00
2.7396e+00
2.7396e+00
2.7396e+00
2.7327e+00
2.7396e+00
2.7396e+00
2.7327e+00
2.7327e+00
2.7396e+00
2.7396e+00
2.7396e+00
2.7327e+00
2.7396e+00
2.7396e+00
2.7327e+00
2.7327e+00
2.7327e+00
2.7327e+00
2.7327e+00
2.7257e+00
2.7327e+00
2.7327e+00
2.7327e+00
2.7257e+00
2.7327e+00
2.7257e+00
2.7257e+00
2.7187e+00
2.7187e+00
2.7187e+00
2.7118e+00
2.7187e+00
2.7187e+00
2.7187e+00
2.7257e+00
2.7257e+00
2.7327e+00
2.7396e+00
2.7396e+00
2.7466e+00
2.7466e+00
2.7466e+00
2.7466e+00
2.7466e+00
2.7466e+00
2.7536e+00
2.7675e+00
2.7814e+00
2.7954e+00
2.8232e+00
2.8441e+00
2.8650e+00
2.8720e+00
2.8789e+00
2.8789e+00
2.8859e+00
2.8998e+00
2.9068e+00
2.8929e+00
2.8929e+00
2.8998e+00
2.8929e+00
2.8929e+00
2.8929e+00
2.8859e+00
2.8859e+00
2.8859e+00
2.8929e+00
2.8859e+00
2.8859e+00
2.8789e+00
2.8789e+00
2.8789e+00
2.8789e+00
2.8789e+00
2.8720e+00
2.8720e+00
2.8720e+00
2.8650e+00
2.8580e+00
2.8580e+00
2.8580e+00
2.8511e+00
2.8580e+00
2.8511e+00
2.8511e+00
2.8511e+00
2.8441e+00
2.8441e+00
2.8441e+00
2.8372e+00
2.8302e+00
2.8302e+00
2.8232e+00
2.8163e+00
2.8163e+00
2.8093e+00
2.8023e+00
2.8023e+00
2.8023e+00
2.7954e+00
2.7954e+00
2.7954e+00
2.7884e+00
2.7814e+00
2.7814e+00
2.7745e+00
2.7745e+00
2.7675e+00
2.7605e+00
2.7536e+00
2.7536e+00
2.7466e+00
2.7466e+00
2.7466e+00
2.7396e+00
2.7257e+00
2.7327e+00
2.7257e+00
2.7187e+00
2.7187e+00
2.7118e+00
2.7048e+00
2.7048e+00
2.6909e+00
2.6839e+00
2.6769e+00
2.6769e+00
2.6700e+00
2.6700e+00
2.6700e+00
2.6700e+00
2.6630e+00
2.6560e+00
2.6560e+00
2.6560e+00
2.6491e+00
2.6421e+00
2.6351e+00
2.6351e+00
2.6282e+00
2.6212e+00
2.6142e+00
2.6142e+00
2.6142e+00
2.6212e+00
2.6073e+00
2.6073e+00
2.6003e+00
2.6003e+00
2.6003e+00
2.5933e+00
2.5863e+00
2.5863e+00
2.5794e+00
2.5724e+00
2.5654e+00
2.5654e+00
2.5515e+00
2.5515e+00
2.5515e+00
2.5445e+00
2.5375e+00
2.5375e+00
2.5445e+00
2.5445e+00
2.5375e+00
2.5375e+00
2.5306e+00
2.5306e+00
2.5236e+00
2.5096e+00
2.5027e+00
2.5027e+00
2.4957e+00
2.4887e+00
2.4818e+00
2.4818e+00
2.4748e+00
2.4818e+00
2.4818e+00
2.4678e+00
2.4608e+00
2.4608e+00
2.4539e+00
2.4469e+00
2.4469e+00
2.4399e+00
2.4329e+00
2.4329e+00
2.4260e+00
2.4190e+00
2.4120e+00
2.4120e+00
2.4120e+00
2.3981e+00
2.3981e+00
2.4050e+00
2.4050e+00
2.3911e+00
2.3911e+00
2.3911e+00
2.3771e+00
2.3771e+00
2.3701e+00
2.3562e+00
2.3562e+00
2.3492e+00
2.3353e+00
2.3283e+00
2.3283e+00
2.3283e+00
2.3283e+00
2.3283e+00
2.3213e+00
2.3213e+00
2.3143e+00
2.3073e+00
2.3004e+00
2.2934e+00
2.2864e+00
2.2794e+00
2.2724e+00
2.2655e+00
2.2655e+00
2.2655e+00
2.2585e+00
2.2515e+00
2.2515e+00
2.2445e+00
2.2445e+00
2.2515e+00
2.2445e+00
2.2375e+00
2.2306e+00
2.2236e+00
2.2166e+00
2.2166e+00
2.2026e+00
2.2026e+00
2.2026e+00
2.1956e+00
2.1887e+00
2.1887e+00
2.1887e+00
2.1817e+00
2.1817e+00
2.1747e+00
2.1677e+00
2.1607e+00
2.1607e+00
2.1537e+00
2.1468e+00
2.1398e+00
2.1328e+00
2.1258e+00
2.1188e+00
2.1258e+00
2.1258e+00
2.1188e+00
2.1118e+00
2.1118e+00
2.1118e+00
2.0979e+00
2.0979e+00
2.0979e+00
2.0839e+00
2.0769e+00
2.0769e+00
2.0699e+00
2.0560e+00
2.0490e+00
2.0490e+00
2.0420e+00
2.0350e+00
2.0420e+00
2.0350e+00
2.0280e+00
2.0280e+00
2.0210e+00
2.0210e+00
2.0140e+00
2.0070e+00
2.0001e+00
2.0001e+00
1.9931e+00
1.9861e+00
1.9791e+00
1.9651e+00
1.9651e+00
1.9651e+00
1.9581e+00
1.9511e+00
1.9511e+00
1.9441e+00
1.9441e+00
1.9372e+00
1.9302e+00
1.9232e+00
1.9232e+00
1.9162e+00
1.9092e+00
1.9022e+00
1.9022e+00
1.8952e+00
1.8882e+00
1.8952e+00
1.8952e+00
1.8882e+00
1.8882e+00
1.8812e+00
1.8742e+00
1.8672e+00
1.8672e+00
1.8603e+00
1.8533e+00
1.8463e+00
1.8463e+00
1.8393e+00
1.8323e+00
1.8253e+00
1.8183e+00
1.8113e+00
1.8113e+00
1.8113e+00
1.8043e+00
1.8043e+00
1.7903e+00
1.7903e+00
1.7833e+00
1.7763e+00
1.7763e+00
1.7693e+00
1.7553e+00
1.7553e+00
1.7553e+00
1.7414e+00
1.7344e+00
1.7344e+00
1.7274e+00
1.7204e+00
1.7134e+00
1.7134e+00
1.7064e+00
1.7064e+00
1.6924e+00
1.6854e+00
1.6784e+00
1.6714e+00
1.6644e+00
1.6504e+00
1.6504e+00
1.6434e+00
1.6434e+00
1.6364e+00
1.6364e+00
1.6294e+00
1.6224e+00
1.6154e+00
1.6084e+00
1.6014e+00
1.5944e+00
1.5874e+00
1.5804e+00
1.5734e+00
1.5664e+00
1.5524e+00
1.5454e+00
1.5384e+00
1.5314e+00
1.5314e+00
1.5244e+00
1.5174e+00
1.5104e+00
1.5034e+00
1.5034e+00
1.4894e+00
1.4894e+00
1.4824e+00
1.4684e+00
1.4544e+00
1.4473e+00
1.4403e+00
1.4333e+00
1.4333e+00
1.4263e+00
1.4193e+00
1.4123e+00
1.4053e+00
1.3983e+00
1.3843e+00
1.3773e+00
1.3773e+00
1.3633e+00
1.3563e+00
1.3493e+00
1.3352e+00
1.3212e+00
1.3142e+00
1.3142e+00
1.3072e+00
1.3002e+00
1.2932e+00
1.2792e+00
1.2862e+00
1.2792e+00
1.2652e+00
1.2581e+00
1.2581e+00
1.2441e+00
1.2371e+00
1.2371e+00
1.2301e+00
1.2301e+00
1.2161e+00
1.2021e+00
1.1950e+00
1.1950e+00
1.1880e+00
1.1810e+00
1.1740e+00
1.1670e+00
1.1600e+00
1.1600e+00
1.1460e+00
1.1389e+00
1.1319e+00
1.1179e+00
1.1179e+00
1.1109e+00
1.0969e+00
1.1039e+00
1.0969e+00
1.0898e+00
1.0828e+00
1.0758e+00
1.0688e+00
1.0618e+00
1.0548e+00
1.0548e+00
1.0407e+00
1.0337e+00
1.0337e+00
1.0267e+00
1.0197e+00
1.0197e+00
1.0127e+00
1.0127e+00
9.9863e-01
9.9161e-01
9.8460e-01
9.8460e-01
9.7758e-01
9.7758e-01
9.7758e-01
9.6354e-01
9.6354e-01
9.6354e-01
9.5652e-01
9.4950e-01
9.4248e-01
9.4248e-01
9.2844e-01
9.2142e-01
9.2142e-01
9.2142e-01
9.2142e-01
9.1440e-01
9.1440e-01
9.0738e-01
9.0738e-01
9.0738e-01
9.0036e-01
9.0036e-01
8.9334e-01
8.9334e-01
8.8632e-01
8.8632e-01
8.8632e-01
8.7930e-01
8.7228e-01
8.7228e-01
8.7228e-01
8.7228e-01
8.7228e-01
8.7228e-01
8.6526e-01
8.5823e-01
8.5121e-01
8.5121e-01
8.5121e-01
8.4419e-01
8.3717e-01
8.4419e-01
8.3717e-01
8.2312e-01
8.2312e-01
8.3014e-01
8.3014e-01
8.1610e-01
8.2312e-01
8.3014e-01
8.2312e-01
8.1610e-01
8.0907e-01
8.0205e-01
7.9503e-01
7.9503e-01
7.8800e-01
7.8098e-01
7.7395e-01
7.6693e-01
7.5991e-01
7.5991e-01
7.5991e-01
7.5288e-01
7.5991e-01
7.5991e-01
7.4585e-01
7.4585e-01
7.3883e-01
7.3883e-01
7.3883e-01
7.3180e-01
7.1775e-01
7.1073e-01
7.1073e-01
7.0370e-01
7.0370e-01
7.0370e-01
6.9667e-01
6.8965e-01
6.8965e-01
6.8965e-01
6.8262e-01
6.7559e-01
6.6856e-01
6.6856e-01
6.6856e-01
6.6154e-01
6.6154e-01
6.5451e-01
6.4748e-01
6.4045e-01
6.3342e-01
6.3342e-01
6.3342e-01
6.3342e-01
6.1937e-01
6.1937e-01
6.1937e-01
6.1234e-01
6.0531e-01
6.0531e-01
5.9828e-01
5.8422e-01
5.8422e-01
5.7719e-01
5.7719e-01
5.7016e-01
5.6313e-01
5.5610e-01
5.5610e-01
5.4906e-01
5.4906e-01
5.4906e-01
5.4203e-01
5.3500e-01
5.3500e-01
5.2797e-01
5.1391e-01
5.1391e-01
5.0687e-01
4.9984e-01
4.9984e-01
4.9984e-01
4.9984e-01
4.9281e-01
4.8578e-01
4.8578e-01
4.7874e-01
4.7874e-01
4.7171e-01
4.7171e-01
4.6468e-01
4.5764e-01
4.5061e-01
4.4357e-01
4.3654e-01
4.3654e-01
4.2950e-01
4.2247e-01
4.1544e-01
4.0840e-01
4.0840e-01
4.0840e-01
4.0136e-01
4.0136e-01
4.0136e-01
3.9433e-01
3.8729e-01
3.8729e-01
3.8729e-01
3.8729e-01
3.7322e-01
3.6618e-01
3.6618e-01
3.5211e-01
3.3804e-01
3.3804e-01
3.3804e-01
3.3100e-01
3.3100e-01
3.3100e-01
3.2396e-01
3.1692e-01
3.1692e-01
3.0285e-01
2.9581e-01
2.8877e-01
2.8173e-01
2.7469e-01
2.6765e-01
2.6765e-01
2.6061e-01
2.6061e-01
2.5357e-01
2.3949e-01
2.3949e-01
2.3949e-01
2.3949e-01
2.3245e-01
2.2541e-01
2.1837e-01
2.1133e-01
2.1133e-01
2.1133e-01
2.0429e-01
1.9725e-01
1.9020e-01
1.8316e-01
1.8316e-01
1.7612e-01
1.6908e-01
1.6204e-01
1.6204e-01
1.6204e-01
1.5499e-01
1.4795e-01
1.5499e-01
1.4795e-01
1.4091e-01
1.3386e-01
1.2682e-01
1.1978e-01
1.1978e-01
1.1273e-01
1.1978e-01
1.1273e-01
1.0569e-01
1.0569e-01
9.8644e-02
9.8644e-02
9.8644e-02
9.8644e-02
9.1599e-02
8.4554e-02
7.7509e-02
7.0464e-02
5.6373e-02
6.3418e-02
6.3418e-02
4.9327e-02
4.2281e-02
4.2281e-02
4.2281e-02
4.2281e-02
3.5235e-02
2.8188e-02
2.1141e-02
1.4095e-02
7.0470e-03
7.0470e-03
0000
