1.4208e+01
1.4217e+01
1.4233e+01
1.4250e+01
1.4258e+01
1.4266e+01
1.4266e+01
1.4283e+01
1.4283e+01
1.4308e+01
1.4308e+01
1.4316e+01
1.4333e+01
1.4349e+01
1.4349e+01
1.4349e+01
1.4358e+01
1.4358e+01
1.4358e+01
1.4366e+01
1.4366e+01
1.4366e+01
1.4366e+01
1.4374e+01
1.4374e+01
1.4382e+01
1.4391e+01
1.4382e+01
1.4391e+01
1.4382e+01
1.4391e+01
1.4391e+01
1.4391e+01
1.4391e+01
1.4399e+01
1.4391e+01
1.4391e+01
1.4391e+01
1.4391e+01
1.4382e+01
1.4382e+01
1.4391e+01
1.4382e+01
1.4382e+01
1.4382e+01
1.4391e+01
1.4391e+01
1.4382e+01
1.4382e+01
1.4382e+01
1.4366e+01
1.4366e+01
1.4358e+01
1.4366e+01
1.4341e+01
1.4333e+01
1.4333e+01
1.4316e+01
1.4316e+01
1.4308e+01
1.4300e+01
1.4308e+01
1.4300e+01
1.4283e+01
1.4266e+01
1.4258e+01
1.4250e+01
1.4242e+01
1.4233e+01
1.4217e+01
1.4208e+01
1.4200e+01
1.4192e+01
1.4183e+01
1.4183e+01
1.4192e+01
1.4175e+01
1.4159e+01
1.4150e+01
1.4134e+01
1.4125e+01
1.4109e+01
1.4109e+01
1.4100e+01
1.4084e+01
1.4076e+01
1.4076e+01
1.4059e+01
1.4059e+01
1.4051e+01
1.4042e+01
1.4026e+01
1.4017e+01
1.4001e+01
1.4001e+01
1.3976e+01
1.3968e+01
1.3959e+01
1.3943e+01
1.3934e+01
1.3918e+01
1.3901e+01
1.3893e+01
1.3885e+01
1.3876e+01
1.3868e+01
1.3860e+01
1.3851e+01
1.3835e+01
1.3827e+01
1.3827e+01
1.3810e+01
1.3802e+01
1.3785e+01
1.3777e+01
1.3768e+01
1.3752e+01
1.3743e+01
1.3735e+01
1.3727e+01
1.3710e+01
1.3685e+01
1.3677e+01
1.3677e+01
1.3669e+01
1.3652e+01
1.3635e+01
1.3627e+01
1.3619e+01
1.3602e+01
1.3585e+01
1.3561e+01
1.3552e+01
1.3544e+01
1.3544e+01
1.3527e+01
1.3502e+01
1.3486e+01
1.3494e+01
1.3477e+01
1.3461e+01
1.3444e+01
1.3436e+01
1.3427e+01
1.3411e+01
1.3394e+01
1.3378e+01
1.3369e+01
1.3353e+01
1.3336e+01
1.3328e+01
1.3311e+01
1.3303e+01
1.3294e+01
1.3286e+01
1.3269e+01
1.3269e+01
1.3244e+01
1.3228e+01
1.3219e+01
1.3211e+01
1.3194e+01
1.3178e+01
1.3169e+01
1.3144e+01
1.3128e+01
1.3128e+01
1.3111e+01
1.3094e+01
1.3086e+01
1.3078e+01
1.3069e+01
1.3053e+01
1.3053e+01
1.3028e+01
1.3011e+01
1.3011e+01
1.2994e+01
1.2978e+01
1.2969e+01
1.2953e+01
1.2936e+01
1.2928e+01
1.2928e+01
1.2919e+01
1.2903e+01
1.2894e+01
1.2894e+01
1.2878e+01
1.2869e+01
1.2853e+01
1.2844e+01
1.2836e+01
1.2819e+01
1.2811e+01
1.2786e+01
1.2778e+01
1.2769e+01
1.2753e+01
1.2744e+01
1.2736e+01
1.2728e+01
1.2719e+01
1.2694e+01
1.2694e+01
1.2686e+01
1.2669e+01
1.2661e+01
1.2644e+01
1.2636e+01
1.2619e+01
1.2594e+01
1.2594e+01
1.2594e+01
1.2569e+01
1.2561e+01
1.2552e+01
1.2536e+01
1.2527e+01
1.2511e+01
1.2502e+01
1.2502e+01
1.2494e+01
1.2477e+01
1.2461e+01
1.2444e+01
1.2436e+01
1.2427e+01
1.2419e+01
1.2402e+01
1.2385e+01
1.2377e+01
1.2360e+01
1.2344e+01
1.2335e+01
1.2327e+01
1.2319e+01
1.2302e+01
1.2294e+01
1.2277e+01
1.2268e+01
1.2252e+01
1.2243e+01
1.2227e+01
1.2218e+01
1.2202e+01
1.2193e+01
1.2185e+01
1.2176e+01
1.2168e+01
1.2160e+01
1.2151e+01
1.2135e+01
1.2118e+01
1.2118e+01
1.2093e+01
1.2085e+01
1.2076e+01
1.2059e+01
1.2051e+01
1.2034e+01
1.2026e+01
1.2009e+01
1.2009e+01
1.2001e+01
1.1984e+01
1.1976e+01
1.1959e+01
1.1951e+01
1.1942e+01
1.1926e+01
1.1926e+01
1.1909e+01
1.1900e+01
1.1892e+01
1.1875e+01
1.1867e+01
1.1859e+01
1.1842e+01
1.1842e+01
1.1833e+01
1.1825e+01
1.1817e+01
1.1800e+01
1.1792e+01
1.1783e+01
1.1783e+01
1.1775e+01
1.1750e+01
1.1750e+01
1.1733e+01
1.1725e+01
1.1716e+01
1.1708e+01
1.1700e+01
1.1691e+01
1.1683e+01
1.1674e+01
1.1658e+01
1.1649e+01
1.1641e+01
1.1633e+01
1.1624e+01
1.1607e+01
1.1599e+01
1.1582e+01
1.1582e+01
1.1574e+01
1.1557e+01
1.1549e+01
1.1549e+01
1.1540e+01
1.1524e+01
1.1507e+01
1.1507e+01
1.1490e+01
1.1482e+01
1.1473e+01
1.1457e+01
1.1448e+01
1.1448e+01
1.1431e+01
1.1415e+01
1.1415e+01
1.1406e+01
1.1398e+01
1.1389e+01
1.1381e+01
1.1373e+01
1.1364e+01
1.1356e+01
1.1339e+01
1.1339e+01
1.1322e+01
1.1322e+01
1.1306e+01
1.1297e+01
1.1289e+01
1.1280e+01
1.1280e+01
1.1264e+01
1.1255e+01
1.1247e+01
1.1230e+01
1.1222e+01
1.1213e+01
1.1205e+01
1.1188e+01
1.1180e+01
1.1171e+01
1.1155e+01
1.1138e+01
1.1129e+01
1.1113e+01
1.1104e+01
1.1096e+01
1.1079e+01
1.1071e+01
1.1054e+01
1.1054e+01
1.1045e+01
1.1029e+01
1.1020e+01
1.1012e+01
1.1003e+01
1.0987e+01
1.0978e+01
1.0961e+01
1.0945e+01
1.0936e+01
1.0936e+01
1.0919e+01
1.0911e+01
1.0903e+01
1.0894e+01
1.0894e+01
1.0886e+01
1.0869e+01
1.0861e+01
1.0852e+01
1.0844e+01
1.0827e+01
1.0819e+01
1.0802e+01
1.0793e+01
1.0793e+01
1.0777e+01
1.0768e+01
1.0760e+01
1.0751e+01
1.0751e+01
1.0735e+01
1.0726e+01
1.0718e+01
1.0709e+01
1.0701e+01
1.0684e+01
1.0684e+01
1.0676e+01
1.0659e+01
1.0642e+01
1.0642e+01
1.0634e+01
1.0617e+01
1.0608e+01
1.0608e+01
1.0600e+01
1.0592e+01
1.0583e+01
1.0583e+01
1.0575e+01
1.0558e+01
1.0558e+01
1.0541e+01
1.0533e+01
1.0524e+01
1.0516e+01
1.0507e+01
1.0499e+01
1.0491e+01
1.0482e+01
1.0474e+01
1.0465e+01
1.0457e+01
1.0449e+01
1.0449e+01
1.0432e+01
1.0423e+01
1.0423e+01
1.0406e+01
1.0398e+01
1.0390e+01
1.0373e+01
1.0364e+01
1.0356e+01
1.0356e+01
1.0348e+01
1.0339e+01
1.0339e+01
1.0322e+01
1.0322e+01
1.0305e+01
1.0297e+01
1.0289e+01
1.0272e+01
1.0263e+01
1.0263e+01
1.0246e+01
1.0238e+01
1.0230e+01
1.0221e+01
1.0221e+01
1.0213e+01
1.0204e+01
1.0196e+01
1.0179e+01
1.0179e+01
1.0171e+01
1.0154e+01
1.0154e+01
1.0145e+01
1.0137e+01
1.0129e+01
1.0120e+01
1.0112e+01
1.0103e+01
1.0086e+01
1.0078e+01
1.0070e+01
1.0061e+01
1.0061e+01
1.0053e+01
1.0044e+01
1.0044e+01
1.0036e+01
1.0011e+01
1.0002e+01
9.9853e+00
9.9768e+00
9.9684e+00
9.9600e+00
9.9515e+00
9.9431e+00
9.9347e+00
9.9262e+00
9.9178e+00
9.9094e+00
9.9009e+00
9.8841e+00
9.8756e+00
9.8672e+00
9.8588e+00
9.8503e+00
9.8503e+00
9.8419e+00
9.8250e+00
9.8166e+00
9.8081e+00
9.8081e+00
9.7913e+00
9.7913e+00
9.7828e+00
9.7744e+00
9.7660e+00
9.7660e+00
9.7660e+00
9.7575e+00
9.7406e+00
9.7406e+00
9.7322e+00
9.7322e+00
9.7238e+00
9.7069e+00
9.7069e+00
9.6984e+00
9.6900e+00
9.6816e+00
9.6816e+00
9.6731e+00
9.6647e+00
9.6562e+00
9.6478e+00
9.6394e+00
9.6309e+00
9.6225e+00
9.6140e+00
9.6056e+00
9.5971e+00
9.5803e+00
9.5718e+00
9.5634e+00
9.5549e+00
9.5549e+00
9.5549e+00
9.5380e+00
9.5296e+00
9.5211e+00
9.5127e+00
9.5127e+00
9.4958e+00
9.4873e+00
9.4705e+00
9.4536e+00
9.4536e+00
9.4536e+00
9.4451e+00
9.4367e+00
9.4367e+00
9.4282e+00
9.4198e+00
9.4113e+00
9.4029e+00
9.3944e+00
9.3860e+00
9.3775e+00
9.3691e+00
9.3522e+00
9.3437e+00
9.3353e+00
9.3268e+00
9.3099e+00
9.3014e+00
9.2930e+00
9.2930e+00
9.2761e+00
9.2676e+00
9.2507e+00
9.2423e+00
9.2338e+00
9.2169e+00
9.2084e+00
9.2084e+00
9.1915e+00
9.1746e+00
9.1662e+00
9.1577e+00
9.1408e+00
9.1323e+00
9.1154e+00
9.1069e+00
9.1069e+00
9.1069e+00
9.0900e+00
9.0731e+00
9.0646e+00
9.0562e+00
9.0393e+00
9.0308e+00
9.0139e+00
8.9969e+00
8.9885e+00
8.9800e+00
8.9546e+00
8.9377e+00
8.9292e+00
8.9208e+00
8.9038e+00
8.8954e+00
8.8954e+00
8.8784e+00
8.8615e+00
8.8530e+00
8.8446e+00
8.8276e+00
8.8192e+00
8.8022e+00
8.7853e+00
8.7768e+00
8.7683e+00
8.7514e+00
8.7514e+00
8.7345e+00
8.7260e+00
8.7175e+00
8.7175e+00
8.7006e+00
8.6836e+00
8.6751e+00
8.6667e+00
8.6582e+00
8.6497e+00
8.6412e+00
8.6243e+00
8.6073e+00
8.6073e+00
8.6073e+00
8.5904e+00
8.5819e+00
8.5734e+00
8.5650e+00
8.5565e+00
8.5480e+00
8.5395e+00
8.5226e+00
8.5226e+00
8.5056e+00
8.4971e+00
8.4802e+00
8.4717e+00
8.4632e+00
8.4547e+00
8.4463e+00
8.4378e+00
8.4293e+00
8.4123e+00
8.4038e+00
8.3954e+00
8.3784e+00
8.3614e+00
8.3445e+00
8.3360e+00
8.3275e+00
8.3190e+00
8.3020e+00
8.2935e+00
8.2851e+00
8.2681e+00
8.2681e+00
8.2596e+00
8.2426e+00
8.2172e+00
8.2172e+00
8.2172e+00
8.2002e+00
8.1917e+00
8.1832e+00
8.1747e+00
8.1577e+00
8.1492e+00
8.1492e+00
8.1323e+00
8.1153e+00
8.1068e+00
8.1068e+00
8.0983e+00
8.0813e+00
8.0643e+00
8.0643e+00
8.0558e+00
8.0473e+00
8.0388e+00
8.0303e+00
8.0134e+00
8.0049e+00
7.9964e+00
7.9879e+00
7.9794e+00
7.9709e+00
7.9624e+00
7.9539e+00
7.9369e+00
7.9199e+00
7.9114e+00
7.9114e+00
7.9029e+00
7.8859e+00
7.8859e+00
7.8774e+00
7.8604e+00
7.8604e+00
7.8519e+00
7.8434e+00
7.8264e+00
7.8179e+00
7.8094e+00
7.7924e+00
7.7839e+00
7.7754e+00
7.7754e+00
7.7669e+00
7.7584e+00
7.7414e+00
7.7414e+00
7.7329e+00
7.7159e+00
7.6988e+00
7.6903e+00
7.6818e+00
7.6733e+00
7.6648e+00
7.6563e+00
7.6478e+00
7.6393e+00
7.6308e+00
7.6223e+00
7.6138e+00
7.6053e+00
7.5968e+00
7.5797e+00
7.5712e+00
7.5627e+00
7.5542e+00
7.5457e+00
7.5287e+00
7.5287e+00
7.5117e+00
7.5117e+00
7.5031e+00
7.5031e+00
7.4946e+00
7.4861e+00
7.4691e+00
7.4691e+00
7.4606e+00
7.4436e+00
7.4350e+00
7.4265e+00
7.4180e+00
7.4095e+00
7.3925e+00
7.3840e+00
7.3840e+00
7.3669e+00
7.3584e+00
7.3499e+00
7.3499e+00
7.3329e+00
7.3329e+00
7.3243e+00
7.3158e+00
7.3073e+00
7.2903e+00
7.2817e+00
7.2732e+00
7.2647e+00
7.2562e+00
7.2391e+00
7.2306e+00
7.2306e+00
7.2221e+00
7.2221e+00
7.2136e+00
7.2051e+00
7.1965e+00
7.1880e+00
7.1795e+00
7.1795e+00
7.1624e+00
7.1539e+00
7.1369e+00
7.1198e+00
7.1198e+00
7.1113e+00
7.1113e+00
7.0943e+00
7.0857e+00
7.0772e+00
7.0772e+00
7.0687e+00
7.0516e+00
7.0516e+00
7.0431e+00
7.0260e+00
7.0260e+00
7.0175e+00
7.0090e+00
6.9919e+00
6.9834e+00
6.9749e+00
6.9663e+00
6.9578e+00
6.9578e+00
6.9493e+00
6.9408e+00
6.9237e+00
6.9237e+00
6.9237e+00
6.9237e+00
6.9066e+00
6.8896e+00
6.8810e+00
6.8810e+00
6.8640e+00
6.8554e+00
6.8384e+00
6.8384e+00
6.8298e+00
6.8298e+00
6.8298e+00
6.8128e+00
6.8042e+00
6.8042e+00
6.8128e+00
6.7957e+00
6.7872e+00
6.7701e+00
6.7616e+00
6.7616e+00
6.7530e+00
6.7445e+00
6.7360e+00
6.7274e+00
6.7274e+00
6.7189e+00
6.7018e+00
6.7018e+00
6.6933e+00
6.6933e+00
6.6933e+00
6.6762e+00
6.6676e+00
6.6676e+00
6.6506e+00
6.6420e+00
6.6335e+00
6.6249e+00
6.6164e+00
6.6164e+00
6.6079e+00
6.5993e+00
6.5993e+00
6.6079e+00
6.5993e+00
6.5822e+00
6.5737e+00
6.5737e+00
6.5737e+00
6.5566e+00
6.5566e+00
6.5481e+00
6.5395e+00
6.5310e+00
6.5310e+00
6.5310e+00
6.5224e+00
6.5224e+00
6.5224e+00
6.5224e+00
6.5139e+00
6.5054e+00
6.5054e+00
6.4968e+00
6.4968e+00
6.4968e+00
6.4883e+00
6.4883e+00
6.4712e+00
6.4712e+00
6.4626e+00
6.4626e+00
6.4626e+00
6.4541e+00
6.4541e+00
6.4541e+00
6.4455e+00
6.4370e+00
6.4370e+00
6.4284e+00
6.4199e+00
6.4199e+00
6.4113e+00
6.4028e+00
6.3943e+00
6.3943e+00
6.3857e+00
6.3772e+00
6.3686e+00
6.3686e+00
6.3686e+00
6.3686e+00
6.3601e+00
6.3601e+00
6.3515e+00
6.3515e+00
6.3344e+00
6.3259e+00
6.3173e+00
6.3173e+00
6.3002e+00
6.2917e+00
6.2746e+00
6.2746e+00
6.2831e+00
6.2746e+00
6.2574e+00
6.2489e+00
6.2403e+00
6.2403e+00
6.2403e+00
6.2232e+00
6.2147e+00
6.2061e+00
6.1976e+00
6.1890e+00
6.1805e+00
6.1719e+00
6.1634e+00
6.1548e+00
6.1462e+00
6.1377e+00
6.1377e+00
6.1291e+00
6.1120e+00
6.1120e+00
6.1035e+00
6.0863e+00
6.0778e+00
6.0778e+00
6.0607e+00
6.0521e+00
6.0521e+00
6.0435e+00
6.0350e+00
6.0264e+00
6.0264e+00
6.0264e+00
6.0179e+00
6.0179e+00
6.0093e+00
6.0093e+00
6.0007e+00
5.9922e+00
5.9922e+00
5.9836e+00
5.9751e+00
5.9751e+00
5.9579e+00
5.9579e+00
5.9579e+00
5.9579e+00
5.9494e+00
5.9408e+00
5.9408e+00
5.9408e+00
5.9322e+00
5.9237e+00
5.9322e+00
5.9322e+00
5.9237e+00
5.9151e+00
5.9066e+00
5.9151e+00
5.9066e+00
5.9066e+00
5.8980e+00
5.8809e+00
5.8809e+00
5.8894e+00
5.8809e+00
5.8809e+00
5.8809e+00
5.8723e+00
5.8723e+00
5.8723e+00
5.8552e+00
5.8552e+00
5.8552e+00
5.8552e+00
5.8466e+00
5.8466e+00
5.8380e+00
5.8380e+00
5.8295e+00
5.8380e+00
5.8380e+00
5.8295e+00
5.8295e+00
5.8295e+00
5.8209e+00
5.8123e+00
5.8038e+00
5.8038e+00
5.8038e+00
5.7781e+00
5.7781e+00
5.7866e+00
5.7695e+00
5.7609e+00
5.7524e+00
5.7524e+00
5.7438e+00
5.7352e+00
5.7438e+00
5.7438e+00
5.7352e+00
5.7267e+00
5.7181e+00
5.7095e+00
5.7095e+00
5.7009e+00
5.6924e+00
5.6752e+00
5.6752e+00
5.6752e+00
5.6667e+00
5.6581e+00
5.6581e+00
5.6495e+00
5.6409e+00
5.6324e+00
5.6152e+00
5.6152e+00
5.6152e+00
5.6066e+00
5.5981e+00
5.5895e+00
5.5809e+00
5.5723e+00
5.5638e+00
5.5638e+00
5.5552e+00
5.5466e+00
5.5380e+00
5.5209e+00
5.5295e+00
5.5209e+00
5.5123e+00
5.5123e+00
5.4952e+00
5.4866e+00
5.4780e+00
5.4694e+00
5.4609e+00
5.4523e+00
5.4437e+00
5.4351e+00
5.4265e+00
5.4180e+00
5.4180e+00
5.4180e+00
5.4180e+00
5.4008e+00
5.3922e+00
5.3836e+00
5.3751e+00
5.3579e+00
5.3493e+00
5.3493e+00
5.3407e+00
5.3236e+00
5.3150e+00
5.3064e+00
5.3064e+00
5.2978e+00
5.2892e+00
5.2806e+00
5.2806e+00
5.2635e+00
5.2549e+00
5.2463e+00
5.2463e+00
5.2377e+00
5.2205e+00
5.2205e+00
5.2120e+00
5.2034e+00
5.1862e+00
5.1776e+00
5.1690e+00
5.1604e+00
5.1604e+00
5.1518e+00
5.1433e+00
5.1347e+00
5.1347e+00
5.1261e+00
5.1175e+00
5.1089e+00
5.1003e+00
5.0831e+00
5.0745e+00
5.0745e+00
5.0659e+00
5.0573e+00
5.0488e+00
5.0402e+00
5.0402e+00
5.0402e+00
5.0230e+00
5.0144e+00
5.0144e+00
4.9972e+00
4.9886e+00
4.9800e+00
4.9714e+00
4.9628e+00
4.9542e+00
4.9456e+00
4.9370e+00
4.9284e+00
4.9284e+00
4.9198e+00
4.9112e+00
4.9112e+00
4.9026e+00
4.8941e+00
4.8855e+00
4.8769e+00
4.8683e+00
4.8511e+00
4.8425e+00
4.8425e+00
4.8253e+00
4.8253e+00
4.8167e+00
4.7995e+00
4.7909e+00
4.7823e+00
4.7909e+00
4.7823e+00
4.7737e+00
4.7651e+00
4.7565e+00
4.7393e+00
4.7307e+00
4.7221e+00
4.7134e+00
4.6962e+00
4.6962e+00
4.6876e+00
4.6790e+00
4.6704e+00
4.6618e+00
4.6532e+00
4.6532e+00
4.6446e+00
4.6446e+00
4.6274e+00
4.6188e+00
4.6102e+00
4.6016e+00
4.5930e+00
4.5844e+00
4.5672e+00
4.5585e+00
4.5499e+00
4.5499e+00
4.5241e+00
4.5155e+00
4.5155e+00
4.5069e+00
4.4983e+00
4.4983e+00
4.4811e+00
4.4811e+00
4.4638e+00
4.4552e+00
4.4466e+00
4.4380e+00
4.4208e+00
4.4208e+00
4.4036e+00
4.3949e+00
4.3863e+00
4.3777e+00
4.3605e+00
4.3605e+00
4.3519e+00
4.3433e+00
4.3260e+00
4.3260e+00
4.3088e+00
4.3088e+00
4.2829e+00
4.2743e+00
4.2657e+00
4.2571e+00
4.2571e+00
4.2485e+00
4.2312e+00
4.2312e+00
4.2312e+00
4.2226e+00
4.2140e+00
4.2140e+00
4.1968e+00
4.1881e+00
4.1709e+00
4.1709e+00
4.1537e+00
4.1537e+00
4.1537e+00
4.1364e+00
4.1278e+00
4.1192e+00
4.1192e+00
4.1105e+00
4.1019e+00
4.1019e+00
4.0847e+00
4.0847e+00
4.0847e+00
4.0760e+00
4.0588e+00
4.0588e+00
4.0415e+00
4.0329e+00
4.0243e+00
4.0157e+00
4.0070e+00
4.0070e+00
4.0070e+00
3.9984e+00
3.9984e+00
3.9898e+00
3.9812e+00
3.9812e+00
3.9725e+00
3.9639e+00
3.9553e+00
3.9380e+00
3.9294e+00
3.9208e+00
3.9121e+00
3.9121e+00
3.9121e+00
3.9035e+00
3.8949e+00
3.8862e+00
3.8949e+00
3.8862e+00
3.8862e+00
3.8776e+00
3.8776e+00
3.8690e+00
3.8604e+00
3.8604e+00
3.8517e+00
3.8345e+00
3.8345e+00
3.8258e+00
3.8172e+00
3.8086e+00
3.8086e+00
3.8086e+00
3.7999e+00
3.7827e+00
3.7827e+00
3.7740e+00
3.7740e+00
3.7740e+00
3.7654e+00
3.7568e+00
3.7568e+00
3.7395e+00
3.7309e+00
3.7222e+00
3.7222e+00
3.7136e+00
3.7136e+00
3.7050e+00
3.7050e+00
3.6963e+00
3.6877e+00
3.6790e+00
3.6790e+00
3.6704e+00
3.6618e+00
3.6531e+00
3.6445e+00
3.6272e+00
3.6186e+00
3.6099e+00
3.6099e+00
3.6013e+00
3.6013e+00
3.6013e+00
3.5927e+00
3.5927e+00
3.5840e+00
3.5667e+00
3.5581e+00
3.5581e+00
3.5408e+00
3.5408e+00
3.5408e+00
3.5322e+00
3.5149e+00
3.5149e+00
3.5062e+00
3.4976e+00
3.4976e+00
3.4976e+00
3.4890e+00
3.4890e+00
3.4890e+00
3.4803e+00
3.4630e+00
3.4544e+00
3.4544e+00
3.4457e+00
3.4284e+00
3.4198e+00
3.4112e+00
3.4112e+00
3.4025e+00
3.4112e+00
3.4025e+00
3.3939e+00
3.3939e+00
3.3766e+00
3.3766e+00
3.3679e+00
3.3593e+00
3.3593e+00
3.3506e+00
3.3506e+00
3.3420e+00
3.3333e+00
3.3247e+00
3.3160e+00
3.3074e+00
3.3074e+00
3.3074e+00
3.2901e+00
3.2901e+00
3.2901e+00
3.2814e+00
3.2728e+00
3.2641e+00
3.2555e+00
3.2468e+00
3.2295e+00
3.2295e+00
3.2209e+00
3.2122e+00
3.2036e+00
3.1949e+00
3.1863e+00
3.1776e+00
3.1863e+00
3.1776e+00
3.1690e+00
3.1690e+00
3.1603e+00
3.1517e+00
3.1517e+00
3.1430e+00
3.1257e+00
3.1170e+00
3.1084e+00
3.0997e+00
3.0911e+00
3.0911e+00
3.0911e+00
3.0911e+00
3.0824e+00
3.0738e+00
3.0738e+00
3.0564e+00
3.0564e+00
3.0478e+00
3.0391e+00
3.0391e+00
3.0218e+00
3.0131e+00
3.0045e+00
2.9958e+00
2.9958e+00
2.9958e+00
2.9872e+00
2.9785e+00
2.9785e+00
2.9698e+00
2.9612e+00
2.9525e+00
2.9525e+00
2.9439e+00
2.9439e+00
2.9352e+00
2.9179e+00
2.9179e+00
2.9092e+00
2.9006e+00
2.8919e+00
2.8832e+00
2.8659e+00
2.8659e+00
2.8659e+00
2.8572e+00
2.8572e+00
2.8486e+00
2.8312e+00
2.8312e+00
2.8226e+00
2.8139e+00
2.8052e+00
2.7966e+00
2.7879e+00
2.7792e+00
2.7706e+00
2.7706e+00
2.7619e+00
2.7446e+00
2.7446e+00
2.7446e+00
2.7359e+00
2.7359e+00
2.7272e+00
2.7186e+00
2.7012e+00
2.7012e+00
2.6926e+00
2.6839e+00
2.6752e+00
2.6666e+00
2.6666e+00
2.6666e+00
2.6579e+00
2.6492e+00
2.6492e+00
2.6405e+00
2.6405e+00
2.6319e+00
2.6232e+00
2.6059e+00
2.6059e+00
2.5972e+00
2.5885e+00
2.5798e+00
2.5625e+00
2.5538e+00
2.5538e+00
2.5451e+00
2.5451e+00
2.5451e+00
2.5365e+00
2.5278e+00
2.5278e+00
2.5191e+00
2.5104e+00
2.5018e+00
2.4931e+00
2.4757e+00
2.4757e+00
2.4671e+00
2.4671e+00
2.4584e+00
2.4584e+00
2.4497e+00
2.4410e+00
2.4410e+00
2.4324e+00
2.4324e+00
2.4237e+00
2.4237e+00
2.4150e+00
2.4150e+00
2.4150e+00
2.3976e+00
2.3803e+00
2.3716e+00
2.3716e+00
2.3629e+00
2.3542e+00
2.3629e+00
2.3629e+00
2.3542e+00
2.3456e+00
2.3369e+00
2.3369e+00
2.3282e+00
2.3195e+00
2.3195e+00
2.3108e+00
2.3022e+00
2.2935e+00
2.2935e+00
2.2761e+00
2.2761e+00
2.2674e+00
2.2761e+00
2.2674e+00
2.2587e+00
2.2587e+00
2.2587e+00
2.2587e+00
2.2414e+00
2.2327e+00
2.2240e+00
2.2153e+00
2.2153e+00
2.2066e+00
2.1979e+00
2.1979e+00
2.1979e+00
2.1893e+00
2.1893e+00
2.1806e+00
2.1719e+00
2.1719e+00
2.1632e+00
2.1545e+00
2.1545e+00
2.1458e+00
2.1284e+00
2.1284e+00
2.1198e+00
2.1111e+00
2.1198e+00
2.1111e+00
2.1024e+00
2.1024e+00
2.0937e+00
2.0937e+00
2.0937e+00
2.0937e+00
2.0850e+00
2.0850e+00
2.0763e+00
2.0763e+00
2.0763e+00
2.0763e+00
2.0763e+00
2.0676e+00
2.0676e+00
2.0763e+00
2.0676e+00
2.0763e+00
2.0763e+00
2.0850e+00
2.0850e+00
2.0850e+00
2.0850e+00
2.0850e+00
2.0937e+00
2.0937e+00
2.0937e+00
2.1024e+00
2.0850e+00
2.0937e+00
2.1024e+00
2.1024e+00
2.1024e+00
2.1111e+00
2.1024e+00
2.1111e+00
2.1111e+00
2.1111e+00
2.1111e+00
2.1024e+00
2.1111e+00
2.1111e+00
2.1111e+00
2.1024e+00
2.1024e+00
2.0937e+00
2.0937e+00
2.0937e+00
2.0937e+00
2.1024e+00
2.1024e+00
2.1024e+00
2.0937e+00
2.0937e+00
2.1024e+00
2.1024e+00
2.1024e+00
2.0937e+00
2.0850e+00
2.0850e+00
2.0676e+00
2.0676e+00
2.0763e+00
2.0676e+00
2.0676e+00
2.0676e+00
2.0676e+00
2.0676e+00
2.0676e+00
2.0589e+00
2.0502e+00
2.0502e+00
2.0416e+00
2.0416e+00
2.0329e+00
2.0242e+00
2.0242e+00
2.0155e+00
2.0155e+00
2.0155e+00
2.0068e+00
2.0155e+00
2.0155e+00
2.0068e+00
1.9981e+00
1.9981e+00
1.9981e+00
1.9894e+00
1.9894e+00
1.9807e+00
1.9720e+00
1.9633e+00
1.9633e+00
1.9546e+00
1.9459e+00
1.9372e+00
1.9372e+00
1.9285e+00
1.9285e+00
1.9199e+00
1.9199e+00
1.9199e+00
1.9112e+00
1.9025e+00
1.8938e+00
1.8851e+00
1.8764e+00
1.8764e+00
1.8677e+00
1.8503e+00
1.8503e+00
1.8503e+00
1.8416e+00
1.8416e+00
1.8329e+00
1.8329e+00
1.8242e+00
1.8242e+00
1.8155e+00
1.7981e+00
1.7981e+00
1.7894e+00
1.7807e+00
1.7807e+00
1.7720e+00
1.7633e+00
1.7459e+00
1.7459e+00
1.7372e+00
1.7285e+00
1.7285e+00
1.7198e+00
1.7111e+00
1.7198e+00
1.7024e+00
1.6937e+00
1.6937e+00
1.6763e+00
1.6676e+00
1.6589e+00
1.6502e+00
1.6415e+00
1.6328e+00
1.6241e+00
1.6241e+00
1.6241e+00
1.6154e+00
1.6066e+00
1.6066e+00
1.5979e+00
1.5892e+00
1.5805e+00
1.5718e+00
1.5631e+00
1.5544e+00
1.5457e+00
1.5370e+00
1.5283e+00
1.5196e+00
1.5109e+00
1.5109e+00
1.5022e+00
1.4935e+00
1.4935e+00
1.4847e+00
1.4673e+00
1.4673e+00
1.4673e+00
1.4586e+00
1.4499e+00
1.4412e+00
1.4325e+00
1.4238e+00
1.4151e+00
1.4063e+00
1.4063e+00
1.3976e+00
1.3889e+00
1.3802e+00
1.3802e+00
1.3715e+00
1.3715e+00
1.3628e+00
1.3541e+00
1.3454e+00
1.3454e+00
1.3366e+00
1.3279e+00
1.3105e+00
1.3105e+00
1.3018e+00
1.2931e+00
1.2931e+00
1.2844e+00
1.2756e+00
1.2756e+00
1.2669e+00
1.2582e+00
1.2495e+00
1.2408e+00
1.2408e+00
1.2321e+00
1.2233e+00
1.2059e+00
1.2059e+00
1.1972e+00
1.1972e+00
1.1885e+00
1.1797e+00
1.1797e+00
1.1710e+00
1.1623e+00
1.1536e+00
1.1536e+00
1.1449e+00
1.1361e+00
1.1274e+00
1.1100e+00
1.1100e+00
1.1013e+00
1.0925e+00
1.0838e+00
1.0751e+00
1.0751e+00
1.0751e+00
1.0664e+00
1.0664e+00
1.0576e+00
1.0489e+00
1.0402e+00
1.0315e+00
1.0315e+00
1.0227e+00
1.0053e+00
9.9657e-01
9.9657e-01
9.9657e-01
9.8785e-01
9.8785e-01
9.7912e-01
9.7912e-01
9.7040e-01
9.6167e-01
9.6167e-01
9.6167e-01
9.5294e-01
9.4422e-01
9.3549e-01
9.4422e-01
9.3549e-01
9.2676e-01
9.1803e-01
9.0930e-01
9.0058e-01
9.0058e-01
9.0058e-01
9.0058e-01
8.9185e-01
8.9185e-01
8.8312e-01
8.8312e-01
8.7439e-01
8.5693e-01
8.5693e-01
8.5693e-01
8.4820e-01
8.3947e-01
8.3074e-01
8.3074e-01
8.1328e-01
8.0455e-01
8.0455e-01
8.0455e-01
8.0455e-01
7.9581e-01
7.9581e-01
7.8708e-01
7.6962e-01
7.6088e-01
7.6088e-01
7.5215e-01
7.4342e-01
7.3468e-01
7.3468e-01
7.2595e-01
7.1721e-01
7.1721e-01
7.0848e-01
6.9974e-01
6.9974e-01
6.9974e-01
6.9101e-01
6.8227e-01
6.7354e-01
6.6480e-01
6.5606e-01
6.4733e-01
6.3859e-01
6.2985e-01
6.2111e-01
6.2111e-01
6.1238e-01
5.9490e-01
5.9490e-01
5.9490e-01
5.9490e-01
5.7742e-01
5.7742e-01
5.6868e-01
5.6868e-01
5.5120e-01
5.5120e-01
5.4246e-01
5.3372e-01
5.3372e-01
5.1624e-01
5.0750e-01
5.0750e-01
5.0750e-01
4.9876e-01
4.9876e-01
4.9001e-01
4.8127e-01
4.8127e-01
4.6379e-01
4.5504e-01
4.5504e-01
4.4630e-01
4.2881e-01
4.2007e-01
4.2007e-01
4.1132e-01
4.1132e-01
4.0258e-01
3.8509e-01
3.8509e-01
3.7634e-01
3.6760e-01
3.5885e-01
3.5885e-01
3.5010e-01
3.4136e-01
3.4136e-01
3.3261e-01
3.2386e-01
3.1511e-01
2.9762e-01
2.8887e-01
2.8887e-01
2.8887e-01
2.8012e-01
2.7137e-01
2.7137e-01
2.7137e-01
2.6262e-01
2.6262e-01
2.4512e-01
2.3637e-01
2.3637e-01
2.1887e-01
2.1012e-01
2.1012e-01
2.0137e-01
1.9261e-01
1.8386e-01
1.7511e-01
1.6636e-01
1.5760e-01
1.4885e-01
1.4885e-01
1.4885e-01
1.4010e-01
1.3134e-01
1.2259e-01
1.0508e-01
9.6325e-02
8.7569e-02
7.8814e-02
7.8814e-02
6.1302e-02
6.1302e-02
5.2545e-02
5.2545e-02
3.5031e-02
2.6274e-02
2.6274e-02
1.7516e-02
1.7516e-02
0000
