1.4828e+00
1.4841e+00
1.4744e+00
1.4768e+00
1.4780e+00
1.4780e+00
1.4708e+00
1.4877e+00
1.4828e+00
1.4865e+00
1.4744e+00
1.4647e+00
1.4418e+00
1.4285e+00
1.3982e+00
1.3837e+00
1.3595e+00
1.3256e+00
1.2954e+00
1.2699e+00
1.2360e+00
1.2045e+00
1.1682e+00
1.1415e+00
1.1100e+00
1.0760e+00
1.0396e+00
1.0020e+00
9.7525e-01
9.4366e-01
9.1329e-01
8.7682e-01
8.3547e-01
8.0019e-01
7.6490e-01
7.2351e-01
6.9184e-01
6.5164e-01
6.1508e-01
5.8216e-01
5.4313e-01
5.0042e-01
4.6136e-01
4.3083e-01
4.0885e-01
3.7342e-01
3.4042e-01
3.1107e-01
2.8906e-01
2.5726e-01
2.3156e-01
2.0463e-01
1.7770e-01
1.5199e-01
1.3116e-01
1.0543e-01
8.2150e-02
5.5183e-02
3.8018e-02
2.3303e-02
6.1330e-03
2.4530e-03
0000
1.2270e-03
4.9060e-03
1.3492e-02
4.0470e-02
7.2344e-02
1.2994e-01
1.9729e-01
2.9762e-01
3.9663e-01
5.2605e-01
6.6626e-01
8.3669e-01
1.0275e+00
1.2409e+00
1.4683e+00
1.7399e+00
2.0119e+00
2.3322e+00
2.6551e+00
3.0484e+00
3.4199e+00
3.8088e+00
4.2444e+00
4.6746e+00
5.1540e+00
5.5847e+00
6.0366e+00
6.4210e+00
6.8518e+00
7.2613e+00
7.6861e+00
8.1282e+00
8.5559e+00
9.0018e+00
9.4256e+00
9.8696e+00
1.0259e+01
1.0667e+01
1.1043e+01
1.1483e+01
1.1830e+01
1.2239e+01
1.2570e+01
1.2997e+01
1.3313e+01
1.3655e+01
1.3950e+01
1.4265e+01
1.4558e+01
1.4831e+01
1.5074e+01
1.5323e+01
1.5522e+01
1.5825e+01
1.6071e+01
1.6539e+01
1.6785e+01
1.6988e+01
1.7177e+01
1.7337e+01
1.7471e+01
1.7599e+01
1.7697e+01
1.7777e+01
1.7893e+01
1.7976e+01
1.8075e+01
1.8171e+01
1.8280e+01
1.8410e+01
1.8523e+01
1.8714e+01
1.8871e+01
1.9068e+01
1.9258e+01
1.9451e+01
1.9685e+01
1.9910e+01
2.0147e+01
2.0391e+01
2.0606e+01
2.0885e+01
2.1132e+01
2.1432e+01
2.1712e+01
2.2029e+01
2.2320e+01
2.2643e+01
2.2943e+01
2.3285e+01
2.3603e+01
2.3961e+01
2.4331e+01
2.4745e+01
2.5146e+01
2.5539e+01
2.5890e+01
2.6231e+01
2.6596e+01
2.6941e+01
2.7297e+01
2.7598e+01
2.7922e+01
2.8213e+01
2.8526e+01
2.8914e+01
2.9222e+01
2.9607e+01
2.9876e+01
3.0125e+01
3.0339e+01
3.0557e+01
3.0791e+01
3.0974e+01
3.1179e+01
3.1364e+01
3.1570e+01
3.1832e+01
3.2040e+01
3.2279e+01
3.2424e+01
3.2518e+01
3.2601e+01
3.2631e+01
3.2660e+01
3.2669e+01
3.2663e+01
3.2653e+01
3.2614e+01
3.2564e+01
3.2507e+01
3.2436e+01
3.2384e+01
3.2319e+01
3.2274e+01
3.2195e+01
3.2145e+01
3.2071e+01
3.1990e+01
3.1882e+01
3.1771e+01
3.1661e+01
3.1544e+01
3.1404e+01
3.1271e+01
3.1124e+01
3.0999e+01
3.0859e+01
3.0736e+01
3.0604e+01
3.0477e+01
3.0340e+01
3.0212e+01
3.0078e+01
2.9952e+01
2.9810e+01
2.9676e+01
2.9526e+01
2.9398e+01
2.9260e+01
2.9138e+01
2.8996e+01
2.8921e+01
2.8815e+01
2.8700e+01
2.8569e+01
2.8452e+01
2.8328e+01
2.8215e+01
2.8079e+01
2.7981e+01
2.7864e+01
2.7750e+01
2.7632e+01
2.7518e+01
2.7403e+01
2.7295e+01
2.7182e+01
2.7077e+01
2.6976e+01
2.6884e+01
2.6766e+01
2.6669e+01
2.6569e+01
2.6477e+01
2.6378e+01
2.6291e+01
2.6197e+01
2.6135e+01
2.6053e+01
2.5990e+01
2.5912e+01
2.5848e+01
2.5777e+01
2.5709e+01
2.5644e+01
2.5587e+01
2.5515e+01
2.5456e+01
2.5385e+01
2.5326e+01
2.5265e+01
2.5205e+01
2.5154e+01
2.5097e+01
2.5027e+01
2.4970e+01
2.4893e+01
2.4840e+01
2.4757e+01
2.4692e+01
2.4618e+01
2.4557e+01
2.4490e+01
2.4435e+01
2.4376e+01
2.4327e+01
2.4264e+01
2.4207e+01
2.4142e+01
2.4091e+01
2.4031e+01
2.3975e+01
2.3924e+01
2.3877e+01
2.3837e+01
2.3788e+01
2.3750e+01
2.3689e+01
2.3664e+01
2.3657e+01
2.3602e+01
2.3578e+01
2.3531e+01
2.3498e+01
2.3462e+01
2.3425e+01
2.3382e+01
2.3338e+01
2.3298e+01
2.3261e+01
2.3207e+01
2.3152e+01
2.3088e+01
2.3030e+01
2.2947e+01
2.2945e+01
2.2868e+01
2.2812e+01
2.2788e+01
2.2721e+01
2.2686e+01
2.2599e+01
2.2546e+01
2.2502e+01
2.2438e+01
2.2409e+01
2.2331e+01
2.2318e+01
2.2263e+01
2.2275e+01
2.2232e+01
2.2270e+01
2.2267e+01
2.2288e+01
2.2331e+01
2.2418e+01
2.2498e+01
2.2628e+01
2.2748e+01
2.2934e+01
2.3088e+01
2.3296e+01
2.3479e+01
2.3733e+01
2.3921e+01
2.4196e+01
2.4467e+01
2.4724e+01
2.5041e+01
2.5303e+01
2.5662e+01
2.6003e+01
2.6338e+01
2.6723e+01
2.7067e+01
2.7361e+01
2.7736e+01
2.8020e+01
2.8376e+01
2.8618e+01
2.8948e+01
2.9287e+01
2.9595e+01
2.9863e+01
3.0185e+01
3.0442e+01
3.0760e+01
3.0989e+01
3.1250e+01
3.1465e+01
3.1698e+01
3.1894e+01
3.2109e+01
3.2305e+01
3.2506e+01
3.2649e+01
3.2845e+01
3.3036e+01
3.3190e+01
3.3370e+01
3.3533e+01
3.3694e+01
3.3824e+01
3.3989e+01
3.4123e+01
3.4234e+01
3.4337e+01
3.4485e+01
3.4526e+01
3.4643e+01
3.4715e+01
3.4771e+01
3.4829e+01
3.4881e+01
3.4925e+01
3.4934e+01
3.4909e+01
3.4989e+01
3.4953e+01
3.4948e+01
3.4914e+01
3.4900e+01
3.4866e+01
3.4853e+01
3.4803e+01
3.4757e+01
3.4690e+01
3.4627e+01
3.4558e+01
3.4487e+01
3.4391e+01
3.4315e+01
3.4230e+01
3.4137e+01
3.4047e+01
3.3990e+01
3.3911e+01
3.3839e+01
3.3746e+01
3.3661e+01
3.3564e+01
3.3461e+01
3.3359e+01
3.3266e+01
3.3155e+01
3.3061e+01
3.2950e+01
3.2852e+01
3.2742e+01
3.2646e+01
3.2531e+01
3.2426e+01
3.2307e+01
3.2206e+01
3.2069e+01
3.1964e+01
3.1844e+01
3.1726e+01
3.1613e+01
3.1516e+01
3.1399e+01
3.1311e+01
3.1199e+01
3.1103e+01
3.1003e+01
3.0910e+01
3.0817e+01
3.0739e+01
3.0643e+01
3.0558e+01
3.0468e+01
3.0396e+01
3.0312e+01
3.0224e+01
3.0138e+01
3.0067e+01
2.9987e+01
2.9909e+01
2.9828e+01
2.9748e+01
2.9663e+01
2.9592e+01
2.9523e+01
2.9453e+01
2.9382e+01
2.9302e+01
2.9229e+01
2.9164e+01
2.9098e+01
2.9031e+01
2.8961e+01
2.8888e+01
2.8815e+01
2.8754e+01
2.8691e+01
2.8628e+01
2.8566e+01
2.8507e+01
2.8443e+01
2.8386e+01
2.8331e+01
2.8268e+01
2.8200e+01
2.8142e+01
2.8073e+01
2.8011e+01
2.7934e+01
2.7872e+01
2.7814e+01
2.7756e+01
2.7692e+01
2.7644e+01
2.7593e+01
2.7535e+01
2.7496e+01
2.7456e+01
2.7427e+01
2.7392e+01
2.7376e+01
2.7340e+01
2.7325e+01
2.7307e+01
2.7313e+01
2.7299e+01
2.7306e+01
2.7307e+01
2.7346e+01
2.7352e+01
2.7388e+01
2.7417e+01
2.7460e+01
2.7488e+01
2.7548e+01
2.7584e+01
2.7658e+01
2.7698e+01
2.7762e+01
2.7789e+01
2.7856e+01
2.7886e+01
2.7950e+01
2.7979e+01
2.8038e+01
2.8076e+01
2.8137e+01
2.8180e+01
2.8245e+01
2.8279e+01
2.8358e+01
2.8394e+01
2.8443e+01
2.8466e+01
2.8511e+01
2.8529e+01
2.8554e+01
2.8568e+01
2.8568e+01
2.8571e+01
2.8572e+01
2.8574e+01
2.8568e+01
2.8564e+01
2.8557e+01
2.8546e+01
2.8529e+01
2.8519e+01
2.8501e+01
2.8474e+01
2.8443e+01
2.8427e+01
2.8391e+01
2.8362e+01
2.8320e+01
2.8287e+01
2.8231e+01
2.8203e+01
2.8155e+01
2.8113e+01
2.8053e+01
2.8013e+01
2.7947e+01
2.7891e+01
2.7825e+01
2.7772e+01
2.7716e+01
2.7663e+01
2.7593e+01
2.7543e+01
2.7473e+01
2.7409e+01
2.7341e+01
2.7284e+01
2.7222e+01
2.7170e+01
2.7103e+01
2.7049e+01
2.6982e+01
2.6933e+01
2.6876e+01
2.6830e+01
2.6768e+01
2.6715e+01
2.6650e+01
2.6595e+01
2.6542e+01
2.6489e+01
2.6438e+01
2.6388e+01
2.6345e+01
2.6306e+01
2.6254e+01
2.6212e+01
2.6166e+01
2.6125e+01
2.6090e+01
2.6061e+01
2.6027e+01
2.6001e+01
2.5982e+01
2.5966e+01
2.5953e+01
2.5959e+01
2.5941e+01
2.5949e+01
2.5962e+01
2.5989e+01
2.6010e+01
2.6057e+01
2.6108e+01
2.6194e+01
2.6273e+01
2.6373e+01
2.6475e+01
2.6601e+01
2.6748e+01
2.6901e+01
2.7069e+01
2.7265e+01
2.7450e+01
2.7660e+01
2.7861e+01
2.8080e+01
2.8306e+01
2.8565e+01
2.8809e+01
2.9075e+01
2.9360e+01
2.9648e+01
2.9946e+01
3.0240e+01
3.0558e+01
3.0850e+01
3.1179e+01
3.1476e+01
3.1816e+01
3.2118e+01
3.2487e+01
3.2805e+01
3.3214e+01
3.3545e+01
3.3923e+01
3.4247e+01
3.4611e+01
3.4899e+01
3.5249e+01
3.5519e+01
3.5843e+01
3.6117e+01
3.6395e+01
3.6664e+01
3.6919e+01
3.7164e+01
3.7411e+01
3.7630e+01
3.7855e+01
3.8057e+01
3.8259e+01
3.8442e+01
3.8629e+01
3.8814e+01
3.8997e+01
3.9172e+01
3.9343e+01
3.9479e+01
3.9618e+01
3.9746e+01
3.9857e+01
3.9978e+01
4.0036e+01
4.0140e+01
4.0193e+01
4.0276e+01
4.0322e+01
4.0391e+01
4.0411e+01
4.0494e+01
4.0508e+01
4.0560e+01
4.0577e+01
4.0642e+01
4.0681e+01
4.0708e+01
4.0715e+01
4.0732e+01
4.0729e+01
4.0746e+01
4.0700e+01
4.0694e+01
4.0664e+01
4.0662e+01
4.0630e+01
4.0600e+01
4.0566e+01
4.0543e+01
4.0492e+01
4.0438e+01
4.0377e+01
4.0316e+01
4.0229e+01
4.0182e+01
4.0089e+01
4.0006e+01
3.9927e+01
3.9836e+01
3.9748e+01
3.9646e+01
3.9574e+01
3.9490e+01
3.9388e+01
3.9312e+01
3.9198e+01
3.9104e+01
3.9001e+01
3.8917e+01
3.8806e+01
3.8709e+01
3.8609e+01
3.8508e+01
3.8402e+01
3.8301e+01
3.8193e+01
3.8081e+01
3.7975e+01
3.7875e+01
3.7782e+01
3.7662e+01
3.7556e+01
3.7460e+01
3.7363e+01
3.7251e+01
3.7147e+01
3.7051e+01
3.6955e+01
3.6859e+01
3.6777e+01
3.6683e+01
3.6584e+01
3.6503e+01
3.6415e+01
3.6326e+01
3.6244e+01
3.6159e+01
3.6076e+01
3.5982e+01
3.5892e+01
3.5809e+01
3.5731e+01
3.5658e+01
3.5574e+01
3.5490e+01
3.5423e+01
3.5344e+01
3.5272e+01
3.5199e+01
3.5126e+01
3.5052e+01
3.4983e+01
3.4898e+01
3.4827e+01
3.4761e+01
3.4704e+01
3.4632e+01
3.4568e+01
3.4500e+01
3.4443e+01
3.4375e+01
3.4315e+01
3.4263e+01
3.4211e+01
3.4152e+01
3.4116e+01
3.4062e+01
3.4005e+01
3.3954e+01
3.3899e+01
3.3834e+01
3.3785e+01
3.3726e+01
3.3672e+01
3.3620e+01
3.3575e+01
3.3525e+01
3.3483e+01
3.3433e+01
3.3384e+01
3.3334e+01
3.3298e+01
3.3248e+01
3.3203e+01
3.3163e+01
3.3119e+01
3.3068e+01
3.3032e+01
3.2989e+01
3.2946e+01
3.2905e+01
3.2859e+01
3.2813e+01
3.2767e+01
3.2719e+01
3.2680e+01
3.2624e+01
3.2592e+01
3.2546e+01
3.2502e+01
3.2464e+01
3.2426e+01
3.2387e+01
3.2335e+01
3.2293e+01
3.2256e+01
3.2212e+01
3.2168e+01
3.2133e+01
3.2096e+01
3.2050e+01
3.2003e+01
3.1967e+01
3.1925e+01
3.1886e+01
3.1843e+01
3.1802e+01
3.1761e+01
3.1722e+01
3.1678e+01
3.1639e+01
3.1600e+01
3.1552e+01
3.1507e+01
3.1470e+01
3.1441e+01
3.1403e+01
3.1357e+01
3.1323e+01
3.1286e+01
3.1244e+01
3.1210e+01
3.1173e+01
3.1128e+01
3.1093e+01
3.1051e+01
3.1004e+01
3.0957e+01
3.0907e+01
3.0864e+01
3.0835e+01
3.0785e+01
3.0742e+01
3.0702e+01
3.0668e+01
3.0628e+01
3.0596e+01
3.0559e+01
3.0518e+01
3.0479e+01
3.0438e+01
3.0389e+01
3.0355e+01
3.0312e+01
3.0278e+01
3.0238e+01
3.0201e+01
3.0164e+01
3.0127e+01
3.0080e+01
3.0034e+01
2.9991e+01
2.9956e+01
2.9914e+01
2.9868e+01
2.9820e+01
2.9793e+01
2.9762e+01
2.9718e+01
2.9673e+01
2.9637e+01
2.9601e+01
2.9569e+01
2.9528e+01
2.9488e+01
2.9453e+01
2.9411e+01
2.9367e+01
2.9335e+01
2.9298e+01
2.9260e+01
2.9222e+01
2.9187e+01
2.9146e+01
2.9098e+01
2.9057e+01
2.9018e+01
2.8976e+01
2.8939e+01
2.8896e+01
2.8858e+01
2.8822e+01
2.8789e+01
2.8753e+01
2.8715e+01
2.8681e+01
2.8646e+01
2.8600e+01
2.8570e+01
2.8537e+01
2.8492e+01
2.8451e+01
2.8418e+01
2.8377e+01
2.8340e+01
2.8299e+01
2.8271e+01
2.8231e+01
2.8189e+01
2.8152e+01
2.8111e+01
2.8070e+01
2.8027e+01
2.7995e+01
2.7956e+01
2.7906e+01
2.7870e+01
2.7841e+01
2.7810e+01
2.7769e+01
2.7737e+01
2.7704e+01
2.7668e+01
2.7637e+01
2.7608e+01
2.7570e+01
2.7532e+01
2.7499e+01
2.7464e+01
2.7427e+01
2.7385e+01
2.7342e+01
2.7311e+01
2.7270e+01
2.7227e+01
2.7195e+01
2.7168e+01
2.7124e+01
2.7089e+01
2.7060e+01
2.7025e+01
2.6987e+01
2.6955e+01
2.6922e+01
2.6891e+01
2.6855e+01
2.6822e+01
2.6788e+01
2.6755e+01
2.6718e+01
2.6692e+01
2.6662e+01
2.6628e+01
2.6591e+01
2.6557e+01
2.6527e+01
2.6498e+01
2.6461e+01
2.6426e+01
2.6391e+01
2.6364e+01
2.6331e+01
2.6292e+01
2.6260e+01
2.6234e+01
2.6199e+01
2.6164e+01
2.6136e+01
2.6110e+01
2.6069e+01
2.6037e+01
2.6009e+01
2.5983e+01
2.5952e+01
2.5927e+01
2.5896e+01
2.5863e+01
2.5830e+01
2.5801e+01
2.5776e+01
2.5749e+01
2.5714e+01
2.5683e+01
2.5648e+01
2.5621e+01
2.5588e+01
2.5555e+01
2.5525e+01
2.5493e+01
2.5467e+01
2.5437e+01
2.5404e+01
2.5378e+01
2.5345e+01
2.5315e+01
2.5286e+01
2.5259e+01
2.5226e+01
2.5195e+01
2.5168e+01
2.5136e+01
2.5117e+01
2.5092e+01
2.5060e+01
2.5032e+01
2.5006e+01
2.4985e+01
2.4960e+01
2.4931e+01
2.4899e+01
2.4865e+01
2.4833e+01
2.4810e+01
2.4779e+01
2.4748e+01
2.4713e+01
2.4689e+01
2.4663e+01
2.4636e+01
2.4608e+01
2.4577e+01
2.4549e+01
2.4525e+01
2.4497e+01
2.4475e+01
2.4438e+01
2.4408e+01
2.4386e+01
2.4356e+01
2.4324e+01
2.4297e+01
2.4265e+01
2.4245e+01
2.4216e+01
2.4187e+01
2.4156e+01
2.4130e+01
2.4097e+01
2.4068e+01
2.4036e+01
2.4008e+01
2.3977e+01
2.3953e+01
2.3923e+01
2.3888e+01
2.3859e+01
2.3841e+01
2.3813e+01
2.3782e+01
2.3754e+01
2.3732e+01
2.3702e+01
2.3678e+01
2.3659e+01
2.3636e+01
2.3601e+01
2.3567e+01
2.3544e+01
2.3520e+01
2.3482e+01
2.3454e+01
2.3426e+01
2.3394e+01
2.3360e+01
2.3341e+01
2.3315e+01
2.3290e+01
2.3267e+01
2.3243e+01
2.3205e+01
2.3176e+01
2.3153e+01
2.3120e+01
2.3095e+01
2.3073e+01
2.3046e+01
2.3025e+01
2.2998e+01
2.2970e+01
2.2944e+01
2.2918e+01
2.2888e+01
2.2863e+01
2.2830e+01
2.2800e+01
2.2769e+01
2.2741e+01
2.2713e+01
2.2685e+01
2.2653e+01
2.2633e+01
2.2605e+01
2.2580e+01
2.2552e+01
2.2527e+01
2.2512e+01
2.2491e+01
2.2470e+01
2.2457e+01
2.2448e+01
2.2428e+01
2.2418e+01
2.2405e+01
2.2395e+01
2.2378e+01
2.2366e+01
2.2348e+01
2.2336e+01
2.2318e+01
2.2303e+01
2.2290e+01
2.2284e+01
2.2272e+01
2.2265e+01
2.2252e+01
2.2246e+01
2.2231e+01
2.2221e+01
2.2215e+01
2.2223e+01
2.2212e+01
2.2197e+01
2.2183e+01
2.2180e+01
2.2163e+01
2.2148e+01
2.2135e+01
2.2127e+01
2.2113e+01
2.2100e+01
2.2089e+01
2.2070e+01
2.2047e+01
2.2032e+01
2.2016e+01
2.1998e+01
2.1973e+01
2.1950e+01
2.1927e+01
2.1909e+01
2.1898e+01
2.1877e+01
2.1853e+01
2.1835e+01
2.1813e+01
2.1790e+01
2.1764e+01
2.1742e+01
2.1712e+01
2.1687e+01
2.1667e+01
2.1650e+01
2.1625e+01
2.1595e+01
2.1568e+01
2.1532e+01
2.1501e+01
2.1467e+01
2.1439e+01
2.1414e+01
2.1387e+01
2.1355e+01
2.1327e+01
2.1298e+01
2.1269e+01
2.1239e+01
2.1213e+01
2.1182e+01
2.1156e+01
2.1128e+01
2.1101e+01
2.1074e+01
2.1049e+01
2.1016e+01
2.0987e+01
2.0950e+01
2.0916e+01
2.0888e+01
2.0857e+01
2.0818e+01
2.0789e+01
2.0759e+01
2.0724e+01
2.0700e+01
2.0679e+01
2.0645e+01
2.0617e+01
2.0582e+01
2.0551e+01
2.0518e+01
2.0489e+01
2.0464e+01
2.0439e+01
2.0414e+01
2.0390e+01
2.0363e+01
2.0338e+01
2.0305e+01
2.0279e+01
2.0244e+01
2.0210e+01
2.0178e+01
2.0150e+01
2.0113e+01
2.0089e+01
2.0061e+01
2.0034e+01
2.0009e+01
1.9980e+01
1.9950e+01
1.9926e+01
1.9893e+01
1.9871e+01
1.9844e+01
1.9818e+01
1.9796e+01
1.9766e+01
1.9739e+01
1.9719e+01
1.9697e+01
1.9671e+01
1.9633e+01
1.9609e+01
1.9578e+01
1.9550e+01
1.9519e+01
1.9487e+01
1.9464e+01
1.9439e+01
1.9411e+01
1.9384e+01
1.9359e+01
1.9336e+01
1.9306e+01
1.9276e+01
1.9251e+01
1.9227e+01
1.9194e+01
1.9172e+01
1.9158e+01
1.9133e+01
1.9108e+01
1.9082e+01
1.9058e+01
1.9037e+01
1.9016e+01
1.8988e+01
1.8959e+01
1.8934e+01
1.8907e+01
1.8879e+01
1.8852e+01
1.8834e+01
1.8813e+01
1.8782e+01
1.8764e+01
1.8740e+01
1.8715e+01
1.8701e+01
1.8683e+01
1.8663e+01
1.8643e+01
1.8622e+01
1.8606e+01
1.8590e+01
1.8575e+01
1.8556e+01
1.8534e+01
1.8517e+01
1.8498e+01
1.8479e+01
1.8449e+01
1.8433e+01
1.8422e+01
1.8399e+01
1.8374e+01
1.8362e+01
1.8347e+01
1.8320e+01
1.8300e+01
1.8282e+01
1.8263e+01
1.8239e+01
1.8214e+01
1.8200e+01
1.8175e+01
1.8154e+01
1.8133e+01
1.8120e+01
1.8093e+01
1.8073e+01
1.8052e+01
1.8031e+01
1.8011e+01
1.7986e+01
1.7956e+01
1.7932e+01
1.7903e+01
1.7873e+01
1.7845e+01
1.7822e+01
1.7797e+01
1.7779e+01
1.7752e+01
1.7729e+01
1.7712e+01
1.7692e+01
1.7669e+01
1.7652e+01
1.7632e+01
1.7610e+01
1.7586e+01
1.7563e+01
1.7534e+01
1.7506e+01
1.7482e+01
1.7448e+01
1.7414e+01
1.7391e+01
1.7356e+01
1.7318e+01
1.7278e+01
1.7247e+01
1.7205e+01
1.7172e+01
1.7140e+01
1.7120e+01
1.7088e+01
1.7045e+01
1.7008e+01
1.6977e+01
1.6938e+01
1.6905e+01
1.6867e+01
1.6840e+01
1.6803e+01
1.6772e+01
1.6734e+01
1.6707e+01
1.6673e+01
1.6636e+01
1.6609e+01
1.6588e+01
1.6553e+01
1.6517e+01
1.6473e+01
1.6446e+01
1.6415e+01
1.6384e+01
1.6356e+01
1.6333e+01
1.6299e+01
1.6271e+01
1.6248e+01
1.6218e+01
1.6188e+01
1.6173e+01
1.6153e+01
1.6130e+01
1.6105e+01
1.6077e+01
1.6049e+01
1.6022e+01
1.5994e+01
1.5973e+01
1.5937e+01
1.5910e+01
1.5879e+01
1.5843e+01
1.5814e+01
1.5791e+01
1.5766e+01
1.5741e+01
1.5709e+01
1.5689e+01
1.5668e+01
1.5647e+01
1.5620e+01
1.5604e+01
1.5577e+01
1.5546e+01
1.5522e+01
1.5510e+01
1.5488e+01
1.5465e+01
1.5442e+01
1.5419e+01
1.5395e+01
1.5369e+01
1.5342e+01
1.5323e+01
1.5301e+01
1.5282e+01
1.5263e+01
1.5237e+01
1.5211e+01
1.5196e+01
1.5182e+01
1.5156e+01
1.5134e+01
1.5120e+01
1.5100e+01
1.5080e+01
1.5072e+01
1.5055e+01
1.5038e+01
1.5023e+01
1.5004e+01
1.4984e+01
1.4961e+01
1.4938e+01
1.4915e+01
1.4891e+01
1.4867e+01
1.4850e+01
1.4831e+01
1.4812e+01
1.4794e+01
1.4777e+01
1.4765e+01
1.4750e+01
1.4734e+01
1.4715e+01
1.4699e+01
1.4678e+01
1.4663e+01
1.4646e+01
1.4622e+01
1.4603e+01
1.4588e+01
1.4570e+01
1.4549e+01
1.4526e+01
1.4498e+01
1.4474e+01
1.4452e+01
1.4424e+01
1.4396e+01
1.4381e+01
1.4359e+01
1.4340e+01
1.4319e+01
1.4301e+01
1.4277e+01
1.4251e+01
1.4234e+01
1.4218e+01
1.4192e+01
1.4172e+01
1.4157e+01
1.4148e+01
1.4134e+01
1.4111e+01
1.4100e+01
1.4085e+01
1.4062e+01
1.4044e+01
1.4016e+01
1.3990e+01
1.3968e+01
1.3938e+01
1.3923e+01
1.3902e+01
1.3880e+01
1.3860e+01
1.3836e+01
1.3814e+01
1.3797e+01
1.3782e+01
1.3771e+01
1.3761e+01
1.3737e+01
1.3713e+01
1.3696e+01
1.3685e+01
1.3669e+01
1.3647e+01
1.3630e+01
1.3609e+01
1.3586e+01
1.3569e+01
1.3546e+01
1.3519e+01
1.3494e+01
1.3468e+01
1.3445e+01
1.3428e+01
1.3406e+01
1.3377e+01
1.3359e+01
1.3344e+01
1.3319e+01
1.3301e+01
1.3281e+01
1.3255e+01
1.3235e+01
1.3220e+01
1.3195e+01
1.3174e+01
1.3158e+01
1.3134e+01
1.3116e+01
1.3099e+01
1.3082e+01
1.3059e+01
1.3032e+01
1.3009e+01
1.2981e+01
1.2958e+01
1.2930e+01
1.2911e+01
1.2886e+01
1.2862e+01
1.2844e+01
1.2819e+01
1.2802e+01
1.2780e+01
1.2751e+01
1.2732e+01
1.2716e+01
1.2696e+01
1.2671e+01
1.2647e+01
1.2628e+01
1.2607e+01
1.2583e+01
1.2567e+01
1.2545e+01
1.2520e+01
1.2499e+01
1.2480e+01
1.2451e+01
1.2426e+01
1.2404e+01
1.2383e+01
1.2360e+01
1.2342e+01
1.2317e+01
1.2293e+01
1.2271e+01
1.2251e+01
1.2233e+01
1.2211e+01
1.2185e+01
1.2169e+01
1.2153e+01
1.2130e+01
1.2106e+01
1.2087e+01
1.2071e+01
1.2048e+01
1.2025e+01
1.2005e+01
1.1977e+01
1.1954e+01
1.1927e+01
1.1900e+01
1.1878e+01
1.1851e+01
1.1828e+01
1.1814e+01
1.1787e+01
1.1767e+01
1.1749e+01
1.1727e+01
1.1712e+01
1.1695e+01
1.1682e+01
1.1666e+01
1.1654e+01
1.1635e+01
1.1619e+01
1.1600e+01
1.1582e+01
1.1571e+01
1.1557e+01
1.1532e+01
1.1509e+01
1.1486e+01
1.1469e+01
1.1454e+01
1.1434e+01
1.1407e+01
1.1392e+01
1.1375e+01
1.1346e+01
1.1332e+01
1.1315e+01
1.1295e+01
1.1277e+01
1.1250e+01
1.1230e+01
1.1214e+01
1.1202e+01
1.1185e+01
1.1165e+01
1.1148e+01
1.1132e+01
1.1108e+01
1.1090e+01
1.1066e+01
1.1037e+01
1.1011e+01
1.0985e+01
1.0955e+01
1.0934e+01
1.0901e+01
1.0878e+01
1.0858e+01
1.0833e+01
1.0802e+01
1.0780e+01
1.0757e+01
1.0735e+01
1.0714e+01
1.0697e+01
1.0674e+01
1.0654e+01
1.0628e+01
1.0604e+01
1.0576e+01
1.0554e+01
1.0532e+01
1.0503e+01
1.0468e+01
1.0439e+01
1.0412e+01
1.0384e+01
1.0351e+01
1.0329e+01
1.0310e+01
1.0287e+01
1.0259e+01
1.0231e+01
1.0205e+01
1.0181e+01
1.0157e+01
1.0130e+01
1.0105e+01
1.0082e+01
1.0057e+01
1.0029e+01
1.0001e+01
9.9714e+00
9.9460e+00
9.9294e+00
9.9073e+00
9.8862e+00
9.8530e+00
9.8242e+00
9.7965e+00
9.7599e+00
9.7322e+00
9.7100e+00
9.6856e+00
9.6534e+00
9.6279e+00
9.6068e+00
9.5801e+00
9.5590e+00
9.5357e+00
9.5101e+00
9.4845e+00
9.4667e+00
9.4445e+00
9.4234e+00
9.4011e+00
9.3744e+00
9.3488e+00
9.3332e+00
9.3087e+00
9.2842e+00
9.2574e+00
9.2307e+00
9.2050e+00
9.1894e+00
9.1593e+00
9.1347e+00
9.1135e+00
9.0957e+00
9.0722e+00
9.0532e+00
9.0264e+00
9.0007e+00
8.9772e+00
8.9515e+00
8.9269e+00
8.9068e+00
8.8821e+00
8.8642e+00
8.8418e+00
8.8307e+00
8.8060e+00
8.7814e+00
8.7590e+00
8.7366e+00
8.7141e+00
8.6839e+00
8.6513e+00
8.6278e+00
8.5997e+00
8.5761e+00
8.5548e+00
8.5290e+00
8.5043e+00
8.4818e+00
8.4548e+00
8.4289e+00
8.4098e+00
8.3918e+00
8.3693e+00
8.3412e+00
8.3153e+00
8.2973e+00
8.2725e+00
8.2477e+00
8.2241e+00
8.1993e+00
8.1733e+00
8.1429e+00
8.1192e+00
8.0910e+00
8.0571e+00
8.0300e+00
8.0018e+00
7.9803e+00
7.9544e+00
7.9238e+00
7.9001e+00
7.8741e+00
7.8481e+00
7.8232e+00
7.8005e+00
7.7745e+00
7.7519e+00
7.7326e+00
7.7077e+00
7.6850e+00
7.6612e+00
7.6385e+00
7.6147e+00
7.5966e+00
7.5705e+00
7.5432e+00
7.5126e+00
7.4797e+00
7.4456e+00
7.4229e+00
7.3990e+00
7.3717e+00
7.3444e+00
7.3091e+00
7.2864e+00
7.2636e+00
7.2409e+00
7.2158e+00
7.1919e+00
7.1725e+00
7.1486e+00
7.1235e+00
7.0950e+00
7.0790e+00
7.0608e+00
7.0391e+00
7.0163e+00
6.9889e+00
6.9558e+00
6.9329e+00
6.9089e+00
6.8781e+00
6.8484e+00
6.8221e+00
6.7935e+00
6.7694e+00
6.7523e+00
6.7271e+00
6.7008e+00
6.6779e+00
6.6481e+00
6.6206e+00
6.5942e+00
6.5633e+00
6.5392e+00
6.5151e+00
6.4910e+00
6.4635e+00
6.4325e+00
6.4072e+00
6.3831e+00
6.3647e+00
6.3302e+00
6.3026e+00
6.2750e+00
6.2451e+00
6.2106e+00
6.1760e+00
6.1427e+00
6.1104e+00
6.0850e+00
6.0574e+00
6.0286e+00
6.0078e+00
5.9755e+00
5.9467e+00
5.9224e+00
5.8982e+00
5.8739e+00
5.8520e+00
5.8162e+00
5.7896e+00
5.7711e+00
5.7468e+00
5.7167e+00
5.6924e+00
5.6681e+00
5.6438e+00
5.6137e+00
5.5824e+00
5.5511e+00
5.5256e+00
5.4909e+00
5.4665e+00
5.4421e+00
5.4143e+00
5.3946e+00
5.3748e+00
5.3412e+00
5.3156e+00
5.2924e+00
5.2668e+00
5.2354e+00
5.2087e+00
5.1866e+00
5.1621e+00
5.1400e+00
5.1226e+00
5.0981e+00
5.0748e+00
5.0457e+00
5.0178e+00
4.9910e+00
4.9676e+00
4.9443e+00
4.9210e+00
4.8953e+00
4.8673e+00
4.8428e+00
4.8206e+00
4.8019e+00
4.7821e+00
4.7599e+00
4.7389e+00
4.7108e+00
4.6968e+00
4.6757e+00
4.6558e+00
4.6313e+00
4.6126e+00
4.5845e+00
4.5587e+00
4.5283e+00
4.4943e+00
4.4650e+00
4.4439e+00
4.4181e+00
4.3864e+00
4.3583e+00
4.3407e+00
4.3172e+00
4.2973e+00
4.2773e+00
4.2538e+00
4.2209e+00
4.2021e+00
4.1821e+00
4.1586e+00
4.1328e+00
4.1140e+00
4.0892e+00
4.0692e+00
4.0410e+00
4.0104e+00
3.9798e+00
3.9562e+00
3.9268e+00
3.8938e+00
3.8631e+00
3.8430e+00
3.8112e+00
3.7852e+00
3.7616e+00
3.7392e+00
3.7156e+00
3.6920e+00
3.6612e+00
3.6400e+00
3.6210e+00
3.5986e+00
3.5667e+00
3.5430e+00
3.5099e+00
3.4886e+00
3.4708e+00
3.4483e+00
3.4210e+00
3.3891e+00
3.3594e+00
3.3310e+00
3.3025e+00
3.2800e+00
3.2503e+00
3.2183e+00
3.1993e+00
3.1743e+00
3.1494e+00
3.1280e+00
3.1030e+00
3.0864e+00
3.0650e+00
3.0496e+00
3.0258e+00
