2.0429e+01
2.0394e+01
2.0379e+01
2.0354e+01
2.0322e+01
2.0295e+01
2.0280e+01
2.0252e+01
2.0229e+01
2.0204e+01
2.0186e+01
2.0163e+01
2.0140e+01
2.0122e+01
2.0094e+01
2.0067e+01
2.0045e+01
2.0021e+01
2.0002e+01
1.9974e+01
1.9948e+01
1.9925e+01
1.9893e+01
1.9864e+01
1.9842e+01
1.9816e+01
1.9788e+01
1.9758e+01
1.9730e+01
1.9709e+01
1.9681e+01
1.9650e+01
1.9624e+01
1.9605e+01
1.9581e+01
1.9556e+01
1.9527e+01
1.9503e+01
1.9482e+01
1.9456e+01
1.9431e+01
1.9411e+01
1.9387e+01
1.9366e+01
1.9338e+01
1.9312e+01
1.9286e+01
1.9265e+01
1.9236e+01
1.9208e+01
1.9176e+01
1.9157e+01
1.9138e+01
1.9114e+01
1.9085e+01
1.9068e+01
1.9039e+01
1.9015e+01
1.8988e+01
1.8962e+01
1.8932e+01
1.8908e+01
1.8881e+01
1.8855e+01
1.8823e+01
1.8796e+01
1.8760e+01
1.8732e+01
1.8696e+01
1.8668e+01
1.8639e+01
1.8605e+01
1.8577e+01
1.8544e+01
1.8507e+01
1.8477e+01
1.8440e+01
1.8413e+01
1.8384e+01
1.8347e+01
1.8315e+01
1.8279e+01
1.8244e+01
1.8211e+01
1.8184e+01
1.8146e+01
1.8120e+01
1.8077e+01
1.8051e+01
1.8036e+01
1.8019e+01
1.7983e+01
1.7960e+01
1.7944e+01
1.7935e+01
1.7908e+01
1.7903e+01
1.7876e+01
1.7860e+01
1.7842e+01
1.7834e+01
1.7817e+01
1.7816e+01
1.7805e+01
1.7797e+01
1.7781e+01
1.7779e+01
1.7764e+01
1.7756e+01
1.7747e+01
1.7753e+01
1.7744e+01
1.7749e+01
1.7737e+01
1.7734e+01
1.7730e+01
1.7732e+01
1.7725e+01
1.7722e+01
1.7722e+01
1.7722e+01
1.7711e+01
1.7710e+01
1.7698e+01
1.7686e+01
1.7674e+01
1.7670e+01
1.7654e+01
1.7648e+01
1.7642e+01
1.7629e+01
1.7612e+01
1.7603e+01
1.7594e+01
1.7581e+01
1.7566e+01
1.7559e+01
1.7547e+01
1.7538e+01
1.7526e+01
1.7501e+01
1.7485e+01
1.7472e+01
1.7451e+01
1.7430e+01
1.7414e+01
1.7393e+01
1.7377e+01
1.7354e+01
1.7323e+01
1.7295e+01
1.7273e+01
1.7244e+01
1.7224e+01
1.7198e+01
1.7173e+01
1.7145e+01
1.7115e+01
1.7090e+01
1.7070e+01
1.7034e+01
1.7005e+01
1.6984e+01
1.6961e+01
1.6933e+01
1.6905e+01
1.6876e+01
1.6848e+01
1.6817e+01
1.6786e+01
1.6765e+01
1.6743e+01
1.6718e+01
1.6695e+01
1.6659e+01
1.6624e+01
1.6592e+01
1.6565e+01
1.6525e+01
1.6499e+01
1.6477e+01
1.6448e+01
1.6415e+01
1.6385e+01
1.6357e+01
1.6326e+01
1.6300e+01
1.6276e+01
1.6245e+01
1.6216e+01
1.6186e+01
1.6156e+01
1.6123e+01
1.6098e+01
1.6071e+01
1.6047e+01
1.6015e+01
1.5981e+01
1.5950e+01
1.5920e+01
1.5886e+01
1.5862e+01
1.5837e+01
1.5803e+01
1.5766e+01
1.5737e+01
1.5703e+01
1.5670e+01
1.5648e+01
1.5620e+01
1.5589e+01
1.5560e+01
1.5529e+01
1.5501e+01
1.5470e+01
1.5445e+01
1.5416e+01
1.5384e+01
1.5359e+01
1.5335e+01
1.5303e+01
1.5277e+01
1.5249e+01
1.5210e+01
1.5173e+01
1.5140e+01
1.5115e+01
1.5084e+01
1.5057e+01
1.5029e+01
1.4996e+01
1.4965e+01
1.4937e+01
1.4916e+01
1.4892e+01
1.4868e+01
1.4840e+01
1.4815e+01
1.4790e+01
1.4781e+01
1.4759e+01
1.4731e+01
1.4709e+01
1.4686e+01
1.4659e+01
1.4636e+01
1.4617e+01
1.4595e+01
1.4565e+01
1.4547e+01
1.4514e+01
1.4487e+01
1.4469e+01
1.4450e+01
1.4422e+01
1.4398e+01
1.4369e+01
1.4350e+01
1.4324e+01
1.4299e+01
1.4277e+01
1.4262e+01
1.4240e+01
1.4212e+01
1.4191e+01
1.4172e+01
1.4146e+01
1.4126e+01
1.4100e+01
1.4073e+01
1.4044e+01
1.4022e+01
1.4001e+01
1.3970e+01
1.3941e+01
1.3916e+01
1.3886e+01
1.3857e+01
1.3842e+01
1.3822e+01
1.3792e+01
1.3770e+01
1.3747e+01
1.3723e+01
1.3700e+01
1.3679e+01
1.3655e+01
1.3629e+01
1.3607e+01
1.3584e+01
1.3560e+01
1.3542e+01
1.3526e+01
1.3501e+01
1.3479e+01
1.3463e+01
1.3443e+01
1.3420e+01
1.3394e+01
1.3371e+01
1.3347e+01
1.3321e+01
1.3296e+01
1.3272e+01
1.3242e+01
1.3217e+01
1.3194e+01
1.3167e+01
1.3138e+01
1.3118e+01
1.3093e+01
1.3072e+01
1.3052e+01
1.3022e+01
1.2991e+01
1.2967e+01
1.2942e+01
1.2914e+01
1.2888e+01
1.2866e+01
1.2840e+01
1.2816e+01
1.2793e+01
1.2763e+01
1.2735e+01
1.2705e+01
1.2682e+01
1.2651e+01
1.2625e+01
1.2596e+01
1.2565e+01
1.2541e+01
1.2510e+01
1.2478e+01
1.2451e+01
1.2420e+01
1.2390e+01
1.2365e+01
1.2337e+01
1.2310e+01
1.2282e+01
1.2251e+01
1.2226e+01
1.2199e+01
1.2168e+01
1.2143e+01
1.2110e+01
1.2086e+01
1.2057e+01
1.2032e+01
1.2003e+01
1.1968e+01
1.1935e+01
1.1903e+01
1.1875e+01
1.1845e+01
1.1813e+01
1.1779e+01
1.1753e+01
1.1723e+01
1.1689e+01
1.1666e+01
1.1642e+01
1.1613e+01
1.1584e+01
1.1553e+01
1.1528e+01
1.1500e+01
1.1467e+01
1.1436e+01
1.1410e+01
1.1382e+01
1.1354e+01
1.1326e+01
1.1307e+01
1.1274e+01
1.1238e+01
1.1210e+01
1.1182e+01
1.1150e+01
1.1125e+01
1.1094e+01
1.1060e+01
1.1028e+01
1.1003e+01
1.0981e+01
1.0948e+01
1.0919e+01
1.0890e+01
1.0860e+01
1.0837e+01
1.0809e+01
1.0775e+01
1.0749e+01
1.0731e+01
1.0709e+01
1.0677e+01
1.0647e+01
1.0622e+01
1.0594e+01
1.0564e+01
1.0532e+01
1.0503e+01
1.0477e+01
1.0451e+01
1.0432e+01
1.0409e+01
1.0384e+01
1.0364e+01
1.0351e+01
1.0322e+01
1.0303e+01
1.0286e+01
1.0266e+01
1.0241e+01
1.0221e+01
1.0195e+01
1.0178e+01
1.0150e+01
1.0125e+01
1.0099e+01
1.0070e+01
1.0042e+01
1.0015e+01
9.9815e+00
9.9591e+00
9.9331e+00
9.9119e+00
9.8895e+00
9.8659e+00
9.8363e+00
9.8174e+00
9.7962e+00
9.7808e+00
9.7678e+00
9.7548e+00
9.7323e+00
9.7229e+00
9.7099e+00
9.7028e+00
9.6850e+00
9.6933e+00
9.6862e+00
9.6838e+00
9.6649e+00
9.6685e+00
9.6614e+00
9.6661e+00
9.6637e+00
9.6767e+00
9.6744e+00
9.6862e+00
9.6874e+00
9.6992e+00
9.7040e+00
9.7276e+00
9.7382e+00
9.7501e+00
9.7583e+00
9.7725e+00
9.7832e+00
9.7950e+00
9.8092e+00
9.8174e+00
9.8245e+00
9.8292e+00
9.8434e+00
9.8493e+00
9.8599e+00
9.8635e+00
9.8718e+00
9.8706e+00
9.8812e+00
9.8918e+00
9.8965e+00
9.9001e+00
9.9048e+00
9.9095e+00
9.9048e+00
9.9024e+00
9.8930e+00
9.8954e+00
9.8895e+00
9.8812e+00
9.8623e+00
9.8623e+00
9.8540e+00
9.8340e+00
9.8127e+00
9.8033e+00
9.7773e+00
9.7595e+00
9.7347e+00
9.7087e+00
9.6862e+00
9.6661e+00
9.6341e+00
9.6081e+00
9.5821e+00
9.5643e+00
9.5382e+00
9.5098e+00
9.4885e+00
9.4600e+00
9.4375e+00
9.4209e+00
9.3865e+00
9.3568e+00
9.3283e+00
9.2962e+00
9.2666e+00
9.2452e+00
9.2095e+00
9.1631e+00
9.1322e+00
9.1001e+00
9.0656e+00
9.0346e+00
9.0024e+00
8.9607e+00
8.9202e+00
8.8904e+00
8.8570e+00
8.8248e+00
8.7949e+00
8.7627e+00
8.7257e+00
8.6922e+00
8.6623e+00
8.6265e+00
8.5930e+00
8.5595e+00
8.5296e+00
8.4972e+00
8.4661e+00
8.4314e+00
8.3942e+00
8.3594e+00
8.3247e+00
8.2875e+00
8.2527e+00
8.2154e+00
8.1806e+00
8.1494e+00
8.1193e+00
8.0869e+00
8.0628e+00
8.0388e+00
8.0159e+00
7.9906e+00
7.9750e+00
7.9569e+00
7.9316e+00
7.9148e+00
7.8967e+00
7.8786e+00
7.8581e+00
7.8280e+00
7.8063e+00
7.7846e+00
7.7617e+00
7.7291e+00
7.7086e+00
7.6832e+00
7.6627e+00
7.6361e+00
7.6228e+00
7.6047e+00
7.5938e+00
7.5745e+00
7.5588e+00
7.5515e+00
7.5491e+00
7.5515e+00
7.5564e+00
7.5576e+00
7.5781e+00
7.6144e+00
7.6603e+00
7.6977e+00
7.7677e+00
7.8376e+00
7.9364e+00
8.0460e+00
8.1914e+00
8.3355e+00
8.5224e+00
8.7090e+00
8.9369e+00
9.1322e+00
9.3995e+00
9.6495e+00
9.9414e+00
1.0221e+01
1.0549e+01
1.0858e+01
1.1184e+01
1.1579e+01
1.1935e+01
1.2373e+01
1.2772e+01
1.3241e+01
1.3687e+01
1.4156e+01
1.4622e+01
1.5155e+01
1.5662e+01
1.6310e+01
1.6873e+01
1.7422e+01
1.7908e+01
1.8415e+01
1.8894e+01
1.9415e+01
1.9839e+01
2.0311e+01
2.0705e+01
2.1165e+01
2.1599e+01
2.2098e+01
2.2581e+01
2.3069e+01
2.3523e+01
2.3951e+01
2.4353e+01
2.4738e+01
2.5131e+01
2.5505e+01
2.5890e+01
2.6219e+01
2.6540e+01
2.6832e+01
2.7119e+01
2.7371e+01
2.7631e+01
2.7858e+01
2.8110e+01
2.8325e+01
2.8571e+01
2.8771e+01
2.8954e+01
2.9097e+01
2.9231e+01
2.9357e+01
2.9492e+01
2.9600e+01
2.9716e+01
2.9810e+01
2.9891e+01
2.9946e+01
3.0003e+01
3.0009e+01
3.0021e+01
3.0023e+01
3.0030e+01
2.9985e+01
2.9964e+01
2.9919e+01
2.9901e+01
2.9851e+01
2.9822e+01
2.9773e+01
2.9721e+01
2.9660e+01
2.9611e+01
2.9541e+01
2.9483e+01
2.9423e+01
2.9368e+01
2.9298e+01
2.9239e+01
2.9149e+01
2.9070e+01
2.8981e+01
2.8895e+01
2.8797e+01
2.8706e+01
2.8604e+01
2.8508e+01
2.8399e+01
2.8307e+01
2.8193e+01
2.8093e+01
2.7991e+01
2.7894e+01
2.7797e+01
2.7701e+01
2.7600e+01
2.7503e+01
2.7415e+01
2.7316e+01
2.7223e+01
2.7138e+01
2.7040e+01
2.6943e+01
2.6855e+01
2.6760e+01
2.6670e+01
2.6579e+01
2.6484e+01
2.6404e+01
2.6324e+01
2.6235e+01
2.6142e+01
2.6060e+01
2.5972e+01
2.5884e+01
2.5798e+01
2.5708e+01
2.5631e+01
2.5556e+01
2.5480e+01
2.5397e+01
2.5325e+01
2.5248e+01
2.5177e+01
2.5098e+01
2.5028e+01
2.4959e+01
2.4895e+01
2.4820e+01
2.4757e+01
2.4689e+01
2.4623e+01
2.4562e+01
2.4500e+01
2.4429e+01
2.4367e+01
2.4303e+01
2.4243e+01
2.4182e+01
2.4115e+01
2.4062e+01
2.3999e+01
2.3940e+01
2.3877e+01
2.3809e+01
2.3756e+01
2.3705e+01
2.3642e+01
2.3576e+01
2.3521e+01
2.3469e+01
2.3413e+01
2.3351e+01
2.3299e+01
2.3247e+01
2.3193e+01
2.3130e+01
2.3081e+01
2.3027e+01
2.2980e+01
2.2932e+01
2.2884e+01
2.2823e+01
2.2766e+01
2.2707e+01
2.2646e+01
2.2590e+01
2.2546e+01
2.2485e+01
2.2439e+01
2.2385e+01
2.2344e+01
2.2293e+01
2.2249e+01
2.2193e+01
2.2141e+01
2.2094e+01
2.2047e+01
2.1998e+01
2.1951e+01
2.1902e+01
2.1861e+01
2.1818e+01
2.1775e+01
2.1738e+01
2.1688e+01
2.1647e+01
2.1613e+01
2.1567e+01
2.1519e+01
2.1473e+01
2.1432e+01
2.1392e+01
2.1342e+01
2.1305e+01
2.1259e+01
2.1211e+01
2.1171e+01
2.1137e+01
2.1088e+01
2.1050e+01
2.1012e+01
2.0971e+01
2.0931e+01
2.0893e+01
2.0856e+01
2.0819e+01
2.0784e+01
2.0752e+01
2.0720e+01
2.0678e+01
2.0648e+01
2.0620e+01
2.0579e+01
2.0542e+01
2.0494e+01
2.0451e+01
2.0412e+01
2.0380e+01
2.0343e+01
2.0295e+01
2.0259e+01
2.0214e+01
2.0173e+01
2.0138e+01
2.0105e+01
2.0066e+01
2.0029e+01
1.9994e+01
1.9950e+01
1.9916e+01
1.9880e+01
1.9841e+01
1.9804e+01
1.9771e+01
1.9733e+01
1.9692e+01
1.9657e+01
1.9623e+01
1.9584e+01
1.9546e+01
1.9519e+01
1.9481e+01
1.9438e+01
1.9392e+01
1.9357e+01
1.9321e+01
1.9277e+01
1.9243e+01
1.9211e+01
1.9172e+01
1.9134e+01
1.9105e+01
1.9081e+01
1.9059e+01
1.9039e+01
1.9008e+01
1.8982e+01
1.8961e+01
1.8948e+01
1.8927e+01
1.8903e+01
1.8888e+01
1.8874e+01
1.8855e+01
1.8847e+01
1.8835e+01
1.8820e+01
1.8803e+01
1.8792e+01
1.8775e+01
1.8756e+01
1.8739e+01
1.8719e+01
1.8698e+01
1.8679e+01
1.8657e+01
1.8647e+01
1.8622e+01
1.8602e+01
1.8583e+01
1.8562e+01
1.8537e+01
1.8521e+01
1.8501e+01
1.8476e+01
1.8453e+01
1.8435e+01
1.8414e+01
1.8404e+01
1.8384e+01
1.8366e+01
1.8339e+01
1.8327e+01
1.8306e+01
1.8287e+01
1.8263e+01
1.8231e+01
1.8207e+01
1.8177e+01
1.8155e+01
1.8133e+01
1.8102e+01
1.8076e+01
1.8060e+01
1.8037e+01
1.8010e+01
1.7981e+01
1.7954e+01
1.7918e+01
1.7883e+01
1.7854e+01
1.7827e+01
1.7792e+01
1.7757e+01
1.7721e+01
1.7690e+01
1.7652e+01
1.7617e+01
1.7586e+01
1.7547e+01
1.7500e+01
1.7461e+01
1.7423e+01
1.7380e+01
1.7338e+01
1.7302e+01
1.7269e+01
1.7236e+01
1.7202e+01
1.7166e+01
1.7137e+01
1.7109e+01
1.7084e+01
1.7065e+01
1.7042e+01
1.7017e+01
1.6984e+01
1.6947e+01
1.6913e+01
1.6877e+01
1.6842e+01
1.6810e+01
1.6773e+01
1.6733e+01
1.6685e+01
1.6646e+01
1.6606e+01
1.6573e+01
1.6538e+01
1.6502e+01
1.6480e+01
1.6467e+01
1.6441e+01
1.6426e+01
1.6405e+01
1.6390e+01
1.6370e+01
1.6349e+01
1.6316e+01
1.6285e+01
1.6258e+01
1.6226e+01
1.6191e+01
1.6164e+01
1.6133e+01
1.6099e+01
1.6063e+01
1.6027e+01
1.5992e+01
1.5957e+01
1.5912e+01
1.5872e+01
1.5838e+01
1.5800e+01
1.5760e+01
1.5727e+01
1.5684e+01
1.5650e+01
1.5614e+01
1.5576e+01
1.5541e+01
1.5514e+01
1.5482e+01
1.5445e+01
1.5411e+01
1.5377e+01
1.5341e+01
1.5308e+01
1.5275e+01
1.5239e+01
1.5203e+01
1.5170e+01
1.5130e+01
1.5087e+01
1.5049e+01
1.5011e+01
1.4971e+01
1.4934e+01
1.4901e+01
1.4868e+01
1.4828e+01
1.4794e+01
1.4757e+01
1.4724e+01
1.4688e+01
1.4653e+01
1.4620e+01
1.4596e+01
1.4563e+01
1.4530e+01
1.4495e+01
1.4467e+01
1.4439e+01
1.4407e+01
1.4377e+01
1.4343e+01
1.4306e+01
1.4273e+01
1.4240e+01
1.4205e+01
1.4168e+01
1.4132e+01
1.4096e+01
1.4064e+01
1.4032e+01
1.4003e+01
1.3966e+01
1.3935e+01
1.3906e+01
1.3871e+01
1.3835e+01
1.3805e+01
1.3780e+01
1.3749e+01
1.3716e+01
1.3686e+01
1.3656e+01
1.3621e+01
1.3585e+01
1.3553e+01
1.3515e+01
1.3480e+01
1.3455e+01
1.3422e+01
1.3382e+01
1.3350e+01
1.3322e+01
1.3292e+01
1.3263e+01
1.3222e+01
1.3187e+01
1.3161e+01
1.3129e+01
1.3095e+01
1.3064e+01
1.3037e+01
1.3014e+01
1.2993e+01
1.2970e+01
1.2949e+01
1.2929e+01
1.2905e+01
1.2885e+01
1.2879e+01
1.2864e+01
1.2863e+01
1.2855e+01
1.2865e+01
1.2873e+01
1.2896e+01
1.2906e+01
1.2942e+01
1.2976e+01
1.3017e+01
1.3061e+01
1.3113e+01
1.3166e+01
1.3228e+01
1.3292e+01
1.3375e+01
1.3457e+01
1.3532e+01
1.3606e+01
1.3694e+01
1.3779e+01
1.3856e+01
1.3933e+01
1.4012e+01
1.4080e+01
1.4156e+01
1.4221e+01
1.4297e+01
1.4364e+01
1.4437e+01
1.4507e+01
1.4572e+01
1.4647e+01
1.4721e+01
1.4791e+01
1.4859e+01
1.4929e+01
1.5008e+01
1.5070e+01
1.5125e+01
1.5188e+01
1.5256e+01
1.5317e+01
1.5367e+01
1.5425e+01
1.5476e+01
1.5531e+01
1.5581e+01
1.5618e+01
1.5658e+01
1.5689e+01
1.5718e+01
1.5751e+01
1.5786e+01
1.5804e+01
1.5818e+01
1.5830e+01
1.5849e+01
1.5854e+01
1.5859e+01
1.5858e+01
1.5858e+01
1.5865e+01
1.5864e+01
1.5861e+01
1.5853e+01
1.5839e+01
1.5822e+01
1.5797e+01
1.5780e+01
1.5759e+01
1.5732e+01
1.5709e+01
1.5688e+01
1.5663e+01
1.5636e+01
1.5592e+01
1.5544e+01
1.5503e+01
1.5461e+01
1.5419e+01
1.5375e+01
1.5324e+01
1.5279e+01
1.5235e+01
1.5190e+01
1.5143e+01
1.5086e+01
1.5048e+01
1.5003e+01
1.4956e+01
1.4916e+01
1.4861e+01
1.4809e+01
1.4767e+01
1.4715e+01
1.4667e+01
1.4622e+01
1.4583e+01
1.4533e+01
1.4487e+01
1.4444e+01
1.4396e+01
1.4344e+01
1.4295e+01
1.4245e+01
1.4194e+01
1.4140e+01
1.4096e+01
1.4045e+01
1.4004e+01
1.3961e+01
1.3916e+01
1.3856e+01
1.3816e+01
1.3779e+01
1.3736e+01
1.3686e+01
1.3648e+01
1.3607e+01
1.3570e+01
1.3526e+01
1.3489e+01
1.3448e+01
1.3414e+01
1.3373e+01
1.3333e+01
1.3293e+01
1.3252e+01
1.3205e+01
1.3165e+01
1.3121e+01
1.3082e+01
1.3037e+01
1.2993e+01
1.2950e+01
1.2911e+01
1.2867e+01
1.2834e+01
1.2790e+01
1.2752e+01
1.2717e+01
1.2676e+01
1.2635e+01
1.2606e+01
1.2567e+01
1.2527e+01
1.2490e+01
1.2458e+01
1.2420e+01
1.2381e+01
1.2344e+01
1.2304e+01
1.2269e+01
1.2238e+01
1.2198e+01
1.2177e+01
1.2133e+01
1.2093e+01
1.2057e+01
1.2020e+01
1.1977e+01
1.1943e+01
1.1900e+01
1.1863e+01
1.1827e+01
1.1789e+01
1.1750e+01
1.1721e+01
1.1681e+01
1.1646e+01
1.1616e+01
1.1580e+01
1.1542e+01
1.1511e+01
1.1482e+01
1.1449e+01
1.1412e+01
1.1377e+01
1.1350e+01
1.1323e+01
1.1290e+01
1.1256e+01
1.1217e+01
1.1179e+01
1.1151e+01
1.1116e+01
1.1071e+01
1.1041e+01
1.1001e+01
1.0967e+01
1.0938e+01
1.0905e+01
1.0870e+01
1.0835e+01
1.0800e+01
1.0767e+01
1.0735e+01
1.0705e+01
1.0677e+01
1.0647e+01
1.0613e+01
1.0580e+01
1.0551e+01
1.0526e+01
1.0496e+01
1.0470e+01
1.0436e+01
1.0404e+01
1.0371e+01
1.0339e+01
1.0306e+01
1.0263e+01
1.0224e+01
1.0195e+01
1.0163e+01
1.0134e+01
1.0102e+01
1.0065e+01
1.0032e+01
1.0004e+01
9.9732e+00
9.9414e+00
9.9119e+00
9.8847e+00
9.8576e+00
9.8245e+00
9.7879e+00
9.7536e+00
9.7205e+00
9.6921e+00
9.6590e+00
9.6306e+00
9.5998e+00
9.5678e+00
9.5394e+00
9.5051e+00
9.4778e+00
9.4446e+00
9.4102e+00
9.3793e+00
9.3497e+00
9.3129e+00
9.2844e+00
9.2547e+00
9.2321e+00
9.2071e+00
9.1822e+00
9.1501e+00
9.1298e+00
9.1037e+00
9.0822e+00
9.0632e+00
9.0370e+00
9.0144e+00
8.9953e+00
8.9739e+00
8.9512e+00
8.9190e+00
8.8999e+00
8.8773e+00
8.8522e+00
8.8284e+00
8.8069e+00
8.7818e+00
8.7663e+00
8.7484e+00
8.7257e+00
8.7078e+00
8.6922e+00
8.6851e+00
8.6719e+00
8.6647e+00
8.6623e+00
8.6659e+00
8.6671e+00
8.6743e+00
8.6827e+00
8.6970e+00
8.7149e+00
8.7340e+00
8.7627e+00
8.7854e+00
8.8367e+00
8.8797e+00
8.9286e+00
8.9834e+00
9.0489e+00
9.1001e+00
9.1572e+00
9.2119e+00
9.2701e+00
9.3188e+00
9.3817e+00
9.4375e+00
9.4956e+00
9.5560e+00
9.6140e+00
9.6850e+00
9.7501e+00
9.8292e+00
9.8977e+00
9.9662e+00
1.0022e+01
1.0084e+01
1.0137e+01
1.0203e+01
1.0249e+01
1.0308e+01
1.0349e+01
1.0402e+01
1.0443e+01
1.0487e+01
1.0526e+01
1.0562e+01
1.0587e+01
1.0615e+01
1.0635e+01
1.0667e+01
1.0687e+01
1.0709e+01
1.0728e+01
1.0757e+01
1.0779e+01
1.0797e+01
1.0812e+01
1.0818e+01
1.0822e+01
1.0826e+01
1.0821e+01
1.0826e+01
1.0825e+01
1.0828e+01
1.0813e+01
1.0811e+01
1.0792e+01
1.0768e+01
1.0744e+01
1.0716e+01
1.0677e+01
1.0649e+01
1.0622e+01
1.0583e+01
1.0542e+01
1.0511e+01
1.0473e+01
1.0437e+01
1.0404e+01
1.0369e+01
1.0326e+01
1.0286e+01
1.0256e+01
1.0211e+01
1.0165e+01
1.0131e+01
1.0089e+01
1.0042e+01
9.9980e+00
9.9532e+00
9.9131e+00
9.8623e+00
9.8068e+00
9.7643e+00
9.7158e+00
9.6696e+00
9.6259e+00
9.5821e+00
9.5359e+00
9.4849e+00
9.4363e+00
9.3924e+00
9.3473e+00
9.3081e+00
9.2689e+00
9.2238e+00
9.1762e+00
9.1358e+00
9.0941e+00
9.0513e+00
9.0132e+00
8.9786e+00
8.9274e+00
8.8677e+00
8.8176e+00
8.7723e+00
8.7197e+00
8.6719e+00
8.6289e+00
8.5810e+00
8.5391e+00
8.4996e+00
8.4601e+00
8.4182e+00
8.3786e+00
8.3451e+00
8.3055e+00
8.2671e+00
8.2419e+00
8.2070e+00
8.1614e+00
8.1301e+00
8.0965e+00
8.0652e+00
8.0231e+00
7.9858e+00
7.9509e+00
7.9051e+00
7.8678e+00
7.8304e+00
7.7906e+00
7.7544e+00
7.7194e+00
7.6905e+00
7.6566e+00
7.6252e+00
7.5914e+00
7.5684e+00
7.5443e+00
7.5177e+00
7.4838e+00
7.4584e+00
7.4378e+00
7.4160e+00
7.3882e+00
7.3603e+00
7.3385e+00
7.3130e+00
7.2924e+00
7.2743e+00
7.2549e+00
7.2342e+00
7.2136e+00
7.2051e+00
7.1857e+00
7.1760e+00
7.1675e+00
7.1602e+00
7.1469e+00
7.1408e+00
7.1335e+00
7.1384e+00
7.1347e+00
7.1287e+00
7.1262e+00
7.1287e+00
7.1202e+00
7.1274e+00
7.1202e+00
7.1202e+00
7.1189e+00
7.1141e+00
7.1032e+00
7.1032e+00
7.1056e+00
7.0910e+00
7.0740e+00
7.0655e+00
7.0533e+00
7.0412e+00
7.0339e+00
7.0254e+00
7.0132e+00
7.0108e+00
6.9999e+00
6.9901e+00
6.9792e+00
6.9670e+00
6.9524e+00
6.9391e+00
6.9245e+00
6.9111e+00
6.8965e+00
6.8892e+00
6.8806e+00
6.8636e+00
6.8441e+00
6.8271e+00
6.8088e+00
6.7869e+00
6.7661e+00
6.7466e+00
6.7247e+00
6.7052e+00
6.6820e+00
6.6625e+00
6.6369e+00
6.6210e+00
6.5990e+00
6.5710e+00
6.5478e+00
6.5282e+00
6.5099e+00
6.4903e+00
6.4622e+00
6.4402e+00
6.4170e+00
6.4023e+00
6.3742e+00
6.3534e+00
6.3338e+00
6.3154e+00
6.2848e+00
6.2530e+00
6.2309e+00
6.2027e+00
6.1819e+00
6.1610e+00
6.1328e+00
6.1046e+00
6.0838e+00
6.0629e+00
6.0383e+00
6.0126e+00
5.9966e+00
5.9794e+00
5.9659e+00
5.9475e+00
5.9278e+00
5.9069e+00
5.8946e+00
5.8712e+00
5.8503e+00
5.8245e+00
5.8036e+00
5.7740e+00
5.7408e+00
5.7137e+00
5.6952e+00
5.6669e+00
5.6398e+00
5.6114e+00
5.5831e+00
5.5534e+00
5.5325e+00
5.5103e+00
5.4868e+00
5.4609e+00
5.4498e+00
5.4325e+00
5.4090e+00
5.3942e+00
5.3818e+00
5.3682e+00
5.3583e+00
5.3472e+00
5.3336e+00
5.3126e+00
5.2990e+00
5.2878e+00
5.2779e+00
5.2693e+00
5.2668e+00
5.2643e+00
5.2569e+00
5.2631e+00
5.2656e+00
5.2606e+00
5.2606e+00
5.2680e+00
5.2718e+00
5.2779e+00
5.2866e+00
5.3014e+00
5.3052e+00
5.3138e+00
5.3274e+00
5.3361e+00
5.3497e+00
5.3633e+00
5.3707e+00
5.3732e+00
5.3793e+00
5.3917e+00
5.4003e+00
5.4090e+00
5.4152e+00
5.4337e+00
5.4374e+00
5.4473e+00
5.4436e+00
5.4448e+00
5.4436e+00
5.4584e+00
5.4522e+00
5.4547e+00
5.4572e+00
5.4683e+00
5.4633e+00
5.4646e+00
5.4683e+00
5.4757e+00
5.4745e+00
5.4695e+00
5.4584e+00
5.4485e+00
5.4362e+00
5.4251e+00
5.4065e+00
5.3979e+00
5.3892e+00
5.3732e+00
5.3497e+00
5.3311e+00
5.3126e+00
5.2940e+00
5.2705e+00
5.2557e+00
5.2322e+00
5.2111e+00
5.1925e+00
5.1653e+00
5.1405e+00
5.1269e+00
5.1083e+00
5.0848e+00
5.0662e+00
5.0339e+00
5.0029e+00
4.9707e+00
4.9396e+00
4.9123e+00
4.8813e+00
4.8403e+00
4.8117e+00
4.7843e+00
4.7483e+00
4.7147e+00
4.6811e+00
4.6425e+00
4.6089e+00
4.5777e+00
4.5503e+00
4.5154e+00
4.4843e+00
4.4531e+00
4.4219e+00
4.3894e+00
4.3545e+00
4.3283e+00
4.3020e+00
4.2583e+00
4.2245e+00
4.2008e+00
4.1645e+00
4.1282e+00
4.0944e+00
4.0644e+00
4.0268e+00
3.9967e+00
3.9679e+00
3.9403e+00
3.9102e+00
3.8839e+00
3.8726e+00
3.8575e+00
3.8224e+00
3.8098e+00
3.7872e+00
3.7722e+00
3.7558e+00
3.7445e+00
3.7257e+00
3.7119e+00
3.6880e+00
3.6804e+00
3.6641e+00
3.6578e+00
3.6515e+00
3.6440e+00
3.6289e+00
3.6201e+00
3.6062e+00
3.5974e+00
3.5798e+00
3.5723e+00
3.5572e+00
3.5408e+00
3.5333e+00
3.5207e+00
3.5018e+00
3.4930e+00
3.4804e+00
3.4665e+00
3.4539e+00
3.4312e+00
3.4148e+00
3.3922e+00
3.3644e+00
3.3505e+00
3.3354e+00
3.3127e+00
3.2925e+00
3.2673e+00
3.2546e+00
3.2344e+00
3.2105e+00
3.1865e+00
3.1713e+00
3.1511e+00
3.1334e+00
3.1169e+00
3.0955e+00
3.0803e+00
3.0600e+00
3.0347e+00
3.0120e+00
2.9829e+00
2.9499e+00
2.9233e+00
2.8942e+00
2.8600e+00
2.8283e+00
2.7890e+00
2.7649e+00
2.7383e+00
2.7103e+00
2.6786e+00
2.6494e+00
2.6202e+00
2.5986e+00
2.5693e+00
2.5388e+00
2.5147e+00
2.4943e+00
2.4689e+00
2.4422e+00
2.4180e+00
2.3887e+00
2.3581e+00
2.3314e+00
2.2982e+00
2.2740e+00
2.2396e+00
2.2039e+00
2.1682e+00
2.1375e+00
2.1082e+00
2.0750e+00
2.0418e+00
2.0149e+00
1.9906e+00
1.9536e+00
1.9216e+00
1.8998e+00
1.8653e+00
1.8410e+00
1.8205e+00
1.7949e+00
1.7641e+00
1.7436e+00
1.7231e+00
1.6987e+00
1.6782e+00
1.6551e+00
1.6308e+00
1.5987e+00
1.5640e+00
1.5384e+00
1.5050e+00
1.4780e+00
1.4446e+00
1.4240e+00
1.4034e+00
1.3764e+00
1.3481e+00
1.3263e+00
1.3044e+00
1.2864e+00
1.2645e+00
1.2452e+00
1.2246e+00
1.2104e+00
1.1924e+00
1.1782e+00
1.1511e+00
1.1369e+00
1.1137e+00
1.1021e+00
1.0866e+00
1.0737e+00
1.0608e+00
1.0531e+00
1.0428e+00
1.0273e+00
1.0118e+00
1.0002e+00
9.8470e-01
9.7179e-01
9.6145e-01
9.4725e-01
9.3562e-01
9.3433e-01
9.2271e-01
9.1237e-01
9.0203e-01
9.0332e-01
9.0849e-01
9.0462e-01
9.0332e-01
9.0849e-01
9.1366e-01
9.1366e-01
9.0332e-01
8.9686e-01
9.0591e-01
8.9816e-01
8.9428e-01
8.9428e-01
8.9945e-01
8.9169e-01
8.8782e-01
8.8265e-01
8.8394e-01
8.8394e-01
8.7877e-01
8.5938e-01
8.4775e-01
8.4258e-01
8.3223e-01
8.2059e-01
8.1283e-01
7.9343e-01
7.8438e-01
7.8179e-01
7.7144e-01
7.6109e-01
7.5203e-01
7.3780e-01
7.2744e-01
7.1320e-01
7.0673e-01
6.9378e-01
6.7695e-01
6.6141e-01
6.5104e-01
6.3679e-01
6.2513e-01
6.0699e-01
5.9014e-01
5.6552e-01
5.4477e-01
5.2532e-01
5.0456e-01
4.7992e-01
4.5136e-01
4.2800e-01
4.0982e-01
3.8385e-01
3.5787e-01
3.3189e-01
3.0200e-01
2.7340e-01
2.4869e-01
2.3049e-01
2.0707e-01
1.8495e-01
1.5502e-01
1.1987e-01
9.7727e-02
7.6886e-02
5.3435e-02
2.8676e-02
0000
