8.7922e+00
8.7774e+00
8.7675e+00
8.7626e+00
8.7527e+00
8.7428e+00
8.7428e+00
8.7230e+00
8.7082e+00
8.7033e+00
8.6835e+00
8.6736e+00
8.6588e+00
8.6439e+00
8.6341e+00
8.6143e+00
8.5945e+00
8.5846e+00
8.5698e+00
8.5549e+00
8.5401e+00
8.5252e+00
8.5104e+00
8.4906e+00
8.4758e+00
8.4659e+00
8.4560e+00
8.4312e+00
8.4164e+00
8.4015e+00
8.3867e+00
8.3669e+00
8.3520e+00
8.3371e+00
8.3272e+00
8.3074e+00
8.2975e+00
8.2827e+00
8.2678e+00
8.2529e+00
8.2381e+00
8.2282e+00
8.2133e+00
8.1984e+00
8.1786e+00
8.1588e+00
8.1538e+00
8.1390e+00
8.1191e+00
8.1043e+00
8.0943e+00
8.0844e+00
8.0646e+00
8.0448e+00
8.0299e+00
8.0200e+00
8.0051e+00
8.0001e+00
7.9803e+00
7.9654e+00
7.9604e+00
7.9406e+00
7.9257e+00
7.9058e+00
7.9009e+00
7.8860e+00
7.8711e+00
7.8562e+00
7.8512e+00
7.8364e+00
7.8264e+00
7.8066e+00
7.7867e+00
7.7768e+00
7.7569e+00
7.7519e+00
7.7271e+00
7.7023e+00
7.6923e+00
7.6725e+00
7.6575e+00
7.6327e+00
7.6078e+00
7.5929e+00
7.5681e+00
7.5482e+00
7.5383e+00
7.5233e+00
7.5134e+00
7.4985e+00
7.4935e+00
7.4736e+00
7.4587e+00
7.4438e+00
7.4288e+00
7.4040e+00
7.3990e+00
7.3791e+00
7.3691e+00
7.3592e+00
7.3492e+00
7.3343e+00
7.3194e+00
7.3044e+00
7.2945e+00
7.2795e+00
7.2746e+00
7.2596e+00
7.2397e+00
7.2248e+00
7.2098e+00
7.1949e+00
7.1799e+00
7.1650e+00
7.1600e+00
7.1401e+00
7.1351e+00
7.1202e+00
7.1052e+00
7.0952e+00
7.0803e+00
7.0653e+00
7.0454e+00
7.0305e+00
7.0255e+00
7.0055e+00
6.9856e+00
6.9756e+00
6.9656e+00
6.9557e+00
6.9507e+00
6.9208e+00
6.9058e+00
6.9058e+00
6.8908e+00
6.8858e+00
6.8809e+00
6.8759e+00
6.8709e+00
6.8559e+00
6.8609e+00
6.8459e+00
6.8459e+00
6.8360e+00
6.8360e+00
6.8310e+00
6.8310e+00
6.8409e+00
6.8409e+00
6.8559e+00
6.8509e+00
6.8659e+00
6.8709e+00
6.8858e+00
6.8759e+00
6.8958e+00
6.8908e+00
6.9108e+00
6.9108e+00
6.9357e+00
6.9407e+00
6.9607e+00
6.9656e+00
6.9906e+00
7.0005e+00
7.0255e+00
7.0305e+00
7.0703e+00
7.0753e+00
7.1052e+00
7.1102e+00
7.1401e+00
7.1401e+00
7.1600e+00
7.1750e+00
7.1849e+00
7.1949e+00
7.2148e+00
7.2347e+00
7.2497e+00
7.2596e+00
7.2746e+00
7.2895e+00
7.3044e+00
7.3044e+00
7.3194e+00
7.3343e+00
7.3393e+00
7.3592e+00
7.3642e+00
7.3691e+00
7.3691e+00
7.3791e+00
7.3791e+00
7.3890e+00
7.3890e+00
7.3890e+00
7.3890e+00
7.3940e+00
7.3841e+00
7.3841e+00
7.3691e+00
7.3642e+00
7.3642e+00
7.3542e+00
7.3492e+00
7.3442e+00
7.3293e+00
7.3194e+00
7.3094e+00
7.3094e+00
7.2945e+00
7.2895e+00
7.2696e+00
7.2596e+00
7.2497e+00
7.2497e+00
7.2347e+00
7.2248e+00
7.2148e+00
7.1999e+00
7.1750e+00
7.1750e+00
7.1550e+00
7.1451e+00
7.1202e+00
7.1102e+00
7.1002e+00
7.0903e+00
7.0803e+00
7.0703e+00
7.0504e+00
7.0404e+00
7.0255e+00
7.0155e+00
6.9906e+00
6.9756e+00
6.9557e+00
6.9357e+00
6.9158e+00
6.9008e+00
6.8858e+00
6.8709e+00
6.8409e+00
6.8310e+00
6.8160e+00
6.8060e+00
6.7861e+00
6.7611e+00
6.7561e+00
6.7361e+00
6.7162e+00
6.7012e+00
6.6862e+00
6.6612e+00
6.6363e+00
6.6363e+00
6.6063e+00
6.5963e+00
6.5813e+00
6.5613e+00
6.5364e+00
6.5214e+00
6.5064e+00
6.4914e+00
6.4764e+00
6.4564e+00
6.4364e+00
6.4214e+00
6.3914e+00
6.3764e+00
6.3614e+00
6.3414e+00
6.3164e+00
6.3014e+00
6.2913e+00
6.2663e+00
6.2613e+00
6.2513e+00
6.2313e+00
6.2113e+00
6.1863e+00
6.1712e+00
6.1562e+00
6.1362e+00
6.1212e+00
6.1011e+00
6.0711e+00
6.0611e+00
6.0511e+00
6.0360e+00
6.0160e+00
6.0010e+00
5.9909e+00
5.9809e+00
5.9609e+00
5.9408e+00
5.9358e+00
5.9158e+00
5.9007e+00
5.8957e+00
5.8706e+00
5.8656e+00
5.8456e+00
5.8355e+00
5.8155e+00
5.8054e+00
5.7954e+00
5.7804e+00
5.7703e+00
5.7653e+00
5.7453e+00
5.7302e+00
5.7202e+00
5.7051e+00
5.6951e+00
5.6800e+00
5.6650e+00
5.6499e+00
5.6449e+00
5.6298e+00
5.6047e+00
5.5947e+00
5.5796e+00
5.5746e+00
5.5595e+00
5.5445e+00
5.5344e+00
5.5194e+00
5.4993e+00
5.4892e+00
5.4742e+00
5.4641e+00
5.4490e+00
5.4289e+00
5.4189e+00
5.4088e+00
5.3837e+00
5.3737e+00
5.3686e+00
5.3536e+00
5.3435e+00
5.3284e+00
5.3184e+00
5.3033e+00
5.2932e+00
5.2832e+00
5.2631e+00
5.2480e+00
5.2379e+00
5.2279e+00
5.2128e+00
5.2027e+00
5.1876e+00
5.1775e+00
5.1625e+00
5.1474e+00
5.1423e+00
5.1272e+00
5.1071e+00
5.0970e+00
5.0920e+00
5.0870e+00
5.0668e+00
5.0467e+00
5.0366e+00
5.0266e+00
5.0064e+00
4.9963e+00
4.9913e+00
4.9762e+00
4.9561e+00
4.9460e+00
4.9309e+00
4.9208e+00
4.9107e+00
4.9006e+00
4.8855e+00
4.8704e+00
4.8553e+00
4.8452e+00
4.8301e+00
4.8150e+00
4.8049e+00
4.7847e+00
4.7696e+00
4.7646e+00
4.7595e+00
4.7494e+00
4.7293e+00
4.7041e+00
4.6940e+00
4.6839e+00
4.6789e+00
4.6637e+00
4.6486e+00
4.6385e+00
4.6183e+00
4.6082e+00
4.5981e+00
4.5830e+00
4.5679e+00
4.5628e+00
4.5527e+00
4.5325e+00
4.5174e+00
4.5073e+00
4.5022e+00
4.4871e+00
4.4720e+00
4.4568e+00
4.4518e+00
4.4316e+00
4.4316e+00
4.4114e+00
4.4114e+00
4.3962e+00
4.3861e+00
4.3760e+00
4.3659e+00
4.3558e+00
4.3406e+00
4.3255e+00
4.3204e+00
4.3002e+00
4.2800e+00
4.2648e+00
4.2547e+00
4.2396e+00
4.2345e+00
4.2244e+00
4.2092e+00
4.1941e+00
4.1739e+00
4.1688e+00
4.1637e+00
4.1486e+00
4.1334e+00
4.1182e+00
4.1081e+00
4.0929e+00
4.0778e+00
4.0676e+00
4.0626e+00
4.0474e+00
4.0322e+00
4.0221e+00
4.0019e+00
3.9867e+00
3.9664e+00
3.9563e+00
3.9513e+00
3.9411e+00
3.9259e+00
3.9057e+00
3.9006e+00
3.8854e+00
3.8702e+00
3.8601e+00
3.8449e+00
3.8348e+00
3.8095e+00
3.8044e+00
3.7993e+00
3.7892e+00
3.7791e+00
3.7639e+00
3.7537e+00
3.7385e+00
3.7335e+00
3.7284e+00
3.7183e+00
3.7081e+00
3.7031e+00
3.6929e+00
3.6879e+00
3.6777e+00
3.6676e+00
3.6575e+00
3.6473e+00
3.6372e+00
3.6321e+00
3.6220e+00
3.6118e+00
3.6017e+00
3.5966e+00
3.5915e+00
3.5865e+00
3.5713e+00
3.5713e+00
3.5510e+00
3.5459e+00
3.5358e+00
3.5307e+00
3.5307e+00
3.5205e+00
3.5155e+00
3.5053e+00
3.4952e+00
3.4850e+00
3.4799e+00
3.4850e+00
3.4749e+00
3.4698e+00
3.4647e+00
3.4749e+00
3.4647e+00
3.4495e+00
3.4546e+00
3.4495e+00
3.4444e+00
3.4444e+00
3.4343e+00
3.4343e+00
3.4343e+00
3.4292e+00
3.4241e+00
3.4241e+00
3.4191e+00
3.4191e+00
3.4191e+00
3.4191e+00
3.4140e+00
3.4038e+00
3.4038e+00
3.4038e+00
3.4089e+00
3.3988e+00
3.3988e+00
3.4140e+00
3.3835e+00
3.4089e+00
3.3835e+00
3.3734e+00
3.3988e+00
3.3784e+00
3.3734e+00
3.3734e+00
3.3784e+00
3.3734e+00
3.3784e+00
3.3683e+00
3.3581e+00
3.3581e+00
3.3632e+00
3.3531e+00
3.3581e+00
3.3429e+00
3.3480e+00
3.3226e+00
3.3480e+00
3.3480e+00
3.3683e+00
3.3124e+00
3.2820e+00
3.3378e+00
3.3277e+00
3.3328e+00
3.3328e+00
3.3429e+00
3.3632e+00
3.3581e+00
3.3734e+00
3.3683e+00
3.3734e+00
3.3988e+00
3.3937e+00
3.4191e+00
3.4089e+00
3.4495e+00
3.4495e+00
3.4089e+00
3.5002e+00
3.5053e+00
3.4952e+00
3.5256e+00
3.5256e+00
3.5662e+00
3.5510e+00
3.6017e+00
3.5459e+00
3.6017e+00
3.6828e+00
3.6473e+00
3.6727e+00
3.6929e+00
3.7132e+00
3.7385e+00
3.7588e+00
3.7841e+00
3.8095e+00
3.8297e+00
3.8652e+00
3.8905e+00
3.9209e+00
3.9715e+00
3.9766e+00
4.0373e+00
4.0423e+00
4.0929e+00
4.1536e+00
4.1840e+00
4.2345e+00
4.2648e+00
4.3154e+00
4.3558e+00
4.4013e+00
4.4417e+00
4.4972e+00
4.4821e+00
4.5780e+00
4.6688e+00
4.6385e+00
4.6990e+00
4.7293e+00
4.7747e+00
4.8150e+00
4.8402e+00
4.8956e+00
4.9510e+00
4.9661e+00
5.0366e+00
5.0517e+00
5.1373e+00
5.1725e+00
5.2077e+00
5.2882e+00
5.3485e+00
5.4139e+00
5.4943e+00
5.5696e+00
5.5997e+00
5.6951e+00
5.7453e+00
5.7503e+00
5.8255e+00
5.8305e+00
5.8857e+00
5.8606e+00
5.9158e+00
6.0060e+00
5.9909e+00
6.0160e+00
6.0410e+00
6.0561e+00
6.0661e+00
6.0761e+00
6.0911e+00
6.1112e+00
6.1112e+00
6.1262e+00
6.1212e+00
6.1212e+00
6.1112e+00
6.1162e+00
6.1061e+00
6.1112e+00
6.1112e+00
6.0511e+00
6.1011e+00
6.1112e+00
6.0460e+00
6.0811e+00
6.0410e+00
6.0410e+00
6.0160e+00
6.0210e+00
5.9709e+00
6.0410e+00
5.9959e+00
5.9057e+00
5.9208e+00
5.8957e+00
5.8706e+00
5.8456e+00
5.8205e+00
5.8255e+00
5.7954e+00
5.7603e+00
5.7603e+00
5.7202e+00
5.7202e+00
5.6850e+00
5.6750e+00
5.6800e+00
5.6349e+00
5.6399e+00
5.5997e+00
5.5947e+00
5.5746e+00
5.5847e+00
5.5696e+00
5.5545e+00
5.5696e+00
5.5445e+00
5.5595e+00
5.5244e+00
5.5796e+00
5.5194e+00
5.4742e+00
5.5395e+00
5.5093e+00
5.5143e+00
5.5043e+00
5.4943e+00
5.4792e+00
5.4691e+00
5.4641e+00
5.4490e+00
5.4239e+00
5.4139e+00
5.3938e+00
5.3636e+00
5.3586e+00
5.3033e+00
5.3385e+00
5.2932e+00
5.2429e+00
5.2681e+00
5.2178e+00
5.2077e+00
5.1775e+00
5.1725e+00
5.1373e+00
5.1222e+00
5.0920e+00
5.1423e+00
5.0467e+00
4.9712e+00
5.0165e+00
4.9762e+00
4.9661e+00
4.9409e+00
4.9158e+00
4.8906e+00
4.8755e+00
4.8553e+00
4.8301e+00
4.8200e+00
4.7898e+00
4.7747e+00
4.7545e+00
4.7293e+00
4.6889e+00
4.6940e+00
4.6637e+00
4.6385e+00
4.6183e+00
4.5880e+00
4.5880e+00
4.5426e+00
4.5376e+00
4.5022e+00
4.5022e+00
4.4215e+00
4.4871e+00
4.5022e+00
4.3912e+00
4.3912e+00
4.3710e+00
4.3507e+00
4.3305e+00
4.3103e+00
4.2901e+00
4.2800e+00
4.2497e+00
4.2396e+00
4.2143e+00
4.1941e+00
4.1739e+00
4.1536e+00
4.1385e+00
4.1182e+00
4.1031e+00
4.0778e+00
4.0575e+00
4.0474e+00
4.0272e+00
4.0069e+00
4.0019e+00
3.9411e+00
3.9563e+00
3.9209e+00
3.8804e+00
3.9158e+00
3.8753e+00
3.8652e+00
3.8399e+00
3.8449e+00
3.7943e+00
3.8551e+00
3.8449e+00
3.7588e+00
3.7639e+00
3.7385e+00
3.7284e+00
3.7132e+00
3.6980e+00
3.6929e+00
3.6575e+00
3.6372e+00
3.6422e+00
3.6169e+00
3.6118e+00
3.5966e+00
3.5763e+00
3.5713e+00
3.5510e+00
3.5560e+00
3.5307e+00
3.5256e+00
3.5155e+00
3.4749e+00
3.4799e+00
3.4444e+00
3.4444e+00
3.3937e+00
3.4191e+00
3.4292e+00
3.3734e+00
3.3784e+00
3.3581e+00
3.3480e+00
3.3328e+00
3.3124e+00
3.3023e+00
3.2871e+00
3.2667e+00
3.2566e+00
3.2413e+00
3.2312e+00
3.2159e+00
3.2007e+00
3.1855e+00
3.1753e+00
3.1499e+00
3.1397e+00
3.1397e+00
3.1296e+00
3.0991e+00
3.0940e+00
3.0838e+00
3.0482e+00
3.0584e+00
3.0228e+00
3.0228e+00
2.9821e+00
2.9872e+00
2.9974e+00
2.9567e+00
2.9465e+00
2.9261e+00
2.9109e+00
2.9058e+00
2.8854e+00
2.8702e+00
2.8600e+00
2.8396e+00
2.8244e+00
2.8040e+00
2.7938e+00
2.7786e+00
2.7633e+00
2.7582e+00
2.7582e+00
2.7225e+00
2.7225e+00
2.7073e+00
2.6971e+00
2.7022e+00
2.6716e+00
2.6869e+00
2.6512e+00
2.6767e+00
2.6156e+00
2.5799e+00
2.6258e+00
2.6003e+00
2.6003e+00
2.5952e+00
2.5901e+00
2.5850e+00
2.5697e+00
2.5646e+00
2.5646e+00
2.5646e+00
2.5493e+00
2.5544e+00
2.5391e+00
2.5442e+00
2.5391e+00
2.5442e+00
2.5442e+00
2.5442e+00
2.5544e+00
2.5544e+00
2.5799e+00
2.5799e+00
2.6003e+00
2.6105e+00
2.6054e+00
2.6410e+00
2.6156e+00
2.6665e+00
2.6512e+00
2.7124e+00
2.6716e+00
2.6716e+00
2.7480e+00
2.7735e+00
2.7989e+00
2.8295e+00
2.8498e+00
2.8854e+00
2.9160e+00
2.9516e+00
2.9770e+00
3.0126e+00
3.0380e+00
3.0736e+00
3.0940e+00
3.1194e+00
3.1448e+00
3.1855e+00
3.2058e+00
3.2312e+00
3.2617e+00
3.2921e+00
3.3632e+00
3.3835e+00
3.4241e+00
3.4749e+00
3.4850e+00
3.5408e+00
3.5358e+00
3.5966e+00
3.5763e+00
3.6372e+00
3.7081e+00
3.7183e+00
3.7689e+00
3.8044e+00
3.8500e+00
3.8905e+00
3.9158e+00
3.9513e+00
3.9766e+00
4.0019e+00
4.0170e+00
4.0373e+00
4.0373e+00
4.0322e+00
4.0322e+00
4.0272e+00
4.0170e+00
4.0069e+00
4.0019e+00
3.9816e+00
3.9766e+00
3.9664e+00
3.9563e+00
3.9411e+00
3.9259e+00
3.9209e+00
3.8905e+00
3.8804e+00
3.8652e+00
3.8399e+00
3.8196e+00
3.7993e+00
3.7791e+00
3.7436e+00
3.7284e+00
3.6980e+00
3.6727e+00
3.6372e+00
3.6220e+00
3.5865e+00
3.5611e+00
3.5307e+00
3.5155e+00
3.4799e+00
3.4546e+00
3.4343e+00
3.4089e+00
3.3835e+00
3.3581e+00
3.3328e+00
3.3023e+00
3.2718e+00
3.2617e+00
3.2261e+00
3.2058e+00
3.1855e+00
3.1753e+00
3.1448e+00
3.1245e+00
3.1041e+00
3.0787e+00
3.0584e+00
3.0380e+00
3.0075e+00
2.9923e+00
2.9719e+00
2.9516e+00
2.9211e+00
2.9058e+00
2.8956e+00
2.8753e+00
2.8600e+00
2.8396e+00
2.8244e+00
2.7989e+00
2.7836e+00
2.7735e+00
2.7582e+00
2.7429e+00
2.7174e+00
2.7022e+00
2.6818e+00
2.6716e+00
2.6512e+00
2.6410e+00
2.6207e+00
2.6003e+00
2.5850e+00
2.5697e+00
2.5544e+00
2.5442e+00
2.5289e+00
2.5187e+00
2.5034e+00
2.4830e+00
2.4677e+00
2.4473e+00
2.4320e+00
2.4116e+00
2.4014e+00
2.3912e+00
2.3759e+00
2.3708e+00
2.3504e+00
2.3402e+00
2.3198e+00
2.3045e+00
2.2943e+00
2.2790e+00
2.2739e+00
2.2586e+00
2.2330e+00
2.2177e+00
2.2075e+00
2.1922e+00
2.1718e+00
2.1667e+00
2.1462e+00
2.1360e+00
2.1258e+00
2.0900e+00
2.0645e+00
2.0338e+00
2.0236e+00
2.0032e+00
1.9878e+00
1.9776e+00
1.9521e+00
1.9418e+00
1.9265e+00
1.9060e+00
1.8958e+00
1.8805e+00
1.8600e+00
1.8549e+00
1.8447e+00
1.8293e+00
1.8140e+00
1.7986e+00
1.7833e+00
1.7782e+00
1.7628e+00
1.7475e+00
1.7321e+00
1.7321e+00
1.7219e+00
1.7014e+00
1.6912e+00
1.6758e+00
1.6656e+00
1.6553e+00
1.6246e+00
1.6348e+00
1.6246e+00
1.5990e+00
1.5990e+00
1.5836e+00
1.5734e+00
1.5683e+00
1.5529e+00
1.5478e+00
1.5324e+00
1.5222e+00
1.5068e+00
1.4965e+00
1.4863e+00
1.4760e+00
1.4658e+00
1.4504e+00
1.4453e+00
1.4402e+00
1.4350e+00
1.4197e+00
1.4145e+00
1.4043e+00
1.3992e+00
1.3838e+00
1.3735e+00
1.3735e+00
1.3633e+00
1.3582e+00
1.3479e+00
1.3479e+00
1.3325e+00
1.3274e+00
1.3325e+00
1.3274e+00
1.3223e+00
1.3171e+00
1.3223e+00
1.3223e+00
1.3171e+00
1.3171e+00
1.3171e+00
1.3274e+00
1.3171e+00
1.3223e+00
1.3274e+00
1.3325e+00
1.3325e+00
1.3376e+00
1.3582e+00
1.3735e+00
1.3889e+00
1.4094e+00
1.4402e+00
1.4658e+00
1.4914e+00
1.5119e+00
1.5580e+00
1.5990e+00
1.6348e+00
1.6553e+00
1.7014e+00
1.7475e+00
1.7833e+00
1.8191e+00
1.8805e+00
1.9214e+00
1.9725e+00
2.0236e+00
2.0798e+00
2.1411e+00
2.2024e+00
2.2637e+00
2.3198e+00
2.3861e+00
2.4473e+00
2.5187e+00
2.5850e+00
2.6461e+00
2.7174e+00
2.7735e+00
2.8447e+00
2.9109e+00
2.9872e+00
3.0482e+00
3.1296e+00
3.1956e+00
3.2769e+00
3.3378e+00
3.4241e+00
3.4952e+00
3.5611e+00
3.6270e+00
3.6980e+00
3.7537e+00
3.8500e+00
3.9310e+00
4.0423e+00
4.1132e+00
4.2446e+00
4.3356e+00
4.4821e+00
4.5729e+00
4.6637e+00
4.7242e+00
4.7999e+00
4.8402e+00
4.8855e+00
4.9208e+00
4.9510e+00
4.9712e+00
5.0115e+00
5.0266e+00
5.0668e+00
5.0870e+00
5.1675e+00
5.1876e+00
5.2379e+00
5.2580e+00
5.2731e+00
5.2681e+00
5.2781e+00
5.2781e+00
5.2731e+00
5.2480e+00
5.2580e+00
5.2480e+00
5.2329e+00
5.2279e+00
5.2128e+00
5.1977e+00
5.1826e+00
5.1574e+00
5.1423e+00
5.1222e+00
5.0970e+00
5.0719e+00
5.0417e+00
5.0165e+00
4.9863e+00
4.9561e+00
4.9309e+00
4.8956e+00
4.8603e+00
4.8351e+00
4.7948e+00
4.7595e+00
4.7394e+00
4.7091e+00
4.6738e+00
4.6435e+00
4.6183e+00
4.5830e+00
4.5578e+00
4.5477e+00
4.5022e+00
4.4720e+00
4.4518e+00
4.4265e+00
4.4013e+00
4.3811e+00
4.3659e+00
4.3457e+00
4.3204e+00
4.3053e+00
4.2901e+00
4.2648e+00
4.2648e+00
4.2648e+00
4.2598e+00
4.2396e+00
4.2194e+00
4.2092e+00
4.2143e+00
4.1991e+00
4.1890e+00
4.1840e+00
4.1890e+00
4.1789e+00
4.1789e+00
4.1739e+00
4.1789e+00
4.1840e+00
4.1789e+00
4.1739e+00
4.1637e+00
4.1536e+00
4.1637e+00
4.1536e+00
4.1486e+00
4.1486e+00
4.1688e+00
4.1941e+00
4.2497e+00
4.2547e+00
4.2851e+00
4.2901e+00
4.3103e+00
4.3154e+00
4.3255e+00
4.3255e+00
4.3204e+00
4.3103e+00
4.3154e+00
4.3103e+00
4.3154e+00
4.3053e+00
4.2901e+00
4.2800e+00
4.2699e+00
4.2497e+00
4.2396e+00
4.2295e+00
4.2194e+00
4.2143e+00
4.1991e+00
4.1789e+00
4.1688e+00
4.1587e+00
4.1435e+00
4.1233e+00
4.1081e+00
4.0879e+00
4.0727e+00
4.0727e+00
4.0423e+00
4.0322e+00
4.0170e+00
4.0069e+00
3.9917e+00
3.9766e+00
3.9513e+00
3.9361e+00
3.9209e+00
3.9108e+00
3.8905e+00
3.8804e+00
3.8652e+00
3.8500e+00
3.8297e+00
3.8247e+00
3.8145e+00
3.7892e+00
3.7740e+00
3.7588e+00
3.7436e+00
3.7284e+00
3.7183e+00
3.7132e+00
3.6980e+00
3.6929e+00
3.6828e+00
3.6777e+00
3.6625e+00
3.6422e+00
3.6321e+00
3.6220e+00
3.6068e+00
3.6017e+00
3.5966e+00
3.5814e+00
3.5611e+00
3.5510e+00
3.5358e+00
3.5256e+00
3.5053e+00
3.4901e+00
3.4749e+00
3.4647e+00
3.4444e+00
3.4343e+00
3.4140e+00
3.3988e+00
3.3886e+00
3.3683e+00
3.3581e+00
3.3429e+00
3.3226e+00
3.3023e+00
3.2871e+00
3.2769e+00
3.2617e+00
3.2464e+00
3.2312e+00
3.2159e+00
3.2007e+00
3.1905e+00
3.1804e+00
3.1702e+00
3.1499e+00
3.1397e+00
3.1245e+00
3.1041e+00
3.0940e+00
3.0787e+00
3.0584e+00
3.0533e+00
3.0380e+00
3.0177e+00
2.9974e+00
2.9923e+00
2.9668e+00
2.9618e+00
2.9567e+00
2.9465e+00
2.9261e+00
2.9160e+00
2.9058e+00
2.8854e+00
2.8753e+00
2.8549e+00
2.8396e+00
2.8396e+00
2.8346e+00
2.8295e+00
2.8091e+00
2.8193e+00
2.8091e+00
2.7989e+00
2.7887e+00
2.7887e+00
2.7786e+00
2.7735e+00
2.7633e+00
2.7531e+00
2.7429e+00
2.7327e+00
2.7174e+00
2.7124e+00
2.6971e+00
2.6920e+00
2.6818e+00
2.6767e+00
2.6563e+00
2.6461e+00
2.6461e+00
2.6410e+00
2.6308e+00
2.6258e+00
2.6207e+00
2.6156e+00
2.6054e+00
2.5952e+00
2.5799e+00
2.5748e+00
2.5646e+00
2.5493e+00
2.5289e+00
2.5136e+00
2.4983e+00
2.4881e+00
2.4779e+00
2.4677e+00
2.4575e+00
2.4473e+00
2.4320e+00
2.4218e+00
2.4167e+00
2.4065e+00
2.3963e+00
2.3861e+00
2.3810e+00
2.3708e+00
2.3606e+00
2.3504e+00
2.3555e+00
2.3453e+00
2.3453e+00
2.3504e+00
2.3555e+00
2.3504e+00
2.3555e+00
2.3504e+00
2.3453e+00
2.3402e+00
2.3402e+00
2.3351e+00
2.3402e+00
2.3351e+00
2.3351e+00
2.3351e+00
2.3300e+00
2.3147e+00
2.3147e+00
2.3096e+00
2.2994e+00
2.2943e+00
2.2994e+00
2.2841e+00
2.2790e+00
2.2637e+00
2.2586e+00
2.2432e+00
2.2330e+00
2.2330e+00
2.2228e+00
2.2177e+00
2.2228e+00
2.2024e+00
2.1973e+00
2.1922e+00
2.1820e+00
2.1718e+00
2.1615e+00
2.1513e+00
2.1462e+00
2.1258e+00
2.1105e+00
2.1054e+00
2.0900e+00
2.0849e+00
2.0594e+00
2.0543e+00
2.0543e+00
2.0389e+00
2.0338e+00
2.0236e+00
2.0134e+00
1.9981e+00
1.9929e+00
1.9827e+00
1.9623e+00
1.9521e+00
1.9367e+00
1.9265e+00
1.9163e+00
1.9163e+00
1.9163e+00
1.9060e+00
1.9009e+00
1.8958e+00
1.9009e+00
1.8958e+00
1.9009e+00
1.8958e+00
1.9060e+00
1.9111e+00
1.9111e+00
1.9060e+00
1.9316e+00
1.9316e+00
1.9469e+00
1.9521e+00
1.9725e+00
1.9827e+00
2.0032e+00
2.0134e+00
2.0338e+00
2.0338e+00
2.0645e+00
2.0798e+00
2.0951e+00
2.1003e+00
2.1309e+00
2.1411e+00
2.1615e+00
2.1820e+00
2.2075e+00
2.2228e+00
2.2535e+00
2.2790e+00
2.3096e+00
2.3453e+00
2.3861e+00
2.4014e+00
2.4473e+00
2.4779e+00
2.5238e+00
2.5697e+00
2.6308e+00
2.6818e+00
2.7225e+00
2.7786e+00
2.8244e+00
2.8804e+00
2.9516e+00
3.0126e+00
3.0940e+00
3.1499e+00
3.2210e+00
3.2769e+00
3.3277e+00
3.3581e+00
3.4038e+00
3.4292e+00
3.4546e+00
3.4749e+00
3.4799e+00
3.4850e+00
3.5104e+00
3.5155e+00
3.5205e+00
3.5256e+00
3.5408e+00
3.5408e+00
3.5358e+00
3.5307e+00
3.5358e+00
3.5307e+00
3.5104e+00
3.5002e+00
3.4850e+00
3.4647e+00
3.4444e+00
3.4343e+00
3.4140e+00
3.3937e+00
3.3734e+00
3.3581e+00
3.3328e+00
3.3074e+00
3.2769e+00
3.2667e+00
3.2363e+00
3.2058e+00
3.1804e+00
3.1499e+00
3.1194e+00
3.0991e+00
3.0635e+00
3.0380e+00
3.0126e+00
2.9923e+00
2.9516e+00
2.9363e+00
2.9058e+00
2.8804e+00
2.8549e+00
2.8295e+00
2.7989e+00
2.7786e+00
2.7480e+00
2.7174e+00
2.6869e+00
2.6665e+00
2.6258e+00
2.6105e+00
2.5748e+00
2.5595e+00
2.5340e+00
2.4983e+00
2.4728e+00
2.4626e+00
2.4320e+00
2.4116e+00
2.3963e+00
2.3759e+00
2.3453e+00
2.3300e+00
2.2994e+00
2.2739e+00
2.2432e+00
2.2279e+00
2.1973e+00
2.1769e+00
2.1564e+00
2.1360e+00
2.1105e+00
2.0951e+00
2.0696e+00
2.0492e+00
2.0338e+00
2.0134e+00
1.9878e+00
1.9827e+00
1.9674e+00
1.9418e+00
1.9163e+00
1.8958e+00
1.8754e+00
1.8549e+00
1.8293e+00
1.8242e+00
1.8037e+00
1.7884e+00
1.7679e+00
1.7577e+00
1.7372e+00
1.7219e+00
1.6963e+00
1.6809e+00
1.6553e+00
1.6451e+00
1.6246e+00
1.6195e+00
1.5888e+00
1.5785e+00
1.5631e+00
1.5427e+00
1.5273e+00
1.5170e+00
1.5119e+00
1.4914e+00
1.4709e+00
1.4555e+00
1.4350e+00
1.4248e+00
1.4043e+00
1.3940e+00
1.3735e+00
1.3633e+00
1.3428e+00
1.3274e+00
1.3069e+00
1.3017e+00
1.2915e+00
1.2761e+00
1.2607e+00
1.2453e+00
1.2299e+00
1.2197e+00
1.1991e+00
1.1889e+00
1.1684e+00
1.1530e+00
1.1273e+00
1.1222e+00
1.1068e+00
1.0965e+00
1.0811e+00
1.0760e+00
1.0708e+00
1.0503e+00
1.0400e+00
1.0349e+00
1.0195e+00
1.0041e+00
9.8351e-01
9.7838e-01
9.5783e-01
9.4755e-01
9.2700e-01
9.2186e-01
9.0645e-01
8.9617e-01
8.9103e-01
8.7561e-01
8.6019e-01
8.4991e-01
8.3963e-01
8.2935e-01
8.1393e-01
8.1393e-01
7.9850e-01
7.7279e-01
7.6765e-01
7.5737e-01
7.4194e-01
7.3165e-01
7.2651e-01
7.1622e-01
6.9565e-01
6.9565e-01
6.8536e-01
6.7507e-01
6.5963e-01
6.4420e-01
6.3391e-01
6.2362e-01
6.0818e-01
5.9788e-01
5.7730e-01
5.6700e-01
5.5671e-01
5.4641e-01
5.3612e-01
5.3612e-01
5.2067e-01
5.1552e-01
4.9493e-01
4.7948e-01
4.7433e-01
4.6918e-01
4.5888e-01
4.4343e-01
4.3313e-01
4.2282e-01
4.0737e-01
4.0737e-01
3.9192e-01
3.8677e-01
3.7131e-01
3.6100e-01
3.4554e-01
3.4039e-01
3.3009e-01
3.1978e-01
3.0947e-01
2.9916e-01
2.8885e-01
2.7339e-01
2.6308e-01
2.5793e-01
2.4761e-01
2.3730e-01
2.2184e-01
2.1152e-01
2.0121e-01
1.9605e-01
1.8058e-01
1.6511e-01
1.5995e-01
1.4964e-01
1.3416e-01
1.2900e-01
1.1353e-01
1.0837e-01
9.8050e-02
8.7732e-02
7.7412e-02
6.7092e-02
5.6772e-02
5.1612e-02
3.6130e-02
3.0969e-02
2.5808e-02
3.0969e-02
2.5808e-02
2.0647e-02
1.5485e-02
5.1620e-03
5.1620e-03
0000
2.0647e-02
1.5485e-02
3.0969e-02
2.5808e-02
3.6130e-02
3.6130e-02
5.1612e-02
5.6772e-02
5.6772e-02
6.1932e-02
5.6772e-02
5.6772e-02
6.7092e-02
6.7092e-02
7.2252e-02
7.2252e-02
7.7412e-02
7.2252e-02
7.7412e-02
7.2252e-02
7.2252e-02
7.7412e-02
8.2572e-02
8.2572e-02
7.2252e-02
6.7092e-02
8.2572e-02
7.2252e-02
8.2572e-02
7.7412e-02
7.2252e-02
6.7092e-02
7.2252e-02
7.2252e-02
5.6772e-02
5.1612e-02
5.1612e-02
5.1612e-02
5.6772e-02
5.1612e-02
5.6772e-02
5.6772e-02
6.7092e-02
5.6772e-02
7.2252e-02
6.7092e-02
7.7412e-02
7.7412e-02
8.7732e-02
9.2891e-02
1.0837e-01
1.1353e-01
1.3932e-01
1.4448e-01
1.6511e-01
1.6511e-01
1.8058e-01
1.8574e-01
2.0637e-01
2.1668e-01
2.3730e-01
2.4246e-01
2.5277e-01
2.5793e-01
2.7339e-01
2.8885e-01
3.0432e-01
3.1462e-01
3.2493e-01
3.4554e-01
3.5585e-01
3.6616e-01
3.8161e-01
3.9707e-01
4.2798e-01
4.3828e-01
4.6403e-01
4.8463e-01
5.0522e-01
5.2067e-01
5.3097e-01
5.4641e-01
5.5671e-01
5.6700e-01
5.7730e-01
5.8759e-01
5.9274e-01
6.0818e-01
6.1847e-01
6.1847e-01
6.2876e-01
6.3391e-01
6.3905e-01
6.4420e-01
6.4420e-01
6.4934e-01
6.4934e-01
6.5449e-01
6.4934e-01
6.5449e-01
6.5963e-01
6.5963e-01
6.5963e-01
6.7507e-01
6.8536e-01
6.9565e-01
7.0594e-01
