2.2117e+01
2.2091e+01
2.2052e+01
2.2023e+01
2.1990e+01
2.1958e+01
2.1925e+01
2.1896e+01
2.1852e+01
2.1822e+01
2.1799e+01
2.1769e+01
2.1728e+01
2.1707e+01
2.1674e+01
2.1648e+01
2.1606e+01
2.1577e+01
2.1556e+01
2.1524e+01
2.1488e+01
2.1467e+01
2.1453e+01
2.1417e+01
2.1396e+01
2.1384e+01
2.1367e+01
2.1355e+01
2.1343e+01
2.1331e+01
2.1331e+01
2.1325e+01
2.1343e+01
2.1352e+01
2.1390e+01
2.1417e+01
2.1458e+01
2.1497e+01
2.1556e+01
2.1606e+01
2.1680e+01
2.1760e+01
2.1875e+01
2.1970e+01
2.2094e+01
2.2206e+01
2.2329e+01
2.2432e+01
2.2547e+01
2.2656e+01
2.2758e+01
2.2858e+01
2.2967e+01
2.3066e+01
2.3181e+01
2.3274e+01
2.3368e+01
2.3461e+01
2.3543e+01
2.3634e+01
2.3715e+01
2.3797e+01
2.3876e+01
2.3963e+01
2.4039e+01
2.4135e+01
2.4213e+01
2.4295e+01
2.4370e+01
2.4434e+01
2.4495e+01
2.4556e+01
2.4623e+01
2.4675e+01
2.4721e+01
2.4765e+01
2.4805e+01
2.4837e+01
2.4875e+01
2.4910e+01
2.4941e+01
2.4965e+01
2.4996e+01
2.5025e+01
2.5057e+01
2.5086e+01
2.5112e+01
2.5132e+01
2.5124e+01
2.5129e+01
2.5124e+01
2.5118e+01
2.5098e+01
2.5092e+01
2.5075e+01
2.5051e+01
2.5020e+01
2.4994e+01
2.4962e+01
2.4939e+01
2.4904e+01
2.4887e+01
2.4858e+01
2.4831e+01
2.4788e+01
2.4753e+01
2.4710e+01
2.4681e+01
2.4632e+01
2.4597e+01
2.4556e+01
2.4518e+01
2.4475e+01
2.4437e+01
2.4391e+01
2.4353e+01
2.4306e+01
2.4274e+01
2.4237e+01
2.4213e+01
2.4176e+01
2.4138e+01
2.4094e+01
2.4071e+01
2.4030e+01
2.4001e+01
2.3966e+01
2.3937e+01
2.3893e+01
2.3861e+01
2.3826e+01
2.3797e+01
2.3759e+01
2.3733e+01
2.3698e+01
2.3669e+01
2.3631e+01
2.3610e+01
2.3578e+01
2.3552e+01
2.3517e+01
2.3499e+01
2.3461e+01
2.3447e+01
2.3412e+01
2.3391e+01
2.3368e+01
2.3342e+01
2.3321e+01
2.3301e+01
2.3271e+01
2.3248e+01
2.3227e+01
2.3219e+01
2.3189e+01
2.3184e+01
2.3172e+01
2.3160e+01
2.3160e+01
2.3166e+01
2.3157e+01
2.3160e+01
2.3175e+01
2.3192e+01
2.3204e+01
2.3213e+01
2.3233e+01
2.3236e+01
2.3245e+01
2.3260e+01
2.3274e+01
2.3283e+01
2.3298e+01
2.3309e+01
2.3342e+01
2.3356e+01
2.3382e+01
2.3406e+01
2.3418e+01
2.3435e+01
2.3470e+01
2.3485e+01
2.3511e+01
2.3537e+01
2.3555e+01
2.3575e+01
2.3604e+01
2.3628e+01
2.3651e+01
2.3675e+01
2.3701e+01
2.3727e+01
2.3753e+01
2.3782e+01
2.3803e+01
2.3815e+01
2.3838e+01
2.3855e+01
2.3870e+01
2.3887e+01
2.3896e+01
2.3908e+01
2.3911e+01
2.3934e+01
2.3937e+01
2.3940e+01
2.3946e+01
2.3954e+01
2.3951e+01
2.3957e+01
2.3951e+01
2.3954e+01
2.3954e+01
2.3949e+01
2.3943e+01
2.3937e+01
2.3931e+01
2.3917e+01
2.3896e+01
2.3890e+01
2.3896e+01
2.3879e+01
2.3861e+01
2.3844e+01
2.3832e+01
2.3817e+01
2.3794e+01
2.3782e+01
2.3765e+01
2.3742e+01
2.3715e+01
2.3686e+01
2.3663e+01
2.3640e+01
2.3616e+01
2.3599e+01
2.3567e+01
2.3540e+01
2.3517e+01
2.3499e+01
2.3467e+01
2.3435e+01
2.3412e+01
2.3397e+01
2.3368e+01
2.3339e+01
2.3312e+01
2.3286e+01
2.3251e+01
2.3227e+01
2.3195e+01
2.3172e+01
2.3137e+01
2.3110e+01
2.3069e+01
2.3043e+01
2.3014e+01
2.2987e+01
2.2946e+01
2.2917e+01
2.2891e+01
2.2861e+01
2.2820e+01
2.2797e+01
2.2761e+01
2.2738e+01
2.2703e+01
2.2673e+01
2.2635e+01
2.2612e+01
2.2582e+01
2.2562e+01
2.2535e+01
2.2512e+01
2.2485e+01
2.2459e+01
2.2426e+01
2.2406e+01
2.2376e+01
2.2347e+01
2.2312e+01
2.2294e+01
2.2270e+01
2.2247e+01
2.2226e+01
2.2212e+01
2.2197e+01
2.2185e+01
2.2164e+01
2.2167e+01
2.2170e+01
2.2203e+01
2.2265e+01
2.2285e+01
2.2291e+01
2.2285e+01
2.2279e+01
2.2279e+01
2.2250e+01
2.2241e+01
2.2223e+01
2.2206e+01
2.2176e+01
2.2158e+01
2.2129e+01
2.2102e+01
2.2076e+01
2.2058e+01
2.2035e+01
2.2011e+01
2.1976e+01
2.1961e+01
2.1943e+01
2.1917e+01
2.1887e+01
2.1869e+01
2.1840e+01
2.1813e+01
2.1793e+01
2.1769e+01
2.1745e+01
2.1716e+01
2.1683e+01
2.1657e+01
2.1633e+01
2.1609e+01
2.1580e+01
2.1556e+01
2.1527e+01
2.1503e+01
2.1479e+01
2.1455e+01
2.1423e+01
2.1408e+01
2.1387e+01
2.1361e+01
2.1334e+01
2.1313e+01
2.1296e+01
2.1257e+01
2.1236e+01
2.1218e+01
2.1186e+01
2.1162e+01
2.1135e+01
2.1115e+01
2.1085e+01
2.1061e+01
2.1037e+01
2.1008e+01
2.0981e+01
2.0966e+01
2.0942e+01
2.0919e+01
2.0898e+01
2.0877e+01
2.0859e+01
2.0827e+01
2.0803e+01
2.0785e+01
2.0770e+01
2.0749e+01
2.0728e+01
2.0711e+01
2.0687e+01
2.0669e+01
2.0654e+01
2.0636e+01
2.0624e+01
2.0606e+01
2.0592e+01
2.0571e+01
2.0568e+01
2.0550e+01
2.0538e+01
2.0520e+01
2.0514e+01
2.0499e+01
2.0502e+01
2.0472e+01
2.0469e+01
2.0458e+01
2.0463e+01
2.0449e+01
2.0446e+01
2.0434e+01
2.0434e+01
2.0419e+01
2.0410e+01
2.0392e+01
2.0392e+01
2.0386e+01
2.0383e+01
2.0368e+01
2.0368e+01
2.0365e+01
2.0362e+01
2.0350e+01
2.0347e+01
2.0338e+01
2.0338e+01
2.0323e+01
2.0323e+01
2.0314e+01
2.0308e+01
2.0294e+01
2.0288e+01
2.0279e+01
2.0261e+01
2.0252e+01
2.0240e+01
2.0222e+01
2.0216e+01
2.0198e+01
2.0186e+01
2.0171e+01
2.0159e+01
2.0144e+01
2.0141e+01
2.0129e+01
2.0112e+01
2.0094e+01
2.0079e+01
2.0064e+01
2.0052e+01
2.0025e+01
2.0004e+01
1.9986e+01
1.9971e+01
1.9950e+01
1.9929e+01
1.9917e+01
1.9896e+01
1.9878e+01
1.9857e+01
1.9837e+01
1.9813e+01
1.9801e+01
1.9777e+01
1.9753e+01
1.9729e+01
1.9714e+01
1.9693e+01
1.9669e+01
1.9642e+01
1.9618e+01
1.9597e+01
1.9579e+01
1.9549e+01
1.9528e+01
1.9513e+01
1.9489e+01
1.9465e+01
1.9441e+01
1.9417e+01
1.9396e+01
1.9369e+01
1.9354e+01
1.9330e+01
1.9309e+01
1.9285e+01
1.9261e+01
1.9237e+01
1.9216e+01
1.9192e+01
1.9174e+01
1.9150e+01
1.9123e+01
1.9096e+01
1.9078e+01
1.9054e+01
1.9033e+01
1.9018e+01
1.9009e+01
1.8985e+01
1.8954e+01
1.8936e+01
1.8921e+01
1.8900e+01
1.8879e+01
1.8861e+01
1.8843e+01
1.8822e+01
1.8804e+01
1.8783e+01
1.8765e+01
1.8747e+01
1.8726e+01
1.8698e+01
1.8683e+01
1.8668e+01
1.8647e+01
1.8626e+01
1.8605e+01
1.8584e+01
1.8569e+01
1.8545e+01
1.8533e+01
1.8508e+01
1.8478e+01
1.8466e+01
1.8448e+01
1.8427e+01
1.8406e+01
1.8385e+01
1.8364e+01
1.8339e+01
1.8327e+01
1.8306e+01
1.8288e+01
1.8267e+01
1.8240e+01
1.8225e+01
1.8209e+01
1.8188e+01
1.8170e+01
1.8155e+01
1.8143e+01
1.8116e+01
1.8095e+01
1.8070e+01
1.8049e+01
1.8034e+01
1.8016e+01
1.7998e+01
1.7980e+01
1.7970e+01
1.7946e+01
1.7928e+01
1.7910e+01
1.7892e+01
1.7880e+01
1.7855e+01
1.7840e+01
1.7828e+01
1.7804e+01
1.7786e+01
1.7777e+01
1.7758e+01
1.7746e+01
1.7722e+01
1.7704e+01
1.7689e+01
1.7683e+01
1.7667e+01
1.7646e+01
1.7637e+01
1.7625e+01
1.7613e+01
1.7592e+01
1.7579e+01
1.7567e+01
1.7555e+01
1.7543e+01
1.7522e+01
1.7513e+01
1.7494e+01
1.7479e+01
1.7467e+01
1.7452e+01
1.7446e+01
1.7428e+01
1.7409e+01
1.7394e+01
1.7382e+01
1.7361e+01
1.7345e+01
1.7333e+01
1.7312e+01
1.7288e+01
1.7276e+01
1.7260e+01
1.7242e+01
1.7224e+01
1.7218e+01
1.7203e+01
1.7184e+01
1.7172e+01
1.7160e+01
1.7136e+01
1.7108e+01
1.7090e+01
1.7072e+01
1.7053e+01
1.7041e+01
1.7023e+01
1.7002e+01
1.6989e+01
1.6962e+01
1.6944e+01
1.6922e+01
1.6910e+01
1.6904e+01
1.6880e+01
1.6861e+01
1.6840e+01
1.6828e+01
1.6813e+01
1.6794e+01
1.6773e+01
1.6752e+01
1.6739e+01
1.6721e+01
1.6706e+01
1.6681e+01
1.6672e+01
1.6654e+01
1.6632e+01
1.6620e+01
1.6602e+01
1.6593e+01
1.6574e+01
1.6559e+01
1.6544e+01
1.6522e+01
1.6495e+01
1.6477e+01
1.6461e+01
1.6446e+01
1.6431e+01
1.6419e+01
1.6406e+01
1.6388e+01
1.6373e+01
1.6363e+01
1.6345e+01
1.6324e+01
1.6308e+01
1.6293e+01
1.6284e+01
1.6269e+01
1.6256e+01
1.6241e+01
1.6223e+01
1.6210e+01
1.6189e+01
1.6174e+01
1.6168e+01
1.6155e+01
1.6131e+01
1.6119e+01
1.6106e+01
1.6103e+01
1.6085e+01
1.6069e+01
1.6054e+01
1.6036e+01
1.6020e+01
1.6008e+01
1.5990e+01
1.5974e+01
1.5959e+01
1.5941e+01
1.5928e+01
1.5916e+01
1.5904e+01
1.5892e+01
1.5879e+01
1.5870e+01
1.5858e+01
1.5839e+01
1.5812e+01
1.5796e+01
1.5784e+01
1.5769e+01
1.5753e+01
1.5738e+01
1.5723e+01
1.5707e+01
1.5692e+01
1.5680e+01
1.5667e+01
1.5655e+01
1.5637e+01
1.5624e+01
1.5606e+01
1.5591e+01
1.5578e+01
1.5557e+01
1.5538e+01
1.5523e+01
1.5508e+01
1.5486e+01
1.5477e+01
1.5465e+01
1.5449e+01
1.5440e+01
1.5428e+01
1.5418e+01
1.5391e+01
1.5375e+01
1.5363e+01
1.5348e+01
1.5329e+01
1.5314e+01
1.5298e+01
1.5277e+01
1.5261e+01
1.5243e+01
1.5227e+01
1.5215e+01
1.5206e+01
1.5194e+01
1.5178e+01
1.5157e+01
1.5144e+01
1.5135e+01
1.5107e+01
1.5098e+01
1.5083e+01
1.5064e+01
1.5042e+01
1.5027e+01
1.5015e+01
1.4990e+01
1.4978e+01
1.4965e+01
1.4956e+01
1.4937e+01
1.4919e+01
1.4907e+01
1.4885e+01
1.4870e+01
1.4857e+01
1.4842e+01
1.4823e+01
1.4808e+01
1.4799e+01
1.4780e+01
1.4758e+01
1.4743e+01
1.4731e+01
1.4718e+01
1.4700e+01
1.4684e+01
1.4675e+01
1.4662e+01
1.4650e+01
1.4641e+01
1.4619e+01
1.4604e+01
1.4591e+01
1.4579e+01
1.4560e+01
1.4551e+01
1.4533e+01
1.4520e+01
1.4514e+01
1.4495e+01
1.4489e+01
1.4474e+01
1.4446e+01
1.4440e+01
1.4424e+01
1.4409e+01
1.4393e+01
1.4384e+01
1.4368e+01
1.4350e+01
1.4341e+01
1.4322e+01
1.4313e+01
1.4300e+01
1.4288e+01
1.4275e+01
1.4257e+01
1.4241e+01
1.4226e+01
1.4213e+01
1.4198e+01
1.4182e+01
1.4173e+01
1.4158e+01
1.4136e+01
1.4123e+01
1.4102e+01
1.4096e+01
1.4083e+01
1.4071e+01
1.4055e+01
1.4043e+01
1.4033e+01
1.4018e+01
1.4002e+01
1.3990e+01
1.3974e+01
1.3956e+01
1.3937e+01
1.3925e+01
1.3919e+01
1.3900e+01
1.3878e+01
1.3866e+01
1.3863e+01
1.3847e+01
1.3828e+01
1.3816e+01
1.3800e+01
1.3785e+01
1.3776e+01
1.3766e+01
1.3748e+01
1.3741e+01
1.3729e+01
1.3704e+01
1.3692e+01
1.3688e+01
1.3679e+01
1.3664e+01
1.3648e+01
1.3648e+01
1.3632e+01
1.3620e+01
1.3607e+01
1.3614e+01
1.3601e+01
1.3595e+01
1.3579e+01
1.3595e+01
1.3586e+01
1.3595e+01
1.3583e+01
1.3586e+01
1.3576e+01
1.3576e+01
1.3573e+01
1.3567e+01
1.3564e+01
1.3564e+01
1.3545e+01
1.3542e+01
1.3545e+01
1.3548e+01
1.3548e+01
1.3551e+01
1.3545e+01
1.3548e+01
1.3551e+01
1.3545e+01
1.3545e+01
1.3548e+01
1.3555e+01
1.3542e+01
1.3545e+01
1.3564e+01
1.3570e+01
1.3570e+01
1.3579e+01
1.3601e+01
1.3604e+01
1.3632e+01
1.3673e+01
1.3710e+01
1.3754e+01
1.3785e+01
1.3797e+01
1.3816e+01
1.3831e+01
1.3847e+01
1.3850e+01
1.3853e+01
1.3859e+01
1.3872e+01
1.3869e+01
1.3872e+01
1.3875e+01
1.3872e+01
1.3866e+01
1.3863e+01
1.3856e+01
1.3844e+01
1.3835e+01
1.3825e+01
1.3819e+01
1.3807e+01
1.3797e+01
1.3788e+01
1.3779e+01
1.3766e+01
1.3751e+01
1.3744e+01
1.3729e+01
1.3716e+01
1.3707e+01
1.3688e+01
1.3673e+01
1.3651e+01
1.3632e+01
1.3617e+01
1.3601e+01
1.3573e+01
1.3561e+01
1.3542e+01
1.3527e+01
1.3520e+01
1.3505e+01
1.3486e+01
1.3474e+01
1.3452e+01
1.3433e+01
1.3411e+01
1.3389e+01
1.3374e+01
1.3355e+01
1.3333e+01
1.3318e+01
1.3296e+01
1.3286e+01
1.3265e+01
1.3243e+01
1.3233e+01
1.3215e+01
1.3190e+01
1.3174e+01
1.3165e+01
1.3143e+01
1.3124e+01
1.3121e+01
1.3090e+01
1.3074e+01
1.3052e+01
1.3034e+01
1.3018e+01
1.3005e+01
1.2984e+01
1.2971e+01
1.2955e+01
1.2937e+01
1.2918e+01
1.2905e+01
1.2887e+01
1.2868e+01
1.2852e+01
1.2833e+01
1.2812e+01
1.2796e+01
1.2774e+01
1.2761e+01
1.2740e+01
1.2730e+01
1.2705e+01
1.2683e+01
1.2671e+01
1.2658e+01
1.2639e+01
1.2614e+01
1.2599e+01
1.2583e+01
1.2567e+01
1.2552e+01
1.2527e+01
1.2511e+01
1.2489e+01
1.2476e+01
1.2454e+01
1.2442e+01
1.2417e+01
1.2395e+01
1.2382e+01
1.2370e+01
1.2351e+01
1.2338e+01
1.2320e+01
1.2307e+01
1.2285e+01
1.2263e+01
1.2238e+01
1.2225e+01
1.2206e+01
1.2188e+01
1.2166e+01
1.2156e+01
1.2144e+01
1.2128e+01
1.2112e+01
1.2093e+01
1.2081e+01
1.2068e+01
1.2049e+01
1.2040e+01
1.2018e+01
1.2002e+01
1.1980e+01
1.1964e+01
1.1949e+01
1.1930e+01
1.1911e+01
1.1895e+01
1.1873e+01
1.1864e+01
1.1848e+01
1.1826e+01
1.1807e+01
1.1791e+01
1.1776e+01
1.1760e+01
1.1744e+01
1.1735e+01
1.1719e+01
1.1697e+01
1.1678e+01
1.1675e+01
1.1659e+01
1.1637e+01
1.1624e+01
1.1602e+01
1.1593e+01
1.1583e+01
1.1564e+01
1.1549e+01
1.1539e+01
1.1523e+01
1.1504e+01
1.1489e+01
1.1470e+01
1.1454e+01
1.1435e+01
1.1426e+01
1.1400e+01
1.1385e+01
1.1378e+01
1.1356e+01
1.1340e+01
1.1325e+01
1.1312e+01
1.1299e+01
1.1283e+01
1.1271e+01
1.1255e+01
1.1236e+01
1.1223e+01
1.1211e+01
1.1195e+01
1.1179e+01
1.1167e+01
1.1154e+01
1.1132e+01
1.1122e+01
1.1113e+01
1.1100e+01
1.1091e+01
1.1072e+01
1.1056e+01
1.1037e+01
1.1018e+01
1.1008e+01
1.0993e+01
1.0970e+01
1.0955e+01
1.0942e+01
1.0932e+01
1.0913e+01
1.0907e+01
1.0898e+01
1.0879e+01
1.0866e+01
1.0856e+01
1.0837e+01
1.0828e+01
1.0809e+01
1.0796e+01
1.0777e+01
1.0761e+01
1.0752e+01
1.0730e+01
1.0720e+01
1.0701e+01
1.0685e+01
1.0669e+01
1.0657e+01
1.0647e+01
1.0634e+01
1.0625e+01
1.0612e+01
1.0600e+01
1.0577e+01
1.0561e+01
1.0549e+01
1.0536e+01
1.0520e+01
1.0501e+01
1.0485e+01
1.0473e+01
1.0463e+01
1.0454e+01
1.0434e+01
1.0422e+01
1.0409e+01
1.0400e+01
1.0387e+01
1.0371e+01
1.0355e+01
1.0346e+01
1.0326e+01
1.0311e+01
1.0298e+01
1.0282e+01
1.0276e+01
1.0257e+01
1.0237e+01
1.0218e+01
1.0209e+01
1.0199e+01
1.0187e+01
1.0177e+01
1.0158e+01
1.0139e+01
1.0129e+01
1.0123e+01
1.0107e+01
1.0091e+01
1.0078e+01
1.0066e+01
1.0053e+01
1.0037e+01
1.0024e+01
1.0011e+01
9.9987e+00
9.9860e+00
9.9764e+00
9.9669e+00
9.9510e+00
9.9318e+00
9.9223e+00
9.9127e+00
9.8936e+00
9.8809e+00
9.8681e+00
9.8554e+00
9.8394e+00
9.8203e+00
9.8203e+00
9.8107e+00
9.7948e+00
9.7820e+00
9.7693e+00
9.7661e+00
9.7501e+00
9.7342e+00
9.7246e+00
9.7086e+00
9.6927e+00
9.6767e+00
9.6608e+00
9.6448e+00
9.6289e+00
9.6161e+00
9.6033e+00
9.5905e+00
9.5778e+00
9.5682e+00
9.5554e+00
9.5426e+00
9.5299e+00
9.5139e+00
9.5011e+00
9.4787e+00
9.4660e+00
9.4532e+00
9.4404e+00
9.4276e+00
9.4116e+00
9.4052e+00
9.3956e+00
9.3733e+00
9.3669e+00
9.3541e+00
9.3381e+00
9.3253e+00
9.3189e+00
9.3093e+00
9.2869e+00
9.2677e+00
9.2613e+00
9.2453e+00
9.2261e+00
9.2101e+00
9.1973e+00
9.1813e+00
9.1685e+00
9.1589e+00
9.1461e+00
9.1397e+00
9.1173e+00
9.1077e+00
9.0884e+00
9.0756e+00
9.0660e+00
9.0500e+00
9.0340e+00
9.0147e+00
8.9987e+00
8.9795e+00
8.9667e+00
8.9506e+00
8.9378e+00
8.9218e+00
8.9090e+00
8.8961e+00
8.8769e+00
8.8673e+00
8.8576e+00
8.8384e+00
8.8256e+00
8.8095e+00
8.7935e+00
8.7742e+00
8.7582e+00
8.7485e+00
8.7389e+00
8.7196e+00
8.7100e+00
8.7036e+00
8.6843e+00
8.6715e+00
8.6586e+00
8.6426e+00
8.6265e+00
8.6137e+00
8.5944e+00
8.5815e+00
8.5655e+00
8.5526e+00
8.5365e+00
8.5205e+00
8.5108e+00
8.4948e+00
8.4787e+00
8.4658e+00
8.4529e+00
8.4369e+00
8.4176e+00
8.4047e+00
8.3983e+00
8.3886e+00
8.3661e+00
8.3532e+00
8.3371e+00
8.3210e+00
8.3017e+00
8.2889e+00
8.2792e+00
8.2599e+00
8.2534e+00
8.2438e+00
8.2277e+00
8.2084e+00
8.1922e+00
8.1794e+00
8.1697e+00
8.1504e+00
8.1343e+00
8.1181e+00
8.0988e+00
8.0891e+00
8.0827e+00
8.0601e+00
8.0537e+00
8.0408e+00
8.0182e+00
8.0021e+00
7.9892e+00
7.9731e+00
7.9569e+00
7.9473e+00
7.9311e+00
7.9118e+00
7.8956e+00
7.8763e+00
7.8666e+00
7.8537e+00
7.8375e+00
7.8182e+00
7.8085e+00
7.7956e+00
7.7794e+00
7.7665e+00
7.7503e+00
7.7342e+00
7.7180e+00
7.7084e+00
7.6922e+00
7.6696e+00
7.6502e+00
7.6437e+00
7.6243e+00
7.6146e+00
7.5952e+00
7.5791e+00
7.5629e+00
7.5467e+00
7.5370e+00
7.5241e+00
7.5079e+00
7.4917e+00
7.4691e+00
7.4529e+00
7.4400e+00
7.4335e+00
7.4141e+00
7.4044e+00
7.3849e+00
7.3688e+00
7.3590e+00
7.3429e+00
7.3234e+00
7.3040e+00
7.2975e+00
7.2878e+00
7.2716e+00
7.2684e+00
7.2457e+00
7.2360e+00
7.2230e+00
7.2068e+00
7.1906e+00
7.1744e+00
7.1582e+00
7.1452e+00
7.1257e+00
7.1063e+00
7.0933e+00
7.0739e+00
7.0576e+00
7.0511e+00
7.0447e+00
7.0317e+00
7.0090e+00
6.9960e+00
6.9830e+00
6.9668e+00
6.9538e+00
6.9376e+00
6.9246e+00
6.9148e+00
6.9019e+00
6.8791e+00
6.8564e+00
6.8466e+00
6.8369e+00
6.8272e+00
6.8142e+00
6.7947e+00
6.7817e+00
6.7719e+00
6.7492e+00
6.7329e+00
6.7134e+00
6.7004e+00
6.6842e+00
6.6646e+00
6.6451e+00
6.6354e+00
6.6224e+00
6.6061e+00
6.5963e+00
6.5833e+00
6.5703e+00
6.5605e+00
6.5443e+00
6.5345e+00
6.5247e+00
6.5150e+00
6.4889e+00
6.4759e+00
6.4662e+00
6.4531e+00
6.4368e+00
6.4206e+00
6.4108e+00
6.3847e+00
6.3750e+00
6.3684e+00
6.3522e+00
6.3359e+00
6.3228e+00
6.3098e+00
6.2902e+00
6.2772e+00
6.2576e+00
6.2316e+00
6.2153e+00
6.2055e+00
6.1859e+00
6.1663e+00
6.1533e+00
6.1402e+00
6.1305e+00
6.1174e+00
6.1011e+00
6.0782e+00
6.0652e+00
6.0619e+00
6.0423e+00
6.0227e+00
6.0162e+00
5.9999e+00
5.9738e+00
5.9574e+00
5.9476e+00
5.9248e+00
5.9150e+00
5.8921e+00
5.8790e+00
5.8660e+00
5.8464e+00
5.8333e+00
5.8202e+00
5.8006e+00
5.7842e+00
5.7744e+00
5.7548e+00
5.7417e+00
5.7286e+00
5.7025e+00
5.6861e+00
5.6730e+00
5.6632e+00
5.6501e+00
5.6272e+00
5.6141e+00
5.6010e+00
5.5912e+00
5.5749e+00
5.5618e+00
5.5421e+00
5.5257e+00
5.5159e+00
5.4897e+00
5.4733e+00
5.4569e+00
5.4373e+00
5.4307e+00
5.4176e+00
5.4045e+00
5.3980e+00
5.3783e+00
5.3619e+00
5.3455e+00
5.3324e+00
5.3226e+00
5.3062e+00
5.2865e+00
5.2701e+00
5.2471e+00
5.2373e+00
5.2340e+00
5.2176e+00
5.2012e+00
5.1914e+00
5.1815e+00
5.1651e+00
5.1553e+00
5.1454e+00
5.1257e+00
5.1126e+00
5.0962e+00
5.0797e+00
5.0633e+00
5.0502e+00
5.0370e+00
5.0206e+00
5.0042e+00
4.9911e+00
4.9779e+00
4.9713e+00
4.9582e+00
4.9385e+00
4.9220e+00
4.9122e+00
4.8990e+00
4.8826e+00
4.8793e+00
4.8596e+00
4.8497e+00
4.8365e+00
4.8168e+00
4.8037e+00
4.7905e+00
4.7708e+00
4.7477e+00
4.7346e+00
4.7214e+00
4.7082e+00
4.6951e+00
4.6852e+00
4.6720e+00
4.6523e+00
4.6358e+00
4.6226e+00
4.6128e+00
4.5963e+00
4.5732e+00
4.5633e+00
4.5370e+00
4.5139e+00
4.5073e+00
4.5073e+00
4.4942e+00
4.4645e+00
4.4480e+00
4.4348e+00
4.4216e+00
4.3985e+00
4.3854e+00
4.3755e+00
4.3491e+00
4.3260e+00
4.3128e+00
4.2963e+00
4.2765e+00
4.2666e+00
4.2468e+00
4.2336e+00
4.2204e+00
4.2072e+00
4.1973e+00
4.1774e+00
4.1675e+00
4.1477e+00
4.1345e+00
4.1279e+00
4.1147e+00
4.1048e+00
4.0850e+00
4.0651e+00
4.0618e+00
4.0453e+00
4.0321e+00
4.0156e+00
4.0023e+00
3.9957e+00
3.9825e+00
3.9594e+00
3.9494e+00
3.9362e+00
3.9197e+00
3.8998e+00
3.8800e+00
3.8734e+00
3.8634e+00
3.8469e+00
3.8337e+00
3.8204e+00
3.7973e+00
3.7840e+00
3.7807e+00
3.7641e+00
3.7476e+00
3.7310e+00
3.7277e+00
3.7145e+00
3.7045e+00
3.6814e+00
3.6681e+00
3.6515e+00
3.6350e+00
3.6250e+00
3.6052e+00
3.5886e+00
3.5720e+00
3.5455e+00
3.5289e+00
3.5223e+00
3.5057e+00
3.4925e+00
3.4825e+00
3.4626e+00
3.4493e+00
3.4394e+00
3.4162e+00
3.3929e+00
3.3797e+00
3.3730e+00
3.3498e+00
3.3266e+00
3.3199e+00
3.3066e+00
3.2900e+00
3.2701e+00
3.2602e+00
3.2436e+00
3.2236e+00
3.2103e+00
3.1904e+00
3.1738e+00
3.1572e+00
3.1372e+00
3.1273e+00
3.1140e+00
3.0907e+00
3.0741e+00
3.0575e+00
3.0442e+00
3.0275e+00
3.0109e+00
3.0009e+00
2.9810e+00
2.9577e+00
2.9477e+00
2.9377e+00
2.9178e+00
2.9044e+00
2.8845e+00
2.8745e+00
2.8612e+00
2.8445e+00
2.8345e+00
2.8212e+00
2.8112e+00
2.7946e+00
2.7746e+00
2.7579e+00
2.7479e+00
2.7413e+00
2.7246e+00
2.7146e+00
2.6946e+00
2.6813e+00
2.6680e+00
2.6513e+00
2.6313e+00
2.6246e+00
2.6246e+00
2.6046e+00
2.5813e+00
2.5713e+00
2.5613e+00
2.5513e+00
2.5346e+00
2.5313e+00
2.5179e+00
2.5012e+00
2.4879e+00
2.4779e+00
2.4645e+00
2.4512e+00
2.4378e+00
2.4245e+00
2.4111e+00
2.3944e+00
2.3811e+00
2.3777e+00
2.3711e+00
2.3611e+00
2.3444e+00
2.3277e+00
2.3143e+00
2.2976e+00
2.2842e+00
2.2776e+00
2.2675e+00
2.2542e+00
2.2408e+00
2.2274e+00
2.2107e+00
2.2040e+00
2.1940e+00
2.1740e+00
2.1639e+00
2.1505e+00
2.1372e+00
2.1238e+00
2.1138e+00
2.1004e+00
2.0837e+00
2.0736e+00
2.0569e+00
2.0402e+00
2.0268e+00
2.0067e+00
1.9967e+00
1.9799e+00
1.9732e+00
1.9666e+00
1.9431e+00
1.9264e+00
1.9130e+00
1.9029e+00
1.8862e+00
1.8728e+00
1.8594e+00
1.8393e+00
1.8259e+00
1.8125e+00
1.7991e+00
1.7823e+00
1.7689e+00
1.7555e+00
1.7388e+00
1.7254e+00
1.7086e+00
1.6986e+00
1.6851e+00
1.6751e+00
1.6583e+00
1.6382e+00
1.6214e+00
1.6080e+00
1.5946e+00
1.5879e+00
1.5745e+00
1.5543e+00
1.5409e+00
1.5241e+00
1.5140e+00
1.4973e+00
1.4838e+00
1.4738e+00
1.4536e+00
1.4402e+00
1.4301e+00
1.4167e+00
1.3965e+00
1.3864e+00
1.3663e+00
1.3529e+00
1.3461e+00
1.3293e+00
1.3125e+00
1.2957e+00
1.2856e+00
1.2756e+00
1.2587e+00
1.2554e+00
1.2352e+00
1.2285e+00
1.2083e+00
1.1915e+00
1.1814e+00
1.1579e+00
1.1444e+00
1.1276e+00
1.1108e+00
1.0872e+00
1.0737e+00
1.0637e+00
1.0502e+00
1.0401e+00
1.0367e+00
1.0199e+00
1.0031e+00
9.9295e-01
9.7275e-01
9.5591e-01
9.3907e-01
9.2897e-01
9.1886e-01
9.0201e-01
8.9528e-01
8.8180e-01
8.6832e-01
8.5147e-01
8.4810e-01
8.3125e-01
8.1777e-01
8.0765e-01
7.9080e-01
7.8068e-01
7.7057e-01
7.6045e-01
7.4696e-01
7.3347e-01
7.1998e-01
7.0312e-01
6.8963e-01
6.7950e-01
6.8288e-01
6.7276e-01
6.5926e-01
6.5251e-01
6.3902e-01
6.3564e-01
6.2214e-01
6.1539e-01
5.9852e-01
5.8839e-01
5.8839e-01
5.7827e-01
5.6139e-01
5.5126e-01
5.4113e-01
5.3775e-01
5.2762e-01
5.2424e-01
5.1749e-01
5.1749e-01
5.1411e-01
5.1074e-01
5.0736e-01
4.9723e-01
4.9047e-01
4.9385e-01
4.8710e-01
4.7696e-01
4.7021e-01
4.6683e-01
4.5669e-01
4.4656e-01
4.4318e-01
4.3304e-01
4.2629e-01
4.1615e-01
4.0939e-01
4.0263e-01
3.9587e-01
3.9587e-01
3.8236e-01
3.7222e-01
3.6208e-01
3.5870e-01
3.4517e-01
3.3165e-01
3.2489e-01
3.2151e-01
3.1137e-01
3.0122e-01
2.9108e-01
2.8769e-01
2.7417e-01
2.6740e-01
2.6740e-01
2.5049e-01
2.2681e-01
2.2681e-01
2.0990e-01
1.9298e-01
1.8283e-01
1.6591e-01
1.5237e-01
1.4899e-01
1.3883e-01
1.1852e-01
1.0160e-01
1.0160e-01
1.0160e-01
8.1282e-02
6.7738e-02
6.4352e-02
5.7579e-02
5.7579e-02
4.7419e-02
5.0806e-02
0000
8.4668e-02
1.0498e-01
3.0485e-02
4.0646e-02
3.0485e-02
3.0485e-02
3.0485e-02
2.3711e-02
3.0485e-02
2.3711e-02
4.0646e-02
4.0646e-02
4.4033e-02
9.4825e-02
7.1124e-02
9.1440e-02
1.1175e-01
1.1175e-01
1.3545e-01
1.3545e-01
1.5237e-01
1.5914e-01
1.7606e-01
1.8621e-01
1.9975e-01
2.0990e-01
2.2343e-01
2.2681e-01
2.4373e-01
2.4711e-01
2.5726e-01
2.5049e-01
2.5049e-01
2.5388e-01
2.5388e-01
2.6064e-01
2.6064e-01
2.6402e-01
2.7417e-01
2.7079e-01
3.3165e-01
2.5388e-01
2.2681e-01
2.7079e-01
2.6740e-01
2.8093e-01
2.6740e-01
2.8093e-01
2.9108e-01
2.9108e-01
2.7755e-01
2.8093e-01
2.8093e-01
2.6740e-01
2.7417e-01
2.7755e-01
2.8431e-01
2.7079e-01
2.8431e-01
2.9108e-01
2.8093e-01
2.8769e-01
2.8431e-01
2.9108e-01
2.9108e-01
3.1475e-01
3.2489e-01
3.0122e-01
3.3841e-01
3.4517e-01
3.3165e-01
3.5870e-01
3.7222e-01
3.4179e-01
3.8574e-01
3.9925e-01
