3.9981e+00
3.9841e+00
3.9646e+00
3.9424e+00
3.9201e+00
3.9006e+00
3.8839e+00
3.8644e+00
3.8448e+00
3.8281e+00
3.8142e+00
3.8058e+00
3.7947e+00
3.7975e+00
3.7835e+00
3.7863e+00
3.7779e+00
3.7947e+00
3.7779e+00
3.7863e+00
3.7863e+00
3.8002e+00
3.8114e+00
3.8253e+00
3.8281e+00
3.8504e+00
3.8560e+00
3.8699e+00
3.8783e+00
3.9006e+00
3.9089e+00
3.9173e+00
3.9201e+00
3.9229e+00
3.9312e+00
3.9396e+00
3.9424e+00
3.9507e+00
3.9591e+00
3.9674e+00
3.9758e+00
3.9813e+00
3.9841e+00
3.9925e+00
3.9953e+00
4.0036e+00
4.0008e+00
4.0036e+00
4.0092e+00
4.0148e+00
4.0036e+00
4.0092e+00
4.0064e+00
4.0064e+00
4.0036e+00
3.9953e+00
3.9925e+00
3.9702e+00
3.9674e+00
3.9507e+00
3.9368e+00
3.9284e+00
3.9201e+00
3.9034e+00
3.8950e+00
3.8839e+00
3.8671e+00
3.8532e+00
3.8393e+00
3.8198e+00
3.8058e+00
3.7863e+00
3.7724e+00
3.7528e+00
3.7445e+00
3.7250e+00
3.7026e+00
3.6887e+00
3.6719e+00
3.6608e+00
3.6468e+00
3.6217e+00
3.5966e+00
3.5659e+00
3.5491e+00
3.5296e+00
3.5100e+00
3.4849e+00
3.4625e+00
3.4402e+00
3.4262e+00
3.4066e+00
3.3843e+00
3.3647e+00
3.3535e+00
3.3311e+00
3.3060e+00
3.2836e+00
3.2640e+00
3.2472e+00
3.2388e+00
3.2080e+00
3.1856e+00
3.1716e+00
3.1549e+00
3.1296e+00
3.1100e+00
3.0904e+00
3.0708e+00
3.0484e+00
3.0260e+00
3.0092e+00
2.9980e+00
2.9699e+00
2.9559e+00
2.9363e+00
2.9139e+00
2.8970e+00
2.8858e+00
2.8662e+00
2.8550e+00
2.8409e+00
2.8325e+00
2.8185e+00
2.8101e+00
2.8044e+00
2.8016e+00
2.8016e+00
2.7988e+00
2.7988e+00
2.7960e+00
2.7932e+00
2.7904e+00
2.7932e+00
2.7932e+00
2.7876e+00
2.7960e+00
2.7960e+00
2.7932e+00
2.7960e+00
2.7988e+00
2.8044e+00
2.8073e+00
2.8101e+00
2.8044e+00
2.8073e+00
2.8073e+00
2.8129e+00
2.8129e+00
2.8073e+00
2.8101e+00
2.8073e+00
2.8073e+00
2.8101e+00
2.8157e+00
2.8185e+00
2.8157e+00
2.8213e+00
2.8157e+00
2.8129e+00
2.8101e+00
2.8044e+00
2.7960e+00
2.7960e+00
2.7904e+00
2.7848e+00
2.7820e+00
2.7736e+00
2.7736e+00
2.7680e+00
2.7623e+00
2.7595e+00
2.7567e+00
2.7483e+00
2.7315e+00
2.7258e+00
2.7090e+00
2.6978e+00
2.6837e+00
2.6669e+00
2.6500e+00
2.6416e+00
2.6303e+00
2.6107e+00
2.5994e+00
2.5769e+00
2.5601e+00
2.5376e+00
2.5235e+00
2.5151e+00
2.4982e+00
2.4898e+00
2.4814e+00
2.4757e+00
2.4645e+00
2.4476e+00
2.4392e+00
2.4335e+00
2.4195e+00
2.4082e+00
2.4026e+00
2.3998e+00
2.3829e+00
2.3801e+00
2.3801e+00
2.3744e+00
2.3744e+00
2.3660e+00
2.3632e+00
2.3519e+00
2.3519e+00
2.3435e+00
2.3435e+00
2.3463e+00
2.3463e+00
2.3519e+00
2.3575e+00
2.3604e+00
2.3716e+00
2.3857e+00
2.3801e+00
2.3941e+00
2.4082e+00
2.4223e+00
2.4392e+00
2.4476e+00
2.4532e+00
2.4673e+00
2.4814e+00
2.4982e+00
2.5038e+00
2.5207e+00
2.5292e+00
2.5376e+00
2.5516e+00
2.5629e+00
2.5685e+00
2.5910e+00
2.5966e+00
2.6163e+00
2.6275e+00
2.6500e+00
2.6584e+00
2.6950e+00
2.7174e+00
2.7708e+00
2.8016e+00
2.8550e+00
2.8914e+00
2.9447e+00
2.9783e+00
3.0512e+00
3.0960e+00
3.1381e+00
3.1549e+00
3.1744e+00
3.1800e+00
3.2164e+00
3.2360e+00
3.2556e+00
3.2640e+00
3.2640e+00
3.2584e+00
3.2444e+00
3.2360e+00
3.2304e+00
3.2136e+00
3.2080e+00
3.1940e+00
3.1800e+00
3.1633e+00
3.1465e+00
3.1184e+00
3.1044e+00
3.0820e+00
3.0596e+00
3.0400e+00
3.0176e+00
3.0092e+00
2.9812e+00
2.9559e+00
2.9419e+00
2.9279e+00
2.9026e+00
2.8774e+00
2.8550e+00
2.8381e+00
2.8157e+00
2.7904e+00
2.7595e+00
2.7483e+00
2.7202e+00
2.7034e+00
2.6809e+00
2.6641e+00
2.6360e+00
2.6219e+00
2.5994e+00
2.5882e+00
2.5741e+00
2.5629e+00
2.5404e+00
2.5207e+00
2.4954e+00
2.4954e+00
2.4757e+00
2.4532e+00
2.4307e+00
2.4223e+00
2.4110e+00
2.3941e+00
2.3688e+00
2.3604e+00
2.3322e+00
2.3238e+00
2.3041e+00
2.2900e+00
2.2787e+00
2.2731e+00
2.2562e+00
2.2421e+00
2.2308e+00
2.2252e+00
2.2083e+00
2.1970e+00
2.1801e+00
2.1773e+00
2.1632e+00
2.1576e+00
2.1378e+00
2.1350e+00
2.1350e+00
2.1237e+00
2.1068e+00
2.0984e+00
2.0871e+00
2.0730e+00
2.0589e+00
2.0391e+00
2.0166e+00
1.9996e+00
1.9686e+00
1.9601e+00
1.9404e+00
1.9263e+00
1.9121e+00
1.8952e+00
1.8839e+00
1.8670e+00
1.8557e+00
1.8472e+00
1.8274e+00
1.8161e+00
1.8020e+00
1.7907e+00
1.7766e+00
1.7596e+00
1.7455e+00
1.7342e+00
1.7144e+00
1.7031e+00
1.6974e+00
1.6804e+00
1.6635e+00
1.6493e+00
1.6239e+00
1.6097e+00
1.5984e+00
1.5843e+00
1.5616e+00
1.5503e+00
1.5333e+00
1.5192e+00
1.5022e+00
1.4965e+00
1.4796e+00
1.4626e+00
1.4456e+00
1.4371e+00
1.4257e+00
1.4173e+00
1.4088e+00
1.3946e+00
1.3833e+00
1.3719e+00
1.3606e+00
1.3379e+00
1.3209e+00
1.3152e+00
1.2954e+00
1.2784e+00
1.2529e+00
1.2472e+00
1.2302e+00
1.2160e+00
1.2047e+00
1.1876e+00
1.1820e+00
1.1678e+00
1.1508e+00
1.1422e+00
1.1309e+00
1.1139e+00
1.0968e+00
1.0883e+00
1.0628e+00
1.0542e+00
1.0486e+00
1.0400e+00
1.0344e+00
1.0145e+00
1.0088e+00
1.0003e+00
9.8041e-01
9.7188e-01
9.5200e-01
9.4063e-01
9.2358e-01
9.1505e-01
8.9516e-01
8.8095e-01
8.6958e-01
8.5820e-01
8.4114e-01
8.3261e-01
8.2977e-01
8.2124e-01
8.0702e-01
7.9564e-01
7.8142e-01
7.7289e-01
7.6151e-01
7.5013e-01
7.4159e-01
7.3590e-01
7.1883e-01
7.0460e-01
7.0175e-01
6.9321e-01
6.7329e-01
6.6475e-01
6.4767e-01
6.3058e-01
6.1919e-01
6.0496e-01
5.9926e-01
5.9072e-01
5.7647e-01
5.5938e-01
5.4799e-01
5.3659e-01
5.2234e-01
5.1380e-01
4.9955e-01
4.9385e-01
4.7960e-01
4.6820e-01
4.6250e-01
4.4824e-01
4.3684e-01
4.3114e-01
4.1688e-01
4.0262e-01
3.8551e-01
3.7125e-01
3.5414e-01
3.4843e-01
3.3702e-01
3.2275e-01
3.0849e-01
2.9993e-01
2.9422e-01
2.7710e-01
2.6853e-01
2.6568e-01
2.5712e-01
2.4570e-01
2.3142e-01
2.2286e-01
2.1715e-01
2.0002e-01
1.8574e-01
1.7717e-01
1.6860e-01
1.5432e-01
1.4575e-01
1.3433e-01
1.1719e-01
1.0576e-01
9.7184e-02
9.4327e-02
8.5754e-02
7.7181e-02
6.5749e-02
5.1458e-02
5.1458e-02
4.5741e-02
3.7166e-02
2.8590e-02
1.4295e-02
1.7154e-02
1.4295e-02
1.1436e-02
8.5770e-03
2.8590e-03
5.7180e-03
2.8590e-03
2.8590e-03
2.8590e-03
0000
8.5770e-03
1.4295e-02
1.4295e-02
3.1449e-02
4.2883e-02
6.0033e-02
8.0039e-02
1.1719e-01
1.4861e-01
1.9431e-01
2.3142e-01
2.9993e-01
3.5414e-01
4.2828e-01
4.9100e-01
5.8502e-01
6.6190e-01
7.7289e-01
8.7526e-01
1.0060e+00
1.1281e+00
1.2784e+00
1.4399e+00
1.6154e+00
1.7935e+00
2.0053e+00
2.2139e+00
2.4673e+00
2.7539e+00
3.1352e+00
3.4709e+00
3.8978e+00
4.2456e+00
4.6010e+00
4.9306e+00
5.2568e+00
5.5904e+00
5.9371e+00
6.2555e+00
6.5569e+00
6.8549e+00
7.1523e+00
7.4491e+00
7.7751e+00
8.0815e+00
8.3413e+00
8.5548e+00
8.7436e+00
8.9080e+00
9.0803e+00
9.2094e+00
9.3356e+00
9.4511e+00
9.5449e+00
9.6468e+00
9.7325e+00
9.8129e+00
9.9012e+00
9.9734e+00
1.0048e+01
1.0136e+01
1.0230e+01
1.0358e+01
1.0478e+01
1.0497e+01
1.0547e+01
1.0568e+01
1.0606e+01
1.0627e+01
1.0667e+01
1.0736e+01
1.0856e+01
1.1121e+01
1.1339e+01
1.1397e+01
1.1439e+01
1.1455e+01
1.1453e+01
1.1423e+01
1.1400e+01
1.1370e+01
1.1339e+01
1.1288e+01
1.1251e+01
1.1211e+01
1.1166e+01
1.1113e+01
1.1068e+01
1.1023e+01
1.0978e+01
1.0935e+01
1.0893e+01
1.0842e+01
1.0784e+01
1.0733e+01
1.0678e+01
1.0619e+01
1.0568e+01
1.0523e+01
1.0481e+01
1.0433e+01
1.0366e+01
1.0321e+01
1.0275e+01
1.0235e+01
1.0190e+01
1.0147e+01
1.0107e+01
1.0086e+01
1.0056e+01
1.0024e+01
9.9948e+00
9.9627e+00
9.9333e+00
9.9012e+00
9.8691e+00
9.8396e+00
9.8075e+00
9.7781e+00
9.7513e+00
9.7325e+00
9.6924e+00
9.6709e+00
9.6468e+00
9.6254e+00
9.6066e+00
9.5771e+00
9.5449e+00
9.5315e+00
9.5128e+00
9.5020e+00
9.4618e+00
9.4350e+00
9.4135e+00
9.3866e+00
9.3705e+00
9.3517e+00
9.3303e+00
9.3034e+00
9.2685e+00
9.2416e+00
9.2067e+00
9.1744e+00
9.1421e+00
9.1179e+00
9.0884e+00
9.0615e+00
9.0238e+00
8.9861e+00
8.9457e+00
8.9242e+00
8.8892e+00
8.8487e+00
8.8164e+00
8.7948e+00
8.7598e+00
8.7220e+00
8.6897e+00
8.6465e+00
8.6087e+00
8.5764e+00
8.5413e+00
8.5034e+00
8.4548e+00
8.4197e+00
8.3683e+00
8.3386e+00
8.3062e+00
8.2764e+00
8.2331e+00
8.2061e+00
8.1736e+00
8.1492e+00
8.1140e+00
8.0842e+00
8.0571e+00
8.0409e+00
8.0084e+00
7.9921e+00
7.9623e+00
7.9433e+00
7.9243e+00
7.8999e+00
7.8891e+00
7.8674e+00
7.8593e+00
7.8457e+00
7.8321e+00
7.8131e+00
7.8158e+00
7.8050e+00
7.8158e+00
7.8267e+00
7.8376e+00
7.8403e+00
7.8620e+00
7.8728e+00
7.8999e+00
7.9216e+00
7.9460e+00
7.9731e+00
8.0084e+00
8.0409e+00
8.0788e+00
8.0978e+00
8.1357e+00
8.1573e+00
8.2006e+00
8.2250e+00
8.2710e+00
8.2980e+00
8.3197e+00
8.3359e+00
8.3575e+00
8.3792e+00
8.3981e+00
8.4116e+00
8.4278e+00
8.4413e+00
8.4575e+00
8.4656e+00
8.4818e+00
8.4980e+00
8.5061e+00
8.5088e+00
8.5305e+00
8.5440e+00
8.5575e+00
8.5737e+00
8.5925e+00
8.5979e+00
8.6060e+00
8.6006e+00
8.5979e+00
8.5979e+00
8.5952e+00
8.5979e+00
8.5737e+00
8.5575e+00
8.5305e+00
8.5061e+00
8.4791e+00
8.4602e+00
8.4332e+00
8.4062e+00
8.3765e+00
8.3521e+00
8.3116e+00
8.2980e+00
8.2818e+00
8.2791e+00
8.2602e+00
8.2331e+00
8.2034e+00
8.2006e+00
8.1817e+00
8.1655e+00
8.1465e+00
8.1303e+00
8.1059e+00
8.0842e+00
8.0517e+00
8.0382e+00
8.0111e+00
7.9867e+00
7.9515e+00
7.9298e+00
7.9026e+00
7.8782e+00
7.8538e+00
7.8348e+00
7.8023e+00
7.7806e+00
7.7589e+00
7.7453e+00
7.7236e+00
7.7018e+00
7.6828e+00
7.6692e+00
7.6638e+00
7.6475e+00
7.6312e+00
7.6095e+00
7.5932e+00
7.5714e+00
7.5524e+00
7.5334e+00
7.4953e+00
7.4763e+00
7.4518e+00
7.4328e+00
7.4028e+00
7.3865e+00
7.3674e+00
7.3538e+00
7.3239e+00
7.3048e+00
7.2885e+00
7.2694e+00
7.2449e+00
7.2259e+00
7.2095e+00
7.2068e+00
7.1850e+00
7.1605e+00
7.1359e+00
7.1250e+00
7.1005e+00
7.0787e+00
7.0568e+00
7.0405e+00
7.0050e+00
6.9886e+00
6.9668e+00
6.9368e+00
6.9204e+00
6.9150e+00
6.8767e+00
6.8576e+00
6.8521e+00
6.8276e+00
6.8084e+00
6.7948e+00
6.7784e+00
6.7702e+00
6.7565e+00
6.7456e+00
6.7265e+00
6.7046e+00
6.6964e+00
6.6800e+00
6.6690e+00
6.6554e+00
6.6636e+00
6.6444e+00
6.6089e+00
6.5925e+00
6.5596e+00
6.5432e+00
6.5186e+00
6.4967e+00
6.4830e+00
6.4693e+00
6.4529e+00
6.4446e+00
6.4309e+00
6.4200e+00
6.4090e+00
6.3899e+00
6.3679e+00
6.3570e+00
6.3323e+00
6.3159e+00
6.3022e+00
6.2884e+00
6.2775e+00
6.2720e+00
6.2720e+00
6.2583e+00
6.2528e+00
6.2583e+00
6.2665e+00
6.2857e+00
6.3049e+00
6.3350e+00
6.3981e+00
6.4556e+00
6.5350e+00
6.6198e+00
6.7429e+00
6.8713e+00
7.0459e+00
7.2313e+00
7.4518e+00
7.6692e+00
7.9352e+00
8.2006e+00
8.5683e+00
8.9484e+00
9.4645e+00
9.9172e+00
1.0457e+01
1.0909e+01
1.1429e+01
1.1936e+01
1.2436e+01
1.2980e+01
1.3489e+01
1.4185e+01
1.4794e+01
1.5454e+01
1.6061e+01
1.6805e+01
1.7479e+01
1.8201e+01
1.8795e+01
1.9590e+01
2.0257e+01
2.1108e+01
2.1976e+01
2.2917e+01
2.3782e+01
2.4621e+01
2.5478e+01
2.6386e+01
2.7454e+01
2.8441e+01
2.9525e+01
3.0654e+01
3.2012e+01
3.3259e+01
3.4477e+01
3.5548e+01
3.6676e+01
3.7647e+01
3.8610e+01
3.9481e+01
4.0414e+01
4.1253e+01
4.2133e+01
4.3101e+01
4.4138e+01
4.5088e+01
4.5985e+01
4.6960e+01
4.7871e+01
4.9373e+01
5.1018e+01
5.2020e+01
5.2981e+01
5.4145e+01
5.5200e+01
5.6017e+01
5.6997e+01
5.7931e+01
5.8652e+01
5.9446e+01
6.0243e+01
6.1078e+01
6.1886e+01
6.2722e+01
6.3585e+01
6.4532e+01
6.5457e+01
6.6381e+01
6.7143e+01
6.7993e+01
6.8829e+01
7.0049e+01
7.1145e+01
7.2046e+01
7.2836e+01
7.3862e+01
7.4894e+01
7.5789e+01
7.6995e+01
7.8124e+01
7.9355e+01
8.0425e+01
8.1320e+01
8.2098e+01
8.2932e+01
8.3649e+01
8.4304e+01
8.4988e+01
8.5558e+01
8.6166e+01
8.6724e+01
8.7244e+01
8.7824e+01
8.8487e+01
8.9317e+01
8.9773e+01
9.0160e+01
9.0537e+01
9.0824e+01
9.1107e+01
9.1327e+01
9.1630e+01
9.1969e+01
9.2320e+01
9.2634e+01
9.2993e+01
9.3201e+01
9.3393e+01
9.3560e+01
9.3687e+01
9.3743e+01
9.3803e+01
9.3841e+01
9.3916e+01
9.3962e+01
9.4088e+01
9.4219e+01
9.4284e+01
9.4446e+01
9.4653e+01
9.4935e+01
9.5125e+01
9.5331e+01
9.5439e+01
9.5730e+01
9.5839e+01
9.5907e+01
9.5946e+01
9.5973e+01
9.6132e+01
9.6256e+01
9.6272e+01
9.6276e+01
9.6253e+01
9.6206e+01
9.6147e+01
9.6074e+01
9.5995e+01
9.5927e+01
9.5933e+01
9.5957e+01
9.5922e+01
9.5894e+01
9.5906e+01
9.5882e+01
9.5787e+01
9.5678e+01
9.5568e+01
9.5450e+01
9.5326e+01
9.5213e+01
9.5097e+01
9.4988e+01
9.4887e+01
9.4780e+01
9.4664e+01
9.4545e+01
9.4411e+01
9.4278e+01
9.4132e+01
9.4001e+01
9.3851e+01
9.3717e+01
9.3580e+01
9.3459e+01
9.3327e+01
9.3209e+01
9.3064e+01
9.2937e+01
9.2792e+01
9.2662e+01
9.2523e+01
9.2408e+01
9.2284e+01
9.2178e+01
9.2049e+01
9.1952e+01
9.1846e+01
9.1755e+01
9.1640e+01
9.1560e+01
9.1454e+01
9.1376e+01
9.1285e+01
9.1206e+01
9.1108e+01
9.1027e+01
9.0936e+01
9.0863e+01
9.0778e+01
9.0714e+01
9.0625e+01
9.0551e+01
9.0457e+01
9.0388e+01
9.0312e+01
9.0266e+01
9.0201e+01
9.0160e+01
9.0125e+01
9.0129e+01
9.0135e+01
9.0187e+01
9.0208e+01
9.0205e+01
9.0159e+01
9.0136e+01
9.0071e+01
9.0057e+01
9.0016e+01
9.0042e+01
9.0008e+01
8.9968e+01
8.9898e+01
8.9838e+01
8.9761e+01
8.9695e+01
8.9612e+01
8.9531e+01
8.9443e+01
8.9360e+01
8.9279e+01
8.9199e+01
8.9101e+01
8.9008e+01
8.8917e+01
8.8839e+01
8.8749e+01
8.8660e+01
8.8566e+01
8.8490e+01
8.8403e+01
8.8305e+01
8.8219e+01
8.8133e+01
8.8047e+01
8.7977e+01
8.7895e+01
8.7826e+01
8.7759e+01
8.7707e+01
8.7638e+01
8.7582e+01
8.7513e+01
8.7468e+01
8.7516e+01
8.7572e+01
8.7566e+01
8.7575e+01
8.7579e+01
8.7568e+01
8.7559e+01
8.7520e+01
8.7478e+01
8.7438e+01
8.7388e+01
8.7352e+01
8.7297e+01
8.7247e+01
8.7192e+01
8.7126e+01
8.7065e+01
8.7003e+01
8.6938e+01
8.6872e+01
8.6807e+01
8.6742e+01
8.6667e+01
8.6596e+01
8.6517e+01
8.6440e+01
8.6364e+01
8.6293e+01
8.6221e+01
8.6151e+01
8.6073e+01
8.6003e+01
8.5940e+01
8.5871e+01
8.5804e+01
8.5732e+01
8.5664e+01
8.5608e+01
8.5542e+01
8.5476e+01
8.5425e+01
8.5369e+01
8.5311e+01
8.5267e+01
8.5227e+01
8.5196e+01
8.5206e+01
8.5186e+01
8.5140e+01
8.5090e+01
8.5022e+01
8.4963e+01
8.4905e+01
8.4849e+01
8.4788e+01
8.4732e+01
8.4678e+01
8.4624e+01
8.4572e+01
8.4515e+01
8.4456e+01
8.4411e+01
8.4359e+01
8.4309e+01
8.4254e+01
8.4204e+01
8.4187e+01
8.4221e+01
8.4315e+01
8.4370e+01
8.4382e+01
8.4361e+01
8.4343e+01
8.4301e+01
8.4252e+01
8.4203e+01
8.4140e+01
8.4084e+01
8.4023e+01
8.3967e+01
8.3908e+01
8.3856e+01
8.3803e+01
8.3743e+01
8.3687e+01
8.3636e+01
8.3580e+01
8.3520e+01
8.3474e+01
8.3430e+01
8.3396e+01
8.3378e+01
8.3361e+01
8.3340e+01
8.3318e+01
8.3297e+01
8.3271e+01
8.3228e+01
8.3180e+01
8.3150e+01
8.3108e+01
8.3061e+01
8.3008e+01
8.2971e+01
8.2916e+01
8.2880e+01
8.2841e+01
8.2809e+01
8.2766e+01
8.2737e+01
8.2695e+01
8.2665e+01
8.2621e+01
8.2588e+01
8.2554e+01
8.2536e+01
8.2504e+01
8.2468e+01
8.2436e+01
8.2412e+01
8.2367e+01
8.2332e+01
8.2294e+01
8.2262e+01
8.2226e+01
8.2194e+01
8.2151e+01
8.2107e+01
8.2065e+01
8.2015e+01
8.1966e+01
8.1916e+01
8.1873e+01
8.1831e+01
8.1784e+01
8.1741e+01
8.1701e+01
8.1650e+01
8.1610e+01
8.1564e+01
8.1512e+01
8.1471e+01
8.1424e+01
8.1384e+01
8.1332e+01
8.1282e+01
8.1233e+01
8.1193e+01
8.1141e+01
8.1097e+01
8.1037e+01
8.0985e+01
8.0928e+01
8.0868e+01
8.0807e+01
8.0747e+01
8.0687e+01
8.0627e+01
8.0568e+01
8.0512e+01
8.0453e+01
8.0394e+01
8.0340e+01
8.0283e+01
8.0234e+01
8.0180e+01
8.0126e+01
8.0072e+01
8.0024e+01
7.9973e+01
7.9919e+01
7.9864e+01
7.9816e+01
7.9770e+01
7.9719e+01
7.9658e+01
7.9604e+01
7.9543e+01
7.9487e+01
7.9430e+01
7.9371e+01
7.9318e+01
7.9267e+01
7.9220e+01
7.9173e+01
7.9129e+01
7.9078e+01
7.9028e+01
7.8984e+01
7.8938e+01
7.8888e+01
7.8844e+01
7.8805e+01
7.8763e+01
7.8705e+01
7.8669e+01
7.8628e+01
7.8586e+01
7.8535e+01
7.8493e+01
7.8441e+01
7.8388e+01
7.8339e+01
7.8295e+01
7.8240e+01
7.8181e+01
7.8141e+01
7.8093e+01
7.8034e+01
7.7995e+01
7.7957e+01
7.7923e+01
7.7888e+01
7.7856e+01
7.7828e+01
7.7809e+01
7.7774e+01
7.7740e+01
7.7706e+01
7.7669e+01
7.7628e+01
7.7588e+01
7.7552e+01
7.7522e+01
7.7482e+01
7.7446e+01
7.7403e+01
7.7355e+01
7.7302e+01
7.7257e+01
7.7214e+01
7.7178e+01
7.7146e+01
7.7108e+01
7.7057e+01
7.7024e+01
7.6992e+01
7.6946e+01
7.6921e+01
7.6925e+01
7.6906e+01
7.6876e+01
7.6852e+01
7.6824e+01
7.6779e+01
7.6744e+01
7.6711e+01
7.6664e+01
7.6628e+01
7.6596e+01
7.6553e+01
7.6500e+01
7.6459e+01
7.6404e+01
7.6360e+01
7.6305e+01
7.6260e+01
7.6220e+01
7.6185e+01
7.6140e+01
7.6110e+01
7.6073e+01
7.6028e+01
7.5988e+01
7.5951e+01
7.5913e+01
7.5870e+01
7.5829e+01
7.5802e+01
7.5757e+01
7.5712e+01
7.5677e+01
7.5638e+01
7.5596e+01
7.5559e+01
7.5524e+01
7.5480e+01
7.5422e+01
7.5381e+01
7.5324e+01
7.5277e+01
7.5231e+01
7.5187e+01
7.5142e+01
7.5109e+01
7.5066e+01
7.5030e+01
7.4985e+01
7.4946e+01
7.4914e+01
7.4885e+01
7.4846e+01
7.4812e+01
7.4781e+01
7.4742e+01
7.4710e+01
7.4672e+01
7.4643e+01
7.4609e+01
7.4578e+01
7.4556e+01
7.4518e+01
7.4489e+01
7.4452e+01
7.4416e+01
7.4369e+01
7.4336e+01
7.4304e+01
7.4274e+01
7.4245e+01
7.4219e+01
7.4185e+01
7.4160e+01
7.4146e+01
7.4116e+01
7.4087e+01
7.4063e+01
7.4043e+01
7.4015e+01
7.3983e+01
7.3961e+01
7.3940e+01
7.3922e+01
7.3896e+01
7.3872e+01
7.3850e+01
7.3832e+01
7.3808e+01
7.3777e+01
7.3752e+01
7.3728e+01
7.3685e+01
7.3653e+01
7.3610e+01
7.3582e+01
7.3543e+01
7.3515e+01
7.3491e+01
7.3461e+01
7.3425e+01
7.3399e+01
7.3366e+01
7.3330e+01
7.3299e+01
7.3263e+01
7.3228e+01
7.3197e+01
7.3171e+01
7.3136e+01
7.3100e+01
7.3072e+01
7.3031e+01
7.2998e+01
7.2967e+01
7.2934e+01
7.2896e+01
7.2869e+01
7.2838e+01
7.2792e+01
7.2744e+01
7.2706e+01
7.2665e+01
7.2617e+01
7.2579e+01
7.2541e+01
7.2496e+01
7.2465e+01
7.2427e+01
7.2384e+01
7.2346e+01
7.2311e+01
7.2273e+01
7.2235e+01
7.2200e+01
7.2162e+01
7.2126e+01
7.2089e+01
7.2044e+01
7.2008e+01
7.1971e+01
7.1933e+01
7.1888e+01
7.1848e+01
7.1808e+01
7.1777e+01
7.1735e+01
7.1695e+01
7.1640e+01
7.1600e+01
7.1557e+01
7.1500e+01
7.1455e+01
7.1422e+01
7.1377e+01
7.1332e+01
7.1287e+01
7.1248e+01
7.1202e+01
7.1158e+01
7.1120e+01
7.1081e+01
7.1041e+01
7.1004e+01
7.0969e+01
7.0935e+01
7.0895e+01
7.0858e+01
7.0825e+01
7.0786e+01
7.0751e+01
7.0712e+01
7.0672e+01
7.0633e+01
7.0591e+01
7.0551e+01
7.0499e+01
7.0464e+01
7.0425e+01
7.0388e+01
7.0353e+01
7.0322e+01
7.0290e+01
7.0253e+01
7.0226e+01
7.0196e+01
7.0171e+01
7.0137e+01
7.0113e+01
7.0088e+01
7.0063e+01
7.0047e+01
7.0029e+01
6.9997e+01
6.9978e+01
6.9949e+01
6.9934e+01
6.9904e+01
6.9892e+01
6.9873e+01
6.9856e+01
6.9833e+01
6.9809e+01
6.9777e+01
6.9770e+01
6.9763e+01
6.9758e+01
6.9758e+01
6.9772e+01
6.9767e+01
6.9774e+01
6.9777e+01
6.9801e+01
6.9809e+01
6.9840e+01
6.9848e+01
6.9887e+01
6.9907e+01
6.9936e+01
6.9958e+01
7.0000e+01
7.0020e+01
7.0039e+01
7.0071e+01
7.0096e+01
7.0122e+01
7.0144e+01
7.0176e+01
7.0194e+01
7.0211e+01
7.0233e+01
7.0263e+01
7.0282e+01
7.0307e+01
7.0322e+01
7.0346e+01
7.0346e+01
7.0359e+01
7.0353e+01
7.0369e+01
7.0366e+01
7.0363e+01
7.0351e+01
7.0344e+01
7.0339e+01
7.0332e+01
7.0327e+01
7.0300e+01
7.0290e+01
7.0270e+01
7.0258e+01
7.0245e+01
7.0236e+01
7.0211e+01
7.0174e+01
7.0145e+01
7.0110e+01
7.0083e+01
7.0052e+01
7.0020e+01
6.9990e+01
6.9955e+01
6.9916e+01
6.9882e+01
6.9850e+01
6.9811e+01
6.9774e+01
6.9763e+01
6.9731e+01
6.9704e+01
6.9672e+01
6.9648e+01
6.9609e+01
6.9577e+01
6.9533e+01
6.9501e+01
6.9460e+01
6.9419e+01
6.9387e+01
6.9343e+01
6.9295e+01
6.9258e+01
6.9212e+01
6.9171e+01
6.9132e+01
6.9096e+01
6.9052e+01
6.9010e+01
6.8965e+01
6.8926e+01
6.8885e+01
6.8844e+01
6.8805e+01
6.8772e+01
6.8735e+01
6.8696e+01
6.8656e+01
6.8615e+01
6.8576e+01
6.8535e+01
6.8492e+01
6.8463e+01
6.8424e+01
6.8388e+01
6.8347e+01
6.8314e+01
6.8266e+01
6.8220e+01
6.8179e+01
6.8144e+01
6.8108e+01
6.8077e+01
6.8043e+01
6.8004e+01
6.7966e+01
6.7933e+01
6.7900e+01
6.7866e+01
6.7820e+01
6.7790e+01
6.7761e+01
6.7727e+01
6.7694e+01
6.7665e+01
6.7632e+01
6.7599e+01
6.7568e+01
6.7532e+01
6.7496e+01
6.7459e+01
6.7414e+01
6.7376e+01
6.7345e+01
6.7309e+01
6.7271e+01
6.7243e+01
6.7212e+01
6.7185e+01
6.7152e+01
6.7124e+01
6.7096e+01
6.7065e+01
6.7037e+01
6.7008e+01
6.6977e+01
6.6946e+01
6.6916e+01
6.6892e+01
6.6869e+01
6.6840e+01
6.6798e+01
6.6762e+01
6.6729e+01
6.6701e+01
6.6664e+01
6.6631e+01
6.6605e+01
6.6584e+01
6.6567e+01
6.6544e+01
6.6527e+01
6.6515e+01
6.6508e+01
6.6497e+01
6.6501e+01
6.6517e+01
6.6536e+01
6.6555e+01
6.6595e+01
6.6644e+01
6.6715e+01
6.6793e+01
6.6904e+01
6.7032e+01
6.7167e+01
6.7328e+01
6.7490e+01
6.7684e+01
6.7880e+01
6.8124e+01
6.8331e+01
6.8644e+01
6.8880e+01
6.9227e+01
6.9516e+01
6.9905e+01
7.0253e+01
7.0633e+01
7.0964e+01
7.1357e+01
7.1710e+01
7.2069e+01
7.2402e+01
7.2769e+01
7.3106e+01
7.3472e+01
7.3810e+01
7.4126e+01
7.4437e+01
7.4723e+01
7.5021e+01
7.5285e+01
7.5604e+01
7.5918e+01
7.6161e+01
7.6428e+01
7.6623e+01
7.6863e+01
7.7049e+01
7.7275e+01
7.7468e+01
7.7689e+01
7.7874e+01
7.8071e+01
7.8217e+01
7.8349e+01
7.8454e+01
7.8539e+01
7.8629e+01
7.8683e+01
7.8747e+01
7.8773e+01
7.8806e+01
7.8814e+01
7.8827e+01
7.8841e+01
7.8852e+01
7.8888e+01
7.9114e+01
7.9218e+01
7.9201e+01
7.9172e+01
7.9094e+01
7.9028e+01
7.8941e+01
7.8863e+01
7.8778e+01
7.8687e+01
7.8586e+01
7.8485e+01
7.8399e+01
7.8302e+01
7.8220e+01
7.8116e+01
7.8025e+01
7.7923e+01
7.7839e+01
7.7744e+01
7.7651e+01
7.7566e+01
7.7477e+01
7.7382e+01
7.7300e+01
7.7214e+01
7.7124e+01
7.7027e+01
7.6938e+01
7.6852e+01
7.6773e+01
7.6691e+01
7.6617e+01
7.6556e+01
7.6506e+01
7.6484e+01
7.6473e+01
7.6452e+01
7.6401e+01
7.6339e+01
7.6280e+01
7.6204e+01
7.6148e+01
7.6081e+01
7.6007e+01
7.5947e+01
7.5887e+01
7.5834e+01
7.5773e+01
7.5707e+01
7.5667e+01
7.5629e+01
7.5635e+01
7.5609e+01
7.5595e+01
7.5558e+01
7.5545e+01
7.5516e+01
7.5521e+01
7.5513e+01
7.5514e+01
7.5501e+01
7.5490e+01
7.5455e+01
7.5416e+01
7.5381e+01
7.5347e+01
7.5300e+01
7.5256e+01
7.5210e+01
7.5169e+01
7.5127e+01
7.5085e+01
7.5030e+01
7.4985e+01
7.4936e+01
7.4890e+01
7.4835e+01
7.4799e+01
7.4745e+01
7.4694e+01
7.4640e+01
7.4585e+01
7.4531e+01
7.4473e+01
7.4435e+01
7.4388e+01
7.4335e+01
7.4292e+01
7.4245e+01
7.4200e+01
7.4160e+01
7.4115e+01
7.4061e+01
7.4014e+01
7.3971e+01
7.3937e+01
7.3895e+01
7.3847e+01
7.3810e+01
7.3795e+01
7.3765e+01
7.3728e+01
7.3697e+01
7.3664e+01
7.3613e+01
7.3568e+01
7.3528e+01
7.3491e+01
7.3436e+01
7.3391e+01
7.3351e+01
7.3300e+01
7.3256e+01
7.3212e+01
7.3172e+01
7.3128e+01
7.3087e+01
7.3046e+01
7.2998e+01
7.2962e+01
