1.6790e+01
1.6802e+01
1.6823e+01
1.6832e+01
1.6836e+01
1.6848e+01
1.6861e+01
1.6874e+01
1.6894e+01
1.6911e+01
1.6928e+01
1.6957e+01
1.6982e+01
1.6995e+01
1.7032e+01
1.7057e+01
1.7091e+01
1.7099e+01
1.7099e+01
1.7091e+01
1.7091e+01
1.7074e+01
1.7061e+01
1.7028e+01
1.7015e+01
1.6986e+01
1.6961e+01
1.6924e+01
1.6899e+01
1.6857e+01
1.6823e+01
1.6786e+01
1.6761e+01
1.6715e+01
1.6685e+01
1.6648e+01
1.6614e+01
1.6568e+01
1.6539e+01
1.6497e+01
1.6451e+01
1.6409e+01
1.6372e+01
1.6321e+01
1.6279e+01
1.6233e+01
1.6191e+01
1.6145e+01
1.6099e+01
1.6053e+01
1.6015e+01
1.5965e+01
1.5923e+01
1.5881e+01
1.5835e+01
1.5793e+01
1.5746e+01
1.5708e+01
1.5658e+01
1.5612e+01
1.5565e+01
1.5523e+01
1.5473e+01
1.5427e+01
1.5397e+01
1.5355e+01
1.5304e+01
1.5262e+01
1.5233e+01
1.5207e+01
1.5157e+01
1.5127e+01
1.5085e+01
1.5051e+01
1.5009e+01
1.4975e+01
1.4933e+01
1.4895e+01
1.4861e+01
1.4828e+01
1.4785e+01
1.4752e+01
1.4718e+01
1.4680e+01
1.4646e+01
1.4625e+01
1.4578e+01
1.4549e+01
1.4515e+01
1.4468e+01
1.4417e+01
1.4379e+01
1.4341e+01
1.4303e+01
1.4265e+01
1.4231e+01
1.4193e+01
1.4163e+01
1.4129e+01
1.4100e+01
1.4066e+01
1.4040e+01
1.4011e+01
1.3972e+01
1.3938e+01
1.3913e+01
1.3883e+01
1.3854e+01
1.3803e+01
1.3760e+01
1.3718e+01
1.3658e+01
1.3594e+01
1.3522e+01
1.3454e+01
1.3377e+01
1.3305e+01
1.3267e+01
1.3232e+01
1.3198e+01
1.3151e+01
1.3126e+01
1.3092e+01
1.3062e+01
1.3028e+01
1.3006e+01
1.2981e+01
1.2951e+01
1.2925e+01
1.2900e+01
1.2874e+01
1.2853e+01
1.2831e+01
1.2806e+01
1.2785e+01
1.2763e+01
1.2733e+01
1.2712e+01
1.2691e+01
1.2673e+01
1.2656e+01
1.2639e+01
1.2609e+01
1.2588e+01
1.2567e+01
1.2558e+01
1.2537e+01
1.2515e+01
1.2502e+01
1.2494e+01
1.2477e+01
1.2460e+01
1.2455e+01
1.2438e+01
1.2425e+01
1.2417e+01
1.2404e+01
1.2387e+01
1.2378e+01
1.2370e+01
1.2370e+01
1.2370e+01
1.2370e+01
1.2370e+01
1.2374e+01
1.2378e+01
1.2378e+01
1.2391e+01
1.2395e+01
1.2400e+01
1.2400e+01
1.2408e+01
1.2417e+01
1.2425e+01
1.2425e+01
1.2430e+01
1.2442e+01
1.2447e+01
1.2460e+01
1.2468e+01
1.2468e+01
1.2490e+01
1.2490e+01
1.2502e+01
1.2507e+01
1.2519e+01
1.2524e+01
1.2545e+01
1.2549e+01
1.2567e+01
1.2575e+01
1.2588e+01
1.2592e+01
1.2605e+01
1.2622e+01
1.2631e+01
1.2626e+01
1.2656e+01
1.2665e+01
1.2678e+01
1.2686e+01
1.2703e+01
1.2703e+01
1.2716e+01
1.2725e+01
1.2738e+01
1.2746e+01
1.2759e+01
1.2763e+01
1.2776e+01
1.2789e+01
1.2806e+01
1.2819e+01
1.2836e+01
1.2840e+01
1.2857e+01
1.2866e+01
1.2870e+01
1.2887e+01
1.2896e+01
1.2904e+01
1.2917e+01
1.2921e+01
1.2934e+01
1.2942e+01
1.2938e+01
1.2942e+01
1.2960e+01
1.2960e+01
1.2960e+01
1.2960e+01
1.2968e+01
1.2964e+01
1.2964e+01
1.2964e+01
1.2960e+01
1.2955e+01
1.2951e+01
1.2951e+01
1.2947e+01
1.2934e+01
1.2925e+01
1.2925e+01
1.2917e+01
1.2904e+01
1.2891e+01
1.2883e+01
1.2883e+01
1.2870e+01
1.2861e+01
1.2849e+01
1.2844e+01
1.2819e+01
1.2814e+01
1.2810e+01
1.2814e+01
1.2814e+01
1.2797e+01
1.2789e+01
1.2767e+01
1.2746e+01
1.2733e+01
1.2712e+01
1.2691e+01
1.2665e+01
1.2648e+01
1.2622e+01
1.2596e+01
1.2562e+01
1.2537e+01
1.2519e+01
1.2490e+01
1.2455e+01
1.2434e+01
1.2408e+01
1.2387e+01
1.2357e+01
1.2327e+01
1.2305e+01
1.2276e+01
1.2254e+01
1.2233e+01
1.2203e+01
1.2177e+01
1.2156e+01
1.2126e+01
1.2096e+01
1.2074e+01
1.2053e+01
1.2027e+01
1.2005e+01
1.1975e+01
1.1954e+01
1.1937e+01
1.1915e+01
1.1894e+01
1.1868e+01
1.1855e+01
1.1838e+01
1.1821e+01
1.1804e+01
1.1787e+01
1.1761e+01
1.1748e+01
1.1731e+01
1.1705e+01
1.1683e+01
1.1675e+01
1.1653e+01
1.1636e+01
1.1615e+01
1.1606e+01
1.1585e+01
1.1567e+01
1.1546e+01
1.1537e+01
1.1512e+01
1.1499e+01
1.1481e+01
1.1460e+01
1.1447e+01
1.1447e+01
1.1434e+01
1.1430e+01
1.1413e+01
1.1408e+01
1.1391e+01
1.1391e+01
1.1387e+01
1.1374e+01
1.1370e+01
1.1357e+01
1.1339e+01
1.1335e+01
1.1335e+01
1.1331e+01
1.1326e+01
1.1326e+01
1.1318e+01
1.1331e+01
1.1326e+01
1.1331e+01
1.1331e+01
1.1339e+01
1.1335e+01
1.1344e+01
1.1331e+01
1.1331e+01
1.1326e+01
1.1322e+01
1.1314e+01
1.1305e+01
1.1296e+01
1.1279e+01
1.1271e+01
1.1271e+01
1.1262e+01
1.1258e+01
1.1249e+01
1.1236e+01
1.1232e+01
1.1227e+01
1.1215e+01
1.1202e+01
1.1184e+01
1.1171e+01
1.1159e+01
1.1137e+01
1.1124e+01
1.1120e+01
1.1102e+01
1.1085e+01
1.1072e+01
1.1055e+01
1.1042e+01
1.1029e+01
1.1016e+01
1.0999e+01
1.0973e+01
1.0956e+01
1.0939e+01
1.0917e+01
1.0908e+01
1.0891e+01
1.0874e+01
1.0857e+01
1.0839e+01
1.0826e+01
1.0813e+01
1.0792e+01
1.0779e+01
1.0766e+01
1.0753e+01
1.0744e+01
1.0718e+01
1.0697e+01
1.0684e+01
1.0671e+01
1.0649e+01
1.0632e+01
1.0632e+01
1.0606e+01
1.0593e+01
1.0589e+01
1.0572e+01
1.0559e+01
1.0546e+01
1.0537e+01
1.0524e+01
1.0511e+01
1.0494e+01
1.0489e+01
1.0485e+01
1.0472e+01
1.0472e+01
1.0468e+01
1.0463e+01
1.0450e+01
1.0446e+01
1.0450e+01
1.0438e+01
1.0433e+01
1.0420e+01
1.0412e+01
1.0407e+01
1.0403e+01
1.0403e+01
1.0390e+01
1.0386e+01
1.0377e+01
1.0368e+01
1.0364e+01
1.0355e+01
1.0342e+01
1.0329e+01
1.0316e+01
1.0308e+01
1.0303e+01
1.0282e+01
1.0277e+01
1.0277e+01
1.0264e+01
1.0251e+01
1.0238e+01
1.0234e+01
1.0230e+01
1.0221e+01
1.0208e+01
1.0204e+01
1.0199e+01
1.0195e+01
1.0186e+01
1.0182e+01
1.0178e+01
1.0182e+01
1.0182e+01
1.0173e+01
1.0160e+01
1.0156e+01
1.0156e+01
1.0152e+01
1.0139e+01
1.0143e+01
1.0139e+01
1.0130e+01
1.0117e+01
1.0121e+01
1.0121e+01
1.0113e+01
1.0091e+01
1.0078e+01
1.0078e+01
1.0069e+01
1.0061e+01
1.0048e+01
1.0043e+01
1.0039e+01
1.0026e+01
1.0022e+01
1.0009e+01
1.0000e+01
9.9914e+00
9.9871e+00
9.9827e+00
9.9741e+00
9.9654e+00
9.9611e+00
9.9524e+00
9.9307e+00
9.9220e+00
9.9090e+00
9.8917e+00
9.8830e+00
9.8700e+00
9.8656e+00
9.8439e+00
9.8266e+00
9.8222e+00
9.8092e+00
9.7962e+00
9.7832e+00
9.7788e+00
9.7745e+00
9.7528e+00
9.7397e+00
9.7311e+00
9.7137e+00
9.6963e+00
9.6920e+00
9.6746e+00
9.6616e+00
9.6485e+00
9.6399e+00
9.6312e+00
9.6225e+00
9.6181e+00
9.6138e+00
9.6094e+00
9.6051e+00
9.5921e+00
9.5834e+00
9.5660e+00
9.5573e+00
9.5486e+00
9.5356e+00
9.5269e+00
9.5182e+00
9.5051e+00
9.4964e+00
9.4790e+00
9.4703e+00
9.4616e+00
9.4529e+00
9.4443e+00
9.4269e+00
9.4182e+00
9.4138e+00
9.4051e+00
9.3834e+00
9.3703e+00
9.3616e+00
9.3573e+00
9.3573e+00
9.3398e+00
9.3268e+00
9.3224e+00
9.3094e+00
9.3094e+00
9.2963e+00
9.2920e+00
9.2876e+00
9.2746e+00
9.2702e+00
9.2615e+00
9.2484e+00
9.2441e+00
9.2310e+00
9.2136e+00
9.2093e+00
9.2006e+00
9.1918e+00
9.1875e+00
9.1788e+00
9.1701e+00
9.1614e+00
9.1483e+00
9.1309e+00
9.1222e+00
9.1091e+00
9.1004e+00
9.0917e+00
9.0829e+00
9.0699e+00
9.0568e+00
9.0481e+00
9.0263e+00
9.0132e+00
9.0001e+00
8.9871e+00
8.9696e+00
8.9565e+00
8.9522e+00
8.9304e+00
8.9173e+00
8.9086e+00
8.8911e+00
8.8737e+00
8.8606e+00
8.8519e+00
8.8300e+00
8.8170e+00
8.8082e+00
8.7995e+00
8.7864e+00
8.7689e+00
8.7602e+00
8.7559e+00
8.7384e+00
8.7253e+00
8.7122e+00
8.6947e+00
8.6816e+00
8.6685e+00
8.6554e+00
8.6511e+00
8.6380e+00
8.6249e+00
8.6292e+00
8.6249e+00
8.6292e+00
8.6249e+00
8.6336e+00
8.6336e+00
8.6511e+00
8.6423e+00
8.6642e+00
8.6598e+00
8.6685e+00
8.6598e+00
8.6598e+00
8.6642e+00
8.6642e+00
8.6642e+00
8.6729e+00
8.6685e+00
8.6729e+00
8.6642e+00
8.6685e+00
8.6598e+00
8.6642e+00
8.6598e+00
8.6598e+00
8.6554e+00
8.6511e+00
8.6423e+00
8.6511e+00
8.6423e+00
8.6467e+00
8.6380e+00
8.6336e+00
8.6249e+00
8.6205e+00
8.6117e+00
8.6074e+00
8.5986e+00
8.5986e+00
8.5812e+00
8.5768e+00
8.5681e+00
8.5637e+00
8.5462e+00
8.5375e+00
8.5287e+00
8.5200e+00
8.5112e+00
8.4981e+00
8.4938e+00
8.4850e+00
8.4719e+00
8.4719e+00
8.4544e+00
8.4457e+00
8.4369e+00
8.4282e+00
8.4151e+00
8.3932e+00
8.3888e+00
8.3713e+00
8.3626e+00
8.3451e+00
8.3276e+00
8.3232e+00
8.3101e+00
8.2926e+00
8.2882e+00
8.2751e+00
8.2620e+00
8.2488e+00
8.2357e+00
8.2182e+00
8.2050e+00
8.1963e+00
8.1788e+00
8.1613e+00
8.1525e+00
8.1394e+00
8.1306e+00
8.1175e+00
8.1043e+00
8.0824e+00
8.0737e+00
8.0649e+00
8.0518e+00
8.0386e+00
8.0299e+00
8.0167e+00
7.9992e+00
7.9860e+00
7.9729e+00
7.9553e+00
7.9510e+00
7.9334e+00
7.9247e+00
7.9027e+00
7.8983e+00
7.8940e+00
7.8764e+00
7.8589e+00
7.8457e+00
7.8413e+00
7.8326e+00
7.8106e+00
7.8018e+00
7.7887e+00
7.7887e+00
7.7755e+00
7.7624e+00
7.7448e+00
7.7404e+00
7.7273e+00
7.7141e+00
7.7053e+00
7.6965e+00
7.6834e+00
7.6746e+00
7.6614e+00
7.6570e+00
7.6394e+00
7.6307e+00
7.6263e+00
7.6087e+00
7.5911e+00
7.5911e+00
7.5780e+00
7.5648e+00
7.5472e+00
7.5472e+00
7.5340e+00
7.5296e+00
7.5165e+00
7.5033e+00
7.4901e+00
7.4725e+00
7.4637e+00
7.4549e+00
7.4417e+00
7.4286e+00
7.4154e+00
7.4066e+00
7.3934e+00
7.3802e+00
7.3626e+00
7.3582e+00
7.3494e+00
7.3362e+00
7.3274e+00
7.3186e+00
7.3186e+00
7.2966e+00
7.2790e+00
7.2790e+00
7.2614e+00
7.2526e+00
7.2350e+00
7.2306e+00
7.2174e+00
7.1998e+00
7.1734e+00
7.1690e+00
7.1514e+00
7.1426e+00
7.1294e+00
7.1118e+00
7.0942e+00
7.0898e+00
7.0721e+00
7.0589e+00
7.0501e+00
7.0369e+00
7.0237e+00
7.0149e+00
7.0017e+00
6.9972e+00
6.9796e+00
6.9664e+00
6.9488e+00
6.9355e+00
6.9179e+00
6.9135e+00
6.9003e+00
6.8826e+00
6.8694e+00
6.8606e+00
6.8430e+00
6.8297e+00
6.8121e+00
6.8033e+00
6.7812e+00
6.7680e+00
6.7636e+00
6.7503e+00
6.7283e+00
6.7195e+00
6.7106e+00
6.6886e+00
6.6753e+00
6.6709e+00
6.6532e+00
6.6356e+00
6.6179e+00
6.6003e+00
6.5870e+00
6.5782e+00
6.5649e+00
6.5561e+00
6.5384e+00
6.5252e+00
6.5119e+00
6.4987e+00
6.4898e+00
6.4810e+00
6.4722e+00
6.4545e+00
6.4457e+00
6.4280e+00
6.4147e+00
6.4059e+00
6.3882e+00
6.3749e+00
6.3528e+00
6.3484e+00
6.3352e+00
6.3175e+00
6.2998e+00
6.2909e+00
6.2865e+00
6.2732e+00
6.2688e+00
6.2600e+00
6.2555e+00
6.2511e+00
6.2467e+00
6.2423e+00
6.2467e+00
6.2378e+00
6.2555e+00
6.2644e+00
6.2954e+00
6.2909e+00
6.3086e+00
6.3175e+00
6.3396e+00
6.3440e+00
6.3617e+00
6.3661e+00
6.3882e+00
6.3882e+00
6.4059e+00
6.4103e+00
6.4368e+00
6.4412e+00
6.4678e+00
6.4722e+00
6.4987e+00
6.5031e+00
6.5252e+00
6.5296e+00
6.5429e+00
6.5429e+00
6.5782e+00
6.5782e+00
6.6003e+00
6.6003e+00
6.6223e+00
6.6268e+00
6.6400e+00
6.6488e+00
6.6621e+00
6.6797e+00
6.6930e+00
6.7018e+00
6.7195e+00
6.7327e+00
6.7459e+00
6.7503e+00
6.7724e+00
6.7724e+00
6.7812e+00
6.7900e+00
6.7900e+00
6.7945e+00
6.7989e+00
6.8033e+00
6.8121e+00
6.8077e+00
6.8033e+00
6.8077e+00
6.8077e+00
6.8033e+00
6.7989e+00
6.7945e+00
6.7900e+00
6.7856e+00
6.7724e+00
6.7680e+00
6.7547e+00
6.7459e+00
6.7371e+00
6.7239e+00
6.7150e+00
6.7018e+00
6.6930e+00
6.6841e+00
6.6665e+00
6.6577e+00
6.6444e+00
6.6356e+00
6.6312e+00
6.6179e+00
6.6047e+00
6.5914e+00
6.5738e+00
6.5649e+00
6.5473e+00
6.5429e+00
6.5164e+00
6.4987e+00
6.4854e+00
6.4766e+00
6.4589e+00
6.4457e+00
6.4324e+00
6.4147e+00
6.4059e+00
6.3882e+00
6.3661e+00
6.3617e+00
6.3396e+00
6.3219e+00
6.2954e+00
6.2777e+00
6.2600e+00
6.2511e+00
6.2423e+00
6.2246e+00
6.2113e+00
6.1980e+00
6.1759e+00
6.1582e+00
6.1316e+00
6.1184e+00
6.1007e+00
6.0874e+00
6.0652e+00
6.0475e+00
6.0254e+00
6.0165e+00
5.9988e+00
5.9855e+00
5.9678e+00
5.9545e+00
5.9368e+00
5.9279e+00
5.9058e+00
5.8880e+00
5.8747e+00
5.8570e+00
5.8348e+00
5.8127e+00
5.7994e+00
5.7905e+00
5.7683e+00
5.7594e+00
5.7373e+00
5.7240e+00
5.7062e+00
5.6929e+00
5.6752e+00
5.6663e+00
5.6441e+00
5.6263e+00
5.6130e+00
5.6041e+00
5.5820e+00
5.5686e+00
5.5509e+00
5.5376e+00
5.5109e+00
5.4976e+00
5.4887e+00
5.4709e+00
5.4576e+00
5.4487e+00
5.4354e+00
5.4221e+00
5.4043e+00
5.3954e+00
5.3821e+00
5.3598e+00
5.3332e+00
5.3198e+00
5.3021e+00
5.2887e+00
5.2754e+00
5.2665e+00
5.2531e+00
5.2354e+00
5.2176e+00
5.2087e+00
5.1953e+00
5.1864e+00
5.1731e+00
5.1553e+00
5.1375e+00
5.1197e+00
5.1019e+00
5.0885e+00
5.0796e+00
5.0574e+00
5.0396e+00
5.0351e+00
5.0173e+00
4.9995e+00
4.9772e+00
4.9683e+00
4.9505e+00
4.9371e+00
4.9282e+00
4.9149e+00
4.8926e+00
4.8792e+00
4.8658e+00
4.8569e+00
4.8391e+00
4.8213e+00
4.8034e+00
4.7990e+00
4.7812e+00
4.7722e+00
4.7544e+00
4.7321e+00
4.7232e+00
4.7143e+00
4.7009e+00
4.6830e+00
4.6741e+00
4.6607e+00
4.6429e+00
4.6340e+00
4.6161e+00
4.5983e+00
4.5849e+00
4.5760e+00
4.5536e+00
4.5447e+00
4.5358e+00
4.5269e+00
4.5135e+00
4.4911e+00
4.4688e+00
4.4554e+00
4.4465e+00
4.4375e+00
4.4241e+00
4.4152e+00
4.3929e+00
4.3795e+00
4.3705e+00
4.3527e+00
4.3348e+00
4.3303e+00
4.3214e+00
4.3080e+00
4.2946e+00
4.2812e+00
4.2633e+00
4.2543e+00
4.2409e+00
4.2275e+00
4.2141e+00
4.2051e+00
4.1873e+00
4.1694e+00
4.1515e+00
4.1381e+00
4.1291e+00
4.1246e+00
4.1023e+00
4.0933e+00
4.0799e+00
4.0754e+00
4.0665e+00
4.0486e+00
4.0441e+00
4.0307e+00
4.0217e+00
4.0038e+00
3.9904e+00
3.9814e+00
3.9635e+00
3.9546e+00
3.9411e+00
3.9322e+00
3.9187e+00
3.9098e+00
3.9008e+00
3.8919e+00
3.8784e+00
3.8605e+00
3.8515e+00
3.8336e+00
3.8202e+00
3.8157e+00
3.8022e+00
3.7888e+00
3.7754e+00
3.7709e+00
3.7619e+00
3.7485e+00
3.7395e+00
3.7350e+00
3.7216e+00
3.7081e+00
3.6991e+00
3.6902e+00
3.6812e+00
3.6722e+00
3.6543e+00
3.6408e+00
3.6274e+00
3.6229e+00
3.6050e+00
3.5915e+00
3.5825e+00
3.5735e+00
3.5601e+00
3.5511e+00
3.5377e+00
3.5332e+00
3.5242e+00
3.5152e+00
3.5017e+00
3.4883e+00
3.4793e+00
3.4613e+00
3.4524e+00
3.4479e+00
3.4299e+00
3.4164e+00
3.4075e+00
3.4030e+00
3.3850e+00
3.3760e+00
3.3670e+00
3.3491e+00
3.3356e+00
3.3311e+00
3.3176e+00
3.2997e+00
3.2862e+00
3.2727e+00
3.2637e+00
3.2592e+00
3.2457e+00
3.2367e+00
3.2232e+00
3.2143e+00
3.2008e+00
3.1963e+00
3.1873e+00
3.1693e+00
3.1603e+00
3.1423e+00
3.1333e+00
3.1198e+00
3.1153e+00
3.1063e+00
3.0883e+00
3.0793e+00
3.0614e+00
3.0524e+00
3.0299e+00
3.0209e+00
3.0164e+00
3.0029e+00
2.9849e+00
2.9759e+00
2.9668e+00
2.9533e+00
2.9488e+00
2.9398e+00
2.9218e+00
2.9173e+00
2.9038e+00
2.8948e+00
2.8768e+00
2.8723e+00
2.8678e+00
2.8498e+00
2.8408e+00
2.8363e+00
2.8318e+00
2.8092e+00
2.8002e+00
2.7957e+00
2.7822e+00
2.7687e+00
2.7597e+00
2.7462e+00
2.7371e+00
2.7326e+00
2.7146e+00
2.7011e+00
2.6876e+00
2.6740e+00
2.6740e+00
2.6650e+00
2.6650e+00
2.6560e+00
2.6560e+00
2.6470e+00
2.6425e+00
2.6425e+00
2.6560e+00
2.6380e+00
2.6380e+00
2.6380e+00
2.6515e+00
2.6515e+00
2.6695e+00
2.6785e+00
2.7101e+00
2.7146e+00
2.7417e+00
2.7371e+00
2.7507e+00
2.7552e+00
2.7687e+00
2.7732e+00
2.7822e+00
2.7822e+00
2.7867e+00
2.7912e+00
2.7912e+00
2.7912e+00
2.7957e+00
2.8047e+00
2.8047e+00
2.7912e+00
2.8002e+00
2.8002e+00
2.8002e+00
2.7912e+00
2.7957e+00
2.8002e+00
2.7912e+00
2.7822e+00
2.7732e+00
2.7732e+00
2.7687e+00
2.7642e+00
2.7597e+00
2.7507e+00
2.7417e+00
2.7326e+00
2.7236e+00
2.7191e+00
2.7146e+00
2.7056e+00
2.6966e+00
2.6921e+00
2.6740e+00
2.6695e+00
2.6605e+00
2.6470e+00
2.6290e+00
2.6199e+00
2.6019e+00
2.5884e+00
2.5748e+00
2.5703e+00
2.5433e+00
2.5342e+00
2.5252e+00
2.5162e+00
2.5026e+00
2.4891e+00
2.4711e+00
2.4620e+00
2.4395e+00
2.4259e+00
2.4124e+00
2.3988e+00
2.3717e+00
2.3672e+00
2.3492e+00
2.3356e+00
2.3266e+00
2.3130e+00
2.2995e+00
2.2814e+00
2.2633e+00
2.2453e+00
2.2272e+00
2.2136e+00
2.2001e+00
2.1865e+00
2.1639e+00
2.1549e+00
2.1368e+00
2.1232e+00
2.1097e+00
2.1052e+00
2.0961e+00
2.0825e+00
2.0735e+00
2.0645e+00
2.0509e+00
2.0418e+00
2.0147e+00
2.0102e+00
1.9921e+00
1.9830e+00
1.9649e+00
1.9649e+00
1.9604e+00
1.9423e+00
1.9287e+00
1.9242e+00
1.9151e+00
1.9016e+00
1.8970e+00
1.8835e+00
1.8699e+00
1.8608e+00
1.8337e+00
1.8246e+00
1.8155e+00
1.7974e+00
1.7838e+00
1.7748e+00
1.7612e+00
1.7567e+00
1.7431e+00
1.7295e+00
1.7159e+00
1.7023e+00
1.6978e+00
1.6887e+00
1.6751e+00
1.6570e+00
1.6479e+00
1.6388e+00
1.6298e+00
1.6162e+00
1.5980e+00
1.5844e+00
1.5799e+00
1.5663e+00
1.5527e+00
1.5436e+00
1.5255e+00
1.5210e+00
1.5119e+00
1.4892e+00
1.4756e+00
1.4620e+00
1.4529e+00
1.4438e+00
1.4257e+00
1.4121e+00
1.3984e+00
1.3894e+00
1.3712e+00
1.3576e+00
1.3485e+00
1.3394e+00
1.3304e+00
1.3122e+00
1.3122e+00
1.2940e+00
1.2804e+00
1.2759e+00
1.2532e+00
1.2395e+00
1.2304e+00
1.2077e+00
1.1941e+00
1.1850e+00
1.1714e+00
1.1623e+00
1.1487e+00
1.1396e+00
1.1259e+00
1.1169e+00
1.1032e+00
1.0896e+00
1.0805e+00
1.0714e+00
1.0487e+00
1.0350e+00
1.0305e+00
1.0123e+00
9.9409e-01
9.8499e-01
9.7135e-01
9.6225e-01
9.5315e-01
9.4860e-01
9.3040e-01
9.1221e-01
8.9400e-01
8.8035e-01
8.6215e-01
8.5304e-01
8.3939e-01
8.3484e-01
8.2118e-01
8.0752e-01
7.9386e-01
7.8476e-01
7.7565e-01
7.6654e-01
7.5288e-01
7.4377e-01
7.3922e-01
7.2100e-01
7.0734e-01
6.9823e-01
6.8912e-01
6.7545e-01
6.6178e-01
6.5723e-01
6.4356e-01
6.3444e-01
6.1622e-01
6.1166e-01
6.0254e-01
5.8887e-01
5.7520e-01
5.6608e-01
5.5240e-01
5.4329e-01
5.3417e-01
5.2505e-01
5.0681e-01
4.9313e-01
4.7489e-01
4.7033e-01
4.6577e-01
4.5209e-01
4.4296e-01
4.3384e-01
4.2015e-01
4.0647e-01
3.9734e-01
4.0191e-01
3.9278e-01
3.7909e-01
3.6540e-01
3.5628e-01
3.5171e-01
3.3802e-01
3.1977e-01
3.1520e-01
3.1064e-01
3.0151e-01
2.9238e-01
2.8781e-01
2.6955e-01
2.6042e-01
2.4216e-01
2.2846e-01
2.1019e-01
1.9649e-01
1.8736e-01
1.7822e-01
1.6909e-01
1.5995e-01
1.5081e-01
1.3711e-01
1.1426e-01
1.0056e-01
9.1416e-02
7.7707e-02
6.3996e-02
5.4855e-02
5.0284e-02
4.1143e-02
3.6572e-02
3.2000e-02
3.2000e-02
2.2858e-02
3.2000e-02
2.7429e-02
2.7429e-02
1.8286e-02
2.2858e-02
2.2858e-02
3.6572e-02
2.2858e-02
1.8286e-02
0000
1.3715e-02
9.1430e-03
3.6572e-02
3.2000e-02
5.4855e-02
6.3996e-02
7.7707e-02
7.3136e-02
8.2277e-02
8.2277e-02
8.2277e-02
7.3136e-02
8.2277e-02
7.3136e-02
8.2277e-02
8.6847e-02
9.5986e-02
9.1416e-02
1.0056e-01
9.5986e-02
1.0056e-01
1.0056e-01
1.0056e-01
9.1416e-02
9.1416e-02
9.1416e-02
7.3136e-02
6.8566e-02
6.8566e-02
6.8566e-02
7.7707e-02
7.7707e-02
8.6847e-02
8.6847e-02
9.5986e-02
1.0056e-01
1.0056e-01
1.0512e-01
1.2340e-01
1.3254e-01
1.4168e-01
1.5081e-01
1.5995e-01
1.5538e-01
1.4168e-01
1.5081e-01
1.5538e-01
1.4624e-01
1.4168e-01
1.1883e-01
1.2340e-01
1.2340e-01
1.3711e-01
1.3254e-01
1.5081e-01
1.5538e-01
1.8736e-01
1.8736e-01
2.1933e-01
2.3303e-01
2.6955e-01
2.8781e-01
3.2889e-01
3.4715e-01
3.8366e-01
4.0191e-01
4.4296e-01
4.6577e-01
5.0681e-01
5.2049e-01
5.6608e-01
5.8431e-01
6.3444e-01
6.5723e-01
7.0734e-01
7.3467e-01
7.8476e-01
8.1208e-01
8.7125e-01
9.0766e-01
9.6680e-01
1.0032e+00
1.0623e+00
1.1032e+00
1.1759e+00
1.2259e+00
1.2940e+00
1.3440e+00
1.4166e+00
1.4756e+00
1.5436e+00
1.5980e+00
1.6615e+00
1.7114e+00
1.7612e+00
1.8155e+00
1.8789e+00
1.9242e+00
1.9740e+00
2.0147e+00
2.0509e+00
2.1006e+00
2.1187e+00
2.1684e+00
2.1956e+00
2.2453e+00
2.2588e+00
2.3221e+00
2.3492e+00
2.3988e+00
2.4214e+00
2.4846e+00
2.5072e+00
2.5703e+00
2.6019e+00
2.6650e+00
2.7011e+00
2.7642e+00
2.7957e+00
2.8453e+00
2.8858e+00
2.9308e+00
2.9713e+00
3.0299e+00
3.0614e+00
3.1063e+00
3.1513e+00
3.1873e+00
3.2322e+00
3.2592e+00
3.3041e+00
3.3221e+00
3.3670e+00
3.3850e+00
3.4254e+00
3.4479e+00
3.4703e+00
3.5017e+00
3.5287e+00
3.5556e+00
3.5780e+00
3.6050e+00
3.6319e+00
3.6408e+00
3.6722e+00
3.6767e+00
3.7081e+00
3.7081e+00
3.7440e+00
3.7440e+00
3.7754e+00
3.7798e+00
3.7978e+00
3.7978e+00
3.8202e+00
3.8246e+00
3.8471e+00
3.8381e+00
3.8560e+00
3.8605e+00
3.8695e+00
3.8695e+00
3.8784e+00
3.8739e+00
3.8874e+00
3.8784e+00
3.8829e+00
3.8784e+00
3.8695e+00
3.8695e+00
3.8560e+00
3.8471e+00
3.8471e+00
3.8381e+00
3.8336e+00
3.8246e+00
3.8202e+00
3.8112e+00
3.7978e+00
3.7978e+00
3.7843e+00
3.7843e+00
3.7798e+00
3.7709e+00
3.7574e+00
3.7395e+00
3.7260e+00
3.7260e+00
3.7081e+00
3.7036e+00
3.6902e+00
3.6812e+00
3.6633e+00
3.6498e+00
3.6319e+00
3.6274e+00
3.6139e+00
3.5870e+00
3.5646e+00
3.5556e+00
3.5421e+00
3.5152e+00
3.4973e+00
3.4703e+00
3.4479e+00
3.4209e+00
3.4030e+00
3.3850e+00
3.3536e+00
3.3356e+00
3.3086e+00
3.2772e+00
3.2682e+00
3.2547e+00
3.2412e+00
3.2367e+00
3.2322e+00
3.2143e+00
3.1963e+00
3.1783e+00
3.1693e+00
3.1603e+00
3.1468e+00
3.1288e+00
3.1198e+00
3.1063e+00
3.1198e+00
3.1333e+00
3.1288e+00
3.1288e+00
3.1288e+00
3.1198e+00
3.1198e+00
3.1198e+00
3.1063e+00
3.0973e+00
3.0838e+00
3.0748e+00
3.0659e+00
3.0524e+00
3.0434e+00
3.0299e+00
3.0209e+00
3.0119e+00
2.9984e+00
2.9849e+00
2.9713e+00
2.9578e+00
2.9398e+00
2.9263e+00
2.9083e+00
2.8858e+00
2.8543e+00
2.8273e+00
2.8002e+00
2.7957e+00
2.7777e+00
2.7597e+00
2.7326e+00
2.7191e+00
2.6966e+00
2.6785e+00
2.6515e+00
2.6425e+00
2.6244e+00
2.6019e+00
2.5839e+00
2.5793e+00
2.5523e+00
2.5433e+00
2.5342e+00
2.5207e+00
2.5072e+00
2.4981e+00
2.4936e+00
2.4801e+00
2.4711e+00
2.4575e+00
2.4665e+00
2.4711e+00
2.4756e+00
2.4756e+00
2.4801e+00
2.4891e+00
2.5026e+00
2.5117e+00
2.5252e+00
2.5297e+00
2.5387e+00
2.5387e+00
2.5523e+00
2.5568e+00
2.5703e+00
2.5703e+00
2.5658e+00
2.5658e+00
2.5568e+00
2.5523e+00
2.5387e+00
2.5252e+00
2.5207e+00
2.5207e+00
2.5162e+00
2.5026e+00
2.5072e+00
2.4936e+00
2.4936e+00
2.4891e+00
2.4936e+00
2.4891e+00
2.4756e+00
2.4665e+00
2.4530e+00
2.4395e+00
2.4214e+00
2.4034e+00
2.3853e+00
2.3672e+00
2.3401e+00
2.3221e+00
2.2995e+00
2.2724e+00
2.2453e+00
2.2317e+00
2.2091e+00
2.1956e+00
2.1820e+00
2.1684e+00
2.1594e+00
2.1549e+00
2.1368e+00
2.1278e+00
2.1097e+00
2.1006e+00
2.0916e+00
2.0916e+00
2.0780e+00
2.0735e+00
2.0645e+00
2.0464e+00
2.0373e+00
2.0328e+00
2.0102e+00
2.0011e+00
1.9785e+00
1.9695e+00
1.9604e+00
1.9468e+00
1.9287e+00
1.9242e+00
1.9242e+00
1.9151e+00
1.9061e+00
1.8880e+00
1.8880e+00
1.8789e+00
1.8653e+00
1.8518e+00
1.8427e+00
1.8291e+00
1.8110e+00
1.7974e+00
1.7884e+00
1.7702e+00
1.7657e+00
1.7567e+00
1.7567e+00
1.7476e+00
1.7567e+00
1.7521e+00
1.7612e+00
1.7521e+00
1.7612e+00
1.7612e+00
1.7657e+00
1.7567e+00
1.7657e+00
1.7567e+00
1.7793e+00
1.7793e+00
1.7884e+00
1.7884e+00
1.8065e+00
1.8155e+00
1.8427e+00
1.8699e+00
1.9061e+00
1.9242e+00
1.9740e+00
1.9921e+00
2.0237e+00
2.0599e+00
2.0916e+00
2.1142e+00
2.1458e+00
2.1639e+00
2.1820e+00
2.1956e+00
2.2001e+00
2.2046e+00
2.2136e+00
2.2182e+00
2.2182e+00
2.2091e+00
2.2001e+00
2.1956e+00
2.1820e+00
2.1594e+00
2.1504e+00
2.1323e+00
2.1097e+00
2.1187e+00
2.1006e+00
2.0961e+00
2.0961e+00
2.0961e+00
2.0780e+00
