8.3422e+00
8.3176e+00
8.2908e+00
8.2639e+00
8.2572e+00
8.2415e+00
8.2057e+00
8.2035e+00
8.2057e+00
8.1721e+00
8.1677e+00
8.1386e+00
8.1274e+00
8.1050e+00
8.0960e+00
8.0758e+00
8.0579e+00
8.0400e+00
8.0221e+00
7.9907e+00
7.9795e+00
7.9593e+00
7.9391e+00
7.8898e+00
7.8561e+00
7.8538e+00
7.8157e+00
7.7843e+00
7.7506e+00
7.7371e+00
7.7349e+00
7.7146e+00
7.6832e+00
7.6854e+00
7.6630e+00
7.6517e+00
7.6202e+00
7.6090e+00
7.5820e+00
7.5753e+00
7.5528e+00
7.5505e+00
7.5348e+00
7.5325e+00
7.5168e+00
7.5078e+00
7.5010e+00
7.4988e+00
7.4898e+00
7.4808e+00
7.4830e+00
7.4785e+00
7.4538e+00
7.4515e+00
7.4403e+00
7.4313e+00
7.4313e+00
7.4268e+00
7.4133e+00
7.4178e+00
7.4043e+00
7.4065e+00
7.4020e+00
7.3953e+00
7.3953e+00
7.3907e+00
7.3885e+00
7.3795e+00
7.3592e+00
7.3615e+00
7.3547e+00
7.3434e+00
7.3434e+00
7.3457e+00
7.3502e+00
7.3592e+00
7.3637e+00
7.3637e+00
7.3750e+00
7.3907e+00
7.4155e+00
7.4380e+00
7.4650e+00
7.4965e+00
7.5415e+00
7.5798e+00
7.6450e+00
7.7101e+00
7.7888e+00
7.9032e+00
8.0288e+00
8.1318e+00
8.2415e+00
8.3578e+00
8.4606e+00
8.5879e+00
8.7151e+00
8.8310e+00
8.9557e+00
9.0869e+00
9.2225e+00
9.3624e+00
9.4910e+00
9.6284e+00
9.7523e+00
9.8983e+00
1.0029e+01
1.0181e+01
1.0311e+01
1.0463e+01
1.0595e+01
1.0746e+01
1.0898e+01
1.1069e+01
1.1229e+01
1.1380e+01
1.1511e+01
1.1618e+01
1.1746e+01
1.1849e+01
1.1940e+01
1.2014e+01
1.2099e+01
1.2168e+01
1.2236e+01
1.2320e+01
1.2375e+01
1.2448e+01
1.2503e+01
1.2557e+01
1.2626e+01
1.2661e+01
1.2697e+01
1.2741e+01
1.2775e+01
1.2801e+01
1.2821e+01
1.2827e+01
1.2844e+01
1.2855e+01
1.2853e+01
1.2860e+01
1.2851e+01
1.2844e+01
1.2838e+01
1.2819e+01
1.2799e+01
1.2782e+01
1.2780e+01
1.2769e+01
1.2747e+01
1.2719e+01
1.2704e+01
1.2676e+01
1.2648e+01
1.2658e+01
1.2628e+01
1.2598e+01
1.2581e+01
1.2535e+01
1.2496e+01
1.2453e+01
1.2427e+01
1.2375e+01
1.2333e+01
1.2290e+01
1.2253e+01
1.2216e+01
1.2186e+01
1.2184e+01
1.2144e+01
1.2105e+01
1.2086e+01
1.2042e+01
1.2010e+01
1.1971e+01
1.1947e+01
1.1899e+01
1.1868e+01
1.1831e+01
1.1792e+01
1.1755e+01
1.1724e+01
1.1683e+01
1.1655e+01
1.1607e+01
1.1580e+01
1.1541e+01
1.1511e+01
1.1471e+01
1.1443e+01
1.1404e+01
1.1371e+01
1.1338e+01
1.1310e+01
1.1270e+01
1.1235e+01
1.1202e+01
1.1172e+01
1.1130e+01
1.1097e+01
1.1058e+01
1.1034e+01
1.0994e+01
1.0968e+01
1.0940e+01
1.0909e+01
1.0876e+01
1.0843e+01
1.0804e+01
1.0779e+01
1.0749e+01
1.0711e+01
1.0681e+01
1.0659e+01
1.0634e+01
1.0608e+01
1.0579e+01
1.0544e+01
1.0511e+01
1.0478e+01
1.0450e+01
1.0428e+01
1.0392e+01
1.0362e+01
1.0333e+01
1.0307e+01
1.0282e+01
1.0254e+01
1.0225e+01
1.0194e+01
1.0154e+01
1.0126e+01
1.0099e+01
1.0071e+01
1.0037e+01
1.0011e+01
9.9867e+00
9.9624e+00
9.9425e+00
9.9248e+00
9.8939e+00
9.8718e+00
9.8651e+00
9.8430e+00
9.8143e+00
9.7966e+00
9.7922e+00
9.7678e+00
9.7678e+00
9.7568e+00
9.7590e+00
9.7546e+00
9.7700e+00
9.7811e+00
9.8076e+00
9.8253e+00
9.8541e+00
9.8895e+00
9.9336e+00
9.9668e+00
1.0022e+01
1.0075e+01
1.0135e+01
1.0196e+01
1.0258e+01
1.0326e+01
1.0397e+01
1.0469e+01
1.0553e+01
1.0630e+01
1.0742e+01
1.0847e+01
1.0961e+01
1.1045e+01
1.1135e+01
1.1213e+01
1.1299e+01
1.1360e+01
1.1432e+01
1.1498e+01
1.1572e+01
1.1628e+01
1.1696e+01
1.1768e+01
1.1840e+01
1.1901e+01
1.1977e+01
1.2051e+01
1.2127e+01
1.2201e+01
1.2264e+01
1.2320e+01
1.2388e+01
1.2442e+01
1.2490e+01
1.2542e+01
1.2585e+01
1.2635e+01
1.2678e+01
1.2726e+01
1.2758e+01
1.2803e+01
1.2840e+01
1.2879e+01
1.2914e+01
1.2946e+01
1.2976e+01
1.3011e+01
1.3039e+01
1.3069e+01
1.3084e+01
1.3097e+01
1.3099e+01
1.3104e+01
1.3101e+01
1.3106e+01
1.3097e+01
1.3101e+01
1.3097e+01
1.3093e+01
1.3086e+01
1.3067e+01
1.3047e+01
1.3037e+01
1.3032e+01
1.3013e+01
1.2994e+01
1.2972e+01
1.2942e+01
1.2924e+01
1.2905e+01
1.2881e+01
1.2855e+01
1.2842e+01
1.2814e+01
1.2790e+01
1.2762e+01
1.2741e+01
1.2715e+01
1.2687e+01
1.2656e+01
1.2637e+01
1.2609e+01
1.2585e+01
1.2552e+01
1.2537e+01
1.2516e+01
1.2494e+01
1.2468e+01
1.2451e+01
1.2431e+01
1.2414e+01
1.2396e+01
1.2377e+01
1.2357e+01
1.2344e+01
1.2327e+01
1.2305e+01
1.2283e+01
1.2266e+01
1.2242e+01
1.2221e+01
1.2199e+01
1.2181e+01
1.2153e+01
1.2136e+01
1.2116e+01
1.2094e+01
1.2060e+01
1.2034e+01
1.2008e+01
1.1977e+01
1.1947e+01
1.1918e+01
1.1890e+01
1.1868e+01
1.1836e+01
1.1812e+01
1.1775e+01
1.1753e+01
1.1727e+01
1.1700e+01
1.1668e+01
1.1648e+01
1.1624e+01
1.1598e+01
1.1567e+01
1.1543e+01
1.1508e+01
1.1489e+01
1.1463e+01
1.1436e+01
1.1404e+01
1.1373e+01
1.1342e+01
1.1316e+01
1.1292e+01
1.1275e+01
1.1251e+01
1.1222e+01
1.1191e+01
1.1172e+01
1.1146e+01
1.1121e+01
1.1095e+01
1.1080e+01
1.1051e+01
1.1045e+01
1.1027e+01
1.1018e+01
1.0994e+01
1.0999e+01
1.0981e+01
1.0970e+01
1.0944e+01
1.0948e+01
1.0937e+01
1.0911e+01
1.0889e+01
1.0865e+01
1.0843e+01
1.0810e+01
1.0788e+01
1.0757e+01
1.0724e+01
1.0705e+01
1.0678e+01
1.0641e+01
1.0619e+01
1.0593e+01
1.0566e+01
1.0533e+01
1.0516e+01
1.0491e+01
1.0467e+01
1.0439e+01
1.0408e+01
1.0388e+01
1.0357e+01
1.0342e+01
1.0322e+01
1.0293e+01
1.0262e+01
1.0238e+01
1.0214e+01
1.0190e+01
1.0168e+01
1.0148e+01
1.0121e+01
1.0090e+01
1.0064e+01
1.0033e+01
1.0011e+01
9.9845e+00
9.9513e+00
9.9292e+00
9.9005e+00
9.8740e+00
9.8475e+00
9.8231e+00
9.7922e+00
9.7700e+00
9.7479e+00
9.7169e+00
9.6904e+00
9.6660e+00
9.6461e+00
9.6129e+00
9.5930e+00
9.5642e+00
9.5353e+00
9.5087e+00
9.4755e+00
9.4533e+00
9.4267e+00
9.4045e+00
9.3779e+00
9.3557e+00
9.3291e+00
9.2958e+00
9.2758e+00
9.2536e+00
9.2336e+00
9.2047e+00
9.1714e+00
9.1536e+00
9.1336e+00
9.1025e+00
9.0714e+00
9.0491e+00
9.0247e+00
8.9935e+00
8.9668e+00
8.9468e+00
8.9201e+00
8.8911e+00
8.8644e+00
8.8354e+00
8.8087e+00
8.7842e+00
8.7597e+00
8.7329e+00
8.7017e+00
8.6772e+00
8.6504e+00
8.6169e+00
8.5879e+00
8.5634e+00
8.5388e+00
8.5098e+00
8.4942e+00
8.4696e+00
8.4450e+00
8.4115e+00
8.3891e+00
8.3578e+00
8.3310e+00
8.3064e+00
8.2751e+00
8.2460e+00
8.2147e+00
8.1878e+00
8.1587e+00
8.1341e+00
8.1094e+00
8.0781e+00
8.0579e+00
8.0377e+00
8.0086e+00
7.9795e+00
7.9615e+00
7.9413e+00
7.9122e+00
7.8785e+00
7.8606e+00
7.8359e+00
7.8112e+00
7.7843e+00
7.7596e+00
7.7349e+00
7.7101e+00
7.6877e+00
7.6630e+00
7.6360e+00
7.6180e+00
7.5910e+00
7.5663e+00
7.5393e+00
7.5190e+00
7.4920e+00
7.4628e+00
7.4403e+00
7.4178e+00
7.3930e+00
7.3682e+00
7.3434e+00
7.3164e+00
7.2961e+00
7.2826e+00
7.2601e+00
7.2398e+00
7.2150e+00
7.1924e+00
7.1609e+00
7.1473e+00
7.1270e+00
7.0909e+00
7.0728e+00
7.0458e+00
7.0254e+00
7.0029e+00
6.9735e+00
6.9509e+00
6.9260e+00
6.9034e+00
6.8763e+00
6.8605e+00
6.8356e+00
6.8062e+00
6.7791e+00
6.7587e+00
6.7406e+00
6.7089e+00
6.6795e+00
6.6614e+00
6.6387e+00
6.6206e+00
6.5980e+00
6.5753e+00
6.5459e+00
6.5277e+00
6.5187e+00
6.4892e+00
6.4665e+00
6.4484e+00
6.4212e+00
6.4098e+00
6.3849e+00
6.3576e+00
6.3372e+00
6.3168e+00
6.2850e+00
6.2464e+00
6.2260e+00
6.1987e+00
6.1737e+00
6.1487e+00
6.1237e+00
6.1078e+00
6.0828e+00
6.0555e+00
6.0305e+00
6.0191e+00
5.9963e+00
5.9736e+00
5.9531e+00
5.9303e+00
5.9076e+00
5.8939e+00
5.8689e+00
5.8461e+00
5.8233e+00
5.8005e+00
5.7823e+00
5.7663e+00
5.7504e+00
5.7299e+00
5.7116e+00
5.6979e+00
5.6797e+00
5.6614e+00
5.6409e+00
5.6158e+00
5.5907e+00
5.5770e+00
5.5542e+00
5.5336e+00
5.5222e+00
5.5017e+00
5.4766e+00
5.4583e+00
5.4400e+00
5.4171e+00
5.3920e+00
5.3760e+00
5.3531e+00
5.3349e+00
5.3143e+00
5.2914e+00
5.2731e+00
5.2525e+00
5.2434e+00
5.2228e+00
5.2090e+00
5.1884e+00
5.1610e+00
5.1426e+00
5.1197e+00
5.1014e+00
5.0831e+00
5.0648e+00
5.0419e+00
5.0167e+00
5.0006e+00
4.9777e+00
4.9570e+00
4.9318e+00
4.9135e+00
4.8905e+00
4.8699e+00
4.8515e+00
4.8332e+00
4.8194e+00
4.7919e+00
4.7712e+00
4.7528e+00
4.7299e+00
4.7069e+00
4.6816e+00
4.6632e+00
4.6471e+00
4.6311e+00
4.6127e+00
4.5874e+00
4.5690e+00
4.5483e+00
4.5299e+00
4.5092e+00
4.4839e+00
4.4632e+00
4.4447e+00
4.4332e+00
4.4148e+00
4.3964e+00
4.3711e+00
4.3480e+00
4.3227e+00
4.3066e+00
4.2928e+00
4.2766e+00
4.2536e+00
4.2397e+00
4.2213e+00
4.2029e+00
4.1890e+00
4.1752e+00
4.1614e+00
4.1452e+00
4.1221e+00
4.1083e+00
4.0875e+00
4.0644e+00
4.0483e+00
4.0344e+00
4.0090e+00
3.9883e+00
3.9652e+00
3.9513e+00
3.9374e+00
3.9120e+00
3.8912e+00
3.8727e+00
3.8542e+00
3.8334e+00
3.8149e+00
3.7964e+00
3.7687e+00
3.7548e+00
3.7363e+00
3.7155e+00
3.6808e+00
3.6669e+00
3.6553e+00
3.6321e+00
3.6067e+00
3.5812e+00
3.5719e+00
3.5441e+00
3.5210e+00
3.5094e+00
3.4862e+00
3.4630e+00
3.4352e+00
3.4190e+00
3.3981e+00
3.3818e+00
3.3586e+00
3.3424e+00
3.3238e+00
3.3099e+00
3.2913e+00
3.2681e+00
3.2449e+00
3.2240e+00
3.2078e+00
3.1961e+00
3.1822e+00
3.1497e+00
3.1311e+00
3.1148e+00
3.0916e+00
3.0637e+00
3.0497e+00
3.0358e+00
3.0032e+00
2.9892e+00
2.9799e+00
2.9567e+00
2.9148e+00
2.9148e+00
2.9125e+00
2.8799e+00
2.8659e+00
2.8379e+00
2.8123e+00
2.7984e+00
2.7867e+00
2.7611e+00
2.7261e+00
2.7448e+00
2.7238e+00
2.6795e+00
2.6748e+00
2.6538e+00
2.6305e+00
2.6002e+00
2.5932e+00
2.5769e+00
2.5372e+00
2.5232e+00
2.5092e+00
2.4788e+00
2.4485e+00
2.4601e+00
2.4344e+00
2.3971e+00
2.3877e+00
2.3690e+00
2.3456e+00
2.3246e+00
2.3082e+00
2.2942e+00
2.2591e+00
2.2521e+00
2.1983e+00
2.1936e+00
2.2147e+00
2.1538e+00
2.1632e+00
2.1351e+00
2.1023e+00
2.1211e+00
2.0977e+00
2.0672e+00
2.0649e+00
2.0274e+00
2.0204e+00
1.9829e+00
2.0063e+00
1.9618e+00
1.8868e+00
1.9383e+00
1.9383e+00
1.9008e+00
1.8844e+00
1.8844e+00
1.8633e+00
1.8375e+00
1.8398e+00
1.8093e+00
1.8023e+00
1.7671e+00
1.7741e+00
1.7671e+00
1.6920e+00
1.7014e+00
1.6802e+00
1.6544e+00
1.6191e+00
1.5956e+00
1.5862e+00
1.5486e+00
1.5392e+00
1.5016e+00
1.4922e+00
1.5016e+00
1.4404e+00
1.4357e+00
1.4169e+00
1.3957e+00
1.3839e+00
1.3369e+00
1.3251e+00
1.2851e+00
1.2756e+00
1.2591e+00
1.2120e+00
1.2191e+00
1.1743e+00
1.1531e+00
1.1507e+00
1.1130e+00
1.1036e+00
1.0752e+00
1.0517e+00
1.0564e+00
1.0045e+00
9.9029e-01
9.7377e-01
9.5016e-01
9.3362e-01
8.9583e-01
8.9347e-01
8.5803e-01
8.6985e-01
8.4149e-01
7.7531e-01
7.8949e-01
7.6112e-01
7.4220e-01
7.1619e-01
6.8544e-01
6.8070e-01
6.3811e-01
6.2628e-01
6.1918e-01
5.7893e-01
5.6236e-01
5.4341e-01
5.2920e-01
4.9841e-01
4.8893e-01
4.6523e-01
4.3917e-01
4.3206e-01
3.9413e-01
3.9650e-01
3.5619e-01
3.4196e-01
3.6093e-01
3.2061e-01
3.1349e-01
2.7791e-01
2.8028e-01
2.7791e-01
2.6130e-01
2.6841e-01
2.3756e-01
2.6130e-01
2.2095e-01
1.9483e-01
2.2332e-01
2.0195e-01
2.1620e-01
2.0908e-01
1.9246e-01
1.8296e-01
1.4496e-01
1.5209e-01
1.1646e-01
1.3783e-01
8.7946e-02
4.2792e-02
8.3193e-02
5.9429e-02
6.6559e-02
4.7545e-02
2.8529e-02
5.4676e-02
2.1398e-02
2.3775e-02
3.3284e-02
9.5110e-03
2.3775e-02
0000
0000
1.4266e-02
0000
2.6152e-02
0000
5.2299e-02
1.9020e-02
7.1330e-03
7.3688e-02
6.6559e-02
1.1883e-01
1.0933e-01
1.1883e-01
1.5446e-01
1.5684e-01
1.9958e-01
1.9721e-01
2.6604e-01
2.3756e-01
2.4705e-01
3.6330e-01
3.5382e-01
3.6330e-01
3.9176e-01
4.2968e-01
4.5339e-01
4.5339e-01
5.0551e-01
5.0077e-01
5.6236e-01
6.1207e-01
5.7893e-01
6.4048e-01
6.4994e-01
6.7361e-01
7.0436e-01
7.2328e-01
7.8713e-01
7.9186e-01
8.5567e-01
9.1473e-01
9.2418e-01
9.9973e-01
1.0847e+00
1.1484e+00
1.2379e+00
1.3251e+00
1.4310e+00
1.5392e+00
1.6990e+00
1.9055e+00
2.0508e+00
2.2498e+00
2.3854e+00
2.5442e+00
2.7191e+00
2.9753e+00
3.2403e+00
3.4653e+00
3.7155e+00
3.9444e+00
4.1383e+00
4.4563e+00
4.6448e+00
4.9181e+00
5.1564e+00
5.4354e+00
5.7116e+00
5.9554e+00
6.2464e+00
6.5119e+00
6.8198e+00
7.1067e+00
7.3232e+00
7.6202e+00
7.8740e+00
8.1341e+00
8.4204e+00
8.7463e+00
9.1136e+00
9.3868e+00
9.6638e+00
9.9314e+00
1.0137e+01
1.0390e+01
1.0604e+01
1.0808e+01
1.0992e+01
1.1222e+01
1.1395e+01
1.1526e+01
1.1714e+01
1.1846e+01
1.2008e+01
1.2144e+01
1.2257e+01
1.2424e+01
1.2544e+01
1.2678e+01
1.2819e+01
1.2948e+01
1.3086e+01
1.3188e+01
1.3336e+01
1.3407e+01
1.3506e+01
1.3676e+01
1.3719e+01
1.3824e+01
1.3921e+01
1.3989e+01
1.4066e+01
1.4111e+01
1.4208e+01
1.4229e+01
1.4300e+01
1.4419e+01
1.4458e+01
1.4511e+01
1.4562e+01
1.4613e+01
1.4645e+01
1.4688e+01
1.4714e+01
1.4739e+01
1.4758e+01
1.4778e+01
1.4792e+01
1.4803e+01
1.4818e+01
1.4831e+01
1.4839e+01
1.4846e+01
1.4854e+01
1.4863e+01
1.4869e+01
1.4880e+01
1.4886e+01
1.4897e+01
1.4901e+01
1.4916e+01
1.4956e+01
1.4992e+01
1.5012e+01
1.5039e+01
1.5075e+01
1.5097e+01
1.5116e+01
1.5126e+01
1.5137e+01
1.5152e+01
1.5162e+01
1.5156e+01
1.5152e+01
1.5139e+01
1.5131e+01
1.5109e+01
1.5092e+01
1.5071e+01
1.5052e+01
1.5018e+01
1.4995e+01
1.4969e+01
1.4939e+01
1.4914e+01
1.4893e+01
1.4869e+01
1.4831e+01
1.4799e+01
1.4773e+01
1.4733e+01
1.4701e+01
1.4667e+01
1.4626e+01
1.4592e+01
1.4558e+01
1.4517e+01
1.4475e+01
1.4441e+01
1.4404e+01
1.4366e+01
1.4334e+01
1.4293e+01
1.4259e+01
1.4223e+01
1.4191e+01
1.4156e+01
1.4118e+01
1.4071e+01
1.4034e+01
1.4011e+01
1.3972e+01
1.3934e+01
1.3897e+01
1.3863e+01
1.3833e+01
1.3803e+01
1.3777e+01
1.3743e+01
1.3715e+01
1.3678e+01
1.3657e+01
1.3633e+01
1.3607e+01
1.3573e+01
1.3541e+01
1.3517e+01
1.3493e+01
1.3461e+01
1.3438e+01
1.3403e+01
1.3371e+01
1.3343e+01
1.3315e+01
1.3280e+01
1.3250e+01
1.3220e+01
1.3201e+01
1.3170e+01
1.3132e+01
1.3097e+01
1.3080e+01
1.3045e+01
1.3019e+01
1.2991e+01
1.2959e+01
1.2931e+01
1.2903e+01
1.2875e+01
1.2849e+01
1.2814e+01
1.2788e+01
1.2758e+01
1.2726e+01
1.2697e+01
1.2674e+01
1.2637e+01
1.2611e+01
1.2581e+01
1.2544e+01
1.2518e+01
1.2492e+01
1.2468e+01
1.2442e+01
1.2411e+01
1.2390e+01
1.2364e+01
1.2338e+01
1.2305e+01
1.2283e+01
1.2257e+01
1.2229e+01
1.2207e+01
1.2177e+01
1.2147e+01
1.2121e+01
1.2092e+01
1.2060e+01
1.2029e+01
1.1997e+01
1.1973e+01
1.1951e+01
1.1923e+01
1.1903e+01
1.1877e+01
1.1849e+01
1.1820e+01
1.1794e+01
1.1770e+01
1.1742e+01
1.1718e+01
1.1694e+01
1.1670e+01
1.1644e+01
1.1618e+01
1.1583e+01
1.1565e+01
1.1541e+01
1.1513e+01
1.1493e+01
1.1471e+01
1.1445e+01
1.1421e+01
1.1395e+01
1.1371e+01
1.1351e+01
1.1325e+01
1.1292e+01
1.1283e+01
1.1264e+01
1.1235e+01
1.1216e+01
1.1191e+01
1.1170e+01
1.1148e+01
1.1130e+01
1.1106e+01
1.1078e+01
1.1056e+01
1.1029e+01
1.1008e+01
1.0988e+01
1.0959e+01
1.0931e+01
1.0904e+01
1.0889e+01
1.0869e+01
1.0839e+01
1.0817e+01
1.0793e+01
1.0764e+01
1.0742e+01
1.0720e+01
1.0705e+01
1.0681e+01
1.0661e+01
1.0630e+01
1.0601e+01
1.0577e+01
1.0555e+01
1.0533e+01
1.0500e+01
1.0476e+01
1.0456e+01
1.0434e+01
1.0410e+01
1.0384e+01
1.0359e+01
1.0326e+01
1.0304e+01
1.0282e+01
1.0260e+01
1.0236e+01
1.0210e+01
1.0194e+01
1.0174e+01
1.0143e+01
1.0121e+01
1.0104e+01
1.0079e+01
1.0057e+01
1.0037e+01
1.0018e+01
9.9999e+00
9.9646e+00
9.9469e+00
9.9226e+00
9.8961e+00
9.8762e+00
9.8519e+00
9.8298e+00
9.8032e+00
9.7877e+00
9.7634e+00
9.7457e+00
9.7280e+00
9.7059e+00
9.6970e+00
9.6727e+00
9.6572e+00
9.6439e+00
9.6240e+00
9.6018e+00
9.5841e+00
9.5664e+00
9.5420e+00
9.5243e+00
9.5065e+00
9.4954e+00
9.4844e+00
9.4711e+00
9.4777e+00
9.4733e+00
9.4844e+00
9.4910e+00
9.5176e+00
9.5353e+00
9.5730e+00
9.6085e+00
9.6550e+00
9.7103e+00
9.7656e+00
9.8342e+00
9.9138e+00
1.0004e+01
1.0086e+01
1.0187e+01
1.0284e+01
1.0417e+01
1.0549e+01
1.0694e+01
1.0863e+01
1.1040e+01
1.1218e+01
1.1401e+01
1.1576e+01
1.1761e+01
1.1947e+01
1.2127e+01
1.2329e+01
1.2542e+01
1.2801e+01
1.3035e+01
1.3289e+01
1.3524e+01
1.3758e+01
1.3923e+01
1.4088e+01
1.4265e+01
1.4421e+01
1.4603e+01
1.4765e+01
1.4933e+01
1.5084e+01
1.5288e+01
1.5468e+01
1.5625e+01
1.5794e+01
1.5931e+01
1.6068e+01
1.6199e+01
1.6319e+01
1.6420e+01
1.6525e+01
1.6617e+01
1.6710e+01
1.6798e+01
1.6873e+01
1.6932e+01
1.6986e+01
1.7035e+01
1.7078e+01
1.7129e+01
1.7175e+01
1.7212e+01
1.7237e+01
1.7271e+01
1.7298e+01
1.7315e+01
1.7338e+01
1.7346e+01
1.7363e+01
1.7371e+01
1.7371e+01
1.7375e+01
1.7379e+01
1.7382e+01
1.7375e+01
1.7367e+01
1.7354e+01
1.7382e+01
1.7394e+01
1.7404e+01
1.7394e+01
1.7434e+01
1.7450e+01
1.7469e+01
1.7465e+01
1.7463e+01
1.7457e+01
1.7440e+01
1.7421e+01
1.7398e+01
1.7375e+01
1.7356e+01
1.7329e+01
1.7306e+01
1.7275e+01
1.7256e+01
1.7225e+01
1.7191e+01
1.7177e+01
1.7148e+01
1.7127e+01
1.7093e+01
1.7072e+01
1.7047e+01
1.7014e+01
1.6978e+01
1.6957e+01
1.6928e+01
1.6896e+01
1.6873e+01
1.6844e+01
1.6808e+01
1.6773e+01
1.6741e+01
1.6724e+01
1.6701e+01
1.6672e+01
1.6636e+01
1.6601e+01
1.6569e+01
1.6535e+01
1.6500e+01
1.6458e+01
1.6430e+01
1.6395e+01
1.6357e+01
1.6323e+01
1.6289e+01
1.6254e+01
1.6216e+01
1.6176e+01
1.6142e+01
1.6115e+01
1.6079e+01
1.6037e+01
1.6001e+01
1.5963e+01
1.5933e+01
1.5899e+01
1.5874e+01
1.5832e+01
1.5809e+01
1.5787e+01
1.5760e+01
1.5728e+01
1.5701e+01
1.5688e+01
1.5667e+01
1.5648e+01
1.5620e+01
1.5584e+01
1.5563e+01
1.5517e+01
1.5489e+01
1.5445e+01
1.5409e+01
1.5366e+01
1.5334e+01
1.5300e+01
1.5266e+01
1.5226e+01
1.5201e+01
1.5173e+01
1.5141e+01
1.5111e+01
1.5077e+01
1.5039e+01
1.5012e+01
1.4982e+01
1.4969e+01
1.4927e+01
1.4903e+01
1.4873e+01
1.4850e+01
1.4820e+01
1.4797e+01
1.4763e+01
1.4741e+01
1.4716e+01
1.4692e+01
1.4656e+01
1.4628e+01
1.4605e+01
1.4584e+01
1.4558e+01
1.4539e+01
1.4511e+01
1.4526e+01
1.4537e+01
1.4554e+01
1.4547e+01
1.4526e+01
1.4509e+01
1.4490e+01
1.4468e+01
1.4443e+01
1.4424e+01
1.4404e+01
1.4377e+01
1.4372e+01
1.4359e+01
1.4340e+01
1.4308e+01
1.4287e+01
1.4253e+01
1.4229e+01
1.4208e+01
1.4182e+01
1.4152e+01
1.4126e+01
1.4099e+01
1.4069e+01
1.4043e+01
1.4017e+01
1.3989e+01
1.3961e+01
1.3927e+01
1.3899e+01
1.3863e+01
1.3833e+01
1.3816e+01
1.3786e+01
1.3760e+01
1.3736e+01
1.3706e+01
1.3678e+01
1.3659e+01
1.3627e+01
1.3597e+01
1.3571e+01
1.3545e+01
1.3526e+01
1.3493e+01
1.3470e+01
1.3455e+01
1.3427e+01
1.3399e+01
1.3369e+01
1.3351e+01
1.3332e+01
1.3315e+01
1.3291e+01
1.3276e+01
1.3250e+01
1.3231e+01
1.3209e+01
1.3183e+01
1.3164e+01
1.3140e+01
1.3114e+01
1.3099e+01
1.3080e+01
1.3060e+01
1.3039e+01
1.3026e+01
1.3009e+01
1.2991e+01
1.2972e+01
1.2952e+01
1.2940e+01
1.2924e+01
1.2896e+01
1.2881e+01
1.2862e+01
1.2840e+01
1.2819e+01
1.2797e+01
1.2777e+01
1.2745e+01
1.2721e+01
1.2697e+01
1.2674e+01
1.2652e+01
1.2626e+01
1.2600e+01
1.2578e+01
1.2561e+01
1.2542e+01
1.2509e+01
1.2481e+01
1.2459e+01
1.2431e+01
1.2411e+01
1.2385e+01
1.2364e+01
1.2344e+01
1.2320e+01
1.2299e+01
1.2273e+01
1.2253e+01
1.2225e+01
1.2201e+01
1.2177e+01
1.2153e+01
1.2129e+01
1.2110e+01
1.2086e+01
1.2062e+01
1.2031e+01
1.2014e+01
1.1990e+01
1.1966e+01
1.1940e+01
1.1923e+01
1.1899e+01
1.1875e+01
1.1849e+01
1.1825e+01
1.1807e+01
1.1779e+01
1.1757e+01
1.1740e+01
1.1711e+01
1.1687e+01
1.1661e+01
1.1639e+01
1.1609e+01
1.1587e+01
1.1565e+01
1.1535e+01
1.1515e+01
1.1500e+01
1.1467e+01
1.1443e+01
1.1419e+01
1.1393e+01
1.1366e+01
1.1347e+01
1.1318e+01
1.1294e+01
1.1272e+01
1.1248e+01
1.1216e+01
1.1200e+01
1.1185e+01
1.1159e+01
1.1135e+01
1.1108e+01
1.1093e+01
1.1071e+01
1.1049e+01
1.1023e+01
1.0994e+01
1.0977e+01
1.0951e+01
1.0931e+01
1.0907e+01
1.0885e+01
1.0863e+01
1.0843e+01
1.0825e+01
1.0799e+01
1.0777e+01
1.0764e+01
1.0735e+01
1.0711e+01
1.0696e+01
1.0674e+01
1.0656e+01
1.0634e+01
1.0610e+01
1.0582e+01
1.0564e+01
1.0546e+01
1.0524e+01
1.0509e+01
1.0485e+01
1.0461e+01
1.0441e+01
1.0419e+01
1.0395e+01
1.0373e+01
1.0351e+01
1.0324e+01
1.0311e+01
1.0287e+01
1.0269e+01
1.0251e+01
1.0221e+01
1.0201e+01
1.0176e+01
1.0148e+01
1.0128e+01
1.0112e+01
1.0097e+01
1.0073e+01
1.0057e+01
1.0031e+01
1.0015e+01
9.9911e+00
9.9646e+00
9.9403e+00
9.9204e+00
9.8939e+00
9.8718e+00
9.8519e+00
9.8276e+00
9.7988e+00
9.7767e+00
9.7568e+00
9.7346e+00
9.7125e+00
9.6882e+00
9.6705e+00
9.6527e+00
9.6262e+00
9.6018e+00
9.5797e+00
9.5575e+00
9.5309e+00
9.5043e+00
9.4888e+00
9.4666e+00
9.4445e+00
9.4245e+00
9.4045e+00
9.3801e+00
9.3624e+00
9.3491e+00
9.3269e+00
9.3113e+00
9.2914e+00
9.2714e+00
9.2536e+00
9.2403e+00
9.2358e+00
9.2136e+00
9.1914e+00
9.1870e+00
9.1781e+00
9.1625e+00
9.1492e+00
9.1381e+00
9.1136e+00
9.0914e+00
9.0736e+00
9.0514e+00
9.0247e+00
9.0091e+00
8.9891e+00
8.9646e+00
8.9423e+00
8.9156e+00
8.8889e+00
8.8666e+00
8.8533e+00
8.8310e+00
8.8065e+00
8.7820e+00
8.7641e+00
8.7552e+00
8.7307e+00
8.7106e+00
8.6883e+00
8.6727e+00
8.6526e+00
8.6303e+00
8.6102e+00
8.5790e+00
8.5589e+00
8.5366e+00
8.5143e+00
8.4875e+00
8.4673e+00
8.4495e+00
8.4294e+00
8.4093e+00
8.3891e+00
8.3690e+00
8.3534e+00
8.3288e+00
8.2997e+00
8.2773e+00
8.2572e+00
8.2438e+00
8.2236e+00
8.1990e+00
8.1811e+00
8.1654e+00
8.1498e+00
8.1296e+00
8.1117e+00
8.0938e+00
8.0714e+00
8.0534e+00
8.0265e+00
8.0019e+00
7.9817e+00
7.9660e+00
7.9503e+00
7.9212e+00
7.9032e+00
7.8830e+00
7.8696e+00
7.8516e+00
7.8314e+00
7.8112e+00
7.8022e+00
7.7865e+00
7.7641e+00
7.7438e+00
7.7236e+00
7.7079e+00
7.6877e+00
7.6630e+00
7.6472e+00
7.6202e+00
7.6000e+00
7.5798e+00
7.5618e+00
7.5438e+00
7.5258e+00
7.5033e+00
7.4875e+00
7.4718e+00
7.4515e+00
7.4290e+00
7.4110e+00
7.3975e+00
7.3727e+00
7.3434e+00
7.3322e+00
7.3119e+00
7.2871e+00
7.2691e+00
7.2556e+00
7.2398e+00
7.2150e+00
7.1969e+00
7.1812e+00
7.1563e+00
7.1405e+00
7.1180e+00
7.0954e+00
7.0796e+00
7.0593e+00
7.0367e+00
7.0187e+00
7.0006e+00
6.9825e+00
6.9599e+00
6.9373e+00
6.9193e+00
6.9034e+00
6.8763e+00
6.8560e+00
6.8515e+00
6.8288e+00
6.8107e+00
6.7972e+00
6.7881e+00
6.7565e+00
6.7361e+00
6.7248e+00
6.6999e+00
6.6795e+00
6.6637e+00
6.6410e+00
6.6229e+00
6.6116e+00
6.6002e+00
6.5821e+00
6.5640e+00
6.5504e+00
6.5413e+00
6.5164e+00
6.5005e+00
6.4892e+00
6.4688e+00
6.4439e+00
6.4325e+00
6.4166e+00
6.4008e+00
6.3894e+00
6.3758e+00
6.3531e+00
6.3304e+00
6.3123e+00
6.2941e+00
6.2714e+00
6.2509e+00
6.2282e+00
6.2123e+00
6.1896e+00
6.1692e+00
6.1442e+00
6.1146e+00
6.0896e+00
6.0623e+00
6.0441e+00
6.0236e+00
6.0100e+00
5.9872e+00
5.9622e+00
5.9486e+00
5.9258e+00
5.9030e+00
5.8802e+00
5.8620e+00
5.8324e+00
5.8051e+00
5.7868e+00
5.7595e+00
5.7344e+00
5.7071e+00
5.6865e+00
5.6614e+00
5.6409e+00
5.6272e+00
5.6067e+00
5.5861e+00
