1.0370e+01
1.0370e+01
1.0370e+01
1.0391e+01
1.0391e+01
1.0380e+01
1.0391e+01
1.0391e+01
1.0402e+01
1.0402e+01
1.0412e+01
1.0423e+01
1.0412e+01
1.0412e+01
1.0423e+01
1.0434e+01
1.0434e+01
1.0434e+01
1.0434e+01
1.0445e+01
1.0445e+01
1.0455e+01
1.0455e+01
1.0455e+01
1.0455e+01
1.0466e+01
1.0455e+01
1.0455e+01
1.0455e+01
1.0466e+01
1.0466e+01
1.0477e+01
1.0487e+01
1.0498e+01
1.0498e+01
1.0498e+01
1.0498e+01
1.0509e+01
1.0519e+01
1.0519e+01
1.0509e+01
1.0509e+01
1.0519e+01
1.0519e+01
1.0509e+01
1.0498e+01
1.0487e+01
1.0487e+01
1.0487e+01
1.0487e+01
1.0498e+01
1.0477e+01
1.0487e+01
1.0498e+01
1.0487e+01
1.0487e+01
1.0487e+01
1.0477e+01
1.0477e+01
1.0477e+01
1.0477e+01
1.0466e+01
1.0466e+01
1.0477e+01
1.0466e+01
1.0455e+01
1.0466e+01
1.0466e+01
1.0455e+01
1.0455e+01
1.0455e+01
1.0445e+01
1.0445e+01
1.0445e+01
1.0434e+01
1.0434e+01
1.0423e+01
1.0423e+01
1.0423e+01
1.0412e+01
1.0412e+01
1.0412e+01
1.0412e+01
1.0412e+01
1.0402e+01
1.0402e+01
1.0402e+01
1.0391e+01
1.0391e+01
1.0380e+01
1.0380e+01
1.0370e+01
1.0359e+01
1.0370e+01
1.0359e+01
1.0359e+01
1.0359e+01
1.0348e+01
1.0348e+01
1.0348e+01
1.0338e+01
1.0338e+01
1.0338e+01
1.0338e+01
1.0338e+01
1.0338e+01
1.0327e+01
1.0316e+01
1.0316e+01
1.0316e+01
1.0306e+01
1.0295e+01
1.0295e+01
1.0306e+01
1.0295e+01
1.0284e+01
1.0284e+01
1.0263e+01
1.0273e+01
1.0252e+01
1.0252e+01
1.0241e+01
1.0231e+01
1.0231e+01
1.0220e+01
1.0199e+01
1.0188e+01
1.0188e+01
1.0177e+01
1.0166e+01
1.0156e+01
1.0156e+01
1.0145e+01
1.0145e+01
1.0134e+01
1.0124e+01
1.0113e+01
1.0113e+01
1.0102e+01
1.0092e+01
1.0092e+01
1.0081e+01
1.0059e+01
1.0059e+01
1.0049e+01
1.0049e+01
1.0038e+01
1.0049e+01
1.0038e+01
1.0027e+01
1.0027e+01
1.0017e+01
9.9953e+00
9.9953e+00
9.9845e+00
9.9738e+00
9.9738e+00
9.9631e+00
9.9524e+00
9.9524e+00
9.9310e+00
9.9203e+00
9.9203e+00
9.9096e+00
9.8989e+00
9.9096e+00
9.8989e+00
9.8882e+00
9.8775e+00
9.8775e+00
9.8775e+00
9.8560e+00
9.8560e+00
9.8560e+00
9.8453e+00
9.8346e+00
9.8346e+00
9.8132e+00
9.8132e+00
9.8239e+00
9.8132e+00
9.8025e+00
9.8025e+00
9.7918e+00
9.7918e+00
9.8025e+00
9.8132e+00
9.8239e+00
9.8560e+00
9.8775e+00
9.8882e+00
9.9096e+00
9.9096e+00
9.9096e+00
9.9096e+00
9.9310e+00
9.9417e+00
9.9524e+00
9.9524e+00
9.9631e+00
9.9631e+00
9.9631e+00
9.9738e+00
9.9738e+00
9.9524e+00
9.9631e+00
9.9524e+00
9.9417e+00
9.9417e+00
9.9417e+00
9.9417e+00
9.9417e+00
9.9203e+00
9.9310e+00
9.9310e+00
9.9310e+00
9.9310e+00
9.9310e+00
9.9203e+00
9.9310e+00
9.9310e+00
9.9310e+00
9.9203e+00
9.9096e+00
9.9096e+00
9.9096e+00
9.9096e+00
9.8989e+00
9.8882e+00
9.8989e+00
9.8882e+00
9.8668e+00
9.8668e+00
9.8668e+00
9.8560e+00
9.8346e+00
9.8239e+00
9.8132e+00
9.8132e+00
9.8132e+00
9.8132e+00
9.8132e+00
9.8025e+00
9.8132e+00
9.8025e+00
9.7918e+00
9.8025e+00
9.8239e+00
9.8239e+00
9.8346e+00
9.8346e+00
9.8453e+00
9.8560e+00
9.8882e+00
9.9417e+00
9.9953e+00
1.0027e+01
1.0059e+01
1.0070e+01
1.0059e+01
1.0059e+01
1.0059e+01
1.0059e+01
1.0059e+01
1.0049e+01
1.0027e+01
1.0017e+01
1.0006e+01
1.0006e+01
1.0006e+01
1.0006e+01
1.0006e+01
9.9953e+00
9.9953e+00
9.9953e+00
9.9845e+00
9.9845e+00
9.9738e+00
9.9738e+00
9.9631e+00
9.9417e+00
9.9310e+00
9.9310e+00
9.9203e+00
9.9096e+00
9.9096e+00
9.9417e+00
9.9845e+00
9.9738e+00
9.9738e+00
9.9738e+00
9.9738e+00
9.9631e+00
9.9631e+00
9.9524e+00
9.9417e+00
9.9203e+00
9.9096e+00
9.9096e+00
9.8989e+00
9.8882e+00
9.8882e+00
9.8668e+00
9.8560e+00
9.8560e+00
9.8453e+00
9.8346e+00
9.8239e+00
9.8239e+00
9.8132e+00
9.8025e+00
9.8025e+00
9.7918e+00
9.7811e+00
9.7704e+00
9.7596e+00
9.7489e+00
9.7489e+00
9.7382e+00
9.7275e+00
9.7275e+00
9.7275e+00
9.7168e+00
9.7168e+00
9.7061e+00
9.7061e+00
9.6954e+00
9.6954e+00
9.6954e+00
9.6846e+00
9.6846e+00
9.6739e+00
9.6739e+00
9.6739e+00
9.6632e+00
9.6632e+00
9.6739e+00
9.6739e+00
9.6632e+00
9.6525e+00
9.6525e+00
9.6418e+00
9.6310e+00
9.6203e+00
9.6096e+00
9.6096e+00
9.5989e+00
9.5882e+00
9.5774e+00
9.5882e+00
9.5882e+00
9.5774e+00
9.5667e+00
9.5667e+00
9.5667e+00
9.5453e+00
9.5453e+00
9.5453e+00
9.5346e+00
9.5238e+00
9.5131e+00
9.5024e+00
9.4809e+00
9.4702e+00
9.4488e+00
9.4380e+00
9.4166e+00
9.3951e+00
9.3951e+00
9.3844e+00
9.3737e+00
9.3630e+00
9.3522e+00
9.3308e+00
9.3093e+00
9.2986e+00
9.2986e+00
9.2878e+00
9.2557e+00
9.2449e+00
9.2342e+00
9.2127e+00
9.1913e+00
9.1913e+00
9.1805e+00
9.1698e+00
9.1483e+00
9.1483e+00
9.1483e+00
9.1376e+00
9.1268e+00
9.1054e+00
9.0839e+00
9.0731e+00
9.0624e+00
9.0409e+00
9.0194e+00
9.0087e+00
8.9980e+00
8.9872e+00
8.9765e+00
8.9657e+00
8.9550e+00
8.9443e+00
8.9335e+00
8.9228e+00
8.9120e+00
8.9013e+00
8.8798e+00
8.8690e+00
8.8583e+00
8.8475e+00
8.8260e+00
8.8046e+00
8.7938e+00
8.7938e+00
8.7831e+00
8.7723e+00
8.7616e+00
8.7508e+00
8.7400e+00
8.7293e+00
8.7185e+00
8.7185e+00
8.6970e+00
8.6755e+00
8.6648e+00
8.6540e+00
8.6433e+00
8.6325e+00
8.6218e+00
8.6110e+00
8.6003e+00
8.5895e+00
8.5787e+00
8.5787e+00
8.5680e+00
8.5465e+00
8.5465e+00
8.5249e+00
8.5142e+00
8.5034e+00
8.4819e+00
8.4711e+00
8.4604e+00
8.4496e+00
8.4389e+00
8.4281e+00
8.4173e+00
8.4173e+00
8.4066e+00
8.3958e+00
8.3850e+00
8.3743e+00
8.3635e+00
8.3528e+00
8.3420e+00
8.3205e+00
8.3097e+00
8.2881e+00
8.2774e+00
8.2558e+00
8.2343e+00
8.2343e+00
8.2235e+00
8.2128e+00
8.2020e+00
8.2020e+00
8.1912e+00
8.1697e+00
8.1589e+00
8.1481e+00
8.1374e+00
8.1266e+00
8.1158e+00
8.0943e+00
8.0835e+00
8.0727e+00
8.0619e+00
8.0404e+00
8.0404e+00
8.0296e+00
8.0188e+00
7.9973e+00
7.9865e+00
7.9649e+00
7.9649e+00
7.9542e+00
7.9434e+00
7.9218e+00
7.9110e+00
7.8895e+00
7.8679e+00
7.8571e+00
7.8463e+00
7.8356e+00
7.8248e+00
7.8248e+00
7.8140e+00
7.8032e+00
7.7816e+00
7.7708e+00
7.7601e+00
7.7493e+00
7.7385e+00
7.7169e+00
7.7061e+00
7.6845e+00
7.6737e+00
7.6737e+00
7.6522e+00
7.6306e+00
7.6306e+00
7.6198e+00
7.6090e+00
7.5982e+00
7.5874e+00
7.5766e+00
7.5550e+00
7.5442e+00
7.5226e+00
7.5226e+00
7.5010e+00
7.4903e+00
7.4687e+00
7.4687e+00
7.4471e+00
7.4363e+00
7.4363e+00
7.4255e+00
7.4147e+00
7.3931e+00
7.3931e+00
7.3823e+00
7.3715e+00
7.3607e+00
7.3499e+00
7.3391e+00
7.3282e+00
7.3174e+00
7.2958e+00
7.2958e+00
7.2850e+00
7.2742e+00
7.2634e+00
7.2526e+00
7.2418e+00
7.2418e+00
7.2310e+00
7.2202e+00
7.2202e+00
7.2094e+00
7.1986e+00
7.1662e+00
7.1662e+00
7.1662e+00
7.1445e+00
7.1337e+00
7.1229e+00
7.1121e+00
7.1013e+00
7.1013e+00
7.0905e+00
7.0905e+00
7.0797e+00
7.0689e+00
7.0580e+00
7.0472e+00
7.0472e+00
7.0256e+00
7.0148e+00
7.0040e+00
6.9932e+00
6.9823e+00
6.9715e+00
6.9607e+00
6.9499e+00
6.9391e+00
6.9391e+00
6.9283e+00
6.9174e+00
6.9066e+00
6.8958e+00
6.8850e+00
6.8634e+00
6.8525e+00
6.8417e+00
6.8309e+00
6.8201e+00
6.7984e+00
6.7876e+00
6.7876e+00
6.7768e+00
6.7660e+00
6.7551e+00
6.7335e+00
6.7335e+00
6.7227e+00
6.7118e+00
6.7010e+00
6.6794e+00
6.6685e+00
6.6577e+00
6.6360e+00
6.6252e+00
6.6036e+00
6.5927e+00
6.5927e+00
6.5711e+00
6.5602e+00
6.5494e+00
6.5494e+00
6.5386e+00
6.5169e+00
6.5169e+00
6.5061e+00
6.4844e+00
6.4736e+00
6.4519e+00
6.4411e+00
6.4302e+00
6.4086e+00
6.3869e+00
6.3869e+00
6.3760e+00
6.3760e+00
6.3652e+00
6.3435e+00
6.3327e+00
6.3327e+00
6.3110e+00
6.3002e+00
6.2893e+00
6.2676e+00
6.2460e+00
6.2351e+00
6.2243e+00
6.2134e+00
6.2026e+00
6.1917e+00
6.1917e+00
6.1809e+00
6.1700e+00
6.1592e+00
6.1484e+00
6.1484e+00
6.1375e+00
6.1158e+00
6.1158e+00
6.1050e+00
6.0833e+00
6.0724e+00
6.0616e+00
6.0616e+00
6.0399e+00
6.0399e+00
6.0290e+00
6.0182e+00
6.0073e+00
6.0073e+00
6.0073e+00
5.9965e+00
5.9856e+00
5.9856e+00
5.9748e+00
5.9639e+00
5.9531e+00
5.9531e+00
5.9422e+00
5.9422e+00
5.9313e+00
5.9313e+00
5.9205e+00
5.9205e+00
5.9205e+00
5.9096e+00
5.8988e+00
5.8988e+00
5.8879e+00
5.8879e+00
5.8879e+00
5.8662e+00
5.8662e+00
5.8662e+00
5.8554e+00
5.8445e+00
5.8336e+00
5.8445e+00
5.8336e+00
5.8336e+00
5.8228e+00
5.8228e+00
5.8119e+00
5.8011e+00
5.8011e+00
5.7902e+00
5.7902e+00
5.7685e+00
5.7685e+00
5.7576e+00
5.7468e+00
5.7359e+00
5.7468e+00
5.7359e+00
5.7250e+00
5.7250e+00
5.7142e+00
5.7033e+00
5.6925e+00
5.6816e+00
5.6816e+00
5.6599e+00
5.6490e+00
5.6381e+00
5.6273e+00
5.6164e+00
5.6055e+00
5.6055e+00
5.5838e+00
5.5838e+00
5.5729e+00
5.5621e+00
5.5512e+00
5.5403e+00
5.5403e+00
5.5295e+00
5.5077e+00
5.4968e+00
5.4860e+00
5.4751e+00
5.4534e+00
5.4425e+00
5.4316e+00
5.4207e+00
5.4207e+00
5.4099e+00
5.3990e+00
5.3881e+00
5.3773e+00
5.3664e+00
5.3555e+00
5.3555e+00
5.3446e+00
5.3337e+00
5.3229e+00
5.3229e+00
5.3120e+00
5.2902e+00
5.2794e+00
5.2794e+00
5.2576e+00
5.2576e+00
5.2467e+00
5.2467e+00
5.2358e+00
5.2250e+00
5.2141e+00
5.2141e+00
5.2032e+00
5.1923e+00
5.1814e+00
5.1706e+00
5.1597e+00
5.1488e+00
5.1379e+00
5.1379e+00
5.1379e+00
5.1161e+00
5.1053e+00
5.1053e+00
5.1053e+00
5.0944e+00
5.0835e+00
5.0726e+00
5.0617e+00
5.0508e+00
5.0508e+00
5.0399e+00
5.0290e+00
5.0290e+00
5.0182e+00
5.0073e+00
4.9964e+00
4.9855e+00
4.9855e+00
4.9964e+00
4.9855e+00
4.9746e+00
4.9746e+00
4.9637e+00
4.9528e+00
4.9528e+00
4.9419e+00
4.9310e+00
4.9202e+00
4.9093e+00
4.9093e+00
4.8984e+00
4.8984e+00
4.8875e+00
4.8875e+00
4.8766e+00
4.8766e+00
4.8766e+00
4.8766e+00
4.8657e+00
4.8548e+00
4.8548e+00
4.8330e+00
4.8221e+00
4.8112e+00
4.8003e+00
4.7894e+00
4.7785e+00
4.7785e+00
4.7785e+00
4.7567e+00
4.7349e+00
4.7349e+00
4.7349e+00
4.7131e+00
4.7022e+00
4.7022e+00
4.6804e+00
4.6695e+00
4.6477e+00
4.6368e+00
4.6259e+00
4.6041e+00
4.6041e+00
4.5932e+00
4.5823e+00
4.5714e+00
4.5605e+00
4.5496e+00
4.5387e+00
4.5278e+00
4.5169e+00
4.5060e+00
4.4951e+00
4.4733e+00
4.4623e+00
4.4405e+00
4.4296e+00
4.4078e+00
4.3969e+00
4.3751e+00
4.3751e+00
4.3642e+00
4.3532e+00
4.3423e+00
4.3314e+00
4.3205e+00
4.3096e+00
4.2987e+00
4.2768e+00
4.2659e+00
4.2441e+00
4.2332e+00
4.2223e+00
4.2113e+00
4.2004e+00
4.1895e+00
4.1786e+00
4.1786e+00
4.1677e+00
4.1567e+00
4.1458e+00
4.1240e+00
4.1240e+00
4.1131e+00
4.0912e+00
4.0803e+00
4.0694e+00
4.0585e+00
4.0475e+00
4.0257e+00
4.0148e+00
4.0148e+00
4.0038e+00
3.9929e+00
3.9929e+00
3.9820e+00
3.9710e+00
3.9601e+00
3.9492e+00
3.9492e+00
3.9273e+00
3.9164e+00
3.9055e+00
3.8946e+00
3.8836e+00
3.8727e+00
3.8618e+00
3.8508e+00
3.8508e+00
3.8508e+00
3.8399e+00
3.8290e+00
3.8180e+00
3.8180e+00
3.7962e+00
3.7852e+00
3.7634e+00
3.7524e+00
3.7415e+00
3.7306e+00
3.7196e+00
3.7087e+00
3.6978e+00
3.6868e+00
3.6759e+00
3.6649e+00
3.6540e+00
3.6431e+00
3.6321e+00
3.6321e+00
3.6212e+00
3.6102e+00
3.5884e+00
3.5774e+00
3.5555e+00
3.5555e+00
3.5337e+00
3.5227e+00
3.5118e+00
3.5118e+00
3.4899e+00
3.4789e+00
3.4789e+00
3.4680e+00
3.4570e+00
3.4461e+00
3.4242e+00
3.4133e+00
3.4023e+00
3.3914e+00
3.3804e+00
3.3585e+00
3.3476e+00
3.3476e+00
3.3257e+00
3.3147e+00
3.3147e+00
3.3038e+00
3.2928e+00
3.2819e+00
3.2819e+00
3.2600e+00
3.2490e+00
3.2271e+00
3.2161e+00
3.2052e+00
3.1942e+00
3.1833e+00
3.1723e+00
3.1614e+00
3.1504e+00
3.1394e+00
3.1394e+00
3.1285e+00
3.1175e+00
3.1175e+00
3.1066e+00
3.0956e+00
3.0847e+00
3.0627e+00
3.0627e+00
3.0408e+00
3.0299e+00
3.0299e+00
3.0189e+00
3.0079e+00
2.9970e+00
2.9860e+00
2.9641e+00
2.9641e+00
2.9641e+00
2.9641e+00
2.9531e+00
2.9421e+00
2.9312e+00
2.9202e+00
2.9093e+00
2.8873e+00
2.8764e+00
2.8654e+00
2.8544e+00
2.8434e+00
2.8325e+00
2.8215e+00
2.8215e+00
2.7996e+00
2.7996e+00
2.7886e+00
2.7776e+00
2.7667e+00
2.7557e+00
2.7337e+00
2.7337e+00
2.7118e+00
2.7008e+00
2.6898e+00
2.6789e+00
2.6569e+00
2.6459e+00
2.6459e+00
2.6459e+00
2.6350e+00
2.6240e+00
2.6130e+00
2.6020e+00
2.6020e+00
2.5911e+00
2.5801e+00
2.5691e+00
2.5472e+00
2.5472e+00
2.5362e+00
2.5252e+00
2.5142e+00
2.5032e+00
2.4922e+00
2.4922e+00
2.4813e+00
2.4703e+00
2.4703e+00
2.4483e+00
2.4483e+00
2.4373e+00
2.4264e+00
2.4154e+00
2.4044e+00
2.3934e+00
2.3824e+00
2.3714e+00
2.3495e+00
2.3385e+00
2.3385e+00
2.3275e+00
2.3165e+00
2.3165e+00
2.3055e+00
2.2945e+00
2.2945e+00
2.2835e+00
2.2615e+00
2.2506e+00
2.2396e+00
2.2286e+00
2.2176e+00
2.2066e+00
2.1956e+00
2.1956e+00
2.1846e+00
2.1846e+00
2.1736e+00
2.1626e+00
2.1626e+00
2.1406e+00
2.1406e+00
2.1296e+00
2.1186e+00
2.1186e+00
2.1186e+00
2.0967e+00
2.0857e+00
2.0747e+00
2.0637e+00
2.0527e+00
2.0417e+00
2.0417e+00
2.0307e+00
2.0307e+00
2.0197e+00
2.0087e+00
1.9977e+00
1.9867e+00
1.9867e+00
1.9757e+00
1.9647e+00
1.9427e+00
1.9317e+00
1.9207e+00
1.9097e+00
1.8987e+00
1.8877e+00
1.8987e+00
1.8877e+00
1.8656e+00
1.8656e+00
1.8546e+00
1.8436e+00
1.8326e+00
1.8216e+00
1.8216e+00
1.8106e+00
1.7996e+00
1.7776e+00
1.7776e+00
1.7776e+00
1.7556e+00
1.7556e+00
1.7556e+00
1.7446e+00
1.7446e+00
1.7225e+00
1.7225e+00
1.7225e+00
1.7005e+00
1.6895e+00
1.6785e+00
1.6675e+00
1.6565e+00
1.6455e+00
1.6455e+00
1.6345e+00
1.6234e+00
1.6234e+00
1.6124e+00
1.6124e+00
1.6014e+00
1.5904e+00
1.5794e+00
1.5684e+00
1.5574e+00
1.5574e+00
1.5463e+00
1.5353e+00
1.5353e+00
1.5133e+00
1.5023e+00
1.5133e+00
1.5023e+00
1.4802e+00
1.4692e+00
1.4692e+00
1.4472e+00
1.4361e+00
1.4361e+00
1.4251e+00
1.4031e+00
1.3921e+00
1.3921e+00
1.3700e+00
1.3590e+00
1.3480e+00
1.3369e+00
1.3369e+00
1.3259e+00
1.3149e+00
1.3039e+00
1.2928e+00
1.2818e+00
1.2708e+00
1.2708e+00
1.2598e+00
1.2598e+00
1.2487e+00
1.2377e+00
1.2157e+00
1.1936e+00
1.1936e+00
1.1826e+00
1.1715e+00
1.1715e+00
1.1605e+00
1.1605e+00
1.1495e+00
1.1384e+00
1.1274e+00
1.1164e+00
1.1053e+00
1.0943e+00
1.0833e+00
1.0722e+00
1.0612e+00
1.0502e+00
1.0391e+00
1.0281e+00
1.0060e+00
1.0060e+00
1.0060e+00
9.9500e-01
9.8396e-01
9.7292e-01
9.6188e-01
9.6188e-01
9.5084e-01
9.3980e-01
9.3980e-01
9.1773e-01
9.0669e-01
8.9565e-01
8.8460e-01
8.8460e-01
8.6252e-01
8.5148e-01
8.4044e-01
8.4044e-01
8.4044e-01
8.2939e-01
8.1835e-01
8.0731e-01
7.9626e-01
7.8522e-01
7.7417e-01
7.6313e-01
7.4104e-01
7.2999e-01
7.1894e-01
7.1894e-01
7.0789e-01
7.0789e-01
6.8580e-01
6.7475e-01
6.7475e-01
6.6370e-01
6.6370e-01
6.5265e-01
6.4160e-01
6.3055e-01
6.1950e-01
6.1950e-01
5.9740e-01
5.8634e-01
5.8634e-01
5.8634e-01
5.7529e-01
5.6424e-01
5.5319e-01
5.5319e-01
5.4213e-01
5.3108e-01
5.3108e-01
5.0897e-01
5.0897e-01
5.0897e-01
4.9791e-01
4.8686e-01
4.6475e-01
4.5369e-01
4.5369e-01
4.4263e-01
4.3157e-01
4.3157e-01
4.3157e-01
4.2051e-01
4.0946e-01
4.0946e-01
3.9840e-01
3.9840e-01
3.8734e-01
3.8734e-01
3.7628e-01
3.6522e-01
3.5416e-01
3.4310e-01
3.3204e-01
3.4310e-01
3.3204e-01
3.2097e-01
3.2097e-01
2.9885e-01
2.9885e-01
2.8778e-01
2.8778e-01
2.7672e-01
2.7672e-01
2.5459e-01
2.4353e-01
2.3246e-01
2.3246e-01
2.3246e-01
2.2140e-01
2.1033e-01
2.1033e-01
1.9927e-01
1.9927e-01
1.8820e-01
1.8820e-01
1.7713e-01
1.6606e-01
1.6606e-01
1.6606e-01
1.5500e-01
1.4393e-01
1.3286e-01
1.3286e-01
1.2179e-01
1.2179e-01
1.2179e-01
1.2179e-01
1.1072e-01
1.1072e-01
1.2179e-01
1.2179e-01
1.1072e-01
1.2179e-01
1.2179e-01
1.2179e-01
1.2179e-01
1.2179e-01
1.2179e-01
1.2179e-01
1.3286e-01
1.4393e-01
1.4393e-01
1.5500e-01
1.5500e-01
1.7713e-01
1.8820e-01
1.8820e-01
1.9927e-01
2.1033e-01
2.1033e-01
2.2140e-01
2.3246e-01
2.4353e-01
2.4353e-01
2.4353e-01
2.5459e-01
2.6566e-01
2.7672e-01
2.8778e-01
2.9885e-01
3.0991e-01
3.2097e-01
3.3204e-01
3.3204e-01
3.5416e-01
3.4310e-01
3.5416e-01
3.6522e-01
3.7628e-01
3.7628e-01
3.8734e-01
3.8734e-01
4.0946e-01
4.0946e-01
4.0946e-01
4.2051e-01
4.3157e-01
4.4263e-01
4.5369e-01
4.5369e-01
4.6475e-01
4.6475e-01
4.6475e-01
4.6475e-01
4.6475e-01
4.7580e-01
4.8686e-01
4.8686e-01
4.8686e-01
4.8686e-01
4.9791e-01
4.9791e-01
5.0897e-01
5.2002e-01
5.3108e-01
5.2002e-01
5.2002e-01
5.3108e-01
5.3108e-01
5.3108e-01
5.3108e-01
5.3108e-01
5.4213e-01
5.4213e-01
5.5319e-01
5.5319e-01
5.5319e-01
5.6424e-01
5.7529e-01
5.7529e-01
5.8634e-01
5.8634e-01
5.8634e-01
5.9740e-01
5.9740e-01
5.8634e-01
5.8634e-01
5.8634e-01
5.8634e-01
5.8634e-01
5.8634e-01
5.8634e-01
5.8634e-01
5.8634e-01
5.8634e-01
5.8634e-01
5.8634e-01
5.9740e-01
5.9740e-01
5.8634e-01
5.8634e-01
5.8634e-01
5.8634e-01
5.7529e-01
5.7529e-01
5.7529e-01
5.6424e-01
5.6424e-01
5.5319e-01
5.6424e-01
5.5319e-01
5.4213e-01
5.5319e-01
5.5319e-01
5.4213e-01
5.4213e-01
5.3108e-01
5.2002e-01
5.2002e-01
5.2002e-01
5.0897e-01
4.9791e-01
4.8686e-01
4.8686e-01
4.8686e-01
4.7580e-01
4.6475e-01
4.7580e-01
4.6475e-01
4.5369e-01
4.5369e-01
4.4263e-01
4.3157e-01
4.2051e-01
4.0946e-01
4.0946e-01
3.9840e-01
3.8734e-01
3.7628e-01
3.7628e-01
3.7628e-01
3.6522e-01
3.5416e-01
3.4310e-01
3.4310e-01
3.4310e-01
3.3204e-01
3.2097e-01
3.2097e-01
2.9885e-01
2.8778e-01
2.8778e-01
2.6566e-01
2.5459e-01
2.5459e-01
2.4353e-01
2.3246e-01
2.3246e-01
2.2140e-01
2.1033e-01
2.1033e-01
1.8820e-01
1.8820e-01
1.7713e-01
1.6606e-01
1.5500e-01
1.5500e-01
1.5500e-01
1.4393e-01
1.3286e-01
1.2179e-01
1.1072e-01
9.9649e-02
9.9649e-02
9.9649e-02
8.8579e-02
8.8579e-02
7.7508e-02
6.6436e-02
5.5365e-02
5.5365e-02
4.4293e-02
4.4293e-02
3.3220e-02
3.3220e-02
3.3220e-02
2.2147e-02
2.2147e-02
2.2147e-02
1.1074e-02
2.2147e-02
1.1074e-02
1.1074e-02
1.1074e-02
1.1074e-02
1.1074e-02
1.1074e-02
0000
1.1074e-02
0000
0000
0000
0000
0000
1.1074e-02
1.1074e-02
1.1074e-02
1.1074e-02
1.1074e-02
0000
1.1074e-02
2.2147e-02
1.1074e-02
1.1074e-02
1.1074e-02
2.2147e-02
2.2147e-02
2.2147e-02
2.2147e-02
3.3220e-02
3.3220e-02
3.3220e-02
4.4293e-02
4.4293e-02
5.5365e-02
6.6436e-02
6.6436e-02
8.8579e-02
8.8579e-02
7.7508e-02
8.8579e-02
9.9649e-02
9.9649e-02
1.1072e-01
1.1072e-01
1.1072e-01
1.2179e-01
1.3286e-01
1.4393e-01
1.4393e-01
1.5500e-01
1.6606e-01
1.6606e-01
1.7713e-01
1.7713e-01
1.8820e-01
1.8820e-01
1.8820e-01
1.8820e-01
1.9927e-01
2.1033e-01
1.9927e-01
2.1033e-01
2.3246e-01
2.3246e-01
2.3246e-01
2.2140e-01
2.2140e-01
2.2140e-01
2.2140e-01
2.2140e-01
2.1033e-01
1.9927e-01
1.9927e-01
1.9927e-01
1.9927e-01
1.9927e-01
1.8820e-01
1.7713e-01
1.7713e-01
1.8820e-01
1.8820e-01
1.7713e-01
1.7713e-01
1.8820e-01
1.8820e-01
1.8820e-01
1.7713e-01
1.7713e-01
1.7713e-01
1.8820e-01
1.7713e-01
1.7713e-01
1.7713e-01
1.7713e-01
1.7713e-01
1.7713e-01
1.7713e-01
1.7713e-01
1.7713e-01
1.7713e-01
1.6606e-01
1.6606e-01
1.6606e-01
1.6606e-01
1.5500e-01
1.5500e-01
1.5500e-01
1.5500e-01
1.4393e-01
1.4393e-01
1.5500e-01
1.5500e-01
1.4393e-01
1.5500e-01
1.6606e-01
1.6606e-01
1.6606e-01
1.6606e-01
1.6606e-01
1.7713e-01
1.7713e-01
1.7713e-01
1.7713e-01
1.8820e-01
1.8820e-01
1.8820e-01
1.9927e-01
2.1033e-01
2.2140e-01
2.2140e-01
2.2140e-01
2.2140e-01
2.3246e-01
2.3246e-01
2.3246e-01
2.3246e-01
2.3246e-01
2.4353e-01
2.5459e-01
2.4353e-01
2.5459e-01
2.5459e-01
2.5459e-01
2.6566e-01
2.6566e-01
2.8778e-01
2.9885e-01
2.9885e-01
2.9885e-01
3.0991e-01
3.0991e-01
3.2097e-01
3.3204e-01
3.3204e-01
3.4310e-01
3.5416e-01
3.6522e-01
3.7628e-01
3.8734e-01
3.9840e-01
4.0946e-01
4.0946e-01
4.0946e-01
4.2051e-01
4.3157e-01
4.4263e-01
4.4263e-01
4.4263e-01
4.4263e-01
4.4263e-01
4.5369e-01
4.5369e-01
4.5369e-01
4.6475e-01
4.6475e-01
4.7580e-01
4.7580e-01
4.7580e-01
4.8686e-01
4.8686e-01
4.8686e-01
4.8686e-01
4.8686e-01
4.7580e-01
4.7580e-01
4.7580e-01
4.8686e-01
4.8686e-01
4.8686e-01
4.8686e-01
4.8686e-01
4.8686e-01
4.8686e-01
4.7580e-01
4.7580e-01
4.7580e-01
4.6475e-01
4.6475e-01
4.4263e-01
4.4263e-01
4.3157e-01
4.2051e-01
4.2051e-01
4.0946e-01
4.0946e-01
3.9840e-01
3.8734e-01
3.8734e-01
3.8734e-01
3.7628e-01
3.7628e-01
3.7628e-01
3.6522e-01
3.5416e-01
3.4310e-01
3.3204e-01
3.2097e-01
3.0991e-01
3.0991e-01
3.0991e-01
3.0991e-01
2.9885e-01
2.9885e-01
3.0991e-01
3.0991e-01
2.9885e-01
2.9885e-01
3.0991e-01
2.9885e-01
2.8778e-01
2.9885e-01
2.9885e-01
2.8778e-01
2.8778e-01
2.9885e-01
2.9885e-01
2.9885e-01
2.9885e-01
3.0991e-01
3.3204e-01
3.3204e-01
3.5416e-01
3.6522e-01
3.6522e-01
3.7628e-01
3.8734e-01
3.8734e-01
3.9840e-01
3.9840e-01
3.9840e-01
3.9840e-01
3.9840e-01
4.0946e-01
4.2051e-01
4.0946e-01
4.2051e-01
4.3157e-01
4.4263e-01
4.3157e-01
4.4263e-01
4.4263e-01
4.4263e-01
4.4263e-01
4.4263e-01
4.5369e-01
4.4263e-01
4.4263e-01
4.5369e-01
4.5369e-01
4.6475e-01
4.6475e-01
4.6475e-01
4.7580e-01
4.7580e-01
4.7580e-01
4.6475e-01
4.5369e-01
4.5369e-01
4.5369e-01
4.5369e-01
4.4263e-01
4.3157e-01
4.3157e-01
4.2051e-01
4.2051e-01
4.2051e-01
4.0946e-01
4.0946e-01
4.0946e-01
4.2051e-01
4.2051e-01
4.0946e-01
4.0946e-01
3.9840e-01
3.8734e-01
3.8734e-01
3.8734e-01
3.8734e-01
3.7628e-01
3.7628e-01
3.7628e-01
3.6522e-01
3.7628e-01
3.6522e-01
3.6522e-01
3.5416e-01
3.4310e-01
3.3204e-01
3.2097e-01
3.0991e-01
2.9885e-01
2.8778e-01
2.8778e-01
2.7672e-01
2.6566e-01
2.5459e-01
2.4353e-01
2.4353e-01
2.4353e-01
2.3246e-01
2.2140e-01
2.2140e-01
2.2140e-01
2.1033e-01
1.9927e-01
1.9927e-01
1.8820e-01
1.8820e-01
1.7713e-01
1.6606e-01
1.6606e-01
1.6606e-01
1.6606e-01
1.6606e-01
1.6606e-01
1.6606e-01
1.6606e-01
1.7713e-01
1.7713e-01
1.7713e-01
1.8820e-01
1.8820e-01
1.8820e-01
1.9927e-01
2.1033e-01
2.1033e-01
2.2140e-01
2.4353e-01
2.5459e-01
2.7672e-01
2.8778e-01
2.9885e-01
3.0991e-01
3.3204e-01
3.4310e-01
3.7628e-01
3.8734e-01
4.2051e-01
4.3157e-01
4.5369e-01
4.7580e-01
4.9791e-01
5.2002e-01
5.4213e-01
5.7529e-01
5.9740e-01
6.1950e-01
6.5265e-01
6.7475e-01
6.9685e-01
7.2999e-01
7.4104e-01
7.7417e-01
7.9626e-01
8.1835e-01
8.2939e-01
8.7356e-01
8.9565e-01
9.1773e-01
9.3980e-01
9.6188e-01
9.8396e-01
1.0171e+00
1.0171e+00
1.0612e+00
1.0722e+00
1.0943e+00
1.1053e+00
1.1164e+00
1.1164e+00
1.1274e+00
1.1274e+00
1.1384e+00
1.1495e+00
1.1715e+00
1.1605e+00
1.1715e+00
1.1715e+00
1.1715e+00
1.1826e+00
1.1826e+00
1.1826e+00
1.1936e+00
1.1936e+00
1.1826e+00
1.1826e+00
1.1826e+00
1.1936e+00
1.1936e+00
1.1826e+00
1.1715e+00
1.1826e+00
1.1826e+00
1.1936e+00
1.1826e+00
1.1826e+00
1.1826e+00
1.1826e+00
1.1715e+00
1.1826e+00
1.1715e+00
1.1605e+00
1.1495e+00
1.1384e+00
1.1274e+00
1.1274e+00
1.1274e+00
1.1164e+00
1.1053e+00
1.1053e+00
1.1053e+00
1.0943e+00
1.0943e+00
