1.1094e+01
1.1073e+01
1.1052e+01
1.1041e+01
1.1031e+01
1.1010e+01
1.1010e+01
1.0989e+01
1.1020e+01
1.1041e+01
1.1052e+01
1.1052e+01
1.1052e+01
1.1073e+01
1.1094e+01
1.1094e+01
1.1115e+01
1.1136e+01
1.1168e+01
1.1179e+01
1.1179e+01
1.1179e+01
1.1189e+01
1.1179e+01
1.1179e+01
1.1158e+01
1.1158e+01
1.1147e+01
1.1136e+01
1.1105e+01
1.1115e+01
1.1094e+01
1.1073e+01
1.1084e+01
1.1084e+01
1.1063e+01
1.1063e+01
1.1063e+01
1.1073e+01
1.1052e+01
1.1052e+01
1.1041e+01
1.1041e+01
1.1041e+01
1.1041e+01
1.1031e+01
1.1031e+01
1.1041e+01
1.1041e+01
1.1031e+01
1.1031e+01
1.1031e+01
1.1020e+01
1.1020e+01
1.1020e+01
1.1020e+01
1.1031e+01
1.1041e+01
1.1041e+01
1.1041e+01
1.1052e+01
1.1041e+01
1.1041e+01
1.1041e+01
1.1052e+01
1.1041e+01
1.1052e+01
1.1052e+01
1.1063e+01
1.1052e+01
1.1052e+01
1.1052e+01
1.1063e+01
1.1052e+01
1.1052e+01
1.1041e+01
1.1041e+01
1.1031e+01
1.1031e+01
1.1031e+01
1.1020e+01
1.1010e+01
1.1010e+01
1.0989e+01
1.0989e+01
1.0989e+01
1.0978e+01
1.0968e+01
1.0957e+01
1.0957e+01
1.0968e+01
1.0957e+01
1.0946e+01
1.0936e+01
1.0936e+01
1.0915e+01
1.0915e+01
1.0915e+01
1.0915e+01
1.0915e+01
1.0915e+01
1.0904e+01
1.0904e+01
1.0894e+01
1.0894e+01
1.0894e+01
1.0894e+01
1.0894e+01
1.0883e+01
1.0883e+01
1.0883e+01
1.0872e+01
1.0872e+01
1.0862e+01
1.0862e+01
1.0851e+01
1.0851e+01
1.0851e+01
1.0851e+01
1.0851e+01
1.0862e+01
1.0872e+01
1.0883e+01
1.0883e+01
1.0894e+01
1.0883e+01
1.0883e+01
1.0883e+01
1.0883e+01
1.0883e+01
1.0872e+01
1.0872e+01
1.0862e+01
1.0862e+01
1.0862e+01
1.0862e+01
1.0862e+01
1.0862e+01
1.0862e+01
1.0851e+01
1.0851e+01
1.0851e+01
1.0851e+01
1.0851e+01
1.0862e+01
1.0851e+01
1.0851e+01
1.0851e+01
1.0851e+01
1.0851e+01
1.0851e+01
1.0851e+01
1.0862e+01
1.0862e+01
1.0862e+01
1.0862e+01
1.0862e+01
1.0872e+01
1.0883e+01
1.0883e+01
1.0872e+01
1.0872e+01
1.0883e+01
1.0883e+01
1.0894e+01
1.0894e+01
1.0904e+01
1.0904e+01
1.0904e+01
1.0894e+01
1.0894e+01
1.0894e+01
1.0894e+01
1.0894e+01
1.0894e+01
1.0883e+01
1.0872e+01
1.0862e+01
1.0862e+01
1.0851e+01
1.0851e+01
1.0851e+01
1.0841e+01
1.0841e+01
1.0851e+01
1.0841e+01
1.0841e+01
1.0841e+01
1.0830e+01
1.0820e+01
1.0820e+01
1.0820e+01
1.0809e+01
1.0809e+01
1.0798e+01
1.0788e+01
1.0777e+01
1.0777e+01
1.0777e+01
1.0777e+01
1.0777e+01
1.0756e+01
1.0756e+01
1.0767e+01
1.0756e+01
1.0746e+01
1.0735e+01
1.0735e+01
1.0735e+01
1.0724e+01
1.0714e+01
1.0724e+01
1.0724e+01
1.0714e+01
1.0714e+01
1.0714e+01
1.0714e+01
1.0703e+01
1.0714e+01
1.0724e+01
1.0724e+01
1.0735e+01
1.0735e+01
1.0735e+01
1.0724e+01
1.0724e+01
1.0714e+01
1.0703e+01
1.0703e+01
1.0693e+01
1.0682e+01
1.0672e+01
1.0661e+01
1.0650e+01
1.0640e+01
1.0640e+01
1.0640e+01
1.0629e+01
1.0619e+01
1.0598e+01
1.0598e+01
1.0598e+01
1.0587e+01
1.0576e+01
1.0555e+01
1.0545e+01
1.0545e+01
1.0534e+01
1.0534e+01
1.0545e+01
1.0523e+01
1.0513e+01
1.0502e+01
1.0492e+01
1.0481e+01
1.0481e+01
1.0460e+01
1.0449e+01
1.0439e+01
1.0418e+01
1.0418e+01
1.0407e+01
1.0397e+01
1.0397e+01
1.0375e+01
1.0365e+01
1.0354e+01
1.0354e+01
1.0344e+01
1.0333e+01
1.0333e+01
1.0322e+01
1.0312e+01
1.0291e+01
1.0280e+01
1.0280e+01
1.0269e+01
1.0259e+01
1.0259e+01
1.0248e+01
1.0227e+01
1.0217e+01
1.0217e+01
1.0206e+01
1.0206e+01
1.0185e+01
1.0185e+01
1.0174e+01
1.0164e+01
1.0142e+01
1.0132e+01
1.0121e+01
1.0111e+01
1.0100e+01
1.0089e+01
1.0079e+01
1.0068e+01
1.0068e+01
1.0047e+01
1.0026e+01
1.0026e+01
1.0036e+01
1.0026e+01
1.0005e+01
9.9940e+00
9.9940e+00
9.9834e+00
9.9728e+00
9.9622e+00
9.9516e+00
9.9516e+00
9.9410e+00
9.9304e+00
9.9304e+00
9.9198e+00
9.9198e+00
9.9198e+00
9.9092e+00
9.8986e+00
9.8880e+00
9.8774e+00
9.8668e+00
9.8562e+00
9.8456e+00
9.8456e+00
9.8350e+00
9.8244e+00
9.8138e+00
9.8032e+00
9.8032e+00
9.8032e+00
9.7926e+00
9.7926e+00
9.7820e+00
9.7713e+00
9.7607e+00
9.7607e+00
9.7501e+00
9.7501e+00
9.7501e+00
9.7289e+00
9.7183e+00
9.7183e+00
9.7077e+00
9.6971e+00
9.6865e+00
9.6759e+00
9.6759e+00
9.6653e+00
9.6653e+00
9.6546e+00
9.6546e+00
9.6440e+00
9.6334e+00
9.6228e+00
9.6122e+00
9.6122e+00
9.6122e+00
9.6016e+00
9.5910e+00
9.5804e+00
9.5804e+00
9.5697e+00
9.5591e+00
9.5591e+00
9.5485e+00
9.5485e+00
9.5379e+00
9.5273e+00
9.5273e+00
9.5167e+00
9.5167e+00
9.4954e+00
9.4848e+00
9.4742e+00
9.4636e+00
9.4636e+00
9.4636e+00
9.4423e+00
9.4423e+00
9.4423e+00
9.4317e+00
9.4317e+00
9.4317e+00
9.4317e+00
9.4211e+00
9.4105e+00
9.3999e+00
9.3999e+00
9.3999e+00
9.3786e+00
9.3786e+00
9.3786e+00
9.3680e+00
9.3680e+00
9.3680e+00
9.3680e+00
9.3574e+00
9.3574e+00
9.3467e+00
9.3467e+00
9.3361e+00
9.3255e+00
9.3149e+00
9.3149e+00
9.2936e+00
9.2830e+00
9.2936e+00
9.2830e+00
9.2724e+00
9.2724e+00
9.2618e+00
9.2618e+00
9.2618e+00
9.2724e+00
9.2724e+00
9.2618e+00
9.2511e+00
9.2511e+00
9.2511e+00
9.2511e+00
9.2511e+00
9.2405e+00
9.2405e+00
9.2511e+00
9.2511e+00
9.2511e+00
9.2511e+00
9.2511e+00
9.2511e+00
9.2511e+00
9.2618e+00
9.2618e+00
9.2618e+00
9.2618e+00
9.2511e+00
9.2511e+00
9.2511e+00
9.2511e+00
9.2511e+00
9.2511e+00
9.2511e+00
9.2511e+00
9.2511e+00
9.2511e+00
9.2618e+00
9.2511e+00
9.2405e+00
9.2405e+00
9.2405e+00
9.2405e+00
9.2299e+00
9.2299e+00
9.2192e+00
9.2086e+00
9.2086e+00
9.1980e+00
9.1874e+00
9.1874e+00
9.1874e+00
9.1874e+00
9.1767e+00
9.1767e+00
9.1661e+00
9.1661e+00
9.1555e+00
9.1448e+00
9.1342e+00
9.1236e+00
9.1236e+00
9.1130e+00
9.1023e+00
9.0917e+00
9.0811e+00
9.0811e+00
9.0811e+00
9.0704e+00
9.0598e+00
9.0492e+00
9.0385e+00
9.0279e+00
9.0279e+00
9.0173e+00
8.9960e+00
8.9854e+00
8.9747e+00
8.9641e+00
8.9534e+00
8.9428e+00
8.9322e+00
8.9215e+00
8.9322e+00
8.9109e+00
8.9215e+00
8.9109e+00
8.9003e+00
8.8896e+00
8.8896e+00
8.8683e+00
8.8683e+00
8.8577e+00
8.8471e+00
8.8364e+00
8.8364e+00
8.8151e+00
8.8258e+00
8.8151e+00
8.8045e+00
8.7938e+00
8.7726e+00
8.7619e+00
8.7300e+00
8.7300e+00
8.7087e+00
8.6980e+00
8.6767e+00
8.6767e+00
8.6555e+00
8.6448e+00
8.6235e+00
8.6129e+00
8.5916e+00
8.5809e+00
8.5809e+00
8.5703e+00
8.5596e+00
8.5490e+00
8.5490e+00
8.5383e+00
8.5276e+00
8.5170e+00
8.4850e+00
8.4744e+00
8.4531e+00
8.4424e+00
8.4424e+00
8.4318e+00
8.4104e+00
8.4104e+00
8.3998e+00
8.3891e+00
8.3785e+00
8.3678e+00
8.3678e+00
8.3572e+00
8.3465e+00
8.3465e+00
8.3252e+00
8.3039e+00
8.2932e+00
8.2825e+00
8.2612e+00
8.2506e+00
8.2506e+00
8.2399e+00
8.2292e+00
8.2292e+00
8.2186e+00
8.2079e+00
8.2079e+00
8.1972e+00
8.1866e+00
8.1759e+00
8.1546e+00
8.1546e+00
8.1439e+00
8.1439e+00
8.1226e+00
8.1119e+00
8.1119e+00
8.1012e+00
8.0906e+00
8.0906e+00
8.0799e+00
8.0692e+00
8.0692e+00
8.0692e+00
8.0586e+00
8.0479e+00
8.0265e+00
8.0265e+00
8.0265e+00
8.0159e+00
8.0052e+00
7.9945e+00
7.9839e+00
7.9732e+00
7.9518e+00
7.9518e+00
7.9518e+00
7.9625e+00
7.9625e+00
7.9518e+00
7.9625e+00
7.9518e+00
7.9305e+00
7.9198e+00
7.9091e+00
7.8878e+00
7.8878e+00
7.8771e+00
7.8664e+00
7.8558e+00
7.8451e+00
7.8451e+00
7.8344e+00
7.8344e+00
7.8237e+00
7.8237e+00
7.8237e+00
7.8237e+00
7.8024e+00
7.8024e+00
7.8024e+00
7.7917e+00
7.7810e+00
7.7703e+00
7.7703e+00
7.7597e+00
7.7383e+00
7.7490e+00
7.7490e+00
7.7383e+00
7.7276e+00
7.7169e+00
7.7062e+00
7.6956e+00
7.6849e+00
7.6742e+00
7.6635e+00
7.6528e+00
7.6315e+00
7.6208e+00
7.6101e+00
7.6101e+00
7.5994e+00
7.5887e+00
7.5780e+00
7.5567e+00
7.5460e+00
7.5353e+00
7.5246e+00
7.5032e+00
7.4925e+00
7.4818e+00
7.4604e+00
7.4498e+00
7.4284e+00
7.4177e+00
7.4070e+00
7.3856e+00
7.3856e+00
7.3749e+00
7.3535e+00
7.3428e+00
7.3321e+00
7.3214e+00
7.3107e+00
7.3000e+00
7.2786e+00
7.2679e+00
7.2465e+00
7.2251e+00
7.2144e+00
7.2037e+00
7.1823e+00
7.1609e+00
7.1502e+00
7.1395e+00
7.1288e+00
7.1181e+00
7.1074e+00
7.0967e+00
7.0646e+00
7.0539e+00
7.0432e+00
7.0325e+00
7.0218e+00
7.0003e+00
6.9789e+00
6.9575e+00
6.9468e+00
6.9361e+00
6.9254e+00
6.9147e+00
6.8932e+00
6.8825e+00
6.8718e+00
6.8611e+00
6.8397e+00
6.8397e+00
6.8182e+00
6.7968e+00
6.7861e+00
6.7647e+00
6.7539e+00
6.7432e+00
6.7218e+00
6.7004e+00
6.6896e+00
6.6682e+00
6.6575e+00
6.6468e+00
6.6360e+00
6.6253e+00
6.6146e+00
6.5931e+00
6.5610e+00
6.5502e+00
6.5395e+00
6.5181e+00
6.4966e+00
6.4859e+00
6.4644e+00
6.4430e+00
6.4322e+00
6.4215e+00
6.4215e+00
6.4108e+00
6.3893e+00
6.3786e+00
6.3679e+00
6.3464e+00
6.3249e+00
6.3142e+00
6.3035e+00
6.2820e+00
6.2713e+00
6.2498e+00
6.2283e+00
6.2176e+00
6.2068e+00
6.1746e+00
6.1639e+00
6.1532e+00
6.1532e+00
6.1317e+00
6.1209e+00
6.1102e+00
6.0995e+00
6.0780e+00
6.0565e+00
6.0350e+00
6.0135e+00
6.0028e+00
5.9920e+00
5.9705e+00
5.9705e+00
5.9490e+00
5.9383e+00
5.9275e+00
5.9060e+00
5.9060e+00
5.8953e+00
5.8738e+00
5.8523e+00
5.8415e+00
5.8200e+00
5.8093e+00
5.7878e+00
5.7770e+00
5.7555e+00
5.7448e+00
5.7340e+00
5.7233e+00
5.7018e+00
5.7018e+00
5.6910e+00
5.6802e+00
5.6587e+00
5.6480e+00
5.6372e+00
5.6157e+00
5.6049e+00
5.5834e+00
5.5727e+00
5.5511e+00
5.5404e+00
5.5296e+00
5.5081e+00
5.4973e+00
5.4866e+00
5.4866e+00
5.4758e+00
5.4650e+00
5.4543e+00
5.4327e+00
5.4220e+00
5.4112e+00
5.3897e+00
5.3789e+00
5.3789e+00
5.3466e+00
5.3358e+00
5.3251e+00
5.3143e+00
5.3035e+00
5.2927e+00
5.2820e+00
5.2604e+00
5.2604e+00
5.2497e+00
5.2389e+00
5.2281e+00
5.2066e+00
5.1958e+00
5.1742e+00
5.1635e+00
5.1527e+00
5.1419e+00
5.1311e+00
5.1204e+00
5.0988e+00
5.0880e+00
5.0880e+00
5.0772e+00
5.0557e+00
5.0449e+00
5.0341e+00
5.0233e+00
5.0126e+00
5.0018e+00
4.9910e+00
4.9694e+00
4.9587e+00
4.9371e+00
4.9263e+00
4.9155e+00
4.9047e+00
4.8939e+00
4.8832e+00
4.8724e+00
4.8616e+00
4.8400e+00
4.8292e+00
4.8184e+00
4.8077e+00
4.7969e+00
4.7861e+00
4.7753e+00
4.7537e+00
4.7321e+00
4.7213e+00
4.7105e+00
4.6997e+00
4.6889e+00
4.6782e+00
4.6674e+00
4.6566e+00
4.6458e+00
4.6458e+00
4.6350e+00
4.6134e+00
4.5918e+00
4.5810e+00
4.5702e+00
4.5486e+00
4.5378e+00
4.5162e+00
4.5054e+00
4.4946e+00
4.4838e+00
4.4730e+00
4.4730e+00
4.4622e+00
4.4406e+00
4.4298e+00
4.4190e+00
4.4082e+00
4.3974e+00
4.3866e+00
4.3758e+00
4.3542e+00
4.3434e+00
4.3326e+00
4.3218e+00
4.3001e+00
4.3001e+00
4.2785e+00
4.2785e+00
4.2677e+00
4.2569e+00
4.2353e+00
4.2245e+00
4.2137e+00
4.2137e+00
4.2029e+00
4.1920e+00
4.1704e+00
4.1596e+00
4.1488e+00
4.1380e+00
4.1272e+00
4.1164e+00
4.1055e+00
4.0947e+00
4.0839e+00
4.0839e+00
4.0731e+00
4.0623e+00
4.0515e+00
4.0406e+00
4.0298e+00
4.0190e+00
4.0082e+00
4.0082e+00
3.9866e+00
3.9757e+00
3.9757e+00
3.9541e+00
3.9433e+00
3.9325e+00
3.9325e+00
3.9216e+00
3.9108e+00
3.8892e+00
3.8892e+00
3.8783e+00
3.8675e+00
3.8567e+00
3.8567e+00
3.8459e+00
3.8242e+00
3.8134e+00
3.8134e+00
3.8134e+00
3.7918e+00
3.7918e+00
3.7809e+00
3.7809e+00
3.7701e+00
3.7593e+00
3.7484e+00
3.7484e+00
3.7376e+00
3.7268e+00
3.7160e+00
3.6943e+00
3.6835e+00
3.6835e+00
3.6726e+00
3.6618e+00
3.6510e+00
3.6510e+00
3.6401e+00
3.6293e+00
3.6293e+00
3.6185e+00
3.6077e+00
3.5968e+00
3.5860e+00
3.5860e+00
3.5643e+00
3.5643e+00
3.5643e+00
3.5426e+00
3.5210e+00
3.5210e+00
3.5101e+00
3.5101e+00
3.4993e+00
3.4885e+00
3.4885e+00
3.4776e+00
3.4668e+00
3.4668e+00
3.4560e+00
3.4451e+00
3.4343e+00
3.4234e+00
3.4126e+00
3.4018e+00
3.3909e+00
3.3909e+00
3.3801e+00
3.3692e+00
3.3692e+00
3.3584e+00
3.3584e+00
3.3367e+00
3.3367e+00
3.3367e+00
3.3150e+00
3.3042e+00
3.3042e+00
3.2933e+00
3.2716e+00
3.2716e+00
3.2608e+00
3.2500e+00
3.2500e+00
3.2391e+00
3.2283e+00
3.2283e+00
3.2174e+00
3.2174e+00
3.2066e+00
3.1957e+00
3.1957e+00
3.1740e+00
3.1632e+00
3.1523e+00
3.1415e+00
3.1415e+00
3.1306e+00
3.1306e+00
3.1198e+00
3.1089e+00
3.0981e+00
3.0981e+00
3.0981e+00
3.0764e+00
3.0764e+00
3.0764e+00
3.0655e+00
3.0547e+00
3.0438e+00
3.0329e+00
3.0221e+00
3.0221e+00
3.0112e+00
3.0112e+00
3.0112e+00
3.0004e+00
2.9895e+00
2.9895e+00
2.9787e+00
2.9678e+00
2.9678e+00
2.9570e+00
2.9461e+00
2.9352e+00
2.9244e+00
2.9244e+00
2.9135e+00
2.9027e+00
2.8918e+00
2.8918e+00
2.8918e+00
2.8810e+00
2.8810e+00
2.8701e+00
2.8592e+00
2.8484e+00
2.8375e+00
2.8267e+00
2.8267e+00
2.8267e+00
2.8049e+00
2.7941e+00
2.7941e+00
2.7832e+00
2.7723e+00
2.7615e+00
2.7615e+00
2.7506e+00
2.7397e+00
2.7397e+00
2.7397e+00
2.7397e+00
2.7289e+00
2.7180e+00
2.7071e+00
2.6963e+00
2.6854e+00
2.6745e+00
2.6637e+00
2.6637e+00
2.6528e+00
2.6419e+00
2.6419e+00
2.6419e+00
2.6419e+00
2.6311e+00
2.6311e+00
2.6202e+00
2.6093e+00
2.5985e+00
2.5876e+00
2.5876e+00
2.5767e+00
2.5659e+00
2.5550e+00
2.5550e+00
2.5441e+00
2.5441e+00
2.5224e+00
2.5332e+00
2.5224e+00
2.5115e+00
2.5006e+00
2.4897e+00
2.4789e+00
2.4789e+00
2.4680e+00
2.4571e+00
2.4571e+00
2.4462e+00
2.4245e+00
2.4245e+00
2.4136e+00
2.4027e+00
2.4027e+00
2.3919e+00
2.3919e+00
2.3810e+00
2.3701e+00
2.3701e+00
2.3701e+00
2.3592e+00
2.3592e+00
2.3484e+00
2.3375e+00
2.3157e+00
2.3048e+00
2.3157e+00
2.2939e+00
2.2831e+00
2.2722e+00
2.2722e+00
2.2831e+00
2.2722e+00
2.2613e+00
2.2613e+00
2.2504e+00
2.2395e+00
2.2287e+00
2.2287e+00
2.2287e+00
2.2178e+00
2.2069e+00
2.1960e+00
2.1851e+00
2.1851e+00
2.1742e+00
2.1633e+00
2.1633e+00
2.1633e+00
2.1525e+00
2.1416e+00
2.1416e+00
2.1307e+00
2.1307e+00
2.1307e+00
2.1198e+00
2.1089e+00
2.0980e+00
2.0871e+00
2.0762e+00
2.0762e+00
2.0654e+00
2.0654e+00
2.0545e+00
2.0545e+00
2.0545e+00
2.0545e+00
2.0545e+00
2.0436e+00
2.0218e+00
2.0218e+00
2.0218e+00
2.0109e+00
2.0000e+00
2.0000e+00
1.9891e+00
2.0000e+00
1.9782e+00
1.9782e+00
1.9782e+00
1.9673e+00
1.9673e+00
1.9673e+00
1.9564e+00
1.9455e+00
1.9455e+00
1.9455e+00
1.9346e+00
1.9238e+00
1.9129e+00
1.9020e+00
1.9020e+00
1.9020e+00
1.8911e+00
1.8802e+00
1.8802e+00
1.8911e+00
1.8802e+00
1.8693e+00
1.8584e+00
1.8584e+00
1.8584e+00
1.8475e+00
1.8366e+00
1.8366e+00
1.8366e+00
1.8148e+00
1.8148e+00
1.8039e+00
1.8039e+00
1.8039e+00
1.8039e+00
1.8039e+00
1.7930e+00
1.7821e+00
1.7821e+00
1.7930e+00
1.7821e+00
1.7712e+00
1.7603e+00
1.7603e+00
1.7494e+00
1.7494e+00
1.7385e+00
1.7276e+00
1.7276e+00
1.7276e+00
1.7167e+00
1.7167e+00
1.7167e+00
1.7058e+00
1.7058e+00
1.6949e+00
1.6840e+00
1.6949e+00
1.6840e+00
1.6731e+00
1.6513e+00
1.6513e+00
1.6513e+00
1.6403e+00
1.6403e+00
1.6403e+00
1.6294e+00
1.6294e+00
1.6294e+00
1.6185e+00
1.6185e+00
1.6076e+00
1.6076e+00
1.6076e+00
1.5967e+00
1.5858e+00
1.5858e+00
1.5749e+00
1.5749e+00
1.5640e+00
1.5531e+00
1.5531e+00
1.5531e+00
1.5531e+00
1.5531e+00
1.5531e+00
1.5531e+00
1.5422e+00
1.5422e+00
1.5313e+00
1.5204e+00
1.5095e+00
1.5095e+00
1.4985e+00
1.4985e+00
1.4876e+00
1.4876e+00
1.4767e+00
1.4767e+00
1.4767e+00
1.4767e+00
1.4767e+00
1.4767e+00
1.4658e+00
1.4658e+00
1.4658e+00
1.4658e+00
1.4549e+00
1.4440e+00
1.4331e+00
1.4222e+00
1.4222e+00
1.4222e+00
1.4112e+00
1.4112e+00
1.4222e+00
1.4112e+00
1.4112e+00
1.4112e+00
1.4112e+00
1.4003e+00
1.3894e+00
1.3894e+00
1.3894e+00
1.3676e+00
1.3567e+00
1.3567e+00
1.3567e+00
1.3458e+00
1.3458e+00
1.3458e+00
1.3458e+00
1.3348e+00
1.3239e+00
1.3239e+00
1.3239e+00
1.3130e+00
1.3130e+00
1.3130e+00
1.3021e+00
1.2912e+00
1.2912e+00
1.2803e+00
1.2803e+00
1.2693e+00
1.2693e+00
1.2693e+00
1.2584e+00
1.2584e+00
1.2693e+00
1.2584e+00
1.2584e+00
1.2475e+00
1.2475e+00
1.2366e+00
1.2366e+00
1.2366e+00
1.2257e+00
1.2147e+00
1.2147e+00
1.2147e+00
1.2038e+00
1.2038e+00
1.2038e+00
1.1929e+00
1.1820e+00
1.1820e+00
1.1929e+00
1.1820e+00
1.1820e+00
1.1710e+00
1.1601e+00
1.1601e+00
1.1601e+00
1.1492e+00
1.1492e+00
1.1383e+00
1.1383e+00
1.1383e+00
1.1383e+00
1.1274e+00
1.1164e+00
1.1164e+00
1.1055e+00
1.1055e+00
1.1055e+00
1.0946e+00
1.0946e+00
1.0837e+00
1.0727e+00
1.0618e+00
1.0509e+00
1.0509e+00
1.0399e+00
1.0290e+00
1.0290e+00
1.0290e+00
1.0290e+00
1.0181e+00
1.0181e+00
1.0072e+00
1.0072e+00
9.9623e-01
9.9623e-01
9.8530e-01
9.7437e-01
9.6344e-01
9.6344e-01
9.4158e-01
9.5251e-01
9.4158e-01
9.4158e-01
9.3065e-01
9.3065e-01
9.3065e-01
9.0878e-01
9.0878e-01
9.0878e-01
8.9785e-01
8.8692e-01
8.7599e-01
8.7599e-01
8.6505e-01
8.5412e-01
8.5412e-01
8.4318e-01
8.4318e-01
8.4318e-01
8.4318e-01
8.3225e-01
8.3225e-01
8.3225e-01
8.2131e-01
8.1038e-01
8.1038e-01
7.9944e-01
7.8850e-01
7.8850e-01
7.7757e-01
7.7757e-01
7.6663e-01
7.5569e-01
7.4475e-01
7.4475e-01
7.4475e-01
7.4475e-01
7.4475e-01
7.3381e-01
7.2288e-01
7.3381e-01
7.1194e-01
7.1194e-01
7.0100e-01
6.9005e-01
6.9005e-01
6.7911e-01
6.7911e-01
6.6817e-01
6.6817e-01
6.6817e-01
6.5723e-01
6.5723e-01
6.5723e-01
6.4629e-01
6.4629e-01
6.3535e-01
6.3535e-01
6.2440e-01
6.1346e-01
6.1346e-01
6.0252e-01
6.0252e-01
5.9157e-01
5.9157e-01
5.8063e-01
5.8063e-01
5.8063e-01
5.8063e-01
5.6968e-01
5.6968e-01
5.8063e-01
5.6968e-01
5.5874e-01
5.5874e-01
5.4779e-01
5.3685e-01
5.2590e-01
5.2590e-01
5.1496e-01
5.1496e-01
5.0401e-01
5.0401e-01
4.9306e-01
4.9306e-01
4.8211e-01
4.8211e-01
4.8211e-01
4.7116e-01
4.6022e-01
4.6022e-01
4.4927e-01
4.4927e-01
4.3832e-01
4.3832e-01
4.2737e-01
4.1642e-01
4.2737e-01
4.1642e-01
4.0547e-01
4.1642e-01
4.1642e-01
4.1642e-01
4.0547e-01
4.0547e-01
3.9451e-01
3.9451e-01
3.8356e-01
3.7261e-01
3.6166e-01
3.6166e-01
3.5070e-01
3.6166e-01
3.6166e-01
3.5070e-01
3.5070e-01
3.5070e-01
3.3975e-01
3.3975e-01
3.3975e-01
3.2880e-01
3.2880e-01
3.1784e-01
3.0689e-01
3.0689e-01
2.9594e-01
2.9594e-01
2.9594e-01
2.9594e-01
2.9594e-01
2.9594e-01
2.9594e-01
2.9594e-01
2.9594e-01
2.8498e-01
2.8498e-01
2.8498e-01
2.7402e-01
2.7402e-01
2.6307e-01
2.5211e-01
2.4115e-01
2.3020e-01
2.3020e-01
2.3020e-01
2.1924e-01
2.1924e-01
2.0828e-01
2.1924e-01
2.0828e-01
2.0828e-01
2.0828e-01
1.9732e-01
1.9732e-01
1.8636e-01
1.8636e-01
1.8636e-01
1.7540e-01
1.7540e-01
1.6444e-01
1.5348e-01
1.5348e-01
1.6444e-01
1.5348e-01
1.4252e-01
1.4252e-01
1.4252e-01
1.5348e-01
1.5348e-01
1.4252e-01
1.4252e-01
1.3156e-01
1.2060e-01
1.2060e-01
1.2060e-01
1.0964e-01
1.0964e-01
1.0964e-01
1.0964e-01
9.8678e-02
1.0964e-01
1.2060e-01
1.3156e-01
1.3156e-01
1.2060e-01
1.2060e-01
1.3156e-01
1.2060e-01
1.2060e-01
1.0964e-01
1.0964e-01
9.8678e-02
8.7715e-02
8.7715e-02
8.7715e-02
7.6752e-02
7.6752e-02
7.6752e-02
7.6752e-02
7.6752e-02
7.6752e-02
6.5789e-02
6.5789e-02
6.5789e-02
6.5789e-02
5.4825e-02
5.4825e-02
5.4825e-02
5.4825e-02
5.4825e-02
5.4825e-02
5.4825e-02
5.4825e-02
5.4825e-02
4.3861e-02
4.3861e-02
4.3861e-02
4.3861e-02
4.3861e-02
4.3861e-02
4.3861e-02
3.2896e-02
3.2896e-02
2.1931e-02
3.2896e-02
2.1931e-02
2.1931e-02
2.1931e-02
2.1931e-02
2.1931e-02
3.2896e-02
3.2896e-02
3.2896e-02
3.2896e-02
3.2896e-02
3.2896e-02
2.1931e-02
2.1931e-02
2.1931e-02
0000
2.1931e-02
2.1931e-02
1.0966e-02
1.0966e-02
1.0966e-02
2.1931e-02
2.1931e-02
2.1931e-02
2.1931e-02
2.1931e-02
2.1931e-02
2.1931e-02
2.1931e-02
1.0966e-02
2.1931e-02
1.0966e-02
1.0966e-02
1.0966e-02
2.1931e-02
2.1931e-02
3.2896e-02
3.2896e-02
4.3861e-02
5.4825e-02
5.4825e-02
5.4825e-02
7.6752e-02
7.6752e-02
7.6752e-02
8.7715e-02
1.0964e-01
1.0964e-01
1.0964e-01
1.3156e-01
1.5348e-01
1.5348e-01
1.7540e-01
1.9732e-01
2.1924e-01
2.1924e-01
2.4115e-01
2.5211e-01
2.7402e-01
2.8498e-01
3.0689e-01
3.1784e-01
3.3975e-01
3.5070e-01
3.6166e-01
3.7261e-01
3.9451e-01
4.1642e-01
4.2737e-01
4.4927e-01
4.6022e-01
4.8211e-01
5.0401e-01
5.1496e-01
5.3685e-01
5.4779e-01
5.4779e-01
5.6968e-01
5.8063e-01
5.9157e-01
6.0252e-01
6.1346e-01
6.3535e-01
6.4629e-01
6.4629e-01
6.5723e-01
6.7911e-01
6.7911e-01
6.9005e-01
7.0100e-01
7.1194e-01
7.1194e-01
7.2288e-01
7.2288e-01
7.3381e-01
7.3381e-01
7.3381e-01
7.4475e-01
7.5569e-01
7.5569e-01
7.5569e-01
7.5569e-01
7.6663e-01
7.7757e-01
7.7757e-01
7.7757e-01
7.7757e-01
7.7757e-01
7.6663e-01
7.7757e-01
7.7757e-01
7.6663e-01
7.6663e-01
7.6663e-01
7.6663e-01
7.6663e-01
7.7757e-01
7.7757e-01
7.6663e-01
7.7757e-01
7.7757e-01
7.7757e-01
7.7757e-01
7.7757e-01
7.5569e-01
7.4475e-01
7.4475e-01
7.4475e-01
7.4475e-01
7.4475e-01
7.4475e-01
7.4475e-01
7.3381e-01
7.3381e-01
7.4475e-01
7.4475e-01
7.3381e-01
7.2288e-01
7.2288e-01
7.3381e-01
7.2288e-01
7.1194e-01
7.0100e-01
7.0100e-01
7.0100e-01
7.1194e-01
7.1194e-01
7.0100e-01
7.1194e-01
7.0100e-01
7.0100e-01
7.0100e-01
7.0100e-01
6.9005e-01
6.9005e-01
6.9005e-01
6.7911e-01
6.7911e-01
6.7911e-01
6.7911e-01
6.7911e-01
6.7911e-01
6.6817e-01
6.7911e-01
6.7911e-01
6.6817e-01
6.6817e-01
6.6817e-01
6.6817e-01
6.6817e-01
6.5723e-01
6.6817e-01
6.6817e-01
6.5723e-01
6.5723e-01
6.5723e-01
6.5723e-01
6.4629e-01
6.5723e-01
6.5723e-01
6.4629e-01
6.4629e-01
6.4629e-01
6.4629e-01
6.4629e-01
6.4629e-01
6.3535e-01
6.3535e-01
6.3535e-01
6.3535e-01
6.3535e-01
6.3535e-01
6.2440e-01
6.2440e-01
6.1346e-01
6.2440e-01
6.2440e-01
6.2440e-01
6.2440e-01
6.2440e-01
6.2440e-01
6.1346e-01
6.1346e-01
6.1346e-01
6.1346e-01
6.1346e-01
6.1346e-01
6.1346e-01
6.0252e-01
5.9157e-01
5.9157e-01
5.9157e-01
5.9157e-01
5.9157e-01
5.9157e-01
5.9157e-01
5.8063e-01
5.8063e-01
5.8063e-01
5.6968e-01
5.5874e-01
5.5874e-01
5.4779e-01
5.3685e-01
5.3685e-01
5.3685e-01
5.2590e-01
5.2590e-01
5.1496e-01
5.1496e-01
5.0401e-01
5.1496e-01
5.0401e-01
5.0401e-01
4.9306e-01
4.9306e-01
4.9306e-01
4.8211e-01
4.8211e-01
4.7116e-01
4.6022e-01
4.6022e-01
4.6022e-01
4.6022e-01
4.3832e-01
4.3832e-01
4.3832e-01
4.2737e-01
4.2737e-01
4.2737e-01
4.2737e-01
4.1642e-01
4.0547e-01
4.0547e-01
3.9451e-01
3.9451e-01
3.9451e-01
3.7261e-01
3.7261e-01
3.6166e-01
3.7261e-01
3.7261e-01
3.6166e-01
3.6166e-01
3.6166e-01
3.5070e-01
3.5070e-01
3.3975e-01
3.3975e-01
3.2880e-01
3.1784e-01
3.0689e-01
2.9594e-01
2.8498e-01
2.8498e-01
2.7402e-01
2.7402e-01
2.7402e-01
2.6307e-01
2.6307e-01
2.5211e-01
2.5211e-01
2.4115e-01
2.4115e-01
2.3020e-01
2.1924e-01
2.0828e-01
1.8636e-01
1.8636e-01
1.7540e-01
1.7540e-01
1.7540e-01
1.6444e-01
1.5348e-01
1.5348e-01
1.6444e-01
1.6444e-01
1.4252e-01
1.4252e-01
1.4252e-01
1.3156e-01
1.2060e-01
1.0964e-01
9.8678e-02
8.7715e-02
8.7715e-02
8.7715e-02
7.6752e-02
7.6752e-02
7.6752e-02
7.6752e-02
6.5789e-02
7.6752e-02
6.5789e-02
5.4825e-02
5.4825e-02
4.3861e-02
3.2896e-02
2.1931e-02
2.1931e-02
2.1931e-02
