1.7477e+00
1.7754e+00
1.7846e+00
1.8122e+00
1.8215e+00
1.8491e+00
1.8583e+00
1.8767e+00
1.8860e+00
1.9136e+00
1.9136e+00
1.9320e+00
1.9504e+00
1.9597e+00
1.9689e+00
1.9965e+00
2.0149e+00
2.0241e+00
2.0333e+00
2.0425e+00
2.0517e+00
2.0610e+00
2.0610e+00
2.0610e+00
2.0794e+00
2.0794e+00
2.0702e+00
2.0702e+00
2.0702e+00
2.0702e+00
2.0794e+00
2.0702e+00
2.0794e+00
2.0702e+00
2.0610e+00
2.0610e+00
2.0610e+00
2.0425e+00
2.0333e+00
2.0241e+00
2.0057e+00
1.9965e+00
1.9781e+00
1.9689e+00
1.9597e+00
1.9412e+00
1.9320e+00
1.9228e+00
1.9044e+00
1.8860e+00
1.8767e+00
1.8491e+00
1.8307e+00
1.8122e+00
1.7846e+00
1.7662e+00
1.7570e+00
1.7293e+00
1.7109e+00
1.6924e+00
1.6740e+00
1.6463e+00
1.6279e+00
1.6094e+00
1.6002e+00
1.5818e+00
1.5541e+00
1.5449e+00
1.5264e+00
1.4987e+00
1.4895e+00
1.4711e+00
1.4526e+00
1.4434e+00
1.4342e+00
1.4157e+00
1.4065e+00
1.4065e+00
1.3880e+00
1.3788e+00
1.3788e+00
1.3788e+00
1.3788e+00
1.3788e+00
1.3695e+00
1.3788e+00
1.3788e+00
1.3880e+00
1.3695e+00
1.3788e+00
1.3880e+00
1.3880e+00
1.3880e+00
1.4065e+00
1.4065e+00
1.4342e+00
1.4526e+00
1.4803e+00
1.4987e+00
1.5264e+00
1.5356e+00
1.5541e+00
1.5725e+00
1.5910e+00
1.6002e+00
1.6094e+00
1.6371e+00
1.6463e+00
1.6648e+00
1.6924e+00
1.6924e+00
1.7016e+00
1.7109e+00
1.7201e+00
1.7385e+00
1.7570e+00
1.7570e+00
1.7662e+00
1.7754e+00
1.7754e+00
1.7846e+00
1.7846e+00
1.7938e+00
1.7846e+00
1.7846e+00
1.7754e+00
1.7846e+00
1.7846e+00
1.7938e+00
1.7754e+00
1.7662e+00
1.7754e+00
1.7662e+00
1.7754e+00
1.7570e+00
1.7662e+00
1.7662e+00
1.7754e+00
1.7754e+00
1.7846e+00
1.7938e+00
1.8122e+00
1.8307e+00
1.8583e+00
1.8767e+00
1.9044e+00
1.9228e+00
1.9597e+00
1.9873e+00
2.0333e+00
2.0610e+00
2.0978e+00
2.1346e+00
2.1806e+00
2.2266e+00
2.2634e+00
2.3186e+00
2.3738e+00
2.4382e+00
2.5025e+00
2.5852e+00
2.6955e+00
2.7965e+00
2.8700e+00
2.9893e+00
3.0443e+00
3.1544e+00
3.2002e+00
3.2919e+00
3.3744e+00
3.4293e+00
3.4751e+00
3.5301e+00
3.5484e+00
3.6033e+00
3.6125e+00
3.6674e+00
3.6857e+00
3.7132e+00
3.7315e+00
3.7498e+00
3.7589e+00
3.7772e+00
3.7864e+00
3.7864e+00
3.7864e+00
3.7864e+00
3.7864e+00
3.7864e+00
3.7864e+00
3.7772e+00
3.7864e+00
3.7772e+00
3.7681e+00
3.7681e+00
3.7681e+00
3.7498e+00
3.7315e+00
3.7223e+00
3.7132e+00
3.6949e+00
3.6766e+00
3.6766e+00
3.6491e+00
3.6308e+00
3.6125e+00
3.5942e+00
3.5850e+00
3.5667e+00
3.5484e+00
3.5392e+00
3.5301e+00
3.5026e+00
3.4843e+00
3.4660e+00
3.4477e+00
3.4202e+00
3.4018e+00
3.3835e+00
3.3652e+00
3.3469e+00
3.3377e+00
3.3102e+00
3.3102e+00
3.3011e+00
3.2919e+00
3.2736e+00
3.2736e+00
3.2644e+00
3.2552e+00
3.2369e+00
3.2277e+00
3.2186e+00
3.2186e+00
3.2002e+00
3.2002e+00
3.1911e+00
3.2002e+00
3.1819e+00
3.1727e+00
3.1727e+00
3.1727e+00
3.1544e+00
3.1360e+00
3.1269e+00
3.1177e+00
3.0993e+00
3.0902e+00
3.0718e+00
3.0627e+00
3.0443e+00
3.0351e+00
3.0260e+00
3.0168e+00
3.0168e+00
3.0168e+00
2.9984e+00
2.9893e+00
2.9801e+00
2.9893e+00
2.9801e+00
2.9801e+00
2.9801e+00
2.9801e+00
2.9801e+00
2.9709e+00
2.9617e+00
2.9709e+00
2.9709e+00
2.9709e+00
2.9801e+00
2.9893e+00
3.0076e+00
3.0076e+00
3.0168e+00
3.0260e+00
3.0260e+00
3.0351e+00
3.0351e+00
3.0443e+00
3.0535e+00
3.0718e+00
3.0718e+00
3.0902e+00
3.1085e+00
3.1269e+00
3.1544e+00
3.1727e+00
3.2002e+00
3.2277e+00
3.2461e+00
3.2644e+00
3.2736e+00
3.2919e+00
3.3194e+00
3.3285e+00
3.3285e+00
3.3377e+00
3.3469e+00
3.3560e+00
3.3652e+00
3.3927e+00
3.3835e+00
3.3927e+00
3.4018e+00
3.4110e+00
3.4202e+00
3.4293e+00
3.4293e+00
3.4293e+00
3.4293e+00
3.4385e+00
3.4385e+00
3.4477e+00
3.4385e+00
3.4477e+00
3.4477e+00
3.4660e+00
3.4751e+00
3.4751e+00
3.4843e+00
3.4843e+00
3.4843e+00
3.4843e+00
3.4843e+00
3.4934e+00
3.4843e+00
3.4843e+00
3.4751e+00
3.4751e+00
3.4843e+00
3.4751e+00
3.4660e+00
3.4568e+00
3.4477e+00
3.4385e+00
3.4293e+00
3.4202e+00
3.4110e+00
3.4018e+00
3.3927e+00
3.3835e+00
3.3744e+00
3.3652e+00
3.3744e+00
3.3744e+00
3.3835e+00
3.4110e+00
3.4110e+00
3.4110e+00
3.4202e+00
3.4202e+00
3.4477e+00
3.5301e+00
3.6674e+00
3.8138e+00
3.8961e+00
4.0972e+00
4.3073e+00
4.5173e+00
4.6632e+00
4.7635e+00
4.8182e+00
4.8364e+00
4.8546e+00
4.8546e+00
4.8455e+00
4.8364e+00
4.8091e+00
4.7908e+00
4.7726e+00
4.7453e+00
4.7179e+00
4.6997e+00
4.6814e+00
4.6450e+00
4.6267e+00
4.5994e+00
4.5811e+00
4.5629e+00
4.5355e+00
4.5173e+00
4.4990e+00
4.4899e+00
4.4716e+00
4.4625e+00
4.4534e+00
4.4351e+00
4.4351e+00
4.4351e+00
4.4260e+00
4.4077e+00
4.4169e+00
4.4260e+00
4.4443e+00
4.4625e+00
4.4808e+00
4.5081e+00
4.5173e+00
4.5720e+00
4.6085e+00
4.6632e+00
4.6997e+00
4.7635e+00
4.8091e+00
4.8728e+00
4.9184e+00
4.9913e+00
5.0368e+00
5.1188e+00
5.1825e+00
5.2826e+00
5.3553e+00
5.4463e+00
5.5190e+00
5.6190e+00
5.6917e+00
5.7916e+00
5.8642e+00
5.9641e+00
6.0366e+00
6.1274e+00
6.1999e+00
6.2724e+00
6.3540e+00
6.4265e+00
6.5171e+00
6.5895e+00
6.6619e+00
6.7253e+00
6.7977e+00
6.8610e+00
6.9333e+00
6.9966e+00
7.0509e+00
7.1141e+00
7.1593e+00
7.2225e+00
7.2587e+00
7.3129e+00
7.3580e+00
7.3941e+00
7.4212e+00
7.4573e+00
7.5024e+00
7.5295e+00
7.5565e+00
7.5836e+00
7.5926e+00
7.6107e+00
7.6377e+00
7.6558e+00
7.6738e+00
7.6828e+00
7.7008e+00
7.7099e+00
7.7189e+00
7.7369e+00
7.7549e+00
7.7640e+00
7.7730e+00
7.8000e+00
7.8361e+00
7.8901e+00
7.9352e+00
8.0162e+00
8.1063e+00
8.2503e+00
8.3673e+00
8.4842e+00
8.5920e+00
8.7268e+00
8.8256e+00
8.9423e+00
9.0499e+00
9.1666e+00
9.2472e+00
9.3548e+00
9.4444e+00
9.5340e+00
9.6146e+00
9.6862e+00
9.7667e+00
9.8472e+00
9.9009e+00
9.9724e+00
1.0035e+01
1.0106e+01
1.0160e+01
1.0240e+01
1.0294e+01
1.0366e+01
1.0428e+01
1.0499e+01
1.0553e+01
1.0624e+01
1.0669e+01
1.0731e+01
1.0776e+01
1.0838e+01
1.0910e+01
1.1008e+01
1.1097e+01
1.1239e+01
1.1390e+01
1.1524e+01
1.1595e+01
1.1666e+01
1.1710e+01
1.1763e+01
1.1808e+01
1.1843e+01
1.1870e+01
1.1888e+01
1.1897e+01
1.1914e+01
1.1914e+01
1.1941e+01
1.1959e+01
1.1968e+01
1.1976e+01
1.1985e+01
1.1985e+01
1.2003e+01
1.2003e+01
1.2012e+01
1.2012e+01
1.2003e+01
1.1985e+01
1.1985e+01
1.1985e+01
1.1976e+01
1.1959e+01
1.1950e+01
1.1941e+01
1.1941e+01
1.1914e+01
1.1897e+01
1.1888e+01
1.1870e+01
1.1852e+01
1.1852e+01
1.1843e+01
1.1826e+01
1.1817e+01
1.1808e+01
1.1799e+01
1.1781e+01
1.1755e+01
1.1746e+01
1.1737e+01
1.1737e+01
1.1719e+01
1.1746e+01
1.1763e+01
1.1790e+01
1.1799e+01
1.1879e+01
1.1932e+01
1.1941e+01
1.1923e+01
1.1905e+01
1.1888e+01
1.1870e+01
1.1852e+01
1.1843e+01
1.1834e+01
1.1817e+01
1.1799e+01
1.1772e+01
1.1755e+01
1.1746e+01
1.1728e+01
1.1692e+01
1.1675e+01
1.1657e+01
1.1648e+01
1.1621e+01
1.1604e+01
1.1586e+01
1.1559e+01
1.1541e+01
1.1515e+01
1.1506e+01
1.1497e+01
1.1470e+01
1.1461e+01
1.1435e+01
1.1426e+01
1.1408e+01
1.1390e+01
1.1372e+01
1.1337e+01
1.1319e+01
1.1301e+01
1.1283e+01
1.1266e+01
1.1248e+01
1.1221e+01
1.1194e+01
1.1177e+01
1.1150e+01
1.1132e+01
1.1105e+01
1.1088e+01
1.1070e+01
1.1052e+01
1.1025e+01
1.1008e+01
1.0990e+01
1.0972e+01
1.0954e+01
1.0927e+01
1.0918e+01
1.0892e+01
1.0865e+01
1.0847e+01
1.0838e+01
1.0812e+01
1.0794e+01
1.0776e+01
1.0758e+01
1.0740e+01
1.0731e+01
1.0713e+01
1.0696e+01
1.0687e+01
1.0669e+01
1.0651e+01
1.0624e+01
1.0615e+01
1.0606e+01
1.0589e+01
1.0580e+01
1.0571e+01
1.0544e+01
1.0526e+01
1.0526e+01
1.0508e+01
1.0499e+01
1.0490e+01
1.0473e+01
1.0464e+01
1.0455e+01
1.0446e+01
1.0437e+01
1.0419e+01
1.0401e+01
1.0392e+01
1.0383e+01
1.0374e+01
1.0366e+01
1.0357e+01
1.0339e+01
1.0330e+01
1.0321e+01
1.0303e+01
1.0285e+01
1.0267e+01
1.0249e+01
1.0240e+01
1.0223e+01
1.0196e+01
1.0178e+01
1.0169e+01
1.0142e+01
1.0133e+01
1.0124e+01
1.0106e+01
1.0089e+01
1.0080e+01
1.0062e+01
1.0062e+01
1.0044e+01
1.0017e+01
1.0008e+01
9.9903e+00
9.9724e+00
9.9635e+00
9.9456e+00
9.9188e+00
9.9009e+00
9.8919e+00
9.8830e+00
9.8651e+00
9.8472e+00
9.8293e+00
9.8204e+00
9.8025e+00
9.7935e+00
9.7667e+00
9.7488e+00
9.7399e+00
9.7220e+00
9.6951e+00
9.6862e+00
9.6683e+00
9.6504e+00
9.6325e+00
9.6235e+00
9.6056e+00
9.5966e+00
9.5877e+00
9.5608e+00
9.5429e+00
9.5340e+00
9.5161e+00
9.4981e+00
9.4981e+00
9.4802e+00
9.4623e+00
9.4444e+00
9.4354e+00
9.4354e+00
9.4265e+00
9.4175e+00
9.4086e+00
9.4175e+00
9.4086e+00
9.4086e+00
9.4175e+00
9.4175e+00
9.3996e+00
9.4086e+00
9.3996e+00
9.4086e+00
9.3996e+00
9.4175e+00
9.4175e+00
9.4175e+00
9.4175e+00
9.4265e+00
9.4354e+00
9.4444e+00
9.4444e+00
9.4623e+00
9.4623e+00
9.4623e+00
9.4534e+00
9.4623e+00
9.4623e+00
9.4713e+00
9.4713e+00
9.4713e+00
9.4623e+00
9.4713e+00
9.4623e+00
9.4623e+00
9.4534e+00
9.4534e+00
9.4534e+00
9.4444e+00
9.4444e+00
9.4354e+00
9.4265e+00
9.4175e+00
9.4086e+00
9.4086e+00
9.3817e+00
9.3817e+00
9.3817e+00
9.3817e+00
9.3727e+00
9.3638e+00
9.3638e+00
9.3727e+00
9.3638e+00
9.3638e+00
9.3638e+00
9.3727e+00
9.3727e+00
9.3727e+00
9.3727e+00
9.3727e+00
9.3638e+00
9.3638e+00
9.3727e+00
9.3638e+00
9.3548e+00
9.3548e+00
9.3638e+00
9.3638e+00
9.3727e+00
9.3727e+00
9.3638e+00
9.3638e+00
9.3727e+00
9.3727e+00
9.3638e+00
9.3638e+00
9.3548e+00
9.3548e+00
9.3548e+00
9.3548e+00
9.3638e+00
9.3548e+00
9.3458e+00
9.3458e+00
9.3458e+00
9.3458e+00
9.3458e+00
9.3369e+00
9.3279e+00
9.3279e+00
9.3369e+00
9.3279e+00
9.3190e+00
9.3100e+00
9.3010e+00
9.3010e+00
9.2921e+00
9.2741e+00
9.2652e+00
9.2562e+00
9.2383e+00
9.2293e+00
9.2204e+00
9.2114e+00
9.1935e+00
9.1755e+00
9.1666e+00
9.1576e+00
9.1396e+00
9.1307e+00
9.1127e+00
9.1038e+00
9.1038e+00
9.0948e+00
9.0858e+00
9.0769e+00
9.0679e+00
9.0499e+00
9.0410e+00
9.0410e+00
9.0410e+00
9.0320e+00
9.0320e+00
9.0230e+00
9.0230e+00
9.0230e+00
9.0141e+00
9.0051e+00
8.9961e+00
9.0051e+00
8.9961e+00
8.9961e+00
8.9871e+00
8.9782e+00
8.9692e+00
8.9782e+00
8.9782e+00
8.9782e+00
8.9602e+00
8.9512e+00
8.9512e+00
8.9602e+00
8.9602e+00
8.9602e+00
8.9692e+00
8.9692e+00
8.9692e+00
8.9692e+00
8.9692e+00
8.9692e+00
8.9602e+00
8.9602e+00
8.9602e+00
8.9512e+00
8.9423e+00
8.9423e+00
8.9243e+00
8.9153e+00
8.9064e+00
8.8974e+00
8.8974e+00
8.8974e+00
8.8974e+00
8.8794e+00
8.8615e+00
8.8525e+00
8.8435e+00
8.8345e+00
8.8166e+00
8.7986e+00
8.7897e+00
8.7807e+00
8.7627e+00
8.7537e+00
8.7447e+00
8.7358e+00
8.7268e+00
8.7178e+00
8.7088e+00
8.6909e+00
8.6819e+00
8.6729e+00
8.6639e+00
8.6459e+00
8.6280e+00
8.6190e+00
8.6100e+00
8.5830e+00
8.5740e+00
8.5651e+00
8.5651e+00
8.5471e+00
8.5381e+00
8.5291e+00
8.5111e+00
8.4931e+00
8.4752e+00
8.4752e+00
8.4572e+00
8.4392e+00
8.4302e+00
8.4122e+00
8.4032e+00
8.3762e+00
8.3673e+00
8.3493e+00
8.3403e+00
8.3223e+00
8.3223e+00
8.3133e+00
8.3043e+00
8.2953e+00
8.2773e+00
8.2593e+00
8.2413e+00
8.2233e+00
8.2053e+00
8.1963e+00
8.1783e+00
8.1603e+00
8.1513e+00
8.1333e+00
8.1153e+00
8.1063e+00
8.0883e+00
8.0703e+00
8.0523e+00
8.0433e+00
8.0253e+00
7.9982e+00
7.9892e+00
7.9802e+00
7.9622e+00
7.9532e+00
7.9352e+00
7.9172e+00
7.8991e+00
7.8811e+00
7.8721e+00
7.8451e+00
7.8361e+00
7.8271e+00
7.8090e+00
7.7910e+00
7.7730e+00
7.7549e+00
7.7279e+00
7.7099e+00
7.6828e+00
7.6648e+00
7.6467e+00
7.6287e+00
7.6016e+00
7.5926e+00
7.5746e+00
7.5656e+00
7.5475e+00
7.5295e+00
7.5114e+00
7.4934e+00
7.4753e+00
7.4483e+00
7.4302e+00
7.4122e+00
7.3941e+00
7.3761e+00
7.3580e+00
7.3399e+00
7.3219e+00
7.2948e+00
7.2767e+00
7.2587e+00
7.2406e+00
7.2225e+00
7.2045e+00
7.1864e+00
7.1593e+00
7.1503e+00
7.1412e+00
7.1141e+00
7.0870e+00
7.0780e+00
7.0509e+00
7.0328e+00
7.0147e+00
6.9966e+00
6.9785e+00
6.9605e+00
6.9514e+00
6.9424e+00
6.9243e+00
6.9062e+00
6.8972e+00
6.8791e+00
6.8610e+00
6.8429e+00
6.8158e+00
6.8067e+00
6.7977e+00
6.7886e+00
6.7705e+00
6.7524e+00
6.7434e+00
6.7343e+00
6.7162e+00
6.7162e+00
6.7072e+00
6.6981e+00
6.6891e+00
6.6800e+00
6.6710e+00
6.6619e+00
6.6529e+00
6.6438e+00
6.6348e+00
6.6167e+00
6.6257e+00
6.6257e+00
6.6257e+00
6.6348e+00
6.6348e+00
6.6257e+00
6.6348e+00
6.6348e+00
6.6348e+00
6.6257e+00
6.6257e+00
6.6167e+00
6.5986e+00
6.5986e+00
6.5986e+00
6.5805e+00
6.5805e+00
6.5714e+00
6.5623e+00
6.5533e+00
6.5533e+00
6.5352e+00
6.5261e+00
6.5261e+00
6.5171e+00
6.4990e+00
6.4899e+00
6.4808e+00
6.4627e+00
6.4537e+00
6.4537e+00
6.4446e+00
6.4265e+00
6.4084e+00
6.4084e+00
6.3993e+00
6.3812e+00
6.3721e+00
6.3631e+00
6.3540e+00
6.3449e+00
6.3268e+00
6.3087e+00
6.2996e+00
6.2906e+00
6.2724e+00
6.2634e+00
6.2452e+00
6.2271e+00
6.2180e+00
6.2090e+00
6.1908e+00
6.1727e+00
6.1636e+00
6.1455e+00
6.1455e+00
6.1364e+00
6.1274e+00
6.1092e+00
6.1002e+00
6.0820e+00
6.0729e+00
6.0639e+00
6.0457e+00
6.0457e+00
6.0366e+00
6.0185e+00
6.0185e+00
6.0094e+00
6.0004e+00
6.0004e+00
5.9913e+00
5.9731e+00
5.9641e+00
5.9550e+00
5.9550e+00
5.9368e+00
5.9278e+00
5.9187e+00
5.9096e+00
5.9096e+00
5.8914e+00
5.8824e+00
5.8914e+00
5.8824e+00
5.8642e+00
5.8551e+00
5.8461e+00
5.8370e+00
5.8279e+00
5.8279e+00
5.8188e+00
5.8007e+00
5.7916e+00
5.7825e+00
5.7643e+00
5.7553e+00
5.7553e+00
5.7371e+00
5.7371e+00
5.7371e+00
5.7280e+00
5.7098e+00
5.7008e+00
5.6917e+00
5.6826e+00
5.6644e+00
5.6462e+00
5.6281e+00
5.6190e+00
5.6190e+00
5.6008e+00
5.5917e+00
5.5826e+00
5.5826e+00
5.5735e+00
5.5554e+00
5.5463e+00
5.5463e+00
5.5281e+00
5.5281e+00
5.5190e+00
5.5008e+00
5.4827e+00
5.4827e+00
5.4827e+00
5.4917e+00
5.4827e+00
5.4827e+00
5.4827e+00
5.4827e+00
5.4827e+00
5.4827e+00
5.4827e+00
5.4736e+00
5.4736e+00
5.4736e+00
5.4645e+00
5.4645e+00
5.4554e+00
5.4554e+00
5.4372e+00
5.4372e+00
5.4372e+00
5.4281e+00
5.4281e+00
5.4372e+00
5.4372e+00
5.4372e+00
5.4372e+00
5.4281e+00
5.4281e+00
5.4281e+00
5.4190e+00
5.4190e+00
5.4099e+00
5.3917e+00
5.3826e+00
5.3917e+00
5.3735e+00
5.3553e+00
5.3553e+00
5.3553e+00
5.3372e+00
5.3372e+00
5.3190e+00
5.3008e+00
5.2917e+00
5.2826e+00
5.2644e+00
5.2644e+00
5.2462e+00
5.2371e+00
5.2189e+00
5.2007e+00
5.1916e+00
5.1825e+00
5.1643e+00
5.1643e+00
5.1461e+00
5.1370e+00
5.1188e+00
5.1097e+00
5.0914e+00
5.0823e+00
5.0732e+00
5.0459e+00
5.0277e+00
5.0095e+00
4.9913e+00
4.9822e+00
4.9731e+00
4.9548e+00
4.9366e+00
4.9184e+00
4.9002e+00
4.8911e+00
4.8820e+00
4.8637e+00
4.8455e+00
4.8273e+00
4.8091e+00
4.7817e+00
4.7635e+00
4.7544e+00
4.7453e+00
4.7270e+00
4.7088e+00
4.6997e+00
4.6814e+00
4.6632e+00
4.6541e+00
4.6450e+00
4.6267e+00
4.6176e+00
4.5994e+00
4.5811e+00
4.5720e+00
4.5537e+00
4.5355e+00
4.5264e+00
4.5081e+00
4.4990e+00
4.4808e+00
4.4716e+00
4.4534e+00
4.4351e+00
4.4260e+00
4.4260e+00
4.4260e+00
4.4077e+00
4.3986e+00
4.3986e+00
4.3895e+00
4.3712e+00
4.3712e+00
4.3712e+00
4.3712e+00
4.3712e+00
4.3804e+00
4.3804e+00
4.3804e+00
4.3895e+00
4.3986e+00
4.4077e+00
4.4260e+00
4.4260e+00
4.4351e+00
4.4443e+00
4.4534e+00
4.4534e+00
4.4625e+00
4.4625e+00
4.4716e+00
4.4808e+00
4.4808e+00
4.4808e+00
4.4899e+00
4.4990e+00
4.5173e+00
4.5264e+00
4.5355e+00
4.5537e+00
4.5629e+00
4.5629e+00
4.5720e+00
4.5811e+00
4.5811e+00
4.5811e+00
4.5902e+00
4.5902e+00
4.5902e+00
4.5902e+00
4.5994e+00
4.6085e+00
4.6176e+00
4.6085e+00
4.6176e+00
4.6176e+00
4.6267e+00
4.6267e+00
4.6176e+00
4.6176e+00
4.6085e+00
4.6085e+00
4.5994e+00
4.6085e+00
4.5994e+00
4.5902e+00
4.5811e+00
4.5811e+00
4.5720e+00
4.5720e+00
4.5629e+00
4.5629e+00
4.5446e+00
4.5355e+00
4.5264e+00
4.5173e+00
4.4899e+00
4.4808e+00
4.4808e+00
4.4716e+00
4.4534e+00
4.4534e+00
4.4351e+00
4.4260e+00
4.4169e+00
4.4077e+00
4.3986e+00
4.3895e+00
4.3621e+00
4.3621e+00
4.3438e+00
4.3438e+00
4.3165e+00
4.3165e+00
4.3073e+00
4.2891e+00
4.2617e+00
4.2708e+00
4.2617e+00
4.2617e+00
4.2525e+00
4.2434e+00
4.2343e+00
4.2251e+00
4.2160e+00
4.2069e+00
4.1886e+00
4.1795e+00
4.1703e+00
4.1703e+00
4.1521e+00
4.1521e+00
4.1338e+00
4.1246e+00
4.1155e+00
4.1064e+00
4.0881e+00
4.0881e+00
4.0698e+00
4.0515e+00
4.0424e+00
4.0333e+00
4.0058e+00
3.9967e+00
3.9876e+00
3.9784e+00
3.9693e+00
3.9510e+00
3.9510e+00
3.9327e+00
3.9236e+00
3.9236e+00
3.9144e+00
3.9053e+00
3.8961e+00
3.8870e+00
3.8778e+00
3.8687e+00
3.8687e+00
3.8504e+00
3.8504e+00
3.8321e+00
3.8230e+00
3.8230e+00
3.8138e+00
3.8047e+00
3.7864e+00
3.7864e+00
3.7864e+00
3.7864e+00
3.7772e+00
3.7772e+00
3.7772e+00
3.7864e+00
3.7864e+00
3.7864e+00
3.7955e+00
3.7955e+00
3.8138e+00
3.8230e+00
3.8412e+00
3.8504e+00
3.8778e+00
3.8870e+00
3.9236e+00
3.9510e+00
3.9693e+00
4.0058e+00
4.0333e+00
4.0424e+00
4.0881e+00
4.1246e+00
4.1703e+00
4.1977e+00
4.2343e+00
4.2799e+00
4.2982e+00
4.3256e+00
4.3530e+00
4.4077e+00
4.4716e+00
4.5081e+00
4.5446e+00
4.5629e+00
4.5902e+00
4.6176e+00
4.6358e+00
4.6632e+00
4.6723e+00
4.6906e+00
4.7088e+00
4.7270e+00
4.7453e+00
4.7635e+00
4.7817e+00
4.8182e+00
4.8455e+00
4.8728e+00
4.9002e+00
4.9184e+00
4.9457e+00
4.9822e+00
5.0095e+00
5.0186e+00
5.0368e+00
5.0641e+00
5.0823e+00
5.1005e+00
5.1279e+00
5.1552e+00
5.1643e+00
5.1825e+00
5.2007e+00
5.2189e+00
5.2280e+00
5.2371e+00
5.2553e+00
5.2553e+00
5.2644e+00
5.2826e+00
5.2917e+00
5.3008e+00
5.3008e+00
5.3008e+00
5.3008e+00
5.3008e+00
5.3008e+00
5.3099e+00
5.3008e+00
5.3008e+00
5.3008e+00
5.2826e+00
5.2917e+00
5.2826e+00
5.2735e+00
5.2553e+00
5.2462e+00
5.2371e+00
5.2189e+00
5.2098e+00
5.2098e+00
5.2007e+00
5.1916e+00
5.1734e+00
5.1734e+00
5.1643e+00
5.1643e+00
5.1734e+00
5.1734e+00
5.1734e+00
5.1643e+00
5.1552e+00
5.1461e+00
5.1370e+00
5.1279e+00
5.1279e+00
5.1188e+00
5.1370e+00
5.1461e+00
5.1916e+00
5.2007e+00
5.2098e+00
5.2098e+00
5.2280e+00
5.2371e+00
5.2553e+00
5.2553e+00
5.2735e+00
5.2735e+00
5.2826e+00
5.2735e+00
5.2826e+00
5.2735e+00
5.2735e+00
5.2644e+00
5.2553e+00
5.2462e+00
5.2462e+00
5.2280e+00
5.2371e+00
5.2189e+00
5.2098e+00
5.1916e+00
5.1825e+00
5.1643e+00
5.1552e+00
5.1461e+00
5.1279e+00
5.1188e+00
5.1097e+00
5.0914e+00
5.0823e+00
5.0641e+00
5.0641e+00
5.0459e+00
5.0277e+00
5.0186e+00
5.0004e+00
4.9822e+00
4.9640e+00
4.9548e+00
4.9366e+00
4.9184e+00
4.9002e+00
4.8820e+00
4.8728e+00
4.8546e+00
4.8455e+00
4.8273e+00
4.8273e+00
4.8091e+00
4.7908e+00
4.7817e+00
4.7726e+00
4.7453e+00
4.7270e+00
4.7088e+00
4.6997e+00
4.6906e+00
4.6814e+00
4.6632e+00
4.6450e+00
4.6267e+00
4.6176e+00
4.5994e+00
4.5811e+00
4.5720e+00
4.5537e+00
4.5264e+00
4.5081e+00
4.4990e+00
4.4899e+00
4.4625e+00
4.4534e+00
4.4351e+00
4.4260e+00
4.3986e+00
4.3895e+00
4.3712e+00
4.3438e+00
4.3347e+00
4.3256e+00
4.3073e+00
4.2891e+00
4.2708e+00
4.2708e+00
4.2617e+00
4.2343e+00
4.2160e+00
4.2069e+00
4.1886e+00
4.1703e+00
4.1612e+00
4.1521e+00
4.1338e+00
4.1246e+00
4.0972e+00
4.0881e+00
4.0790e+00
4.0607e+00
4.0515e+00
4.0424e+00
4.0333e+00
4.0150e+00
4.0058e+00
3.9967e+00
3.9876e+00
3.9876e+00
3.9876e+00
3.9784e+00
3.9693e+00
3.9601e+00
3.9601e+00
3.9601e+00
3.9601e+00
3.9418e+00
3.9418e+00
3.9418e+00
3.9418e+00
3.9418e+00
3.9418e+00
3.9327e+00
3.9236e+00
3.9236e+00
3.9236e+00
3.9236e+00
3.9144e+00
3.9144e+00
3.9144e+00
3.9144e+00
3.9144e+00
3.9144e+00
3.9053e+00
3.9053e+00
3.9053e+00
3.9053e+00
3.8870e+00
3.8778e+00
3.8778e+00
3.8778e+00
3.8687e+00
3.8687e+00
3.8687e+00
3.8595e+00
3.8595e+00
3.8595e+00
3.8504e+00
3.8412e+00
3.8321e+00
3.8230e+00
3.8138e+00
3.8047e+00
3.7955e+00
3.7864e+00
3.7772e+00
3.7681e+00
3.7589e+00
3.7498e+00
3.7315e+00
3.7315e+00
3.7223e+00
3.7132e+00
3.7040e+00
3.6949e+00
3.6857e+00
3.6674e+00
3.6674e+00
3.6491e+00
3.6399e+00
3.6308e+00
3.6125e+00
3.6033e+00
3.5942e+00
3.5850e+00
3.5667e+00
3.5575e+00
3.5484e+00
3.5301e+00
3.5118e+00
3.5026e+00
3.4843e+00
3.4751e+00
3.4660e+00
3.4477e+00
3.4293e+00
3.4110e+00
3.4018e+00
3.3927e+00
3.3835e+00
3.3744e+00
3.3652e+00
3.3560e+00
3.3560e+00
3.3469e+00
3.3377e+00
3.3285e+00
3.3194e+00
3.3102e+00
3.3011e+00
3.2827e+00
3.2827e+00
3.2644e+00
3.2552e+00
3.2552e+00
3.2461e+00
3.2369e+00
3.2186e+00
3.2277e+00
3.2186e+00
3.2094e+00
3.2002e+00
3.1911e+00
3.1819e+00
3.1635e+00
3.1544e+00
3.1452e+00
3.1269e+00
3.1085e+00
3.0902e+00
3.0810e+00
3.0627e+00
3.0627e+00
3.0351e+00
3.0351e+00
3.0260e+00
3.0076e+00
2.9984e+00
2.9893e+00
2.9709e+00
2.9434e+00
2.9250e+00
2.9067e+00
2.8883e+00
2.8883e+00
2.8608e+00
2.8424e+00
2.8241e+00
2.8057e+00
2.7873e+00
2.7690e+00
2.7506e+00
2.7506e+00
2.7230e+00
2.7139e+00
2.6955e+00
2.6863e+00
2.6587e+00
2.6404e+00
2.6220e+00
2.6128e+00
2.5852e+00
2.5669e+00
2.5485e+00
2.5393e+00
2.5117e+00
2.5025e+00
2.4841e+00
2.4749e+00
2.4474e+00
2.4290e+00
2.4198e+00
2.4014e+00
2.3830e+00
2.3646e+00
2.3462e+00
2.3278e+00
2.3094e+00
2.2910e+00
2.2634e+00
2.2634e+00
2.2266e+00
2.2082e+00
2.2082e+00
2.1898e+00
2.1714e+00
2.1438e+00
2.1254e+00
2.1162e+00
2.0978e+00
2.0702e+00
2.0610e+00
2.0517e+00
2.0333e+00
2.0149e+00
1.9965e+00
1.9873e+00
1.9689e+00
1.9597e+00
1.9504e+00
1.9412e+00
1.9320e+00
1.9228e+00
1.9136e+00
1.9044e+00
1.8952e+00
1.8767e+00
1.8767e+00
1.8583e+00
1.8399e+00
1.8307e+00
1.8215e+00
1.8122e+00
1.8122e+00
1.8030e+00
1.7938e+00
1.7846e+00
1.7754e+00
1.7570e+00
1.7477e+00
1.7293e+00
1.7201e+00
1.7109e+00
1.6924e+00
1.6832e+00
1.6740e+00
1.6648e+00
1.6463e+00
1.6371e+00
1.6187e+00
1.6094e+00
1.5910e+00
1.5818e+00
1.5725e+00
1.5633e+00
1.5449e+00
1.5264e+00
1.4987e+00
1.4895e+00
1.4803e+00
1.4618e+00
1.4342e+00
1.4249e+00
1.3972e+00
1.3880e+00
1.3695e+00
1.3511e+00
1.3419e+00
1.3234e+00
1.2957e+00
1.2772e+00
1.2588e+00
1.2403e+00
1.2218e+00
1.2034e+00
1.1756e+00
1.1664e+00
1.1387e+00
1.1202e+00
1.0925e+00
1.0833e+00
1.0648e+00
1.0370e+00
1.0278e+00
1.0186e+00
9.9084e-01
9.7235e-01
9.5386e-01
9.3537e-01
9.1688e-01
8.8914e-01
8.7065e-01
8.5215e-01
8.2441e-01
8.1516e-01
7.9666e-01
7.7816e-01
7.5966e-01
7.3190e-01
7.1340e-01
6.9489e-01
6.6713e-01
6.4862e-01
6.3011e-01
6.1160e-01
5.9308e-01
5.6531e-01
5.4680e-01
5.2828e-01
5.0976e-01
5.0050e-01
4.7272e-01
4.5420e-01
4.4493e-01
4.3567e-01
4.1715e-01
3.9862e-01
3.8009e-01
3.7083e-01
3.4303e-01
3.2450e-01
3.0597e-01
2.8744e-01
2.5963e-01
2.5037e-01
2.3183e-01
2.0402e-01
1.8548e-01
1.6694e-01
1.4839e-01
1.3912e-01
1.2058e-01
1.0203e-01
8.3481e-02
6.4932e-02
4.6382e-02
1.8554e-02
0000
