9.4726e+00
9.4523e+00
9.4422e+00
9.4220e+00
9.4119e+00
9.3916e+00
9.3815e+00
9.3613e+00
9.3511e+00
9.3309e+00
9.3208e+00
9.3106e+00
9.2904e+00
9.2702e+00
9.2499e+00
9.2297e+00
9.2195e+00
9.1993e+00
9.1790e+00
9.1689e+00
9.1588e+00
9.1385e+00
9.1385e+00
9.1284e+00
9.0980e+00
9.0879e+00
9.0777e+00
9.0575e+00
9.0372e+00
9.0271e+00
9.0169e+00
8.9865e+00
8.9663e+00
8.9561e+00
8.9359e+00
8.9257e+00
8.9156e+00
8.8953e+00
8.8852e+00
8.8649e+00
8.8548e+00
8.8345e+00
8.8244e+00
8.8041e+00
8.7939e+00
8.7635e+00
8.7534e+00
8.7432e+00
8.7331e+00
8.7229e+00
8.7027e+00
8.6824e+00
8.6722e+00
8.6621e+00
8.6519e+00
8.6316e+00
8.6316e+00
8.6113e+00
8.6012e+00
8.5809e+00
8.5708e+00
8.5505e+00
8.5403e+00
8.5200e+00
8.5099e+00
8.4895e+00
8.4794e+00
8.4591e+00
8.4388e+00
8.4286e+00
8.4185e+00
8.4083e+00
8.3982e+00
8.3779e+00
8.3677e+00
8.3575e+00
8.3474e+00
8.3271e+00
8.3169e+00
8.2966e+00
8.2763e+00
8.2661e+00
8.2560e+00
8.2356e+00
8.2255e+00
8.2255e+00
8.2153e+00
8.1950e+00
8.1848e+00
8.1747e+00
8.1543e+00
8.1340e+00
8.1340e+00
8.1239e+00
8.1035e+00
8.0832e+00
8.0730e+00
8.0629e+00
8.0527e+00
8.0527e+00
8.0425e+00
8.0222e+00
8.0120e+00
7.9917e+00
7.9917e+00
7.9713e+00
7.9510e+00
7.9408e+00
7.9408e+00
7.9205e+00
7.9103e+00
7.9001e+00
7.8900e+00
7.8798e+00
7.8595e+00
7.8493e+00
7.8391e+00
7.8289e+00
7.8188e+00
7.8188e+00
7.8086e+00
7.7882e+00
7.7780e+00
7.7577e+00
7.7475e+00
7.7373e+00
7.7272e+00
7.7068e+00
7.6864e+00
7.6864e+00
7.6763e+00
7.6661e+00
7.6661e+00
7.6457e+00
7.6457e+00
7.6355e+00
7.6152e+00
7.6050e+00
7.5948e+00
7.5744e+00
7.5744e+00
7.5643e+00
7.5541e+00
7.5439e+00
7.5235e+00
7.5235e+00
7.5133e+00
7.5031e+00
7.4929e+00
7.4828e+00
7.4726e+00
7.4624e+00
7.4624e+00
7.4420e+00
7.4318e+00
7.4216e+00
7.4114e+00
7.4012e+00
7.3911e+00
7.3911e+00
7.3707e+00
7.3605e+00
7.3503e+00
7.3401e+00
7.3299e+00
7.3299e+00
7.3197e+00
7.3095e+00
7.2993e+00
7.2891e+00
7.2789e+00
7.2687e+00
7.2484e+00
7.2382e+00
7.2382e+00
7.2280e+00
7.2076e+00
7.1974e+00
7.1872e+00
7.1770e+00
7.1668e+00
7.1566e+00
7.1464e+00
7.1362e+00
7.1260e+00
7.1158e+00
7.1056e+00
7.0954e+00
7.0852e+00
7.0852e+00
7.0648e+00
7.0546e+00
7.0444e+00
7.0240e+00
7.0240e+00
7.0138e+00
7.0035e+00
6.9933e+00
6.9831e+00
6.9729e+00
6.9627e+00
6.9423e+00
6.9423e+00
6.9423e+00
6.9321e+00
6.9117e+00
6.9015e+00
6.8913e+00
6.8709e+00
6.8606e+00
6.8606e+00
6.8504e+00
6.8402e+00
6.8300e+00
6.8198e+00
6.7994e+00
6.7994e+00
6.7892e+00
6.7790e+00
6.7687e+00
6.7585e+00
6.7381e+00
6.7279e+00
6.7279e+00
6.7177e+00
6.7075e+00
6.6972e+00
6.6870e+00
6.6768e+00
6.6666e+00
6.6666e+00
6.6564e+00
6.6564e+00
6.6359e+00
6.6257e+00
6.6155e+00
6.6053e+00
6.5951e+00
6.5848e+00
6.5644e+00
6.5644e+00
6.5542e+00
6.5440e+00
6.5337e+00
6.5235e+00
6.5133e+00
6.5031e+00
6.5031e+00
6.4929e+00
6.4826e+00
6.4724e+00
6.4622e+00
6.4520e+00
6.4417e+00
6.4417e+00
6.4315e+00
6.4213e+00
6.4111e+00
6.4008e+00
6.3906e+00
6.3804e+00
6.3702e+00
6.3702e+00
6.3599e+00
6.3599e+00
6.3395e+00
6.3190e+00
6.3190e+00
6.3088e+00
6.2986e+00
6.2883e+00
6.2679e+00
6.2576e+00
6.2474e+00
6.2474e+00
6.2372e+00
6.2372e+00
6.2269e+00
6.2167e+00
6.2065e+00
6.1962e+00
6.1962e+00
6.1860e+00
6.1758e+00
6.1655e+00
6.1553e+00
6.1451e+00
6.1348e+00
6.1246e+00
6.1144e+00
6.1144e+00
6.1144e+00
6.1041e+00
6.0836e+00
6.0836e+00
6.0734e+00
6.0632e+00
6.0632e+00
6.0529e+00
6.0427e+00
6.0325e+00
6.0222e+00
6.0017e+00
5.9915e+00
5.9813e+00
5.9710e+00
5.9608e+00
5.9608e+00
5.9505e+00
5.9403e+00
5.9403e+00
5.9300e+00
5.9198e+00
5.9096e+00
5.8993e+00
5.8891e+00
5.8788e+00
5.8686e+00
5.8583e+00
5.8481e+00
5.8378e+00
5.8276e+00
5.8173e+00
5.8173e+00
5.8071e+00
5.7969e+00
5.7969e+00
5.7866e+00
5.7866e+00
5.7764e+00
5.7661e+00
5.7559e+00
5.7456e+00
5.7251e+00
5.7149e+00
5.7149e+00
5.7046e+00
5.6944e+00
5.6944e+00
5.6841e+00
5.6739e+00
5.6636e+00
5.6636e+00
5.6636e+00
5.6533e+00
5.6431e+00
5.6328e+00
5.6226e+00
5.6123e+00
5.5918e+00
5.5918e+00
5.5816e+00
5.5713e+00
5.5611e+00
5.5508e+00
5.5508e+00
5.5405e+00
5.5303e+00
5.5200e+00
5.5200e+00
5.5098e+00
5.4893e+00
5.4790e+00
5.4687e+00
5.4687e+00
5.4482e+00
5.4380e+00
5.4277e+00
5.4174e+00
5.4072e+00
5.4072e+00
5.3866e+00
5.3764e+00
5.3661e+00
5.3661e+00
5.3559e+00
5.3559e+00
5.3456e+00
5.3353e+00
5.3148e+00
5.3148e+00
5.3045e+00
5.2840e+00
5.2840e+00
5.2737e+00
5.2737e+00
5.2532e+00
5.2429e+00
5.2429e+00
5.2327e+00
5.2224e+00
5.2224e+00
5.2121e+00
5.2019e+00
5.1916e+00
5.1916e+00
5.1813e+00
5.1711e+00
5.1711e+00
5.1608e+00
5.1505e+00
5.1402e+00
5.1300e+00
5.1300e+00
5.1197e+00
5.1094e+00
5.1094e+00
5.0992e+00
5.0992e+00
5.0992e+00
5.0889e+00
5.0786e+00
5.0683e+00
5.0478e+00
5.0478e+00
5.0478e+00
5.0375e+00
5.0272e+00
5.0272e+00
5.0170e+00
5.0170e+00
5.0067e+00
4.9964e+00
4.9861e+00
4.9861e+00
4.9861e+00
4.9656e+00
4.9656e+00
4.9656e+00
4.9553e+00
4.9450e+00
4.9347e+00
4.9245e+00
4.9142e+00
4.9039e+00
4.9039e+00
4.8936e+00
4.8936e+00
4.8936e+00
4.8936e+00
4.8731e+00
4.8628e+00
4.8628e+00
4.8525e+00
4.8422e+00
4.8319e+00
4.8319e+00
4.8217e+00
4.8217e+00
4.8114e+00
4.8011e+00
4.7908e+00
4.7908e+00
4.7908e+00
4.7805e+00
4.7702e+00
4.7702e+00
4.7702e+00
4.7600e+00
4.7394e+00
4.7291e+00
4.7291e+00
4.7188e+00
4.7085e+00
4.6982e+00
4.6880e+00
4.6880e+00
4.6777e+00
4.6674e+00
4.6571e+00
4.6571e+00
4.6468e+00
4.6365e+00
4.6365e+00
4.6365e+00
4.6262e+00
4.6159e+00
4.6056e+00
4.5953e+00
4.5953e+00
4.5851e+00
4.5851e+00
4.5748e+00
4.5748e+00
4.5645e+00
4.5542e+00
4.5542e+00
4.5542e+00
4.5439e+00
4.5336e+00
4.5233e+00
4.5233e+00
4.5130e+00
4.5027e+00
4.4924e+00
4.4924e+00
4.4821e+00
4.4718e+00
4.4512e+00
4.4512e+00
4.4512e+00
4.4409e+00
4.4409e+00
4.4306e+00
4.4306e+00
4.4203e+00
4.4203e+00
4.4101e+00
4.3998e+00
4.3895e+00
4.3895e+00
4.3792e+00
4.3689e+00
4.3689e+00
4.3586e+00
4.3586e+00
4.3483e+00
4.3380e+00
4.3380e+00
4.3277e+00
4.3277e+00
4.3277e+00
4.3174e+00
4.3071e+00
4.3071e+00
4.2968e+00
4.2865e+00
4.2762e+00
4.2659e+00
4.2659e+00
4.2555e+00
4.2555e+00
4.2452e+00
4.2452e+00
4.2452e+00
4.2349e+00
4.2246e+00
4.2143e+00
4.2143e+00
4.2040e+00
4.1937e+00
4.1834e+00
4.1731e+00
4.1834e+00
4.1731e+00
4.1628e+00
4.1525e+00
4.1422e+00
4.1319e+00
4.1319e+00
4.1319e+00
4.1319e+00
4.1216e+00
4.1113e+00
4.1113e+00
4.1113e+00
4.0907e+00
4.0803e+00
4.0700e+00
4.0597e+00
4.0597e+00
4.0494e+00
4.0494e+00
4.0494e+00
4.0391e+00
4.0391e+00
4.0288e+00
4.0185e+00
4.0185e+00
4.0185e+00
4.0082e+00
3.9979e+00
3.9875e+00
3.9875e+00
3.9772e+00
3.9669e+00
3.9566e+00
3.9463e+00
3.9463e+00
3.9360e+00
3.9257e+00
3.9257e+00
3.9153e+00
3.9153e+00
3.9050e+00
3.9050e+00
3.8947e+00
3.8844e+00
3.8741e+00
3.8638e+00
3.8534e+00
3.8431e+00
3.8328e+00
3.8328e+00
3.8225e+00
3.8122e+00
3.8122e+00
3.8019e+00
3.7915e+00
3.7812e+00
3.7812e+00
3.7709e+00
3.7709e+00
3.7606e+00
3.7503e+00
3.7399e+00
3.7296e+00
3.7193e+00
3.6986e+00
3.6986e+00
3.6883e+00
3.6883e+00
3.6780e+00
3.6780e+00
3.6677e+00
3.6574e+00
3.6470e+00
3.6470e+00
3.6470e+00
3.6367e+00
3.6264e+00
3.6057e+00
3.6057e+00
3.5954e+00
3.5851e+00
3.5851e+00
3.5747e+00
3.5541e+00
3.5541e+00
3.5541e+00
3.5438e+00
3.5334e+00
3.5231e+00
3.5231e+00
3.5231e+00
3.5128e+00
3.5024e+00
3.4921e+00
3.4818e+00
3.4714e+00
3.4611e+00
3.4508e+00
3.4405e+00
3.4405e+00
3.4301e+00
3.4198e+00
3.4095e+00
3.4095e+00
3.3991e+00
3.3888e+00
3.3888e+00
3.3785e+00
3.3681e+00
3.3681e+00
3.3578e+00
3.3474e+00
3.3268e+00
3.3164e+00
3.3164e+00
3.3061e+00
3.2958e+00
3.2958e+00
3.2854e+00
3.2751e+00
3.2648e+00
3.2544e+00
3.2544e+00
3.2441e+00
3.2337e+00
3.2337e+00
3.2234e+00
3.2027e+00
3.1820e+00
3.1820e+00
3.1717e+00
3.1717e+00
3.1613e+00
3.1510e+00
3.1407e+00
3.1407e+00
3.1407e+00
3.1303e+00
3.1303e+00
3.1200e+00
3.1200e+00
3.1096e+00
3.0993e+00
3.0993e+00
3.0889e+00
3.0889e+00
3.0889e+00
3.0786e+00
3.0683e+00
3.0683e+00
3.0579e+00
3.0476e+00
3.0476e+00
3.0372e+00
3.0372e+00
3.0269e+00
3.0165e+00
3.0165e+00
3.0062e+00
3.0062e+00
2.9958e+00
2.9855e+00
2.9855e+00
2.9751e+00
2.9751e+00
2.9751e+00
2.9648e+00
2.9544e+00
2.9544e+00
2.9544e+00
2.9441e+00
2.9441e+00
2.9337e+00
2.9234e+00
2.9130e+00
2.9130e+00
2.9130e+00
2.9027e+00
2.9027e+00
2.9027e+00
2.8923e+00
2.8820e+00
2.8716e+00
2.8716e+00
2.8716e+00
2.8613e+00
2.8613e+00
2.8509e+00
2.8509e+00
2.8509e+00
2.8406e+00
2.8302e+00
2.8095e+00
2.8095e+00
2.7991e+00
2.7991e+00
2.7888e+00
2.7888e+00
2.7888e+00
2.7888e+00
2.7784e+00
2.7681e+00
2.7681e+00
2.7577e+00
2.7474e+00
2.7370e+00
2.7266e+00
2.7266e+00
2.7163e+00
2.7059e+00
2.7059e+00
2.6956e+00
2.6852e+00
2.6956e+00
2.6852e+00
2.6852e+00
2.6852e+00
2.6748e+00
2.6645e+00
2.6645e+00
2.6645e+00
2.6438e+00
2.6438e+00
2.6438e+00
2.6334e+00
2.6230e+00
2.6127e+00
2.6023e+00
2.5920e+00
2.5920e+00
2.5920e+00
2.5816e+00
2.5816e+00
2.5609e+00
2.5609e+00
2.5609e+00
2.5609e+00
2.5401e+00
2.5401e+00
2.5298e+00
2.5298e+00
2.5090e+00
2.4987e+00
2.5090e+00
2.4987e+00
2.4883e+00
2.4779e+00
2.4779e+00
2.4779e+00
2.4676e+00
2.4676e+00
2.4572e+00
2.4572e+00
2.4468e+00
2.4365e+00
2.4365e+00
2.4157e+00
2.4054e+00
2.4054e+00
2.3950e+00
2.3846e+00
2.3846e+00
2.3846e+00
2.3743e+00
2.3639e+00
2.3535e+00
2.3535e+00
2.3431e+00
2.3431e+00
2.3431e+00
2.3224e+00
2.3120e+00
2.3017e+00
2.3017e+00
2.3017e+00
2.2913e+00
2.2809e+00
2.2705e+00
2.2705e+00
2.2602e+00
2.2498e+00
2.2394e+00
2.2394e+00
2.2290e+00
2.2187e+00
2.2083e+00
2.2083e+00
2.1979e+00
2.1771e+00
2.1771e+00
2.1771e+00
2.1668e+00
2.1564e+00
2.1460e+00
2.1460e+00
2.1356e+00
2.1356e+00
2.1356e+00
2.1253e+00
2.1149e+00
2.1149e+00
2.1045e+00
2.0941e+00
2.0837e+00
2.0733e+00
2.0630e+00
2.0526e+00
2.0526e+00
2.0422e+00
2.0422e+00
2.0318e+00
2.0214e+00
2.0214e+00
2.0214e+00
2.0111e+00
2.0007e+00
1.9903e+00
1.9799e+00
1.9695e+00
1.9695e+00
1.9591e+00
1.9487e+00
1.9487e+00
1.9384e+00
1.9384e+00
1.9280e+00
1.9280e+00
1.9280e+00
1.9176e+00
1.9072e+00
1.9072e+00
1.8968e+00
1.8864e+00
1.8760e+00
1.8656e+00
1.8656e+00
1.8553e+00
1.8449e+00
1.8345e+00
1.8345e+00
1.8241e+00
1.8241e+00
1.8137e+00
1.8137e+00
1.8033e+00
1.8033e+00
1.7929e+00
1.7825e+00
1.7825e+00
1.7721e+00
1.7721e+00
1.7721e+00
1.7721e+00
1.7617e+00
1.7513e+00
1.7513e+00
1.7409e+00
1.7306e+00
1.7306e+00
1.7202e+00
1.7098e+00
1.7098e+00
1.6994e+00
1.6890e+00
1.6786e+00
1.6786e+00
1.6682e+00
1.6578e+00
1.6474e+00
1.6474e+00
1.6370e+00
1.6370e+00
1.6370e+00
1.6266e+00
1.6266e+00
1.6266e+00
1.6162e+00
1.6162e+00
1.5954e+00
1.5850e+00
1.5850e+00
1.5746e+00
1.5746e+00
1.5746e+00
1.5538e+00
1.5538e+00
1.5434e+00
1.5434e+00
1.5434e+00
1.5330e+00
1.5330e+00
1.5226e+00
1.5226e+00
1.5122e+00
1.5122e+00
1.5122e+00
1.5018e+00
1.4914e+00
1.4810e+00
1.4706e+00
1.4706e+00
1.4602e+00
1.4602e+00
1.4602e+00
1.4498e+00
1.4498e+00
1.4498e+00
1.4394e+00
1.4394e+00
1.4394e+00
1.4290e+00
1.4290e+00
1.4290e+00
1.4186e+00
1.4082e+00
1.4082e+00
1.3978e+00
1.3874e+00
1.3769e+00
1.3769e+00
1.3769e+00
1.3769e+00
1.3769e+00
1.3769e+00
1.3665e+00
1.3665e+00
1.3561e+00
1.3561e+00
1.3457e+00
1.3457e+00
1.3353e+00
1.3353e+00
1.3249e+00
1.3145e+00
1.3145e+00
1.3145e+00
1.3041e+00
1.3041e+00
1.3041e+00
1.2937e+00
1.2937e+00
1.3041e+00
1.3041e+00
1.2833e+00
1.2833e+00
1.2833e+00
1.2833e+00
1.2729e+00
1.2625e+00
1.2625e+00
1.2625e+00
1.2625e+00
1.2520e+00
1.2520e+00
1.2520e+00
1.2520e+00
1.2520e+00
1.2520e+00
1.2520e+00
1.2416e+00
1.2416e+00
1.2416e+00
1.2416e+00
1.2416e+00
1.2312e+00
1.2208e+00
1.2312e+00
1.2312e+00
1.2312e+00
1.2416e+00
1.2312e+00
1.2312e+00
1.2416e+00
1.2416e+00
1.2416e+00
1.2416e+00
1.2416e+00
1.2416e+00
1.2312e+00
1.2416e+00
1.2416e+00
1.2416e+00
1.2416e+00
1.2416e+00
1.2416e+00
1.2520e+00
1.2520e+00
1.2520e+00
1.2625e+00
1.2729e+00
1.2729e+00
1.2729e+00
1.2729e+00
1.2729e+00
1.2729e+00
1.2729e+00
1.2729e+00
1.2729e+00
1.2729e+00
1.2729e+00
1.2729e+00
1.2729e+00
1.2833e+00
1.2937e+00
1.2937e+00
1.2937e+00
1.2937e+00
1.3041e+00
1.3041e+00
1.3041e+00
1.3041e+00
1.3041e+00
1.3041e+00
1.3041e+00
1.3041e+00
1.3145e+00
1.3145e+00
1.3145e+00
1.3249e+00
1.3249e+00
1.3249e+00
1.3249e+00
1.3249e+00
1.3353e+00
1.3353e+00
1.3353e+00
1.3457e+00
1.3457e+00
1.3353e+00
1.3353e+00
1.3353e+00
1.3353e+00
1.3353e+00
1.3353e+00
1.3457e+00
1.3561e+00
1.3561e+00
1.3561e+00
1.3561e+00
1.3561e+00
1.3561e+00
1.3561e+00
1.3561e+00
1.3561e+00
1.3561e+00
1.3457e+00
1.3457e+00
1.3561e+00
1.3457e+00
1.3457e+00
1.3561e+00
1.3561e+00
1.3457e+00
1.3457e+00
1.3561e+00
1.3561e+00
1.3457e+00
1.3457e+00
1.3457e+00
1.3353e+00
1.3353e+00
1.3353e+00
1.3353e+00
1.3353e+00
1.3249e+00
1.3353e+00
1.3353e+00
1.3457e+00
1.3457e+00
1.3353e+00
1.3249e+00
1.3249e+00
1.3249e+00
1.3249e+00
1.3249e+00
1.3145e+00
1.3145e+00
1.3041e+00
1.3041e+00
1.2937e+00
1.2937e+00
1.2937e+00
1.2937e+00
1.2937e+00
1.2937e+00
1.2937e+00
1.2937e+00
1.2937e+00
1.2833e+00
1.2833e+00
1.2833e+00
1.2729e+00
1.2729e+00
1.2729e+00
1.2729e+00
1.2729e+00
1.2729e+00
1.2729e+00
1.2625e+00
1.2520e+00
1.2520e+00
1.2520e+00
1.2520e+00
1.2520e+00
1.2520e+00
1.2416e+00
1.2416e+00
1.2416e+00
1.2416e+00
1.2312e+00
1.2312e+00
1.2208e+00
1.2208e+00
1.2208e+00
1.2208e+00
1.2104e+00
1.2104e+00
1.2208e+00
1.2208e+00
1.2208e+00
1.2208e+00
1.2208e+00
1.2104e+00
1.2104e+00
1.2000e+00
1.1896e+00
1.1792e+00
1.1896e+00
1.1792e+00
1.1792e+00
1.1896e+00
1.1896e+00
1.1896e+00
1.1896e+00
1.1896e+00
1.1687e+00
1.1687e+00
1.1687e+00
1.1687e+00
1.1583e+00
1.1583e+00
1.1583e+00
1.1479e+00
1.1479e+00
1.1375e+00
1.1375e+00
1.1375e+00
1.1375e+00
1.1375e+00
1.1375e+00
1.1375e+00
1.1271e+00
1.1271e+00
1.1271e+00
1.1167e+00
1.1167e+00
1.1167e+00
1.1062e+00
1.0958e+00
1.0958e+00
1.0854e+00
1.0854e+00
1.0854e+00
1.0854e+00
1.0958e+00
1.0958e+00
1.0854e+00
1.0854e+00
1.0854e+00
1.0854e+00
1.0750e+00
1.0646e+00
1.0646e+00
1.0542e+00
1.0542e+00
1.0542e+00
1.0437e+00
1.0437e+00
1.0437e+00
1.0437e+00
1.0333e+00
1.0333e+00
1.0333e+00
1.0333e+00
1.0333e+00
1.0229e+00
1.0229e+00
1.0229e+00
1.0125e+00
1.0125e+00
1.0125e+00
1.0021e+00
9.9165e-01
9.9165e-01
1.0021e+00
1.0021e+00
9.9165e-01
9.9165e-01
9.8123e-01
9.8123e-01
9.7081e-01
9.6038e-01
9.6038e-01
9.6038e-01
9.4996e-01
9.4996e-01
9.4996e-01
9.3954e-01
9.2912e-01
9.3954e-01
9.2912e-01
9.2912e-01
9.1869e-01
9.2912e-01
9.2912e-01
9.1869e-01
9.1869e-01
9.1869e-01
9.0827e-01
8.9785e-01
8.9785e-01
8.9785e-01
8.8742e-01
8.8742e-01
8.8742e-01
8.8742e-01
8.7700e-01
8.6657e-01
8.6657e-01
8.6657e-01
8.6657e-01
8.6657e-01
8.6657e-01
8.6657e-01
8.6657e-01
8.5615e-01
8.5615e-01
8.5615e-01
8.4572e-01
8.4572e-01
8.4572e-01
8.4572e-01
8.4572e-01
8.4572e-01
8.4572e-01
8.3530e-01
8.3530e-01
8.3530e-01
8.3530e-01
8.2487e-01
8.2487e-01
8.2487e-01
8.2487e-01
8.1444e-01
8.0402e-01
8.1444e-01
8.0402e-01
8.0402e-01
8.0402e-01
7.9359e-01
7.9359e-01
7.9359e-01
8.0402e-01
7.9359e-01
7.9359e-01
7.9359e-01
7.9359e-01
7.9359e-01
7.8316e-01
7.8316e-01
7.7273e-01
7.7273e-01
7.7273e-01
7.6230e-01
7.6230e-01
7.7273e-01
7.6230e-01
7.5188e-01
7.5188e-01
7.5188e-01
7.5188e-01
7.6230e-01
7.5188e-01
7.4145e-01
7.3102e-01
7.4145e-01
7.3102e-01
7.3102e-01
7.2059e-01
7.2059e-01
7.2059e-01
7.2059e-01
7.1016e-01
7.1016e-01
7.1016e-01
7.1016e-01
6.9973e-01
6.9973e-01
6.9973e-01
6.9973e-01
6.9973e-01
6.9973e-01
6.8929e-01
6.8929e-01
6.7886e-01
6.7886e-01
6.7886e-01
6.7886e-01
6.6843e-01
6.6843e-01
6.6843e-01
6.6843e-01
6.5800e-01
6.5800e-01
6.5800e-01
6.4757e-01
6.4757e-01
6.3713e-01
6.3713e-01
6.2670e-01
6.2670e-01
6.2670e-01
6.1627e-01
6.2670e-01
6.2670e-01
6.0583e-01
6.0583e-01
6.0583e-01
6.0583e-01
6.0583e-01
6.0583e-01
6.0583e-01
5.9540e-01
5.9540e-01
5.8496e-01
5.8496e-01
5.8496e-01
5.8496e-01
5.8496e-01
5.8496e-01
5.7453e-01
5.7453e-01
5.7453e-01
5.7453e-01
5.7453e-01
5.7453e-01
5.7453e-01
5.6409e-01
5.5365e-01
5.6409e-01
5.5365e-01
5.4322e-01
5.4322e-01
5.5365e-01
5.4322e-01
5.4322e-01
5.3278e-01
5.3278e-01
5.3278e-01
5.3278e-01
5.3278e-01
5.3278e-01
5.3278e-01
5.2234e-01
5.2234e-01
5.2234e-01
5.2234e-01
5.1191e-01
5.1191e-01
5.0147e-01
5.0147e-01
5.1191e-01
5.0147e-01
5.0147e-01
5.0147e-01
5.0147e-01
5.0147e-01
5.0147e-01
5.0147e-01
5.0147e-01
4.9103e-01
4.9103e-01
4.9103e-01
4.9103e-01
4.8059e-01
4.8059e-01
4.8059e-01
4.7015e-01
4.7015e-01
4.7015e-01
4.7015e-01
4.7015e-01
4.5971e-01
4.5971e-01
4.5971e-01
4.4927e-01
4.4927e-01
4.4927e-01
4.3883e-01
4.4927e-01
4.4927e-01
4.3883e-01
4.3883e-01
4.3883e-01
4.3883e-01
4.3883e-01
4.3883e-01
4.3883e-01
4.2839e-01
4.2839e-01
4.3883e-01
4.3883e-01
4.2839e-01
4.3883e-01
4.2839e-01
4.1795e-01
4.1795e-01
4.1795e-01
4.0751e-01
4.0751e-01
4.1795e-01
4.1795e-01
4.1795e-01
4.1795e-01
4.1795e-01
4.1795e-01
4.1795e-01
4.1795e-01
4.1795e-01
4.0751e-01
4.0751e-01
4.0751e-01
3.9707e-01
4.0751e-01
4.0751e-01
4.0751e-01
4.0751e-01
4.1795e-01
4.1795e-01
4.1795e-01
4.0751e-01
4.0751e-01
4.0751e-01
4.0751e-01
4.0751e-01
4.0751e-01
4.0751e-01
4.0751e-01
3.9707e-01
4.0751e-01
3.9707e-01
3.9707e-01
3.9707e-01
3.9707e-01
4.0751e-01
3.9707e-01
4.0751e-01
4.0751e-01
4.0751e-01
4.1795e-01
4.2839e-01
4.1795e-01
4.1795e-01
4.1795e-01
4.1795e-01
4.0751e-01
3.9707e-01
4.0751e-01
4.1795e-01
4.1795e-01
4.0751e-01
4.1795e-01
4.1795e-01
4.1795e-01
4.1795e-01
4.0751e-01
4.0751e-01
4.0751e-01
4.0751e-01
4.0751e-01
4.0751e-01
3.9707e-01
4.0751e-01
4.0751e-01
4.0751e-01
3.9707e-01
3.9707e-01
3.9707e-01
4.0751e-01
4.0751e-01
4.0751e-01
3.9707e-01
4.0751e-01
3.9707e-01
3.9707e-01
4.0751e-01
3.9707e-01
3.9707e-01
3.9707e-01
3.9707e-01
3.9707e-01
3.9707e-01
3.9707e-01
3.8662e-01
3.9707e-01
3.9707e-01
3.9707e-01
3.8662e-01
3.9707e-01
3.8662e-01
3.8662e-01
3.7618e-01
3.6574e-01
3.6574e-01
3.6574e-01
3.6574e-01
3.6574e-01
3.6574e-01
3.7618e-01
3.7618e-01
3.7618e-01
3.7618e-01
3.7618e-01
3.7618e-01
3.7618e-01
3.6574e-01
3.6574e-01
3.6574e-01
3.5530e-01
3.5530e-01
3.5530e-01
3.5530e-01
3.4485e-01
3.4485e-01
3.4485e-01
3.4485e-01
3.4485e-01
3.5530e-01
3.4485e-01
3.3441e-01
3.4485e-01
3.4485e-01
3.3441e-01
3.2396e-01
3.3441e-01
3.3441e-01
3.2396e-01
3.2396e-01
3.3441e-01
3.2396e-01
3.2396e-01
3.3441e-01
3.3441e-01
3.3441e-01
3.2396e-01
3.2396e-01
3.3441e-01
3.3441e-01
3.2396e-01
3.2396e-01
3.2396e-01
3.2396e-01
3.2396e-01
3.1352e-01
3.1352e-01
3.1352e-01
3.1352e-01
3.1352e-01
3.1352e-01
3.1352e-01
3.2396e-01
3.1352e-01
3.1352e-01
3.1352e-01
3.1352e-01
3.1352e-01
3.0307e-01
3.0307e-01
3.0307e-01
3.0307e-01
3.0307e-01
3.0307e-01
3.0307e-01
3.1352e-01
3.0307e-01
3.0307e-01
3.0307e-01
3.1352e-01
3.0307e-01
2.9263e-01
3.0307e-01
2.9263e-01
2.9263e-01
2.9263e-01
2.9263e-01
2.8218e-01
2.8218e-01
2.8218e-01
2.8218e-01
2.7174e-01
2.8218e-01
2.7174e-01
2.8218e-01
2.7174e-01
2.7174e-01
2.7174e-01
2.6129e-01
2.5084e-01
2.6129e-01
2.5084e-01
2.5084e-01
2.5084e-01
2.5084e-01
2.5084e-01
2.4039e-01
2.4039e-01
2.4039e-01
2.2995e-01
2.2995e-01
2.2995e-01
2.2995e-01
2.2995e-01
2.2995e-01
2.1950e-01
2.0905e-01
1.9860e-01
2.0905e-01
1.9860e-01
1.9860e-01
1.8815e-01
1.8815e-01
1.8815e-01
1.8815e-01
1.8815e-01
1.8815e-01
1.9860e-01
1.8815e-01
1.7770e-01
1.6725e-01
1.6725e-01
1.6725e-01
1.5680e-01
1.5680e-01
1.5680e-01
1.5680e-01
1.4635e-01
1.4635e-01
1.4635e-01
1.3590e-01
1.4635e-01
1.4635e-01
1.3590e-01
1.4635e-01
1.4635e-01
1.4635e-01
1.3590e-01
1.2545e-01
1.2545e-01
1.2545e-01
1.2545e-01
1.2545e-01
1.2545e-01
1.2545e-01
1.1500e-01
1.1500e-01
1.1500e-01
1.1500e-01
1.0454e-01
1.1500e-01
1.1500e-01
1.1500e-01
1.1500e-01
1.0454e-01
1.0454e-01
1.0454e-01
1.0454e-01
9.4092e-02
9.4092e-02
9.4092e-02
9.4092e-02
9.4092e-02
9.4092e-02
1.0454e-01
9.4092e-02
9.4092e-02
9.4092e-02
9.4092e-02
9.4092e-02
9.4092e-02
8.3639e-02
7.3185e-02
8.3639e-02
8.3639e-02
7.3185e-02
8.3639e-02
8.3639e-02
7.3185e-02
8.3639e-02
7.3185e-02
7.3185e-02
7.3185e-02
7.3185e-02
7.3185e-02
7.3185e-02
6.2731e-02
6.2731e-02
6.2731e-02
6.2731e-02
6.2731e-02
7.3185e-02
7.3185e-02
7.3185e-02
7.3185e-02
7.3185e-02
7.3185e-02
7.3185e-02
8.3639e-02
7.3185e-02
7.3185e-02
7.3185e-02
7.3185e-02
7.3185e-02
7.3185e-02
7.3185e-02
7.3185e-02
6.2731e-02
6.2731e-02
6.2731e-02
6.2731e-02
5.2277e-02
6.2731e-02
6.2731e-02
6.2731e-02
6.2731e-02
6.2731e-02
6.2731e-02
6.2731e-02
6.2731e-02
6.2731e-02
6.2731e-02
5.2277e-02
5.2277e-02
5.2277e-02
5.2277e-02
6.2731e-02
6.2731e-02
6.2731e-02
7.3185e-02
7.3185e-02
7.3185e-02
6.2731e-02
6.2731e-02
5.2277e-02
6.2731e-02
6.2731e-02
5.2277e-02
5.2277e-02
5.2277e-02
5.2277e-02
5.2277e-02
5.2277e-02
5.2277e-02
5.2277e-02
4.1822e-02
4.1822e-02
5.2277e-02
4.1822e-02
4.1822e-02
4.1822e-02
4.1822e-02
3.1367e-02
4.1822e-02
4.1822e-02
4.1822e-02
4.1822e-02
5.2277e-02
4.1822e-02
4.1822e-02
5.2277e-02
5.2277e-02
5.2277e-02
5.2277e-02
4.1822e-02
4.1822e-02
3.1367e-02
3.1367e-02
3.1367e-02
2.0912e-02
2.0912e-02
2.0912e-02
2.0912e-02
2.0912e-02
3.1367e-02
3.1367e-02
3.1367e-02
2.0912e-02
2.0912e-02
2.0912e-02
2.0912e-02
3.1367e-02
2.0912e-02
2.0912e-02
2.0912e-02
1.0456e-02
0000
1.0456e-02
2.0912e-02
2.0912e-02
2.0912e-02
2.0912e-02
2.0912e-02
2.0912e-02
2.0912e-02
2.0912e-02
2.0912e-02
2.0912e-02
2.0912e-02
3.1367e-02
2.0912e-02
2.0912e-02
3.1367e-02
4.1822e-02
3.1367e-02
3.1367e-02
3.1367e-02
4.1822e-02
3.1367e-02
4.1822e-02
4.1822e-02
4.1822e-02
5.2277e-02
6.2731e-02
6.2731e-02
6.2731e-02
6.2731e-02
6.2731e-02
6.2731e-02
6.2731e-02
6.2731e-02
7.3185e-02
7.3185e-02
8.3639e-02
8.3639e-02
9.4092e-02
9.4092e-02
9.4092e-02
1.0454e-01
1.1500e-01
1.0454e-01
1.0454e-01
1.0454e-01
1.1500e-01
1.0454e-01
1.1500e-01
1.1500e-01
1.1500e-01
1.1500e-01
1.1500e-01
1.2545e-01
1.2545e-01
1.2545e-01
1.2545e-01
1.3590e-01
1.3590e-01
1.3590e-01
1.4635e-01
1.3590e-01
1.3590e-01
1.3590e-01
1.3590e-01
1.3590e-01
1.3590e-01
1.3590e-01
1.3590e-01
1.3590e-01
1.3590e-01
