1.1351e+00
1.1187e+00
1.1137e+00
1.1080e+00
1.0924e+00
1.0899e+00
1.0735e+00
1.0612e+00
1.0579e+00
1.0423e+00
1.0341e+00
1.0292e+00
1.0259e+00
1.0169e+00
1.0070e+00
1.0012e+00
9.9056e-01
9.8645e-01
9.7741e-01
9.7248e-01
9.6673e-01
9.5686e-01
9.4699e-01
9.4370e-01
9.3713e-01
9.2314e-01
9.1081e-01
9.0587e-01
9.0587e-01
8.9764e-01
8.8612e-01
8.8448e-01
8.7625e-01
8.6637e-01
8.5814e-01
8.5155e-01
8.3921e-01
8.3838e-01
8.3509e-01
8.2438e-01
8.1615e-01
8.1121e-01
8.0215e-01
7.9144e-01
7.8567e-01
7.7084e-01
7.6589e-01
7.6177e-01
7.4941e-01
7.3952e-01
7.3045e-01
7.2220e-01
7.1808e-01
7.1231e-01
7.0406e-01
6.9499e-01
6.8344e-01
6.7437e-01
6.7354e-01
6.6694e-01
6.5621e-01
6.4796e-01
6.3393e-01
6.3475e-01
6.2898e-01
6.1659e-01
6.0916e-01
5.9760e-01
5.9099e-01
5.8191e-01
5.7943e-01
5.7282e-01
5.6374e-01
5.5547e-01
5.5052e-01
5.4143e-01
5.3234e-01
5.2324e-01
5.1580e-01
5.1002e-01
4.9927e-01
4.9266e-01
4.8025e-01
4.6785e-01
4.5709e-01
4.5295e-01
4.4634e-01
4.4137e-01
4.3144e-01
4.2813e-01
4.2482e-01
4.0993e-01
3.9502e-01
3.8675e-01
3.8178e-01
3.6273e-01
3.5942e-01
3.5942e-01
3.5031e-01
3.4534e-01
3.3622e-01
3.3291e-01
3.2380e-01
3.1634e-01
3.0888e-01
3.0308e-01
2.9893e-01
2.8401e-01
2.8153e-01
2.8153e-01
2.6329e-01
2.5416e-01
2.4919e-01
2.4255e-01
2.3841e-01
2.3011e-01
2.1767e-01
2.0937e-01
2.0356e-01
1.9609e-01
1.9028e-01
1.7783e-01
1.6870e-01
1.5459e-01
1.4794e-01
1.4213e-01
1.2967e-01
1.2220e-01
1.1555e-01
1.1140e-01
9.9767e-02
9.1458e-02
7.9823e-02
7.1512e-02
6.9018e-02
6.4031e-02
5.8212e-02
5.6550e-02
4.8236e-02
3.9921e-02
3.0775e-02
3.0775e-02
2.7448e-02
2.6617e-02
2.0795e-02
1.4973e-02
6.6550e-03
4.1600e-03
0000
5.8230e-03
1.6640e-03
0000
2.4960e-03
5.8230e-03
5.8230e-03
9.1510e-03
1.4141e-02
1.5805e-02
1.5805e-02
2.9111e-02
3.4932e-02
3.7427e-02
4.5742e-02
5.1561e-02
6.0706e-02
6.5694e-02
8.8965e-02
9.4781e-02
1.0808e-01
1.1389e-01
1.2967e-01
1.3549e-01
1.4877e-01
1.6206e-01
1.7534e-01
1.8862e-01
2.0771e-01
2.1850e-01
2.3841e-01
2.4587e-01
2.6577e-01
2.7241e-01
2.9065e-01
3.0142e-01
3.2877e-01
3.3457e-01
3.5445e-01
3.6604e-01
3.8923e-01
3.9585e-01
4.0744e-01
4.1737e-01
4.3972e-01
4.4468e-01
4.6040e-01
4.7529e-01
4.9100e-01
5.0010e-01
5.2242e-01
5.2820e-01
5.5052e-01
5.5878e-01
5.8439e-01
5.9265e-01
6.1329e-01
6.3145e-01
6.5374e-01
6.8014e-01
7.0406e-01
7.2715e-01
7.5188e-01
7.9556e-01
8.2521e-01
8.7213e-01
9.1245e-01
9.6919e-01
1.0160e+00
1.0817e+00
1.1375e+00
1.2195e+00
1.2826e+00
1.3694e+00
1.4446e+00
1.5467e+00
1.6397e+00
1.7513e+00
1.8489e+00
1.9716e+00
2.0811e+00
2.2083e+00
2.3361e+00
2.4686e+00
2.5863e+00
2.7175e+00
2.8397e+00
2.9817e+00
3.1083e+00
3.2619e+00
3.4024e+00
3.5681e+00
3.7073e+00
3.8605e+00
4.0015e+00
4.1581e+00
4.3001e+00
4.4546e+00
4.6048e+00
4.7453e+00
4.9059e+00
5.0435e+00
5.1972e+00
5.3266e+00
5.4774e+00
5.6032e+00
5.7419e+00
5.8495e+00
5.9778e+00
6.0881e+00
6.2183e+00
6.3283e+00
6.4489e+00
6.5616e+00
6.6765e+00
6.7820e+00
6.8981e+00
6.9888e+00
7.0962e+00
7.1799e+00
7.2764e+00
7.3462e+00
7.4311e+00
7.5001e+00
7.5621e+00
7.6362e+00
7.6952e+00
7.7593e+00
7.8174e+00
7.8679e+00
7.9282e+00
7.9816e+00
8.0396e+00
8.0937e+00
8.1455e+00
8.1733e+00
8.2453e+00
8.2746e+00
8.3165e+00
8.3562e+00
8.3944e+00
8.4251e+00
8.4580e+00
8.4804e+00
8.5059e+00
8.5171e+00
8.5477e+00
8.5626e+00
8.5791e+00
8.6067e+00
8.6216e+00
8.6283e+00
8.6380e+00
8.6477e+00
8.6619e+00
8.6709e+00
8.6873e+00
8.6910e+00
8.6925e+00
8.6858e+00
8.6970e+00
8.6977e+00
8.6895e+00
8.6865e+00
8.6776e+00
8.6664e+00
8.6634e+00
8.6582e+00
8.6455e+00
8.6388e+00
8.6283e+00
8.6164e+00
8.6142e+00
8.6007e+00
8.5895e+00
8.5753e+00
8.5604e+00
8.5447e+00
8.5305e+00
8.5156e+00
8.5118e+00
8.4969e+00
8.4864e+00
8.4827e+00
8.4752e+00
8.4550e+00
8.4415e+00
8.4311e+00
8.4116e+00
8.4004e+00
8.3772e+00
8.3562e+00
8.3360e+00
8.3255e+00
8.3105e+00
8.2835e+00
8.2701e+00
8.2558e+00
8.2386e+00
8.2236e+00
8.2131e+00
8.1988e+00
8.1778e+00
8.1718e+00
8.1508e+00
8.1455e+00
8.1350e+00
8.1230e+00
8.1027e+00
8.0892e+00
8.0832e+00
8.0689e+00
8.0553e+00
8.0463e+00
8.0403e+00
8.0335e+00
8.0358e+00
8.0260e+00
8.0283e+00
8.0343e+00
8.0365e+00
8.0253e+00
8.0305e+00
8.0170e+00
8.0208e+00
8.0102e+00
8.0155e+00
8.0050e+00
7.9959e+00
7.9771e+00
7.9688e+00
7.9636e+00
7.9613e+00
7.9455e+00
7.9410e+00
7.9282e+00
7.9169e+00
7.9033e+00
7.8913e+00
7.8740e+00
7.8626e+00
7.8551e+00
7.8385e+00
7.8234e+00
7.8099e+00
7.7925e+00
7.7842e+00
7.7669e+00
7.7556e+00
7.7405e+00
7.7412e+00
7.7344e+00
7.7284e+00
7.7148e+00
7.7004e+00
7.6861e+00
7.6725e+00
7.6649e+00
7.6521e+00
7.6294e+00
7.6067e+00
7.5931e+00
7.5878e+00
7.5772e+00
7.5583e+00
7.5508e+00
7.5387e+00
7.5273e+00
7.5182e+00
7.5250e+00
7.5182e+00
7.5265e+00
7.5250e+00
7.5477e+00
7.5568e+00
7.5871e+00
7.6014e+00
7.6460e+00
7.6672e+00
7.7291e+00
7.7631e+00
7.8400e+00
7.8853e+00
7.9756e+00
8.0388e+00
8.1365e+00
8.2176e+00
8.3293e+00
8.4243e+00
8.5417e+00
8.6395e+00
8.7663e+00
8.8876e+00
9.0199e+00
9.1445e+00
9.2756e+00
9.4101e+00
9.5327e+00
9.6646e+00
9.7904e+00
9.9292e+00
1.0052e+01
1.0181e+01
1.0297e+01
1.0424e+01
1.0531e+01
1.0660e+01
1.0765e+01
1.0887e+01
1.0989e+01
1.1103e+01
1.1205e+01
1.1315e+01
1.1411e+01
1.1517e+01
1.1616e+01
1.1712e+01
1.1806e+01
1.1913e+01
1.2003e+01
1.2093e+01
1.2183e+01
1.2264e+01
1.2353e+01
1.2444e+01
1.2519e+01
1.2597e+01
1.2665e+01
1.2758e+01
1.2824e+01
1.2929e+01
1.2988e+01
1.3087e+01
1.3157e+01
1.3233e+01
1.3303e+01
1.3371e+01
1.3428e+01
1.3492e+01
1.3544e+01
1.3606e+01
1.3648e+01
1.3709e+01
1.3750e+01
1.3797e+01
1.3853e+01
1.3908e+01
1.3935e+01
1.3979e+01
1.4000e+01
1.4035e+01
1.4047e+01
1.4059e+01
1.4084e+01
1.4102e+01
1.4141e+01
1.4177e+01
1.4205e+01
1.4223e+01
1.4224e+01
1.4240e+01
1.4228e+01
1.4212e+01
1.4204e+01
1.4185e+01
1.4166e+01
1.4145e+01
1.4136e+01
1.4107e+01
1.4085e+01
1.4056e+01
1.4042e+01
1.4010e+01
1.3990e+01
1.3956e+01
1.3942e+01
1.3913e+01
1.3882e+01
1.3849e+01
1.3828e+01
1.3797e+01
1.3768e+01
1.3734e+01
1.3711e+01
1.3670e+01
1.3642e+01
1.3613e+01
1.3581e+01
1.3551e+01
1.3518e+01
1.3498e+01
1.3460e+01
1.3427e+01
1.3383e+01
1.3364e+01
1.3324e+01
1.3292e+01
1.3246e+01
1.3221e+01
1.3184e+01
1.3149e+01
1.3107e+01
1.3078e+01
1.3041e+01
1.3011e+01
1.2973e+01
1.2937e+01
1.2895e+01
1.2864e+01
1.2827e+01
1.2790e+01
1.2751e+01
1.2721e+01
1.2675e+01
1.2634e+01
1.2600e+01
1.2573e+01
1.2546e+01
1.2514e+01
1.2480e+01
1.2454e+01
1.2410e+01
1.2389e+01
1.2353e+01
1.2323e+01
1.2282e+01
1.2252e+01
1.2212e+01
1.2188e+01
1.2144e+01
1.2113e+01
1.2067e+01
1.2041e+01
1.2009e+01
1.1976e+01
1.1936e+01
1.1906e+01
1.1866e+01
1.1840e+01
1.1794e+01
1.1771e+01
1.1736e+01
1.1707e+01
1.1673e+01
1.1647e+01
1.1611e+01
1.1587e+01
1.1565e+01
1.1531e+01
1.1498e+01
1.1478e+01
1.1452e+01
1.1429e+01
1.1405e+01
1.1383e+01
1.1352e+01
1.1331e+01
1.1298e+01
1.1269e+01
1.1247e+01
1.1224e+01
1.1197e+01
1.1164e+01
1.1140e+01
1.1119e+01
1.1093e+01
1.1072e+01
1.1045e+01
1.1025e+01
1.0997e+01
1.0970e+01
1.0942e+01
1.0921e+01
1.0892e+01
1.0873e+01
1.0852e+01
1.0834e+01
1.0811e+01
1.0784e+01
1.0763e+01
1.0739e+01
1.0716e+01
1.0688e+01
1.0669e+01
1.0652e+01
1.0629e+01
1.0607e+01
1.0585e+01
1.0560e+01
1.0544e+01
1.0510e+01
1.0495e+01
1.0473e+01
1.0460e+01
1.0428e+01
1.0418e+01
1.0395e+01
1.0375e+01
1.0354e+01
1.0336e+01
1.0309e+01
1.0289e+01
1.0261e+01
1.0237e+01
1.0219e+01
1.0202e+01
1.0174e+01
1.0150e+01
1.0131e+01
1.0103e+01
1.0082e+01
1.0066e+01
1.0041e+01
1.0024e+01
1.0001e+01
9.9732e+00
9.9600e+00
9.9380e+00
9.9086e+00
9.8895e+00
9.8712e+00
9.8411e+00
9.8132e+00
9.7933e+00
9.7742e+00
9.7426e+00
9.7227e+00
9.6984e+00
9.6830e+00
9.6594e+00
9.6395e+00
9.6182e+00
9.6027e+00
9.5799e+00
9.5629e+00
9.5393e+00
9.5260e+00
9.5046e+00
9.4891e+00
9.4729e+00
9.4463e+00
9.4293e+00
9.4050e+00
9.3806e+00
9.3555e+00
9.3385e+00
9.3185e+00
9.3022e+00
9.2778e+00
9.2593e+00
9.2445e+00
9.2252e+00
9.2075e+00
9.1897e+00
9.1697e+00
9.1489e+00
9.1252e+00
9.1059e+00
9.0866e+00
9.0674e+00
9.0518e+00
9.0362e+00
9.0169e+00
9.0020e+00
8.9820e+00
8.9619e+00
8.9500e+00
8.9285e+00
8.9084e+00
8.8995e+00
8.8809e+00
8.8682e+00
8.8474e+00
8.8310e+00
8.8124e+00
8.7990e+00
8.7789e+00
8.7596e+00
8.7439e+00
8.7290e+00
8.7141e+00
8.7029e+00
8.6828e+00
8.6641e+00
8.6440e+00
8.6231e+00
8.6142e+00
8.5918e+00
8.5821e+00
8.5559e+00
8.5365e+00
8.5193e+00
8.5051e+00
8.4872e+00
8.4752e+00
8.4632e+00
8.4558e+00
8.4408e+00
8.4191e+00
8.4101e+00
8.3922e+00
8.3809e+00
8.3675e+00
8.3532e+00
8.3323e+00
8.3293e+00
8.3083e+00
8.2970e+00
8.2880e+00
8.2738e+00
8.2596e+00
8.2513e+00
8.2348e+00
8.2311e+00
8.2236e+00
8.2108e+00
8.1988e+00
8.1860e+00
8.1890e+00
8.1748e+00
8.1598e+00
8.1530e+00
8.1372e+00
8.1102e+00
8.0967e+00
8.0914e+00
8.0756e+00
8.0599e+00
8.0418e+00
8.0320e+00
8.0223e+00
8.0050e+00
7.9907e+00
7.9726e+00
7.9628e+00
7.9493e+00
7.9357e+00
7.9199e+00
7.8996e+00
7.8890e+00
7.8785e+00
7.8687e+00
7.8498e+00
7.8438e+00
7.8332e+00
7.8152e+00
7.8076e+00
7.7971e+00
7.7820e+00
7.7661e+00
7.7525e+00
7.7450e+00
7.7397e+00
7.7246e+00
7.7088e+00
7.6989e+00
7.6891e+00
7.6763e+00
7.6672e+00
7.6513e+00
7.6347e+00
7.6188e+00
7.6052e+00
7.5916e+00
7.5765e+00
7.5568e+00
7.5477e+00
7.5334e+00
7.5235e+00
7.5076e+00
7.5001e+00
7.4887e+00
7.4743e+00
7.4705e+00
7.4584e+00
7.4470e+00
7.4357e+00
7.4266e+00
7.4129e+00
7.4046e+00
7.3955e+00
7.3834e+00
7.3636e+00
7.3614e+00
7.3523e+00
7.3394e+00
7.3325e+00
7.3212e+00
7.3037e+00
7.2908e+00
7.2756e+00
7.2733e+00
7.2619e+00
7.2581e+00
7.2483e+00
7.2422e+00
7.2255e+00
7.2186e+00
7.2042e+00
7.1989e+00
7.1776e+00
7.1707e+00
7.1571e+00
7.1479e+00
7.1380e+00
7.1259e+00
7.1114e+00
7.1038e+00
7.0970e+00
7.0947e+00
7.0794e+00
7.0749e+00
7.0612e+00
7.0596e+00
7.0528e+00
7.0482e+00
7.0376e+00
7.0330e+00
7.0231e+00
7.0223e+00
7.0117e+00
7.0018e+00
6.9926e+00
6.9918e+00
6.9835e+00
6.9766e+00
6.9675e+00
6.9652e+00
6.9636e+00
6.9575e+00
6.9507e+00
6.9400e+00
6.9331e+00
6.9286e+00
6.9232e+00
6.9156e+00
6.9072e+00
6.9049e+00
6.8927e+00
6.8881e+00
6.8820e+00
6.8797e+00
6.8660e+00
6.8683e+00
6.8584e+00
6.8469e+00
6.8423e+00
6.8431e+00
6.8255e+00
6.8324e+00
6.8209e+00
6.8248e+00
6.8133e+00
6.8110e+00
6.8041e+00
6.8049e+00
6.7934e+00
6.7996e+00
6.7996e+00
6.7889e+00
6.7873e+00
6.7904e+00
6.7873e+00
6.7835e+00
6.7774e+00
6.7843e+00
6.7812e+00
6.7881e+00
6.7797e+00
6.7873e+00
6.7881e+00
6.7873e+00
6.7866e+00
6.7889e+00
6.7850e+00
6.7980e+00
6.7957e+00
6.8003e+00
6.8026e+00
6.8026e+00
6.8018e+00
6.8103e+00
6.8103e+00
6.8156e+00
6.8148e+00
6.8248e+00
6.8232e+00
6.8301e+00
6.8385e+00
6.8431e+00
6.8469e+00
6.8584e+00
6.8652e+00
6.8675e+00
6.8736e+00
6.8790e+00
6.8828e+00
6.8950e+00
6.9026e+00
6.9087e+00
6.9103e+00
6.9179e+00
6.9232e+00
6.9316e+00
6.9392e+00
6.9431e+00
6.9492e+00
6.9583e+00
6.9553e+00
6.9575e+00
6.9697e+00
6.9766e+00
6.9736e+00
6.9713e+00
6.9728e+00
6.9858e+00
6.9873e+00
6.9819e+00
6.9766e+00
6.9880e+00
6.9850e+00
6.9766e+00
6.9766e+00
6.9728e+00
6.9690e+00
6.9675e+00
6.9644e+00
6.9514e+00
6.9385e+00
6.9408e+00
6.9377e+00
6.9324e+00
6.9301e+00
6.9293e+00
6.9248e+00
6.9194e+00
6.9095e+00
6.8965e+00
6.8942e+00
6.8958e+00
6.8889e+00
6.8752e+00
6.8690e+00
6.8652e+00
6.8553e+00
6.8507e+00
6.8454e+00
6.8431e+00
6.8377e+00
6.8393e+00
6.8324e+00
6.8255e+00
6.8209e+00
6.8156e+00
6.8187e+00
6.8286e+00
6.8225e+00
6.8164e+00
6.8110e+00
6.8095e+00
6.8080e+00
6.8080e+00
6.8049e+00
6.8057e+00
6.7973e+00
6.7988e+00
6.7942e+00
6.7942e+00
6.7950e+00
6.7996e+00
6.7927e+00
6.7950e+00
6.7973e+00
6.7896e+00
6.7889e+00
6.7965e+00
6.7912e+00
6.7873e+00
6.7850e+00
6.7850e+00
6.7782e+00
6.7858e+00
6.7850e+00
6.7805e+00
6.7659e+00
6.7659e+00
6.7636e+00
6.7591e+00
6.7598e+00
6.7545e+00
6.7529e+00
6.7438e+00
6.7407e+00
6.7323e+00
6.7262e+00
6.7185e+00
6.7147e+00
6.7109e+00
6.7025e+00
6.7017e+00
6.6895e+00
6.6795e+00
6.6787e+00
6.6665e+00
6.6611e+00
6.6573e+00
6.6474e+00
6.6328e+00
6.6259e+00
6.6190e+00
6.6060e+00
6.5999e+00
6.5922e+00
6.5823e+00
6.5716e+00
6.5639e+00
6.5570e+00
6.5470e+00
6.5478e+00
6.5417e+00
6.5340e+00
6.5217e+00
6.5148e+00
6.4980e+00
6.4888e+00
6.4780e+00
6.4611e+00
6.4450e+00
6.4412e+00
6.4358e+00
6.4281e+00
6.4197e+00
6.4074e+00
6.3951e+00
6.3874e+00
6.3744e+00
6.3644e+00
6.3529e+00
6.3398e+00
6.3252e+00
6.3121e+00
6.2906e+00
6.2852e+00
6.2729e+00
6.2545e+00
6.2406e+00
6.2298e+00
6.2144e+00
6.2060e+00
6.1975e+00
6.1883e+00
6.1736e+00
6.1644e+00
6.1536e+00
6.1482e+00
6.1343e+00
6.1205e+00
6.1105e+00
6.1004e+00
6.0896e+00
6.0804e+00
6.0619e+00
6.0580e+00
6.0480e+00
6.0403e+00
6.0341e+00
6.0210e+00
6.0056e+00
5.9955e+00
5.9870e+00
5.9793e+00
5.9639e+00
5.9646e+00
5.9523e+00
5.9376e+00
5.9237e+00
5.9160e+00
5.9067e+00
5.8882e+00
5.8820e+00
5.8712e+00
5.8557e+00
5.8395e+00
5.8302e+00
5.8255e+00
5.8116e+00
5.7992e+00
5.7977e+00
5.7892e+00
5.7768e+00
5.7690e+00
5.7667e+00
5.7605e+00
5.7551e+00
5.7481e+00
5.7481e+00
5.7419e+00
5.7443e+00
5.7443e+00
5.7481e+00
5.7458e+00
5.7466e+00
5.7396e+00
5.7450e+00
5.7559e+00
5.7629e+00
5.7714e+00
5.7861e+00
5.7946e+00
5.8085e+00
5.8248e+00
5.8487e+00
5.8743e+00
5.8974e+00
5.9206e+00
5.9415e+00
5.9701e+00
6.0002e+00
6.0357e+00
6.0642e+00
6.1012e+00
6.1305e+00
6.1659e+00
6.1937e+00
6.2414e+00
6.2791e+00
6.3306e+00
6.3621e+00
6.4189e+00
6.4588e+00
6.5179e+00
6.5532e+00
6.6083e+00
6.6443e+00
6.7078e+00
6.7506e+00
6.8049e+00
6.8469e+00
6.9072e+00
6.9484e+00
7.0155e+00
7.0657e+00
7.1274e+00
7.1783e+00
7.2353e+00
7.2802e+00
7.3363e+00
7.3856e+00
7.4395e+00
7.4819e+00
7.5485e+00
7.5969e+00
7.6453e+00
7.6838e+00
7.7389e+00
7.7691e+00
7.8174e+00
7.8476e+00
7.8883e+00
7.9207e+00
7.9591e+00
7.9899e+00
8.0343e+00
8.0606e+00
8.0929e+00
8.1230e+00
8.1658e+00
8.2003e+00
8.2348e+00
8.2656e+00
8.2933e+00
8.3135e+00
8.3435e+00
8.3690e+00
8.3959e+00
8.4184e+00
8.4453e+00
8.4580e+00
8.4834e+00
8.4924e+00
8.5275e+00
8.5425e+00
8.5664e+00
8.5821e+00
8.6052e+00
8.6201e+00
8.6433e+00
8.6530e+00
8.6761e+00
8.6843e+00
8.7163e+00
8.7342e+00
8.7551e+00
8.7685e+00
8.7908e+00
8.8139e+00
8.8415e+00
8.8593e+00
8.8913e+00
8.9181e+00
8.9515e+00
8.9798e+00
9.0087e+00
9.0429e+00
9.0733e+00
9.1163e+00
9.1556e+00
9.2097e+00
9.2371e+00
9.2904e+00
9.3392e+00
9.4005e+00
9.4375e+00
9.5024e+00
9.5459e+00
9.6226e+00
9.6778e+00
9.7720e+00
9.8146e+00
9.9050e+00
9.9629e+00
1.0054e+01
1.0115e+01
1.0196e+01
1.0256e+01
1.0348e+01
1.0417e+01
1.0515e+01
1.0592e+01
1.0694e+01
1.0769e+01
1.0866e+01
1.0943e+01
1.1038e+01
1.1109e+01
1.1201e+01
1.1267e+01
1.1350e+01
1.1417e+01
1.1495e+01
1.1567e+01
1.1659e+01
1.1727e+01
1.1809e+01
1.1866e+01
1.1943e+01
1.1989e+01
1.2041e+01
1.2078e+01
1.2137e+01
1.2185e+01
1.2243e+01
1.2280e+01
1.2330e+01
1.2380e+01
1.2424e+01
1.2463e+01
1.2495e+01
1.2540e+01
1.2565e+01
1.2586e+01
1.2619e+01
1.2638e+01
1.2663e+01
1.2684e+01
1.2705e+01
1.2718e+01
1.2730e+01
1.2734e+01
1.2751e+01
1.2767e+01
1.2767e+01
1.2779e+01
1.2781e+01
1.2776e+01
1.2776e+01
1.2767e+01
1.2766e+01
1.2757e+01
1.2751e+01
1.2750e+01
1.2745e+01
1.2732e+01
1.2726e+01
1.2727e+01
1.2721e+01
1.2708e+01
1.2697e+01
1.2682e+01
1.2672e+01
1.2663e+01
1.2655e+01
1.2643e+01
1.2628e+01
1.2619e+01
1.2615e+01
1.2599e+01
1.2587e+01
1.2573e+01
1.2560e+01
1.2549e+01
1.2531e+01
1.2512e+01
1.2494e+01
1.2485e+01
1.2469e+01
1.2459e+01
1.2445e+01
1.2429e+01
1.2409e+01
1.2392e+01
1.2377e+01
1.2368e+01
1.2352e+01
1.2334e+01
1.2316e+01
1.2291e+01
1.2267e+01
1.2242e+01
1.2222e+01
1.2198e+01
1.2172e+01
1.2155e+01
1.2138e+01
1.2122e+01
1.2101e+01
1.2080e+01
1.2052e+01
1.2032e+01
1.2004e+01
1.1981e+01
1.1958e+01
1.1938e+01
1.1918e+01
1.1898e+01
1.1873e+01
1.1855e+01
1.1831e+01
1.1809e+01
1.1788e+01
1.1764e+01
1.1738e+01
1.1715e+01
1.1692e+01
1.1670e+01
1.1644e+01
1.1625e+01
1.1601e+01
1.1574e+01
1.1560e+01
1.1537e+01
1.1511e+01
1.1493e+01
1.1480e+01
1.1455e+01
1.1427e+01
1.1409e+01
1.1380e+01
1.1362e+01
1.1342e+01
1.1319e+01
1.1288e+01
1.1264e+01
1.1246e+01
1.1226e+01
1.1202e+01
1.1187e+01
1.1170e+01
1.1140e+01
1.1126e+01
1.1112e+01
1.1098e+01
1.1083e+01
1.1073e+01
1.1057e+01
1.1039e+01
1.1023e+01
1.1008e+01
1.1000e+01
1.0981e+01
1.0968e+01
1.0955e+01
1.0944e+01
1.0931e+01
1.0921e+01
1.0907e+01
1.0897e+01
1.0889e+01
1.0880e+01
1.0873e+01
1.0865e+01
1.0848e+01
1.0838e+01
1.0823e+01
1.0810e+01
1.0802e+01
1.0792e+01
1.0792e+01
1.0759e+01
1.0749e+01
1.0742e+01
1.0733e+01
1.0728e+01
1.0712e+01
1.0695e+01
1.0688e+01
1.0678e+01
1.0665e+01
1.0649e+01
1.0643e+01
1.0629e+01
1.0604e+01
1.0588e+01
1.0582e+01
1.0567e+01
1.0551e+01
1.0539e+01
1.0525e+01
1.0511e+01
1.0496e+01
1.0481e+01
1.0475e+01
1.0458e+01
1.0444e+01
1.0433e+01
1.0417e+01
1.0408e+01
1.0391e+01
1.0381e+01
1.0375e+01
1.0365e+01
1.0354e+01
1.0356e+01
1.0339e+01
1.0321e+01
1.0305e+01
1.0294e+01
1.0277e+01
1.0262e+01
1.0246e+01
1.0231e+01
1.0223e+01
1.0214e+01
1.0202e+01
1.0186e+01
1.0173e+01
1.0153e+01
1.0142e+01
1.0127e+01
1.0119e+01
1.0098e+01
1.0090e+01
1.0080e+01
1.0066e+01
1.0057e+01
1.0044e+01
1.0030e+01
1.0019e+01
1.0011e+01
9.9959e+00
9.9805e+00
9.9717e+00
9.9644e+00
9.9512e+00
9.9380e+00
9.9372e+00
9.9306e+00
9.9167e+00
9.9123e+00
9.8976e+00
9.8873e+00
9.8756e+00
9.8697e+00
9.8536e+00
9.8462e+00
9.8330e+00
9.8264e+00
9.8176e+00
9.8095e+00
9.7948e+00
9.7845e+00
9.7823e+00
9.7771e+00
9.7779e+00
9.7683e+00
9.7617e+00
9.7580e+00
9.7558e+00
9.7521e+00
9.7566e+00
9.7418e+00
9.7470e+00
9.7418e+00
9.7477e+00
9.7492e+00
9.7654e+00
9.7646e+00
9.7771e+00
9.7771e+00
9.7823e+00
9.7874e+00
9.8043e+00
9.8102e+00
9.8234e+00
9.8337e+00
9.8506e+00
9.8543e+00
9.8690e+00
9.8727e+00
9.9028e+00
9.9072e+00
9.9277e+00
9.9306e+00
9.9460e+00
9.9629e+00
9.9710e+00
9.9783e+00
9.9922e+00
1.0005e+01
1.0021e+01
1.0033e+01
1.0044e+01
1.0050e+01
1.0055e+01
1.0066e+01
1.0075e+01
1.0082e+01
1.0087e+01
1.0093e+01
1.0101e+01
1.0115e+01
1.0119e+01
1.0119e+01
1.0126e+01
1.0132e+01
1.0140e+01
1.0145e+01
1.0147e+01
1.0145e+01
1.0150e+01
1.0147e+01
1.0159e+01
1.0158e+01
1.0167e+01
1.0173e+01
1.0175e+01
1.0178e+01
1.0170e+01
1.0169e+01
1.0172e+01
1.0176e+01
1.0175e+01
1.0170e+01
1.0156e+01
1.0148e+01
1.0140e+01
1.0135e+01
1.0128e+01
1.0126e+01
1.0115e+01
1.0109e+01
1.0109e+01
1.0096e+01
1.0087e+01
1.0078e+01
1.0074e+01
1.0072e+01
1.0057e+01
1.0047e+01
1.0033e+01
1.0031e+01
1.0011e+01
1.0004e+01
9.9974e+00
9.9893e+00
9.9783e+00
9.9702e+00
9.9629e+00
9.9534e+00
9.9380e+00
9.9328e+00
9.9174e+00
9.9086e+00
9.8954e+00
9.8895e+00
9.8778e+00
9.8690e+00
9.8609e+00
9.8506e+00
9.8352e+00
9.8293e+00
9.8234e+00
9.8176e+00
9.8168e+00
9.8051e+00
9.7999e+00
9.7948e+00
9.7838e+00
9.7786e+00
9.7896e+00
9.7896e+00
9.7926e+00
9.7911e+00
9.8029e+00
9.8110e+00
9.8183e+00
9.8293e+00
9.8462e+00
9.8572e+00
9.8771e+00
9.8976e+00
9.9277e+00
9.9453e+00
9.9739e+00
9.9944e+00
1.0027e+01
1.0059e+01
1.0092e+01
1.0128e+01
1.0165e+01
1.0193e+01
1.0232e+01
1.0262e+01
1.0303e+01
1.0346e+01
1.0383e+01
1.0421e+01
1.0456e+01
1.0505e+01
1.0545e+01
1.0594e+01
1.0632e+01
1.0683e+01
1.0718e+01
1.0771e+01
1.0795e+01
1.0840e+01
1.0876e+01
1.0916e+01
1.0943e+01
1.0976e+01
1.0997e+01
1.1037e+01
1.1066e+01
1.1106e+01
1.1122e+01
1.1160e+01
1.1177e+01
1.1211e+01
1.1228e+01
1.1252e+01
1.1278e+01
1.1306e+01
1.1328e+01
1.1352e+01
1.1377e+01
1.1406e+01
1.1432e+01
1.1462e+01
1.1490e+01
1.1523e+01
1.1553e+01
1.1591e+01
1.1638e+01
1.1677e+01
1.1722e+01
1.1755e+01
1.1813e+01
1.1858e+01
1.1913e+01
1.1954e+01
1.2009e+01
1.2060e+01
1.2126e+01
1.2178e+01
1.2246e+01
1.2298e+01
1.2359e+01
1.2412e+01
1.2474e+01
1.2528e+01
1.2595e+01
1.2653e+01
1.2720e+01
1.2779e+01
1.2842e+01
1.2892e+01
1.2963e+01
1.3023e+01
1.3083e+01
1.3136e+01
1.3196e+01
1.3251e+01
1.3298e+01
1.3335e+01
1.3387e+01
1.3441e+01
1.3491e+01
1.3532e+01
1.3579e+01
1.3616e+01
1.3654e+01
1.3694e+01
1.3734e+01
1.3766e+01
1.3795e+01
1.3830e+01
1.3860e+01
1.3886e+01
1.3912e+01
1.3937e+01
1.3963e+01
1.3985e+01
1.4012e+01
1.4029e+01
1.4050e+01
1.4065e+01
1.4075e+01
1.4081e+01
1.4085e+01
1.4100e+01
1.4104e+01
1.4100e+01
1.4107e+01
1.4101e+01
1.4093e+01
1.4091e+01
1.4082e+01
1.4080e+01
1.4075e+01
1.4071e+01
1.4058e+01
1.4051e+01
1.4032e+01
1.4029e+01
1.4022e+01
1.4014e+01
1.4000e+01
1.3980e+01
1.3962e+01
1.3948e+01
1.3924e+01
1.3908e+01
1.3888e+01
1.3865e+01
1.3838e+01
1.3821e+01
1.3805e+01
1.3779e+01
1.3759e+01
1.3736e+01
1.3703e+01
1.3678e+01
1.3661e+01
1.3634e+01
1.3612e+01
1.3581e+01
1.3555e+01
1.3527e+01
1.3494e+01
1.3469e+01
1.3441e+01
1.3408e+01
1.3384e+01
1.3360e+01
1.3338e+01
1.3313e+01
1.3288e+01
1.3262e+01
1.3236e+01
1.3214e+01
1.3184e+01
1.3163e+01
1.3131e+01
1.3111e+01
1.3083e+01
1.3065e+01
1.3028e+01
1.3011e+01
1.2987e+01
1.2957e+01
1.2935e+01
1.2920e+01
1.2895e+01
1.2867e+01
1.2859e+01
1.2836e+01
1.2817e+01
1.2807e+01
1.2787e+01
1.2775e+01
1.2764e+01
1.2755e+01
1.2747e+01
1.2736e+01
1.2734e+01
1.2725e+01
1.2730e+01
1.2721e+01
1.2730e+01
1.2726e+01
1.2740e+01
1.2743e+01
1.2771e+01
1.2783e+01
1.2822e+01
1.2834e+01
1.2878e+01
1.2914e+01
1.2980e+01
1.3017e+01
1.3092e+01
1.3149e+01
1.3241e+01
1.3297e+01
1.3410e+01
1.3488e+01
1.3599e+01
1.3684e+01
1.3815e+01
1.3934e+01
1.4064e+01
1.4177e+01
1.4319e+01
1.4445e+01
1.4588e+01
1.4716e+01
1.4866e+01
1.5009e+01
1.5164e+01
1.5296e+01
1.5456e+01
1.5603e+01
1.5754e+01
1.5897e+01
1.6038e+01
1.6188e+01
1.6318e+01
1.6463e+01
1.6605e+01
1.6738e+01
1.6874e+01
1.6987e+01
1.7123e+01
1.7236e+01
1.7357e+01
1.7468e+01
1.7568e+01
1.7679e+01
1.7780e+01
1.7882e+01
1.7963e+01
1.8099e+01
1.8162e+01
1.8279e+01
1.8343e+01
1.8439e+01
1.8507e+01
1.8580e+01
1.8639e+01
1.8700e+01
1.8749e+01
1.8791e+01
1.8842e+01
1.8870e+01
1.8915e+01
1.8953e+01
1.8991e+01
1.9011e+01
1.9024e+01
1.9052e+01
1.9075e+01
