1.3692e+01
1.3675e+01
1.3645e+01
1.3627e+01
1.3614e+01
1.3595e+01
1.3566e+01
1.3547e+01
1.3528e+01
1.3504e+01
1.3485e+01
1.3468e+01
1.3460e+01
1.3426e+01
1.3410e+01
1.3394e+01
1.3377e+01
1.3368e+01
1.3344e+01
1.3325e+01
1.3301e+01
1.3277e+01
1.3264e+01
1.3250e+01
1.3230e+01
1.3213e+01
1.3198e+01
1.3173e+01
1.3159e+01
1.3146e+01
1.3122e+01
1.3115e+01
1.3091e+01
1.3076e+01
1.3055e+01
1.3050e+01
1.3033e+01
1.3021e+01
1.3007e+01
1.2991e+01
1.2965e+01
1.2946e+01
1.2937e+01
1.2930e+01
1.2908e+01
1.2889e+01
1.2872e+01
1.2861e+01
1.2844e+01
1.2834e+01
1.2816e+01
1.2801e+01
1.2786e+01
1.2775e+01
1.2762e+01
1.2748e+01
1.2723e+01
1.2719e+01
1.2702e+01
1.2683e+01
1.2671e+01
1.2664e+01
1.2651e+01
1.2640e+01
1.2612e+01
1.2599e+01
1.2583e+01
1.2565e+01
1.2558e+01
1.2549e+01
1.2534e+01
1.2520e+01
1.2505e+01
1.2500e+01
1.2486e+01
1.2468e+01
1.2453e+01
1.2444e+01
1.2443e+01
1.2419e+01
1.2406e+01
1.2388e+01
1.2381e+01
1.2364e+01
1.2363e+01
1.2354e+01
1.2339e+01
1.2338e+01
1.2321e+01
1.2309e+01
1.2301e+01
1.2289e+01
1.2270e+01
1.2260e+01
1.2248e+01
1.2230e+01
1.2234e+01
1.2208e+01
1.2202e+01
1.2195e+01
1.2185e+01
1.2172e+01
1.2168e+01
1.2144e+01
1.2154e+01
1.2132e+01
1.2121e+01
1.2111e+01
1.2102e+01
1.2093e+01
1.2079e+01
1.2065e+01
1.2064e+01
1.2051e+01
1.2052e+01
1.2029e+01
1.2022e+01
1.2017e+01
1.2002e+01
1.1985e+01
1.1987e+01
1.1966e+01
1.1963e+01
1.1953e+01
1.1942e+01
1.1931e+01
1.1919e+01
1.1915e+01
1.1911e+01
1.1900e+01
1.1870e+01
1.1873e+01
1.1861e+01
1.1840e+01
1.1840e+01
1.1828e+01
1.1819e+01
1.1818e+01
1.1808e+01
1.1794e+01
1.1791e+01
1.1778e+01
1.1770e+01
1.1775e+01
1.1770e+01
1.1770e+01
1.1766e+01
1.1765e+01
1.1764e+01
1.1771e+01
1.1777e+01
1.1774e+01
1.1781e+01
1.1794e+01
1.1802e+01
1.1795e+01
1.1796e+01
1.1800e+01
1.1820e+01
1.1834e+01
1.1849e+01
1.1851e+01
1.1860e+01
1.1874e+01
1.1901e+01
1.1912e+01
1.1919e+01
1.1943e+01
1.1956e+01
1.1956e+01
1.1969e+01
1.1974e+01
1.1989e+01
1.1995e+01
1.2012e+01
1.2017e+01
1.2015e+01
1.2016e+01
1.2029e+01
1.2034e+01
1.2036e+01
1.2052e+01
1.2044e+01
1.2054e+01
1.2047e+01
1.2056e+01
1.2039e+01
1.2047e+01
1.2044e+01
1.2048e+01
1.2036e+01
1.2041e+01
1.2042e+01
1.2031e+01
1.2027e+01
1.2026e+01
1.2015e+01
1.2013e+01
1.2008e+01
1.1998e+01
1.1994e+01
1.1987e+01
1.1975e+01
1.1970e+01
1.1963e+01
1.1950e+01
1.1941e+01
1.1932e+01
1.1920e+01
1.1907e+01
1.1897e+01
1.1889e+01
1.1874e+01
1.1861e+01
1.1855e+01
1.1846e+01
1.1838e+01
1.1831e+01
1.1811e+01
1.1822e+01
1.1839e+01
1.1848e+01
1.1859e+01
1.1874e+01
1.1894e+01
1.1919e+01
1.1944e+01
1.1986e+01
1.2035e+01
1.2084e+01
1.2144e+01
1.2211e+01
1.2279e+01
1.2343e+01
1.2425e+01
1.2483e+01
1.2567e+01
1.2630e+01
1.2717e+01
1.2782e+01
1.2866e+01
1.2926e+01
1.3027e+01
1.3085e+01
1.3155e+01
1.3211e+01
1.3280e+01
1.3347e+01
1.3414e+01
1.3457e+01
1.3525e+01
1.3577e+01
1.3630e+01
1.3681e+01
1.3711e+01
1.3763e+01
1.3793e+01
1.3828e+01
1.3850e+01
1.3890e+01
1.3922e+01
1.3927e+01
1.3952e+01
1.3971e+01
1.3981e+01
1.3994e+01
1.4003e+01
1.4006e+01
1.4035e+01
1.4032e+01
1.4017e+01
1.4020e+01
1.4025e+01
1.4009e+01
1.3997e+01
1.4002e+01
1.3988e+01
1.3977e+01
1.3966e+01
1.3944e+01
1.3928e+01
1.3909e+01
1.3912e+01
1.3888e+01
1.3857e+01
1.3833e+01
1.3812e+01
1.3777e+01
1.3746e+01
1.3717e+01
1.3698e+01
1.3663e+01
1.3616e+01
1.3595e+01
1.3545e+01
1.3504e+01
1.3474e+01
1.3447e+01
1.3408e+01
1.3372e+01
1.3333e+01
1.3293e+01
1.3259e+01
1.3219e+01
1.3197e+01
1.3148e+01
1.3117e+01
1.3086e+01
1.3043e+01
1.3004e+01
1.2972e+01
1.2930e+01
1.2891e+01
1.2870e+01
1.2835e+01
1.2802e+01
1.2763e+01
1.2736e+01
1.2708e+01
1.2686e+01
1.2645e+01
1.2624e+01
1.2588e+01
1.2550e+01
1.2527e+01
1.2504e+01
1.2470e+01
1.2442e+01
1.2419e+01
1.2387e+01
1.2362e+01
1.2340e+01
1.2303e+01
1.2279e+01
1.2250e+01
1.2230e+01
1.2197e+01
1.2179e+01
1.2156e+01
1.2126e+01
1.2093e+01
1.2072e+01
1.2049e+01
1.2031e+01
1.2011e+01
1.1988e+01
1.1967e+01
1.1951e+01
1.1928e+01
1.1914e+01
1.1885e+01
1.1865e+01
1.1847e+01
1.1831e+01
1.1804e+01
1.1793e+01
1.1775e+01
1.1763e+01
1.1744e+01
1.1743e+01
1.1728e+01
1.1710e+01
1.1711e+01
1.1703e+01
1.1707e+01
1.1713e+01
1.1718e+01
1.1725e+01
1.1744e+01
1.1761e+01
1.1792e+01
1.1813e+01
1.1859e+01
1.1900e+01
1.1948e+01
1.1999e+01
1.2061e+01
1.2121e+01
1.2190e+01
1.2255e+01
1.2332e+01
1.2393e+01
1.2471e+01
1.2533e+01
1.2616e+01
1.2702e+01
1.2784e+01
1.2872e+01
1.2934e+01
1.3008e+01
1.3091e+01
1.3165e+01
1.3237e+01
1.3308e+01
1.3380e+01
1.3458e+01
1.3527e+01
1.3580e+01
1.3658e+01
1.3710e+01
1.3769e+01
1.3822e+01
1.3893e+01
1.3946e+01
1.3995e+01
1.4042e+01
1.4106e+01
1.4133e+01
1.4172e+01
1.4220e+01
1.4255e+01
1.4285e+01
1.4309e+01
1.4348e+01
1.4368e+01
1.4387e+01
1.4409e+01
1.4425e+01
1.4434e+01
1.4442e+01
1.4454e+01
1.4464e+01
1.4473e+01
1.4457e+01
1.4460e+01
1.4450e+01
1.4450e+01
1.4436e+01
1.4437e+01
1.4403e+01
1.4384e+01
1.4362e+01
1.4343e+01
1.4318e+01
1.4305e+01
1.4276e+01
1.4250e+01
1.4218e+01
1.4195e+01
1.4152e+01
1.4139e+01
1.4085e+01
1.4055e+01
1.4021e+01
1.4003e+01
1.3953e+01
1.3925e+01
1.3879e+01
1.3856e+01
1.3809e+01
1.3784e+01
1.3737e+01
1.3697e+01
1.3654e+01
1.3636e+01
1.3588e+01
1.3556e+01
1.3511e+01
1.3463e+01
1.3441e+01
1.3407e+01
1.3351e+01
1.3316e+01
1.3278e+01
1.3235e+01
1.3207e+01
1.3172e+01
1.3138e+01
1.3091e+01
1.3059e+01
1.3017e+01
1.2987e+01
1.2942e+01
1.2911e+01
1.2875e+01
1.2842e+01
1.2816e+01
1.2785e+01
1.2753e+01
1.2718e+01
1.2693e+01
1.2657e+01
1.2638e+01
1.2609e+01
1.2574e+01
1.2537e+01
1.2519e+01
1.2502e+01
1.2472e+01
1.2452e+01
1.2405e+01
1.2380e+01
1.2357e+01
1.2334e+01
1.2313e+01
1.2280e+01
1.2257e+01
1.2241e+01
1.2226e+01
1.2197e+01
1.2176e+01
1.2175e+01
1.2165e+01
1.2169e+01
1.2175e+01
1.2172e+01
1.2193e+01
1.2200e+01
1.2238e+01
1.2277e+01
1.2327e+01
1.2379e+01
1.2449e+01
1.2513e+01
1.2586e+01
1.2679e+01
1.2771e+01
1.2870e+01
1.2965e+01
1.3073e+01
1.3180e+01
1.3279e+01
1.3398e+01
1.3498e+01
1.3612e+01
1.3707e+01
1.3814e+01
1.3910e+01
1.4004e+01
1.4104e+01
1.4191e+01
1.4286e+01
1.4374e+01
1.4450e+01
1.4529e+01
1.4596e+01
1.4664e+01
1.4730e+01
1.4785e+01
1.4826e+01
1.4889e+01
1.4921e+01
1.4957e+01
1.5003e+01
1.5030e+01
1.5058e+01
1.5097e+01
1.5102e+01
1.5136e+01
1.5143e+01
1.5160e+01
1.5175e+01
1.5193e+01
1.5191e+01
1.5196e+01
1.5183e+01
1.5204e+01
1.5191e+01
1.5192e+01
1.5163e+01
1.5171e+01
1.5159e+01
1.5157e+01
1.5125e+01
1.5107e+01
1.5076e+01
1.5070e+01
1.5037e+01
1.5011e+01
1.4963e+01
1.4950e+01
1.4929e+01
1.4892e+01
1.4869e+01
1.4842e+01
1.4816e+01
1.4798e+01
1.4758e+01
1.4736e+01
1.4717e+01
1.4714e+01
1.4709e+01
1.4698e+01
1.4715e+01
1.4705e+01
1.4715e+01
1.4734e+01
1.4738e+01
1.4769e+01
1.4785e+01
1.4835e+01
1.4860e+01
1.4922e+01
1.4938e+01
1.4997e+01
1.5024e+01
1.5092e+01
1.5087e+01
1.5175e+01
1.5178e+01
1.5250e+01
1.5236e+01
1.5308e+01
1.5331e+01
1.5373e+01
1.5366e+01
1.5429e+01
1.5423e+01
1.5468e+01
1.5455e+01
1.5497e+01
1.5484e+01
1.5517e+01
1.5502e+01
1.5533e+01
1.5504e+01
1.5540e+01
1.5522e+01
1.5548e+01
1.5505e+01
1.5518e+01
1.5476e+01
1.5468e+01
1.5460e+01
1.5458e+01
1.5414e+01
1.5404e+01
1.5370e+01
1.5343e+01
1.5327e+01
1.5308e+01
1.5262e+01
1.5247e+01
1.5204e+01
1.5171e+01
1.5141e+01
1.5096e+01
1.5073e+01
1.5035e+01
1.4986e+01
1.4940e+01
1.4901e+01
1.4849e+01
1.4828e+01
1.4765e+01
1.4733e+01
1.4670e+01
1.4634e+01
1.4572e+01
1.4528e+01
1.4465e+01
1.4443e+01
1.4381e+01
1.4350e+01
1.4290e+01
1.4251e+01
1.4182e+01
1.4163e+01
1.4070e+01
1.4041e+01
1.3967e+01
1.3942e+01
1.3858e+01
1.3834e+01
1.3763e+01
1.3740e+01
1.3679e+01
1.3647e+01
1.3584e+01
1.3546e+01
1.3482e+01
1.3455e+01
1.3386e+01
1.3371e+01
1.3314e+01
1.3298e+01
1.3225e+01
1.3216e+01
1.3158e+01
1.3139e+01
1.3087e+01
1.3068e+01
1.3026e+01
1.3000e+01
1.2950e+01
1.2938e+01
1.2887e+01
1.2864e+01
1.2817e+01
1.2804e+01
1.2757e+01
1.2742e+01
1.2703e+01
1.2685e+01
1.2648e+01
1.2621e+01
1.2595e+01
1.2577e+01
1.2521e+01
1.2510e+01
1.2473e+01
1.2440e+01
1.2400e+01
1.2381e+01
1.2338e+01
1.2335e+01
1.2293e+01
1.2277e+01
1.2235e+01
1.2211e+01
1.2169e+01
1.2156e+01
1.2124e+01
1.2110e+01
1.2074e+01
1.2055e+01
1.2018e+01
1.2019e+01
1.1976e+01
1.1951e+01
1.1919e+01
1.1903e+01
1.1879e+01
1.1861e+01
1.1832e+01
1.1802e+01
1.1788e+01
1.1764e+01
1.1739e+01
1.1714e+01
1.1692e+01
1.1673e+01
1.1655e+01
1.1647e+01
1.1607e+01
1.1594e+01
1.1579e+01
1.1563e+01
1.1532e+01
1.1517e+01
1.1489e+01
1.1475e+01
1.1452e+01
1.1435e+01
1.1417e+01
1.1393e+01
1.1369e+01
1.1363e+01
1.1351e+01
1.1322e+01
1.1306e+01
1.1292e+01
1.1271e+01
1.1255e+01
1.1253e+01
1.1234e+01
1.1222e+01
1.1191e+01
1.1190e+01
1.1180e+01
1.1163e+01
1.1159e+01
1.1151e+01
1.1134e+01
1.1119e+01
1.1113e+01
1.1112e+01
1.1096e+01
1.1089e+01
1.1078e+01
1.1065e+01
1.1051e+01
1.1039e+01
1.1032e+01
1.1028e+01
1.1012e+01
1.0997e+01
1.0990e+01
1.0980e+01
1.0971e+01
1.0965e+01
1.0944e+01
1.0937e+01
1.0923e+01
1.0925e+01
1.0907e+01
1.0901e+01
1.0883e+01
1.0871e+01
1.0860e+01
1.0855e+01
1.0844e+01
1.0830e+01
1.0827e+01
1.0815e+01
1.0814e+01
1.0806e+01
1.0789e+01
1.0785e+01
1.0779e+01
1.0772e+01
1.0772e+01
1.0775e+01
1.0775e+01
1.0764e+01
1.0756e+01
1.0756e+01
1.0756e+01
1.0757e+01
1.0741e+01
1.0723e+01
1.0727e+01
1.0725e+01
1.0720e+01
1.0703e+01
1.0706e+01
1.0703e+01
1.0682e+01
1.0688e+01
1.0684e+01
1.0676e+01
1.0672e+01
1.0663e+01
1.0652e+01
1.0646e+01
1.0634e+01
1.0616e+01
1.0605e+01
1.0592e+01
1.0595e+01
1.0579e+01
1.0555e+01
1.0550e+01
1.0535e+01
1.0528e+01
1.0509e+01
1.0503e+01
1.0493e+01
1.0482e+01
1.0465e+01
1.0451e+01
1.0437e+01
1.0419e+01
1.0413e+01
1.0404e+01
1.0391e+01
1.0370e+01
1.0361e+01
1.0345e+01
1.0320e+01
1.0312e+01
1.0280e+01
1.0281e+01
1.0257e+01
1.0237e+01
1.0217e+01
1.0208e+01
1.0195e+01
1.0180e+01
1.0176e+01
1.0152e+01
1.0132e+01
1.0113e+01
1.0099e+01
1.0090e+01
1.0068e+01
1.0050e+01
1.0037e+01
1.0022e+01
1.0006e+01
9.9854e+00
9.9743e+00
9.9597e+00
9.9372e+00
9.9211e+00
9.9165e+00
9.8892e+00
9.8813e+00
9.8603e+00
9.8478e+00
9.8346e+00
9.8199e+00
9.8064e+00
9.7910e+00
9.7745e+00
9.7644e+00
9.7412e+00
9.7237e+00
9.7125e+00
9.6949e+00
9.6733e+00
9.6533e+00
9.6501e+00
9.6269e+00
9.6216e+00
9.6056e+00
9.5971e+00
9.5696e+00
9.5602e+00
9.5346e+00
9.5337e+00
9.5118e+00
9.5054e+00
9.4778e+00
9.4682e+00
9.4671e+00
9.4438e+00
9.4302e+00
9.4240e+00
9.4197e+00
9.3827e+00
9.3870e+00
9.3680e+00
9.3532e+00
9.3377e+00
9.3291e+00
9.3154e+00
9.3003e+00
9.2880e+00
9.2689e+00
9.2579e+00
9.2485e+00
9.2450e+00
9.2339e+00
9.2159e+00
9.1963e+00
9.1866e+00
9.1596e+00
9.1496e+00
9.1389e+00
9.1359e+00
9.1176e+00
9.0979e+00
9.0933e+00
9.0873e+00
9.0711e+00
9.0582e+00
9.0371e+00
9.0277e+00
9.0141e+00
9.0079e+00
8.9844e+00
8.9760e+00
8.9584e+00
8.9430e+00
8.9292e+00
8.9227e+00
8.9165e+00
8.8972e+00
8.8869e+00
8.8785e+00
8.8644e+00
8.8584e+00
8.8479e+00
8.8346e+00
8.8259e+00
8.8025e+00
8.8066e+00
8.7838e+00
8.7746e+00
8.7640e+00
8.7539e+00
8.7346e+00
8.7210e+00
8.7099e+00
8.6927e+00
8.6788e+00
8.6707e+00
8.6554e+00
8.6445e+00
8.6317e+00
8.6178e+00
8.5933e+00
8.5837e+00
8.5772e+00
8.5657e+00
8.5572e+00
8.5348e+00
8.5299e+00
8.5144e+00
8.5179e+00
8.4950e+00
8.4898e+00
8.4657e+00
8.4572e+00
8.4345e+00
8.4315e+00
8.4186e+00
8.4090e+00
8.3940e+00
8.3899e+00
8.3701e+00
8.3523e+00
8.3422e+00
8.3312e+00
8.3180e+00
8.3065e+00
8.3062e+00
8.2980e+00
8.2826e+00
8.2664e+00
8.2585e+00
8.2494e+00
8.2227e+00
8.2027e+00
8.2062e+00
8.1878e+00
8.1705e+00
8.1512e+00
8.1410e+00
8.1297e+00
8.1283e+00
8.1140e+00
8.0994e+00
8.0931e+00
8.0834e+00
8.0635e+00
8.0492e+00
8.0409e+00
8.0255e+00
8.0233e+00
8.0028e+00
7.9923e+00
7.9860e+00
7.9732e+00
7.9567e+00
7.9428e+00
7.9359e+00
7.9296e+00
7.9177e+00
7.9038e+00
7.8930e+00
7.8878e+00
7.8681e+00
7.8592e+00
7.8481e+00
7.8412e+00
7.8260e+00
7.8152e+00
7.8060e+00
7.7971e+00
7.7802e+00
7.7744e+00
7.7633e+00
7.7522e+00
7.7377e+00
7.7238e+00
7.7152e+00
7.7144e+00
7.6855e+00
7.6757e+00
7.6540e+00
7.6557e+00
7.6371e+00
7.6334e+00
7.6242e+00
7.6265e+00
7.6134e+00
7.6011e+00
7.5900e+00
7.5788e+00
7.5618e+00
7.5549e+00
7.5468e+00
7.5373e+00
7.5169e+00
7.5183e+00
7.4965e+00
7.4862e+00
7.4759e+00
7.4708e+00
7.4633e+00
7.4549e+00
7.4451e+00
7.4401e+00
7.4214e+00
7.4029e+00
7.3892e+00
7.3735e+00
7.3570e+00
7.3444e+00
7.3329e+00
7.3136e+00
7.3040e+00
7.2883e+00
7.2853e+00
7.2768e+00
7.2625e+00
7.2499e+00
7.2440e+00
7.2246e+00
7.2117e+00
7.1974e+00
7.1912e+00
7.1713e+00
7.1594e+00
7.1423e+00
7.1310e+00
7.1319e+00
7.1206e+00
7.1046e+00
7.0891e+00
7.0823e+00
7.0773e+00
7.0759e+00
7.0663e+00
7.0623e+00
7.0499e+00
7.0437e+00
7.0341e+00
7.0322e+00
7.0226e+00
7.0164e+00
7.0130e+00
7.0023e+00
6.9961e+00
6.9907e+00
6.9709e+00
6.9797e+00
6.9701e+00
6.9695e+00
6.9616e+00
6.9526e+00
6.9424e+00
6.9404e+00
6.9354e+00
6.9320e+00
6.9249e+00
6.9241e+00
6.9232e+00
6.9215e+00
6.9074e+00
6.9060e+00
6.8879e+00
6.8975e+00
6.8918e+00
6.8845e+00
6.8794e+00
6.8791e+00
6.8805e+00
6.8698e+00
6.8604e+00
6.8539e+00
6.8525e+00
6.8511e+00
6.8381e+00
6.8259e+00
6.8287e+00
6.8239e+00
6.8038e+00
6.8100e+00
6.8063e+00
6.7961e+00
6.7876e+00
6.7610e+00
6.7533e+00
6.7437e+00
6.7366e+00
6.7298e+00
6.7006e+00
6.6986e+00
6.6793e+00
6.6716e+00
6.6605e+00
6.6602e+00
6.6406e+00
6.6295e+00
6.6142e+00
6.6088e+00
6.5977e+00
6.5942e+00
6.5777e+00
6.5661e+00
6.5470e+00
6.5404e+00
6.5191e+00
6.5139e+00
6.5068e+00
6.5028e+00
6.4743e+00
6.4734e+00
6.4626e+00
6.4537e+00
6.4412e+00
6.4321e+00
6.3989e+00
6.4086e+00
6.3943e+00
6.3869e+00
6.3735e+00
6.3689e+00
6.3600e+00
6.3314e+00
6.3168e+00
6.3025e+00
6.2902e+00
6.2868e+00
6.2590e+00
6.2435e+00
6.2389e+00
6.2186e+00
6.2077e+00
6.1936e+00
6.1930e+00
6.1772e+00
6.1701e+00
6.1554e+00
6.1396e+00
6.1261e+00
6.1155e+00
6.1034e+00
6.0890e+00
6.0836e+00
6.0741e+00
6.0643e+00
6.0485e+00
6.0393e+00
6.0234e+00
6.0269e+00
6.0093e+00
6.0047e+00
5.9883e+00
5.9799e+00
5.9675e+00
5.9583e+00
5.9479e+00
5.9344e+00
5.9199e+00
5.9127e+00
5.9055e+00
5.8945e+00
5.8792e+00
5.8688e+00
5.8512e+00
5.8388e+00
5.8177e+00
5.8067e+00
5.7925e+00
5.7832e+00
5.7740e+00
5.7630e+00
5.7470e+00
5.7354e+00
5.7241e+00
5.7094e+00
5.6954e+00
5.6838e+00
5.6749e+00
5.6786e+00
5.6673e+00
5.6551e+00
5.6383e+00
5.6316e+00
5.6217e+00
5.6058e+00
5.5901e+00
5.5901e+00
5.5761e+00
5.5662e+00
5.5598e+00
5.5503e+00
5.5372e+00
5.5337e+00
5.5255e+00
5.5130e+00
5.5037e+00
5.4961e+00
5.4717e+00
5.4623e+00
5.4463e+00
5.4373e+00
5.4157e+00
5.4142e+00
5.3979e+00
5.3883e+00
5.3705e+00
5.3722e+00
5.3535e+00
5.3486e+00
5.3319e+00
5.3328e+00
5.3109e+00
5.3135e+00
5.3036e+00
5.2995e+00
5.2898e+00
5.2860e+00
5.2708e+00
5.2679e+00
5.2565e+00
5.2518e+00
5.2427e+00
5.2334e+00
5.2249e+00
5.2220e+00
5.2076e+00
5.2012e+00
5.2032e+00
5.1906e+00
5.1894e+00
5.1789e+00
5.1809e+00
5.1789e+00
5.1763e+00
5.1572e+00
5.1528e+00
5.1449e+00
5.1252e+00
5.1243e+00
5.1126e+00
5.0994e+00
5.0909e+00
5.0915e+00
5.0803e+00
5.0750e+00
5.0592e+00
5.0459e+00
5.0342e+00
5.0265e+00
5.0204e+00
5.0092e+00
4.9930e+00
4.9877e+00
4.9733e+00
4.9633e+00
4.9553e+00
4.9415e+00
4.9333e+00
4.9206e+00
4.9212e+00
4.9159e+00
4.9041e+00
4.9014e+00
4.8885e+00
4.8764e+00
4.8605e+00
4.8519e+00
4.8383e+00
4.8413e+00
4.8247e+00
4.8159e+00
4.8070e+00
4.7961e+00
4.7855e+00
4.7731e+00
4.7473e+00
4.7352e+00
4.7320e+00
4.7118e+00
4.6982e+00
4.6988e+00
4.6799e+00
4.6665e+00
4.6606e+00
4.6446e+00
4.6230e+00
4.6203e+00
4.6025e+00
4.5913e+00
4.5844e+00
4.5720e+00
4.5515e+00
4.5512e+00
4.5384e+00
4.5346e+00
4.5132e+00
4.5173e+00
4.4962e+00
4.4986e+00
4.4787e+00
4.4725e+00
4.4588e+00
4.4576e+00
4.4436e+00
4.4350e+00
4.4216e+00
4.4210e+00
4.4115e+00
4.4007e+00
4.3849e+00
4.3668e+00
4.3549e+00
4.3373e+00
4.3232e+00
4.3182e+00
4.2988e+00
4.2904e+00
4.2701e+00
4.2665e+00
4.2513e+00
4.2549e+00
4.2331e+00
4.2301e+00
4.2086e+00
4.2065e+00
4.1933e+00
4.1918e+00
4.1742e+00
4.1700e+00
4.1535e+00
4.1550e+00
4.1416e+00
4.1311e+00
4.1134e+00
4.1146e+00
4.0933e+00
4.0909e+00
4.0816e+00
4.0780e+00
4.0700e+00
4.0613e+00
4.0520e+00
4.0520e+00
4.0283e+00
4.0265e+00
4.0142e+00
4.0057e+00
3.9871e+00
3.9778e+00
3.9538e+00
3.9469e+00
3.9279e+00
3.9171e+00
3.9063e+00
3.8976e+00
3.8801e+00
3.8792e+00
3.8608e+00
3.8500e+00
3.8461e+00
3.8373e+00
3.8165e+00
3.8120e+00
3.7945e+00
3.7876e+00
3.7771e+00
3.7683e+00
3.7538e+00
3.7481e+00
3.7348e+00
3.7279e+00
3.7179e+00
3.7152e+00
3.6983e+00
3.6826e+00
3.6774e+00
3.6708e+00
3.6572e+00
3.6411e+00
3.6342e+00
3.6212e+00
3.6136e+00
3.5973e+00
3.5742e+00
3.5664e+00
3.5497e+00
3.5412e+00
3.5188e+00
3.5094e+00
3.4957e+00
3.4882e+00
3.4678e+00
3.4569e+00
3.4408e+00
3.4308e+00
3.4126e+00
3.4065e+00
3.3928e+00
3.3736e+00
3.3587e+00
3.3566e+00
3.3447e+00
3.3332e+00
3.3274e+00
3.3161e+00
3.3037e+00
3.2921e+00
3.2796e+00
3.2653e+00
3.2576e+00
3.2509e+00
3.2357e+00
3.2241e+00
3.2089e+00
3.2012e+00
3.1899e+00
3.1811e+00
3.1683e+00
3.1545e+00
3.1432e+00
3.1301e+00
3.1062e+00
3.0983e+00
3.0766e+00
3.0698e+00
3.0564e+00
3.0478e+00
3.0310e+00
3.0092e+00
2.9936e+00
2.9884e+00
2.9792e+00
2.9709e+00
2.9580e+00
2.9424e+00
2.9341e+00
2.9145e+00
2.9025e+00
2.8942e+00
2.8816e+00
2.8779e+00
2.8589e+00
2.8558e+00
2.8460e+00
2.8306e+00
2.8201e+00
2.8085e+00
2.8014e+00
2.7820e+00
2.7672e+00
2.7629e+00
2.7503e+00
2.7423e+00
2.7219e+00
2.7065e+00
2.6967e+00
2.6837e+00
2.6618e+00
2.6578e+00
2.6405e+00
2.6232e+00
2.6047e+00
2.5908e+00
2.5744e+00
2.5667e+00
2.5485e+00
2.5376e+00
2.5132e+00
2.5101e+00
2.4980e+00
2.5005e+00
2.4767e+00
2.4702e+00
2.4603e+00
2.4578e+00
2.4358e+00
2.4228e+00
2.4076e+00
2.4060e+00
2.3865e+00
2.3787e+00
2.3663e+00
2.3570e+00
2.3399e+00
2.3461e+00
2.3232e+00
2.3191e+00
2.3079e+00
2.3027e+00
2.2884e+00
2.2741e+00
2.2632e+00
2.2476e+00
2.2230e+00
2.2125e+00
2.1851e+00
2.1844e+00
2.1676e+00
2.1589e+00
2.1486e+00
2.1470e+00
2.1277e+00
2.1146e+00
2.0978e+00
2.0931e+00
2.0741e+00
2.0728e+00
2.0569e+00
2.0500e+00
2.0347e+00
2.0178e+00
2.0119e+00
2.0031e+00
1.9828e+00
1.9684e+00
1.9625e+00
1.9522e+00
1.9309e+00
1.9230e+00
1.9171e+00
1.9071e+00
1.8927e+00
1.8880e+00
1.8698e+00
1.8651e+00
1.8485e+00
1.8391e+00
1.8275e+00
1.8105e+00
1.7863e+00
1.7754e+00
1.7549e+00
1.7518e+00
1.7355e+00
1.7241e+00
1.7160e+00
1.7006e+00
1.6729e+00
1.6634e+00
1.6499e+00
1.6417e+00
1.6257e+00
1.6124e+00
1.5998e+00
1.5995e+00
1.5856e+00
1.5683e+00
1.5519e+00
1.5421e+00
1.5270e+00
1.5162e+00
1.5027e+00
1.4967e+00
1.4793e+00
1.4768e+00
1.4546e+00
1.4527e+00
1.4436e+00
1.4309e+00
1.4132e+00
1.4069e+00
1.3895e+00
1.3724e+00
1.3616e+00
1.3493e+00
1.3341e+00
1.3173e+00
1.3002e+00
1.2942e+00
1.2739e+00
1.2612e+00
1.2437e+00
1.2317e+00
1.2161e+00
1.1945e+00
1.1904e+00
1.1853e+00
1.1659e+00
1.1497e+00
1.1421e+00
1.1360e+00
1.1242e+00
1.1172e+00
1.1039e+00
1.0937e+00
1.0749e+00
1.0679e+00
1.0533e+00
1.0517e+00
1.0313e+00
1.0144e+00
9.9906e-01
9.9715e-01
9.8918e-01
9.7546e-01
9.6525e-01
9.6142e-01
9.5120e-01
9.3109e-01
9.1640e-01
8.9563e-01
8.7997e-01
8.6878e-01
8.5151e-01
8.3424e-01
8.2528e-01
8.1599e-01
8.0575e-01
7.8622e-01
7.8238e-01
7.6444e-01
7.6251e-01
7.4457e-01
7.3784e-01
7.3142e-01
7.1924e-01
7.1122e-01
6.9871e-01
6.9261e-01
6.8074e-01
6.6758e-01
6.5217e-01
6.5410e-01
6.4446e-01
6.3676e-01
6.2616e-01
6.2519e-01
6.1170e-01
6.0655e-01
5.9852e-01
5.8341e-01
5.8083e-01
5.6508e-01
5.4384e-01
5.3644e-01
5.2678e-01
5.1423e-01
5.0811e-01
5.0875e-01
4.9426e-01
4.8395e-01
4.6945e-01
4.6494e-01
4.5946e-01
4.5624e-01
4.4850e-01
4.4173e-01
4.3496e-01
4.2593e-01
4.2335e-01
4.2270e-01
4.1560e-01
4.0625e-01
3.9915e-01
3.9624e-01
3.9269e-01
3.8947e-01
3.7784e-01
3.7914e-01
3.6428e-01
3.6396e-01
3.5459e-01
3.5912e-01
3.4781e-01
3.4393e-01
3.2325e-01
3.2713e-01
3.1485e-01
3.0515e-01
2.8834e-01
2.8316e-01
2.7152e-01
2.6796e-01
2.4886e-01
2.4563e-01
2.4304e-01
2.4304e-01
2.3171e-01
2.1875e-01
2.1033e-01
2.0839e-01
1.9932e-01
1.9413e-01
1.8700e-01
1.9025e-01
1.7663e-01
1.8020e-01
1.7793e-01
1.7307e-01
1.6432e-01
1.6561e-01
1.5783e-01
1.5880e-01
1.4745e-01
1.5588e-01
1.4518e-01
1.3837e-01
1.2832e-01
1.2864e-01
1.1955e-01
1.0398e-01
8.1249e-02
8.6770e-02
7.8327e-02
7.7028e-02
6.4685e-02
5.6238e-02
4.8765e-02
4.6166e-02
4.0316e-02
4.0966e-02
2.7314e-02
2.6989e-02
1.7886e-02
2.6014e-02
1.2358e-02
1.3009e-02
0000
6.8300e-03
8.7810e-03
6.1800e-03
5.2040e-03
1.6911e-02
7.8060e-03
2.4714e-02
1.7886e-02
3.4141e-02
4.3241e-02
6.0787e-02
6.3061e-02
9.4237e-02
9.1965e-02
1.1404e-01
1.2053e-01
1.3805e-01
1.5556e-01
1.8182e-01
1.9932e-01
2.3430e-01
2.5954e-01
2.9028e-01
3.1453e-01
3.5072e-01
3.8785e-01
4.1948e-01
4.6333e-01
4.9909e-01
5.5543e-01
5.8630e-01
6.3387e-01
6.8363e-01
7.3271e-01
7.7245e-01
8.2624e-01
8.7230e-01
9.2311e-01
9.5599e-01
1.0169e+00
1.0542e+00
1.1125e+00
1.1564e+00
1.2075e+00
1.2320e+00
1.2827e+00
1.3151e+00
1.3591e+00
1.3825e+00
1.4243e+00
1.4531e+00
1.4970e+00
1.5226e+00
1.5503e+00
1.5800e+00
1.6004e+00
1.6345e+00
1.6461e+00
1.6663e+00
1.6773e+00
1.6977e+00
1.6971e+00
1.7235e+00
1.7373e+00
1.7512e+00
1.7524e+00
1.7575e+00
1.7637e+00
1.7703e+00
1.7691e+00
1.7744e+00
1.7741e+00
1.7760e+00
1.7697e+00
1.7628e+00
1.7559e+00
1.7521e+00
1.7452e+00
1.7248e+00
1.7226e+00
1.7141e+00
1.7050e+00
1.6902e+00
1.6675e+00
1.6606e+00
1.6439e+00
1.6279e+00
1.6036e+00
1.5897e+00
1.5566e+00
1.5289e+00
1.5027e+00
1.4806e+00
1.4610e+00
1.4316e+00
1.4097e+00
1.3803e+00
1.3661e+00
1.3426e+00
1.3350e+00
1.3179e+00
1.3129e+00
1.2951e+00
1.3049e+00
1.2951e+00
1.3046e+00
1.2973e+00
1.3132e+00
1.3274e+00
1.3537e+00
1.3705e+00
1.4189e+00
1.4578e+00
1.5099e+00
1.5579e+00
1.6071e+00
1.6631e+00
1.7197e+00
1.7892e+00
1.8447e+00
1.9262e+00
1.9759e+00
2.0725e+00
2.1274e+00
2.2280e+00
2.2728e+00
2.3735e+00
2.4039e+00
2.5052e+00
2.5327e+00
2.6347e+00
2.6664e+00
