1.2250e+01
1.2235e+01
1.2217e+01
1.2192e+01
1.2175e+01
1.2157e+01
1.2136e+01
1.2120e+01
1.2095e+01
1.2081e+01
1.2057e+01
1.2038e+01
1.2022e+01
1.2000e+01
1.1986e+01
1.1969e+01
1.1948e+01
1.1923e+01
1.1906e+01
1.1892e+01
1.1870e+01
1.1851e+01
1.1836e+01
1.1814e+01
1.1794e+01
1.1782e+01
1.1759e+01
1.1741e+01
1.1727e+01
1.1711e+01
1.1683e+01
1.1670e+01
1.1653e+01
1.1635e+01
1.1622e+01
1.1601e+01
1.1577e+01
1.1561e+01
1.1542e+01
1.1524e+01
1.1507e+01
1.1487e+01
1.1469e+01
1.1458e+01
1.1437e+01
1.1420e+01
1.1409e+01
1.1392e+01
1.1371e+01
1.1352e+01
1.1334e+01
1.1318e+01
1.1294e+01
1.1275e+01
1.1265e+01
1.1252e+01
1.1237e+01
1.1221e+01
1.1196e+01
1.1176e+01
1.1163e+01
1.1144e+01
1.1121e+01
1.1107e+01
1.1091e+01
1.1077e+01
1.1058e+01
1.1040e+01
1.1021e+01
1.1011e+01
1.0992e+01
1.0975e+01
1.0959e+01
1.0945e+01
1.0927e+01
1.0910e+01
1.0899e+01
1.0885e+01
1.0866e+01
1.0852e+01
1.0839e+01
1.0823e+01
1.0804e+01
1.0789e+01
1.0779e+01
1.0767e+01
1.0749e+01
1.0735e+01
1.0723e+01
1.0703e+01
1.0690e+01
1.0677e+01
1.0662e+01
1.0647e+01
1.0633e+01
1.0614e+01
1.0602e+01
1.0591e+01
1.0586e+01
1.0567e+01
1.0555e+01
1.0544e+01
1.0533e+01
1.0511e+01
1.0505e+01
1.0495e+01
1.0485e+01
1.0469e+01
1.0457e+01
1.0449e+01
1.0445e+01
1.0426e+01
1.0419e+01
1.0403e+01
1.0396e+01
1.0379e+01
1.0367e+01
1.0359e+01
1.0355e+01
1.0337e+01
1.0328e+01
1.0315e+01
1.0310e+01
1.0297e+01
1.0284e+01
1.0265e+01
1.0259e+01
1.0241e+01
1.0235e+01
1.0224e+01
1.0208e+01
1.0187e+01
1.0182e+01
1.0168e+01
1.0156e+01
1.0144e+01
1.0133e+01
1.0117e+01
1.0105e+01
1.0094e+01
1.0079e+01
1.0069e+01
1.0053e+01
1.0036e+01
1.0026e+01
1.0018e+01
1.0007e+01
9.9842e+00
9.9701e+00
9.9654e+00
9.9560e+00
9.9413e+00
9.9245e+00
9.9124e+00
9.9003e+00
9.8849e+00
9.8748e+00
9.8661e+00
9.8500e+00
9.8345e+00
9.8170e+00
9.8036e+00
9.7928e+00
9.7814e+00
9.7653e+00
9.7532e+00
9.7411e+00
9.7256e+00
9.7027e+00
9.6919e+00
9.6778e+00
9.6691e+00
9.6515e+00
9.6354e+00
9.6226e+00
9.6104e+00
9.5976e+00
9.5794e+00
9.5653e+00
9.5545e+00
9.5383e+00
9.5221e+00
9.5073e+00
9.4877e+00
9.4708e+00
9.4566e+00
9.4411e+00
9.4316e+00
9.4154e+00
9.3979e+00
9.3857e+00
9.3742e+00
9.3559e+00
9.3451e+00
9.3282e+00
9.3167e+00
9.3005e+00
9.2910e+00
9.2775e+00
9.2632e+00
9.2558e+00
9.2463e+00
9.2287e+00
9.2124e+00
9.1989e+00
9.1860e+00
9.1731e+00
9.1562e+00
9.1386e+00
9.1230e+00
9.1094e+00
9.0945e+00
9.0802e+00
9.0680e+00
9.0578e+00
9.0503e+00
9.0395e+00
9.0279e+00
9.0150e+00
9.0021e+00
8.9844e+00
8.9708e+00
8.9532e+00
8.9443e+00
8.9314e+00
8.9164e+00
8.9035e+00
8.8953e+00
8.8811e+00
8.8647e+00
8.8531e+00
8.8402e+00
8.8259e+00
8.8177e+00
8.8075e+00
8.7925e+00
8.7823e+00
8.7734e+00
8.7591e+00
8.7482e+00
8.7353e+00
8.7223e+00
8.7100e+00
8.6902e+00
8.6786e+00
8.6657e+00
8.6534e+00
8.6425e+00
8.6308e+00
8.6213e+00
8.6104e+00
8.5919e+00
8.5789e+00
8.5687e+00
8.5557e+00
8.5447e+00
8.5297e+00
8.5215e+00
8.5092e+00
8.4934e+00
8.4791e+00
8.4702e+00
8.4579e+00
8.4469e+00
8.4346e+00
8.4284e+00
8.4182e+00
8.4072e+00
8.3969e+00
8.3805e+00
8.3729e+00
8.3640e+00
8.3572e+00
8.3448e+00
8.3311e+00
8.3277e+00
8.3153e+00
8.3016e+00
8.2961e+00
8.2852e+00
8.2721e+00
8.2605e+00
8.2474e+00
8.2371e+00
8.2261e+00
8.2193e+00
8.2035e+00
8.1925e+00
8.1808e+00
8.1719e+00
8.1519e+00
8.1389e+00
8.1286e+00
8.1189e+00
8.1066e+00
8.0921e+00
8.0790e+00
8.0735e+00
8.0618e+00
8.0488e+00
8.0350e+00
8.0274e+00
8.0123e+00
7.9999e+00
7.9951e+00
7.9813e+00
7.9627e+00
7.9537e+00
7.9399e+00
7.9275e+00
7.9199e+00
7.9075e+00
7.8924e+00
7.8841e+00
7.8654e+00
7.8523e+00
7.8468e+00
7.8392e+00
7.8247e+00
7.8061e+00
7.7978e+00
7.7840e+00
7.7743e+00
7.7605e+00
7.7391e+00
7.7273e+00
7.7169e+00
7.7031e+00
7.6907e+00
7.6741e+00
7.6658e+00
7.6623e+00
7.6415e+00
7.6291e+00
7.6208e+00
7.6104e+00
7.6007e+00
7.5903e+00
7.5772e+00
7.5612e+00
7.5543e+00
7.5467e+00
7.5349e+00
7.5224e+00
7.5106e+00
7.4981e+00
7.4843e+00
7.4773e+00
7.4649e+00
7.4551e+00
7.4447e+00
7.4315e+00
7.4260e+00
7.4177e+00
7.4093e+00
7.3982e+00
7.3864e+00
7.3753e+00
7.3663e+00
7.3545e+00
7.3447e+00
7.3267e+00
7.3128e+00
7.3079e+00
7.2947e+00
7.2829e+00
7.2724e+00
7.2648e+00
7.2557e+00
7.2495e+00
7.2439e+00
7.2293e+00
7.2210e+00
7.2056e+00
7.1966e+00
7.1827e+00
7.1764e+00
7.1743e+00
7.1680e+00
7.1583e+00
7.1548e+00
7.1451e+00
7.1478e+00
7.1346e+00
7.1262e+00
7.1158e+00
7.1172e+00
7.1081e+00
7.1046e+00
7.0893e+00
7.0879e+00
7.0774e+00
7.0698e+00
7.0663e+00
7.0614e+00
7.0579e+00
7.0509e+00
7.0433e+00
7.0349e+00
7.0244e+00
7.0167e+00
7.0007e+00
6.9972e+00
6.9846e+00
6.9770e+00
6.9665e+00
6.9623e+00
6.9532e+00
6.9497e+00
6.9392e+00
6.9288e+00
6.9211e+00
6.9120e+00
6.9043e+00
6.9001e+00
6.8896e+00
6.8861e+00
6.8777e+00
6.8672e+00
6.8554e+00
6.8547e+00
6.8477e+00
6.8386e+00
6.8330e+00
6.8225e+00
6.8134e+00
6.8057e+00
6.8036e+00
6.7910e+00
6.7826e+00
6.7805e+00
6.7763e+00
6.7651e+00
6.7630e+00
6.7518e+00
6.7532e+00
6.7462e+00
6.7392e+00
6.7294e+00
6.7202e+00
6.7097e+00
6.7020e+00
6.6922e+00
6.6880e+00
6.6740e+00
6.6733e+00
6.6628e+00
6.6572e+00
6.6494e+00
6.6452e+00
6.6340e+00
6.6228e+00
6.6088e+00
6.6059e+00
6.5947e+00
6.5870e+00
6.5793e+00
6.5708e+00
6.5547e+00
6.5526e+00
6.5400e+00
6.5336e+00
6.5245e+00
6.5175e+00
6.5062e+00
6.4971e+00
6.4873e+00
6.4816e+00
6.4697e+00
6.4549e+00
6.4437e+00
6.4409e+00
6.4296e+00
6.4183e+00
6.4050e+00
6.4043e+00
6.3944e+00
6.3768e+00
6.3642e+00
6.3550e+00
6.3437e+00
6.3325e+00
6.3247e+00
6.3156e+00
6.3008e+00
6.2923e+00
6.2831e+00
6.2803e+00
6.2669e+00
6.2528e+00
6.2408e+00
6.2416e+00
6.2345e+00
6.2267e+00
6.2119e+00
6.2084e+00
6.1992e+00
6.1830e+00
6.1752e+00
6.1639e+00
6.1526e+00
6.1399e+00
6.1336e+00
6.1258e+00
6.1188e+00
6.1131e+00
6.1032e+00
6.0926e+00
6.0848e+00
6.0735e+00
6.0721e+00
6.0735e+00
6.0757e+00
6.0658e+00
6.0686e+00
6.0594e+00
6.0686e+00
6.0651e+00
6.0707e+00
6.0636e+00
6.0764e+00
6.0700e+00
6.0870e+00
6.0905e+00
6.1089e+00
6.1082e+00
6.1406e+00
6.1435e+00
6.1618e+00
6.1675e+00
6.1943e+00
6.2049e+00
6.2289e+00
6.2359e+00
6.2620e+00
6.2782e+00
6.3015e+00
6.3113e+00
6.3325e+00
6.3430e+00
6.3649e+00
6.3803e+00
6.4000e+00
6.4113e+00
6.4296e+00
6.4423e+00
6.4669e+00
6.4866e+00
6.5048e+00
6.5203e+00
6.5301e+00
6.5449e+00
6.5575e+00
6.5680e+00
6.5807e+00
6.5933e+00
6.6017e+00
6.6073e+00
6.6235e+00
6.6235e+00
6.6417e+00
6.6466e+00
6.6494e+00
6.6551e+00
6.6719e+00
6.6698e+00
6.6754e+00
6.6845e+00
6.6908e+00
6.6950e+00
6.6922e+00
6.7006e+00
6.7020e+00
6.7090e+00
6.7055e+00
6.7132e+00
6.7083e+00
6.7069e+00
6.7076e+00
6.7090e+00
6.7160e+00
6.7104e+00
6.7139e+00
6.7223e+00
6.7160e+00
6.7132e+00
6.7048e+00
6.7097e+00
6.6957e+00
6.6929e+00
6.6698e+00
6.6684e+00
6.6670e+00
6.6607e+00
6.6473e+00
6.6424e+00
6.6361e+00
6.6263e+00
6.6109e+00
6.5905e+00
6.5758e+00
6.5737e+00
6.5526e+00
6.5449e+00
6.5343e+00
6.5168e+00
6.5006e+00
6.4936e+00
6.4704e+00
6.4598e+00
6.4486e+00
6.4401e+00
6.4226e+00
6.4106e+00
6.3902e+00
6.3839e+00
6.3726e+00
6.3620e+00
6.3423e+00
6.3275e+00
6.3078e+00
6.3008e+00
6.2874e+00
6.2733e+00
6.2613e+00
6.2465e+00
6.2324e+00
6.2197e+00
6.2112e+00
6.1964e+00
6.1823e+00
6.1710e+00
6.1569e+00
6.1519e+00
6.1371e+00
6.1209e+00
6.1053e+00
6.0969e+00
6.0848e+00
6.0728e+00
6.0559e+00
6.0354e+00
6.0198e+00
6.0092e+00
5.9986e+00
5.9858e+00
5.9703e+00
5.9639e+00
5.9434e+00
5.9349e+00
5.9186e+00
5.9101e+00
5.8981e+00
5.8867e+00
5.8718e+00
5.8683e+00
5.8591e+00
5.8435e+00
5.8350e+00
5.8265e+00
5.8180e+00
5.8087e+00
5.8045e+00
5.7960e+00
5.7960e+00
5.7938e+00
5.7846e+00
5.7761e+00
5.7669e+00
5.7655e+00
5.7683e+00
5.7605e+00
5.7598e+00
5.7520e+00
5.7484e+00
5.7470e+00
5.7499e+00
5.7406e+00
5.7477e+00
5.7371e+00
5.7392e+00
5.7271e+00
5.7307e+00
5.7293e+00
5.7335e+00
5.7207e+00
5.7271e+00
5.7293e+00
5.7257e+00
5.7236e+00
5.7321e+00
5.7158e+00
5.7179e+00
5.7264e+00
5.7278e+00
5.7271e+00
5.7300e+00
5.7349e+00
5.7371e+00
5.7357e+00
5.7342e+00
5.7349e+00
5.7399e+00
5.7357e+00
5.7321e+00
5.7399e+00
5.7399e+00
5.7349e+00
5.7300e+00
5.7335e+00
5.7357e+00
5.7349e+00
5.7328e+00
5.7321e+00
5.7271e+00
5.7300e+00
5.7250e+00
5.7229e+00
5.7193e+00
5.7200e+00
5.7179e+00
5.7151e+00
5.7051e+00
5.6973e+00
5.6966e+00
5.6959e+00
5.6817e+00
5.6803e+00
5.6696e+00
5.6618e+00
5.6533e+00
5.6547e+00
5.6454e+00
5.6390e+00
5.6291e+00
5.6348e+00
5.6227e+00
5.6220e+00
5.6070e+00
5.6035e+00
5.5886e+00
5.5914e+00
5.5800e+00
5.5743e+00
5.5637e+00
5.5651e+00
5.5537e+00
5.5573e+00
5.5452e+00
5.5395e+00
5.5245e+00
5.5195e+00
5.5074e+00
5.5024e+00
5.4953e+00
5.4804e+00
5.4675e+00
5.4611e+00
5.4519e+00
5.4426e+00
5.4355e+00
5.4291e+00
5.4070e+00
5.3934e+00
5.3784e+00
5.3684e+00
5.3620e+00
5.3485e+00
5.3342e+00
5.3249e+00
5.3113e+00
5.2999e+00
5.2835e+00
5.2771e+00
5.2671e+00
5.2606e+00
5.2442e+00
5.2363e+00
5.2228e+00
5.2120e+00
5.1985e+00
5.1842e+00
5.1770e+00
5.1656e+00
5.1555e+00
5.1412e+00
5.1327e+00
5.1262e+00
5.1112e+00
5.1069e+00
5.0933e+00
5.0825e+00
5.0732e+00
5.0675e+00
5.0568e+00
5.0474e+00
5.0360e+00
5.0238e+00
5.0231e+00
5.0159e+00
5.0066e+00
4.9930e+00
4.9887e+00
4.9722e+00
4.9707e+00
4.9600e+00
4.9564e+00
4.9428e+00
4.9370e+00
4.9299e+00
4.9248e+00
4.9184e+00
4.9155e+00
4.9040e+00
4.9062e+00
4.9047e+00
4.9055e+00
4.8940e+00
4.8990e+00
4.9040e+00
4.9040e+00
4.8968e+00
4.9019e+00
4.8997e+00
4.8990e+00
4.9004e+00
4.9047e+00
4.8990e+00
4.8940e+00
4.8889e+00
4.8947e+00
4.8868e+00
4.8911e+00
4.8861e+00
4.8782e+00
4.8760e+00
4.8775e+00
4.8782e+00
4.8732e+00
4.8660e+00
4.8631e+00
4.8566e+00
4.8466e+00
4.8401e+00
4.8380e+00
4.8308e+00
4.8250e+00
4.8178e+00
4.8092e+00
4.8049e+00
4.8035e+00
4.7956e+00
4.7869e+00
4.7812e+00
4.7733e+00
4.7646e+00
4.7531e+00
4.7488e+00
4.7409e+00
4.7344e+00
4.7186e+00
4.7100e+00
4.7064e+00
4.7006e+00
4.6891e+00
4.6877e+00
4.6754e+00
4.6625e+00
4.6567e+00
4.6538e+00
4.6423e+00
4.6351e+00
4.6214e+00
4.6221e+00
4.6092e+00
4.6034e+00
4.5904e+00
4.5796e+00
4.5731e+00
4.5630e+00
4.5464e+00
4.5443e+00
4.5335e+00
4.5212e+00
4.5154e+00
4.5075e+00
4.4887e+00
4.4772e+00
4.4656e+00
4.4548e+00
4.4382e+00
4.4346e+00
4.4187e+00
4.4122e+00
4.4035e+00
4.3963e+00
4.3833e+00
4.3761e+00
4.3652e+00
4.3551e+00
4.3515e+00
4.3421e+00
4.3276e+00
4.3197e+00
4.3095e+00
4.3016e+00
4.2878e+00
4.2828e+00
4.2726e+00
4.2618e+00
4.2531e+00
4.2480e+00
4.2386e+00
4.2321e+00
4.2270e+00
4.2147e+00
4.2046e+00
4.1995e+00
4.1937e+00
4.1915e+00
4.1850e+00
4.1835e+00
4.1734e+00
4.1618e+00
4.1567e+00
4.1517e+00
4.1357e+00
4.1306e+00
4.1263e+00
4.1183e+00
4.1168e+00
4.1045e+00
4.0951e+00
4.0958e+00
4.0944e+00
4.0886e+00
4.0886e+00
4.0857e+00
4.0799e+00
4.0806e+00
4.0769e+00
4.0726e+00
4.0719e+00
4.0675e+00
4.0559e+00
4.0574e+00
4.0588e+00
4.0537e+00
4.0486e+00
4.0501e+00
4.0334e+00
4.0298e+00
4.0290e+00
4.0261e+00
4.0167e+00
4.0196e+00
4.0073e+00
4.0014e+00
3.9927e+00
3.9913e+00
3.9847e+00
3.9789e+00
3.9709e+00
3.9622e+00
3.9564e+00
3.9549e+00
3.9513e+00
3.9462e+00
3.9404e+00
3.9411e+00
3.9404e+00
3.9411e+00
3.9455e+00
3.9382e+00
3.9491e+00
3.9564e+00
3.9666e+00
3.9717e+00
3.9869e+00
3.9920e+00
4.0138e+00
4.0218e+00
4.0421e+00
4.0465e+00
4.0704e+00
4.0849e+00
4.1110e+00
4.1190e+00
4.1466e+00
4.1611e+00
4.1930e+00
4.2154e+00
4.2458e+00
4.2560e+00
4.2893e+00
4.2987e+00
4.3428e+00
4.3630e+00
4.3898e+00
4.4107e+00
4.4425e+00
4.4620e+00
4.4858e+00
4.5017e+00
4.5327e+00
4.5587e+00
4.5875e+00
4.6092e+00
4.6322e+00
4.6502e+00
4.6718e+00
4.6877e+00
4.7085e+00
4.7287e+00
4.7495e+00
4.7625e+00
4.7747e+00
4.7977e+00
4.8056e+00
4.8178e+00
4.8265e+00
4.8459e+00
4.8566e+00
4.8703e+00
4.8832e+00
4.8911e+00
4.9026e+00
4.9112e+00
4.9205e+00
4.9334e+00
4.9399e+00
4.9464e+00
4.9456e+00
4.9557e+00
4.9657e+00
4.9693e+00
4.9722e+00
4.9801e+00
4.9815e+00
4.9880e+00
4.9880e+00
4.9894e+00
4.9894e+00
4.9951e+00
4.9915e+00
4.9973e+00
4.9937e+00
4.9987e+00
4.9973e+00
4.9944e+00
4.9844e+00
4.9966e+00
4.9822e+00
4.9858e+00
4.9844e+00
4.9880e+00
4.9786e+00
4.9822e+00
4.9729e+00
4.9686e+00
4.9571e+00
4.9578e+00
4.9428e+00
4.9392e+00
4.9263e+00
4.9291e+00
4.9198e+00
4.9177e+00
4.9012e+00
4.8983e+00
4.8839e+00
4.8782e+00
4.8624e+00
4.8631e+00
4.8459e+00
4.8423e+00
4.8272e+00
4.8214e+00
4.8063e+00
4.7941e+00
4.7733e+00
4.7740e+00
4.7575e+00
4.7416e+00
4.7272e+00
4.7222e+00
4.7013e+00
4.6877e+00
4.6754e+00
4.6675e+00
4.6581e+00
4.6488e+00
4.6322e+00
4.6279e+00
4.6099e+00
4.6005e+00
4.5875e+00
4.5854e+00
4.5688e+00
4.5587e+00
4.5436e+00
4.5342e+00
4.5183e+00
4.5039e+00
4.4902e+00
4.4894e+00
4.4736e+00
4.4562e+00
4.4447e+00
4.4367e+00
4.4172e+00
4.4064e+00
4.3905e+00
4.3847e+00
4.3710e+00
4.3573e+00
4.3385e+00
4.3211e+00
4.3052e+00
4.2936e+00
4.2799e+00
4.2712e+00
4.2545e+00
4.2422e+00
4.2190e+00
4.2118e+00
4.2009e+00
4.1930e+00
4.1712e+00
4.1531e+00
4.1408e+00
4.1321e+00
4.1190e+00
4.1060e+00
4.0893e+00
4.0791e+00
4.0690e+00
4.0610e+00
4.0530e+00
4.0421e+00
4.0240e+00
4.0196e+00
4.0073e+00
3.9993e+00
3.9847e+00
3.9753e+00
3.9579e+00
3.9491e+00
3.9397e+00
3.9360e+00
3.9200e+00
3.9070e+00
3.8975e+00
3.8808e+00
3.8669e+00
3.8517e+00
3.8386e+00
3.8291e+00
3.8087e+00
3.7956e+00
3.7898e+00
3.7759e+00
3.7570e+00
3.7424e+00
3.7337e+00
3.7227e+00
3.7133e+00
3.7067e+00
3.6972e+00
3.6812e+00
3.6666e+00
3.6556e+00
3.6425e+00
3.6301e+00
3.6199e+00
3.6104e+00
3.5987e+00
3.5870e+00
3.5783e+00
3.5680e+00
3.5549e+00
3.5388e+00
3.5264e+00
3.5198e+00
3.5147e+00
3.5052e+00
3.4949e+00
3.4847e+00
3.4701e+00
3.4657e+00
3.4569e+00
3.4474e+00
3.4416e+00
3.4262e+00
3.4072e+00
3.3947e+00
3.3779e+00
3.3698e+00
3.3618e+00
3.3478e+00
3.3376e+00
3.3332e+00
3.3244e+00
3.3171e+00
3.3024e+00
3.2885e+00
3.2767e+00
3.2635e+00
3.2511e+00
3.2459e+00
3.2393e+00
3.2283e+00
3.2122e+00
3.2019e+00
3.1953e+00
3.1865e+00
3.1769e+00
3.1681e+00
3.1637e+00
3.1549e+00
3.1483e+00
3.1373e+00
3.1263e+00
3.1197e+00
3.1094e+00
3.0954e+00
3.0866e+00
3.0807e+00
3.0675e+00
3.0586e+00
3.0557e+00
3.0491e+00
3.0388e+00
3.0270e+00
3.0167e+00
3.0086e+00
3.0005e+00
2.9961e+00
2.9888e+00
2.9829e+00
2.9718e+00
2.9630e+00
2.9586e+00
2.9542e+00
2.9512e+00
2.9357e+00
2.9313e+00
2.9291e+00
2.9269e+00
2.9232e+00
2.9122e+00
2.9033e+00
2.9011e+00
2.9004e+00
2.8937e+00
2.8856e+00
2.8797e+00
2.8761e+00
2.8694e+00
2.8635e+00
2.8569e+00
2.8473e+00
2.8399e+00
2.8348e+00
2.8274e+00
2.8274e+00
2.8208e+00
2.8185e+00
2.8163e+00
2.8075e+00
2.8038e+00
2.7994e+00
2.7853e+00
2.7802e+00
2.7757e+00
2.7661e+00
2.7661e+00
2.7661e+00
2.7713e+00
2.7669e+00
2.7691e+00
2.7625e+00
2.7691e+00
2.7706e+00
2.7713e+00
2.7706e+00
2.7853e+00
2.7905e+00
2.7957e+00
2.7949e+00
2.8126e+00
2.8237e+00
2.8377e+00
2.8407e+00
2.8532e+00
2.8672e+00
2.8834e+00
2.8960e+00
2.9195e+00
2.9313e+00
2.9453e+00
2.9622e+00
2.9777e+00
2.9880e+00
3.0027e+00
3.0219e+00
3.0564e+00
3.0726e+00
3.0866e+00
3.0939e+00
3.1160e+00
3.1299e+00
3.1432e+00
3.1623e+00
3.1740e+00
3.1909e+00
3.2012e+00
3.2159e+00
3.2269e+00
3.2606e+00
3.2679e+00
3.2848e+00
3.2943e+00
3.3105e+00
3.3288e+00
3.3383e+00
3.3552e+00
3.3625e+00
3.3720e+00
3.3801e+00
3.3830e+00
3.3925e+00
3.3976e+00
3.4042e+00
3.4086e+00
3.4101e+00
3.4152e+00
3.4159e+00
3.4189e+00
3.4203e+00
3.4203e+00
3.4181e+00
3.4167e+00
3.4240e+00
3.4167e+00
3.4167e+00
3.4086e+00
3.4086e+00
3.4020e+00
3.4093e+00
3.3954e+00
3.3867e+00
3.3771e+00
3.3779e+00
3.3618e+00
3.3654e+00
3.3588e+00
3.3544e+00
3.3478e+00
3.3405e+00
3.3317e+00
3.3237e+00
3.3119e+00
3.3105e+00
3.2921e+00
3.2877e+00
3.2716e+00
3.2701e+00
3.2540e+00
3.2459e+00
3.2305e+00
3.2239e+00
3.2151e+00
3.2048e+00
3.1953e+00
3.1828e+00
3.1755e+00
3.1630e+00
3.1483e+00
3.1395e+00
3.1351e+00
3.1299e+00
3.1233e+00
3.1050e+00
3.0998e+00
3.0881e+00
3.0829e+00
3.0719e+00
3.0601e+00
3.0483e+00
3.0447e+00
3.0329e+00
3.0278e+00
3.0167e+00
3.0182e+00
3.0057e+00
3.0005e+00
2.9895e+00
2.9954e+00
2.9836e+00
2.9910e+00
2.9858e+00
2.9924e+00
2.9873e+00
3.0064e+00
2.9983e+00
3.0123e+00
3.0189e+00
3.0358e+00
3.0395e+00
3.0572e+00
3.0660e+00
3.0881e+00
3.1042e+00
3.1233e+00
3.1351e+00
3.1579e+00
3.1725e+00
3.2048e+00
3.2188e+00
3.2474e+00
3.2701e+00
3.2987e+00
3.3075e+00
3.3368e+00
3.3603e+00
3.3859e+00
3.4145e+00
3.4423e+00
3.4679e+00
3.4935e+00
3.5125e+00
3.5432e+00
3.5775e+00
3.5980e+00
3.6294e+00
3.6498e+00
3.6753e+00
3.7060e+00
3.7359e+00
3.7541e+00
3.7767e+00
3.7854e+00
3.8065e+00
3.8145e+00
3.8371e+00
3.8480e+00
3.8669e+00
3.8720e+00
3.8830e+00
3.8902e+00
3.8968e+00
3.9062e+00
3.9237e+00
3.9259e+00
3.9368e+00
3.9390e+00
3.9469e+00
3.9455e+00
3.9484e+00
3.9426e+00
3.9506e+00
3.9491e+00
3.9491e+00
3.9448e+00
3.9579e+00
3.9491e+00
3.9484e+00
3.9382e+00
3.9346e+00
3.9302e+00
3.9230e+00
3.9099e+00
3.9084e+00
3.9033e+00
3.8960e+00
3.8859e+00
3.8779e+00
3.8626e+00
3.8502e+00
3.8400e+00
3.8349e+00
3.8145e+00
3.8029e+00
3.7905e+00
3.7774e+00
3.7563e+00
3.7490e+00
3.7300e+00
3.7206e+00
3.6994e+00
3.6877e+00
3.6731e+00
3.6600e+00
3.6440e+00
3.6337e+00
3.6140e+00
3.6002e+00
3.5841e+00
3.5739e+00
3.5563e+00
3.5395e+00
3.5271e+00
3.5191e+00
3.4964e+00
3.4847e+00
3.4642e+00
3.4496e+00
3.4342e+00
3.4196e+00
3.4035e+00
3.3830e+00
3.3610e+00
3.3522e+00
3.3332e+00
3.3163e+00
3.2987e+00
3.2833e+00
3.2679e+00
3.2555e+00
3.2379e+00
3.2254e+00
3.2048e+00
3.1902e+00
3.1725e+00
3.1564e+00
3.1366e+00
3.1233e+00
3.0976e+00
3.0895e+00
3.0763e+00
3.0609e+00
3.0498e+00
3.0329e+00
3.0152e+00
3.0064e+00
2.9895e+00
2.9726e+00
2.9622e+00
2.9460e+00
2.9269e+00
2.9158e+00
2.9026e+00
2.8878e+00
2.8746e+00
2.8598e+00
2.8436e+00
2.8296e+00
2.8171e+00
2.8016e+00
2.7868e+00
2.7765e+00
2.7529e+00
2.7440e+00
2.7366e+00
2.7211e+00
2.7012e+00
2.6886e+00
2.6760e+00
2.6590e+00
2.6450e+00
2.6354e+00
2.6250e+00
2.6095e+00
2.5917e+00
2.5806e+00
2.5658e+00
2.5525e+00
2.5414e+00
2.5288e+00
2.5185e+00
2.4999e+00
2.4888e+00
2.4785e+00
2.4718e+00
2.4562e+00
2.4451e+00
2.4340e+00
2.4266e+00
2.4192e+00
2.4021e+00
2.3865e+00
2.3806e+00
2.3798e+00
2.3717e+00
2.3568e+00
2.3546e+00
2.3368e+00
2.3398e+00
2.3242e+00
2.3130e+00
2.3116e+00
2.3108e+00
2.3064e+00
2.3056e+00
2.3093e+00
2.3019e+00
2.3049e+00
2.3041e+00
2.3123e+00
2.3160e+00
2.3197e+00
2.3220e+00
2.3227e+00
2.3338e+00
2.3502e+00
2.3531e+00
2.3606e+00
2.3732e+00
2.3880e+00
2.3939e+00
2.4184e+00
2.4243e+00
2.4370e+00
2.4414e+00
2.4607e+00
2.4718e+00
2.4851e+00
2.4925e+00
2.5155e+00
2.5207e+00
2.5340e+00
2.5444e+00
2.5621e+00
2.5614e+00
2.5755e+00
2.5829e+00
2.5984e+00
2.6028e+00
2.6139e+00
2.6198e+00
2.6309e+00
2.6383e+00
2.6561e+00
2.6546e+00
2.6598e+00
2.6627e+00
2.6738e+00
2.6657e+00
2.6790e+00
2.6775e+00
2.6797e+00
2.6775e+00
2.6982e+00
2.6945e+00
2.7012e+00
2.6989e+00
2.6997e+00
2.6975e+00
2.7026e+00
2.6982e+00
2.6960e+00
2.6856e+00
2.6930e+00
2.6849e+00
2.6834e+00
2.6783e+00
2.6790e+00
2.6709e+00
2.6657e+00
2.6546e+00
2.6546e+00
2.6435e+00
2.6435e+00
2.6302e+00
2.6317e+00
2.6161e+00
2.6132e+00
2.5969e+00
2.5903e+00
2.5806e+00
2.5769e+00
2.5629e+00
2.5533e+00
2.5451e+00
2.5436e+00
2.5310e+00
2.5177e+00
2.5029e+00
2.5014e+00
2.4844e+00
2.4785e+00
2.4644e+00
2.4584e+00
2.4451e+00
2.4303e+00
2.4125e+00
2.4080e+00
2.3947e+00
2.3858e+00
2.3709e+00
2.3620e+00
2.3472e+00
2.3368e+00
2.3190e+00
2.3034e+00
2.2893e+00
2.2819e+00
2.2729e+00
2.2551e+00
2.2425e+00
2.2336e+00
2.2157e+00
2.2016e+00
2.1845e+00
2.1793e+00
2.1681e+00
2.1532e+00
2.1376e+00
2.1212e+00
2.1041e+00
2.0959e+00
2.0825e+00
2.0631e+00
2.0475e+00
2.0356e+00
2.0214e+00
2.0073e+00
1.9946e+00
1.9864e+00
1.9692e+00
1.9491e+00
1.9319e+00
1.9155e+00
1.9043e+00
1.8939e+00
1.8812e+00
1.8632e+00
1.8498e+00
1.8393e+00
1.8304e+00
1.8124e+00
1.7982e+00
1.7855e+00
1.7751e+00
1.7564e+00
1.7422e+00
1.7212e+00
1.7122e+00
1.7010e+00
1.6778e+00
1.6673e+00
1.6538e+00
1.6374e+00
1.6261e+00
1.6141e+00
1.6014e+00
1.5939e+00
1.5827e+00
1.5624e+00
1.5504e+00
1.5347e+00
1.5204e+00
1.5062e+00
1.4957e+00
1.4814e+00
1.4709e+00
1.4529e+00
1.4379e+00
1.4161e+00
1.4071e+00
1.3965e+00
1.3838e+00
1.3650e+00
1.3492e+00
1.3394e+00
1.3304e+00
1.3123e+00
1.2965e+00
1.2837e+00
1.2807e+00
1.2612e+00
1.2491e+00
1.2371e+00
1.2273e+00
1.2175e+00
1.2017e+00
1.1904e+00
1.1821e+00
1.1678e+00
1.1527e+00
1.1437e+00
1.1293e+00
1.1127e+00
1.1075e+00
1.0999e+00
1.0909e+00
1.0735e+00
1.0637e+00
1.0501e+00
1.0396e+00
1.0305e+00
1.0260e+00
1.0139e+00
1.0026e+00
9.8745e-01
9.8292e-01
9.6856e-01
9.6328e-01
9.5421e-01
9.4892e-01
9.3002e-01
9.2624e-01
9.1037e-01
9.0507e-01
8.9297e-01
8.9675e-01
8.8692e-01
8.8163e-01
8.6801e-01
8.6120e-01
8.5137e-01
8.5212e-01
8.4304e-01
8.3699e-01
8.2715e-01
8.1731e-01
8.0292e-01
8.0141e-01
7.8702e-01
7.8399e-01
7.7187e-01
7.7415e-01
7.6657e-01
7.6430e-01
7.5445e-01
7.5066e-01
7.3702e-01
7.3020e-01
7.1732e-01
7.0595e-01
7.0064e-01
6.8927e-01
6.8017e-01
6.6879e-01
6.6348e-01
6.5210e-01
6.4300e-01
6.3086e-01
6.2023e-01
6.0961e-01
6.0429e-01
5.9291e-01
5.8683e-01
5.7544e-01
5.7013e-01
5.5874e-01
5.4962e-01
5.4050e-01
5.3443e-01
5.2379e-01
5.0935e-01
5.0251e-01
4.9035e-01
4.8655e-01
4.7742e-01
4.6982e-01
4.5993e-01
4.5537e-01
4.4548e-01
4.4320e-01
4.2798e-01
4.2722e-01
4.1809e-01
4.0896e-01
4.0211e-01
3.9907e-01
3.9146e-01
3.8385e-01
3.7547e-01
3.7014e-01
3.5948e-01
3.4882e-01
3.4882e-01
3.4577e-01
3.4121e-01
3.3130e-01
3.3130e-01
3.2140e-01
3.0921e-01
3.0235e-01
3.0006e-01
2.9168e-01
2.8101e-01
2.7415e-01
2.6195e-01
2.5814e-01
2.5280e-01
2.4136e-01
2.3297e-01
2.2916e-01
2.2992e-01
2.2077e-01
2.1162e-01
2.0246e-01
1.9712e-01
1.8796e-01
1.8415e-01
1.7880e-01
1.6506e-01
1.5208e-01
1.4674e-01
1.3758e-01
1.2918e-01
1.2307e-01
1.1925e-01
1.0703e-01
9.3273e-02
9.0216e-02
8.6396e-02
7.4169e-02
5.9646e-02
5.0473e-02
4.8179e-02
3.6711e-02
3.2887e-02
2.4476e-02
1.0709e-02
2.2950e-03
0000
