2.5406e+00
2.5321e+00
2.5270e+00
2.5181e+00
2.5064e+00
2.4920e+00
2.4873e+00
2.4810e+00
2.4732e+00
2.4619e+00
2.4530e+00
2.4522e+00
2.4428e+00
2.4389e+00
2.4222e+00
2.4136e+00
2.4069e+00
2.3968e+00
2.3874e+00
2.3765e+00
2.3660e+00
2.3581e+00
2.3503e+00
2.3425e+00
2.3265e+00
2.3132e+00
2.3066e+00
2.2980e+00
2.2913e+00
2.2851e+00
2.2761e+00
2.2616e+00
2.2526e+00
2.2471e+00
2.2373e+00
2.2228e+00
2.2174e+00
2.2103e+00
2.1970e+00
2.1856e+00
2.1821e+00
2.1676e+00
2.1621e+00
2.1515e+00
2.1457e+00
2.1406e+00
2.1268e+00
2.1139e+00
2.1068e+00
2.0959e+00
2.0864e+00
2.0747e+00
2.0645e+00
2.0531e+00
2.0429e+00
2.0322e+00
2.0224e+00
2.0157e+00
2.0067e+00
1.9929e+00
1.9843e+00
1.9709e+00
1.9650e+00
1.9544e+00
1.9406e+00
1.9269e+00
1.9202e+00
1.9166e+00
1.9080e+00
1.8891e+00
1.8824e+00
1.8717e+00
1.8627e+00
1.8457e+00
1.8331e+00
1.8233e+00
1.8189e+00
1.8055e+00
1.7949e+00
1.7901e+00
1.7818e+00
1.7645e+00
1.7522e+00
1.7412e+00
1.7360e+00
1.7218e+00
1.7116e+00
1.7048e+00
1.6973e+00
1.6867e+00
1.6736e+00
1.6617e+00
1.6542e+00
1.6463e+00
1.6325e+00
1.6186e+00
1.6079e+00
1.5937e+00
1.5866e+00
1.5751e+00
1.5632e+00
1.5430e+00
1.5446e+00
1.5434e+00
1.5299e+00
1.5236e+00
1.5133e+00
1.5022e+00
1.4998e+00
1.4942e+00
1.4871e+00
1.4887e+00
1.4871e+00
1.4855e+00
1.4843e+00
1.4823e+00
1.4780e+00
1.4807e+00
1.4867e+00
1.4982e+00
1.5069e+00
1.5033e+00
1.5141e+00
1.5283e+00
1.5450e+00
1.5525e+00
1.5695e+00
1.5782e+00
1.5929e+00
1.6064e+00
1.6265e+00
1.6368e+00
1.6598e+00
1.6701e+00
1.6851e+00
1.6961e+00
1.7127e+00
1.7234e+00
1.7392e+00
1.7514e+00
1.7708e+00
1.7807e+00
1.8000e+00
1.8055e+00
1.8315e+00
1.8410e+00
1.8674e+00
1.8642e+00
1.8765e+00
1.8875e+00
1.9021e+00
1.9044e+00
1.9253e+00
1.9308e+00
1.9430e+00
1.9434e+00
1.9599e+00
1.9619e+00
1.9697e+00
1.9717e+00
1.9819e+00
1.9859e+00
1.9918e+00
1.9957e+00
2.0008e+00
2.0028e+00
2.0087e+00
2.0099e+00
2.0197e+00
2.0346e+00
2.0432e+00
2.0578e+00
2.0739e+00
2.0896e+00
2.1061e+00
2.1323e+00
2.1610e+00
2.1900e+00
2.2197e+00
2.2549e+00
2.2890e+00
2.3371e+00
2.3820e+00
2.4350e+00
2.4935e+00
2.5589e+00
2.6223e+00
2.6946e+00
2.7675e+00
2.8454e+00
2.9236e+00
3.0062e+00
3.1019e+00
3.1870e+00
3.2839e+00
3.3645e+00
3.4687e+00
3.5502e+00
3.6503e+00
3.7326e+00
3.8301e+00
3.9183e+00
4.0173e+00
4.0968e+00
4.1876e+00
4.2741e+00
4.3638e+00
4.4379e+00
4.5229e+00
4.6047e+00
4.6696e+00
4.7437e+00
4.8106e+00
4.8767e+00
4.9543e+00
5.0097e+00
5.0771e+00
5.1347e+00
5.2026e+00
5.2575e+00
5.3104e+00
5.3489e+00
5.4051e+00
5.4572e+00
5.5126e+00
5.5605e+00
5.6080e+00
5.6375e+00
5.6735e+00
5.7107e+00
5.7430e+00
5.7698e+00
5.8013e+00
5.8234e+00
5.8457e+00
5.8644e+00
5.8791e+00
5.8897e+00
5.9018e+00
5.9161e+00
5.9267e+00
5.9292e+00
5.9322e+00
5.9395e+00
5.9490e+00
5.9446e+00
5.9479e+00
5.9538e+00
5.9516e+00
5.9413e+00
5.9409e+00
5.9369e+00
5.9208e+00
5.9124e+00
5.9021e+00
5.8930e+00
5.8743e+00
5.8593e+00
5.8329e+00
5.8245e+00
5.8046e+00
5.7889e+00
5.7691e+00
5.7441e+00
5.7213e+00
5.7059e+00
5.6761e+00
5.6658e+00
5.6408e+00
5.6161e+00
5.5915e+00
5.5841e+00
5.5605e+00
5.5487e+00
5.5196e+00
5.5063e+00
5.4849e+00
5.4735e+00
5.4495e+00
5.4303e+00
5.4096e+00
5.3859e+00
5.3604e+00
5.3449e+00
5.3234e+00
5.3093e+00
5.2860e+00
5.2649e+00
5.2397e+00
5.2171e+00
5.1941e+00
5.1726e+00
5.1432e+00
5.1328e+00
5.1098e+00
5.0979e+00
5.0801e+00
5.0563e+00
5.0302e+00
5.0194e+00
4.9945e+00
4.9841e+00
4.9636e+00
4.9487e+00
4.9315e+00
4.9144e+00
4.8957e+00
4.8804e+00
4.8618e+00
4.8509e+00
4.8356e+00
4.8240e+00
4.8095e+00
4.7964e+00
4.7844e+00
4.7717e+00
4.7568e+00
4.7455e+00
4.7272e+00
4.7107e+00
4.7122e+00
4.6988e+00
4.6902e+00
4.6830e+00
4.6718e+00
4.6564e+00
4.6576e+00
4.6609e+00
4.6557e+00
4.6662e+00
4.6726e+00
4.6744e+00
4.6969e+00
4.7051e+00
4.7134e+00
4.7384e+00
4.7732e+00
4.7983e+00
4.8285e+00
4.8696e+00
4.9073e+00
4.9479e+00
4.9930e+00
5.0466e+00
5.0994e+00
5.1510e+00
5.2052e+00
5.2682e+00
5.3219e+00
5.3752e+00
5.4373e+00
5.4986e+00
5.5576e+00
5.6205e+00
5.6812e+00
5.7518e+00
5.7991e+00
5.8615e+00
5.9270e+00
5.9805e+00
6.0375e+00
6.0838e+00
6.1327e+00
6.1801e+00
6.2253e+00
6.2617e+00
6.3213e+00
6.3561e+00
6.3968e+00
6.4389e+00
6.4784e+00
6.5135e+00
6.5638e+00
6.5960e+00
6.6264e+00
6.6545e+00
6.6870e+00
6.7213e+00
6.7559e+00
6.7797e+00
6.8154e+00
6.8362e+00
6.8517e+00
6.8690e+00
6.8805e+00
6.9010e+00
6.9103e+00
6.9186e+00
6.9283e+00
6.9416e+00
6.9455e+00
6.9516e+00
6.9599e+00
6.9811e+00
6.9804e+00
6.9929e+00
7.0030e+00
7.0180e+00
7.0202e+00
7.0299e+00
7.0535e+00
7.0650e+00
7.0772e+00
7.0854e+00
7.1112e+00
7.1159e+00
7.1313e+00
7.1366e+00
7.1531e+00
7.1467e+00
7.1660e+00
7.1660e+00
7.1821e+00
7.1821e+00
7.1860e+00
7.1846e+00
7.1928e+00
7.1892e+00
7.1942e+00
7.1896e+00
7.1928e+00
7.1842e+00
7.1817e+00
7.1753e+00
7.1789e+00
7.1635e+00
7.1563e+00
7.1474e+00
7.1402e+00
7.1248e+00
7.1195e+00
7.0998e+00
7.0854e+00
7.0668e+00
7.0621e+00
7.0431e+00
7.0256e+00
7.0084e+00
6.9962e+00
6.9793e+00
6.9674e+00
6.9499e+00
6.9340e+00
6.9211e+00
6.8999e+00
6.8827e+00
6.8686e+00
6.8575e+00
6.8370e+00
6.8226e+00
6.8236e+00
6.8161e+00
6.8139e+00
6.8168e+00
6.8172e+00
6.8265e+00
6.8380e+00
6.8593e+00
6.8827e+00
6.9136e+00
6.9405e+00
6.9678e+00
7.0127e+00
7.0539e+00
7.0965e+00
7.1402e+00
7.1899e+00
7.2493e+00
7.3010e+00
7.3659e+00
7.4247e+00
7.4823e+00
7.5434e+00
7.6077e+00
7.6736e+00
7.7360e+00
7.7943e+00
7.8466e+00
7.9119e+00
7.9690e+00
8.0275e+00
8.0708e+00
8.1379e+00
8.1870e+00
8.2459e+00
8.2862e+00
8.3325e+00
8.3832e+00
8.4234e+00
8.4698e+00
8.5078e+00
8.5455e+00
8.5796e+00
8.6131e+00
8.6475e+00
8.6799e+00
8.7129e+00
8.7379e+00
8.7650e+00
8.7931e+00
8.8205e+00
8.8458e+00
8.8641e+00
8.8756e+00
8.8918e+00
8.9050e+00
8.9136e+00
8.9199e+00
8.9313e+00
8.9320e+00
8.9337e+00
8.9309e+00
8.9351e+00
8.9320e+00
8.9334e+00
8.9226e+00
8.9181e+00
8.9130e+00
8.9116e+00
8.9022e+00
8.8870e+00
8.8808e+00
8.8672e+00
8.8430e+00
8.8284e+00
8.8184e+00
8.7924e+00
8.7705e+00
8.7438e+00
8.7240e+00
8.7143e+00
8.6896e+00
8.6656e+00
8.6315e+00
8.6120e+00
8.5835e+00
8.5619e+00
8.5256e+00
8.5064e+00
8.4715e+00
8.4426e+00
8.4164e+00
8.3895e+00
8.3552e+00
8.3311e+00
8.2901e+00
8.2568e+00
8.2172e+00
8.1962e+00
8.1681e+00
8.1435e+00
8.1101e+00
8.0718e+00
8.0331e+00
7.9997e+00
7.9655e+00
7.9341e+00
7.9056e+00
7.8742e+00
7.8441e+00
7.8169e+00
7.7897e+00
7.7547e+00
7.7207e+00
7.6875e+00
7.6584e+00
7.6311e+00
7.6148e+00
7.5797e+00
7.5559e+00
7.5310e+00
7.5164e+00
7.4862e+00
7.4756e+00
7.4475e+00
7.4290e+00
7.4101e+00
7.4019e+00
7.3837e+00
7.3716e+00
7.3609e+00
7.3631e+00
7.3513e+00
7.3495e+00
7.3517e+00
7.3602e+00
7.3556e+00
7.3542e+00
7.3563e+00
7.3652e+00
7.3748e+00
7.3780e+00
7.3816e+00
7.3866e+00
7.3951e+00
7.4026e+00
7.4062e+00
7.4176e+00
7.4314e+00
7.4350e+00
7.4379e+00
7.4549e+00
7.4628e+00
7.4670e+00
7.4681e+00
7.4770e+00
7.4777e+00
7.4816e+00
7.4820e+00
7.4941e+00
7.4887e+00
7.5005e+00
7.4997e+00
7.5022e+00
7.5026e+00
7.5076e+00
7.5072e+00
7.5140e+00
7.5069e+00
7.5268e+00
7.5310e+00
7.5459e+00
7.5502e+00
7.5726e+00
7.5850e+00
7.6095e+00
7.6290e+00
7.6517e+00
7.6697e+00
7.7006e+00
7.7151e+00
7.7508e+00
7.7802e+00
7.8123e+00
7.8434e+00
7.8802e+00
7.9253e+00
7.9581e+00
8.0007e+00
8.0310e+00
8.0718e+00
8.1052e+00
8.1351e+00
8.1618e+00
8.1983e+00
8.2253e+00
8.2586e+00
8.2806e+00
8.3016e+00
8.3234e+00
8.3510e+00
8.3730e+00
8.3965e+00
8.4069e+00
8.4174e+00
8.4324e+00
8.4478e+00
8.4534e+00
8.4677e+00
8.4722e+00
8.4831e+00
8.4907e+00
8.4949e+00
8.4974e+00
8.5009e+00
8.4939e+00
8.4970e+00
8.4893e+00
8.4855e+00
8.4824e+00
8.4715e+00
8.4642e+00
8.4590e+00
8.4569e+00
8.4384e+00
8.4310e+00
8.4227e+00
8.4237e+00
8.4069e+00
8.3933e+00
8.3793e+00
8.3706e+00
8.3566e+00
8.3395e+00
8.3234e+00
8.3136e+00
8.3027e+00
8.2848e+00
8.2673e+00
8.2435e+00
8.2274e+00
8.2112e+00
8.1842e+00
8.1653e+00
8.1530e+00
8.1284e+00
8.0975e+00
8.0827e+00
8.0683e+00
8.0465e+00
8.0208e+00
8.0014e+00
7.9806e+00
7.9637e+00
7.9405e+00
7.9179e+00
7.8960e+00
7.8858e+00
7.8660e+00
7.8509e+00
7.8244e+00
7.8092e+00
7.7897e+00
7.7742e+00
7.7519e+00
7.7367e+00
7.7183e+00
7.7048e+00
7.6797e+00
7.6619e+00
7.6393e+00
7.6254e+00
7.6017e+00
7.5861e+00
7.5655e+00
7.5459e+00
7.5328e+00
7.5125e+00
7.4980e+00
7.4763e+00
7.4592e+00
7.4347e+00
7.4147e+00
7.3937e+00
7.3802e+00
7.3534e+00
7.3431e+00
7.3135e+00
7.2939e+00
7.2821e+00
7.2668e+00
7.2410e+00
7.2246e+00
7.2082e+00
7.1885e+00
7.1742e+00
7.1481e+00
7.1366e+00
7.1119e+00
7.0987e+00
7.0743e+00
7.0492e+00
7.0274e+00
7.0141e+00
6.9919e+00
6.9710e+00
6.9466e+00
6.9261e+00
6.9085e+00
6.8931e+00
6.8690e+00
6.8499e+00
6.8319e+00
6.8067e+00
6.7894e+00
6.7639e+00
6.7512e+00
6.7271e+00
6.7065e+00
6.6910e+00
6.6740e+00
6.6513e+00
6.6361e+00
6.6202e+00
6.6000e+00
6.5812e+00
6.5617e+00
6.5349e+00
6.5215e+00
6.5048e+00
6.4842e+00
6.4610e+00
6.4454e+00
6.4197e+00
6.4008e+00
6.3779e+00
6.3594e+00
6.3471e+00
6.3206e+00
6.3024e+00
6.2835e+00
6.2635e+00
6.2420e+00
6.2234e+00
6.1976e+00
6.1856e+00
6.1644e+00
6.1404e+00
6.1189e+00
6.1094e+00
6.0820e+00
6.0718e+00
6.0462e+00
6.0316e+00
6.0130e+00
5.9954e+00
5.9713e+00
5.9505e+00
5.9358e+00
5.9194e+00
5.9003e+00
5.8758e+00
5.8516e+00
5.8406e+00
5.8241e+00
5.8006e+00
5.7848e+00
5.7650e+00
5.7467e+00
5.7224e+00
5.7118e+00
5.6948e+00
5.6805e+00
5.6592e+00
5.6415e+00
5.6246e+00
5.6054e+00
5.5852e+00
5.5612e+00
5.5465e+00
5.5332e+00
5.5141e+00
5.5000e+00
5.4823e+00
5.4694e+00
5.4594e+00
5.4480e+00
5.4269e+00
5.4096e+00
5.3963e+00
5.3807e+00
5.3696e+00
5.3597e+00
5.3489e+00
5.3389e+00
5.3256e+00
5.3101e+00
5.2964e+00
5.2864e+00
5.2730e+00
5.2627e+00
5.2579e+00
5.2441e+00
5.2241e+00
5.2126e+00
5.2089e+00
5.1989e+00
5.1963e+00
5.1833e+00
5.1781e+00
5.1633e+00
5.1562e+00
5.1440e+00
5.1380e+00
5.1276e+00
5.1172e+00
5.1068e+00
5.0946e+00
5.0864e+00
5.0775e+00
5.0637e+00
5.0596e+00
5.0477e+00
5.0403e+00
5.0258e+00
5.0176e+00
5.0083e+00
4.9960e+00
4.9826e+00
4.9680e+00
4.9543e+00
4.9475e+00
4.9438e+00
4.9319e+00
4.9207e+00
4.9136e+00
4.9017e+00
4.8879e+00
4.8733e+00
4.8584e+00
4.8450e+00
4.8323e+00
4.8173e+00
4.8106e+00
4.7953e+00
4.7811e+00
4.7680e+00
4.7527e+00
4.7459e+00
4.7351e+00
4.7190e+00
4.7063e+00
4.6973e+00
4.6864e+00
4.6699e+00
4.6594e+00
4.6460e+00
4.6261e+00
4.6130e+00
4.6032e+00
4.5920e+00
4.5743e+00
4.5612e+00
4.5559e+00
4.5451e+00
4.5289e+00
4.5176e+00
4.5049e+00
4.4943e+00
4.4774e+00
4.4643e+00
4.4564e+00
4.4458e+00
4.4285e+00
4.4165e+00
4.4007e+00
4.3774e+00
4.3657e+00
4.3566e+00
4.3495e+00
4.3325e+00
4.3205e+00
4.3069e+00
4.2933e+00
4.2801e+00
4.2680e+00
4.2541e+00
4.2367e+00
4.2337e+00
4.2224e+00
4.2076e+00
4.1986e+00
4.1853e+00
4.1759e+00
4.1615e+00
4.1528e+00
4.1453e+00
4.1309e+00
4.1120e+00
4.1074e+00
4.1010e+00
4.0862e+00
4.0764e+00
4.0688e+00
4.0593e+00
4.0450e+00
4.0427e+00
4.0161e+00
4.0192e+00
4.0120e+00
4.0021e+00
3.9930e+00
3.9873e+00
3.9729e+00
3.9684e+00
3.9574e+00
3.9426e+00
3.9407e+00
3.9285e+00
3.9133e+00
3.9133e+00
3.8985e+00
3.8871e+00
3.8772e+00
3.8677e+00
3.8567e+00
3.8525e+00
3.8491e+00
3.8404e+00
3.8297e+00
3.8156e+00
3.8054e+00
3.7978e+00
3.8000e+00
3.7814e+00
3.7734e+00
3.7677e+00
3.7623e+00
3.7521e+00
3.7353e+00
3.7288e+00
3.7166e+00
3.7048e+00
3.6949e+00
3.6911e+00
3.6758e+00
3.6716e+00
3.6644e+00
3.6545e+00
3.6468e+00
3.6377e+00
3.6220e+00
3.6060e+00
3.5968e+00
3.5930e+00
3.5773e+00
3.5651e+00
3.5548e+00
3.5429e+00
3.5299e+00
3.5234e+00
3.5284e+00
3.5131e+00
3.5001e+00
3.4905e+00
3.4852e+00
3.4844e+00
3.4706e+00
3.4641e+00
3.4588e+00
3.4538e+00
3.4388e+00
3.4335e+00
3.4208e+00
3.4166e+00
3.4013e+00
3.4001e+00
3.3978e+00
3.3883e+00
3.3783e+00
3.3756e+00
3.3729e+00
3.3614e+00
3.3495e+00
3.3457e+00
3.3372e+00
3.3303e+00
3.3307e+00
3.3215e+00
3.3196e+00
3.3088e+00
3.3023e+00
3.2946e+00
3.2923e+00
3.2843e+00
3.2827e+00
3.2804e+00
3.2758e+00
3.2724e+00
3.2693e+00
3.2704e+00
3.2758e+00
3.2770e+00
3.2873e+00
3.2919e+00
3.2989e+00
3.3123e+00
3.3323e+00
3.3430e+00
3.3599e+00
3.3867e+00
3.4044e+00
3.4270e+00
3.4469e+00
3.4810e+00
3.5093e+00
3.5410e+00
3.5666e+00
3.6102e+00
3.6392e+00
3.6747e+00
3.7025e+00
3.7452e+00
3.7806e+00
3.8183e+00
3.8525e+00
3.8936e+00
3.9152e+00
3.9646e+00
3.9904e+00
4.0287e+00
4.0593e+00
4.0999e+00
4.1301e+00
4.1683e+00
4.1925e+00
4.2333e+00
4.2533e+00
4.2861e+00
4.3159e+00
4.3487e+00
4.3642e+00
4.3947e+00
4.4067e+00
4.4312e+00
4.4530e+00
4.4778e+00
4.4917e+00
4.5071e+00
4.5180e+00
4.5405e+00
4.5548e+00
4.5657e+00
4.5725e+00
4.5927e+00
4.6032e+00
4.6171e+00
4.6163e+00
4.6283e+00
4.6332e+00
4.6415e+00
4.6445e+00
4.6527e+00
4.6549e+00
4.6591e+00
4.6613e+00
4.6602e+00
4.6613e+00
4.6602e+00
4.6594e+00
4.6602e+00
4.6613e+00
4.6553e+00
4.6508e+00
4.6415e+00
4.6358e+00
4.6313e+00
4.6231e+00
4.6190e+00
4.6115e+00
4.5965e+00
4.5856e+00
4.5755e+00
4.5649e+00
4.5511e+00
4.5421e+00
4.5252e+00
4.5161e+00
4.5049e+00
4.4857e+00
4.4677e+00
4.4522e+00
4.4364e+00
4.4203e+00
4.4045e+00
4.3879e+00
4.3691e+00
4.3540e+00
4.3401e+00
4.3216e+00
4.3027e+00
4.2831e+00
4.2658e+00
4.2518e+00
4.2333e+00
4.2118e+00
4.2012e+00
4.1846e+00
4.1645e+00
4.1396e+00
4.1226e+00
4.1089e+00
4.0923e+00
4.0760e+00
4.0593e+00
4.0465e+00
4.0256e+00
4.0089e+00
3.9972e+00
3.9813e+00
3.9608e+00
3.9490e+00
3.9353e+00
3.9198e+00
3.9004e+00
3.8898e+00
3.8826e+00
3.8594e+00
3.8476e+00
3.8388e+00
3.8267e+00
3.8202e+00
3.8035e+00
3.7818e+00
3.7795e+00
3.7715e+00
3.7589e+00
3.7521e+00
3.7372e+00
3.7243e+00
3.7166e+00
3.7102e+00
3.6991e+00
3.6831e+00
3.6777e+00
3.6709e+00
3.6590e+00
3.6503e+00
3.6423e+00
3.6308e+00
3.6182e+00
3.6117e+00
3.5964e+00
3.5911e+00
3.5819e+00
3.5754e+00
3.5640e+00
3.5563e+00
3.5422e+00
3.5387e+00
3.5265e+00
3.5227e+00
3.5173e+00
3.5024e+00
3.4898e+00
3.4775e+00
3.4660e+00
3.4630e+00
3.4549e+00
3.4431e+00
3.4270e+00
3.4216e+00
3.4067e+00
3.3898e+00
3.3825e+00
3.3779e+00
3.3610e+00
3.3503e+00
3.3430e+00
3.3303e+00
3.3119e+00
3.3134e+00
3.3023e+00
3.2919e+00
3.2793e+00
3.2689e+00
3.2578e+00
3.2474e+00
3.2331e+00
3.2185e+00
3.2066e+00
3.1966e+00
3.1851e+00
3.1789e+00
3.1674e+00
3.1550e+00
3.1362e+00
3.1262e+00
3.1119e+00
3.0942e+00
3.0830e+00
3.0761e+00
3.0645e+00
3.0564e+00
3.0390e+00
3.0263e+00
3.0190e+00
3.0101e+00
3.0004e+00
2.9865e+00
2.9738e+00
2.9599e+00
2.9429e+00
2.9379e+00
2.9259e+00
2.9212e+00
2.9112e+00
2.8926e+00
2.8829e+00
2.8659e+00
2.8636e+00
2.8504e+00
2.8388e+00
2.8311e+00
2.8183e+00
2.8020e+00
2.7896e+00
2.7788e+00
2.7726e+00
2.7605e+00
2.7528e+00
2.7369e+00
2.7218e+00
2.7144e+00
2.7078e+00
2.6930e+00
2.6825e+00
2.6732e+00
2.6701e+00
2.6538e+00
2.6379e+00
2.6371e+00
2.6247e+00
2.6122e+00
2.6006e+00
2.5920e+00
2.5788e+00
2.5683e+00
2.5605e+00
2.5601e+00
2.5457e+00
2.5430e+00
2.5348e+00
2.5297e+00
2.5212e+00
2.5103e+00
2.5068e+00
2.4994e+00
2.4931e+00
2.4845e+00
2.4717e+00
2.4651e+00
2.4616e+00
2.4565e+00
2.4561e+00
2.4417e+00
2.4409e+00
2.4397e+00
2.4311e+00
2.4222e+00
2.4257e+00
2.4202e+00
2.4124e+00
2.4105e+00
2.3960e+00
2.3882e+00
2.3843e+00
2.3804e+00
2.3706e+00
2.3617e+00
2.3632e+00
2.3578e+00
2.3523e+00
2.3456e+00
2.3351e+00
2.3230e+00
2.3171e+00
2.3152e+00
2.3120e+00
2.3031e+00
2.3019e+00
2.2933e+00
2.2808e+00
2.2698e+00
2.2667e+00
2.2616e+00
2.2506e+00
2.2412e+00
2.2346e+00
2.2295e+00
2.2264e+00
2.2213e+00
2.2123e+00
2.2056e+00
2.1970e+00
2.1821e+00
2.1802e+00
2.1755e+00
2.1711e+00
2.1625e+00
2.1523e+00
2.1437e+00
2.1421e+00
2.1315e+00
2.1198e+00
2.1166e+00
2.1049e+00
2.0998e+00
2.0876e+00
2.0762e+00
2.0672e+00
2.0648e+00
2.0546e+00
2.0432e+00
2.0381e+00
2.0267e+00
2.0118e+00
2.0036e+00
1.9985e+00
1.9961e+00
1.9890e+00
1.9780e+00
1.9678e+00
1.9591e+00
1.9544e+00
1.9410e+00
1.9391e+00
1.9312e+00
1.9237e+00
1.9178e+00
1.9025e+00
1.8958e+00
1.8828e+00
1.8784e+00
1.8686e+00
1.8615e+00
1.8497e+00
1.8382e+00
1.8296e+00
1.8213e+00
1.8142e+00
1.8039e+00
1.7980e+00
1.7925e+00
1.7795e+00
1.7739e+00
1.7668e+00
1.7550e+00
1.7451e+00
1.7380e+00
1.7297e+00
1.7202e+00
1.7100e+00
1.7060e+00
1.6997e+00
1.6882e+00
1.6752e+00
1.6629e+00
1.6578e+00
1.6491e+00
1.6475e+00
1.6392e+00
1.6297e+00
1.6202e+00
1.6139e+00
1.6048e+00
1.5973e+00
1.5893e+00
1.5846e+00
1.5751e+00
1.5711e+00
1.5592e+00
1.5450e+00
1.5398e+00
1.5359e+00
1.5259e+00
1.5184e+00
1.5133e+00
1.5065e+00
1.4982e+00
1.4930e+00
1.4871e+00
1.4784e+00
1.4768e+00
1.4696e+00
1.4621e+00
1.4545e+00
1.4430e+00
1.4422e+00
1.4363e+00
1.4252e+00
1.4204e+00
1.4081e+00
1.4140e+00
1.4089e+00
1.4049e+00
1.3934e+00
1.3803e+00
1.3739e+00
1.3703e+00
1.3636e+00
1.3501e+00
1.3413e+00
1.3353e+00
1.3330e+00
1.3194e+00
1.3163e+00
1.3059e+00
1.2999e+00
1.2896e+00
1.2872e+00
1.2788e+00
1.2677e+00
1.2621e+00
1.2601e+00
1.2538e+00
1.2522e+00
1.2434e+00
1.2298e+00
1.2259e+00
1.2223e+00
1.2131e+00
1.2023e+00
1.1924e+00
1.1824e+00
1.1760e+00
1.1657e+00
1.1621e+00
1.1581e+00
1.1485e+00
1.1397e+00
1.1373e+00
1.1301e+00
1.1154e+00
1.1082e+00
1.0970e+00
1.0878e+00
1.0866e+00
1.0826e+00
1.0734e+00
1.0602e+00
1.0482e+00
1.0430e+00
1.0414e+00
1.0390e+00
1.0266e+00
1.0274e+00
1.0159e+00
1.0046e+00
9.9705e-01
9.8944e-01
9.8384e-01
9.7544e-01
9.6943e-01
9.7023e-01
9.5982e-01
9.4941e-01
9.4020e-01
9.2658e-01
9.1776e-01
9.1336e-01
9.0534e-01
8.9452e-01
8.8851e-01
8.8169e-01
8.7608e-01
8.6605e-01
8.5362e-01
8.4880e-01
8.4078e-01
8.3155e-01
8.2432e-01
8.1309e-01
8.0345e-01
7.9221e-01
7.8337e-01
7.8217e-01
7.8096e-01
7.7735e-01
7.6891e-01
7.6168e-01
7.5364e-01
7.4319e-01
7.3475e-01
7.2470e-01
7.2148e-01
7.1103e-01
7.0982e-01
6.9534e-01
6.9132e-01
6.8528e-01
6.8126e-01
6.7643e-01
6.6919e-01
6.5590e-01
6.5671e-01
6.3980e-01
6.3698e-01
6.2812e-01
6.2007e-01
6.1483e-01
6.0677e-01
5.9750e-01
5.9186e-01
5.8783e-01
5.7574e-01
5.6647e-01
5.5719e-01
5.5397e-01
5.5195e-01
5.3945e-01
5.2492e-01
5.2291e-01
5.1887e-01
5.1080e-01
4.9910e-01
5.0475e-01
4.9425e-01
4.8456e-01
4.7891e-01
4.7204e-01
4.5791e-01
4.5144e-01
4.4498e-01
4.4053e-01
4.3245e-01
4.2316e-01
4.1345e-01
4.0901e-01
4.0052e-01
3.9647e-01
3.9000e-01
3.8070e-01
3.7180e-01
3.6168e-01
3.5845e-01
3.5278e-01
3.4266e-01
3.3173e-01
3.2242e-01
3.2242e-01
3.1351e-01
3.0662e-01
2.9933e-01
3.0014e-01
2.8475e-01
2.7178e-01
2.6935e-01
2.6894e-01
2.6084e-01
2.5395e-01
2.5070e-01
2.4341e-01
2.3773e-01
2.3164e-01
2.3367e-01
2.3408e-01
2.2475e-01
2.1664e-01
2.0568e-01
2.0122e-01
1.9797e-01
1.9189e-01
1.8864e-01
1.8945e-01
1.8742e-01
1.8417e-01
1.8011e-01
1.8377e-01
1.7727e-01
1.7768e-01
1.8093e-01
1.8539e-01
1.8742e-01
1.8011e-01
1.7524e-01
1.7687e-01
1.8255e-01
1.8701e-01
1.8823e-01
1.9554e-01
2.0406e-01
2.1501e-01
2.2069e-01
2.4138e-01
2.4705e-01
2.6611e-01
2.7786e-01
3.0865e-01
3.2485e-01
3.4023e-01
3.5885e-01
3.8353e-01
4.0537e-01
4.3124e-01
4.5750e-01
4.8335e-01
5.0838e-01
5.3985e-01
5.7373e-01
5.9831e-01
6.3094e-01
6.7040e-01
6.9735e-01
7.3234e-01
7.6770e-01
7.9662e-01
8.3115e-01
8.6766e-01
9.0775e-01
9.3619e-01
9.6102e-01
9.9625e-01
1.0334e+00
1.0658e+00
1.0902e+00
1.1158e+00
1.1461e+00
1.1792e+00
1.2047e+00
1.2402e+00
1.2645e+00
1.2948e+00
1.3254e+00
1.3548e+00
1.3755e+00
1.4041e+00
1.4291e+00
1.4506e+00
1.4752e+00
1.4990e+00
1.5192e+00
1.5418e+00
1.5596e+00
1.5834e+00
1.5961e+00
1.6131e+00
1.6297e+00
1.6515e+00
1.6574e+00
1.6720e+00
1.6815e+00
1.6894e+00
1.7033e+00
1.7198e+00
1.7321e+00
1.7435e+00
1.7514e+00
1.7597e+00
1.7735e+00
1.7850e+00
1.8004e+00
1.8047e+00
1.8024e+00
1.8130e+00
1.8142e+00
1.8236e+00
1.8189e+00
1.8233e+00
1.8272e+00
1.8201e+00
1.8217e+00
1.8197e+00
1.8169e+00
1.8166e+00
1.8122e+00
1.8098e+00
1.8047e+00
1.7992e+00
1.8035e+00
1.7956e+00
1.7917e+00
1.7878e+00
1.7799e+00
1.7696e+00
1.7609e+00
1.7479e+00
1.7424e+00
1.7388e+00
1.7293e+00
1.7100e+00
1.7080e+00
1.7005e+00
1.6867e+00
1.6701e+00
1.6614e+00
1.6519e+00
1.6428e+00
1.6242e+00
1.6289e+00
1.6178e+00
1.6052e+00
1.5830e+00
1.5818e+00
1.5695e+00
1.5604e+00
1.5406e+00
1.5331e+00
1.5133e+00
1.5002e+00
1.4899e+00
1.4776e+00
1.4696e+00
1.4589e+00
1.4414e+00
1.4307e+00
1.4148e+00
1.4057e+00
1.3910e+00
1.3775e+00
1.3687e+00
1.3604e+00
1.3493e+00
1.3361e+00
1.3170e+00
1.3091e+00
1.2960e+00
1.2832e+00
1.2685e+00
1.2617e+00
1.2478e+00
1.2406e+00
1.2235e+00
1.2103e+00
1.2063e+00
1.1880e+00
1.1808e+00
1.1724e+00
1.1593e+00
1.1529e+00
1.1425e+00
1.1341e+00
1.1146e+00
1.1038e+00
1.0922e+00
1.0750e+00
1.0654e+00
1.0590e+00
1.0474e+00
1.0338e+00
1.0171e+00
1.0131e+00
1.0046e+00
9.9505e-01
9.8064e-01
9.6863e-01
9.5261e-01
9.4380e-01
9.3739e-01
9.2378e-01
9.1135e-01
8.9572e-01
8.8690e-01
8.8089e-01
8.6244e-01
8.5281e-01
8.4198e-01
8.2994e-01
8.1750e-01
8.0787e-01
8.0144e-01
7.9823e-01
7.8659e-01
7.6730e-01
7.5525e-01
7.4802e-01
7.3676e-01
7.2912e-01
7.1706e-01
7.0379e-01
6.9977e-01
6.9735e-01
6.8368e-01
6.6919e-01
6.5913e-01
6.5349e-01
6.3819e-01
6.2691e-01
6.2087e-01
6.1161e-01
6.0113e-01
5.9025e-01
5.8138e-01
5.7211e-01
5.6848e-01
5.5719e-01
5.4509e-01
5.3622e-01
5.2331e-01
5.1201e-01
5.0959e-01
5.0232e-01
4.9264e-01
4.8537e-01
4.7770e-01
4.6679e-01
4.5871e-01
4.5144e-01
4.4215e-01
4.3164e-01
4.2275e-01
4.1143e-01
4.0294e-01
3.9769e-01
3.9162e-01
3.8393e-01
3.7301e-01
3.6775e-01
3.5683e-01
3.5197e-01
3.4145e-01
3.2404e-01
3.1959e-01
3.1716e-01
3.0581e-01
2.9285e-01
2.9002e-01
2.7421e-01
2.6449e-01
2.5922e-01
2.5111e-01
2.4787e-01
2.4178e-01
2.3448e-01
2.1907e-01
2.1136e-01
2.0325e-01
1.9594e-01
1.9067e-01
1.8417e-01
1.7565e-01
1.7646e-01
1.6875e-01
1.6144e-01
1.5697e-01
1.4479e-01
1.3260e-01
1.3341e-01
1.3097e-01
1.2569e-01
1.1594e-01
1.1553e-01
1.0700e-01
9.2364e-02
8.1386e-02
8.3012e-02
7.5286e-02
6.9185e-02
6.3898e-02
5.4948e-02
4.4370e-02
4.1114e-02
4.1521e-02
3.3382e-02
2.5242e-02
2.2393e-02
1.1401e-02
8.5510e-03
4.8870e-03
0000
