5.8330e-01
5.7834e-01
5.6924e-01
5.6180e-01
5.5270e-01
5.4278e-01
5.3533e-01
5.2871e-01
5.1217e-01
5.0058e-01
4.9810e-01
4.8071e-01
4.6333e-01
4.4180e-01
4.1861e-01
4.1198e-01
3.9706e-01
3.6888e-01
3.5645e-01
3.4401e-01
3.2245e-01
3.0835e-01
2.9424e-01
2.8097e-01
2.6105e-01
2.6022e-01
2.3365e-01
2.1455e-01
2.0376e-01
1.9379e-01
1.7634e-01
1.6138e-01
1.4476e-01
1.3728e-01
1.1234e-01
1.0319e-01
8.7387e-02
8.0732e-02
5.9933e-02
5.2443e-02
4.3289e-02
3.1636e-02
2.4145e-02
1.6652e-02
1.0824e-02
5.8290e-03
4.9960e-03
0000
6.6610e-03
1.6650e-03
4.1630e-03
7.4940e-03
1.9150e-02
2.9972e-02
4.1624e-02
5.9100e-02
7.9900e-02
1.0153e-01
1.3562e-01
1.5806e-01
1.8631e-01
2.2037e-01
2.6354e-01
3.1498e-01
3.5977e-01
4.1281e-01
4.7409e-01
5.3864e-01
6.0562e-01
6.7749e-01
7.5673e-01
8.4496e-01
9.3062e-01
1.0154e+00
1.1058e+00
1.2002e+00
1.2961e+00
1.3911e+00
1.5163e+00
1.6184e+00
1.7342e+00
1.8409e+00
1.9467e+00
2.0653e+00
2.1480e+00
2.2429e+00
2.3174e+00
2.3958e+00
2.4613e+00
2.5388e+00
2.6025e+00
2.6718e+00
2.7371e+00
2.8054e+00
2.8866e+00
2.9557e+00
3.0159e+00
3.0873e+00
3.1361e+00
3.2154e+00
3.2666e+00
3.3362e+00
3.3889e+00
3.4575e+00
3.5093e+00
3.5508e+00
3.5795e+00
3.6177e+00
3.6575e+00
3.6957e+00
3.7172e+00
3.7299e+00
3.7402e+00
3.7442e+00
3.7482e+00
3.7522e+00
3.7458e+00
3.7402e+00
3.7450e+00
3.7275e+00
3.7219e+00
3.7116e+00
3.7044e+00
3.6822e+00
3.6710e+00
3.6432e+00
3.6344e+00
3.6145e+00
3.6026e+00
3.5874e+00
3.5723e+00
3.5556e+00
3.5333e+00
3.5205e+00
3.5117e+00
3.5109e+00
3.5197e+00
3.5388e+00
3.5691e+00
3.6209e+00
3.6949e+00
3.7903e+00
3.8959e+00
4.0378e+00
4.2031e+00
4.3879e+00
4.5981e+00
4.8353e+00
5.1007e+00
5.3566e+00
5.6512e+00
5.9425e+00
6.2950e+00
6.6000e+00
7.0267e+00
7.3478e+00
7.7735e+00
8.1284e+00
8.5341e+00
8.9034e+00
9.2984e+00
9.6633e+00
1.0031e+01
1.0413e+01
1.0789e+01
1.1170e+01
1.1543e+01
1.1916e+01
1.2288e+01
1.2703e+01
1.3079e+01
1.3434e+01
1.3727e+01
1.4050e+01
1.4291e+01
1.4620e+01
1.4863e+01
1.5136e+01
1.5359e+01
1.5602e+01
1.5786e+01
1.6024e+01
1.6178e+01
1.6402e+01
1.6559e+01
1.6726e+01
1.6867e+01
1.7048e+01
1.7178e+01
1.7391e+01
1.7552e+01
1.7765e+01
1.7899e+01
1.8082e+01
1.8216e+01
1.8340e+01
1.8456e+01
1.8523e+01
1.8633e+01
1.8695e+01
1.8790e+01
1.8826e+01
1.8914e+01
1.8977e+01
1.9036e+01
1.9113e+01
1.9173e+01
1.9271e+01
1.9351e+01
1.9440e+01
1.9491e+01
1.9579e+01
1.9638e+01
1.9746e+01
1.9858e+01
1.9996e+01
2.0118e+01
2.0260e+01
2.0400e+01
2.0579e+01
2.0717e+01
2.0899e+01
2.1075e+01
2.1270e+01
2.1439e+01
2.1629e+01
2.1801e+01
2.1997e+01
2.2154e+01
2.2339e+01
2.2514e+01
2.2716e+01
2.2839e+01
2.3051e+01
2.3165e+01
2.3408e+01
2.3539e+01
2.3723e+01
2.3899e+01
2.4061e+01
2.4216e+01
2.4357e+01
2.4497e+01
2.4675e+01
2.4810e+01
2.4974e+01
2.5075e+01
2.5235e+01
2.5325e+01
2.5445e+01
2.5547e+01
2.5648e+01
2.5767e+01
2.5862e+01
2.5982e+01
2.6106e+01
2.6240e+01
2.6314e+01
2.6398e+01
2.6473e+01
2.6521e+01
2.6564e+01
2.6600e+01
2.6627e+01
2.6650e+01
2.6654e+01
2.6660e+01
2.6642e+01
2.6632e+01
2.6602e+01
2.6585e+01
2.6546e+01
2.6522e+01
2.6479e+01
2.6449e+01
2.6391e+01
2.6358e+01
2.6305e+01
2.6261e+01
2.6197e+01
2.6148e+01
2.6085e+01
2.6030e+01
2.5959e+01
2.5894e+01
2.5834e+01
2.5774e+01
2.5702e+01
2.5637e+01
2.5560e+01
2.5480e+01
2.5398e+01
2.5323e+01
2.5231e+01
2.5144e+01
2.5063e+01
2.4993e+01
2.4894e+01
2.4831e+01
2.4743e+01
2.4673e+01
2.4593e+01
2.4538e+01
2.4463e+01
2.4411e+01
2.4344e+01
2.4292e+01
2.4215e+01
2.4161e+01
2.4110e+01
2.4047e+01
2.3955e+01
2.3900e+01
2.3833e+01
2.3766e+01
2.3699e+01
2.3634e+01
2.3571e+01
2.3504e+01
2.3430e+01
2.3388e+01
2.3327e+01
2.3285e+01
2.3232e+01
2.3193e+01
2.3140e+01
2.3092e+01
2.3065e+01
2.3010e+01
2.2959e+01
2.2908e+01
2.2861e+01
2.2823e+01
2.2783e+01
2.2760e+01
2.2701e+01
2.2674e+01
2.2634e+01
2.2596e+01
2.2551e+01
2.2522e+01
2.2474e+01
2.2452e+01
2.2415e+01
2.2393e+01
2.2364e+01
2.2343e+01
2.2308e+01
2.2270e+01
2.2229e+01
2.2182e+01
2.2144e+01
2.2114e+01
2.2071e+01
2.2047e+01
2.2017e+01
2.1993e+01
2.1961e+01
2.1939e+01
2.1919e+01
2.1884e+01
2.1879e+01
2.1865e+01
2.1871e+01
2.1874e+01
2.1873e+01
2.1884e+01
2.1881e+01
2.1897e+01
2.1909e+01
2.1922e+01
2.1952e+01
2.1982e+01
2.2027e+01
2.2079e+01
2.2159e+01
2.2206e+01
2.2313e+01
2.2368e+01
2.2479e+01
2.2549e+01
2.2672e+01
2.2759e+01
2.2895e+01
2.2991e+01
2.3118e+01
2.3237e+01
2.3372e+01
2.3483e+01
2.3619e+01
2.3723e+01
2.3847e+01
2.3946e+01
2.4051e+01
2.4152e+01
2.4249e+01
2.4349e+01
2.4445e+01
2.4533e+01
2.4623e+01
2.4708e+01
2.4786e+01
2.4863e+01
2.4957e+01
2.5033e+01
2.5142e+01
2.5222e+01
2.5323e+01
2.5388e+01
2.5485e+01
2.5581e+01
2.5644e+01
2.5731e+01
2.5821e+01
2.5897e+01
2.5991e+01
2.6074e+01
2.6173e+01
2.6229e+01
2.6318e+01
2.6392e+01
2.6459e+01
2.6517e+01
2.6590e+01
2.6636e+01
2.6705e+01
2.6728e+01
2.6775e+01
2.6821e+01
2.6856e+01
2.6878e+01
2.6893e+01
2.6891e+01
2.6901e+01
2.6877e+01
2.6874e+01
2.6848e+01
2.6835e+01
2.6819e+01
2.6780e+01
2.6762e+01
2.6722e+01
2.6688e+01
2.6655e+01
2.6613e+01
2.6581e+01
2.6536e+01
2.6501e+01
2.6452e+01
2.6415e+01
2.6366e+01
2.6330e+01
2.6280e+01
2.6229e+01
2.6183e+01
2.6115e+01
2.6064e+01
2.6004e+01
2.5951e+01
2.5893e+01
2.5836e+01
2.5801e+01
2.5744e+01
2.5691e+01
2.5641e+01
2.5596e+01
2.5566e+01
2.5537e+01
2.5500e+01
2.5455e+01
2.5440e+01
2.5398e+01
2.5374e+01
2.5317e+01
2.5279e+01
2.5227e+01
2.5187e+01
2.5120e+01
2.5094e+01
2.5047e+01
2.5023e+01
2.4971e+01
2.4946e+01
2.4902e+01
2.4875e+01
2.4826e+01
2.4792e+01
2.4741e+01
2.4713e+01
2.4659e+01
2.4630e+01
2.4575e+01
2.4532e+01
2.4485e+01
2.4434e+01
2.4364e+01
2.4337e+01
2.4275e+01
2.4238e+01
2.4184e+01
2.4141e+01
2.4080e+01
2.4038e+01
2.3986e+01
2.3948e+01
2.3903e+01
2.3859e+01
2.3821e+01
2.3772e+01
2.3731e+01
2.3692e+01
2.3656e+01
2.3598e+01
2.3564e+01
2.3500e+01
2.3465e+01
2.3410e+01
2.3366e+01
2.3322e+01
2.3279e+01
2.3234e+01
2.3204e+01
2.3168e+01
2.3139e+01
2.3101e+01
2.3054e+01
2.3012e+01
2.2977e+01
2.2947e+01
2.2900e+01
2.2863e+01
2.2838e+01
2.2790e+01
2.2751e+01
2.2715e+01
2.2675e+01
2.2640e+01
2.2619e+01
2.2596e+01
2.2575e+01
2.2558e+01
2.2565e+01
2.2544e+01
2.2520e+01
2.2493e+01
2.2472e+01
2.2450e+01
2.2421e+01
2.2408e+01
2.2380e+01
2.2372e+01
2.2335e+01
2.2315e+01
2.2296e+01
2.2279e+01
2.2262e+01
2.2239e+01
2.2221e+01
2.2201e+01
2.2188e+01
2.2178e+01
2.2161e+01
2.2162e+01
2.2149e+01
2.2157e+01
2.2162e+01
2.2181e+01
2.2195e+01
2.2233e+01
2.2265e+01
2.2326e+01
2.2367e+01
2.2439e+01
2.2501e+01
2.2583e+01
2.2669e+01
2.2778e+01
2.2862e+01
2.2998e+01
2.3085e+01
2.3214e+01
2.3318e+01
2.3450e+01
2.3556e+01
2.3683e+01
2.3784e+01
2.3904e+01
2.4006e+01
2.4107e+01
2.4220e+01
2.4317e+01
2.4428e+01
2.4497e+01
2.4605e+01
2.4667e+01
2.4753e+01
2.4828e+01
2.4915e+01
2.4986e+01
2.5076e+01
2.5141e+01
2.5221e+01
2.5286e+01
2.5355e+01
2.5411e+01
2.5480e+01
2.5535e+01
2.5587e+01
2.5642e+01
2.5694e+01
2.5722e+01
2.5771e+01
2.5803e+01
2.5850e+01
2.5869e+01
2.5902e+01
2.5916e+01
2.5936e+01
2.5946e+01
2.5963e+01
2.5949e+01
2.5984e+01
2.5968e+01
2.5966e+01
2.5961e+01
2.5954e+01
2.5936e+01
2.5920e+01
2.5897e+01
2.5883e+01
2.5854e+01
2.5823e+01
2.5793e+01
2.5762e+01
2.5719e+01
2.5684e+01
2.5637e+01
2.5616e+01
2.5576e+01
2.5535e+01
2.5495e+01
2.5457e+01
2.5432e+01
2.5395e+01
2.5351e+01
2.5314e+01
2.5296e+01
2.5259e+01
2.5256e+01
2.5209e+01
2.5188e+01
2.5139e+01
2.5107e+01
2.5064e+01
2.5027e+01
2.4989e+01
2.4944e+01
2.4903e+01
2.4858e+01
2.4813e+01
2.4780e+01
2.4738e+01
2.4702e+01
2.4667e+01
2.4646e+01
2.4624e+01
2.4610e+01
2.4581e+01
2.4567e+01
2.4549e+01
2.4533e+01
2.4501e+01
2.4504e+01
2.4468e+01
2.4455e+01
2.4427e+01
2.4421e+01
2.4398e+01
2.4408e+01
2.4414e+01
2.4425e+01
2.4445e+01
2.4464e+01
2.4506e+01
2.4553e+01
2.4590e+01
2.4644e+01
2.4696e+01
2.4765e+01
2.4844e+01
2.4918e+01
2.4992e+01
2.5073e+01
2.5161e+01
2.5232e+01
2.5310e+01
2.5385e+01
2.5472e+01
2.5548e+01
2.5644e+01
2.5713e+01
2.5815e+01
2.5900e+01
2.5996e+01
2.6103e+01
2.6203e+01
2.6325e+01
2.6407e+01
2.6538e+01
2.6629e+01
2.6712e+01
2.6778e+01
2.6849e+01
2.6923e+01
2.6969e+01
2.7010e+01
2.7059e+01
2.7106e+01
2.7132e+01
2.7197e+01
2.7217e+01
2.7260e+01
2.7272e+01
2.7291e+01
2.7297e+01
2.7316e+01
2.7317e+01
2.7328e+01
2.7328e+01
2.7330e+01
2.7336e+01
2.7301e+01
2.7302e+01
2.7280e+01
2.7274e+01
2.7249e+01
2.7223e+01
2.7186e+01
2.7166e+01
2.7136e+01
2.7109e+01
2.7068e+01
2.7037e+01
2.7015e+01
2.6980e+01
2.6938e+01
2.6899e+01
2.6859e+01
2.6816e+01
2.6780e+01
2.6739e+01
2.6681e+01
2.6625e+01
2.6559e+01
2.6498e+01
2.6440e+01
2.6390e+01
2.6322e+01
2.6280e+01
2.6219e+01
2.6156e+01
2.6098e+01
2.6045e+01
2.5994e+01
2.5940e+01
2.5889e+01
2.5836e+01
2.5784e+01
2.5743e+01
2.5689e+01
2.5638e+01
2.5584e+01
2.5546e+01
2.5502e+01
2.5465e+01
2.5409e+01
2.5382e+01
2.5336e+01
2.5307e+01
2.5273e+01
2.5245e+01
2.5208e+01
2.5192e+01
2.5144e+01
2.5126e+01
2.5083e+01
2.5059e+01
2.5034e+01
2.5023e+01
2.4999e+01
2.4986e+01
2.4963e+01
2.4938e+01
2.4904e+01
2.4892e+01
2.4852e+01
2.4858e+01
2.4846e+01
2.4845e+01
2.4817e+01
2.4816e+01
2.4792e+01
2.4781e+01
2.4764e+01
2.4752e+01
2.4732e+01
2.4725e+01
2.4713e+01
2.4701e+01
2.4680e+01
2.4671e+01
2.4660e+01
2.4642e+01
2.4629e+01
2.4616e+01
2.4601e+01
2.4580e+01
2.4575e+01
2.4551e+01
2.4535e+01
2.4514e+01
2.4495e+01
2.4481e+01
2.4461e+01
2.4444e+01
2.4420e+01
2.4402e+01
2.4386e+01
2.4363e+01
2.4354e+01
2.4334e+01
2.4310e+01
2.4285e+01
2.4264e+01
2.4231e+01
2.4210e+01
2.4193e+01
2.4174e+01
2.4171e+01
2.4161e+01
2.4162e+01
2.4159e+01
2.4158e+01
2.4177e+01
2.4185e+01
2.4222e+01
2.4261e+01
2.4313e+01
2.4377e+01
2.4449e+01
2.4530e+01
2.4627e+01
2.4714e+01
2.4831e+01
2.4937e+01
2.5057e+01
2.5197e+01
2.5345e+01
2.5494e+01
2.5641e+01
2.5791e+01
2.5955e+01
2.6086e+01
2.6257e+01
2.6370e+01
2.6531e+01
2.6638e+01
2.6789e+01
2.6900e+01
2.7037e+01
2.7138e+01
2.7261e+01
2.7330e+01
2.7462e+01
2.7531e+01
2.7657e+01
2.7724e+01
2.7831e+01
2.7894e+01
2.7992e+01
2.8083e+01
2.8186e+01
2.8247e+01
2.8338e+01
2.8370e+01
2.8448e+01
2.8488e+01
2.8553e+01
2.8570e+01
2.8609e+01
2.8607e+01
2.8631e+01
2.8605e+01
2.8639e+01
2.8634e+01
2.8626e+01
2.8605e+01
2.8599e+01
2.8578e+01
2.8535e+01
2.8518e+01
2.8475e+01
2.8467e+01
2.8417e+01
2.8385e+01
2.8338e+01
2.8304e+01
2.8239e+01
2.8202e+01
2.8144e+01
2.8083e+01
2.8023e+01
2.7996e+01
2.7946e+01
2.7910e+01
2.7857e+01
2.7825e+01
2.7781e+01
2.7758e+01
2.7708e+01
2.7681e+01
2.7634e+01
2.7623e+01
2.7577e+01
2.7566e+01
2.7527e+01
2.7516e+01
2.7476e+01
2.7462e+01
2.7442e+01
2.7422e+01
2.7393e+01
2.7388e+01
2.7373e+01
2.7373e+01
2.7352e+01
2.7342e+01
2.7345e+01
2.7349e+01
2.7352e+01
2.7364e+01
2.7344e+01
2.7365e+01
2.7367e+01
2.7389e+01
2.7389e+01
2.7388e+01
2.7385e+01
2.7398e+01
2.7394e+01
2.7410e+01
2.7409e+01
2.7432e+01
2.7432e+01
2.7452e+01
2.7448e+01
2.7462e+01
2.7452e+01
2.7457e+01
2.7444e+01
2.7444e+01
2.7450e+01
2.7443e+01
2.7448e+01
2.7446e+01
2.7466e+01
2.7479e+01
2.7463e+01
2.7457e+01
2.7449e+01
2.7437e+01
2.7423e+01
2.7407e+01
2.7392e+01
2.7370e+01
2.7352e+01
2.7335e+01
2.7297e+01
2.7281e+01
2.7250e+01
2.7232e+01
2.7205e+01
2.7175e+01
2.7149e+01
2.7120e+01
2.7081e+01
2.7049e+01
2.7011e+01
2.6975e+01
2.6946e+01
2.6913e+01
2.6875e+01
2.6847e+01
2.6826e+01
2.6813e+01
2.6788e+01
2.6784e+01
2.6755e+01
2.6758e+01
2.6737e+01
2.6749e+01
2.6726e+01
2.6736e+01
2.6724e+01
2.6725e+01
2.6721e+01
2.6720e+01
2.6712e+01
2.6717e+01
2.6709e+01
2.6719e+01
2.6720e+01
2.6722e+01
2.6718e+01
2.6713e+01
2.6722e+01
2.6711e+01
2.6722e+01
2.6704e+01
2.6710e+01
2.6702e+01
2.6695e+01
2.6700e+01
2.6695e+01
2.6665e+01
2.6674e+01
2.6636e+01
2.6619e+01
2.6589e+01
2.6594e+01
2.6554e+01
2.6553e+01
2.6533e+01
2.6528e+01
2.6504e+01
2.6500e+01
2.6471e+01
2.6461e+01
2.6438e+01
2.6414e+01
2.6394e+01
2.6370e+01
2.6355e+01
2.6330e+01
2.6305e+01
2.6276e+01
2.6249e+01
2.6229e+01
2.6193e+01
2.6166e+01
2.6132e+01
2.6111e+01
2.6084e+01
2.6056e+01
2.6036e+01
2.6006e+01
2.5980e+01
2.5943e+01
2.5918e+01
2.5882e+01
2.5857e+01
2.5822e+01
2.5800e+01
2.5761e+01
2.5736e+01
2.5702e+01
2.5673e+01
2.5633e+01
2.5602e+01
2.5561e+01
2.5535e+01
2.5503e+01
2.5477e+01
2.5448e+01
2.5430e+01
2.5393e+01
2.5366e+01
2.5342e+01
2.5314e+01
2.5292e+01
2.5264e+01
2.5245e+01
2.5227e+01
2.5207e+01
2.5182e+01
2.5157e+01
2.5142e+01
2.5122e+01
2.5103e+01
2.5071e+01
2.5069e+01
2.5050e+01
2.5040e+01
2.5011e+01
2.5006e+01
2.4985e+01
2.4968e+01
2.4954e+01
2.4936e+01
2.4909e+01
2.4884e+01
2.4865e+01
2.4859e+01
2.4837e+01
2.4814e+01
2.4783e+01
2.4771e+01
2.4741e+01
2.4718e+01
2.4713e+01
2.4698e+01
2.4681e+01
2.4661e+01
2.4651e+01
2.4624e+01
2.4608e+01
2.4594e+01
2.4569e+01
2.4558e+01
2.4535e+01
2.4515e+01
2.4494e+01
2.4483e+01
2.4460e+01
2.4440e+01
2.4418e+01
2.4396e+01
2.4387e+01
2.4368e+01
2.4342e+01
2.4333e+01
2.4307e+01
2.4301e+01
2.4280e+01
2.4265e+01
2.4244e+01
2.4238e+01
2.4220e+01
2.4200e+01
2.4178e+01
2.4156e+01
2.4146e+01
2.4125e+01
2.4107e+01
2.4066e+01
2.4046e+01
2.4029e+01
2.4004e+01
2.3975e+01
2.3948e+01
2.3925e+01
2.3901e+01
2.3890e+01
2.3870e+01
2.3847e+01
2.3821e+01
2.3809e+01
2.3787e+01
2.3774e+01
2.3750e+01
2.3739e+01
2.3728e+01
2.3704e+01
2.3693e+01
2.3676e+01
2.3662e+01
2.3645e+01
2.3631e+01
2.3608e+01
2.3599e+01
2.3574e+01
2.3569e+01
2.3552e+01
2.3528e+01
2.3515e+01
2.3502e+01
2.3492e+01
2.3478e+01
2.3468e+01
2.3458e+01
2.3436e+01
2.3425e+01
2.3413e+01
2.3395e+01
2.3360e+01
2.3340e+01
2.3313e+01
2.3292e+01
2.3276e+01
2.3258e+01
2.3248e+01
2.3223e+01
2.3212e+01
2.3183e+01
2.3184e+01
2.3169e+01
2.3159e+01
2.3141e+01
2.3134e+01
2.3114e+01
2.3109e+01
2.3081e+01
2.3068e+01
2.3054e+01
2.3033e+01
2.3015e+01
2.3004e+01
2.2987e+01
2.2979e+01
2.2967e+01
2.2956e+01
2.2930e+01
2.2915e+01
2.2899e+01
2.2886e+01
2.2871e+01
2.2855e+01
2.2846e+01
2.2834e+01
2.2823e+01
2.2809e+01
2.2791e+01
2.2779e+01
2.2763e+01
2.2730e+01
2.2713e+01
2.2695e+01
2.2674e+01
2.2660e+01
2.2643e+01
2.2627e+01
2.2612e+01
2.2603e+01
2.2578e+01
2.2565e+01
2.2544e+01
2.2539e+01
2.2525e+01
2.2513e+01
2.2504e+01
2.2493e+01
2.2484e+01
2.2482e+01
2.2473e+01
2.2473e+01
2.2460e+01
2.2457e+01
2.2440e+01
2.2431e+01
2.2411e+01
2.2418e+01
2.2403e+01
2.2389e+01
2.2377e+01
2.2364e+01
2.2350e+01
2.2343e+01
2.2333e+01
2.2317e+01
2.2303e+01
2.2275e+01
2.2257e+01
2.2234e+01
2.2215e+01
2.2198e+01
2.2179e+01
2.2165e+01
2.2150e+01
2.2137e+01
2.2127e+01
2.2116e+01
2.2089e+01
2.2082e+01
2.2065e+01
2.2049e+01
2.2032e+01
2.2025e+01
2.2015e+01
2.2011e+01
2.2004e+01
2.1993e+01
2.1981e+01
2.1967e+01
2.1966e+01
2.1969e+01
2.1960e+01
2.1954e+01
2.1947e+01
2.1946e+01
2.1946e+01
2.1955e+01
2.1959e+01
2.1966e+01
2.1967e+01
2.1976e+01
2.1977e+01
2.1971e+01
2.1974e+01
2.1962e+01
2.1973e+01
2.1967e+01
2.1971e+01
2.1982e+01
2.1989e+01
2.1999e+01
2.2018e+01
2.2023e+01
2.2040e+01
2.2043e+01
2.2061e+01
2.2070e+01
2.2083e+01
2.2094e+01
2.2101e+01
2.2108e+01
2.2122e+01
2.2133e+01
2.2137e+01
2.2146e+01
2.2150e+01
2.2150e+01
2.2153e+01
2.2148e+01
2.2165e+01
2.2171e+01
2.2167e+01
2.2170e+01
2.2169e+01
2.2170e+01
2.2166e+01
2.2169e+01
2.2159e+01
2.2153e+01
2.2142e+01
2.2118e+01
2.2097e+01
2.2076e+01
2.2063e+01
2.2054e+01
2.2037e+01
2.2026e+01
2.2009e+01
2.2000e+01
2.1985e+01
2.1967e+01
2.1954e+01
2.1943e+01
2.1917e+01
2.1906e+01
2.1895e+01
2.1881e+01
2.1863e+01
2.1858e+01
2.1833e+01
2.1825e+01
2.1798e+01
2.1779e+01
2.1766e+01
2.1754e+01
2.1736e+01
2.1721e+01
2.1692e+01
2.1681e+01
2.1657e+01
2.1645e+01
2.1618e+01
2.1607e+01
2.1589e+01
2.1576e+01
2.1553e+01
2.1537e+01
2.1513e+01
2.1474e+01
2.1453e+01
2.1430e+01
2.1411e+01
2.1393e+01
2.1368e+01
2.1356e+01
2.1320e+01
2.1308e+01
2.1290e+01
2.1266e+01
2.1250e+01
2.1233e+01
2.1214e+01
2.1199e+01
2.1177e+01
2.1170e+01
2.1152e+01
2.1143e+01
2.1122e+01
2.1111e+01
2.1092e+01
2.1081e+01
2.1059e+01
2.1043e+01
2.1029e+01
2.1026e+01
2.0997e+01
2.0983e+01
2.0971e+01
2.0960e+01
2.0948e+01
2.0933e+01
2.0924e+01
2.0914e+01
2.0905e+01
2.0883e+01
2.0859e+01
2.0835e+01
2.0813e+01
2.0795e+01
2.0771e+01
2.0753e+01
2.0737e+01
2.0732e+01
2.0718e+01
2.0703e+01
2.0685e+01
2.0670e+01
2.0658e+01
2.0637e+01
2.0628e+01
2.0621e+01
2.0605e+01
2.0590e+01
2.0574e+01
2.0563e+01
2.0554e+01
2.0541e+01
2.0533e+01
2.0516e+01
2.0510e+01
2.0504e+01
2.0481e+01
2.0472e+01
2.0455e+01
2.0452e+01
2.0434e+01
2.0424e+01
2.0407e+01
2.0404e+01
2.0381e+01
2.0372e+01
2.0358e+01
2.0331e+01
2.0310e+01
2.0289e+01
2.0262e+01
2.0247e+01
2.0234e+01
2.0229e+01
2.0211e+01
2.0201e+01
2.0186e+01
2.0178e+01
2.0160e+01
2.0148e+01
2.0135e+01
2.0136e+01
2.0117e+01
2.0104e+01
2.0089e+01
2.0075e+01
2.0064e+01
2.0057e+01
2.0039e+01
2.0028e+01
2.0021e+01
2.0008e+01
1.9992e+01
1.9985e+01
1.9968e+01
1.9967e+01
1.9951e+01
1.9938e+01
1.9933e+01
1.9921e+01
1.9910e+01
1.9905e+01
1.9882e+01
1.9866e+01
1.9849e+01
1.9833e+01
1.9815e+01
1.9807e+01
1.9790e+01
1.9786e+01
1.9775e+01
1.9765e+01
1.9744e+01
1.9737e+01
1.9730e+01
1.9712e+01
1.9707e+01
1.9697e+01
1.9693e+01
1.9681e+01
1.9673e+01
1.9660e+01
1.9654e+01
1.9652e+01
1.9640e+01
1.9624e+01
1.9619e+01
1.9605e+01
1.9605e+01
1.9596e+01
1.9585e+01
1.9576e+01
1.9567e+01
1.9561e+01
1.9553e+01
1.9545e+01
1.9532e+01
1.9525e+01
1.9514e+01
1.9496e+01
1.9472e+01
1.9456e+01
1.9442e+01
1.9426e+01
1.9399e+01
1.9385e+01
1.9370e+01
1.9354e+01
1.9341e+01
1.9333e+01
1.9313e+01
1.9303e+01
1.9293e+01
1.9275e+01
1.9270e+01
1.9262e+01
1.9247e+01
1.9236e+01
1.9221e+01
1.9210e+01
1.9196e+01
1.9191e+01
1.9177e+01
1.9164e+01
1.9143e+01
1.9135e+01
1.9127e+01
1.9125e+01
1.9110e+01
1.9098e+01
1.9080e+01
1.9070e+01
1.9058e+01
1.9054e+01
1.9033e+01
1.9028e+01
1.9016e+01
1.9010e+01
1.8988e+01
1.8971e+01
1.8951e+01
1.8931e+01
1.8904e+01
1.8894e+01
1.8883e+01
1.8860e+01
1.8846e+01
1.8838e+01
1.8822e+01
1.8812e+01
1.8792e+01
1.8782e+01
1.8765e+01
1.8745e+01
1.8724e+01
1.8717e+01
1.8700e+01
1.8691e+01
1.8664e+01
1.8664e+01
1.8640e+01
1.8636e+01
1.8625e+01
1.8615e+01
1.8600e+01
1.8588e+01
1.8578e+01
1.8555e+01
1.8544e+01
1.8525e+01
1.8523e+01
1.8511e+01
1.8496e+01
1.8484e+01
1.8470e+01
1.8464e+01
1.8445e+01
1.8428e+01
1.8407e+01
1.8384e+01
1.8366e+01
1.8338e+01
1.8318e+01
1.8306e+01
1.8288e+01
1.8274e+01
1.8258e+01
1.8250e+01
1.8233e+01
1.8219e+01
1.8195e+01
1.8181e+01
1.8167e+01
1.8153e+01
1.8134e+01
1.8127e+01
1.8117e+01
1.8108e+01
1.8087e+01
1.8073e+01
1.8057e+01
1.8050e+01
1.8037e+01
1.8025e+01
1.8008e+01
1.7997e+01
1.7979e+01
1.7967e+01
1.7961e+01
1.7951e+01
1.7934e+01
1.7931e+01
1.7917e+01
1.7907e+01
1.7892e+01
1.7876e+01
1.7863e+01
1.7843e+01
1.7827e+01
1.7804e+01
1.7785e+01
1.7768e+01
1.7753e+01
1.7745e+01
1.7735e+01
1.7717e+01
1.7712e+01
1.7699e+01
1.7687e+01
1.7673e+01
1.7656e+01
1.7660e+01
1.7644e+01
1.7640e+01
1.7627e+01
1.7620e+01
1.7614e+01
1.7612e+01
1.7603e+01
1.7583e+01
1.7589e+01
1.7575e+01
1.7573e+01
1.7563e+01
1.7557e+01
1.7544e+01
1.7538e+01
1.7538e+01
1.7526e+01
1.7518e+01
1.7510e+01
1.7507e+01
1.7499e+01
1.7486e+01
1.7469e+01
1.7453e+01
1.7440e+01
1.7418e+01
1.7400e+01
1.7387e+01
1.7378e+01
1.7368e+01
1.7360e+01
1.7342e+01
1.7331e+01
1.7320e+01
1.7308e+01
1.7292e+01
1.7279e+01
1.7272e+01
1.7262e+01
1.7247e+01
1.7236e+01
1.7226e+01
1.7210e+01
1.7197e+01
1.7176e+01
1.7167e+01
1.7152e+01
1.7143e+01
1.7118e+01
1.7106e+01
1.7087e+01
1.7080e+01
1.7065e+01
1.7050e+01
1.7027e+01
1.7016e+01
1.7002e+01
1.6991e+01
1.6977e+01
1.6956e+01
1.6933e+01
1.6911e+01
1.6884e+01
1.6854e+01
1.6838e+01
1.6822e+01
1.6799e+01
1.6786e+01
1.6766e+01
1.6748e+01
1.6729e+01
1.6715e+01
1.6692e+01
1.6680e+01
1.6662e+01
1.6655e+01
1.6640e+01
1.6623e+01
1.6606e+01
1.6594e+01
1.6579e+01
1.6565e+01
1.6552e+01
1.6542e+01
1.6530e+01
1.6520e+01
1.6519e+01
1.6500e+01
1.6501e+01
1.6501e+01
1.6481e+01
1.6475e+01
1.6470e+01
1.6466e+01
1.6456e+01
1.6443e+01
1.6427e+01
1.6406e+01
1.6398e+01
1.6388e+01
1.6379e+01
1.6372e+01
1.6367e+01
1.6364e+01
1.6352e+01
1.6352e+01
1.6347e+01
1.6334e+01
1.6325e+01
1.6330e+01
1.6331e+01
1.6331e+01
1.6326e+01
1.6325e+01
1.6315e+01
1.6318e+01
1.6317e+01
1.6319e+01
1.6308e+01
1.6306e+01
1.6296e+01
1.6305e+01
1.6293e+01
1.6284e+01
1.6277e+01
1.6280e+01
1.6267e+01
1.6268e+01
1.6257e+01
1.6255e+01
1.6238e+01
1.6218e+01
1.6195e+01
1.6178e+01
1.6158e+01
1.6147e+01
1.6130e+01
1.6124e+01
1.6111e+01
1.6094e+01
1.6077e+01
1.6067e+01
1.6052e+01
1.6042e+01
1.6027e+01
1.6019e+01
1.6007e+01
1.6000e+01
1.5977e+01
1.5975e+01
1.5962e+01
1.5946e+01
1.5933e+01
1.5925e+01
1.5909e+01
1.5893e+01
1.5882e+01
1.5870e+01
1.5857e+01
1.5847e+01
1.5833e+01
1.5818e+01
1.5804e+01
1.5791e+01
1.5772e+01
1.5764e+01
1.5749e+01
1.5733e+01
1.5721e+01
1.5698e+01
1.5675e+01
1.5643e+01
1.5621e+01
1.5597e+01
1.5578e+01
1.5563e+01
1.5547e+01
1.5528e+01
1.5510e+01
1.5491e+01
1.5473e+01
1.5452e+01
1.5435e+01
1.5425e+01
1.5405e+01
1.5390e+01
1.5372e+01
1.5361e+01
1.5347e+01
1.5333e+01
1.5316e+01
1.5299e+01
1.5281e+01
1.5261e+01
1.5247e+01
1.5236e+01
1.5224e+01
1.5208e+01
1.5189e+01
1.5173e+01
1.5155e+01
1.5145e+01
1.5130e+01
1.5122e+01
1.5101e+01
1.5088e+01
1.5071e+01
1.5056e+01
1.5037e+01
1.5008e+01
1.4982e+01
1.4953e+01
1.4931e+01
1.4913e+01
1.4895e+01
1.4880e+01
1.4863e+01
1.4847e+01
1.4825e+01
1.4807e+01
1.4784e+01
1.4769e+01
1.4752e+01
1.4742e+01
1.4725e+01
1.4711e+01
1.4694e+01
1.4680e+01
1.4665e+01
1.4654e+01
1.4636e+01
1.4626e+01
1.4613e+01
1.4603e+01
1.4586e+01
1.4580e+01
1.4568e+01
1.4554e+01
1.4546e+01
1.4532e+01
1.4532e+01
1.4523e+01
1.4513e+01
1.4503e+01
1.4503e+01
1.4488e+01
1.4484e+01
1.4471e+01
1.4468e+01
1.4448e+01
1.4452e+01
1.4432e+01
1.4434e+01
1.4428e+01
1.4425e+01
1.4414e+01
1.4418e+01
1.4412e+01
1.4411e+01
1.4413e+01
1.4414e+01
1.4417e+01
1.4418e+01
1.4419e+01
1.4421e+01
1.4429e+01
1.4432e+01
1.4430e+01
1.4430e+01
