5.2943e+00
5.2827e+00
5.2649e+00
5.2529e+00
5.2440e+00
5.2328e+00
5.2168e+00
5.2065e+00
5.1909e+00
5.1811e+00
5.1686e+00
5.1628e+00
5.1508e+00
5.1307e+00
5.1177e+00
5.1106e+00
5.0900e+00
5.0699e+00
5.0605e+00
5.0449e+00
5.0319e+00
5.0216e+00
5.0073e+00
4.9934e+00
4.9809e+00
4.9769e+00
4.9585e+00
4.9446e+00
4.9357e+00
4.9236e+00
4.9178e+00
4.9021e+00
4.8877e+00
4.8833e+00
4.8729e+00
4.8586e+00
4.8465e+00
4.8398e+00
4.8290e+00
4.8146e+00
4.8083e+00
4.8029e+00
4.7949e+00
4.7809e+00
4.7675e+00
4.7562e+00
4.7477e+00
4.7401e+00
4.7297e+00
4.7180e+00
4.6992e+00
4.6947e+00
4.6794e+00
4.6672e+00
4.6434e+00
4.6344e+00
4.6208e+00
4.6082e+00
4.5979e+00
4.5893e+00
4.5776e+00
4.5650e+00
4.5546e+00
4.5343e+00
4.5267e+00
4.5226e+00
4.5104e+00
4.4919e+00
4.4842e+00
4.4757e+00
4.4617e+00
4.4522e+00
4.4395e+00
4.4278e+00
4.4219e+00
4.4115e+00
4.4029e+00
4.3926e+00
4.3831e+00
4.3668e+00
4.3550e+00
4.3446e+00
4.3396e+00
4.3283e+00
4.3229e+00
4.3107e+00
4.2994e+00
4.2862e+00
4.2649e+00
4.2455e+00
4.2332e+00
4.2242e+00
4.2128e+00
4.2010e+00
4.1951e+00
4.1811e+00
4.1675e+00
4.1593e+00
4.1448e+00
4.1362e+00
4.1257e+00
4.1198e+00
4.1071e+00
4.0980e+00
4.0948e+00
4.0917e+00
4.0794e+00
4.0748e+00
4.0635e+00
4.0580e+00
4.0508e+00
4.0448e+00
4.0421e+00
4.0398e+00
4.0262e+00
4.0230e+00
4.0194e+00
4.0121e+00
4.0039e+00
4.0044e+00
4.0039e+00
3.9953e+00
3.9907e+00
3.9816e+00
3.9666e+00
3.9548e+00
3.9452e+00
3.9365e+00
3.9293e+00
3.9119e+00
3.9065e+00
3.9019e+00
3.8969e+00
3.8832e+00
3.8727e+00
3.8618e+00
3.8518e+00
3.8454e+00
3.8417e+00
3.8285e+00
3.8116e+00
3.8061e+00
3.8016e+00
3.7865e+00
3.7824e+00
3.7728e+00
3.7596e+00
3.7523e+00
3.7481e+00
3.7317e+00
3.7248e+00
3.7120e+00
3.7075e+00
3.6997e+00
3.6937e+00
3.6800e+00
3.6672e+00
3.6549e+00
3.6411e+00
3.6279e+00
3.6182e+00
3.5967e+00
3.5825e+00
3.5683e+00
3.5605e+00
3.5463e+00
3.5358e+00
3.5234e+00
3.5078e+00
3.4890e+00
3.4839e+00
3.4702e+00
3.4605e+00
3.4458e+00
3.4330e+00
3.4238e+00
3.4123e+00
3.3935e+00
3.3806e+00
3.3650e+00
3.3544e+00
3.3401e+00
3.3286e+00
3.3171e+00
3.3075e+00
3.2918e+00
3.2854e+00
3.2752e+00
3.2633e+00
3.2527e+00
3.2352e+00
3.2135e+00
3.1960e+00
3.1831e+00
3.1734e+00
3.1660e+00
3.1531e+00
3.1453e+00
3.1314e+00
3.1231e+00
3.1120e+00
3.1097e+00
3.1079e+00
3.1051e+00
3.0977e+00
3.1042e+00
3.1056e+00
3.1185e+00
3.1259e+00
3.1494e+00
3.1494e+00
3.1646e+00
3.1859e+00
3.2218e+00
3.2453e+00
3.2822e+00
3.3052e+00
3.3351e+00
3.3696e+00
3.4059e+00
3.4532e+00
3.4844e+00
3.5248e+00
3.5573e+00
3.6045e+00
3.6361e+00
3.6823e+00
3.7098e+00
3.7527e+00
3.7888e+00
3.8262e+00
3.8563e+00
3.9060e+00
3.9352e+00
3.9734e+00
3.9985e+00
4.0462e+00
4.0748e+00
4.1148e+00
4.1384e+00
4.1820e+00
4.1997e+00
4.2314e+00
4.2595e+00
4.2939e+00
4.3170e+00
4.3523e+00
4.3645e+00
4.3939e+00
4.4111e+00
4.4391e+00
4.4513e+00
4.4793e+00
4.4933e+00
4.5217e+00
4.5370e+00
4.5433e+00
4.5560e+00
4.5686e+00
4.5812e+00
4.5938e+00
4.5961e+00
4.5992e+00
4.5961e+00
4.5974e+00
4.6001e+00
4.5889e+00
4.5920e+00
4.5911e+00
4.5839e+00
4.5758e+00
4.5668e+00
4.5519e+00
4.5424e+00
4.5384e+00
4.5321e+00
4.5199e+00
4.4969e+00
4.4856e+00
4.4734e+00
4.4594e+00
4.4355e+00
4.4183e+00
4.4043e+00
4.3835e+00
4.3627e+00
4.3460e+00
4.3283e+00
4.2998e+00
4.2889e+00
4.2704e+00
4.2414e+00
4.2160e+00
4.2019e+00
4.1802e+00
4.1575e+00
4.1380e+00
4.1148e+00
4.0844e+00
4.0617e+00
4.0326e+00
4.0121e+00
3.9912e+00
3.9689e+00
3.9447e+00
3.9165e+00
3.8910e+00
3.8718e+00
3.8536e+00
3.8294e+00
3.8093e+00
3.7847e+00
3.7618e+00
3.7440e+00
3.7267e+00
3.7098e+00
3.6883e+00
3.6626e+00
3.6384e+00
3.6187e+00
3.6008e+00
3.5798e+00
3.5610e+00
3.5385e+00
3.5225e+00
3.5005e+00
3.4849e+00
3.4624e+00
3.4435e+00
3.4279e+00
3.4132e+00
3.3907e+00
3.3705e+00
3.3466e+00
3.3332e+00
3.3167e+00
3.2987e+00
3.2734e+00
3.2628e+00
3.2518e+00
3.2333e+00
3.2121e+00
3.1946e+00
3.1766e+00
3.1665e+00
3.1453e+00
3.1370e+00
3.1249e+00
3.1199e+00
3.0986e+00
3.0839e+00
3.0732e+00
3.0584e+00
3.0464e+00
3.0349e+00
3.0173e+00
3.0034e+00
2.9868e+00
2.9738e+00
2.9641e+00
2.9650e+00
2.9460e+00
2.9372e+00
2.9275e+00
2.9192e+00
2.9007e+00
2.8886e+00
2.8803e+00
2.8696e+00
2.8483e+00
2.8339e+00
2.8320e+00
2.8260e+00
2.8102e+00
2.7982e+00
2.7898e+00
2.7852e+00
2.7722e+00
2.7643e+00
2.7448e+00
2.7401e+00
2.7257e+00
2.7169e+00
2.7071e+00
2.6955e+00
2.6797e+00
2.6718e+00
2.6574e+00
2.6439e+00
2.6313e+00
2.6234e+00
2.6132e+00
2.6011e+00
2.5890e+00
2.5778e+00
2.5629e+00
2.5498e+00
2.5419e+00
2.5345e+00
2.5163e+00
2.4906e+00
2.4813e+00
2.4631e+00
2.4444e+00
2.4351e+00
2.4234e+00
2.4071e+00
2.3875e+00
2.3777e+00
2.3669e+00
2.3482e+00
2.3356e+00
2.3216e+00
2.3089e+00
2.2963e+00
2.2869e+00
2.2687e+00
2.2542e+00
2.2429e+00
2.2289e+00
2.2106e+00
2.1961e+00
2.1839e+00
2.1722e+00
2.1558e+00
2.1464e+00
2.1346e+00
2.1229e+00
2.1065e+00
2.0929e+00
2.0825e+00
2.0680e+00
2.0525e+00
2.0421e+00
2.0205e+00
2.0116e+00
1.9904e+00
1.9759e+00
1.9542e+00
1.9415e+00
1.9265e+00
1.9128e+00
1.9053e+00
1.8888e+00
1.8737e+00
1.8648e+00
1.8525e+00
1.8294e+00
1.8171e+00
1.8053e+00
1.7936e+00
1.7865e+00
1.7704e+00
1.7605e+00
1.7497e+00
1.7355e+00
1.7284e+00
1.7138e+00
1.7053e+00
1.6944e+00
1.6783e+00
1.6708e+00
1.6589e+00
1.6415e+00
1.6310e+00
1.6258e+00
1.6131e+00
1.6012e+00
1.5837e+00
1.5700e+00
1.5492e+00
1.5321e+00
1.5160e+00
1.5103e+00
1.4947e+00
1.4861e+00
1.4729e+00
1.4577e+00
1.4463e+00
1.4392e+00
1.4306e+00
1.4169e+00
1.4107e+00
1.3984e+00
1.3836e+00
1.3779e+00
1.3651e+00
1.3556e+00
1.3499e+00
1.3380e+00
1.3257e+00
1.3166e+00
1.3090e+00
1.2995e+00
1.2905e+00
1.2838e+00
1.2695e+00
1.2610e+00
1.2529e+00
1.2391e+00
1.2267e+00
1.2153e+00
1.2015e+00
1.1915e+00
1.1738e+00
1.1586e+00
1.1467e+00
1.1352e+00
1.1223e+00
1.1071e+00
1.0961e+00
1.0851e+00
1.0765e+00
1.0679e+00
1.0536e+00
1.0379e+00
1.0240e+00
1.0183e+00
1.0116e+00
9.9965e-01
9.8770e-01
9.6953e-01
9.5758e-01
9.4753e-01
9.3653e-01
9.3079e-01
9.1691e-01
9.0351e-01
8.9346e-01
8.8245e-01
8.6904e-01
8.6042e-01
8.4845e-01
8.3264e-01
8.2545e-01
8.0963e-01
7.9573e-01
7.9045e-01
7.6935e-01
7.5208e-01
7.4008e-01
7.2952e-01
7.1656e-01
6.9928e-01
6.8631e-01
6.7959e-01
6.6565e-01
6.4787e-01
6.3153e-01
6.1662e-01
6.0653e-01
5.9498e-01
5.8248e-01
5.7093e-01
5.5697e-01
5.4734e-01
5.3290e-01
5.1797e-01
5.0786e-01
4.9919e-01
4.9003e-01
4.7509e-01
4.6304e-01
4.5774e-01
4.3893e-01
4.2881e-01
4.1675e-01
4.1241e-01
4.0131e-01
3.9311e-01
3.8056e-01
3.7476e-01
3.6414e-01
3.5690e-01
3.3323e-01
3.2406e-01
3.1439e-01
3.0279e-01
2.8491e-01
2.7572e-01
2.6509e-01
2.5880e-01
2.4090e-01
2.3461e-01
2.2445e-01
2.1090e-01
1.9444e-01
1.8960e-01
1.7701e-01
1.6975e-01
1.5957e-01
1.5085e-01
1.4553e-01
1.3390e-01
1.1984e-01
1.1208e-01
1.0433e-01
9.4630e-02
8.6386e-02
7.8140e-02
6.6983e-02
6.5043e-02
5.9221e-02
4.9516e-02
4.5149e-02
4.5634e-02
3.4471e-02
3.3015e-02
1.8452e-02
8.7410e-03
5.8270e-03
4.8560e-03
0000
1.9420e-03
9.2260e-03
1.7966e-02
2.9617e-02
4.6119e-02
6.9409e-02
9.1720e-02
1.3050e-01
1.6248e-01
2.2736e-01
2.7089e-01
3.5111e-01
4.1723e-01
5.2568e-01
6.0124e-01
7.2808e-01
8.1874e-01
9.7288e-01
1.0956e+00
1.2724e+00
1.4126e+00
1.6112e+00
1.7567e+00
1.9688e+00
2.1253e+00
2.3501e+00
2.5079e+00
2.7318e+00
2.9044e+00
3.1342e+00
3.3061e+00
3.5550e+00
3.7317e+00
3.9798e+00
4.1593e+00
4.4174e+00
4.6010e+00
4.8344e+00
5.0351e+00
5.2801e+00
5.4739e+00
5.7181e+00
5.9215e+00
6.1441e+00
6.3592e+00
6.5570e+00
6.7589e+00
6.9432e+00
7.1473e+00
7.3205e+00
7.5160e+00
7.6744e+00
7.8598e+00
8.0003e+00
8.1409e+00
8.3036e+00
8.4376e+00
8.5860e+00
8.7147e+00
8.8393e+00
8.9415e+00
9.0398e+00
9.1504e+00
9.2508e+00
9.3556e+00
9.4386e+00
9.5315e+00
9.6110e+00
9.6932e+00
9.7696e+00
9.8339e+00
9.8969e+00
9.9586e+00
9.9968e+00
1.0059e+01
1.0087e+01
1.0125e+01
1.0138e+01
1.0159e+01
1.0164e+01
1.0174e+01
1.0159e+01
1.0168e+01
1.0166e+01
1.0160e+01
1.0134e+01
1.0111e+01
1.0084e+01
1.0073e+01
1.0031e+01
1.0011e+01
9.9767e+00
9.9463e+00
9.9105e+00
9.8767e+00
9.8178e+00
9.7758e+00
9.7362e+00
9.6940e+00
9.6449e+00
9.6023e+00
9.5567e+00
9.5186e+00
9.4780e+00
9.4432e+00
9.3955e+00
9.3556e+00
9.3082e+00
9.2508e+00
9.2175e+00
9.1758e+00
9.1195e+00
9.0594e+00
9.0126e+00
8.9620e+00
8.9156e+00
8.8573e+00
8.8070e+00
8.7546e+00
8.7021e+00
8.6583e+00
8.5944e+00
8.5523e+00
8.5030e+00
8.4671e+00
8.4143e+00
8.3768e+00
8.3281e+00
8.2901e+00
8.2329e+00
8.1948e+00
8.1511e+00
8.1031e+00
8.0492e+00
8.0109e+00
7.9526e+00
7.9169e+00
7.8717e+00
7.8436e+00
7.8005e+00
7.7753e+00
7.7287e+00
7.7082e+00
7.6684e+00
7.6462e+00
7.6055e+00
7.5876e+00
7.5447e+00
7.5276e+00
7.4941e+00
7.4808e+00
7.4477e+00
7.4276e+00
7.4001e+00
7.3769e+00
7.3541e+00
7.3343e+00
7.3184e+00
7.2835e+00
7.2667e+00
7.2478e+00
7.2245e+00
7.1965e+00
7.1844e+00
7.1602e+00
7.1408e+00
7.1201e+00
7.0972e+00
7.0726e+00
7.0441e+00
7.0203e+00
6.9943e+00
6.9792e+00
6.9497e+00
6.9333e+00
6.9134e+00
6.8969e+00
6.8722e+00
6.8453e+00
6.8266e+00
6.8080e+00
6.7837e+00
6.7663e+00
6.7376e+00
6.7194e+00
6.6994e+00
6.6811e+00
6.6589e+00
6.6441e+00
6.6210e+00
6.6014e+00
6.5818e+00
6.5544e+00
6.5278e+00
6.5055e+00
6.4863e+00
6.4619e+00
6.4383e+00
6.4143e+00
6.3850e+00
6.3727e+00
6.3378e+00
6.3163e+00
6.2905e+00
6.2629e+00
6.2287e+00
6.2077e+00
6.1774e+00
6.1528e+00
6.1291e+00
6.1058e+00
6.0782e+00
6.0527e+00
6.0210e+00
5.9999e+00
5.9783e+00
5.9554e+00
5.9317e+00
5.9096e+00
5.8845e+00
5.8594e+00
5.8400e+00
5.8144e+00
5.7887e+00
5.7698e+00
5.7521e+00
5.7335e+00
5.7092e+00
5.6902e+00
5.6760e+00
5.6530e+00
5.6340e+00
5.6145e+00
5.6025e+00
5.5893e+00
5.5786e+00
5.5591e+00
5.5476e+00
5.5245e+00
5.5103e+00
5.4939e+00
5.4748e+00
5.4642e+00
5.4580e+00
5.4406e+00
5.4264e+00
5.4113e+00
5.3971e+00
5.3864e+00
5.3753e+00
5.3593e+00
5.3428e+00
5.3357e+00
5.3255e+00
5.3072e+00
5.3032e+00
5.2868e+00
5.2832e+00
5.2649e+00
5.2484e+00
5.2337e+00
5.2270e+00
5.2204e+00
5.2128e+00
5.2052e+00
5.1976e+00
5.1990e+00
5.2021e+00
5.1998e+00
5.2074e+00
5.2119e+00
5.2172e+00
5.2262e+00
5.2315e+00
5.2520e+00
5.2645e+00
5.2792e+00
5.3050e+00
5.3344e+00
5.3749e+00
5.4091e+00
5.4451e+00
5.4855e+00
5.5272e+00
5.5693e+00
5.6176e+00
5.6588e+00
5.7154e+00
5.7547e+00
5.7958e+00
5.8475e+00
5.8990e+00
5.9475e+00
5.9937e+00
6.0267e+00
6.0659e+00
6.1124e+00
6.1414e+00
6.1879e+00
6.2305e+00
6.2533e+00
6.2852e+00
6.3181e+00
6.3417e+00
6.3636e+00
6.3797e+00
6.4086e+00
6.4108e+00
6.4278e+00
6.4475e+00
6.4636e+00
6.4619e+00
6.4759e+00
6.4937e+00
6.5016e+00
6.5103e+00
6.5186e+00
6.5221e+00
6.5326e+00
6.5369e+00
6.5326e+00
6.5439e+00
6.5439e+00
6.5413e+00
6.5352e+00
6.5273e+00
6.5182e+00
6.5143e+00
6.5095e+00
6.4985e+00
6.4889e+00
6.4789e+00
6.4658e+00
6.4505e+00
6.4440e+00
6.4379e+00
6.4125e+00
6.3959e+00
6.3863e+00
6.3727e+00
6.3500e+00
6.3255e+00
6.2979e+00
6.2611e+00
6.2318e+00
6.2028e+00
6.1871e+00
6.1590e+00
6.1340e+00
6.0957e+00
6.0698e+00
6.0390e+00
6.0091e+00
5.9642e+00
5.9383e+00
5.9109e+00
5.8845e+00
5.8377e+00
5.8166e+00
5.7848e+00
5.7539e+00
5.7172e+00
5.6840e+00
5.6570e+00
5.6247e+00
5.5910e+00
5.5565e+00
5.5201e+00
5.4904e+00
5.4628e+00
5.4313e+00
5.3953e+00
5.3615e+00
5.3353e+00
5.3063e+00
5.2721e+00
5.2449e+00
5.2088e+00
5.1744e+00
5.1378e+00
5.1119e+00
5.0856e+00
5.0605e+00
5.0418e+00
5.0279e+00
5.0172e+00
5.0154e+00
5.0194e+00
5.0386e+00
5.0690e+00
5.1092e+00
5.1530e+00
5.2155e+00
5.2881e+00
5.3789e+00
5.4815e+00
5.5932e+00
5.7216e+00
5.8514e+00
6.0091e+00
6.1642e+00
6.3439e+00
6.5090e+00
6.6954e+00
6.8761e+00
7.0674e+00
7.2486e+00
7.4538e+00
7.6329e+00
7.8355e+00
8.0173e+00
8.2253e+00
8.4038e+00
8.6062e+00
8.7726e+00
8.9775e+00
9.1174e+00
9.3086e+00
9.4623e+00
9.6469e+00
9.7836e+00
9.9611e+00
1.0088e+01
1.0239e+01
1.0373e+01
1.0509e+01
1.0628e+01
1.0755e+01
1.0878e+01
1.0996e+01
1.1104e+01
1.1224e+01
1.1327e+01
1.1408e+01
1.1512e+01
1.1577e+01
1.1671e+01
1.1734e+01
1.1834e+01
1.1889e+01
1.1976e+01
1.2017e+01
1.2100e+01
1.2139e+01
1.2190e+01
1.2226e+01
1.2276e+01
1.2294e+01
1.2342e+01
1.2359e+01
1.2390e+01
1.2388e+01
1.2430e+01
1.2445e+01
1.2473e+01
1.2480e+01
1.2506e+01
1.2515e+01
1.2548e+01
1.2565e+01
1.2597e+01
1.2621e+01
1.2637e+01
1.2682e+01
1.2707e+01
1.2759e+01
1.2785e+01
1.2845e+01
1.2876e+01
1.2941e+01
1.2973e+01
1.3035e+01
1.3083e+01
1.3141e+01
1.3195e+01
1.3257e+01
1.3320e+01
1.3396e+01
1.3472e+01
1.3537e+01
1.3637e+01
1.3691e+01
1.3769e+01
1.3854e+01
1.3933e+01
1.3992e+01
1.4063e+01
1.4128e+01
1.4194e+01
1.4239e+01
1.4297e+01
1.4325e+01
1.4385e+01
1.4434e+01
1.4503e+01
1.4523e+01
1.4572e+01
1.4603e+01
1.4660e+01
1.4676e+01
1.4714e+01
1.4742e+01
1.4773e+01
1.4767e+01
1.4795e+01
1.4800e+01
1.4821e+01
1.4812e+01
1.4833e+01
1.4821e+01
1.4842e+01
1.4823e+01
1.4827e+01
1.4799e+01
1.4802e+01
1.4785e+01
1.4779e+01
1.4755e+01
1.4738e+01
1.4710e+01
1.4667e+01
1.4629e+01
1.4598e+01
1.4563e+01
1.4521e+01
1.4468e+01
1.4423e+01
1.4368e+01
1.4326e+01
1.4281e+01
1.4240e+01
1.4183e+01
1.4138e+01
1.4081e+01
1.4031e+01
1.3976e+01
1.3933e+01
1.3871e+01
1.3817e+01
1.3753e+01
1.3706e+01
1.3638e+01
1.3587e+01
1.3525e+01
1.3467e+01
1.3404e+01
1.3352e+01
1.3295e+01
1.3240e+01
1.3176e+01
1.3112e+01
1.3055e+01
1.3000e+01
1.2942e+01
1.2890e+01
1.2841e+01
1.2782e+01
1.2731e+01
1.2694e+01
1.2639e+01
1.2593e+01
1.2544e+01
1.2507e+01
1.2451e+01
1.2408e+01
1.2374e+01
1.2328e+01
1.2277e+01
1.2237e+01
1.2193e+01
1.2149e+01
1.2109e+01
1.2068e+01
1.2027e+01
1.1982e+01
1.1942e+01
1.1907e+01
1.1869e+01
1.1822e+01
1.1784e+01
1.1739e+01
1.1707e+01
1.1661e+01
1.1623e+01
1.1594e+01
1.1556e+01
1.1512e+01
1.1474e+01
1.1440e+01
1.1404e+01
1.1359e+01
1.1331e+01
1.1304e+01
1.1266e+01
1.1228e+01
1.1202e+01
1.1168e+01
1.1141e+01
1.1111e+01
1.1077e+01
1.1051e+01
1.1011e+01
1.0992e+01
1.0961e+01
1.0941e+01
1.0905e+01
1.0881e+01
1.0844e+01
1.0823e+01
1.0789e+01
1.0763e+01
1.0740e+01
1.0717e+01
1.0684e+01
1.0665e+01
1.0634e+01
1.0623e+01
1.0595e+01
1.0574e+01
1.0552e+01
1.0540e+01
1.0514e+01
1.0502e+01
1.0489e+01
1.0465e+01
1.0447e+01
1.0430e+01
1.0408e+01
1.0392e+01
1.0378e+01
1.0358e+01
1.0331e+01
1.0315e+01
1.0290e+01
1.0275e+01
1.0247e+01
1.0228e+01
1.0214e+01
1.0192e+01
1.0172e+01
1.0151e+01
1.0137e+01
1.0120e+01
1.0098e+01
1.0084e+01
1.0056e+01
1.0046e+01
1.0021e+01
1.0016e+01
1.0010e+01
9.9993e+00
9.9981e+00
9.9870e+00
9.9866e+00
9.9956e+00
1.0001e+01
1.0014e+01
1.0018e+01
1.0028e+01
1.0040e+01
1.0061e+01
1.0076e+01
1.0089e+01
1.0104e+01
1.0130e+01
1.0146e+01
1.0173e+01
1.0188e+01
1.0209e+01
1.0226e+01
1.0246e+01
1.0253e+01
1.0278e+01
1.0292e+01
1.0307e+01
1.0320e+01
1.0338e+01
1.0351e+01
1.0354e+01
1.0360e+01
1.0372e+01
1.0370e+01
1.0376e+01
1.0367e+01
1.0367e+01
1.0363e+01
1.0359e+01
1.0357e+01
1.0360e+01
1.0357e+01
1.0356e+01
1.0346e+01
1.0344e+01
1.0328e+01
1.0326e+01
1.0316e+01
1.0309e+01
1.0302e+01
1.0291e+01
1.0283e+01
1.0294e+01
1.0291e+01
1.0309e+01
1.0318e+01
1.0360e+01
1.0387e+01
1.0453e+01
1.0511e+01
1.0601e+01
1.0696e+01
1.0814e+01
1.0948e+01
1.1095e+01
1.1267e+01
1.1431e+01
1.1644e+01
1.1848e+01
1.2086e+01
1.2299e+01
1.2563e+01
1.2800e+01
1.3075e+01
1.3319e+01
1.3607e+01
1.3856e+01
1.4149e+01
1.4410e+01
1.4681e+01
1.4947e+01
1.5215e+01
1.5472e+01
1.5739e+01
1.5975e+01
1.6241e+01
1.6469e+01
1.6740e+01
1.6970e+01
1.7218e+01
1.7434e+01
1.7678e+01
1.7871e+01
1.8096e+01
1.8296e+01
1.8502e+01
1.8693e+01
1.8889e+01
1.9080e+01
1.9250e+01
1.9442e+01
1.9575e+01
1.9788e+01
1.9873e+01
2.0068e+01
2.0138e+01
2.0305e+01
2.0374e+01
2.0529e+01
2.0578e+01
2.0708e+01
2.0765e+01
2.0865e+01
2.0894e+01
2.0988e+01
2.1035e+01
2.1083e+01
2.1117e+01
2.1157e+01
2.1176e+01
2.1221e+01
2.1213e+01
2.1249e+01
2.1226e+01
2.1250e+01
2.1222e+01
2.1230e+01
2.1199e+01
2.1198e+01
2.1158e+01
2.1147e+01
2.1124e+01
2.1111e+01
2.1072e+01
2.1055e+01
2.1023e+01
2.1007e+01
2.0982e+01
2.0994e+01
2.0992e+01
2.1037e+01
2.1070e+01
2.1147e+01
2.1231e+01
2.1350e+01
2.1473e+01
2.1623e+01
2.1802e+01
2.1989e+01
2.2215e+01
2.2418e+01
2.2662e+01
2.2914e+01
2.3178e+01
2.3444e+01
2.3712e+01
2.4008e+01
2.4293e+01
2.4577e+01
2.4850e+01
2.5135e+01
2.5401e+01
2.5641e+01
2.5883e+01
2.6116e+01
2.6332e+01
2.6594e+01
2.6805e+01
2.7072e+01
2.7242e+01
2.7508e+01
2.7681e+01
2.7971e+01
2.8132e+01
2.8347e+01
2.8552e+01
2.8739e+01
2.8920e+01
2.9105e+01
2.9293e+01
2.9471e+01
2.9637e+01
2.9783e+01
2.9966e+01
3.0110e+01
3.0301e+01
3.0443e+01
3.0620e+01
3.0788e+01
3.1005e+01
3.1220e+01
3.1410e+01
3.1591e+01
3.1762e+01
3.1939e+01
3.2084e+01
3.2256e+01
3.2339e+01
3.2523e+01
3.2602e+01
3.2787e+01
3.2874e+01
3.3055e+01
3.3136e+01
3.3301e+01
3.3400e+01
3.3617e+01
3.3702e+01
3.3883e+01
3.3995e+01
3.4182e+01
3.4309e+01
3.4500e+01
3.4610e+01
3.4747e+01
3.4831e+01
3.4963e+01
3.5056e+01
3.5189e+01
3.5305e+01
3.5460e+01
3.5574e+01
3.5706e+01
3.5796e+01
3.5921e+01
3.6015e+01
3.6143e+01
3.6218e+01
3.6330e+01
3.6385e+01
3.6492e+01
3.6532e+01
3.6606e+01
3.6633e+01
3.6679e+01
3.6688e+01
3.6715e+01
3.6737e+01
3.6758e+01
3.6776e+01
3.6816e+01
3.6794e+01
3.6858e+01
3.6847e+01
3.6899e+01
3.6892e+01
3.6910e+01
3.6897e+01
3.6897e+01
3.6902e+01
3.6891e+01
3.6890e+01
3.6869e+01
3.6887e+01
3.6892e+01
3.6885e+01
3.6915e+01
3.6892e+01
3.6897e+01
3.6860e+01
3.6858e+01
3.6863e+01
3.6850e+01
3.6846e+01
3.6816e+01
3.6802e+01
3.6738e+01
3.6728e+01
3.6690e+01
3.6658e+01
3.6613e+01
3.6583e+01
3.6547e+01
3.6499e+01
3.6443e+01
3.6402e+01
3.6351e+01
3.6312e+01
3.6272e+01
3.6236e+01
3.6206e+01
3.6201e+01
3.6191e+01
3.6218e+01
3.6248e+01
3.6304e+01
3.6349e+01
3.6430e+01
3.6499e+01
3.6612e+01
3.6687e+01
3.6834e+01
3.6951e+01
3.7092e+01
3.7236e+01
3.7382e+01
3.7514e+01
3.7658e+01
3.7836e+01
3.7980e+01
3.8143e+01
3.8264e+01
3.8417e+01
3.8544e+01
3.8678e+01
3.8785e+01
3.8938e+01
3.9053e+01
3.9196e+01
3.9294e+01
3.9421e+01
3.9521e+01
3.9631e+01
3.9713e+01
3.9817e+01
3.9879e+01
3.9964e+01
4.0011e+01
4.0087e+01
4.0120e+01
4.0193e+01
4.0256e+01
4.0326e+01
4.0407e+01
4.0488e+01
4.0562e+01
4.0644e+01
4.0677e+01
4.0726e+01
4.0755e+01
4.0809e+01
4.0803e+01
4.0810e+01
4.0813e+01
4.0848e+01
4.0858e+01
4.0875e+01
4.0886e+01
4.0893e+01
4.0898e+01
4.0887e+01
4.0872e+01
4.0859e+01
4.0836e+01
4.0803e+01
4.0781e+01
4.0759e+01
4.0733e+01
4.0687e+01
4.0641e+01
4.0593e+01
4.0564e+01
4.0522e+01
4.0502e+01
4.0450e+01
4.0420e+01
4.0390e+01
4.0352e+01
4.0289e+01
4.0249e+01
4.0194e+01
4.0155e+01
4.0090e+01
4.0038e+01
3.9992e+01
3.9945e+01
3.9871e+01
3.9818e+01
3.9743e+01
3.9685e+01
3.9625e+01
3.9567e+01
3.9498e+01
3.9451e+01
3.9391e+01
3.9347e+01
3.9286e+01
3.9236e+01
3.9177e+01
3.9137e+01
3.9075e+01
3.9054e+01
3.8999e+01
3.8960e+01
3.8912e+01
3.8872e+01
3.8823e+01
3.8793e+01
3.8747e+01
3.8722e+01
3.8681e+01
3.8658e+01
3.8616e+01
3.8584e+01
3.8533e+01
3.8506e+01
3.8470e+01
3.8438e+01
3.8401e+01
3.8370e+01
3.8310e+01
3.8283e+01
3.8231e+01
3.8186e+01
3.8151e+01
3.8110e+01
3.8057e+01
3.8026e+01
3.7979e+01
3.7955e+01
3.7911e+01
3.7881e+01
3.7839e+01
3.7810e+01
3.7765e+01
3.7735e+01
3.7699e+01
3.7671e+01
3.7616e+01
3.7586e+01
3.7568e+01
3.7523e+01
3.7509e+01
3.7478e+01
3.7470e+01
3.7438e+01
3.7433e+01
3.7441e+01
3.7435e+01
3.7445e+01
3.7465e+01
3.7485e+01
3.7514e+01
3.7547e+01
3.7586e+01
3.7641e+01
3.7690e+01
3.7752e+01
3.7819e+01
3.7889e+01
3.7966e+01
3.8040e+01
3.8122e+01
3.8207e+01
3.8278e+01
3.8359e+01
3.8432e+01
3.8515e+01
3.8605e+01
3.8690e+01
3.8783e+01
3.8854e+01
3.8957e+01
3.9021e+01
3.9138e+01
3.9207e+01
3.9315e+01
3.9391e+01
3.9516e+01
3.9595e+01
3.9733e+01
3.9804e+01
3.9932e+01
4.0024e+01
4.0173e+01
4.0265e+01
4.0419e+01
4.0525e+01
4.0669e+01
4.0759e+01
4.0933e+01
4.1061e+01
4.1198e+01
4.1331e+01
4.1493e+01
4.1608e+01
4.1759e+01
4.1868e+01
4.2021e+01
4.2129e+01
4.2275e+01
4.2383e+01
4.2523e+01
4.2630e+01
4.2754e+01
4.2858e+01
4.2976e+01
4.3079e+01
4.3204e+01
4.3296e+01
4.3418e+01
4.3528e+01
4.3628e+01
4.3738e+01
4.3840e+01
4.3947e+01
4.4031e+01
4.4156e+01
4.4233e+01
4.4359e+01
4.4457e+01
4.4589e+01
4.4672e+01
4.4790e+01
4.4880e+01
4.4998e+01
4.5076e+01
4.5199e+01
4.5261e+01
4.5385e+01
4.5442e+01
4.5552e+01
4.5614e+01
4.5674e+01
4.5733e+01
4.5829e+01
4.5876e+01
4.5930e+01
4.5998e+01
4.6039e+01
4.6102e+01
4.6145e+01
4.6205e+01
4.6248e+01
4.6300e+01
4.6351e+01
4.6393e+01
4.6438e+01
4.6468e+01
4.6507e+01
4.6548e+01
4.6574e+01
4.6584e+01
4.6611e+01
4.6635e+01
4.6629e+01
4.6664e+01
4.6679e+01
4.6724e+01
4.6739e+01
4.6784e+01
4.6774e+01
4.6822e+01
4.6845e+01
4.6881e+01
4.6903e+01
4.6909e+01
4.6925e+01
4.6951e+01
4.6955e+01
4.6983e+01
4.6986e+01
4.7027e+01
4.7052e+01
4.7103e+01
4.7120e+01
4.7145e+01
4.7176e+01
4.7226e+01
4.7262e+01
4.7295e+01
4.7300e+01
4.7330e+01
4.7353e+01
4.7388e+01
4.7415e+01
4.7451e+01
4.7458e+01
4.7525e+01
4.7536e+01
4.7567e+01
4.7561e+01
4.7577e+01
4.7597e+01
4.7614e+01
4.7617e+01
4.7624e+01
4.7618e+01
4.7615e+01
4.7597e+01
4.7598e+01
4.7575e+01
4.7591e+01
4.7583e+01
4.7557e+01
4.7541e+01
4.7542e+01
4.7514e+01
4.7485e+01
4.7456e+01
4.7443e+01
4.7410e+01
4.7410e+01
4.7359e+01
4.7322e+01
4.7269e+01
4.7223e+01
4.7176e+01
4.7140e+01
4.7070e+01
4.7047e+01
4.6993e+01
4.6934e+01
4.6853e+01
4.6804e+01
4.6704e+01
4.6659e+01
4.6559e+01
4.6492e+01
4.6400e+01
4.6332e+01
4.6225e+01
4.6153e+01
4.6048e+01
4.5991e+01
4.5886e+01
4.5818e+01
4.5729e+01
4.5684e+01
4.5589e+01
4.5513e+01
4.5423e+01
4.5369e+01
4.5314e+01
4.5271e+01
4.5233e+01
4.5231e+01
4.5201e+01
4.5227e+01
4.5257e+01
4.5284e+01
4.5342e+01
4.5403e+01
4.5470e+01
4.5537e+01
4.5635e+01
4.5737e+01
4.5842e+01
4.5927e+01
4.6033e+01
4.6141e+01
4.6237e+01
4.6339e+01
4.6442e+01
4.6528e+01
4.6622e+01
4.6709e+01
4.6789e+01
4.6874e+01
4.6954e+01
4.7021e+01
4.7079e+01
4.7154e+01
4.7198e+01
4.7238e+01
4.7277e+01
4.7311e+01
4.7329e+01
4.7372e+01
