4.6522e+00
4.6520e+00
4.6616e+00
4.6622e+00
4.6715e+00
4.6748e+00
4.6753e+00
4.6751e+00
4.6846e+00
4.6810e+00
4.6909e+00
4.6925e+00
4.6993e+00
4.7096e+00
4.7190e+00
4.7216e+00
4.7505e+00
4.7536e+00
4.7722e+00
4.7879e+00
4.8106e+00
4.8309e+00
4.8475e+00
4.8764e+00
4.8918e+00
4.9145e+00
4.9282e+00
4.9432e+00
4.9587e+00
4.9717e+00
4.9947e+00
4.9839e+00
4.9981e+00
4.9985e+00
5.0062e+00
5.0048e+00
4.9971e+00
4.9952e+00
4.9804e+00
4.9743e+00
4.9745e+00
4.9517e+00
4.9433e+00
4.9373e+00
4.9099e+00
4.8953e+00
4.8863e+00
4.8558e+00
4.8289e+00
4.8016e+00
4.7830e+00
4.7574e+00
4.7360e+00
4.6970e+00
4.6802e+00
4.6311e+00
4.6158e+00
4.5824e+00
4.5597e+00
4.5162e+00
4.4926e+00
4.4628e+00
4.4295e+00
4.3864e+00
4.3596e+00
4.3189e+00
4.2887e+00
4.2487e+00
4.2251e+00
4.1803e+00
4.1547e+00
4.1128e+00
4.0946e+00
4.0439e+00
4.0218e+00
3.9758e+00
3.9652e+00
3.9159e+00
3.8996e+00
3.8612e+00
3.8420e+00
3.8034e+00
3.7811e+00
3.7522e+00
3.7283e+00
3.6891e+00
3.6745e+00
3.6423e+00
3.6264e+00
3.5958e+00
3.5848e+00
3.5537e+00
3.5424e+00
3.5247e+00
3.5223e+00
3.4933e+00
3.4888e+00
3.4697e+00
3.4691e+00
3.4397e+00
3.4426e+00
3.4195e+00
3.4234e+00
3.3986e+00
3.3968e+00
3.3837e+00
3.3812e+00
3.3602e+00
3.3553e+00
3.3396e+00
3.3404e+00
3.3203e+00
3.3145e+00
3.3071e+00
3.2911e+00
3.2722e+00
3.2670e+00
3.2492e+00
3.2393e+00
3.2225e+00
3.2098e+00
3.1933e+00
3.1868e+00
3.1715e+00
3.1563e+00
3.1372e+00
3.1275e+00
3.1048e+00
3.0895e+00
3.0680e+00
3.0569e+00
3.0358e+00
3.0239e+00
3.0033e+00
2.9942e+00
2.9703e+00
2.9587e+00
2.9353e+00
2.9257e+00
2.9037e+00
2.8851e+00
2.8672e+00
2.8467e+00
2.8223e+00
2.8005e+00
2.7808e+00
2.7678e+00
2.7532e+00
2.7278e+00
2.7047e+00
2.6892e+00
2.6659e+00
2.6461e+00
2.6235e+00
2.6105e+00
2.5881e+00
2.5722e+00
2.5546e+00
2.5388e+00
2.5171e+00
2.5060e+00
2.4922e+00
2.4775e+00
2.4618e+00
2.4446e+00
2.4327e+00
2.4148e+00
2.4011e+00
2.3897e+00
2.3773e+00
2.3579e+00
2.3395e+00
2.3246e+00
2.3067e+00
2.3018e+00
2.2770e+00
2.2660e+00
2.2517e+00
2.2420e+00
2.2280e+00
2.2068e+00
2.1885e+00
2.1743e+00
2.1657e+00
2.1504e+00
2.1332e+00
2.1260e+00
2.1099e+00
2.0990e+00
2.0872e+00
2.0753e+00
2.0576e+00
2.0416e+00
2.0363e+00
2.0358e+00
2.0267e+00
2.0277e+00
2.0168e+00
2.0285e+00
2.0355e+00
2.0566e+00
2.0638e+00
2.0802e+00
2.0867e+00
2.1236e+00
2.1426e+00
2.1854e+00
2.2099e+00
2.2623e+00
2.3005e+00
2.3573e+00
2.3912e+00
2.4598e+00
2.5177e+00
2.5992e+00
2.6627e+00
2.7485e+00
2.8198e+00
2.9213e+00
2.9971e+00
3.1041e+00
3.1940e+00
3.2988e+00
3.4041e+00
3.5154e+00
3.6284e+00
3.7347e+00
3.8513e+00
3.9607e+00
4.0622e+00
4.1644e+00
4.2755e+00
4.3647e+00
4.4759e+00
4.5605e+00
4.6618e+00
4.7274e+00
4.8227e+00
4.8748e+00
4.9687e+00
5.0057e+00
5.0812e+00
5.1171e+00
5.1917e+00
5.2124e+00
5.2709e+00
5.2996e+00
5.3602e+00
5.3884e+00
5.4538e+00
5.4959e+00
5.5574e+00
5.6199e+00
5.6915e+00
5.7680e+00
5.8537e+00
5.9459e+00
6.0435e+00
6.1541e+00
6.2683e+00
6.3885e+00
6.5286e+00
6.6544e+00
6.8233e+00
6.9373e+00
7.1204e+00
7.2355e+00
7.4231e+00
7.5267e+00
7.7235e+00
7.8193e+00
8.0119e+00
8.0950e+00
8.3108e+00
8.3922e+00
8.5883e+00
8.6374e+00
8.8141e+00
8.8617e+00
9.0126e+00
9.0470e+00
9.1838e+00
9.2120e+00
9.3287e+00
9.3393e+00
9.4344e+00
9.4466e+00
9.5274e+00
9.5393e+00
9.6085e+00
9.6068e+00
9.6591e+00
9.6602e+00
9.6972e+00
9.6793e+00
9.7047e+00
9.6977e+00
9.6988e+00
9.6817e+00
9.6675e+00
9.6282e+00
9.5985e+00
9.5600e+00
9.5171e+00
9.4700e+00
9.4210e+00
9.3616e+00
9.3061e+00
9.2343e+00
9.1732e+00
9.1016e+00
9.0328e+00
8.9682e+00
8.8823e+00
8.8172e+00
8.7338e+00
8.6701e+00
8.5767e+00
8.5066e+00
8.4158e+00
8.3502e+00
8.2495e+00
8.1790e+00
8.0908e+00
8.0318e+00
7.9288e+00
7.8753e+00
7.7747e+00
7.7179e+00
7.6294e+00
7.5825e+00
7.4901e+00
7.4442e+00
7.3461e+00
7.2982e+00
7.2114e+00
7.1638e+00
7.0746e+00
7.0362e+00
6.9427e+00
6.9163e+00
6.8301e+00
6.7983e+00
6.7155e+00
6.6850e+00
6.6039e+00
6.5735e+00
6.5031e+00
6.4727e+00
6.4030e+00
6.3755e+00
6.3018e+00
6.2808e+00
6.2211e+00
6.2003e+00
6.1286e+00
6.1131e+00
6.0495e+00
6.0347e+00
5.9734e+00
5.9611e+00
5.9035e+00
5.8827e+00
5.8304e+00
5.8198e+00
5.7662e+00
5.7540e+00
5.7075e+00
5.6960e+00
5.6393e+00
5.6325e+00
5.5809e+00
5.5797e+00
5.5281e+00
5.5189e+00
5.4754e+00
5.4736e+00
5.4273e+00
5.4175e+00
5.3784e+00
5.3757e+00
5.3339e+00
5.3202e+00
5.2903e+00
5.2888e+00
5.2573e+00
5.2606e+00
5.2249e+00
5.2196e+00
5.1859e+00
5.1719e+00
5.1377e+00
5.1360e+00
5.1034e+00
5.0966e+00
5.0694e+00
5.0616e+00
5.0353e+00
5.0278e+00
4.9960e+00
4.9951e+00
4.9607e+00
4.9516e+00
4.9203e+00
4.9169e+00
4.8817e+00
4.8741e+00
4.8431e+00
4.8332e+00
4.8115e+00
4.8033e+00
4.7793e+00
4.7707e+00
4.7425e+00
4.7335e+00
4.7060e+00
4.6965e+00
4.6726e+00
4.6603e+00
4.6310e+00
4.6294e+00
4.6053e+00
4.5940e+00
4.5718e+00
4.5629e+00
4.5365e+00
4.5293e+00
4.5060e+00
4.4977e+00
4.4780e+00
4.4694e+00
4.4461e+00
4.4409e+00
4.4172e+00
4.4047e+00
4.3748e+00
4.3765e+00
4.3567e+00
4.3453e+00
4.3280e+00
4.3215e+00
4.3073e+00
4.2970e+00
4.2718e+00
4.2638e+00
4.2485e+00
4.2398e+00
4.2238e+00
4.2193e+00
4.2043e+00
4.2024e+00
4.1977e+00
4.1993e+00
4.1926e+00
4.1966e+00
4.1860e+00
4.1933e+00
4.1916e+00
4.2069e+00
4.2100e+00
4.2243e+00
4.2234e+00
4.2379e+00
4.2426e+00
4.2680e+00
4.2623e+00
4.2784e+00
4.2854e+00
4.3017e+00
4.3033e+00
4.3234e+00
4.3284e+00
4.3477e+00
4.3471e+00
4.3597e+00
4.3591e+00
4.3624e+00
4.3553e+00
4.3637e+00
4.3695e+00
4.3709e+00
4.3776e+00
4.3705e+00
4.3697e+00
4.3681e+00
4.3597e+00
4.3528e+00
4.3592e+00
4.3470e+00
4.3400e+00
4.3226e+00
4.3169e+00
4.3072e+00
4.3027e+00
4.2951e+00
4.2837e+00
4.2600e+00
4.2585e+00
4.2385e+00
4.2219e+00
4.2017e+00
4.1948e+00
4.1709e+00
4.1597e+00
4.1378e+00
4.1223e+00
4.1008e+00
4.0935e+00
4.0709e+00
4.0490e+00
4.0339e+00
4.0205e+00
3.9902e+00
3.9733e+00
3.9523e+00
3.9371e+00
3.9147e+00
3.8987e+00
3.8824e+00
3.8661e+00
3.8334e+00
3.8112e+00
3.7880e+00
3.7755e+00
3.7527e+00
3.7347e+00
3.7080e+00
3.6917e+00
3.6773e+00
3.6617e+00
3.6391e+00
3.6238e+00
3.6036e+00
3.5997e+00
3.5839e+00
3.5635e+00
3.5561e+00
3.5482e+00
3.5499e+00
3.5554e+00
3.5651e+00
3.5773e+00
3.6040e+00
3.6231e+00
3.6598e+00
3.6947e+00
3.7540e+00
3.8002e+00
3.8937e+00
3.9502e+00
4.0530e+00
4.1194e+00
4.2319e+00
4.3123e+00
4.4442e+00
4.5258e+00
4.6555e+00
4.7538e+00
4.8715e+00
4.9656e+00
5.0755e+00
5.1751e+00
5.2767e+00
5.3837e+00
5.4653e+00
5.5666e+00
5.6396e+00
5.7439e+00
5.7927e+00
5.8899e+00
5.9322e+00
6.0122e+00
6.0524e+00
6.1192e+00
6.1345e+00
6.1964e+00
6.2052e+00
6.2711e+00
6.2821e+00
6.3299e+00
6.3226e+00
6.3592e+00
6.3656e+00
6.3920e+00
6.3787e+00
6.4005e+00
6.3851e+00
6.4105e+00
6.3898e+00
6.4079e+00
6.3845e+00
6.3950e+00
6.3662e+00
6.3680e+00
6.3358e+00
6.3420e+00
6.2994e+00
6.2897e+00
6.2578e+00
6.2407e+00
6.2121e+00
6.2059e+00
6.1640e+00
6.1432e+00
6.0989e+00
6.0831e+00
6.0411e+00
6.0170e+00
5.9756e+00
5.9507e+00
5.9147e+00
5.8842e+00
5.8562e+00
5.8292e+00
5.7932e+00
5.7678e+00
5.7171e+00
5.6981e+00
5.6603e+00
5.6337e+00
5.5923e+00
5.5636e+00
5.5315e+00
5.5022e+00
5.4675e+00
5.4369e+00
5.4018e+00
5.3750e+00
5.3409e+00
5.2999e+00
5.2668e+00
5.2417e+00
5.2100e+00
5.1737e+00
5.1463e+00
5.1191e+00
5.0922e+00
5.0719e+00
5.0394e+00
5.0095e+00
4.9836e+00
4.9549e+00
4.9321e+00
4.9017e+00
4.8883e+00
4.8614e+00
4.8475e+00
4.8285e+00
4.8164e+00
4.8038e+00
4.7981e+00
4.7888e+00
4.7904e+00
4.7833e+00
4.7881e+00
4.7879e+00
4.8016e+00
4.8037e+00
4.8202e+00
4.8240e+00
4.8456e+00
4.8572e+00
4.8787e+00
4.8894e+00
4.9117e+00
4.9297e+00
4.9435e+00
4.9636e+00
4.9822e+00
4.9995e+00
5.0138e+00
5.0281e+00
5.0356e+00
5.0512e+00
5.0502e+00
5.0658e+00
5.0690e+00
5.0751e+00
5.0816e+00
5.0833e+00
5.0788e+00
5.0815e+00
5.0739e+00
5.0811e+00
5.0687e+00
5.0712e+00
5.0614e+00
5.0565e+00
5.0441e+00
5.0442e+00
5.0312e+00
5.0213e+00
5.0022e+00
4.9935e+00
4.9806e+00
4.9712e+00
4.9495e+00
4.9429e+00
4.9201e+00
4.8993e+00
4.8809e+00
4.8616e+00
4.8417e+00
4.8262e+00
4.7973e+00
4.7786e+00
4.7556e+00
4.7389e+00
4.7135e+00
4.6884e+00
4.6702e+00
4.6456e+00
4.6200e+00
4.5975e+00
4.5749e+00
4.5472e+00
4.5280e+00
4.5083e+00
4.4940e+00
4.4701e+00
4.4429e+00
4.4163e+00
4.3965e+00
4.3744e+00
4.3556e+00
4.3400e+00
4.3164e+00
4.2888e+00
4.2717e+00
4.2536e+00
4.2379e+00
4.2193e+00
4.2073e+00
4.1829e+00
4.1682e+00
4.1512e+00
4.1410e+00
4.1217e+00
4.1223e+00
4.1057e+00
4.1123e+00
4.1057e+00
4.1165e+00
4.1173e+00
4.1411e+00
4.1531e+00
4.1987e+00
4.2148e+00
4.2710e+00
4.2970e+00
4.3715e+00
4.4084e+00
4.4988e+00
4.5495e+00
4.6487e+00
4.7000e+00
4.8065e+00
4.8770e+00
4.9838e+00
5.0514e+00
5.1543e+00
5.2351e+00
5.3383e+00
5.4176e+00
5.5119e+00
5.5870e+00
5.6572e+00
5.7387e+00
5.7972e+00
5.8724e+00
5.9141e+00
5.9821e+00
6.0198e+00
6.0797e+00
6.1032e+00
6.1586e+00
6.1683e+00
6.2133e+00
6.2216e+00
6.2663e+00
6.2598e+00
6.2987e+00
6.2919e+00
6.3199e+00
6.3118e+00
6.3325e+00
6.3159e+00
6.3378e+00
6.3219e+00
6.3354e+00
6.3164e+00
6.3187e+00
6.2928e+00
6.2906e+00
6.2575e+00
6.2564e+00
6.2188e+00
6.2041e+00
6.1693e+00
6.1580e+00
6.1091e+00
6.0815e+00
6.0411e+00
6.0279e+00
5.9754e+00
5.9449e+00
5.9003e+00
5.8724e+00
5.8306e+00
5.7982e+00
5.7620e+00
5.7230e+00
5.6832e+00
5.6424e+00
5.6098e+00
5.5741e+00
5.5356e+00
5.4982e+00
5.4619e+00
5.4275e+00
5.3966e+00
5.3627e+00
5.3328e+00
5.3048e+00
5.2622e+00
5.2261e+00
5.2045e+00
5.1764e+00
5.1456e+00
5.1226e+00
5.0975e+00
5.0597e+00
5.0336e+00
5.0111e+00
4.9826e+00
4.9514e+00
4.9357e+00
4.9132e+00
4.8894e+00
4.8645e+00
4.8455e+00
4.8237e+00
4.8120e+00
4.7822e+00
4.7671e+00
4.7413e+00
4.7351e+00
4.7153e+00
4.6971e+00
4.6747e+00
4.6631e+00
4.6455e+00
4.6242e+00
4.6088e+00
4.5995e+00
4.5791e+00
4.5666e+00
4.5512e+00
4.5427e+00
4.5270e+00
4.5209e+00
4.4999e+00
4.4956e+00
4.4766e+00
4.4661e+00
4.4471e+00
4.4402e+00
4.4201e+00
4.4084e+00
4.3937e+00
4.3846e+00
4.3687e+00
4.3699e+00
4.3553e+00
4.3437e+00
4.3256e+00
4.3161e+00
4.3046e+00
4.2898e+00
4.2762e+00
4.2643e+00
4.2528e+00
4.2441e+00
4.2237e+00
4.2197e+00
4.1970e+00
4.1859e+00
4.1634e+00
4.1430e+00
4.1291e+00
4.1237e+00
4.1050e+00
4.0886e+00
4.0724e+00
4.0632e+00
4.0486e+00
4.0365e+00
4.0136e+00
4.0040e+00
3.9869e+00
3.9795e+00
3.9573e+00
3.9464e+00
3.9347e+00
3.9270e+00
3.9125e+00
3.9052e+00
3.8896e+00
3.8857e+00
3.8725e+00
3.8797e+00
3.8696e+00
3.8803e+00
3.8830e+00
3.9111e+00
3.9245e+00
3.9641e+00
3.9887e+00
4.0564e+00
4.0927e+00
4.1841e+00
4.2384e+00
4.3396e+00
4.4110e+00
4.5423e+00
4.6198e+00
4.7737e+00
4.8621e+00
5.0376e+00
5.1569e+00
5.3282e+00
5.4673e+00
5.6403e+00
5.7844e+00
5.9501e+00
6.1091e+00
6.2735e+00
6.4334e+00
6.5735e+00
6.7395e+00
6.8607e+00
7.0313e+00
7.1204e+00
7.2958e+00
7.3732e+00
7.5306e+00
7.5811e+00
7.7335e+00
7.7701e+00
7.9118e+00
7.9275e+00
8.0507e+00
8.0539e+00
8.1637e+00
8.1691e+00
8.2658e+00
8.2643e+00
8.3441e+00
8.3383e+00
8.4085e+00
8.3873e+00
8.4527e+00
8.4116e+00
8.4774e+00
8.4508e+00
8.4753e+00
8.4421e+00
8.4508e+00
8.4180e+00
8.4079e+00
8.3684e+00
8.3616e+00
8.3138e+00
8.2940e+00
8.2504e+00
8.2074e+00
8.1539e+00
8.1250e+00
8.0701e+00
8.0238e+00
7.9697e+00
7.9150e+00
7.8640e+00
7.8115e+00
7.7596e+00
7.7072e+00
7.6481e+00
7.5888e+00
7.5309e+00
7.4801e+00
7.4219e+00
7.3710e+00
7.3178e+00
7.2550e+00
7.2024e+00
7.1437e+00
7.0986e+00
7.0326e+00
6.9941e+00
6.9294e+00
6.8837e+00
6.8268e+00
6.7970e+00
6.7332e+00
6.7081e+00
6.6498e+00
6.6323e+00
6.5805e+00
6.5564e+00
6.5093e+00
6.5019e+00
6.4661e+00
6.4536e+00
6.4238e+00
6.4294e+00
6.4004e+00
6.4013e+00
6.3802e+00
6.3990e+00
6.3799e+00
6.3921e+00
6.3793e+00
6.3985e+00
6.3939e+00
6.4166e+00
6.4114e+00
6.4259e+00
6.4219e+00
6.4343e+00
6.4350e+00
6.4499e+00
6.4449e+00
6.4623e+00
6.4522e+00
6.4595e+00
6.4610e+00
6.4642e+00
6.4558e+00
6.4704e+00
6.4614e+00
6.4679e+00
6.4571e+00
6.4563e+00
6.4500e+00
6.4408e+00
6.4255e+00
6.4207e+00
6.4056e+00
6.3925e+00
6.3779e+00
6.3785e+00
6.3514e+00
6.3426e+00
6.3235e+00
6.3140e+00
6.2881e+00
6.2741e+00
6.2542e+00
6.2394e+00
6.2126e+00
6.2011e+00
6.1770e+00
6.1557e+00
6.1271e+00
6.1043e+00
6.0770e+00
6.0630e+00
6.0348e+00
6.0120e+00
5.9807e+00
5.9643e+00
5.9391e+00
5.9183e+00
5.8883e+00
5.8721e+00
5.8405e+00
5.8193e+00
5.7862e+00
5.7720e+00
5.7528e+00
5.7320e+00
5.7065e+00
5.6882e+00
5.6613e+00
5.6505e+00
5.6218e+00
5.6020e+00
5.5696e+00
5.5562e+00
5.5360e+00
5.5236e+00
5.5025e+00
5.4909e+00
5.4606e+00
5.4401e+00
5.4283e+00
5.4128e+00
5.3870e+00
5.3794e+00
5.3591e+00
5.3523e+00
5.3305e+00
5.3131e+00
5.2952e+00
5.2868e+00
5.2645e+00
5.2549e+00
5.2302e+00
5.2151e+00
5.1962e+00
5.1932e+00
5.1744e+00
5.1605e+00
5.1372e+00
5.1345e+00
5.1131e+00
5.0961e+00
5.0747e+00
5.0624e+00
5.0476e+00
5.0341e+00
5.0141e+00
4.9983e+00
4.9793e+00
4.9709e+00
4.9559e+00
4.9463e+00
4.9283e+00
4.9201e+00
4.8972e+00
4.8868e+00
4.8705e+00
4.8560e+00
4.8425e+00
4.8286e+00
4.8115e+00
4.7997e+00
4.7845e+00
4.7763e+00
4.7612e+00
4.7525e+00
4.7283e+00
4.7272e+00
4.7074e+00
4.6952e+00
4.6822e+00
4.6722e+00
4.6587e+00
4.6505e+00
4.6362e+00
4.6284e+00
4.6173e+00
4.6049e+00
4.5915e+00
4.5772e+00
4.5646e+00
4.5507e+00
4.5447e+00
4.5378e+00
4.5247e+00
4.5150e+00
4.5025e+00
4.4990e+00
4.4856e+00
4.4738e+00
4.4569e+00
4.4547e+00
4.4393e+00
4.4305e+00
4.4164e+00
4.4062e+00
4.4006e+00
4.3906e+00
4.3783e+00
4.3757e+00
4.3661e+00
4.3605e+00
4.3539e+00
4.3453e+00
4.3375e+00
4.3408e+00
4.3439e+00
4.3400e+00
4.3373e+00
4.3358e+00
4.3314e+00
4.3344e+00
4.3342e+00
4.3412e+00
4.3358e+00
4.3370e+00
4.3335e+00
4.3460e+00
4.3354e+00
4.3414e+00
4.3346e+00
4.3446e+00
4.3357e+00
4.3426e+00
4.3416e+00
4.3464e+00
4.3366e+00
4.3325e+00
4.3286e+00
4.3269e+00
4.3168e+00
4.3080e+00
4.3120e+00
4.2999e+00
4.2918e+00
4.2826e+00
4.2761e+00
4.2623e+00
4.2593e+00
4.2448e+00
4.2320e+00
4.2174e+00
4.2060e+00
4.1967e+00
4.1898e+00
4.1732e+00
4.1601e+00
4.1426e+00
4.1303e+00
4.1169e+00
4.1117e+00
4.0965e+00
4.0773e+00
4.0619e+00
4.0489e+00
4.0284e+00
4.0136e+00
3.9995e+00
3.9899e+00
3.9678e+00
3.9620e+00
3.9420e+00
3.9238e+00
3.9108e+00
3.8965e+00
3.8762e+00
3.8599e+00
3.8436e+00
3.8284e+00
3.8071e+00
3.7965e+00
3.7795e+00
3.7658e+00
3.7418e+00
3.7292e+00
3.7116e+00
3.7016e+00
3.6848e+00
3.6640e+00
3.6448e+00
3.6416e+00
3.6231e+00
3.6055e+00
3.5885e+00
3.5759e+00
3.5591e+00
3.5441e+00
3.5240e+00
3.5128e+00
3.5004e+00
3.4791e+00
3.4664e+00
3.4559e+00
3.4434e+00
3.4299e+00
3.4094e+00
3.4021e+00
3.3803e+00
3.3719e+00
3.3599e+00
3.3414e+00
3.3262e+00
3.3157e+00
3.3062e+00
3.2921e+00
3.2842e+00
3.2755e+00
3.2665e+00
3.2548e+00
3.2420e+00
3.2321e+00
3.2184e+00
3.2091e+00
3.1929e+00
3.1847e+00
3.1770e+00
3.1609e+00
3.1446e+00
3.1336e+00
3.1276e+00
3.1158e+00
3.1028e+00
3.0932e+00
3.0786e+00
3.0629e+00
3.0508e+00
3.0432e+00
3.0242e+00
3.0172e+00
3.0060e+00
2.9958e+00
2.9830e+00
2.9747e+00
2.9626e+00
2.9491e+00
2.9417e+00
2.9358e+00
2.9292e+00
2.9179e+00
2.9078e+00
2.8976e+00
2.8903e+00
2.8833e+00
2.8726e+00
2.8631e+00
2.8517e+00
2.8403e+00
2.8291e+00
2.8176e+00
2.8093e+00
2.8049e+00
2.8003e+00
2.7827e+00
2.7705e+00
2.7711e+00
2.7551e+00
2.7463e+00
2.7358e+00
2.7290e+00
2.7106e+00
2.7065e+00
2.6907e+00
2.6828e+00
2.6733e+00
2.6669e+00
2.6582e+00
2.6534e+00
2.6350e+00
2.6222e+00
2.6105e+00
2.6031e+00
2.5912e+00
2.5851e+00
2.5704e+00
2.5603e+00
2.5520e+00
2.5430e+00
2.5251e+00
2.5176e+00
2.5087e+00
2.4907e+00
2.4803e+00
2.4748e+00
2.4643e+00
2.4642e+00
2.4501e+00
2.4335e+00
2.4276e+00
2.4212e+00
2.4077e+00
2.3995e+00
2.3903e+00
2.3832e+00
2.3664e+00
2.3562e+00
2.3464e+00
2.3364e+00
2.3211e+00
2.3126e+00
2.3011e+00
2.2937e+00
2.2820e+00
2.2704e+00
2.2596e+00
2.2549e+00
2.2458e+00
2.2369e+00
2.2270e+00
2.2207e+00
2.2079e+00
2.2003e+00
2.1888e+00
2.1812e+00
2.1704e+00
2.1700e+00
2.1570e+00
2.1456e+00
2.1376e+00
2.1319e+00
2.1202e+00
2.1120e+00
2.1019e+00
2.0973e+00
2.0860e+00
2.0824e+00
2.0722e+00
2.0712e+00
2.0622e+00
2.0547e+00
2.0423e+00
2.0349e+00
2.0251e+00
2.0223e+00
2.0119e+00
2.0028e+00
1.9929e+00
1.9844e+00
1.9740e+00
1.9676e+00
1.9567e+00
1.9507e+00
1.9369e+00
1.9277e+00
1.9084e+00
1.9005e+00
1.8894e+00
1.8846e+00
1.8682e+00
1.8644e+00
1.8505e+00
1.8484e+00
1.8420e+00
1.8317e+00
1.8117e+00
1.8070e+00
1.8033e+00
1.7951e+00
1.7835e+00
1.7807e+00
1.7660e+00
1.7630e+00
1.7505e+00
1.7461e+00
1.7305e+00
1.7238e+00
1.7167e+00
1.7103e+00
1.6951e+00
1.6913e+00
1.6749e+00
1.6682e+00
1.6590e+00
1.6471e+00
1.6319e+00
1.6270e+00
1.6183e+00
1.6122e+00
1.5964e+00
1.5841e+00
1.5727e+00
1.5615e+00
1.5549e+00
1.5476e+00
1.5392e+00
1.5267e+00
1.5103e+00
1.5061e+00
1.4940e+00
1.4801e+00
1.4607e+00
1.4551e+00
1.4502e+00
1.4403e+00
1.4256e+00
1.4178e+00
1.4048e+00
1.3980e+00
1.3881e+00
1.3818e+00
1.3726e+00
1.3655e+00
1.3564e+00
1.3585e+00
1.3467e+00
1.3271e+00
1.3210e+00
1.3195e+00
1.3101e+00
1.2995e+00
1.2869e+00
1.2786e+00
1.2735e+00
1.2646e+00
1.2558e+00
1.2508e+00
1.2360e+00
1.2293e+00
1.2141e+00
1.2059e+00
1.1985e+00
1.1949e+00
1.1862e+00
1.1839e+00
1.1744e+00
1.1620e+00
1.1516e+00
1.1411e+00
1.1328e+00
1.1299e+00
1.1180e+00
1.1049e+00
1.1023e+00
1.0949e+00
1.0848e+00
1.0808e+00
1.0700e+00
1.0639e+00
1.0497e+00
1.0396e+00
1.0348e+00
1.0214e+00
1.0115e+00
1.0047e+00
9.8961e-01
9.8217e-01
9.7180e-01
9.6801e-01
9.5496e-01
9.4958e-01
9.3371e-01
9.2076e-01
9.1513e-01
9.0438e-01
8.9007e-01
8.8811e-01
8.8052e-01
8.7636e-01
8.6131e-01
8.5322e-01
8.3914e-01
8.3669e-01
8.2566e-01
8.1536e-01
8.0322e-01
7.9217e-01
7.8174e-01
7.8420e-01
7.6836e-01
7.6025e-01
7.4981e-01
7.3924e-01
7.2535e-01
7.2129e-01
7.0763e-01
6.9914e-01
6.9065e-01
6.8967e-01
6.7513e-01
6.6269e-01
6.5333e-01
6.4457e-01
6.3570e-01
6.3323e-01
6.2632e-01
6.2163e-01
6.0645e-01
6.0065e-01
5.9053e-01
5.8855e-01
5.7854e-01
5.6890e-01
5.6186e-01
5.5580e-01
5.4084e-01
5.3898e-01
5.2636e-01
5.2748e-01
5.2092e-01
5.2166e-01
5.0730e-01
5.0408e-01
5.0408e-01
5.0470e-01
4.9343e-01
4.9231e-01
4.8835e-01
4.8785e-01
4.8054e-01
4.8215e-01
4.8265e-01
4.7732e-01
4.7620e-01
4.7880e-01
4.7422e-01
4.7893e-01
4.7447e-01
4.7472e-01
4.6839e-01
4.6430e-01
4.5884e-01
4.5946e-01
4.5190e-01
4.4731e-01
4.4172e-01
4.4346e-01
4.3850e-01
4.3043e-01
4.2460e-01
4.1789e-01
4.0994e-01
4.0783e-01
3.9702e-01
3.9975e-01
3.9255e-01
3.8472e-01
3.7676e-01
3.6992e-01
3.6445e-01
3.5474e-01
3.3956e-01
3.3682e-01
3.2561e-01
3.1378e-01
2.9858e-01
2.9147e-01
2.7501e-01
2.6465e-01
2.5579e-01
2.4942e-01
2.3357e-01
2.2632e-01
2.1457e-01
2.0707e-01
1.9194e-01
1.8018e-01
1.6967e-01
1.6329e-01
1.4976e-01
1.4638e-01
1.3035e-01
1.2220e-01
1.1092e-01
1.0590e-01
9.0596e-02
8.4698e-02
6.6245e-02
5.9463e-02
4.9163e-02
4.7906e-02
4.2126e-02
2.9683e-02
1.6102e-02
1.3587e-02
8.5550e-03
6.7940e-03
5.0300e-04
1.8870e-03
0000
3.0200e-03
5.6620e-03
1.5222e-02
2.8048e-02
3.7602e-02
5.6198e-02
7.4280e-02
1.0515e-01
1.2333e-01
1.6254e-01
1.8194e-01
2.3157e-01
2.5292e-01
3.0468e-01
3.3595e-01
4.0361e-01
4.4011e-01
5.0358e-01
5.3329e-01
6.0497e-01
6.3619e-01
7.0283e-01
7.2793e-01
7.9696e-01
8.2468e-01
8.8627e-01
9.1574e-01
9.7875e-01
1.0057e+00
1.0592e+00
1.0936e+00
1.1451e+00
1.1663e+00
1.2160e+00
1.2411e+00
1.2774e+00
1.2955e+00
1.3397e+00
1.3600e+00
1.3875e+00
1.4082e+00
1.4335e+00
1.4532e+00
1.4725e+00
1.4865e+00
1.4945e+00
1.5037e+00
1.5104e+00
1.5175e+00
1.5198e+00
1.5267e+00
1.5267e+00
1.5303e+00
1.5255e+00
1.5225e+00
1.5085e+00
1.4996e+00
1.4889e+00
1.4819e+00
1.4607e+00
1.4515e+00
1.4324e+00
1.4179e+00
1.3950e+00
1.3781e+00
1.3561e+00
1.3418e+00
1.3092e+00
1.2973e+00
1.2649e+00
1.2566e+00
1.2261e+00
1.2106e+00
1.1816e+00
1.1658e+00
1.1401e+00
1.1236e+00
1.0973e+00
1.0738e+00
1.0477e+00
1.0236e+00
9.9924e-01
9.8131e-01
9.5520e-01
9.2894e-01
9.0462e-01
8.9117e-01
8.6339e-01
8.4061e-01
8.2406e-01
8.0640e-01
7.8150e-01
7.6922e-01
7.5202e-01
7.3506e-01
7.1981e-01
7.1083e-01
7.0419e-01
7.0124e-01
7.0271e-01
7.0419e-01
7.1908e-01
7.2818e-01
7.5055e-01
7.7045e-01
8.1511e-01
8.4122e-01
9.0743e-01
9.4201e-01
1.0200e+00
1.0701e+00
1.1601e+00
1.2130e+00
1.3149e+00
1.3812e+00
1.4887e+00
1.5588e+00
1.6707e+00
1.7411e+00
1.8531e+00
1.9267e+00
2.0310e+00
2.1042e+00
2.2018e+00
2.2715e+00
2.3575e+00
2.4421e+00
2.5153e+00
2.5882e+00
2.6622e+00
2.7236e+00
2.7760e+00
2.8495e+00
2.9008e+00
2.9499e+00
2.9930e+00
3.0412e+00
3.0699e+00
3.1127e+00
3.1267e+00
3.1634e+00
3.1691e+00
3.2087e+00
3.2016e+00
3.2301e+00
3.2304e+00
3.2507e+00
3.2345e+00
3.2614e+00
3.2366e+00
3.2497e+00
3.2328e+00
3.2346e+00
3.2252e+00
3.2119e+00
3.1902e+00
3.1738e+00
3.1545e+00
3.1312e+00
3.1091e+00
3.0861e+00
3.0527e+00
3.0283e+00
2.9961e+00
2.9753e+00
2.9267e+00
2.8991e+00
2.8760e+00
2.8360e+00
2.8019e+00
2.7618e+00
2.7284e+00
2.6924e+00
2.6556e+00
2.6251e+00
2.5966e+00
2.5613e+00
2.5267e+00
2.4876e+00
2.4465e+00
2.4181e+00
2.3858e+00
2.3491e+00
2.3256e+00
2.2979e+00
2.2716e+00
2.2378e+00
2.2186e+00
2.1982e+00
2.1837e+00
2.1659e+00
2.1724e+00
2.1623e+00
2.1783e+00
2.1872e+00
2.2287e+00
2.2516e+00
2.3218e+00
2.3666e+00
2.4639e+00
2.5181e+00
2.6356e+00
2.7049e+00
2.8421e+00
2.9334e+00
3.0821e+00
3.1974e+00
3.3653e+00
3.4851e+00
3.6554e+00
3.7876e+00
3.9515e+00
4.1004e+00
4.2573e+00
4.4044e+00
4.5352e+00
4.6808e+00
4.7889e+00
4.9135e+00
5.0128e+00
5.1481e+00
5.2232e+00
5.3593e+00
5.4256e+00
5.5383e+00
5.5920e+00
5.6908e+00
5.7187e+00
5.8175e+00
5.8391e+00
5.9294e+00
5.9322e+00
6.0087e+00
6.0064e+00
6.0630e+00
6.0526e+00
6.1069e+00
6.0973e+00
6.1268e+00
6.1004e+00
6.1276e+00
6.0984e+00
6.1153e+00
6.0765e+00
6.0779e+00
6.0386e+00
6.0265e+00
5.9910e+00
5.9778e+00
5.9322e+00
5.9029e+00
5.8584e+00
5.8217e+00
5.7730e+00
5.7331e+00
5.6752e+00
5.6327e+00
5.5859e+00
5.5378e+00
5.4857e+00
5.4224e+00
5.3795e+00
5.3216e+00
5.2643e+00
5.2024e+00
5.1541e+00
5.0897e+00
