2.8992e+00
2.8831e+00
2.8799e+00
2.8627e+00
2.8608e+00
2.8438e+00
2.8403e+00
2.8192e+00
2.8232e+00
2.8090e+00
2.8034e+00
2.7843e+00
2.7912e+00
2.7676e+00
2.7695e+00
2.7582e+00
2.7619e+00
2.7414e+00
2.7307e+00
2.7150e+00
2.7166e+00
2.6945e+00
2.6909e+00
2.6788e+00
2.6775e+00
2.6578e+00
2.6559e+00
2.6352e+00
2.6344e+00
2.6162e+00
2.6185e+00
2.6060e+00
2.5951e+00
2.5791e+00
2.5793e+00
2.5668e+00
2.5607e+00
2.5518e+00
2.5483e+00
2.5328e+00
2.5219e+00
2.5181e+00
2.5119e+00
2.4965e+00
2.4882e+00
2.4703e+00
2.4744e+00
2.4383e+00
2.4415e+00
2.4197e+00
2.4240e+00
2.4089e+00
2.3901e+00
2.3790e+00
2.3768e+00
2.3649e+00
2.3637e+00
2.3566e+00
2.3464e+00
2.3369e+00
2.3392e+00
2.3248e+00
2.3242e+00
2.3148e+00
2.3113e+00
2.2841e+00
2.2824e+00
2.2873e+00
2.2922e+00
2.2686e+00
2.2511e+00
2.2450e+00
2.2333e+00
2.2293e+00
2.2316e+00
2.2197e+00
2.2321e+00
2.2214e+00
2.2258e+00
2.2332e+00
2.2362e+00
2.2312e+00
2.2519e+00
2.2353e+00
2.2464e+00
2.2412e+00
2.2307e+00
2.2307e+00
2.2400e+00
2.2299e+00
2.2347e+00
2.2379e+00
2.2438e+00
2.2528e+00
2.2690e+00
2.2708e+00
2.2925e+00
2.2933e+00
2.3137e+00
2.2943e+00
2.3099e+00
2.3113e+00
2.3211e+00
2.3208e+00
2.3353e+00
2.3332e+00
2.3493e+00
2.3792e+00
2.4012e+00
2.4132e+00
2.4528e+00
2.4799e+00
2.5197e+00
2.5403e+00
2.5862e+00
2.6182e+00
2.6686e+00
2.7082e+00
2.7665e+00
2.8165e+00
2.8871e+00
2.9461e+00
3.0090e+00
3.0791e+00
3.1303e+00
3.2243e+00
3.2691e+00
3.3642e+00
3.4098e+00
3.5034e+00
3.5466e+00
3.6465e+00
3.6781e+00
3.7853e+00
3.8163e+00
3.9162e+00
3.8731e+00
4.2208e+00
4.1500e+00
4.2406e+00
4.2440e+00
4.3483e+00
4.3485e+00
4.4266e+00
4.4212e+00
4.4892e+00
4.4972e+00
4.4166e+00
4.4874e+00
4.5134e+00
4.4914e+00
4.5106e+00
4.4894e+00
4.5467e+00
4.5078e+00
4.5558e+00
4.5183e+00
4.5518e+00
4.5263e+00
4.5415e+00
4.5212e+00
4.5126e+00
4.4875e+00
4.4962e+00
4.4638e+00
4.4694e+00
4.4296e+00
4.4366e+00
4.4072e+00
4.4077e+00
4.3787e+00
4.3795e+00
4.3696e+00
4.3605e+00
4.3416e+00
4.3427e+00
4.3306e+00
4.3339e+00
4.3125e+00
4.3931e+00
4.3210e+00
4.4484e+00
4.3585e+00
4.4091e+00
4.4292e+00
4.4470e+00
4.4527e+00
4.4738e+00
4.4841e+00
4.5040e+00
4.5116e+00
4.5368e+00
4.5423e+00
4.5636e+00
4.5753e+00
4.5933e+00
4.5901e+00
4.6220e+00
4.6298e+00
4.6415e+00
4.6465e+00
4.6298e+00
4.7323e+00
4.6330e+00
4.6446e+00
4.6306e+00
4.6354e+00
4.6048e+00
4.6029e+00
4.6126e+00
4.6045e+00
4.6042e+00
4.5905e+00
4.5953e+00
4.5808e+00
4.5723e+00
4.5541e+00
4.5472e+00
4.5342e+00
4.5192e+00
4.5017e+00
4.4931e+00
4.4816e+00
4.4540e+00
4.4373e+00
4.4199e+00
4.4144e+00
4.3830e+00
4.3661e+00
4.3319e+00
4.3229e+00
4.2898e+00
4.2754e+00
4.2681e+00
4.1188e+00
4.3132e+00
4.2752e+00
4.2303e+00
4.2270e+00
4.1848e+00
4.1988e+00
3.9993e+00
4.1103e+00
4.0297e+00
4.0125e+00
3.9760e+00
3.9525e+00
3.9133e+00
3.9034e+00
3.8694e+00
3.8543e+00
3.8178e+00
3.8142e+00
3.7842e+00
3.7683e+00
3.7241e+00
3.7208e+00
3.6840e+00
3.6802e+00
3.6385e+00
3.6391e+00
3.6086e+00
3.5983e+00
3.5653e+00
3.5530e+00
3.5220e+00
3.5193e+00
3.4820e+00
3.4739e+00
3.4417e+00
3.4299e+00
3.4043e+00
3.3952e+00
3.3701e+00
3.3694e+00
3.3397e+00
3.3313e+00
3.3098e+00
3.3051e+00
3.2847e+00
3.2663e+00
3.2338e+00
3.2318e+00
3.2140e+00
3.2097e+00
3.1843e+00
3.1805e+00
3.1540e+00
3.1579e+00
3.1260e+00
3.1186e+00
3.0897e+00
3.0864e+00
3.0671e+00
3.0597e+00
3.0376e+00
3.0377e+00
3.0123e+00
3.0079e+00
2.9924e+00
2.9902e+00
2.9726e+00
2.9782e+00
2.9601e+00
2.9592e+00
2.9342e+00
2.9409e+00
2.9184e+00
2.9242e+00
2.8974e+00
2.9091e+00
2.8862e+00
2.8897e+00
2.8768e+00
2.8784e+00
2.8629e+00
2.8717e+00
2.8565e+00
2.8683e+00
2.8490e+00
2.8559e+00
2.8432e+00
2.8477e+00
2.8369e+00
2.8378e+00
2.8289e+00
2.8352e+00
2.8269e+00
2.8184e+00
2.8160e+00
2.8120e+00
2.8211e+00
2.7540e+00
2.9340e+00
2.8427e+00
2.8598e+00
2.8725e+00
2.8619e+00
2.8621e+00
2.8497e+00
2.8488e+00
2.8378e+00
2.8431e+00
2.8272e+00
2.8297e+00
2.8122e+00
2.7973e+00
2.7971e+00
2.7961e+00
2.7819e+00
2.7831e+00
2.7698e+00
2.7816e+00
2.6315e+00
2.7484e+00
2.7069e+00
2.6571e+00
2.7131e+00
2.6734e+00
2.7435e+00
2.6824e+00
2.6974e+00
2.7037e+00
2.6877e+00
2.6950e+00
2.6765e+00
2.7244e+00
2.5527e+00
2.5980e+00
2.5940e+00
2.6042e+00
2.5558e+00
2.5880e+00
2.4966e+00
2.5060e+00
2.4996e+00
2.4908e+00
2.4747e+00
2.4681e+00
2.4686e+00
2.4314e+00
2.4493e+00
2.4576e+00
2.4474e+00
2.4409e+00
2.5618e+00
2.3844e+00
2.4765e+00
2.4827e+00
2.5097e+00
2.5068e+00
2.5194e+00
2.5193e+00
2.5168e+00
2.5205e+00
2.4875e+00
2.5028e+00
2.4870e+00
2.4815e+00
2.4682e+00
2.4637e+00
2.4555e+00
2.4512e+00
2.4327e+00
2.4337e+00
2.4251e+00
2.4217e+00
2.4032e+00
2.3972e+00
2.3826e+00
2.4641e+00
2.1538e+00
2.2367e+00
2.2281e+00
2.2094e+00
2.1967e+00
2.1897e+00
2.1768e+00
2.1697e+00
2.1590e+00
2.1667e+00
2.1587e+00
2.1501e+00
2.1436e+00
2.1410e+00
2.1276e+00
2.1178e+00
2.1077e+00
2.1111e+00
2.0975e+00
2.0889e+00
2.0854e+00
2.0775e+00
2.0709e+00
2.0718e+00
2.0626e+00
2.0597e+00
2.0511e+00
2.0530e+00
2.0445e+00
2.0284e+00
2.0255e+00
2.0193e+00
2.0103e+00
2.0086e+00
1.9931e+00
1.9873e+00
1.9902e+00
1.9938e+00
1.9752e+00
1.9786e+00
1.9811e+00
1.9762e+00
1.9660e+00
1.9730e+00
1.9638e+00
1.9731e+00
1.9630e+00
1.9717e+00
1.9855e+00
2.0088e+00
2.0026e+00
2.0329e+00
2.0526e+00
2.0883e+00
2.0977e+00
2.1497e+00
2.1692e+00
2.2208e+00
2.2348e+00
2.2879e+00
2.3202e+00
2.3933e+00
2.4229e+00
2.4945e+00
2.5406e+00
2.6005e+00
2.6480e+00
2.7095e+00
2.7639e+00
2.8121e+00
2.8710e+00
2.9148e+00
2.9926e+00
3.0323e+00
3.0916e+00
3.1191e+00
3.1943e+00
3.2043e+00
3.2841e+00
3.3038e+00
3.3812e+00
3.3891e+00
3.4622e+00
3.4749e+00
3.5652e+00
3.5748e+00
3.6739e+00
3.6843e+00
3.7813e+00
3.7822e+00
3.8951e+00
3.8980e+00
3.9977e+00
3.9917e+00
4.0998e+00
4.0890e+00
4.1846e+00
4.1602e+00
4.2833e+00
4.2730e+00
4.3704e+00
4.3398e+00
4.4531e+00
4.4320e+00
4.5227e+00
4.4915e+00
4.5735e+00
4.5438e+00
4.6234e+00
4.5821e+00
4.6550e+00
4.6345e+00
4.6950e+00
4.6674e+00
4.7136e+00
4.6886e+00
4.7197e+00
4.7126e+00
4.7353e+00
4.7255e+00
4.7312e+00
4.7053e+00
4.7302e+00
4.7160e+00
4.7319e+00
4.7064e+00
4.7274e+00
4.7068e+00
4.7218e+00
4.7128e+00
4.7267e+00
4.7102e+00
4.7225e+00
4.7223e+00
4.7460e+00
4.7288e+00
4.7535e+00
4.7517e+00
4.7733e+00
4.7668e+00
4.7789e+00
4.7727e+00
4.7830e+00
4.7790e+00
4.7913e+00
4.7842e+00
4.7876e+00
4.7847e+00
4.8032e+00
4.7865e+00
4.7857e+00
4.7783e+00
4.7871e+00
4.7691e+00
4.7674e+00
4.7593e+00
4.7582e+00
4.7540e+00
4.7495e+00
4.7371e+00
4.7491e+00
4.7316e+00
4.7245e+00
4.7171e+00
4.7072e+00
4.7031e+00
4.7021e+00
4.6893e+00
4.6712e+00
4.6689e+00
4.6522e+00
4.6453e+00
4.6288e+00
4.6175e+00
4.6035e+00
4.5925e+00
4.5716e+00
4.5631e+00
4.5428e+00
4.5325e+00
4.5103e+00
4.5050e+00
4.4820e+00
4.4692e+00
4.4314e+00
4.4311e+00
4.4110e+00
4.4046e+00
4.3760e+00
4.3687e+00
4.3418e+00
4.3357e+00
4.3187e+00
4.3191e+00
4.2945e+00
4.2973e+00
4.2753e+00
4.2807e+00
4.2609e+00
4.2637e+00
4.2431e+00
4.2499e+00
4.2361e+00
4.2353e+00
4.2219e+00
4.2281e+00
4.2070e+00
4.2113e+00
4.1875e+00
4.1945e+00
4.1749e+00
4.1778e+00
4.1592e+00
4.1644e+00
4.1451e+00
4.1565e+00
4.1329e+00
4.1486e+00
4.1279e+00
4.1390e+00
4.1206e+00
4.1342e+00
4.1309e+00
4.1414e+00
4.1368e+00
4.1675e+00
4.1706e+00
4.1923e+00
4.1983e+00
4.2218e+00
4.2438e+00
4.2656e+00
4.2901e+00
4.3229e+00
4.3419e+00
4.3671e+00
4.3951e+00
4.4173e+00
4.4528e+00
4.4688e+00
4.5025e+00
4.5227e+00
4.5524e+00
4.5718e+00
4.6085e+00
4.6165e+00
4.6509e+00
4.6584e+00
4.6938e+00
4.6935e+00
4.7382e+00
4.7380e+00
4.7727e+00
4.7708e+00
4.8182e+00
4.8121e+00
4.8489e+00
4.8450e+00
4.8873e+00
4.8805e+00
4.9232e+00
4.9216e+00
4.9548e+00
4.9479e+00
4.9774e+00
4.9775e+00
5.0123e+00
5.0110e+00
5.0455e+00
5.0505e+00
5.0940e+00
5.0937e+00
5.1316e+00
5.1399e+00
5.1767e+00
5.1887e+00
5.2200e+00
5.2384e+00
5.2706e+00
5.2843e+00
5.3231e+00
5.3308e+00
5.3606e+00
5.3770e+00
5.4084e+00
5.4130e+00
5.4374e+00
5.4421e+00
5.4678e+00
5.4684e+00
5.4898e+00
5.4843e+00
5.4963e+00
5.5003e+00
5.5120e+00
5.5002e+00
5.5039e+00
5.4940e+00
5.4946e+00
5.4867e+00
5.4870e+00
5.4710e+00
5.4601e+00
5.4537e+00
5.4532e+00
5.4390e+00
5.4226e+00
5.4039e+00
5.3907e+00
5.3718e+00
5.3559e+00
5.3374e+00
5.3163e+00
5.3011e+00
5.2757e+00
5.2607e+00
5.2349e+00
5.2309e+00
5.2018e+00
5.1920e+00
5.1671e+00
5.1501e+00
5.1213e+00
5.1212e+00
5.0859e+00
5.0684e+00
5.0374e+00
5.0338e+00
4.9984e+00
4.9918e+00
4.9554e+00
4.9485e+00
4.9088e+00
4.9040e+00
4.8726e+00
4.8570e+00
4.8122e+00
4.8122e+00
4.7734e+00
4.7694e+00
4.7262e+00
4.7170e+00
4.6740e+00
4.6638e+00
4.6406e+00
4.6273e+00
4.5824e+00
4.5736e+00
4.5408e+00
4.5286e+00
4.4916e+00
4.4827e+00
4.4460e+00
4.4326e+00
4.3925e+00
4.3868e+00
4.3508e+00
4.3519e+00
4.3197e+00
4.3096e+00
4.2701e+00
4.2633e+00
4.2314e+00
4.2283e+00
4.1931e+00
4.1845e+00
4.1504e+00
4.1456e+00
4.1186e+00
4.1127e+00
4.0714e+00
4.0683e+00
4.0428e+00
4.0418e+00
4.0160e+00
4.0128e+00
3.9786e+00
3.9804e+00
3.9485e+00
3.9461e+00
3.9094e+00
3.9010e+00
3.8676e+00
3.8772e+00
3.8429e+00
3.8420e+00
3.8101e+00
3.8111e+00
3.7789e+00
3.7805e+00
3.7467e+00
3.7442e+00
3.7184e+00
3.7205e+00
3.6954e+00
3.6925e+00
3.6635e+00
3.6643e+00
3.6347e+00
3.6360e+00
3.6136e+00
3.6076e+00
3.5836e+00
3.5886e+00
3.5639e+00
3.5669e+00
3.5425e+00
3.5392e+00
3.5209e+00
3.5171e+00
3.4921e+00
3.4855e+00
3.4627e+00
3.4657e+00
3.4481e+00
3.4572e+00
3.4258e+00
3.4223e+00
3.4008e+00
3.4117e+00
3.3947e+00
3.3987e+00
3.3738e+00
3.3791e+00
3.3611e+00
3.3566e+00
3.3386e+00
3.3416e+00
3.3189e+00
3.3199e+00
3.3027e+00
3.3138e+00
3.2942e+00
3.2953e+00
3.2719e+00
3.2729e+00
3.2613e+00
3.2567e+00
3.2372e+00
3.2478e+00
3.2246e+00
3.2218e+00
3.2084e+00
3.2131e+00
3.1925e+00
3.1960e+00
3.1778e+00
3.1818e+00
3.1593e+00
3.1617e+00
3.1487e+00
3.1462e+00
3.1328e+00
3.1323e+00
3.1161e+00
3.1192e+00
3.1027e+00
3.1013e+00
3.0865e+00
3.0955e+00
3.0741e+00
3.0709e+00
3.0531e+00
3.0574e+00
3.0404e+00
3.0433e+00
3.0257e+00
3.0287e+00
3.0110e+00
3.0033e+00
2.9882e+00
2.9909e+00
2.9732e+00
2.9734e+00
2.9573e+00
2.9608e+00
2.9486e+00
2.9484e+00
2.9300e+00
2.9300e+00
2.9174e+00
2.9186e+00
2.9075e+00
2.9117e+00
2.8958e+00
2.9060e+00
2.8996e+00
2.9040e+00
2.8897e+00
2.8943e+00
2.8841e+00
2.8890e+00
2.8813e+00
2.8945e+00
2.8812e+00
2.8887e+00
2.8877e+00
2.8930e+00
2.8833e+00
2.8851e+00
2.8676e+00
2.8893e+00
2.8803e+00
2.8808e+00
2.8718e+00
2.8812e+00
2.8750e+00
2.8815e+00
2.8761e+00
2.8837e+00
2.8719e+00
2.8726e+00
2.8745e+00
2.8820e+00
2.8624e+00
2.8633e+00
2.8513e+00
2.8513e+00
2.8398e+00
2.8383e+00
2.8344e+00
2.8287e+00
2.8154e+00
2.8134e+00
2.8013e+00
2.8022e+00
2.7857e+00
2.7877e+00
2.7704e+00
2.7717e+00
2.7629e+00
2.7586e+00
2.7479e+00
2.7454e+00
2.7346e+00
2.7319e+00
2.7208e+00
2.7169e+00
2.7055e+00
2.6963e+00
2.6826e+00
2.6777e+00
2.6656e+00
2.6659e+00
2.6568e+00
2.6479e+00
2.6330e+00
2.6271e+00
2.6146e+00
2.6144e+00
2.6001e+00
2.5975e+00
2.5805e+00
2.5802e+00
2.5667e+00
2.5553e+00
2.5471e+00
2.5425e+00
2.5317e+00
2.5286e+00
2.5159e+00
2.5109e+00
2.4992e+00
2.4936e+00
2.4819e+00
2.4745e+00
2.4634e+00
2.4564e+00
2.4432e+00
2.4422e+00
2.4321e+00
2.4206e+00
2.4107e+00
2.4089e+00
2.3903e+00
2.3842e+00
2.3803e+00
2.3767e+00
2.3630e+00
2.3536e+00
2.3467e+00
2.3471e+00
2.3405e+00
2.3358e+00
2.3210e+00
2.3151e+00
2.3041e+00
2.2992e+00
2.2885e+00
2.2850e+00
2.2743e+00
2.2758e+00
2.2652e+00
2.2569e+00
2.2497e+00
2.2473e+00
2.2373e+00
2.2318e+00
2.2238e+00
2.2146e+00
2.2080e+00
2.2063e+00
2.1918e+00
2.1880e+00
2.1837e+00
2.1750e+00
2.1652e+00
2.1617e+00
2.1503e+00
2.1520e+00
2.1452e+00
2.1399e+00
2.1271e+00
2.1224e+00
2.1146e+00
2.1131e+00
2.0995e+00
2.1002e+00
2.0943e+00
2.0940e+00
2.0885e+00
2.0873e+00
2.0852e+00
2.0758e+00
2.0656e+00
2.0637e+00
2.0491e+00
2.0489e+00
2.0363e+00
2.0292e+00
2.0237e+00
2.0223e+00
2.0154e+00
2.0133e+00
2.0027e+00
1.9961e+00
1.9880e+00
1.9827e+00
1.9804e+00
1.9765e+00
1.9683e+00
1.9635e+00
1.9571e+00
1.9508e+00
1.9437e+00
1.9440e+00
1.9342e+00
1.9303e+00
1.9260e+00
1.9193e+00
1.9084e+00
1.9034e+00
1.8913e+00
1.8922e+00
1.8816e+00
1.8777e+00
1.8699e+00
1.8645e+00
1.8505e+00
1.8509e+00
1.8452e+00
1.8414e+00
1.8297e+00
1.8245e+00
1.8216e+00
1.8225e+00
1.8134e+00
1.8080e+00
1.8064e+00
1.7999e+00
1.7802e+00
1.7805e+00
1.7750e+00
1.7747e+00
1.7696e+00
1.7617e+00
1.7537e+00
1.7436e+00
1.7367e+00
1.7373e+00
1.7236e+00
1.7097e+00
1.7074e+00
1.7094e+00
1.7023e+00
1.6964e+00
1.6884e+00
1.6867e+00
1.6754e+00
1.6710e+00
1.6695e+00
1.6653e+00
1.6581e+00
1.6582e+00
1.6521e+00
1.6417e+00
1.6354e+00
1.6273e+00
1.6187e+00
1.6181e+00
1.6181e+00
1.6109e+00
1.6019e+00
1.5943e+00
1.5875e+00
1.5801e+00
1.5791e+00
1.5757e+00
1.5668e+00
1.5658e+00
1.5622e+00
1.5545e+00
1.5493e+00
1.5429e+00
1.5435e+00
1.5386e+00
1.5318e+00
1.5264e+00
1.5150e+00
1.5082e+00
1.5061e+00
1.5051e+00
1.4991e+00
1.4886e+00
1.4875e+00
1.4899e+00
1.4790e+00
1.4741e+00
1.4722e+00
1.4621e+00
1.4631e+00
1.4590e+00
1.4491e+00
1.4385e+00
1.4346e+00
1.4335e+00
1.4302e+00
1.4208e+00
1.4204e+00
1.4155e+00
1.4070e+00
1.4036e+00
1.3988e+00
1.3908e+00
1.3876e+00
1.3837e+00
1.3857e+00
1.3817e+00
1.3778e+00
1.3763e+00
1.3747e+00
1.3704e+00
1.3595e+00
1.3534e+00
1.3556e+00
1.3536e+00
1.3503e+00
1.3453e+00
1.3445e+00
1.3407e+00
1.3366e+00
1.3349e+00
1.3283e+00
1.3300e+00
1.3356e+00
1.3285e+00
1.3185e+00
1.3165e+00
1.3146e+00
1.3145e+00
1.3132e+00
1.3033e+00
1.3032e+00
1.3051e+00
1.2983e+00
1.2935e+00
1.2895e+00
1.2881e+00
1.2853e+00
1.2794e+00
1.2767e+00
1.2743e+00
1.2719e+00
1.2667e+00
1.2648e+00
1.2594e+00
1.2565e+00
1.2527e+00
1.2477e+00
1.2400e+00
1.2409e+00
1.2334e+00
1.2300e+00
1.2298e+00
1.2216e+00
1.2143e+00
1.2141e+00
1.2130e+00
1.2033e+00
1.1971e+00
1.1867e+00
1.1859e+00
1.1853e+00
1.1812e+00
1.1768e+00
1.1695e+00
1.1625e+00
1.1613e+00
1.1546e+00
1.1470e+00
1.1378e+00
1.1341e+00
1.1324e+00
1.1204e+00
1.1142e+00
1.1125e+00
1.1042e+00
1.0946e+00
1.0897e+00
1.0859e+00
1.0841e+00
1.0839e+00
1.0728e+00
1.0653e+00
1.0595e+00
1.0556e+00
1.0525e+00
1.0469e+00
1.0370e+00
1.0295e+00
1.0242e+00
1.0148e+00
1.0117e+00
1.0043e+00
1.0032e+00
9.9207e-01
9.9125e-01
9.8721e-01
9.8228e-01
9.7804e-01
9.7016e-01
9.6530e-01
9.6317e-01
9.5399e-01
9.4658e-01
9.4350e-01
9.4206e-01
9.3540e-01
9.3033e-01
9.2161e-01
9.1605e-01
9.1227e-01
9.1811e-01
9.1179e-01
9.0128e-01
8.9592e-01
8.9902e-01
8.9441e-01
8.8795e-01
8.7626e-01
8.7399e-01
8.6787e-01
8.6856e-01
8.5665e-01
8.5596e-01
8.5493e-01
8.4839e-01
8.4412e-01
8.3772e-01
8.3517e-01
8.3207e-01
8.2421e-01
8.2193e-01
8.2297e-01
8.1821e-01
8.1373e-01
8.0269e-01
7.9738e-01
7.9600e-01
7.9165e-01
7.8758e-01
7.8364e-01
7.7757e-01
7.7266e-01
7.7301e-01
7.6147e-01
7.5041e-01
7.4252e-01
7.4481e-01
7.4439e-01
7.3332e-01
7.2273e-01
7.2488e-01
7.1622e-01
7.1193e-01
7.0306e-01
7.0410e-01
6.9974e-01
6.9343e-01
6.8490e-01
6.8255e-01
6.7832e-01
6.8268e-01
6.7644e-01
6.7249e-01
6.6520e-01
6.6021e-01
6.5375e-01
6.5347e-01
6.3972e-01
6.3374e-01
6.3423e-01
6.3506e-01
6.3152e-01
6.2589e-01
6.1887e-01
6.2158e-01
6.1977e-01
6.1372e-01
6.0691e-01
6.0851e-01
6.1157e-01
6.1289e-01
6.0892e-01
6.0712e-01
6.0510e-01
6.0440e-01
5.9710e-01
6.0044e-01
6.0197e-01
5.9939e-01
5.9863e-01
5.9584e-01
5.8387e-01
5.9090e-01
5.9389e-01
5.9041e-01
5.8512e-01
5.8199e-01
5.7990e-01
5.8199e-01
5.8178e-01
5.7642e-01
5.7781e-01
5.7676e-01
5.7649e-01
5.6687e-01
5.6457e-01
5.6206e-01
5.6227e-01
5.5899e-01
5.5781e-01
5.4791e-01
5.4554e-01
5.4414e-01
5.4484e-01
5.4442e-01
5.4072e-01
5.3291e-01
5.3081e-01
5.2858e-01
5.1867e-01
5.1483e-01
5.0819e-01
5.0575e-01
5.0505e-01
5.0113e-01
4.9645e-01
4.8799e-01
4.8631e-01
4.8855e-01
4.8156e-01
4.7687e-01
4.6652e-01
4.6519e-01
4.6484e-01
4.6043e-01
4.5840e-01
4.5651e-01
4.4516e-01
4.4782e-01
4.3795e-01
4.3360e-01
4.3129e-01
4.2491e-01
4.1579e-01
4.1460e-01
4.0380e-01
3.9790e-01
3.9236e-01
3.9327e-01
3.8337e-01
3.8077e-01
3.8063e-01
3.7473e-01
3.6665e-01
3.6377e-01
3.6278e-01
3.6482e-01
3.5442e-01
3.4809e-01
3.4387e-01
3.4577e-01
3.4232e-01
3.4063e-01
3.3247e-01
3.3141e-01
3.2705e-01
3.2557e-01
3.2254e-01
3.2015e-01
3.0944e-01
2.9965e-01
2.9909e-01
2.9598e-01
2.9662e-01
2.9373e-01
2.8816e-01
2.8668e-01
2.7666e-01
2.7186e-01
2.7081e-01
2.7504e-01
2.6629e-01
2.5824e-01
2.5690e-01
2.5909e-01
2.5408e-01
2.5146e-01
2.4398e-01
2.3649e-01
2.3161e-01
2.3090e-01
2.1988e-01
2.1464e-01
2.1400e-01
2.0587e-01
1.9908e-01
1.9886e-01
1.9575e-01
1.9490e-01
1.8293e-01
1.8102e-01
1.7670e-01
1.6855e-01
1.5345e-01
1.4863e-01
1.3820e-01
1.3976e-01
1.3011e-01
1.2684e-01
1.2812e-01
1.2393e-01
1.2060e-01
1.2074e-01
1.1030e-01
1.0092e-01
9.9710e-02
9.9781e-02
8.7695e-02
8.4708e-02
7.5959e-02
7.1121e-02
6.6495e-02
6.3720e-02
5.7241e-02
4.7556e-02
4.2213e-02
4.4849e-02
3.6870e-02
3.8081e-02
3.0099e-02
2.0902e-02
1.7978e-02
1.3770e-02
1.4911e-02
1.3485e-02
7.7780e-03
4.5670e-03
6.2080e-03
3.9250e-03
2.7830e-03
3.4250e-03
0000
3.1400e-03
7.7060e-03
1.3560e-03
9.6330e-03
1.7978e-02
1.9547e-02
2.2257e-02
4.4707e-02
4.3211e-02
5.8808e-02
7.0908e-02
9.0611e-02
9.5445e-02
1.1641e-01
1.1733e-01
1.3465e-01
1.3692e-01
1.5955e-01
1.7712e-01
1.9044e-01
1.9079e-01
2.1556e-01
2.1825e-01
2.3642e-01
2.3691e-01
2.5266e-01
2.5994e-01
2.7934e-01
2.7532e-01
2.8160e-01
2.8752e-01
3.0458e-01
3.0789e-01
3.2423e-01
3.2205e-01
3.3057e-01
3.3184e-01
3.4422e-01
3.4485e-01
3.5118e-01
3.4957e-01
3.5568e-01
3.6187e-01
3.7403e-01
3.7009e-01
3.8014e-01
3.8175e-01
3.9095e-01
3.9868e-01
4.0506e-01
4.0646e-01
4.2028e-01
4.2281e-01
4.2799e-01
4.3619e-01
4.5364e-01
4.5203e-01
4.6981e-01
4.7694e-01
4.8610e-01
4.9254e-01
5.0344e-01
5.0854e-01
5.1552e-01
5.2348e-01
5.2153e-01
5.2956e-01
5.3193e-01
5.3465e-01
5.3940e-01
5.4463e-01
5.4512e-01
5.5272e-01
5.5300e-01
5.5446e-01
5.5335e-01
5.5356e-01
5.5913e-01
5.6213e-01
5.4916e-01
5.4484e-01
5.5321e-01
5.5711e-01
5.5537e-01
5.5195e-01
5.5635e-01
5.5460e-01
5.5223e-01
5.5474e-01
5.5920e-01
5.6185e-01
5.5746e-01
5.6373e-01
5.7279e-01
5.8220e-01
5.8373e-01
5.9222e-01
6.1115e-01
6.2193e-01
6.3333e-01
6.3833e-01
6.5521e-01
6.6694e-01
6.7596e-01
6.8525e-01
7.0590e-01
7.1442e-01
7.2917e-01
7.4218e-01
7.5220e-01
7.6140e-01
7.8392e-01
7.8896e-01
7.9407e-01
7.9807e-01
8.1345e-01
8.2669e-01
8.2745e-01
8.3799e-01
8.3758e-01
8.4653e-01
8.4977e-01
8.5190e-01
8.5459e-01
8.5941e-01
8.5596e-01
8.6147e-01
8.5934e-01
8.6216e-01
8.6347e-01
8.6030e-01
8.6113e-01
8.5521e-01
8.5961e-01
8.6250e-01
8.5135e-01
8.4488e-01
8.4164e-01
8.4412e-01
8.3303e-01
8.3365e-01
8.2007e-01
8.1773e-01
8.0973e-01
8.0042e-01
8.0021e-01
7.9324e-01
7.8951e-01
7.8378e-01
7.7163e-01
7.6354e-01
7.5635e-01
7.4702e-01
7.3983e-01
7.3187e-01
7.2308e-01
7.1664e-01
7.1151e-01
7.0168e-01
6.9364e-01
6.8171e-01
6.7277e-01
6.6069e-01
6.6139e-01
6.5069e-01
6.5382e-01
6.4389e-01
6.5028e-01
6.5507e-01
6.6944e-01
6.7374e-01
6.9759e-01
7.0888e-01
7.4681e-01
7.6105e-01
8.1049e-01
8.3448e-01
8.9304e-01
9.2038e-01
9.7509e-01
1.0211e+00
1.0858e+00
1.1458e+00
1.2030e+00
1.2753e+00
1.3300e+00
1.4082e+00
1.4500e+00
1.5482e+00
1.5869e+00
1.6847e+00
1.7013e+00
1.8146e+00
1.8301e+00
1.9402e+00
1.9353e+00
2.0394e+00
2.0383e+00
2.1349e+00
2.1251e+00
2.2285e+00
2.2056e+00
2.2906e+00
2.2793e+00
2.3591e+00
2.3456e+00
2.4114e+00
2.3972e+00
2.4564e+00
2.4343e+00
2.4897e+00
2.4722e+00
2.5177e+00
2.5060e+00
2.5387e+00
2.5138e+00
2.5422e+00
2.5268e+00
2.5536e+00
2.5336e+00
2.5490e+00
2.5348e+00
2.5414e+00
2.5302e+00
2.5353e+00
2.5161e+00
2.5052e+00
2.4986e+00
2.4877e+00
2.4765e+00
2.4603e+00
2.4562e+00
2.4342e+00
2.4171e+00
2.3984e+00
2.3884e+00
2.3649e+00
2.3455e+00
2.3149e+00
2.2970e+00
2.2647e+00
2.2535e+00
2.2180e+00
2.2102e+00
2.1760e+00
2.1681e+00
2.1263e+00
2.1162e+00
2.0810e+00
2.0771e+00
2.0328e+00
2.0241e+00
1.9839e+00
1.9779e+00
1.9365e+00
1.9310e+00
1.8889e+00
1.8905e+00
1.8511e+00
1.8458e+00
1.8056e+00
1.8029e+00
1.7603e+00
1.7503e+00
1.7188e+00
1.7119e+00
1.6732e+00
1.6700e+00
1.6288e+00
1.6327e+00
1.5945e+00
1.5901e+00
1.5514e+00
1.5538e+00
1.5239e+00
1.5216e+00
1.4872e+00
1.4877e+00
1.4585e+00
1.4568e+00
1.4313e+00
1.4372e+00
1.3977e+00
1.3982e+00
1.3781e+00
1.3830e+00
1.3540e+00
1.3623e+00
1.3318e+00
1.3400e+00
1.3088e+00
1.3114e+00
1.2857e+00
1.2960e+00
1.2737e+00
1.2807e+00
1.2559e+00
1.2606e+00
1.2418e+00
1.2480e+00
1.2212e+00
1.2267e+00
1.2010e+00
1.1977e+00
1.1729e+00
1.1927e+00
1.1666e+00
1.1782e+00
1.1477e+00
1.1519e+00
1.1316e+00
1.1512e+00
1.1210e+00
1.1245e+00
1.0980e+00
1.1039e+00
1.0858e+00
1.0970e+00
1.0748e+00
1.0754e+00
1.0613e+00
1.0595e+00
1.0403e+00
1.0385e+00
1.0162e+00
1.0199e+00
1.0070e+00
1.0159e+00
9.8817e-01
9.8618e-01
9.7194e-01
9.7496e-01
9.6077e-01
9.5591e-01
9.3245e-01
9.4501e-01
9.3046e-01
9.2772e-01
9.1138e-01
9.1392e-01
8.8988e-01
8.8960e-01
8.8046e-01
8.8568e-01
8.6794e-01
8.6732e-01
8.5500e-01
8.6305e-01
8.4880e-01
8.5321e-01
8.4288e-01
8.4557e-01
8.3517e-01
8.4639e-01
8.3269e-01
8.4398e-01
8.3930e-01
8.5720e-01
8.4536e-01
8.6064e-01
8.4935e-01
8.7427e-01
8.7324e-01
8.9812e-01
8.9606e-01
9.1687e-01
9.1509e-01
9.3959e-01
9.4432e-01
9.6968e-01
9.7598e-01
1.0080e+00
1.0166e+00
1.0343e+00
1.0428e+00
1.0587e+00
1.0638e+00
1.0836e+00
1.0927e+00
1.1039e+00
1.1141e+00
1.1205e+00
1.1351e+00
1.1363e+00
1.1471e+00
1.1549e+00
1.1596e+00
1.1619e+00
1.1700e+00
1.1663e+00
1.1793e+00
1.1757e+00
1.1841e+00
1.1786e+00
1.1889e+00
1.1831e+00
1.1865e+00
1.1742e+00
1.1846e+00
1.1852e+00
1.1829e+00
1.1698e+00
1.1828e+00
1.1700e+00
1.1682e+00
1.1579e+00
1.1556e+00
1.1475e+00
1.1477e+00
1.1371e+00
1.1353e+00
1.1181e+00
1.1069e+00
1.0900e+00
1.0915e+00
1.0873e+00
1.0797e+00
1.0737e+00
1.0670e+00
1.0582e+00
1.0526e+00
1.0440e+00
1.0442e+00
1.0303e+00
1.0233e+00
