1.7905e+00
1.7649e+00
1.7491e+00
1.7280e+00
1.7142e+00
1.6999e+00
1.6784e+00
1.6518e+00
1.6375e+00
1.6291e+00
1.6077e+00
1.5862e+00
1.5697e+00
1.5553e+00
1.5323e+00
1.5116e+00
1.4912e+00
1.4668e+00
1.4477e+00
1.4291e+00
1.4147e+00
1.3962e+00
1.3754e+00
1.3515e+00
1.3355e+00
1.3123e+00
1.2954e+00
1.2736e+00
1.2509e+00
1.2344e+00
1.2141e+00
1.2026e+00
1.1747e+00
1.1573e+00
1.1454e+00
1.1231e+00
1.1064e+00
1.0865e+00
1.0794e+00
1.0654e+00
1.0426e+00
1.0253e+00
1.0055e+00
9.8465e-01
9.6586e-01
9.5565e-01
9.4005e-01
9.2414e-01
9.0634e-01
8.8983e-01
8.7581e-01
8.5680e-01
8.5212e-01
8.2945e-01
8.1378e-01
8.0207e-01
7.8053e-01
7.5957e-01
7.4153e-01
7.3170e-01
7.1247e-01
6.9734e-01
6.7103e-01
6.5397e-01
6.5000e-01
6.1968e-01
6.0039e-01
5.9405e-01
5.7489e-01
5.5543e-01
5.3551e-01
5.2266e-01
5.1100e-01
4.8499e-01
4.6296e-01
4.4801e-01
4.3188e-01
4.1604e-01
3.9974e-01
3.8655e-01
3.6638e-01
3.5451e-01
3.4131e-01
3.1651e-01
3.1012e-01
2.9541e-01
2.8292e-01
2.7162e-01
2.5734e-01
2.4305e-01
2.3590e-01
2.3233e-01
2.2890e-01
2.1758e-01
2.1282e-01
2.0567e-01
2.0805e-01
2.0507e-01
1.9821e-01
1.9195e-01
1.9568e-01
1.9449e-01
1.9836e-01
1.9583e-01
1.9031e-01
1.9046e-01
1.9106e-01
1.9151e-01
1.8942e-01
1.8584e-01
1.8599e-01
1.8793e-01
1.8823e-01
1.7883e-01
1.7316e-01
1.7480e-01
1.7167e-01
1.6735e-01
1.7689e-01
1.6988e-01
1.5153e-01
1.5138e-01
1.4556e-01
1.3555e-01
1.2540e-01
1.2331e-01
1.1524e-01
1.0328e-01
9.4614e-02
8.8634e-02
7.6520e-02
7.2332e-02
6.7993e-02
5.7369e-02
4.7040e-02
3.8955e-02
3.1168e-02
2.9221e-02
1.5738e-02
6.8960e-03
0000
2.3990e-03
3.5980e-03
1.6487e-02
2.2180e-02
3.9854e-02
5.3328e-02
9.1325e-02
1.0597e-01
1.7063e-01
2.0924e-01
2.7727e-01
3.1651e-01
4.0137e-01
4.5379e-01
5.5351e-01
6.2513e-01
7.3258e-01
8.0939e-01
9.3523e-01
1.0183e+00
1.1363e+00
1.2226e+00
1.3572e+00
1.4405e+00
1.5604e+00
1.6447e+00
1.7572e+00
1.8478e+00
1.9611e+00
2.0592e+00
2.1411e+00
2.2233e+00
2.2966e+00
2.3870e+00
2.4501e+00
2.5150e+00
2.5747e+00
2.6431e+00
2.6930e+00
2.7498e+00
2.7876e+00
2.8471e+00
2.8727e+00
2.9254e+00
2.9467e+00
3.0019e+00
3.0277e+00
3.0825e+00
3.1071e+00
3.1521e+00
3.1914e+00
3.2337e+00
3.2646e+00
3.3099e+00
3.3398e+00
3.3881e+00
3.4202e+00
3.4735e+00
3.5003e+00
3.5513e+00
3.5880e+00
3.6368e+00
3.6575e+00
3.6946e+00
3.7171e+00
3.7498e+00
3.7656e+00
3.7963e+00
3.8007e+00
3.8206e+00
3.8293e+00
3.8533e+00
3.8440e+00
3.8561e+00
3.8507e+00
3.8562e+00
3.8451e+00
3.8479e+00
3.8335e+00
3.8320e+00
3.8067e+00
3.8031e+00
3.7744e+00
3.7608e+00
3.7326e+00
3.7228e+00
3.6900e+00
3.6793e+00
3.6428e+00
3.6306e+00
3.5985e+00
3.5722e+00
3.5359e+00
3.5057e+00
3.4693e+00
3.4360e+00
3.4079e+00
3.3772e+00
3.3376e+00
3.3028e+00
3.2695e+00
3.2315e+00
3.2041e+00
3.1738e+00
3.1382e+00
3.1019e+00
3.0740e+00
3.0391e+00
3.0110e+00
2.9730e+00
2.9375e+00
2.9035e+00
2.8610e+00
2.8298e+00
2.7929e+00
2.7604e+00
2.7368e+00
2.6975e+00
2.6675e+00
2.6325e+00
2.6040e+00
2.5737e+00
2.5431e+00
2.5153e+00
2.4874e+00
2.4511e+00
2.4208e+00
2.3882e+00
2.3621e+00
2.3334e+00
2.3057e+00
2.2716e+00
2.2503e+00
2.2256e+00
2.2077e+00
2.1716e+00
2.1411e+00
2.1259e+00
2.1001e+00
2.0688e+00
2.0455e+00
2.0199e+00
1.9963e+00
1.9745e+00
1.9561e+00
1.9297e+00
1.9053e+00
1.8884e+00
1.8737e+00
1.8499e+00
1.8251e+00
1.8055e+00
1.7821e+00
1.7668e+00
1.7473e+00
1.7272e+00
1.7066e+00
1.6774e+00
1.6604e+00
1.6434e+00
1.6267e+00
1.6114e+00
1.5958e+00
1.5766e+00
1.5639e+00
1.5387e+00
1.5334e+00
1.5204e+00
1.5166e+00
1.5005e+00
1.5090e+00
1.4932e+00
1.5093e+00
1.5157e+00
1.5421e+00
1.5454e+00
1.5946e+00
1.6055e+00
1.6614e+00
1.6757e+00
1.7493e+00
1.7793e+00
1.8671e+00
1.8982e+00
1.9912e+00
2.0301e+00
2.1288e+00
2.1777e+00
2.2835e+00
2.3359e+00
2.4278e+00
2.4895e+00
2.5812e+00
2.6377e+00
2.7188e+00
2.7862e+00
2.8523e+00
2.9018e+00
2.9731e+00
3.0169e+00
3.0722e+00
3.1151e+00
3.1562e+00
3.2034e+00
3.2373e+00
3.2793e+00
3.3095e+00
3.3448e+00
3.3712e+00
3.4039e+00
3.4260e+00
3.4658e+00
3.4946e+00
3.5318e+00
3.5706e+00
3.6217e+00
3.6673e+00
3.7384e+00
3.7861e+00
3.8543e+00
3.9334e+00
4.0204e+00
4.1033e+00
4.2021e+00
4.2936e+00
4.4061e+00
4.5086e+00
4.6272e+00
4.7218e+00
4.8541e+00
4.9546e+00
5.0793e+00
5.1742e+00
5.3098e+00
5.4036e+00
5.5431e+00
5.6390e+00
5.7697e+00
5.8688e+00
6.0009e+00
6.0939e+00
6.2326e+00
6.3219e+00
6.4435e+00
6.5276e+00
6.6402e+00
6.7307e+00
6.8440e+00
6.9416e+00
7.0435e+00
7.1254e+00
7.2343e+00
7.3136e+00
7.4212e+00
7.4807e+00
7.5794e+00
7.6395e+00
7.7388e+00
7.7777e+00
7.8669e+00
7.9100e+00
7.9973e+00
8.0195e+00
8.0822e+00
8.1166e+00
8.1852e+00
8.2040e+00
8.2534e+00
8.2659e+00
8.3068e+00
8.3096e+00
8.3423e+00
8.3230e+00
8.3702e+00
8.3370e+00
8.3450e+00
8.3170e+00
8.3254e+00
8.3006e+00
8.2874e+00
8.2601e+00
8.2470e+00
8.2136e+00
8.1877e+00
8.1604e+00
8.1364e+00
8.0915e+00
8.0643e+00
8.0326e+00
8.0124e+00
7.9741e+00
7.9484e+00
7.9339e+00
7.9027e+00
7.8857e+00
7.8477e+00
7.8256e+00
7.7962e+00
7.7631e+00
7.7338e+00
7.7093e+00
7.6722e+00
7.6455e+00
7.6103e+00
7.5858e+00
7.5373e+00
7.5181e+00
7.4700e+00
7.4554e+00
7.4086e+00
7.3917e+00
7.3438e+00
7.3234e+00
7.2734e+00
7.2504e+00
7.2126e+00
7.1846e+00
7.1293e+00
7.1127e+00
7.0653e+00
7.0449e+00
7.0063e+00
6.9653e+00
6.9300e+00
6.9037e+00
6.8623e+00
6.8354e+00
6.7914e+00
6.7683e+00
6.7223e+00
6.7049e+00
6.6576e+00
6.6366e+00
6.6020e+00
6.5809e+00
6.5366e+00
6.5395e+00
6.4970e+00
6.4935e+00
6.4655e+00
6.4788e+00
6.4521e+00
6.4770e+00
6.4479e+00
6.4759e+00
6.4686e+00
6.4994e+00
6.4947e+00
6.5399e+00
6.5406e+00
6.5767e+00
6.5898e+00
6.6399e+00
6.6528e+00
6.7032e+00
6.7126e+00
6.7587e+00
6.7675e+00
6.8069e+00
6.8171e+00
6.8513e+00
6.8734e+00
6.9003e+00
6.9167e+00
6.9405e+00
6.9503e+00
6.9755e+00
6.9841e+00
6.9983e+00
7.0081e+00
7.0103e+00
7.0130e+00
7.0212e+00
7.0176e+00
7.0192e+00
7.0138e+00
7.0106e+00
7.0012e+00
6.9980e+00
6.9884e+00
6.9751e+00
6.9549e+00
6.9407e+00
6.9218e+00
6.9063e+00
6.8875e+00
6.8712e+00
6.8525e+00
6.8309e+00
6.8032e+00
6.7796e+00
6.7537e+00
6.7361e+00
6.7057e+00
6.6856e+00
6.6677e+00
6.6490e+00
6.6193e+00
6.6073e+00
6.5831e+00
6.5718e+00
6.5433e+00
6.5366e+00
6.5225e+00
6.5248e+00
6.4992e+00
6.4988e+00
6.4790e+00
6.4829e+00
6.4731e+00
6.4792e+00
6.4667e+00
6.4724e+00
6.4556e+00
6.4650e+00
6.4596e+00
6.4580e+00
6.4443e+00
6.4453e+00
6.4388e+00
6.4392e+00
6.4393e+00
6.4360e+00
6.4287e+00
6.4288e+00
6.4140e+00
6.4140e+00
6.4028e+00
6.4112e+00
6.3910e+00
6.3850e+00
6.3737e+00
6.3713e+00
6.3560e+00
6.3463e+00
6.3319e+00
6.3221e+00
6.3117e+00
6.2965e+00
6.2761e+00
6.2673e+00
6.2479e+00
6.2439e+00
6.2170e+00
6.2154e+00
6.1921e+00
6.1782e+00
6.1521e+00
6.1398e+00
6.1211e+00
6.1086e+00
6.0787e+00
6.0680e+00
6.0428e+00
6.0203e+00
5.9936e+00
5.9842e+00
5.9566e+00
5.9388e+00
5.9126e+00
5.9063e+00
5.8768e+00
5.8549e+00
5.8238e+00
5.8082e+00
5.7789e+00
5.7611e+00
5.7393e+00
5.7319e+00
5.7080e+00
5.6948e+00
5.6615e+00
5.6443e+00
5.6212e+00
5.6089e+00
5.5909e+00
5.5838e+00
5.5580e+00
5.5419e+00
5.5273e+00
5.5109e+00
5.4968e+00
5.4923e+00
5.4711e+00
5.4602e+00
5.4406e+00
5.4284e+00
5.4036e+00
5.3940e+00
5.3729e+00
5.3584e+00
5.3465e+00
5.3345e+00
5.3064e+00
5.2960e+00
5.2760e+00
5.2667e+00
5.2454e+00
5.2356e+00
5.2137e+00
5.2009e+00
5.1779e+00
5.1641e+00
5.1447e+00
5.1353e+00
5.1182e+00
5.1156e+00
5.0920e+00
5.0850e+00
5.0680e+00
5.0497e+00
5.0327e+00
5.0234e+00
5.0054e+00
4.9987e+00
4.9891e+00
4.9845e+00
4.9794e+00
4.9810e+00
4.9770e+00
4.9914e+00
4.9993e+00
5.0174e+00
5.0339e+00
5.0685e+00
5.0827e+00
5.1269e+00
5.1551e+00
5.2218e+00
5.2504e+00
5.3240e+00
5.3593e+00
5.4410e+00
5.4815e+00
5.5668e+00
5.6028e+00
5.6935e+00
5.7359e+00
5.8231e+00
5.8750e+00
5.9462e+00
6.0016e+00
6.0668e+00
6.1240e+00
6.1934e+00
6.2433e+00
6.2939e+00
6.3491e+00
6.3934e+00
6.4413e+00
6.4723e+00
6.5281e+00
6.5405e+00
6.5808e+00
6.6008e+00
6.6361e+00
6.6465e+00
6.6827e+00
6.6855e+00
6.7132e+00
6.7102e+00
6.7351e+00
6.7360e+00
6.7512e+00
6.7374e+00
6.7584e+00
6.7394e+00
6.7423e+00
6.7323e+00
6.7266e+00
6.7121e+00
6.7093e+00
6.6874e+00
6.6823e+00
6.6561e+00
6.6474e+00
6.6191e+00
6.6008e+00
6.5702e+00
6.5470e+00
6.5138e+00
6.4937e+00
6.4599e+00
6.4406e+00
6.4110e+00
6.3905e+00
6.3606e+00
6.3395e+00
6.3057e+00
6.2845e+00
6.2513e+00
6.2287e+00
6.2017e+00
6.1826e+00
6.1579e+00
6.1374e+00
6.1247e+00
6.1021e+00
6.0797e+00
6.0605e+00
6.0482e+00
6.0350e+00
6.0269e+00
6.0085e+00
6.0006e+00
5.9852e+00
5.9699e+00
5.9600e+00
5.9617e+00
5.9428e+00
5.9423e+00
5.9274e+00
5.9249e+00
5.9080e+00
5.9051e+00
5.8924e+00
5.8875e+00
5.8824e+00
5.8704e+00
5.8605e+00
5.8555e+00
5.8464e+00
5.8329e+00
5.8273e+00
5.8222e+00
5.8188e+00
5.8031e+00
5.8052e+00
5.7903e+00
5.7803e+00
5.7764e+00
5.7776e+00
5.7621e+00
5.7560e+00
5.7397e+00
5.7362e+00
5.7215e+00
5.7114e+00
5.7081e+00
5.6988e+00
5.6920e+00
5.6791e+00
5.6644e+00
5.6499e+00
5.6379e+00
5.6259e+00
5.6160e+00
5.6026e+00
5.5856e+00
5.5732e+00
5.5540e+00
5.5444e+00
5.5360e+00
5.5218e+00
5.5052e+00
5.4904e+00
5.4761e+00
5.4670e+00
5.4537e+00
5.4420e+00
5.4252e+00
5.4156e+00
5.4028e+00
5.3919e+00
5.3761e+00
5.3702e+00
5.3623e+00
5.3572e+00
5.3442e+00
5.3359e+00
5.3382e+00
5.3357e+00
5.3355e+00
5.3401e+00
5.3580e+00
5.3649e+00
5.3867e+00
5.4020e+00
5.4351e+00
5.4536e+00
5.4890e+00
5.5209e+00
5.5739e+00
5.6087e+00
5.6675e+00
5.7023e+00
5.7628e+00
5.7994e+00
5.8634e+00
5.9029e+00
5.9699e+00
6.0188e+00
6.0827e+00
6.1241e+00
6.1824e+00
6.2349e+00
6.2845e+00
6.3278e+00
6.3724e+00
6.4135e+00
6.4504e+00
6.4903e+00
6.5179e+00
6.5586e+00
6.5747e+00
6.6136e+00
6.6365e+00
6.6641e+00
6.6787e+00
6.7052e+00
6.7092e+00
6.7253e+00
6.7314e+00
6.7483e+00
6.7555e+00
6.7688e+00
6.7669e+00
6.7744e+00
6.7601e+00
6.7697e+00
6.7501e+00
6.7521e+00
6.7358e+00
6.7324e+00
6.7048e+00
6.7053e+00
6.6816e+00
6.6627e+00
6.6389e+00
6.6279e+00
6.6007e+00
6.5815e+00
6.5523e+00
6.5309e+00
6.4990e+00
6.4787e+00
6.4432e+00
6.4182e+00
6.3869e+00
6.3609e+00
6.3308e+00
6.3073e+00
6.2669e+00
6.2473e+00
6.2174e+00
6.1905e+00
6.1602e+00
6.1284e+00
6.1000e+00
6.0738e+00
6.0460e+00
6.0205e+00
5.9961e+00
5.9697e+00
5.9477e+00
5.9250e+00
5.9024e+00
5.8787e+00
5.8674e+00
5.8520e+00
5.8350e+00
5.8190e+00
5.8180e+00
5.7978e+00
5.7951e+00
5.7852e+00
5.7942e+00
5.7844e+00
5.8005e+00
5.7966e+00
5.8153e+00
5.8119e+00
5.8365e+00
5.8339e+00
5.8634e+00
5.8733e+00
5.9140e+00
5.9216e+00
5.9684e+00
5.9781e+00
6.0366e+00
6.0672e+00
6.1302e+00
6.1648e+00
6.2416e+00
6.2917e+00
6.3772e+00
6.4384e+00
6.5277e+00
6.6013e+00
6.6858e+00
6.7672e+00
6.8586e+00
6.9409e+00
7.0256e+00
7.1230e+00
7.2176e+00
7.3151e+00
7.3898e+00
7.4907e+00
7.5571e+00
7.6617e+00
7.7217e+00
7.8210e+00
7.8664e+00
7.9612e+00
7.9980e+00
8.0943e+00
8.1192e+00
8.2048e+00
8.2227e+00
8.3056e+00
8.3160e+00
8.3903e+00
8.3877e+00
8.4578e+00
8.4517e+00
8.5116e+00
8.4985e+00
8.5510e+00
8.5345e+00
8.5787e+00
8.5627e+00
8.5937e+00
8.5752e+00
8.5972e+00
8.5846e+00
8.6110e+00
8.6103e+00
8.6209e+00
8.6194e+00
8.6446e+00
8.6531e+00
8.6755e+00
8.6914e+00
8.7192e+00
8.7460e+00
8.7855e+00
8.8150e+00
8.8681e+00
8.9088e+00
8.9771e+00
9.0087e+00
9.0885e+00
9.1220e+00
9.2276e+00
9.2823e+00
9.3798e+00
9.4247e+00
9.5073e+00
9.5464e+00
9.6346e+00
9.6622e+00
9.7473e+00
9.7757e+00
9.8612e+00
9.8718e+00
9.9513e+00
9.9599e+00
1.0037e+01
1.0032e+01
1.0088e+01
1.0080e+01
1.0122e+01
1.0124e+01
1.0158e+01
1.0152e+01
1.0169e+01
1.0180e+01
1.0184e+01
1.0183e+01
1.0179e+01
1.0171e+01
1.0164e+01
1.0151e+01
1.0131e+01
1.0141e+01
1.0113e+01
1.0089e+01
1.0067e+01
1.0056e+01
1.0022e+01
1.0005e+01
9.9703e+00
9.9494e+00
9.9021e+00
9.8786e+00
9.8328e+00
9.8058e+00
9.7640e+00
9.7218e+00
9.6642e+00
9.6321e+00
9.5761e+00
9.5375e+00
9.4772e+00
9.4511e+00
9.3899e+00
9.3564e+00
9.2980e+00
9.2659e+00
9.2129e+00
9.1907e+00
9.1337e+00
9.1042e+00
9.0520e+00
9.0321e+00
8.9906e+00
8.9629e+00
8.9224e+00
8.9000e+00
8.8479e+00
8.8316e+00
8.7821e+00
8.7731e+00
8.7250e+00
8.7082e+00
8.6622e+00
8.6570e+00
8.6107e+00
8.5975e+00
8.5589e+00
8.5519e+00
8.5095e+00
8.5019e+00
8.4692e+00
8.4636e+00
8.4263e+00
8.4201e+00
8.3804e+00
8.3812e+00
8.3448e+00
8.3359e+00
8.3032e+00
8.2970e+00
8.2674e+00
8.2582e+00
8.2309e+00
8.2228e+00
8.2011e+00
8.1997e+00
8.1700e+00
8.1652e+00
8.1376e+00
8.1398e+00
8.1092e+00
8.1150e+00
8.0890e+00
8.0851e+00
8.0571e+00
8.0520e+00
8.0251e+00
8.0241e+00
8.0020e+00
8.0027e+00
7.9829e+00
7.9783e+00
7.9565e+00
7.9520e+00
7.9292e+00
7.9364e+00
7.9208e+00
7.9117e+00
7.8866e+00
7.8883e+00
7.8627e+00
7.8592e+00
7.8403e+00
7.8501e+00
7.8354e+00
7.8377e+00
7.8139e+00
7.8067e+00
7.7889e+00
7.7937e+00
7.7762e+00
7.7795e+00
7.7616e+00
7.7592e+00
7.7360e+00
7.7425e+00
7.7307e+00
7.7305e+00
7.7170e+00
7.7181e+00
7.7041e+00
7.7060e+00
7.6970e+00
7.6922e+00
7.6793e+00
7.6695e+00
7.6581e+00
7.6576e+00
7.6441e+00
7.6350e+00
7.6193e+00
7.6150e+00
7.5997e+00
7.5934e+00
7.5824e+00
7.5757e+00
7.5643e+00
7.5545e+00
7.5425e+00
7.5306e+00
7.5195e+00
7.5175e+00
7.4983e+00
7.4898e+00
7.4715e+00
7.4700e+00
7.4567e+00
7.4417e+00
7.4230e+00
7.4179e+00
7.3953e+00
7.3890e+00
7.3713e+00
7.3632e+00
7.3426e+00
7.3361e+00
7.3226e+00
7.3076e+00
7.2958e+00
7.2916e+00
7.2761e+00
7.2617e+00
7.2473e+00
7.2454e+00
7.2396e+00
7.2407e+00
7.2296e+00
7.2328e+00
7.2275e+00
7.2332e+00
7.2280e+00
7.2355e+00
7.2340e+00
7.2455e+00
7.2525e+00
7.2668e+00
7.2753e+00
7.2964e+00
7.3105e+00
7.3320e+00
7.3446e+00
7.3637e+00
7.3731e+00
7.3984e+00
7.4159e+00
7.4294e+00
7.4446e+00
7.4699e+00
7.4846e+00
7.5006e+00
7.5086e+00
7.5240e+00
7.5333e+00
7.5481e+00
7.5590e+00
7.5612e+00
7.5746e+00
7.5801e+00
7.5895e+00
7.5883e+00
7.6002e+00
7.5921e+00
7.5970e+00
7.5928e+00
7.5965e+00
7.5881e+00
7.5885e+00
7.5780e+00
7.5797e+00
7.5662e+00
7.5571e+00
7.5473e+00
7.5399e+00
7.5299e+00
7.5236e+00
7.5088e+00
7.4983e+00
7.4805e+00
7.4644e+00
7.4505e+00
7.4429e+00
7.4182e+00
7.4014e+00
7.3911e+00
7.3740e+00
7.3476e+00
7.3373e+00
7.3160e+00
7.3004e+00
7.2759e+00
7.2638e+00
7.2450e+00
7.2281e+00
7.2026e+00
7.1827e+00
7.1657e+00
7.1510e+00
7.1353e+00
7.1158e+00
7.0964e+00
7.0799e+00
7.0560e+00
7.0376e+00
7.0185e+00
7.0025e+00
6.9794e+00
6.9689e+00
6.9530e+00
6.9369e+00
6.9228e+00
6.9124e+00
6.9047e+00
6.8922e+00
6.8799e+00
6.8667e+00
6.8608e+00
6.8522e+00
6.8430e+00
6.8323e+00
6.8228e+00
6.8143e+00
6.8109e+00
6.8087e+00
6.7988e+00
6.7924e+00
6.7897e+00
6.7778e+00
6.7711e+00
6.7699e+00
6.7569e+00
6.7522e+00
6.7451e+00
6.7319e+00
6.7255e+00
6.7230e+00
6.7108e+00
6.7091e+00
6.6995e+00
6.6882e+00
6.6796e+00
6.6760e+00
6.6648e+00
6.6560e+00
6.6437e+00
6.6403e+00
6.6274e+00
6.6210e+00
6.6064e+00
6.5990e+00
6.5880e+00
6.5750e+00
6.5543e+00
6.5506e+00
6.5342e+00
6.5228e+00
6.5132e+00
6.5084e+00
6.4893e+00
6.4816e+00
6.4650e+00
6.4577e+00
6.4404e+00
6.4284e+00
6.4134e+00
6.3982e+00
6.3841e+00
6.3803e+00
6.3640e+00
6.3517e+00
6.3344e+00
6.3217e+00
6.3094e+00
6.3013e+00
6.2883e+00
6.2784e+00
6.2673e+00
6.2557e+00
6.2443e+00
6.2388e+00
6.2268e+00
6.2182e+00
6.2078e+00
6.2063e+00
6.1985e+00
6.2084e+00
6.2123e+00
6.2169e+00
6.2307e+00
6.2511e+00
6.2743e+00
6.2996e+00
6.3350e+00
6.3736e+00
6.4362e+00
6.4754e+00
6.5568e+00
6.6075e+00
6.6953e+00
6.7578e+00
6.8645e+00
6.9312e+00
7.0549e+00
7.1283e+00
7.2538e+00
7.3342e+00
7.4636e+00
7.5488e+00
7.6771e+00
7.7595e+00
7.8773e+00
7.9717e+00
8.0760e+00
8.1695e+00
8.2759e+00
8.3615e+00
8.4497e+00
8.5413e+00
8.6138e+00
8.7039e+00
8.7545e+00
8.8301e+00
8.8820e+00
8.9571e+00
8.9810e+00
9.0591e+00
9.0851e+00
9.1474e+00
9.1716e+00
9.2050e+00
9.2167e+00
9.2719e+00
9.2663e+00
9.3082e+00
9.2907e+00
9.3332e+00
9.3206e+00
9.3465e+00
9.3254e+00
9.3487e+00
9.3248e+00
9.3396e+00
9.3041e+00
9.3125e+00
9.2879e+00
9.2955e+00
9.2529e+00
9.2451e+00
9.1926e+00
9.1969e+00
9.1538e+00
9.1426e+00
9.0885e+00
9.0803e+00
9.0328e+00
9.0180e+00
8.9784e+00
8.9507e+00
8.9028e+00
8.8834e+00
8.8370e+00
8.8183e+00
8.7751e+00
8.7472e+00
8.7045e+00
8.6725e+00
8.6271e+00
8.5996e+00
8.5610e+00
8.5277e+00
8.4891e+00
8.4575e+00
8.4217e+00
8.3924e+00
8.3534e+00
8.3286e+00
8.3023e+00
8.2779e+00
8.2524e+00
8.2301e+00
8.2055e+00
8.1796e+00
8.1657e+00
8.1450e+00
8.1345e+00
8.1164e+00
8.1167e+00
8.1089e+00
8.1188e+00
8.1146e+00
8.1272e+00
8.1342e+00
8.1489e+00
8.1606e+00
8.1867e+00
8.1936e+00
8.2269e+00
8.2445e+00
8.2888e+00
8.3025e+00
8.3425e+00
8.3593e+00
8.3920e+00
8.4112e+00
8.4444e+00
8.4684e+00
8.4904e+00
8.5083e+00
8.5367e+00
8.5534e+00
8.5765e+00
8.5989e+00
8.6021e+00
8.6298e+00
8.6267e+00
8.6504e+00
8.6470e+00
8.6609e+00
8.6515e+00
8.6645e+00
8.6555e+00
8.6723e+00
8.6590e+00
8.6640e+00
8.6498e+00
8.6571e+00
8.6365e+00
8.6461e+00
8.6269e+00
8.6213e+00
8.5969e+00
8.5971e+00
8.5712e+00
8.5647e+00
8.5500e+00
8.5342e+00
8.5099e+00
8.4981e+00
8.4776e+00
8.4634e+00
8.4360e+00
8.4197e+00
8.3994e+00
8.3789e+00
8.3505e+00
8.3315e+00
8.3105e+00
8.2892e+00
8.2639e+00
8.2418e+00
8.2157e+00
8.1953e+00
8.1780e+00
8.1561e+00
8.1345e+00
8.1075e+00
8.0874e+00
8.0589e+00
8.0370e+00
8.0181e+00
7.9946e+00
7.9729e+00
7.9550e+00
7.9263e+00
7.9040e+00
7.8839e+00
7.8753e+00
7.8430e+00
7.8334e+00
7.8137e+00
7.8007e+00
7.7703e+00
7.7631e+00
7.7366e+00
7.7257e+00
7.7068e+00
7.7017e+00
7.6726e+00
7.6694e+00
7.6474e+00
7.6424e+00
7.6131e+00
7.6224e+00
7.5961e+00
7.5870e+00
7.5736e+00
7.5658e+00
7.5476e+00
7.5458e+00
7.5293e+00
7.5220e+00
7.5037e+00
7.5020e+00
7.4828e+00
7.4765e+00
7.4647e+00
7.4589e+00
7.4409e+00
7.4343e+00
7.4206e+00
7.4140e+00
7.3960e+00
7.3892e+00
7.3762e+00
7.3717e+00
7.3544e+00
7.3483e+00
7.3256e+00
7.3204e+00
7.3001e+00
7.2905e+00
7.2767e+00
7.2704e+00
7.2591e+00
7.2526e+00
7.2382e+00
7.2314e+00
7.2159e+00
7.2034e+00
7.1940e+00
7.1919e+00
7.1809e+00
7.1680e+00
7.1564e+00
7.1522e+00
7.1345e+00
7.1246e+00
7.1108e+00
7.0947e+00
7.0913e+00
7.0919e+00
7.0715e+00
7.0636e+00
7.0449e+00
7.0363e+00
7.0224e+00
7.0136e+00
7.0054e+00
6.9983e+00
6.9769e+00
6.9705e+00
6.9546e+00
6.9471e+00
6.9293e+00
6.9307e+00
6.9183e+00
6.9124e+00
6.8939e+00
6.8855e+00
6.8718e+00
6.8716e+00
6.8579e+00
6.8536e+00
6.8412e+00
6.8398e+00
6.8398e+00
6.8398e+00
6.8321e+00
6.8359e+00
6.8367e+00
6.8517e+00
6.8561e+00
6.8746e+00
6.8972e+00
6.9242e+00
6.9328e+00
6.9632e+00
6.9864e+00
7.0290e+00
7.0630e+00
7.1071e+00
7.1419e+00
7.1890e+00
7.2312e+00
7.2884e+00
7.3233e+00
7.3798e+00
7.4141e+00
7.4700e+00
7.5155e+00
7.5777e+00
7.6166e+00
7.6663e+00
7.7080e+00
7.7481e+00
7.7792e+00
7.8176e+00
7.8476e+00
7.8741e+00
7.9061e+00
7.9332e+00
7.9697e+00
7.9914e+00
8.0190e+00
8.0338e+00
8.0598e+00
8.0646e+00
8.0915e+00
8.0906e+00
8.1056e+00
8.1051e+00
8.1200e+00
8.1203e+00
8.1324e+00
8.1215e+00
8.1242e+00
8.1112e+00
8.1158e+00
8.1034e+00
8.1070e+00
8.0908e+00
8.0904e+00
8.0731e+00
8.0634e+00
8.0478e+00
8.0343e+00
8.0163e+00
8.0106e+00
7.9891e+00
7.9768e+00
7.9479e+00
7.9400e+00
7.9178e+00
7.9003e+00
7.8823e+00
7.8638e+00
7.8258e+00
7.8170e+00
7.7934e+00
7.7746e+00
7.7525e+00
7.7346e+00
7.7028e+00
7.6867e+00
7.6586e+00
7.6396e+00
7.6148e+00
7.5953e+00
7.5655e+00
7.5437e+00
7.5218e+00
7.5041e+00
7.4857e+00
7.4616e+00
7.4428e+00
7.4287e+00
7.4020e+00
7.3882e+00
7.3737e+00
7.3523e+00
7.3331e+00
7.3228e+00
7.3003e+00
7.2850e+00
7.2639e+00
7.2539e+00
7.2366e+00
7.2150e+00
7.1978e+00
7.1848e+00
7.1705e+00
7.1501e+00
7.1311e+00
7.1164e+00
7.1090e+00
7.0999e+00
7.0825e+00
7.0618e+00
7.0457e+00
7.0366e+00
7.0172e+00
7.0105e+00
6.9933e+00
6.9772e+00
6.9688e+00
6.9568e+00
6.9376e+00
6.9260e+00
6.9046e+00
6.8983e+00
6.8883e+00
6.8749e+00
6.8572e+00
6.8547e+00
6.8444e+00
6.8255e+00
6.8182e+00
6.8019e+00
6.7886e+00
6.7705e+00
6.7639e+00
6.7550e+00
6.7439e+00
6.7303e+00
6.7255e+00
6.7251e+00
6.7123e+00
6.7002e+00
6.6976e+00
6.6857e+00
6.6835e+00
6.6836e+00
6.6824e+00
6.6852e+00
6.6857e+00
6.6853e+00
6.6871e+00
6.6865e+00
6.6970e+00
6.6967e+00
6.7060e+00
6.7052e+00
6.7149e+00
6.7179e+00
6.7258e+00
6.7387e+00
6.7446e+00
6.7470e+00
6.7592e+00
6.7623e+00
6.7684e+00
6.7735e+00
6.7831e+00
6.7841e+00
6.7802e+00
6.7887e+00
6.7880e+00
6.7889e+00
6.7871e+00
6.7828e+00
6.7826e+00
6.7863e+00
6.7760e+00
6.7736e+00
6.7722e+00
6.7711e+00
6.7649e+00
6.7604e+00
6.7504e+00
6.7404e+00
6.7290e+00
6.7360e+00
6.7217e+00
6.7131e+00
6.7033e+00
6.6999e+00
6.6809e+00
6.6751e+00
6.6714e+00
6.6615e+00
6.6409e+00
6.6329e+00
6.6228e+00
6.6153e+00
6.6074e+00
6.5970e+00
6.5781e+00
6.5787e+00
6.5624e+00
6.5527e+00
6.5427e+00
6.5423e+00
6.5289e+00
6.5187e+00
6.5011e+00
6.4944e+00
6.4886e+00
6.4839e+00
6.4780e+00
6.4809e+00
6.4776e+00
6.4722e+00
6.4742e+00
6.4723e+00
6.4718e+00
6.4743e+00
6.4733e+00
6.4859e+00
6.4866e+00
6.4896e+00
6.5070e+00
6.5094e+00
6.5128e+00
6.5200e+00
6.5278e+00
6.5345e+00
6.5491e+00
6.5582e+00
6.5696e+00
6.5807e+00
6.5847e+00
6.5906e+00
6.6013e+00
6.6091e+00
6.6126e+00
6.6182e+00
6.6304e+00
6.6277e+00
6.6262e+00
6.6317e+00
6.6315e+00
6.6317e+00
6.6317e+00
6.6270e+00
6.6207e+00
6.6223e+00
6.6187e+00
6.6202e+00
6.6134e+00
6.6075e+00
6.6080e+00
6.6071e+00
6.6057e+00
6.6007e+00
6.6019e+00
6.5947e+00
6.6022e+00
6.6017e+00
6.6163e+00
6.6177e+00
6.6262e+00
6.6273e+00
6.6429e+00
6.6442e+00
6.6509e+00
6.6565e+00
6.6698e+00
6.6740e+00
6.6867e+00
6.7000e+00
6.7193e+00
6.7206e+00
6.7323e+00
6.7380e+00
6.7477e+00
6.7529e+00
6.7654e+00
6.7721e+00
6.7791e+00
6.7792e+00
6.7916e+00
6.7991e+00
6.7949e+00
6.7981e+00
6.8022e+00
6.8102e+00
6.7968e+00
6.8015e+00
6.8002e+00
6.8022e+00
6.7919e+00
6.7936e+00
6.7885e+00
6.7885e+00
6.7710e+00
6.7747e+00
6.7610e+00
6.7634e+00
6.7532e+00
6.7460e+00
6.7296e+00
6.7292e+00
6.7110e+00
6.7079e+00
6.6965e+00
6.6966e+00
6.6791e+00
6.6730e+00
6.6584e+00
6.6425e+00
6.6252e+00
6.6143e+00
6.6042e+00
6.5922e+00
6.5749e+00
