5.1572e+00
5.1527e+00
5.1702e+00
5.1702e+00
5.1935e+00
5.1842e+00
5.1953e+00
5.1902e+00
5.2093e+00
5.2029e+00
5.2142e+00
5.2011e+00
5.2118e+00
5.2121e+00
5.2180e+00
5.2083e+00
5.2192e+00
5.2079e+00
5.2130e+00
5.2048e+00
5.2116e+00
5.2061e+00
5.2068e+00
5.1928e+00
5.2094e+00
5.2041e+00
5.2138e+00
5.2111e+00
5.2243e+00
5.2234e+00
5.2414e+00
5.2551e+00
5.2699e+00
5.2926e+00
5.3055e+00
5.3452e+00
5.3761e+00
5.4057e+00
5.4379e+00
5.4751e+00
5.5219e+00
5.5586e+00
5.6038e+00
5.6411e+00
5.7057e+00
5.7407e+00
5.8066e+00
5.8279e+00
5.9023e+00
5.9197e+00
6.0038e+00
6.0142e+00
6.0861e+00
6.0841e+00
6.1659e+00
6.1620e+00
6.2312e+00
6.2269e+00
6.2914e+00
6.2751e+00
6.3314e+00
6.3257e+00
6.3750e+00
6.3569e+00
6.3928e+00
6.3779e+00
6.4187e+00
6.3978e+00
6.4199e+00
6.3933e+00
6.4269e+00
6.3963e+00
6.4202e+00
6.3975e+00
6.4064e+00
6.3899e+00
6.3817e+00
6.3748e+00
6.3786e+00
6.3550e+00
6.3530e+00
6.3323e+00
6.3273e+00
6.3113e+00
6.3012e+00
6.2730e+00
6.2592e+00
6.2413e+00
6.2246e+00
6.2053e+00
6.1809e+00
6.1594e+00
6.1511e+00
6.1301e+00
6.1000e+00
6.0806e+00
6.0569e+00
6.0424e+00
6.0073e+00
5.9882e+00
5.9570e+00
5.9465e+00
5.9097e+00
5.8986e+00
5.8640e+00
5.8574e+00
5.8149e+00
5.8032e+00
5.7701e+00
5.7522e+00
5.7108e+00
5.7014e+00
5.6793e+00
5.6681e+00
5.6395e+00
5.6329e+00
5.5977e+00
5.5907e+00
5.5548e+00
5.5384e+00
5.5045e+00
5.5074e+00
5.4812e+00
5.4757e+00
5.4432e+00
5.4469e+00
5.3764e+00
5.3832e+00
5.3437e+00
5.3099e+00
5.2922e+00
5.3231e+00
5.2568e+00
5.2628e+00
5.2151e+00
5.2309e+00
5.1641e+00
5.2009e+00
5.2166e+00
5.1677e+00
5.1687e+00
5.1517e+00
5.1857e+00
5.1851e+00
5.1740e+00
5.1789e+00
5.1595e+00
5.1800e+00
5.1303e+00
5.1658e+00
5.0931e+00
5.1107e+00
5.0565e+00
5.0559e+00
5.0235e+00
5.0274e+00
5.0115e+00
5.0107e+00
5.0036e+00
4.9890e+00
4.9862e+00
4.9866e+00
4.9776e+00
4.9851e+00
4.9702e+00
4.9765e+00
4.9543e+00
4.9580e+00
4.9376e+00
4.9272e+00
4.9138e+00
4.9160e+00
4.8900e+00
4.8981e+00
4.8461e+00
4.9840e+00
4.7467e+00
4.7146e+00
4.6927e+00
4.6763e+00
4.6484e+00
4.6378e+00
4.6205e+00
4.6162e+00
4.5974e+00
4.5995e+00
4.5816e+00
4.5798e+00
4.5646e+00
4.5576e+00
4.5361e+00
4.5385e+00
4.5252e+00
4.5191e+00
4.4978e+00
4.4912e+00
4.4756e+00
4.4746e+00
4.4405e+00
4.4377e+00
4.4308e+00
4.4242e+00
4.4122e+00
4.4090e+00
4.3843e+00
4.3728e+00
4.3740e+00
4.3716e+00
4.3530e+00
4.3482e+00
4.3289e+00
4.3308e+00
4.3143e+00
4.3130e+00
4.3014e+00
4.2939e+00
4.2826e+00
4.2861e+00
4.2733e+00
4.2861e+00
4.2768e+00
4.3100e+00
4.2964e+00
4.3449e+00
4.3394e+00
4.3991e+00
4.4036e+00
4.4798e+00
4.4954e+00
4.5946e+00
4.6212e+00
4.7190e+00
4.7832e+00
4.8805e+00
4.9702e+00
5.0578e+00
5.1782e+00
5.2662e+00
5.3983e+00
5.4844e+00
5.6398e+00
5.6960e+00
5.8730e+00
5.9185e+00
6.1187e+00
6.1458e+00
6.3471e+00
6.3536e+00
6.5589e+00
6.5496e+00
6.7553e+00
6.7345e+00
6.9453e+00
6.9081e+00
7.1154e+00
7.0000e+00
7.4098e+00
7.3431e+00
7.5625e+00
7.4998e+00
7.7112e+00
7.6792e+00
7.8039e+00
7.7544e+00
7.8976e+00
7.8435e+00
7.9802e+00
7.9295e+00
8.0757e+00
8.0238e+00
8.1784e+00
8.1414e+00
8.2741e+00
8.2451e+00
8.3762e+00
8.3540e+00
8.4751e+00
8.4496e+00
8.5725e+00
8.5609e+00
8.6835e+00
8.6690e+00
8.7910e+00
8.7780e+00
8.9090e+00
8.8878e+00
9.0243e+00
9.0054e+00
9.1353e+00
9.1273e+00
9.2642e+00
9.2476e+00
9.3693e+00
9.3638e+00
9.4850e+00
9.4825e+00
9.6032e+00
9.6109e+00
9.7333e+00
9.7386e+00
9.8584e+00
9.8721e+00
9.9829e+00
9.9981e+00
1.0108e+01
1.0122e+01
1.0237e+01
1.0261e+01
1.0364e+01
1.0387e+01
1.0502e+01
1.0537e+01
1.0633e+01
1.0688e+01
1.0762e+01
1.0816e+01
1.0863e+01
1.0890e+01
1.0959e+01
1.0985e+01
1.1031e+01
1.1071e+01
1.1097e+01
1.1127e+01
1.1147e+01
1.1180e+01
1.1182e+01
1.1224e+01
1.1214e+01
1.1244e+01
1.1227e+01
1.1284e+01
1.1107e+01
1.1150e+01
1.1099e+01
1.1130e+01
1.1076e+01
1.1092e+01
1.1040e+01
1.1068e+01
1.0988e+01
1.1024e+01
1.0937e+01
1.0966e+01
1.0886e+01
1.0910e+01
1.0808e+01
1.0832e+01
1.0741e+01
1.0758e+01
1.0655e+01
1.0671e+01
1.0571e+01
1.0587e+01
1.0487e+01
1.0503e+01
1.0388e+01
1.0400e+01
1.0292e+01
1.0305e+01
1.0194e+01
1.0205e+01
1.0084e+01
1.0104e+01
9.9849e+00
9.9912e+00
9.8929e+00
9.8971e+00
9.7831e+00
9.7939e+00
9.6785e+00
9.6921e+00
9.5775e+00
9.5767e+00
9.4733e+00
9.4833e+00
9.3920e+00
9.3926e+00
9.2950e+00
9.2957e+00
9.2069e+00
9.2089e+00
9.1053e+00
9.1224e+00
9.0362e+00
9.0426e+00
8.9481e+00
8.9621e+00
8.8750e+00
8.8899e+00
8.8151e+00
8.8388e+00
8.7528e+00
8.7817e+00
8.7133e+00
8.7403e+00
8.6540e+00
8.6882e+00
8.6288e+00
8.6486e+00
8.5862e+00
8.6167e+00
8.5632e+00
8.5965e+00
8.5416e+00
8.5664e+00
8.5131e+00
8.5306e+00
8.4787e+00
8.5072e+00
8.4624e+00
8.4882e+00
8.4382e+00
8.4566e+00
8.4185e+00
8.4257e+00
8.3898e+00
8.4063e+00
8.3682e+00
8.3779e+00
8.3385e+00
8.3422e+00
8.3139e+00
8.3287e+00
8.2909e+00
8.3007e+00
8.2598e+00
8.2655e+00
8.2209e+00
8.2280e+00
8.1911e+00
8.2025e+00
8.1732e+00
8.1734e+00
8.1369e+00
8.1418e+00
8.1033e+00
8.1051e+00
8.0681e+00
8.0701e+00
8.0275e+00
8.0355e+00
8.0005e+00
7.9943e+00
7.9639e+00
7.9660e+00
7.9238e+00
7.9193e+00
7.8829e+00
7.8819e+00
7.8398e+00
7.8340e+00
7.8019e+00
7.7974e+00
7.7621e+00
7.7576e+00
7.7178e+00
7.7208e+00
7.6862e+00
7.6808e+00
7.6444e+00
7.6463e+00
7.6081e+00
7.6118e+00
7.5707e+00
7.5714e+00
7.5329e+00
7.5406e+00
7.5031e+00
7.5026e+00
7.4613e+00
7.4684e+00
7.4383e+00
7.4306e+00
7.3954e+00
7.4033e+00
7.3647e+00
7.3623e+00
7.3272e+00
7.3356e+00
7.3001e+00
7.3077e+00
7.2752e+00
7.2755e+00
7.2436e+00
7.2457e+00
7.2136e+00
7.2171e+00
7.1907e+00
7.1923e+00
7.1606e+00
7.1647e+00
7.1365e+00
7.1397e+00
7.1173e+00
7.1239e+00
7.0963e+00
7.1047e+00
7.0843e+00
7.0852e+00
7.0622e+00
7.0673e+00
7.0512e+00
7.0613e+00
7.0440e+00
7.0551e+00
7.0391e+00
7.0507e+00
7.0363e+00
7.0448e+00
7.0215e+00
7.0310e+00
7.0223e+00
7.0209e+00
7.0077e+00
7.0108e+00
7.0019e+00
7.0096e+00
7.0002e+00
6.9972e+00
6.9963e+00
6.9945e+00
6.9797e+00
6.9762e+00
6.9726e+00
6.9737e+00
6.9631e+00
6.9529e+00
6.9427e+00
6.9366e+00
6.9342e+00
6.9313e+00
6.9075e+00
6.9065e+00
6.8932e+00
6.8911e+00
6.8838e+00
6.8682e+00
6.8510e+00
6.8503e+00
6.8395e+00
6.8266e+00
6.8192e+00
6.8107e+00
6.7948e+00
6.7820e+00
6.7758e+00
6.7642e+00
6.7523e+00
6.7450e+00
6.7382e+00
6.7311e+00
6.7157e+00
6.7085e+00
6.6957e+00
6.6852e+00
6.6639e+00
6.6555e+00
6.6417e+00
6.6272e+00
6.6153e+00
6.6061e+00
6.5891e+00
6.5810e+00
6.5793e+00
6.5652e+00
6.5480e+00
6.5376e+00
6.5297e+00
6.5150e+00
6.5049e+00
6.4970e+00
6.4875e+00
6.4818e+00
6.4691e+00
6.4547e+00
6.4448e+00
6.4346e+00
6.4195e+00
6.4090e+00
6.3963e+00
6.3891e+00
6.3791e+00
6.3692e+00
6.3602e+00
6.3522e+00
6.3387e+00
6.3232e+00
6.3105e+00
6.3008e+00
6.2944e+00
6.2791e+00
6.2723e+00
6.2648e+00
6.2565e+00
6.2435e+00
6.2294e+00
6.2205e+00
6.2138e+00
6.2039e+00
6.1978e+00
6.1823e+00
6.1668e+00
6.1577e+00
6.1495e+00
6.1346e+00
6.1246e+00
6.1101e+00
6.1010e+00
6.0937e+00
6.0798e+00
6.0763e+00
6.0703e+00
6.0550e+00
6.0451e+00
6.0370e+00
6.0381e+00
6.0238e+00
6.0155e+00
6.0039e+00
5.9986e+00
5.9799e+00
5.9847e+00
5.9712e+00
5.9652e+00
5.9561e+00
5.9436e+00
5.9256e+00
5.9237e+00
5.9131e+00
5.9102e+00
5.8914e+00
5.8827e+00
5.8730e+00
5.8596e+00
5.8459e+00
5.8423e+00
5.8264e+00
5.8234e+00
5.8151e+00
5.8069e+00
5.7875e+00
5.7806e+00
5.7752e+00
5.7686e+00
5.7587e+00
5.7463e+00
5.7364e+00
5.7287e+00
5.7233e+00
5.7206e+00
5.7067e+00
5.6978e+00
5.6872e+00
5.6821e+00
5.6704e+00
5.6712e+00
5.6616e+00
5.6657e+00
5.6583e+00
5.6534e+00
5.6445e+00
5.6418e+00
5.6315e+00
5.6235e+00
5.6188e+00
5.6135e+00
5.6080e+00
5.6079e+00
5.6010e+00
5.5913e+00
5.5922e+00
5.5870e+00
5.5723e+00
5.5752e+00
5.5614e+00
5.5580e+00
5.5493e+00
5.5496e+00
5.5437e+00
5.5404e+00
5.5296e+00
5.5272e+00
5.5117e+00
5.5148e+00
5.5030e+00
5.4957e+00
5.4863e+00
5.4871e+00
5.4739e+00
5.4756e+00
5.4659e+00
5.4592e+00
5.4468e+00
5.4406e+00
5.4377e+00
5.4310e+00
5.4239e+00
5.4131e+00
5.3992e+00
5.3921e+00
5.3797e+00
5.3757e+00
5.3595e+00
5.3490e+00
5.3374e+00
5.3332e+00
5.3188e+00
5.3212e+00
5.3123e+00
5.3065e+00
5.2910e+00
5.2819e+00
5.2785e+00
5.2791e+00
5.2709e+00
5.2670e+00
5.2600e+00
5.2540e+00
5.2518e+00
5.2416e+00
5.2467e+00
5.2400e+00
5.2361e+00
5.2354e+00
5.2356e+00
5.2383e+00
5.2412e+00
5.2378e+00
5.2357e+00
5.2431e+00
5.2515e+00
5.2488e+00
5.2602e+00
5.2666e+00
5.2735e+00
5.2710e+00
5.2880e+00
5.2968e+00
5.3144e+00
5.3204e+00
5.3415e+00
5.3522e+00
5.3719e+00
5.3801e+00
5.3944e+00
5.4133e+00
5.4332e+00
5.4484e+00
5.4647e+00
5.4793e+00
5.4948e+00
5.5084e+00
5.5205e+00
5.5383e+00
5.5496e+00
5.5639e+00
5.5701e+00
5.5832e+00
5.5878e+00
5.6019e+00
5.6032e+00
5.6158e+00
5.6122e+00
5.6291e+00
5.6240e+00
5.6320e+00
5.6243e+00
5.6335e+00
5.6192e+00
5.6277e+00
5.6188e+00
5.6304e+00
5.6191e+00
5.6227e+00
5.6111e+00
5.6202e+00
5.5995e+00
5.6048e+00
5.5898e+00
5.5925e+00
5.5760e+00
5.5770e+00
5.5693e+00
5.5679e+00
5.5460e+00
5.5501e+00
5.5355e+00
5.5335e+00
5.5232e+00
5.5154e+00
5.4957e+00
5.4909e+00
5.4759e+00
5.4736e+00
5.4569e+00
5.4529e+00
5.4369e+00
5.4355e+00
5.4174e+00
5.4135e+00
5.4039e+00
5.4031e+00
5.3895e+00
5.3948e+00
5.3859e+00
5.3851e+00
5.3829e+00
5.3821e+00
5.3745e+00
5.3768e+00
5.3907e+00
5.3857e+00
5.3804e+00
5.3867e+00
5.3938e+00
5.3912e+00
5.3842e+00
5.3892e+00
5.3875e+00
5.4011e+00
5.3938e+00
5.4035e+00
5.4034e+00
5.4056e+00
5.3992e+00
5.4125e+00
5.3987e+00
5.4100e+00
5.3979e+00
5.3975e+00
5.3864e+00
5.3944e+00
5.3798e+00
5.3882e+00
5.3733e+00
5.3787e+00
5.3800e+00
5.3752e+00
5.3587e+00
5.3585e+00
5.3417e+00
5.3423e+00
5.3291e+00
5.3293e+00
5.3139e+00
5.3170e+00
5.2991e+00
5.2955e+00
5.2784e+00
5.2767e+00
5.2607e+00
5.2622e+00
5.2471e+00
5.2404e+00
5.2245e+00
5.2220e+00
5.1995e+00
5.1943e+00
5.1834e+00
5.1781e+00
5.1701e+00
5.1582e+00
5.1459e+00
5.1349e+00
5.1168e+00
5.1085e+00
5.1006e+00
5.0903e+00
5.0686e+00
5.0577e+00
5.0524e+00
5.0363e+00
5.0175e+00
5.0140e+00
4.9973e+00
4.9832e+00
4.9737e+00
4.9614e+00
4.9537e+00
4.9356e+00
4.9241e+00
4.9209e+00
4.9101e+00
4.8975e+00
4.8874e+00
4.8768e+00
4.8688e+00
4.8538e+00
4.8422e+00
4.8356e+00
4.8245e+00
4.8104e+00
4.8045e+00
4.7988e+00
4.7913e+00
4.7761e+00
4.7740e+00
4.7596e+00
4.7570e+00
4.7441e+00
4.7427e+00
4.7335e+00
4.7275e+00
4.7150e+00
4.7152e+00
4.7080e+00
4.7056e+00
4.6886e+00
4.6800e+00
4.6774e+00
4.6813e+00
4.6748e+00
4.6692e+00
4.6589e+00
4.6554e+00
4.6467e+00
4.6404e+00
4.6342e+00
4.6269e+00
4.6275e+00
4.6174e+00
4.6086e+00
4.6056e+00
4.6046e+00
4.5961e+00
4.5925e+00
4.5886e+00
4.5818e+00
4.5742e+00
4.5752e+00
4.5665e+00
4.5569e+00
4.5546e+00
4.5526e+00
4.5465e+00
4.5389e+00
4.5252e+00
4.5261e+00
4.5203e+00
4.5104e+00
4.5045e+00
4.5036e+00
4.4988e+00
4.4939e+00
4.4845e+00
4.4713e+00
4.4642e+00
4.4599e+00
4.4556e+00
4.4457e+00
4.4336e+00
4.4323e+00
4.4305e+00
4.4235e+00
4.4181e+00
4.4057e+00
4.3938e+00
4.3802e+00
4.3729e+00
4.3737e+00
4.3637e+00
4.3573e+00
4.3460e+00
4.3391e+00
4.3315e+00
4.3178e+00
4.3065e+00
4.3009e+00
4.2899e+00
4.2805e+00
4.2726e+00
4.2612e+00
4.2582e+00
4.2454e+00
4.2355e+00
4.2314e+00
4.2270e+00
4.2160e+00
4.2129e+00
4.1997e+00
4.1853e+00
4.1756e+00
4.1683e+00
4.1593e+00
4.1517e+00
4.1445e+00
4.1389e+00
4.1259e+00
4.1110e+00
4.1003e+00
4.0932e+00
4.0945e+00
4.0886e+00
4.0773e+00
4.0679e+00
4.0559e+00
4.0579e+00
4.0435e+00
4.0350e+00
4.0316e+00
4.0236e+00
4.0176e+00
4.0123e+00
4.0002e+00
3.9975e+00
3.9913e+00
3.9808e+00
3.9738e+00
3.9700e+00
3.9664e+00
3.9585e+00
3.9544e+00
3.9421e+00
3.9365e+00
3.9245e+00
3.9189e+00
3.9197e+00
3.9182e+00
3.9115e+00
3.9098e+00
3.9000e+00
3.8950e+00
3.8902e+00
3.8914e+00
3.8823e+00
3.8816e+00
3.8757e+00
3.8665e+00
3.8627e+00
3.8560e+00
3.8487e+00
3.8491e+00
3.8440e+00
3.8382e+00
3.8301e+00
3.8203e+00
3.8188e+00
3.8139e+00
3.8054e+00
3.8058e+00
3.8004e+00
3.7934e+00
3.7865e+00
3.7838e+00
3.7816e+00
3.7743e+00
3.7683e+00
3.7696e+00
3.7657e+00
3.7612e+00
3.7609e+00
3.7560e+00
3.7520e+00
3.7517e+00
3.7501e+00
3.7457e+00
3.7425e+00
3.7376e+00
3.7386e+00
3.7338e+00
3.7363e+00
3.7385e+00
3.7427e+00
3.7389e+00
3.7376e+00
3.7365e+00
3.7353e+00
3.7397e+00
3.7431e+00
3.7403e+00
3.7359e+00
3.7333e+00
3.7337e+00
3.7353e+00
3.7301e+00
3.7299e+00
3.7278e+00
3.7205e+00
3.7125e+00
3.7093e+00
3.6993e+00
3.6958e+00
3.6901e+00
3.6862e+00
3.6790e+00
3.6678e+00
3.6647e+00
3.6598e+00
3.6543e+00
3.6527e+00
3.6345e+00
3.6308e+00
3.6258e+00
3.6231e+00
3.6129e+00
3.6077e+00
3.5979e+00
3.5953e+00
3.5892e+00
3.5790e+00
3.5702e+00
3.5642e+00
3.5519e+00
3.5527e+00
3.5420e+00
3.5408e+00
3.5366e+00
3.5409e+00
3.5255e+00
3.5243e+00
3.5146e+00
3.5128e+00
3.4994e+00
3.4939e+00
3.4849e+00
3.4834e+00
3.4728e+00
3.4767e+00
3.4698e+00
3.4578e+00
3.4546e+00
3.4530e+00
3.4449e+00
3.4344e+00
3.4255e+00
3.4181e+00
3.4164e+00
3.4135e+00
3.4078e+00
3.3997e+00
3.3904e+00
3.3906e+00
3.3841e+00
3.3850e+00
3.3783e+00
3.3670e+00
3.3621e+00
3.3633e+00
3.3627e+00
3.3570e+00
3.3519e+00
3.3506e+00
3.3434e+00
3.3452e+00
3.3375e+00
3.3317e+00
3.3271e+00
3.3175e+00
3.3177e+00
3.3078e+00
3.3050e+00
3.3014e+00
3.2879e+00
3.2843e+00
3.2855e+00
3.2861e+00
3.2815e+00
3.2760e+00
3.2778e+00
3.2788e+00
3.2722e+00
3.2689e+00
3.2658e+00
3.2557e+00
3.2505e+00
3.2549e+00
3.2554e+00
3.2540e+00
3.2534e+00
3.2535e+00
3.2461e+00
3.2446e+00
3.2414e+00
3.2393e+00
3.2251e+00
3.2283e+00
3.2218e+00
3.2225e+00
3.2089e+00
3.2113e+00
3.2023e+00
3.1987e+00
3.1865e+00
3.1764e+00
3.1697e+00
3.1646e+00
3.1514e+00
3.1528e+00
3.1405e+00
3.1322e+00
3.1240e+00
3.1189e+00
3.1042e+00
3.1077e+00
3.1004e+00
3.0945e+00
3.0885e+00
3.0886e+00
3.0787e+00
3.0789e+00
3.0740e+00
3.0667e+00
3.0617e+00
3.0580e+00
3.0458e+00
3.0307e+00
3.0139e+00
3.0013e+00
2.9859e+00
2.9657e+00
2.9524e+00
2.9383e+00
2.9242e+00
2.9127e+00
2.8988e+00
2.8842e+00
2.8716e+00
2.8653e+00
2.8490e+00
2.8460e+00
2.8295e+00
2.8273e+00
2.8206e+00
2.8121e+00
2.8000e+00
2.7933e+00
2.7861e+00
2.7763e+00
2.7687e+00
2.7643e+00
2.7535e+00
2.7465e+00
2.7389e+00
2.7364e+00
2.7337e+00
2.7296e+00
2.7216e+00
2.7123e+00
2.7045e+00
2.6988e+00
2.6886e+00
2.6839e+00
2.6740e+00
2.6703e+00
2.6607e+00
2.6584e+00
2.6523e+00
2.6436e+00
2.6310e+00
2.6344e+00
2.6256e+00
2.6211e+00
2.6137e+00
2.6038e+00
2.5971e+00
2.5914e+00
2.5809e+00
2.5756e+00
2.5643e+00
2.5603e+00
2.5547e+00
2.5465e+00
2.5319e+00
2.5227e+00
2.5157e+00
2.5085e+00
2.5015e+00
2.4959e+00
2.4860e+00
2.4808e+00
2.4775e+00
2.4701e+00
2.4631e+00
2.4583e+00
2.4568e+00
2.4566e+00
2.4604e+00
2.4631e+00
2.4739e+00
2.4747e+00
2.4977e+00
2.5069e+00
2.5312e+00
2.5298e+00
2.5709e+00
2.5815e+00
2.6220e+00
2.6297e+00
2.6852e+00
2.6948e+00
2.7524e+00
2.7591e+00
2.8225e+00
2.8308e+00
2.8950e+00
2.9100e+00
2.9692e+00
2.9852e+00
3.0413e+00
3.0541e+00
3.1107e+00
3.1221e+00
3.1770e+00
3.1946e+00
3.2343e+00
3.2491e+00
3.2928e+00
3.3008e+00
3.3290e+00
3.3533e+00
3.3742e+00
3.3933e+00
3.4052e+00
3.4266e+00
3.4377e+00
3.4541e+00
3.4636e+00
3.4767e+00
3.4702e+00
3.4844e+00
3.4920e+00
3.5079e+00
3.5103e+00
3.5282e+00
3.5175e+00
3.5359e+00
3.5334e+00
3.5385e+00
3.5314e+00
3.5438e+00
3.5285e+00
3.5364e+00
3.5119e+00
3.5178e+00
3.5097e+00
3.5164e+00
3.5000e+00
3.4908e+00
3.4738e+00
3.4758e+00
3.4615e+00
3.4503e+00
3.4317e+00
3.4263e+00
3.4166e+00
3.4097e+00
3.3915e+00
3.3837e+00
3.3646e+00
3.3553e+00
3.3308e+00
3.3242e+00
3.3009e+00
3.2870e+00
3.2705e+00
3.2532e+00
3.2278e+00
3.2198e+00
3.2088e+00
3.1937e+00
3.1759e+00
3.1589e+00
3.1519e+00
3.1433e+00
3.1186e+00
3.1104e+00
3.0950e+00
3.0804e+00
3.0704e+00
3.0507e+00
3.0420e+00
3.0369e+00
3.0247e+00
3.0110e+00
2.9987e+00
2.9927e+00
2.9776e+00
2.9693e+00
2.9605e+00
2.9506e+00
2.9359e+00
2.9280e+00
2.9181e+00
2.9168e+00
2.9106e+00
2.8971e+00
2.8881e+00
2.8812e+00
2.8744e+00
2.8623e+00
2.8516e+00
2.8482e+00
2.8401e+00
2.8332e+00
2.8320e+00
2.8243e+00
2.8099e+00
2.7988e+00
2.7898e+00
2.7815e+00
2.7764e+00
2.7731e+00
2.7673e+00
2.7548e+00
2.7468e+00
2.7414e+00
2.7358e+00
2.7219e+00
2.7206e+00
2.7158e+00
2.7138e+00
2.6965e+00
2.6918e+00
2.6877e+00
2.6822e+00
2.6725e+00
2.6668e+00
2.6618e+00
2.6590e+00
2.6488e+00
2.6404e+00
2.6298e+00
2.6305e+00
2.6210e+00
2.6148e+00
2.6089e+00
2.6051e+00
2.5893e+00
2.5912e+00
2.5785e+00
2.5707e+00
2.5608e+00
2.5607e+00
2.5521e+00
2.5415e+00
2.5350e+00
2.5296e+00
2.5186e+00
2.5173e+00
2.5203e+00
2.5107e+00
2.5000e+00
2.4921e+00
2.4789e+00
2.4767e+00
2.4735e+00
2.4697e+00
2.4610e+00
2.4534e+00
2.4497e+00
2.4439e+00
2.4299e+00
2.4273e+00
2.4251e+00
2.4169e+00
2.4111e+00
2.4058e+00
2.3952e+00
2.3921e+00
2.3921e+00
2.3781e+00
2.3719e+00
2.3700e+00
2.3742e+00
2.3604e+00
2.3489e+00
2.3412e+00
2.3434e+00
2.3370e+00
2.3230e+00
2.3100e+00
2.3087e+00
2.3067e+00
2.3054e+00
2.2924e+00
2.2885e+00
2.2802e+00
2.2724e+00
2.2665e+00
2.2678e+00
2.2635e+00
2.2558e+00
2.2385e+00
2.2396e+00
2.2355e+00
2.2261e+00
2.2232e+00
2.2189e+00
2.2111e+00
2.2066e+00
2.2023e+00
2.1986e+00
2.1910e+00
2.1883e+00
2.1842e+00
2.1786e+00
2.1689e+00
2.1657e+00
2.1594e+00
2.1563e+00
2.1467e+00
2.1431e+00
2.1356e+00
2.1334e+00
2.1210e+00
2.1198e+00
2.1096e+00
2.1011e+00
2.0952e+00
2.0949e+00
2.0793e+00
2.0781e+00
2.0723e+00
2.0679e+00
2.0563e+00
2.0534e+00
2.0498e+00
2.0411e+00
2.0305e+00
2.0291e+00
2.0240e+00
2.0172e+00
2.0109e+00
2.0111e+00
2.0004e+00
1.9996e+00
1.9897e+00
1.9855e+00
1.9812e+00
1.9831e+00
1.9742e+00
1.9768e+00
1.9717e+00
1.9694e+00
1.9603e+00
1.9591e+00
1.9489e+00
1.9514e+00
1.9484e+00
1.9435e+00
1.9323e+00
1.9293e+00
1.9253e+00
1.9240e+00
1.9131e+00
1.9147e+00
1.9115e+00
1.9110e+00
1.9021e+00
1.9025e+00
1.8910e+00
1.8954e+00
1.8867e+00
1.8814e+00
1.8741e+00
1.8796e+00
1.8770e+00
1.8732e+00
1.8681e+00
1.8651e+00
1.8635e+00
1.8588e+00
1.8517e+00
1.8559e+00
1.8473e+00
1.8483e+00
1.8471e+00
1.8457e+00
1.8363e+00
1.8353e+00
1.8269e+00
1.8224e+00
1.8124e+00
1.8103e+00
1.8026e+00
1.8024e+00
1.7895e+00
1.7819e+00
1.7763e+00
1.7727e+00
1.7637e+00
1.7670e+00
1.7615e+00
1.7514e+00
1.7426e+00
1.7442e+00
1.7404e+00
1.7390e+00
1.7300e+00
1.7304e+00
1.7180e+00
1.7116e+00
1.7116e+00
1.7052e+00
1.6920e+00
1.6870e+00
1.6743e+00
1.6777e+00
1.6771e+00
1.6754e+00
1.6603e+00
1.6551e+00
1.6535e+00
1.6493e+00
1.6467e+00
1.6425e+00
1.6296e+00
1.6288e+00
1.6224e+00
1.6202e+00
1.6129e+00
1.6090e+00
1.5991e+00
1.6022e+00
1.6011e+00
1.5928e+00
1.5846e+00
1.5840e+00
1.5809e+00
1.5785e+00
1.5756e+00
1.5620e+00
1.5552e+00
1.5487e+00
1.5374e+00
1.5340e+00
1.5324e+00
1.5323e+00
1.5274e+00
1.5239e+00
1.5141e+00
1.5131e+00
1.5115e+00
1.5060e+00
1.4993e+00
1.4984e+00
1.4940e+00
1.4881e+00
1.4837e+00
1.4777e+00
1.4712e+00
1.4670e+00
1.4611e+00
1.4520e+00
1.4427e+00
1.4411e+00
1.4348e+00
1.4304e+00
1.4214e+00
1.4148e+00
1.4150e+00
1.4132e+00
1.4049e+00
1.3970e+00
1.3894e+00
1.3880e+00
1.3745e+00
1.3717e+00
1.3626e+00
1.3575e+00
1.3459e+00
1.3417e+00
1.3292e+00
1.3155e+00
1.3146e+00
1.3211e+00
1.3069e+00
1.2943e+00
1.2900e+00
1.2846e+00
1.2712e+00
1.2641e+00
1.2575e+00
1.2527e+00
1.2449e+00
1.2377e+00
1.2273e+00
1.2211e+00
1.2127e+00
1.2073e+00
1.1990e+00
1.1947e+00
1.1847e+00
1.1776e+00
1.1647e+00
1.1585e+00
1.1530e+00
1.1495e+00
1.1401e+00
1.1326e+00
1.1203e+00
1.1208e+00
1.1107e+00
1.1029e+00
1.0942e+00
1.0946e+00
1.0874e+00
1.0845e+00
1.0794e+00
1.0789e+00
1.0703e+00
1.0700e+00
1.0621e+00
1.0605e+00
1.0501e+00
1.0453e+00
1.0343e+00
1.0281e+00
1.0182e+00
1.0194e+00
1.0100e+00
1.0090e+00
1.0061e+00
1.0037e+00
9.9735e-01
9.9333e-01
9.9137e-01
9.8676e-01
9.7224e-01
9.7126e-01
9.6164e-01
9.6096e-01
9.5025e-01
9.4505e-01
9.4142e-01
9.3847e-01
9.2491e-01
9.2294e-01
9.1272e-01
9.0377e-01
8.9344e-01
8.9580e-01
8.8537e-01
8.8439e-01
8.7504e-01
8.7080e-01
8.6204e-01
8.5997e-01
8.4558e-01
8.4420e-01
8.3434e-01
8.3336e-01
8.2123e-01
8.1313e-01
8.0800e-01
8.1018e-01
8.0346e-01
7.9981e-01
7.9251e-01
7.8915e-01
7.7245e-01
7.6662e-01
7.5743e-01
7.5644e-01
7.4249e-01
7.3913e-01
7.2587e-01
7.2834e-01
7.2023e-01
7.1805e-01
7.0597e-01
7.0310e-01
6.9477e-01
6.9289e-01
6.8318e-01
6.8129e-01
6.6949e-01
6.6771e-01
6.5868e-01
6.5868e-01
6.5074e-01
6.5322e-01
6.4637e-01
6.4081e-01
6.2810e-01
6.3327e-01
6.2930e-01
6.2800e-01
6.1837e-01
6.2016e-01
6.1261e-01
6.1320e-01
6.0306e-01
6.0654e-01
5.9849e-01
5.9859e-01
5.9113e-01
5.9024e-01
5.8079e-01
5.8536e-01
5.8029e-01
5.7860e-01
5.7452e-01
5.7820e-01
5.7511e-01
5.8059e-01
5.7472e-01
5.7123e-01
5.6755e-01
5.6317e-01
5.4803e-01
5.4863e-01
5.3996e-01
5.4395e-01
5.3548e-01
5.3239e-01
5.2551e-01
5.2521e-01
5.1375e-01
5.1893e-01
5.1853e-01
5.1564e-01
5.0706e-01
5.0677e-01
4.9859e-01
4.9419e-01
4.8641e-01
4.8811e-01
4.8900e-01
4.9050e-01
4.7722e-01
4.7613e-01
4.6554e-01
4.6514e-01
4.5695e-01
4.5555e-01
4.5605e-01
4.5505e-01
4.4565e-01
4.4295e-01
4.3355e-01
4.3435e-01
4.2675e-01
4.2205e-01
4.1554e-01
4.1514e-01
4.0714e-01
4.1104e-01
4.0393e-01
3.9662e-01
3.8791e-01
3.9071e-01
3.8240e-01
3.7819e-01
3.6817e-01
3.6446e-01
3.5684e-01
3.5854e-01
3.5233e-01
3.4952e-01
3.3647e-01
3.3246e-01
3.1931e-01
3.1599e-01
3.1127e-01
3.0916e-01
2.9861e-01
2.9721e-01
2.8897e-01
2.9429e-01
2.8052e-01
2.8243e-01
2.7288e-01
2.7087e-01
2.6151e-01
2.6523e-01
2.5889e-01
2.5577e-01
2.4873e-01
2.4913e-01
2.4359e-01
2.4097e-01
2.2949e-01
2.3100e-01
2.2204e-01
2.2163e-01
2.1458e-01
2.1065e-01
1.9694e-01
2.0399e-01
1.9704e-01
1.8806e-01
1.7807e-01
1.8211e-01
1.7353e-01
1.7353e-01
1.6333e-01
1.6404e-01
1.6020e-01
1.6182e-01
1.4374e-01
1.4202e-01
1.3646e-01
1.3980e-01
1.3171e-01
1.2908e-01
1.1624e-01
1.1371e-01
1.0350e-01
1.0522e-01
9.2971e-02
8.8112e-02
7.8797e-02
8.1429e-02
6.7452e-02
6.7351e-02
5.6610e-02
5.7927e-02
4.9818e-02
4.8196e-02
3.4507e-02
3.2478e-02
2.8319e-02
2.6087e-02
1.1879e-02
1.5838e-02
7.3110e-03
1.0560e-02
0000
