2.1048e+01
2.1028e+01
2.0996e+01
2.0968e+01
2.0951e+01
2.0924e+01
2.0894e+01
2.0869e+01
2.0851e+01
2.0831e+01
2.0801e+01
2.0780e+01
2.0741e+01
2.0707e+01
2.0675e+01
2.0652e+01
2.0628e+01
2.0601e+01
2.0576e+01
2.0551e+01
2.0522e+01
2.0501e+01
2.0469e+01
2.0452e+01
2.0427e+01
2.0404e+01
2.0377e+01
2.0354e+01
2.0329e+01
2.0308e+01
2.0291e+01
2.0269e+01
2.0237e+01
2.0222e+01
2.0196e+01
2.0168e+01
2.0143e+01
2.0125e+01
2.0101e+01
2.0081e+01
2.0048e+01
2.0012e+01
1.9983e+01
1.9967e+01
1.9938e+01
1.9909e+01
1.9888e+01
1.9868e+01
1.9841e+01
1.9810e+01
1.9782e+01
1.9768e+01
1.9743e+01
1.9718e+01
1.9698e+01
1.9680e+01
1.9658e+01
1.9643e+01
1.9618e+01
1.9597e+01
1.9580e+01
1.9567e+01
1.9546e+01
1.9539e+01
1.9523e+01
1.9511e+01
1.9483e+01
1.9464e+01
1.9451e+01
1.9446e+01
1.9431e+01
1.9428e+01
1.9419e+01
1.9418e+01
1.9417e+01
1.9405e+01
1.9407e+01
1.9405e+01
1.9402e+01
1.9399e+01
1.9388e+01
1.9392e+01
1.9399e+01
1.9386e+01
1.9382e+01
1.9384e+01
1.9389e+01
1.9382e+01
1.9378e+01
1.9370e+01
1.9373e+01
1.9372e+01
1.9360e+01
1.9348e+01
1.9349e+01
1.9341e+01
1.9347e+01
1.9345e+01
1.9347e+01
1.9346e+01
1.9360e+01
1.9351e+01
1.9355e+01
1.9357e+01
1.9361e+01
1.9361e+01
1.9369e+01
1.9366e+01
1.9369e+01
1.9368e+01
1.9365e+01
1.9358e+01
1.9351e+01
1.9354e+01
1.9353e+01
1.9346e+01
1.9332e+01
1.9315e+01
1.9288e+01
1.9271e+01
1.9248e+01
1.9239e+01
1.9224e+01
1.9217e+01
1.9202e+01
1.9181e+01
1.9170e+01
1.9161e+01
1.9136e+01
1.9118e+01
1.9105e+01
1.9088e+01
1.9064e+01
1.9049e+01
1.9035e+01
1.9011e+01
1.8982e+01
1.8968e+01
1.8945e+01
1.8924e+01
1.8892e+01
1.8874e+01
1.8844e+01
1.8811e+01
1.8775e+01
1.8745e+01
1.8700e+01
1.8660e+01
1.8631e+01
1.8600e+01
1.8571e+01
1.8552e+01
1.8521e+01
1.8481e+01
1.8450e+01
1.8432e+01
1.8401e+01
1.8378e+01
1.8348e+01
1.8326e+01
1.8305e+01
1.8282e+01
1.8255e+01
1.8237e+01
1.8209e+01
1.8184e+01
1.8161e+01
1.8145e+01
1.8118e+01
1.8092e+01
1.8057e+01
1.8035e+01
1.8004e+01
1.7974e+01
1.7950e+01
1.7938e+01
1.7913e+01
1.7898e+01
1.7877e+01
1.7856e+01
1.7835e+01
1.7820e+01
1.7798e+01
1.7787e+01
1.7774e+01
1.7762e+01
1.7744e+01
1.7738e+01
1.7717e+01
1.7701e+01
1.7695e+01
1.7688e+01
1.7667e+01
1.7658e+01
1.7641e+01
1.7626e+01
1.7617e+01
1.7605e+01
1.7594e+01
1.7591e+01
1.7590e+01
1.7583e+01
1.7586e+01
1.7584e+01
1.7586e+01
1.7577e+01
1.7584e+01
1.7583e+01
1.7593e+01
1.7590e+01
1.7598e+01
1.7592e+01
1.7595e+01
1.7593e+01
1.7601e+01
1.7597e+01
1.7599e+01
1.7594e+01
1.7592e+01
1.7582e+01
1.7572e+01
1.7551e+01
1.7537e+01
1.7525e+01
1.7508e+01
1.7488e+01
1.7469e+01
1.7454e+01
1.7441e+01
1.7414e+01
1.7400e+01
1.7384e+01
1.7367e+01
1.7348e+01
1.7324e+01
1.7303e+01
1.7278e+01
1.7257e+01
1.7243e+01
1.7217e+01
1.7193e+01
1.7185e+01
1.7162e+01
1.7133e+01
1.7113e+01
1.7099e+01
1.7071e+01
1.7048e+01
1.7013e+01
1.6993e+01
1.6964e+01
1.6950e+01
1.6930e+01
1.6910e+01
1.6888e+01
1.6874e+01
1.6857e+01
1.6848e+01
1.6830e+01
1.6815e+01
1.6805e+01
1.6792e+01
1.6779e+01
1.6773e+01
1.6766e+01
1.6747e+01
1.6739e+01
1.6736e+01
1.6726e+01
1.6717e+01
1.6709e+01
1.6704e+01
1.6692e+01
1.6672e+01
1.6655e+01
1.6631e+01
1.6619e+01
1.6607e+01
1.6595e+01
1.6583e+01
1.6567e+01
1.6560e+01
1.6549e+01
1.6533e+01
1.6520e+01
1.6514e+01
1.6513e+01
1.6502e+01
1.6494e+01
1.6488e+01
1.6486e+01
1.6475e+01
1.6474e+01
1.6470e+01
1.6467e+01
1.6454e+01
1.6456e+01
1.6440e+01
1.6438e+01
1.6420e+01
1.6405e+01
1.6387e+01
1.6379e+01
1.6360e+01
1.6353e+01
1.6340e+01
1.6330e+01
1.6318e+01
1.6313e+01
1.6302e+01
1.6289e+01
1.6273e+01
1.6266e+01
1.6260e+01
1.6259e+01
1.6256e+01
1.6250e+01
1.6242e+01
1.6233e+01
1.6222e+01
1.6220e+01
1.6220e+01
1.6209e+01
1.6197e+01
1.6169e+01
1.6166e+01
1.6152e+01
1.6138e+01
1.6127e+01
1.6113e+01
1.6100e+01
1.6095e+01
1.6074e+01
1.6065e+01
1.6047e+01
1.6046e+01
1.6040e+01
1.6019e+01
1.6000e+01
1.6000e+01
1.5981e+01
1.5960e+01
1.5947e+01
1.5935e+01
1.5915e+01
1.5895e+01
1.5869e+01
1.5852e+01
1.5830e+01
1.5807e+01
1.5776e+01
1.5749e+01
1.5707e+01
1.5682e+01
1.5645e+01
1.5620e+01
1.5597e+01
1.5580e+01
1.5551e+01
1.5532e+01
1.5504e+01
1.5479e+01
1.5446e+01
1.5425e+01
1.5396e+01
1.5376e+01
1.5353e+01
1.5334e+01
1.5310e+01
1.5291e+01
1.5263e+01
1.5241e+01
1.5216e+01
1.5201e+01
1.5171e+01
1.5151e+01
1.5130e+01
1.5109e+01
1.5072e+01
1.5055e+01
1.5024e+01
1.5003e+01
1.4981e+01
1.4957e+01
1.4933e+01
1.4909e+01
1.4879e+01
1.4860e+01
1.4842e+01
1.4827e+01
1.4805e+01
1.4788e+01
1.4768e+01
1.4749e+01
1.4734e+01
1.4711e+01
1.4696e+01
1.4673e+01
1.4653e+01
1.4637e+01
1.4620e+01
1.4599e+01
1.4576e+01
1.4552e+01
1.4511e+01
1.4487e+01
1.4461e+01
1.4435e+01
1.4410e+01
1.4390e+01
1.4372e+01
1.4347e+01
1.4326e+01
1.4304e+01
1.4280e+01
1.4266e+01
1.4243e+01
1.4219e+01
1.4202e+01
1.4186e+01
1.4172e+01
1.4153e+01
1.4132e+01
1.4117e+01
1.4106e+01
1.4087e+01
1.4065e+01
1.4047e+01
1.4031e+01
1.4008e+01
1.3981e+01
1.3970e+01
1.3937e+01
1.3906e+01
1.3877e+01
1.3861e+01
1.3843e+01
1.3822e+01
1.3804e+01
1.3785e+01
1.3761e+01
1.3741e+01
1.3728e+01
1.3708e+01
1.3691e+01
1.3679e+01
1.3653e+01
1.3632e+01
1.3618e+01
1.3601e+01
1.3579e+01
1.3556e+01
1.3543e+01
1.3525e+01
1.3503e+01
1.3491e+01
1.3471e+01
1.3457e+01
1.3439e+01
1.3417e+01
1.3391e+01
1.3377e+01
1.3355e+01
1.3345e+01
1.3336e+01
1.3319e+01
1.3304e+01
1.3297e+01
1.3285e+01
1.3276e+01
1.3264e+01
1.3257e+01
1.3251e+01
1.3244e+01
1.3227e+01
1.3221e+01
1.3211e+01
1.3195e+01
1.3179e+01
1.3172e+01
1.3155e+01
1.3145e+01
1.3138e+01
1.3122e+01
1.3088e+01
1.3066e+01
1.3033e+01
1.3019e+01
1.3007e+01
1.2987e+01
1.2971e+01
1.2959e+01
1.2942e+01
1.2935e+01
1.2922e+01
1.2906e+01
1.2889e+01
1.2875e+01
1.2862e+01
1.2847e+01
1.2829e+01
1.2810e+01
1.2801e+01
1.2778e+01
1.2767e+01
1.2751e+01
1.2734e+01
1.2717e+01
1.2690e+01
1.2668e+01
1.2636e+01
1.2603e+01
1.2575e+01
1.2558e+01
1.2535e+01
1.2507e+01
1.2497e+01
1.2480e+01
1.2453e+01
1.2434e+01
1.2417e+01
1.2391e+01
1.2385e+01
1.2370e+01
1.2350e+01
1.2338e+01
1.2322e+01
1.2304e+01
1.2297e+01
1.2283e+01
1.2267e+01
1.2250e+01
1.2240e+01
1.2222e+01
1.2195e+01
1.2170e+01
1.2142e+01
1.2116e+01
1.2098e+01
1.2076e+01
1.2056e+01
1.2035e+01
1.2022e+01
1.2010e+01
1.1991e+01
1.1976e+01
1.1953e+01
1.1932e+01
1.1921e+01
1.1903e+01
1.1893e+01
1.1872e+01
1.1855e+01
1.1840e+01
1.1828e+01
1.1807e+01
1.1793e+01
1.1785e+01
1.1772e+01
1.1751e+01
1.1724e+01
1.1706e+01
1.1674e+01
1.1650e+01
1.1629e+01
1.1613e+01
1.1595e+01
1.1585e+01
1.1573e+01
1.1559e+01
1.1543e+01
1.1541e+01
1.1533e+01
1.1528e+01
1.1522e+01
1.1525e+01
1.1508e+01
1.1506e+01
1.1490e+01
1.1489e+01
1.1484e+01
1.1479e+01
1.1469e+01
1.1459e+01
1.1447e+01
1.1439e+01
1.1411e+01
1.1394e+01
1.1370e+01
1.1360e+01
1.1347e+01
1.1334e+01
1.1318e+01
1.1298e+01
1.1279e+01
1.1274e+01
1.1263e+01
1.1246e+01
1.1230e+01
1.1217e+01
1.1213e+01
1.1201e+01
1.1186e+01
1.1175e+01
1.1160e+01
1.1152e+01
1.1140e+01
1.1130e+01
1.1124e+01
1.1119e+01
1.1099e+01
1.1094e+01
1.1076e+01
1.1066e+01
1.1049e+01
1.1051e+01
1.1043e+01
1.1052e+01
1.1056e+01
1.1067e+01
1.1066e+01
1.1085e+01
1.1104e+01
1.1128e+01
1.1144e+01
1.1168e+01
1.1198e+01
1.1233e+01
1.1261e+01
1.1293e+01
1.1332e+01
1.1373e+01
1.1421e+01
1.1460e+01
1.1502e+01
1.1552e+01
1.1586e+01
1.1627e+01
1.1671e+01
1.1711e+01
1.1775e+01
1.1833e+01
1.1929e+01
1.2018e+01
1.2120e+01
1.2229e+01
1.2349e+01
1.2472e+01
1.2613e+01
1.2775e+01
1.2934e+01
1.3133e+01
1.3302e+01
1.3525e+01
1.3720e+01
1.3930e+01
1.4132e+01
1.4362e+01
1.4558e+01
1.4791e+01
1.4977e+01
1.5234e+01
1.5423e+01
1.5651e+01
1.5849e+01
1.6077e+01
1.6257e+01
1.6452e+01
1.6623e+01
1.6801e+01
1.6958e+01
1.7109e+01
1.7241e+01
1.7391e+01
1.7511e+01
1.7643e+01
1.7758e+01
1.7856e+01
1.7946e+01
1.7998e+01
1.8080e+01
1.8110e+01
1.8153e+01
1.8174e+01
1.8208e+01
1.8200e+01
1.8214e+01
1.8186e+01
1.8167e+01
1.8126e+01
1.8095e+01
1.8040e+01
1.7995e+01
1.7916e+01
1.7856e+01
1.7774e+01
1.7695e+01
1.7599e+01
1.7513e+01
1.7409e+01
1.7309e+01
1.7199e+01
1.7105e+01
1.6995e+01
1.6898e+01
1.6787e+01
1.6689e+01
1.6569e+01
1.6453e+01
1.6346e+01
1.6244e+01
1.6131e+01
1.6021e+01
1.5892e+01
1.5779e+01
1.5661e+01
1.5553e+01
1.5443e+01
1.5341e+01
1.5244e+01
1.5151e+01
1.5047e+01
1.4955e+01
1.4863e+01
1.4777e+01
1.4692e+01
1.4607e+01
1.4528e+01
1.4455e+01
1.4369e+01
1.4296e+01
1.4228e+01
1.4154e+01
1.4090e+01
1.4029e+01
1.3963e+01
1.3905e+01
1.3855e+01
1.3794e+01
1.3736e+01
1.3665e+01
1.3609e+01
1.3540e+01
1.3491e+01
1.3433e+01
1.3391e+01
1.3349e+01
1.3307e+01
1.3256e+01
1.3227e+01
1.3178e+01
1.3139e+01
1.3100e+01
1.3066e+01
1.3026e+01
1.2991e+01
1.2952e+01
1.2919e+01
1.2886e+01
1.2857e+01
1.2821e+01
1.2788e+01
1.2755e+01
1.2717e+01
1.2685e+01
1.2656e+01
1.2625e+01
1.2586e+01
1.2547e+01
1.2519e+01
1.2501e+01
1.2475e+01
1.2458e+01
1.2437e+01
1.2424e+01
1.2414e+01
1.2420e+01
1.2413e+01
1.2418e+01
1.2418e+01
1.2434e+01
1.2440e+01
1.2446e+01
1.2467e+01
1.2484e+01
1.2511e+01
1.2519e+01
1.2556e+01
1.2575e+01
1.2617e+01
1.2632e+01
1.2663e+01
1.2674e+01
1.2696e+01
1.2700e+01
1.2725e+01
1.2735e+01
1.2755e+01
1.2766e+01
1.2785e+01
1.2784e+01
1.2795e+01
1.2800e+01
1.2802e+01
1.2797e+01
1.2806e+01
1.2814e+01
1.2811e+01
1.2808e+01
1.2802e+01
1.2789e+01
1.2767e+01
1.2749e+01
1.2738e+01
1.2718e+01
1.2696e+01
1.2674e+01
1.2640e+01
1.2601e+01
1.2574e+01
1.2529e+01
1.2484e+01
1.2446e+01
1.2399e+01
1.2353e+01
1.2321e+01
1.2275e+01
1.2234e+01
1.2203e+01
1.2159e+01
1.2119e+01
1.2081e+01
1.2034e+01
1.1990e+01
1.1949e+01
1.1905e+01
1.1861e+01
1.1815e+01
1.1772e+01
1.1734e+01
1.1691e+01
1.1650e+01
1.1607e+01
1.1564e+01
1.1517e+01
1.1473e+01
1.1429e+01
1.1385e+01
1.1343e+01
1.1313e+01
1.1275e+01
1.1229e+01
1.1192e+01
1.1160e+01
1.1124e+01
1.1089e+01
1.1058e+01
1.1028e+01
1.0997e+01
1.0975e+01
1.0948e+01
1.0928e+01
1.0894e+01
1.0879e+01
1.0867e+01
1.0862e+01
1.0843e+01
1.0831e+01
1.0814e+01
1.0809e+01
1.0787e+01
1.0786e+01
1.0771e+01
1.0769e+01
1.0758e+01
1.0756e+01
1.0759e+01
1.0771e+01
1.0764e+01
1.0774e+01
1.0779e+01
1.0790e+01
1.0809e+01
1.0817e+01
1.0816e+01
1.0835e+01
1.0845e+01
1.0845e+01
1.0847e+01
1.0862e+01
1.0874e+01
1.0873e+01
1.0872e+01
1.0871e+01
1.0870e+01
1.0871e+01
1.0868e+01
1.0856e+01
1.0836e+01
1.0825e+01
1.0797e+01
1.0775e+01
1.0770e+01
1.0745e+01
1.0728e+01
1.0708e+01
1.0697e+01
1.0671e+01
1.0654e+01
1.0632e+01
1.0619e+01
1.0593e+01
1.0581e+01
1.0553e+01
1.0537e+01
1.0507e+01
1.0489e+01
1.0461e+01
1.0446e+01
1.0414e+01
1.0394e+01
1.0364e+01
1.0341e+01
1.0300e+01
1.0273e+01
1.0244e+01
1.0201e+01
1.0159e+01
1.0131e+01
1.0093e+01
1.0060e+01
1.0026e+01
1.0005e+01
9.9748e+00
9.9459e+00
9.9146e+00
9.8882e+00
9.8581e+00
9.8355e+00
9.8054e+00
9.7765e+00
9.7526e+00
9.7363e+00
9.7099e+00
9.6823e+00
9.6634e+00
9.6408e+00
9.6144e+00
9.5867e+00
9.5590e+00
9.5388e+00
9.5200e+00
9.4923e+00
9.4582e+00
9.4305e+00
9.4053e+00
9.3725e+00
9.3435e+00
9.3170e+00
9.2956e+00
9.2716e+00
9.2489e+00
9.2287e+00
9.2047e+00
9.1718e+00
9.1516e+00
9.1263e+00
9.0960e+00
9.0795e+00
9.0618e+00
9.0353e+00
9.0175e+00
8.9986e+00
8.9758e+00
8.9580e+00
8.9429e+00
8.9201e+00
8.9036e+00
8.8833e+00
8.8605e+00
8.8301e+00
8.8060e+00
8.7755e+00
8.7476e+00
8.7096e+00
8.6791e+00
8.6613e+00
8.6346e+00
8.6092e+00
8.5902e+00
8.5647e+00
8.5457e+00
8.5228e+00
8.5024e+00
8.4757e+00
8.4490e+00
8.4312e+00
8.4070e+00
8.3853e+00
8.3650e+00
8.3459e+00
8.3242e+00
8.3089e+00
8.2936e+00
8.2707e+00
8.2401e+00
8.2260e+00
8.2107e+00
8.1814e+00
8.1546e+00
8.1239e+00
8.1061e+00
8.0895e+00
8.0805e+00
8.0652e+00
8.0499e+00
8.0371e+00
8.0205e+00
8.0026e+00
7.9911e+00
7.9808e+00
7.9744e+00
7.9617e+00
7.9553e+00
7.9514e+00
7.9501e+00
7.9386e+00
7.9361e+00
7.9310e+00
7.9284e+00
7.9169e+00
7.9156e+00
7.9118e+00
7.9131e+00
7.9067e+00
7.9028e+00
7.8939e+00
7.8964e+00
7.8990e+00
7.9003e+00
7.9182e+00
7.9284e+00
7.9450e+00
7.9681e+00
7.9949e+00
8.0166e+00
8.0460e+00
8.0729e+00
8.1061e+00
8.1342e+00
8.1788e+00
8.2107e+00
8.2490e+00
8.2911e+00
8.3255e+00
8.3586e+00
8.3993e+00
8.4299e+00
8.4630e+00
8.5012e+00
8.5241e+00
8.5558e+00
8.5736e+00
8.5851e+00
8.6054e+00
8.6207e+00
8.6308e+00
8.6359e+00
8.6461e+00
8.6575e+00
8.6638e+00
8.6727e+00
8.6778e+00
8.6804e+00
8.6791e+00
8.6715e+00
8.6626e+00
8.6600e+00
8.6435e+00
8.6245e+00
8.6041e+00
8.5838e+00
8.5698e+00
8.5482e+00
8.5304e+00
8.5075e+00
8.4783e+00
8.4541e+00
8.4184e+00
8.3853e+00
8.3433e+00
8.3076e+00
8.2707e+00
8.2464e+00
8.2120e+00
8.1827e+00
8.1520e+00
8.1188e+00
8.0895e+00
8.0562e+00
8.0332e+00
8.0038e+00
7.9770e+00
7.9514e+00
7.9220e+00
7.8900e+00
7.8670e+00
7.8401e+00
7.8196e+00
7.8004e+00
7.7773e+00
7.7479e+00
7.7210e+00
7.6940e+00
7.6620e+00
7.6273e+00
7.5837e+00
7.5516e+00
7.5208e+00
7.4861e+00
7.4617e+00
7.4334e+00
7.4115e+00
7.3858e+00
7.3691e+00
7.3408e+00
7.3164e+00
7.2983e+00
7.2803e+00
7.2623e+00
7.2558e+00
7.2391e+00
7.2327e+00
7.2198e+00
7.2185e+00
7.2095e+00
7.2095e+00
7.2043e+00
7.2030e+00
7.2005e+00
7.1979e+00
7.1992e+00
7.1863e+00
7.1798e+00
7.1721e+00
7.1618e+00
7.1579e+00
7.1605e+00
7.1579e+00
7.1515e+00
7.1450e+00
7.1450e+00
7.1425e+00
7.1412e+00
7.1347e+00
7.1360e+00
7.1309e+00
7.1257e+00
7.1193e+00
7.1128e+00
7.0986e+00
7.0935e+00
7.0935e+00
7.0819e+00
7.0767e+00
7.0651e+00
7.0522e+00
7.0406e+00
7.0199e+00
6.9967e+00
6.9773e+00
6.9592e+00
6.9437e+00
6.9360e+00
6.9205e+00
6.9011e+00
6.8856e+00
6.8662e+00
6.8533e+00
6.8378e+00
6.8196e+00
6.8041e+00
6.7899e+00
6.7653e+00
6.7394e+00
6.7187e+00
6.7032e+00
6.6838e+00
6.6592e+00
6.6332e+00
6.6151e+00
6.5918e+00
6.5607e+00
6.5386e+00
6.5101e+00
6.4750e+00
6.4504e+00
6.4114e+00
6.3933e+00
6.3712e+00
6.3478e+00
6.3192e+00
6.3010e+00
6.2724e+00
6.2451e+00
6.2204e+00
6.1944e+00
6.1631e+00
6.1475e+00
6.1254e+00
6.0967e+00
6.0694e+00
6.0485e+00
6.0224e+00
5.9938e+00
5.9690e+00
5.9468e+00
5.9272e+00
5.9012e+00
5.8724e+00
5.8385e+00
5.8045e+00
5.7745e+00
5.7484e+00
5.7131e+00
5.7013e+00
5.6764e+00
5.6581e+00
5.6372e+00
5.6228e+00
5.6045e+00
5.5927e+00
5.5783e+00
5.5718e+00
5.5574e+00
5.5521e+00
5.5272e+00
5.5233e+00
5.5154e+00
5.5037e+00
5.4840e+00
5.4788e+00
5.4630e+00
5.4499e+00
5.4447e+00
5.4316e+00
5.4158e+00
5.4001e+00
5.3634e+00
5.3450e+00
5.3306e+00
5.3109e+00
5.2899e+00
5.2689e+00
5.2544e+00
5.2439e+00
5.2255e+00
5.2111e+00
5.1940e+00
5.1769e+00
5.1611e+00
5.1493e+00
5.1349e+00
5.1191e+00
5.1059e+00
5.0915e+00
5.0796e+00
5.0678e+00
5.0480e+00
5.0336e+00
5.0099e+00
5.0020e+00
4.9888e+00
4.9677e+00
4.9453e+00
4.9203e+00
4.8926e+00
4.8623e+00
4.8333e+00
4.8043e+00
4.7740e+00
4.7542e+00
4.7370e+00
4.7133e+00
4.6908e+00
4.6736e+00
4.6538e+00
4.6274e+00
4.6181e+00
4.6102e+00
4.6049e+00
4.5917e+00
4.5930e+00
4.5944e+00
4.6063e+00
4.6076e+00
4.6327e+00
4.6419e+00
4.6723e+00
4.6934e+00
4.7397e+00
4.7687e+00
4.8003e+00
4.8254e+00
4.8531e+00
4.8834e+00
4.9164e+00
4.9572e+00
4.9888e+00
5.0336e+00
5.0796e+00
5.1204e+00
5.1598e+00
5.2019e+00
5.2479e+00
5.2951e+00
5.3293e+00
5.3739e+00
5.4132e+00
5.4525e+00
5.4853e+00
5.5233e+00
5.5560e+00
5.5835e+00
5.5966e+00
5.6032e+00
5.6215e+00
5.6385e+00
5.6398e+00
5.6450e+00
5.6333e+00
5.6150e+00
5.5901e+00
5.5783e+00
5.5560e+00
5.5403e+00
5.5050e+00
5.4840e+00
5.4591e+00
5.4355e+00
5.3922e+00
5.3608e+00
5.3293e+00
5.2965e+00
5.2663e+00
5.2360e+00
5.1914e+00
5.1519e+00
5.1072e+00
5.0717e+00
5.0270e+00
4.9901e+00
4.9480e+00
4.9032e+00
4.8610e+00
4.8175e+00
4.7819e+00
4.7449e+00
4.7080e+00
4.6525e+00
4.5930e+00
4.5441e+00
4.5018e+00
4.4595e+00
4.4144e+00
4.3707e+00
4.3323e+00
4.3018e+00
4.2647e+00
4.2249e+00
4.1851e+00
4.1493e+00
4.1121e+00
4.0736e+00
4.0417e+00
4.0018e+00
3.9699e+00
3.9447e+00
3.9220e+00
3.8914e+00
3.8622e+00
3.8262e+00
3.7929e+00
3.7623e+00
3.7303e+00
3.7010e+00
3.6703e+00
3.6289e+00
3.5916e+00
3.5582e+00
3.5248e+00
3.4901e+00
3.4634e+00
3.4340e+00
3.4032e+00
3.3725e+00
3.3510e+00
3.3243e+00
3.2989e+00
3.2694e+00
3.2453e+00
3.2185e+00
3.1957e+00
3.1730e+00
3.1475e+00
3.1261e+00
3.0992e+00
3.0738e+00
3.0550e+00
3.0295e+00
3.0161e+00
2.9959e+00
2.9771e+00
2.9610e+00
2.9315e+00
2.8952e+00
2.8616e+00
2.8347e+00
2.8051e+00
2.7809e+00
2.7607e+00
2.7379e+00
2.7123e+00
2.6854e+00
2.6692e+00
2.6504e+00
2.6275e+00
2.6059e+00
2.5897e+00
2.5722e+00
2.5493e+00
2.5318e+00
2.5142e+00
2.5008e+00
2.4751e+00
2.4616e+00
2.4454e+00
2.4265e+00
2.4103e+00
2.3901e+00
2.3739e+00
2.3631e+00
2.3293e+00
2.3063e+00
2.2807e+00
2.2644e+00
2.2455e+00
2.2374e+00
2.2158e+00
2.2009e+00
2.1819e+00
2.1684e+00
2.1481e+00
2.1373e+00
2.1170e+00
2.1034e+00
2.0926e+00
2.0804e+00
2.0574e+00
2.0466e+00
2.0357e+00
2.0235e+00
2.0032e+00
1.9883e+00
1.9734e+00
1.9598e+00
1.9395e+00
1.9259e+00
1.9110e+00
1.8866e+00
1.8608e+00
1.8377e+00
1.8119e+00
1.7861e+00
1.7603e+00
1.7413e+00
1.7291e+00
1.7168e+00
1.6883e+00
1.6666e+00
1.6516e+00
1.6312e+00
1.6094e+00
1.5863e+00
1.5795e+00
1.5632e+00
1.5427e+00
1.5237e+00
1.5087e+00
1.4883e+00
1.4733e+00
1.4529e+00
1.4474e+00
1.4324e+00
1.4079e+00
1.3915e+00
1.3765e+00
1.3534e+00
1.3206e+00
1.2892e+00
1.2579e+00
1.2278e+00
1.2032e+00
1.1841e+00
1.1595e+00
1.1404e+00
1.1226e+00
1.0994e+00
1.0762e+00
1.0529e+00
1.0297e+00
1.0119e+00
9.9134e-01
9.7081e-01
9.5028e-01
9.2837e-01
9.1331e-01
8.9140e-01
8.6400e-01
8.4344e-01
8.2837e-01
8.0506e-01
7.8039e-01
7.6119e-01
7.4198e-01
7.1592e-01
6.8298e-01
6.5965e-01
6.2807e-01
6.0747e-01
5.8412e-01
5.6351e-01
5.4289e-01
5.2228e-01
5.0165e-01
4.8928e-01
4.6590e-01
4.5352e-01
4.3014e-01
4.2050e-01
4.1225e-01
3.9573e-01
3.8197e-01
3.8059e-01
3.6132e-01
3.4893e-01
3.3516e-01
3.2277e-01
3.0899e-01
2.9797e-01
2.8833e-01
2.7317e-01
2.4148e-01
2.2356e-01
1.9874e-01
1.7530e-01
1.5737e-01
1.4909e-01
1.3116e-01
1.0908e-01
9.6658e-02
8.1475e-02
6.3528e-02
5.1102e-02
4.2817e-02
3.0388e-02
2.3482e-02
1.3813e-02
5.5250e-03
2.7630e-03
5.5250e-03
0000
8.2880e-03
6.9070e-03
6.9070e-03
2.4863e-02
3.5912e-02
4.1436e-02
4.1436e-02
5.3863e-02
6.3528e-02
8.0094e-02
9.8038e-02
1.1460e-01
1.3530e-01
1.6702e-01
1.9599e-01
2.1667e-01
2.4561e-01
2.7180e-01
2.9935e-01
3.4205e-01
3.7509e-01
4.1500e-01
4.4802e-01
4.8240e-01
5.0715e-01
5.3190e-01
5.5664e-01
5.8824e-01
6.1296e-01
6.3081e-01
6.6239e-01
6.8298e-01
6.8710e-01
6.9808e-01
7.0906e-01
7.1592e-01
7.1592e-01
7.2689e-01
7.3513e-01
7.4747e-01
7.4473e-01
7.4198e-01
7.4061e-01
7.3924e-01
7.4747e-01
7.3650e-01
7.2689e-01
7.2003e-01
7.1592e-01
6.9945e-01
6.8984e-01
6.6788e-01
6.4592e-01
6.1983e-01
5.9511e-01
5.7312e-01
5.4289e-01
5.0853e-01
4.7140e-01
4.3151e-01
4.0262e-01
3.7096e-01
3.4205e-01
3.1726e-01
2.9109e-01
2.6766e-01
2.3597e-01
2.2356e-01
1.9185e-01
1.8220e-01
1.6013e-01
1.5875e-01
1.3806e-01
1.4495e-01
1.2564e-01
1.5737e-01
1.5185e-01
1.7668e-01
1.7806e-01
2.0288e-01
2.1942e-01
2.2632e-01
2.2632e-01
2.4424e-01
2.6904e-01
2.9384e-01
3.2414e-01
3.5857e-01
3.8610e-01
4.3151e-01
4.7140e-01
5.0578e-01
5.4976e-01
5.9098e-01
6.4317e-01
6.9122e-01
7.3787e-01
7.8998e-01
8.4344e-01
8.9961e-01
9.6534e-01
1.0310e+00
1.1090e+00
1.1773e+00
1.2469e+00
1.3111e+00
1.3847e+00
1.4896e+00
1.5781e+00
1.6774e+00
1.7739e+00
1.8852e+00
1.9856e+00
2.1359e+00
2.2644e+00
2.4211e+00
2.5722e+00
2.7796e+00
2.9650e+00
3.1676e+00
3.3885e+00
3.5982e+00
3.8475e+00
4.0829e+00
4.3933e+00
4.6829e+00
4.9980e+00
5.3070e+00
5.6411e+00
5.9651e+00
6.2932e+00
6.5957e+00
6.9127e+00
7.2082e+00
7.5156e+00
7.8017e+00
8.1112e+00
8.4197e+00
8.7108e+00
8.9884e+00
9.2691e+00
9.5288e+00
9.7916e+00
1.0019e+01
1.0250e+01
1.0455e+01
1.0698e+01
1.0902e+01
1.1130e+01
1.1302e+01
1.1494e+01
1.1654e+01
1.1791e+01
1.1895e+01
1.2007e+01
1.2058e+01
1.2119e+01
1.2127e+01
1.2151e+01
1.2123e+01
1.2109e+01
1.2058e+01
1.2023e+01
1.1956e+01
1.1905e+01
1.1814e+01
1.1750e+01
1.1676e+01
1.1602e+01
1.1508e+01
1.1415e+01
1.1296e+01
1.1187e+01
1.1064e+01
1.0946e+01
1.0802e+01
1.0669e+01
1.0534e+01
1.0404e+01
1.0258e+01
1.0120e+01
9.9860e+00
9.8506e+00
9.7124e+00
9.6030e+00
9.4734e+00
9.3473e+00
9.2148e+00
9.0833e+00
8.9416e+00
8.7996e+00
8.6753e+00
8.5508e+00
8.4146e+00
8.2949e+00
8.1865e+00
8.0767e+00
7.9693e+00
7.8580e+00
7.7530e+00
7.6543e+00
7.5542e+00
7.4475e+00
7.3614e+00
7.2687e+00
7.1824e+00
7.0947e+00
7.0057e+00
6.9231e+00
6.8481e+00
6.7653e+00
6.6889e+00
6.6112e+00
6.5412e+00
6.4686e+00
6.4049e+00
6.3361e+00
6.2659e+00
6.1892e+00
6.1176e+00
6.0485e+00
5.9768e+00
5.9064e+00
5.8437e+00
5.7732e+00
5.7170e+00
5.6607e+00
5.6058e+00
5.5443e+00
5.4945e+00
5.4368e+00
5.3857e+00
5.3306e+00
5.2886e+00
5.2387e+00
5.1953e+00
5.1480e+00
5.1007e+00
5.0546e+00
5.0125e+00
4.9651e+00
4.9177e+00
4.8781e+00
4.8346e+00
4.7964e+00
4.7608e+00
4.7185e+00
4.6842e+00
4.6419e+00
4.5957e+00
4.5402e+00
4.4872e+00
4.4515e+00
4.4025e+00
4.3562e+00
4.3230e+00
4.2886e+00
4.2462e+00
4.2037e+00
4.1639e+00
4.1267e+00
4.0909e+00
4.0616e+00
4.0258e+00
3.9939e+00
3.9633e+00
3.9300e+00
3.8928e+00
3.8661e+00
3.8315e+00
3.7996e+00
3.7756e+00
3.7463e+00
3.7130e+00
3.6836e+00
3.6569e+00
3.6316e+00
3.6022e+00
3.5675e+00
3.5368e+00
3.4968e+00
3.4594e+00
3.4206e+00
3.3898e+00
3.3591e+00
3.3230e+00
3.2895e+00
3.2547e+00
3.2279e+00
3.2024e+00
3.1730e+00
3.1448e+00
3.1086e+00
3.0764e+00
3.0469e+00
3.0241e+00
2.9892e+00
2.9610e+00
2.9395e+00
2.9127e+00
2.8885e+00
2.8603e+00
2.8293e+00
2.7971e+00
2.7675e+00
2.7459e+00
2.7163e+00
2.6867e+00
2.6531e+00
2.6194e+00
2.5816e+00
2.5520e+00
2.5264e+00
2.5021e+00
2.4765e+00
2.4522e+00
2.4238e+00
2.3968e+00
2.3725e+00
2.3469e+00
2.3212e+00
2.3023e+00
2.2834e+00
2.2644e+00
2.2388e+00
2.2225e+00
2.1995e+00
2.1819e+00
2.1589e+00
2.1386e+00
2.1143e+00
2.0980e+00
2.0791e+00
2.0547e+00
2.0303e+00
2.0032e+00
1.9734e+00
1.9408e+00
1.9096e+00
1.8839e+00
1.8608e+00
1.8377e+00
1.8106e+00
1.7916e+00
1.7712e+00
1.7467e+00
1.7223e+00
1.6937e+00
