1.3490e+01
1.3464e+01
1.3438e+01
1.3405e+01
1.3379e+01
1.3343e+01
1.3313e+01
1.3274e+01
1.3246e+01
1.3205e+01
1.3171e+01
1.3143e+01
1.3112e+01
1.3084e+01
1.3053e+01
1.3025e+01
1.2991e+01
1.2955e+01
1.2922e+01
1.2893e+01
1.2870e+01
1.2834e+01
1.2803e+01
1.2770e+01
1.2747e+01
1.2713e+01
1.2682e+01
1.2654e+01
1.2625e+01
1.2602e+01
1.2574e+01
1.2530e+01
1.2494e+01
1.2463e+01
1.2437e+01
1.2414e+01
1.2388e+01
1.2359e+01
1.2341e+01
1.2326e+01
1.2308e+01
1.2282e+01
1.2271e+01
1.2258e+01
1.2253e+01
1.2246e+01
1.2233e+01
1.2227e+01
1.2217e+01
1.2214e+01
1.2207e+01
1.2199e+01
1.2191e+01
1.2189e+01
1.2189e+01
1.2194e+01
1.2191e+01
1.2173e+01
1.2176e+01
1.2160e+01
1.2155e+01
1.2158e+01
1.2150e+01
1.2158e+01
1.2155e+01
1.2158e+01
1.2150e+01
1.2160e+01
1.2160e+01
1.2158e+01
1.2150e+01
1.2150e+01
1.2139e+01
1.2145e+01
1.2139e+01
1.2129e+01
1.2129e+01
1.2119e+01
1.2103e+01
1.2093e+01
1.2077e+01
1.2067e+01
1.2041e+01
1.2025e+01
1.2000e+01
1.1976e+01
1.1955e+01
1.1927e+01
1.1893e+01
1.1857e+01
1.1834e+01
1.1795e+01
1.1761e+01
1.1730e+01
1.1696e+01
1.1667e+01
1.1631e+01
1.1592e+01
1.1556e+01
1.1530e+01
1.1498e+01
1.1467e+01
1.1428e+01
1.1384e+01
1.1353e+01
1.1324e+01
1.1293e+01
1.1259e+01
1.1223e+01
1.1186e+01
1.1150e+01
1.1118e+01
1.1074e+01
1.1035e+01
1.1004e+01
1.0972e+01
1.0933e+01
1.0886e+01
1.0847e+01
1.0808e+01
1.0776e+01
1.0732e+01
1.0700e+01
1.0666e+01
1.0638e+01
1.0601e+01
1.0567e+01
1.0536e+01
1.0504e+01
1.0473e+01
1.0441e+01
1.0418e+01
1.0389e+01
1.0360e+01
1.0337e+01
1.0308e+01
1.0279e+01
1.0245e+01
1.0219e+01
1.0190e+01
1.0166e+01
1.0140e+01
1.0108e+01
1.0085e+01
1.0056e+01
1.0019e+01
9.9848e+00
9.9507e+00
9.9217e+00
9.8981e+00
9.8744e+00
9.8428e+00
9.8244e+00
9.8008e+00
9.7771e+00
9.7429e+00
9.7244e+00
9.7060e+00
9.6823e+00
9.6612e+00
9.6454e+00
9.6217e+00
9.6059e+00
9.5927e+00
9.5743e+00
9.5558e+00
9.5400e+00
9.5216e+00
9.5084e+00
9.4899e+00
9.4767e+00
9.4583e+00
9.4345e+00
9.4002e+00
9.3739e+00
9.3501e+00
9.3211e+00
9.2973e+00
9.2762e+00
9.2498e+00
9.2313e+00
9.2075e+00
9.1837e+00
9.1626e+00
9.1441e+00
9.1203e+00
9.1044e+00
9.0806e+00
9.0648e+00
9.0462e+00
9.0251e+00
9.0119e+00
8.9907e+00
8.9669e+00
8.9484e+00
8.9325e+00
8.9086e+00
8.8928e+00
8.8742e+00
8.8583e+00
8.8398e+00
8.8133e+00
8.7868e+00
8.7497e+00
8.7205e+00
8.6993e+00
8.6781e+00
8.6463e+00
8.6198e+00
8.5959e+00
8.5720e+00
8.5508e+00
8.5216e+00
8.5030e+00
8.4844e+00
8.4605e+00
8.4419e+00
8.4127e+00
8.4021e+00
8.3808e+00
8.3596e+00
8.3383e+00
8.3144e+00
8.2958e+00
8.2798e+00
8.2639e+00
8.2426e+00
8.2293e+00
8.2000e+00
8.1681e+00
8.1495e+00
8.1255e+00
8.1042e+00
8.0856e+00
8.0723e+00
8.0510e+00
8.0377e+00
8.0217e+00
8.0057e+00
7.9924e+00
7.9844e+00
7.9711e+00
7.9631e+00
7.9577e+00
7.9497e+00
7.9338e+00
7.9284e+00
7.9204e+00
7.9151e+00
7.9098e+00
7.9151e+00
7.9071e+00
7.9124e+00
7.9151e+00
7.9124e+00
7.9018e+00
7.8964e+00
7.8804e+00
7.8671e+00
7.8618e+00
7.8484e+00
7.8431e+00
7.8324e+00
7.8298e+00
7.8244e+00
7.8138e+00
7.8084e+00
7.7978e+00
7.7924e+00
7.7871e+00
7.7818e+00
7.7711e+00
7.7631e+00
7.7631e+00
7.7524e+00
7.7471e+00
7.7391e+00
7.7284e+00
7.7204e+00
7.7097e+00
7.6964e+00
7.6857e+00
7.6803e+00
7.6670e+00
7.6510e+00
7.6216e+00
7.6002e+00
7.5788e+00
7.5575e+00
7.5388e+00
7.5147e+00
7.4987e+00
7.4773e+00
7.4532e+00
7.4265e+00
7.4051e+00
7.3837e+00
7.3569e+00
7.3409e+00
7.3195e+00
7.3034e+00
7.2793e+00
7.2525e+00
7.2338e+00
7.2177e+00
7.1936e+00
7.1641e+00
7.1481e+00
7.1239e+00
7.1105e+00
7.0891e+00
7.0677e+00
7.0408e+00
7.0113e+00
6.9899e+00
6.9550e+00
6.9335e+00
6.9148e+00
6.8933e+00
6.8799e+00
6.8611e+00
6.8369e+00
6.8127e+00
6.8074e+00
6.7886e+00
6.7724e+00
6.7590e+00
6.7536e+00
6.7456e+00
6.7375e+00
6.7429e+00
6.7456e+00
6.7590e+00
6.7778e+00
6.7966e+00
6.8235e+00
6.8664e+00
6.9148e+00
6.9631e+00
7.0328e+00
7.1025e+00
7.1802e+00
7.2686e+00
7.3623e+00
7.4907e+00
7.6216e+00
7.7738e+00
7.8831e+00
8.0110e+00
8.1282e+00
8.2532e+00
8.3676e+00
8.4818e+00
8.5906e+00
8.7046e+00
8.8133e+00
8.9166e+00
9.0145e+00
9.1124e+00
9.1996e+00
9.2788e+00
9.3554e+00
9.4372e+00
9.5137e+00
9.5901e+00
9.6454e+00
9.7060e+00
9.7534e+00
9.7981e+00
9.8323e+00
9.8560e+00
9.8876e+00
9.9060e+00
9.9323e+00
9.9454e+00
9.9691e+00
9.9796e+00
1.0008e+01
1.0016e+01
1.0035e+01
1.0043e+01
1.0082e+01
1.0095e+01
1.0224e+01
1.0279e+01
1.0363e+01
1.0376e+01
1.0405e+01
1.0389e+01
1.0413e+01
1.0407e+01
1.0439e+01
1.0426e+01
1.0434e+01
1.0413e+01
1.0413e+01
1.0376e+01
1.0350e+01
1.0302e+01
1.0263e+01
1.0205e+01
1.0156e+01
1.0093e+01
1.0058e+01
1.0001e+01
9.9559e+00
9.9033e+00
9.8639e+00
9.8139e+00
9.7823e+00
9.7376e+00
9.7139e+00
9.6691e+00
9.6454e+00
9.6217e+00
9.6164e+00
9.5901e+00
9.5717e+00
9.5453e+00
9.5374e+00
9.5005e+00
9.4899e+00
9.4688e+00
9.4583e+00
9.4319e+00
9.4266e+00
9.4108e+00
9.3950e+00
9.3712e+00
9.3475e+00
9.3316e+00
9.3105e+00
9.2815e+00
9.2656e+00
9.2524e+00
9.2445e+00
9.2339e+00
9.2339e+00
9.2339e+00
9.2260e+00
9.2207e+00
9.2154e+00
9.2234e+00
9.2181e+00
9.2260e+00
9.2260e+00
9.2181e+00
9.1996e+00
9.1864e+00
9.1758e+00
9.1547e+00
9.1362e+00
9.1124e+00
9.0965e+00
9.0674e+00
9.0410e+00
9.0172e+00
8.9880e+00
8.9457e+00
8.9086e+00
8.8848e+00
8.8583e+00
8.8133e+00
8.7842e+00
8.7497e+00
8.7152e+00
8.6781e+00
8.6357e+00
8.5879e+00
8.5534e+00
8.5083e+00
8.4738e+00
8.4393e+00
8.3968e+00
8.3596e+00
8.3197e+00
8.2825e+00
8.2399e+00
8.2000e+00
8.1601e+00
8.1282e+00
8.0883e+00
8.0483e+00
8.0137e+00
7.9737e+00
7.9311e+00
7.8884e+00
7.8431e+00
7.8058e+00
7.7738e+00
7.7444e+00
7.7017e+00
7.6723e+00
7.6296e+00
7.5975e+00
7.5601e+00
7.5227e+00
7.4907e+00
7.4639e+00
7.4318e+00
7.3971e+00
7.3730e+00
7.3516e+00
7.3275e+00
7.3007e+00
7.2686e+00
7.2472e+00
7.2258e+00
7.2070e+00
7.1802e+00
7.1561e+00
7.1320e+00
7.1159e+00
7.0998e+00
7.0811e+00
7.0408e+00
7.0247e+00
7.0060e+00
6.9926e+00
6.9818e+00
6.9791e+00
6.9711e+00
6.9765e+00
6.9684e+00
6.9711e+00
6.9577e+00
6.9631e+00
6.9684e+00
6.9765e+00
6.9738e+00
6.9818e+00
6.9845e+00
6.9872e+00
6.9818e+00
6.9926e+00
6.9926e+00
6.9952e+00
6.9952e+00
7.0060e+00
7.0033e+00
7.0033e+00
6.9926e+00
6.9872e+00
6.9684e+00
6.9604e+00
6.9496e+00
6.9362e+00
6.9174e+00
6.9013e+00
6.8933e+00
6.8799e+00
6.8637e+00
6.8557e+00
6.8396e+00
6.8262e+00
6.8181e+00
6.8047e+00
6.7805e+00
6.7644e+00
6.7509e+00
6.7321e+00
6.7053e+00
6.6730e+00
6.6569e+00
6.6273e+00
6.6031e+00
6.5789e+00
6.5520e+00
6.5143e+00
6.4847e+00
6.4551e+00
6.4201e+00
6.3770e+00
6.3339e+00
6.2908e+00
6.2557e+00
6.2099e+00
6.1667e+00
6.1290e+00
6.0966e+00
6.0480e+00
6.0183e+00
5.9805e+00
5.9454e+00
5.9102e+00
5.8751e+00
5.8345e+00
5.7994e+00
5.7669e+00
5.7372e+00
5.7047e+00
5.6668e+00
5.6370e+00
5.6100e+00
5.5748e+00
5.5423e+00
5.5070e+00
5.4826e+00
5.4528e+00
5.4149e+00
5.3796e+00
5.3525e+00
5.3199e+00
5.2819e+00
5.2575e+00
5.2277e+00
5.2059e+00
5.1815e+00
5.1571e+00
5.1326e+00
5.1082e+00
5.0783e+00
5.0538e+00
5.0402e+00
5.0130e+00
4.9886e+00
4.9668e+00
4.9559e+00
4.9396e+00
4.9233e+00
4.9042e+00
4.8906e+00
4.8797e+00
4.8634e+00
4.8498e+00
4.8362e+00
4.8280e+00
4.8144e+00
4.7954e+00
4.7926e+00
4.7845e+00
4.7872e+00
4.7817e+00
4.7899e+00
4.7926e+00
4.8008e+00
4.8008e+00
4.8008e+00
4.8117e+00
4.8280e+00
4.8335e+00
4.8553e+00
4.8634e+00
4.8770e+00
4.8770e+00
4.8934e+00
4.8961e+00
4.9097e+00
4.9206e+00
4.9396e+00
4.9478e+00
4.9722e+00
4.9913e+00
5.0022e+00
5.0022e+00
4.9940e+00
4.9940e+00
4.9913e+00
4.9804e+00
4.9804e+00
4.9750e+00
4.9641e+00
4.9586e+00
4.9559e+00
4.9478e+00
4.9478e+00
4.9532e+00
4.9505e+00
4.9559e+00
4.9532e+00
4.9641e+00
4.9668e+00
4.9695e+00
4.9695e+00
4.9668e+00
4.9668e+00
4.9695e+00
4.9777e+00
4.9750e+00
4.9750e+00
4.9722e+00
4.9695e+00
4.9722e+00
4.9722e+00
4.9804e+00
4.9777e+00
4.9940e+00
5.0130e+00
5.0348e+00
5.0457e+00
5.0592e+00
5.0728e+00
5.0919e+00
5.1163e+00
5.1408e+00
5.1679e+00
5.1924e+00
5.2168e+00
5.2358e+00
5.2575e+00
5.2738e+00
5.2928e+00
5.3254e+00
5.3525e+00
5.3769e+00
5.4040e+00
5.4338e+00
5.4799e+00
5.5206e+00
5.5856e+00
5.6533e+00
5.6993e+00
5.7778e+00
5.8372e+00
5.9345e+00
6.0291e+00
6.1370e+00
6.2449e+00
6.3851e+00
6.5143e+00
6.6596e+00
6.8235e+00
7.0140e+00
7.1963e+00
7.3676e+00
7.5441e+00
7.7284e+00
7.9151e+00
8.0829e+00
8.2612e+00
8.4393e+00
8.6012e+00
8.7762e+00
8.9378e+00
9.1203e+00
9.2973e+00
9.4820e+00
9.6138e+00
9.7534e+00
9.8586e+00
9.9612e+00
1.0032e+01
1.0106e+01
1.0174e+01
1.0240e+01
1.0292e+01
1.0337e+01
1.0358e+01
1.0392e+01
1.0399e+01
1.0405e+01
1.0399e+01
1.0397e+01
1.0386e+01
1.0365e+01
1.0339e+01
1.0292e+01
1.0253e+01
1.0208e+01
1.0153e+01
1.0108e+01
1.0045e+01
1.0008e+01
9.9428e+00
9.8823e+00
9.7981e+00
9.7297e+00
9.6270e+00
9.5427e+00
9.4451e+00
9.3765e+00
9.2867e+00
9.1996e+00
9.1150e+00
9.0515e+00
8.9933e+00
8.9854e+00
8.9536e+00
8.9245e+00
8.8716e+00
8.8133e+00
8.7444e+00
8.6675e+00
8.5933e+00
8.5136e+00
8.4366e+00
8.3569e+00
8.2851e+00
8.2000e+00
8.1335e+00
8.0590e+00
7.9844e+00
7.9018e+00
7.8404e+00
7.7711e+00
7.7044e+00
7.6323e+00
7.5601e+00
7.4907e+00
7.4292e+00
7.3676e+00
7.3034e+00
7.2418e+00
7.1856e+00
7.1186e+00
7.0677e+00
7.0113e+00
6.9604e+00
6.9013e+00
6.8530e+00
6.8020e+00
6.7509e+00
6.7026e+00
6.6542e+00
6.6058e+00
6.5574e+00
6.5143e+00
6.4605e+00
6.4120e+00
6.3689e+00
6.3258e+00
6.2854e+00
6.2368e+00
6.1937e+00
6.1451e+00
6.0966e+00
6.0453e+00
5.9940e+00
5.9427e+00
5.8940e+00
5.8508e+00
5.8021e+00
5.7615e+00
5.7209e+00
5.6749e+00
5.6343e+00
5.5964e+00
5.5585e+00
5.5097e+00
5.4745e+00
5.4393e+00
5.4013e+00
5.3606e+00
5.3227e+00
5.2874e+00
5.2521e+00
5.2222e+00
5.1924e+00
5.1625e+00
5.1245e+00
5.0891e+00
5.0592e+00
5.0321e+00
4.9994e+00
4.9695e+00
4.9450e+00
4.9070e+00
4.8743e+00
4.8471e+00
4.8063e+00
4.7736e+00
4.7409e+00
4.7191e+00
4.6864e+00
4.6537e+00
4.6210e+00
4.5856e+00
4.5474e+00
4.5201e+00
4.4928e+00
4.4601e+00
4.4382e+00
4.4109e+00
4.3864e+00
4.3591e+00
4.3290e+00
4.2962e+00
4.2716e+00
4.2443e+00
4.2115e+00
4.1814e+00
4.1514e+00
4.1213e+00
4.0939e+00
4.0666e+00
4.0419e+00
4.0146e+00
3.9790e+00
3.9461e+00
3.9105e+00
3.8776e+00
3.8448e+00
3.8091e+00
3.7790e+00
3.7598e+00
3.7214e+00
3.6885e+00
3.6638e+00
3.6363e+00
3.5979e+00
3.5705e+00
3.5457e+00
3.5155e+00
3.4908e+00
3.4661e+00
3.4359e+00
3.4084e+00
3.3864e+00
3.3644e+00
3.3424e+00
3.3149e+00
3.2929e+00
3.2709e+00
3.2406e+00
3.2186e+00
3.1911e+00
3.1636e+00
3.1195e+00
3.0837e+00
3.0479e+00
3.0176e+00
2.9955e+00
2.9652e+00
2.9376e+00
2.9128e+00
2.8770e+00
2.8466e+00
2.8163e+00
2.7887e+00
2.7638e+00
2.7362e+00
2.7086e+00
2.6782e+00
2.6561e+00
2.6258e+00
2.5954e+00
2.5622e+00
2.5401e+00
2.5124e+00
2.4848e+00
2.4543e+00
2.4267e+00
2.4045e+00
2.3769e+00
2.3520e+00
2.3215e+00
2.2938e+00
2.2550e+00
2.2218e+00
2.1913e+00
2.1553e+00
2.1220e+00
2.0943e+00
2.0666e+00
2.0361e+00
2.0139e+00
1.9861e+00
1.9556e+00
1.9306e+00
1.9001e+00
1.8779e+00
1.8501e+00
1.8251e+00
1.8029e+00
1.7751e+00
1.7501e+00
1.7278e+00
1.7056e+00
1.6778e+00
1.6528e+00
1.6277e+00
1.6110e+00
1.5888e+00
1.5637e+00
1.5359e+00
1.5136e+00
1.4997e+00
1.4635e+00
1.4301e+00
1.3967e+00
1.3688e+00
1.3409e+00
1.3159e+00
1.2880e+00
1.2545e+00
1.2294e+00
1.2071e+00
1.1848e+00
1.1569e+00
1.1290e+00
1.1094e+00
1.0871e+00
1.0592e+00
1.0369e+00
1.0201e+00
9.9776e-01
9.8100e-01
9.6982e-01
9.4467e-01
9.2232e-01
9.0275e-01
8.9157e-01
8.7480e-01
8.5523e-01
8.3006e-01
8.1608e-01
8.0209e-01
7.8811e-01
7.7692e-01
7.5733e-01
7.3495e-01
7.0976e-01
6.9577e-01
6.7617e-01
6.6218e-01
6.5378e-01
6.4538e-01
6.4538e-01
6.3978e-01
6.3698e-01
6.3698e-01
6.3698e-01
6.4258e-01
6.4538e-01
6.5938e-01
6.5378e-01
6.6218e-01
6.6498e-01
6.6218e-01
6.7057e-01
6.7057e-01
6.7897e-01
6.8177e-01
7.0976e-01
7.1256e-01
7.4334e-01
7.5733e-01
7.6573e-01
7.8531e-01
7.8251e-01
7.9370e-01
7.7971e-01
7.8251e-01
7.5733e-01
7.4334e-01
7.2935e-01
7.1816e-01
7.0696e-01
6.9017e-01
6.7337e-01
6.5378e-01
6.4818e-01
6.3138e-01
6.1458e-01
5.9497e-01
5.8097e-01
5.5295e-01
5.3054e-01
5.0251e-01
4.8009e-01
4.4645e-01
4.2121e-01
3.9597e-01
3.7073e-01
3.3426e-01
3.0901e-01
2.6691e-01
2.4445e-01
2.1356e-01
1.6863e-01
1.2930e-01
9.5579e-02
6.1852e-02
3.0929e-02
1.6871e-02
5.6240e-03
0000
5.6240e-03
2.8118e-02
5.6230e-02
1.0120e-01
1.7986e-01
2.8375e-01
4.1280e-01
5.6416e-01
7.4614e-01
9.5306e-01
1.1764e+00
1.4245e+00
1.7056e+00
2.0222e+00
2.3879e+00
2.7694e+00
3.1250e+00
3.5485e+00
3.9187e+00
4.3673e+00
4.7354e+00
5.1679e+00
5.5504e+00
5.9616e+00
6.3339e+00
6.7268e+00
7.1025e+00
7.5013e+00
7.9391e+00
8.3197e+00
8.6861e+00
9.0595e+00
9.4029e+00
9.7850e+00
1.0137e+01
1.0499e+01
1.0844e+01
1.1256e+01
1.1652e+01
1.2067e+01
1.2496e+01
1.2960e+01
1.3485e+01
1.4101e+01
1.4690e+01
1.5297e+01
1.5964e+01
1.6653e+01
1.7441e+01
1.8214e+01
1.9073e+01
1.9884e+01
2.0820e+01
2.1643e+01
2.2603e+01
2.3530e+01
2.4535e+01
2.5499e+01
2.6430e+01
2.7279e+01
2.8092e+01
2.8831e+01
2.9564e+01
3.0226e+01
3.0886e+01
3.1486e+01
3.2100e+01
3.2637e+01
3.3161e+01
3.3614e+01
3.4074e+01
3.4458e+01
3.4885e+01
3.5299e+01
3.5701e+01
3.5989e+01
3.6337e+01
3.6623e+01
3.6942e+01
3.7153e+01
3.7369e+01
3.7498e+01
3.7632e+01
3.7686e+01
3.7711e+01
3.7698e+01
3.7690e+01
3.7677e+01
3.7675e+01
3.7647e+01
3.7597e+01
3.7550e+01
3.7445e+01
3.7268e+01
3.7050e+01
3.6834e+01
3.6582e+01
3.6320e+01
3.6028e+01
3.5758e+01
3.5457e+01
3.5172e+01
3.4865e+01
3.4570e+01
3.4268e+01
3.3992e+01
3.3700e+01
3.3430e+01
3.3145e+01
3.2898e+01
3.2610e+01
3.2333e+01
3.2053e+01
3.1788e+01
3.1513e+01
3.1265e+01
3.1001e+01
3.0752e+01
3.0505e+01
3.0280e+01
3.0048e+01
2.9852e+01
2.9633e+01
2.9427e+01
2.9224e+01
2.9047e+01
2.8859e+01
2.8677e+01
2.8484e+01
2.8311e+01
2.8147e+01
2.7985e+01
2.7826e+01
2.7675e+01
2.7527e+01
2.7376e+01
2.7225e+01
2.7083e+01
2.6934e+01
2.6804e+01
2.6668e+01
2.6542e+01
2.6423e+01
2.6306e+01
2.6189e+01
2.6081e+01
2.5976e+01
2.5879e+01
2.5795e+01
2.5710e+01
2.5640e+01
2.5569e+01
2.5510e+01
2.5459e+01
2.5404e+01
2.5360e+01
2.5315e+01
2.5268e+01
2.5220e+01
2.5197e+01
2.5176e+01
2.5145e+01
2.5124e+01
2.5102e+01
2.5060e+01
2.5008e+01
2.4963e+01
2.4913e+01
2.4859e+01
2.4812e+01
2.4757e+01
2.4708e+01
2.4651e+01
2.4589e+01
2.4535e+01
2.4473e+01
2.4409e+01
2.4352e+01
2.4295e+01
2.4226e+01
2.4167e+01
2.4110e+01
2.4043e+01
2.3979e+01
2.3917e+01
2.3852e+01
2.3788e+01
2.3731e+01
2.3669e+01
2.3604e+01
2.3538e+01
2.3480e+01
2.3406e+01
2.3339e+01
2.3277e+01
2.3215e+01
2.3155e+01
2.3105e+01
2.3047e+01
2.2994e+01
2.2937e+01
2.2896e+01
2.2846e+01
2.2798e+01
2.2745e+01
2.2699e+01
2.2642e+01
2.2594e+01
2.2543e+01
2.2500e+01
2.2440e+01
2.2384e+01
2.2329e+01
2.2264e+01
2.2213e+01
2.2160e+01
2.2102e+01
2.2042e+01
2.1972e+01
2.1911e+01
2.1836e+01
2.1776e+01
2.1711e+01
2.1643e+01
2.1580e+01
2.1527e+01
2.1464e+01
2.1396e+01
2.1330e+01
2.1267e+01
2.1197e+01
2.1131e+01
2.1063e+01
2.1007e+01
2.0944e+01
2.0878e+01
2.0808e+01
2.0752e+01
2.0693e+01
2.0625e+01
2.0559e+01
2.0498e+01
2.0430e+01
2.0361e+01
2.0281e+01
2.0210e+01
2.0144e+01
2.0082e+01
2.0016e+01
1.9953e+01
1.9891e+01
1.9830e+01
1.9756e+01
1.9698e+01
1.9636e+01
1.9580e+01
1.9521e+01
1.9464e+01
1.9412e+01
1.9356e+01
1.9302e+01
1.9255e+01
1.9201e+01
1.9144e+01
1.9092e+01
1.9045e+01
1.8999e+01
1.8944e+01
1.8875e+01
1.8828e+01
1.8767e+01
1.8717e+01
1.8663e+01
1.8608e+01
1.8559e+01
1.8509e+01
1.8462e+01
1.8413e+01
1.8363e+01
1.8311e+01
1.8266e+01
1.8229e+01
1.8185e+01
1.8132e+01
1.8085e+01
1.8048e+01
1.7998e+01
1.7959e+01
1.7916e+01
1.7874e+01
1.7837e+01
1.7797e+01
1.7760e+01
1.7715e+01
1.7660e+01
1.7613e+01
1.7563e+01
1.7515e+01
1.7461e+01
1.7416e+01
1.7373e+01
1.7331e+01
1.7283e+01
1.7243e+01
1.7194e+01
1.7151e+01
1.7111e+01
1.7071e+01
1.7031e+01
1.6996e+01
1.6961e+01
1.6916e+01
1.6883e+01
1.6853e+01
1.6811e+01
1.6773e+01
1.6743e+01
1.6708e+01
1.6668e+01
1.6633e+01
1.6595e+01
1.6565e+01
1.6525e+01
1.6480e+01
1.6434e+01
1.6394e+01
1.6351e+01
1.6316e+01
1.6281e+01
1.6246e+01
1.6211e+01
1.6175e+01
1.6130e+01
1.6100e+01
1.6064e+01
1.6032e+01
1.5996e+01
1.5969e+01
1.5928e+01
1.5888e+01
1.5853e+01
1.5815e+01
1.5785e+01
1.5747e+01
1.5714e+01
1.5671e+01
1.5636e+01
1.5600e+01
1.5562e+01
1.5527e+01
1.5474e+01
1.5421e+01
1.5373e+01
1.5327e+01
1.5284e+01
1.5241e+01
1.5200e+01
1.5157e+01
1.5124e+01
1.5086e+01
1.5046e+01
1.5003e+01
1.4972e+01
1.4934e+01
1.4893e+01
1.4860e+01
1.4825e+01
1.4789e+01
1.4751e+01
1.4723e+01
1.4693e+01
1.4660e+01
1.4637e+01
1.4604e+01
1.4581e+01
1.4550e+01
1.4517e+01
1.4479e+01
1.4448e+01
1.4413e+01
1.4382e+01
1.4354e+01
1.4334e+01
1.4306e+01
1.4277e+01
1.4255e+01
1.4232e+01
1.4209e+01
1.4193e+01
1.4165e+01
1.4150e+01
1.4117e+01
1.4101e+01
1.4071e+01
1.4050e+01
1.4022e+01
1.3992e+01
1.3961e+01
1.3938e+01
1.3907e+01
1.3876e+01
1.3843e+01
1.3818e+01
1.3787e+01
1.3754e+01
1.3708e+01
1.3674e+01
1.3636e+01
1.3600e+01
1.3564e+01
1.3538e+01
1.3508e+01
1.3472e+01
1.3444e+01
1.3413e+01
1.3384e+01
1.3354e+01
1.3328e+01
1.3300e+01
1.3272e+01
1.3246e+01
1.3215e+01
1.3182e+01
1.3151e+01
1.3122e+01
1.3099e+01
1.3071e+01
1.3038e+01
1.3007e+01
1.2984e+01
1.2937e+01
1.2896e+01
1.2850e+01
1.2819e+01
1.2783e+01
1.2739e+01
1.2698e+01
1.2669e+01
1.2636e+01
1.2597e+01
1.2563e+01
1.2532e+01
1.2501e+01
1.2476e+01
1.2445e+01
1.2419e+01
1.2388e+01
1.2367e+01
1.2341e+01
1.2318e+01
1.2289e+01
1.2266e+01
1.2240e+01
1.2214e+01
1.2191e+01
1.2165e+01
1.2139e+01
1.2111e+01
1.2088e+01
1.2069e+01
1.2051e+01
1.2049e+01
1.2057e+01
1.2067e+01
1.2080e+01
1.2106e+01
1.2137e+01
1.2170e+01
1.2212e+01
1.2258e+01
1.2321e+01
1.2377e+01
1.2452e+01
1.2527e+01
1.2605e+01
1.2677e+01
1.2770e+01
1.2863e+01
1.2973e+01
1.3079e+01
1.3179e+01
1.3277e+01
1.3379e+01
1.3495e+01
1.3602e+01
1.3708e+01
1.3810e+01
1.3910e+01
1.4040e+01
1.4127e+01
1.4219e+01
1.4300e+01
1.4382e+01
1.4469e+01
1.4537e+01
1.4601e+01
1.4670e+01
1.4723e+01
1.4779e+01
1.4815e+01
1.4863e+01
1.4881e+01
1.4919e+01
1.4926e+01
1.4954e+01
1.4962e+01
1.5023e+01
1.5023e+01
1.5041e+01
1.5033e+01
1.5015e+01
1.5000e+01
1.4977e+01
1.4942e+01
1.4901e+01
1.4855e+01
1.4817e+01
1.4771e+01
1.4728e+01
1.4675e+01
1.4621e+01
1.4565e+01
1.4509e+01
1.4451e+01
1.4397e+01
1.4344e+01
1.4275e+01
1.4224e+01
1.4158e+01
1.4091e+01
1.4030e+01
1.3974e+01
1.3905e+01
1.3843e+01
1.3787e+01
1.3725e+01
1.3664e+01
1.3602e+01
1.3531e+01
1.3469e+01
1.3405e+01
1.3349e+01
1.3289e+01
1.3238e+01
1.3179e+01
1.3135e+01
1.3086e+01
1.3035e+01
1.2996e+01
1.2958e+01
1.2922e+01
1.2883e+01
1.2844e+01
1.2814e+01
1.2777e+01
1.2747e+01
1.2716e+01
1.2692e+01
1.2656e+01
1.2633e+01
1.2605e+01
1.2581e+01
1.2543e+01
1.2512e+01
1.2465e+01
1.2424e+01
1.2377e+01
1.2333e+01
1.2300e+01
1.2266e+01
1.2235e+01
1.2207e+01
1.2170e+01
1.2139e+01
1.2101e+01
1.2080e+01
1.2041e+01
1.2007e+01
1.1976e+01
1.1945e+01
1.1914e+01
1.1888e+01
1.1854e+01
1.1828e+01
1.1797e+01
1.1769e+01
1.1740e+01
1.1712e+01
1.1680e+01
1.1652e+01
1.1610e+01
1.1579e+01
1.1535e+01
1.1506e+01
1.1465e+01
1.1436e+01
1.1405e+01
1.1387e+01
1.1363e+01
1.1337e+01
1.1314e+01
1.1293e+01
1.1277e+01
1.1262e+01
1.1243e+01
1.1228e+01
1.1212e+01
1.1210e+01
1.1194e+01
1.1189e+01
1.1168e+01
1.1157e+01
1.1150e+01
1.1134e+01
1.1123e+01
1.1105e+01
1.1082e+01
1.1064e+01
1.1050e+01
1.1032e+01
1.1017e+01
1.1009e+01
1.0990e+01
1.0980e+01
1.0951e+01
1.0920e+01
1.0883e+01
1.0844e+01
1.0802e+01
1.0771e+01
1.0737e+01
1.0695e+01
1.0656e+01
1.0625e+01
1.0593e+01
1.0562e+01
1.0517e+01
1.0473e+01
1.0434e+01
1.0392e+01
1.0344e+01
1.0300e+01
1.0237e+01
1.0187e+01
1.0142e+01
1.0093e+01
1.0043e+01
1.0001e+01
9.9585e+00
9.9165e+00
9.8770e+00
9.8350e+00
9.7929e+00
9.7560e+00
9.7139e+00
9.6823e+00
9.6402e+00
9.6059e+00
9.5690e+00
9.5347e+00
9.4978e+00
9.4636e+00
9.4345e+00
9.4082e+00
9.3791e+00
9.3422e+00
9.2999e+00
9.2630e+00
9.2260e+00
9.1916e+00
9.1573e+00
9.1309e+00
9.1018e+00
9.0833e+00
9.0515e+00
9.0277e+00
9.0092e+00
8.9933e+00
8.9722e+00
8.9536e+00
8.9404e+00
8.9219e+00
8.9113e+00
8.8954e+00
8.8822e+00
8.8742e+00
8.8610e+00
8.8451e+00
8.8265e+00
8.8107e+00
8.7815e+00
8.7577e+00
8.7285e+00
8.7099e+00
8.6861e+00
8.6596e+00
8.6516e+00
8.6277e+00
8.6012e+00
8.5773e+00
8.5561e+00
8.5428e+00
8.5216e+00
8.5136e+00
8.4924e+00
8.4791e+00
8.4579e+00
8.4446e+00
8.4260e+00
8.4101e+00
8.3915e+00
8.3835e+00
8.3729e+00
8.3543e+00
8.3357e+00
8.3171e+00
8.2958e+00
8.2825e+00
8.2639e+00
8.2559e+00
8.2426e+00
8.2346e+00
8.2187e+00
8.2080e+00
8.1947e+00
8.1841e+00
8.1628e+00
8.1521e+00
8.1415e+00
8.1202e+00
8.1069e+00
8.0909e+00
8.0723e+00
8.0483e+00
8.0297e+00
8.0110e+00
7.9897e+00
7.9737e+00
7.9364e+00
7.9098e+00
7.8804e+00
7.8511e+00
7.8244e+00
7.8004e+00
7.7818e+00
7.7577e+00
7.7337e+00
7.7070e+00
7.6883e+00
7.6697e+00
7.6456e+00
7.6323e+00
7.6136e+00
7.6056e+00
7.5869e+00
7.5815e+00
7.5708e+00
7.5628e+00
7.5521e+00
7.5468e+00
7.5388e+00
7.5254e+00
7.5067e+00
7.5013e+00
7.4880e+00
7.4746e+00
7.4586e+00
7.4479e+00
7.4318e+00
7.4292e+00
7.4131e+00
7.3971e+00
7.3757e+00
7.3623e+00
7.3489e+00
7.3328e+00
7.3221e+00
7.3088e+00
7.2980e+00
7.2793e+00
7.2606e+00
7.2445e+00
7.2231e+00
7.2043e+00
7.1802e+00
7.1641e+00
7.1400e+00
7.1239e+00
7.0971e+00
7.0730e+00
7.0408e+00
6.9979e+00
6.9711e+00
6.9416e+00
6.9121e+00
6.8825e+00
6.8611e+00
6.8315e+00
6.8020e+00
6.7724e+00
6.7402e+00
6.7133e+00
6.6730e+00
6.6407e+00
6.6112e+00
6.5789e+00
6.5493e+00
6.5170e+00
6.4874e+00
6.4524e+00
6.4228e+00
6.3878e+00
6.3581e+00
6.3177e+00
6.2800e+00
6.2422e+00
6.2072e+00
6.1856e+00
6.1532e+00
6.1236e+00
6.0912e+00
6.0534e+00
6.0264e+00
5.9913e+00
5.9589e+00
5.9318e+00
5.8994e+00
5.8751e+00
5.8508e+00
5.8183e+00
5.7913e+00
5.7723e+00
5.7507e+00
5.7291e+00
5.6966e+00
5.6749e+00
5.6560e+00
5.6316e+00
5.6100e+00
5.5910e+00
5.5720e+00
5.5450e+00
5.5233e+00
