2.2167e+01
2.2117e+01
2.2057e+01
2.2016e+01
2.1950e+01
2.1898e+01
2.1818e+01
2.1763e+01
2.1697e+01
2.1640e+01
2.1569e+01
2.1524e+01
2.1469e+01
2.1428e+01
2.1371e+01
2.1325e+01
2.1277e+01
2.1236e+01
2.1190e+01
2.1149e+01
2.1103e+01
2.1068e+01
2.1029e+01
2.0988e+01
2.0947e+01
2.0917e+01
2.0880e+01
2.0837e+01
2.0797e+01
2.0765e+01
2.0726e+01
2.0685e+01
2.0646e+01
2.0602e+01
2.0542e+01
2.0498e+01
2.0457e+01
2.0411e+01
2.0374e+01
2.0340e+01
2.0296e+01
2.0263e+01
2.0233e+01
2.0203e+01
2.0171e+01
2.0148e+01
2.0111e+01
2.0077e+01
2.0046e+01
2.0026e+01
1.9993e+01
1.9961e+01
1.9933e+01
1.9912e+01
1.9882e+01
1.9857e+01
1.9827e+01
1.9801e+01
1.9778e+01
1.9748e+01
1.9709e+01
1.9676e+01
1.9635e+01
1.9616e+01
1.9586e+01
1.9567e+01
1.9533e+01
1.9512e+01
1.9491e+01
1.9475e+01
1.9454e+01
1.9445e+01
1.9426e+01
1.9403e+01
1.9380e+01
1.9373e+01
1.9349e+01
1.9338e+01
1.9319e+01
1.9305e+01
1.9291e+01
1.9275e+01
1.9254e+01
1.9247e+01
1.9236e+01
1.9217e+01
1.9196e+01
1.9173e+01
1.9157e+01
1.9138e+01
1.9131e+01
1.9133e+01
1.9136e+01
1.9152e+01
1.9182e+01
1.9210e+01
1.9245e+01
1.9280e+01
1.9322e+01
1.9368e+01
1.9428e+01
1.9477e+01
1.9544e+01
1.9600e+01
1.9658e+01
1.9718e+01
1.9783e+01
1.9852e+01
1.9910e+01
1.9986e+01
2.0040e+01
2.0125e+01
2.0173e+01
2.0259e+01
2.0307e+01
2.0344e+01
2.0386e+01
2.0427e+01
2.0457e+01
2.0492e+01
2.0519e+01
2.0549e+01
2.0565e+01
2.0581e+01
2.0588e+01
2.0604e+01
2.0609e+01
2.0623e+01
2.0637e+01
2.0646e+01
2.0643e+01
2.0637e+01
2.0627e+01
2.0620e+01
2.0607e+01
2.0588e+01
2.0572e+01
2.0542e+01
2.0505e+01
2.0473e+01
2.0439e+01
2.0402e+01
2.0390e+01
2.0365e+01
2.0379e+01
2.0370e+01
2.0402e+01
2.0418e+01
2.0496e+01
2.0535e+01
2.0655e+01
2.0729e+01
2.0912e+01
2.1036e+01
2.1297e+01
2.1476e+01
2.1782e+01
2.1996e+01
2.2273e+01
2.2496e+01
2.2825e+01
2.3091e+01
2.3403e+01
2.3675e+01
2.4014e+01
2.4341e+01
2.4730e+01
2.5044e+01
2.5391e+01
2.5713e+01
2.6058e+01
2.6375e+01
2.6719e+01
2.7059e+01
2.7359e+01
2.7685e+01
2.7970e+01
2.8277e+01
2.8522e+01
2.8808e+01
2.9050e+01
2.9322e+01
2.9503e+01
2.9748e+01
2.9898e+01
3.0078e+01
3.0190e+01
3.0333e+01
3.0418e+01
3.0504e+01
3.0555e+01
3.0623e+01
3.0651e+01
3.0705e+01
3.0737e+01
3.0771e+01
3.0777e+01
3.0807e+01
3.0792e+01
3.0798e+01
3.0756e+01
3.0700e+01
3.0634e+01
3.0562e+01
3.0468e+01
3.0361e+01
3.0247e+01
3.0149e+01
3.0027e+01
2.9894e+01
2.9784e+01
2.9664e+01
2.9548e+01
2.9417e+01
2.9268e+01
2.9121e+01
2.8987e+01
2.8853e+01
2.8715e+01
2.8585e+01
2.8461e+01
2.8325e+01
2.8194e+01
2.8075e+01
2.7950e+01
2.7820e+01
2.7695e+01
2.7564e+01
2.7436e+01
2.7309e+01
2.7190e+01
2.7061e+01
2.6945e+01
2.6820e+01
2.6708e+01
2.6598e+01
2.6486e+01
2.6382e+01
2.6265e+01
2.6142e+01
2.6018e+01
2.5907e+01
2.5797e+01
2.5690e+01
2.5591e+01
2.5502e+01
2.5415e+01
2.5322e+01
2.5229e+01
2.5149e+01
2.5060e+01
2.4966e+01
2.4891e+01
2.4819e+01
2.4743e+01
2.4674e+01
2.4598e+01
2.4531e+01
2.4467e+01
2.4397e+01
2.4335e+01
2.4263e+01
2.4193e+01
2.4115e+01
2.4041e+01
2.3969e+01
2.3906e+01
2.3848e+01
2.3792e+01
2.3736e+01
2.3680e+01
2.3623e+01
2.3572e+01
2.3527e+01
2.3481e+01
2.3425e+01
2.3380e+01
2.3335e+01
2.3290e+01
2.3247e+01
2.3202e+01
2.3152e+01
2.3103e+01
2.3060e+01
2.3017e+01
2.2965e+01
2.2899e+01
2.2849e+01
2.2786e+01
2.2736e+01
2.2684e+01
2.2641e+01
2.2598e+01
2.2548e+01
2.2496e+01
2.2460e+01
2.2414e+01
2.2369e+01
2.2319e+01
2.2278e+01
2.2228e+01
2.2187e+01
2.2144e+01
2.2101e+01
2.2051e+01
2.2012e+01
2.1966e+01
2.1930e+01
2.1880e+01
2.1825e+01
2.1763e+01
2.1711e+01
2.1656e+01
2.1611e+01
2.1556e+01
2.1517e+01
2.1467e+01
2.1423e+01
2.1380e+01
2.1343e+01
2.1300e+01
2.1265e+01
2.1222e+01
2.1183e+01
2.1144e+01
2.1105e+01
2.1071e+01
2.1038e+01
2.0999e+01
2.0960e+01
2.0926e+01
2.0896e+01
2.0859e+01
2.0825e+01
2.0775e+01
2.0729e+01
2.0676e+01
2.0632e+01
2.0584e+01
2.0545e+01
2.0496e+01
2.0464e+01
2.0429e+01
2.0397e+01
2.0358e+01
2.0316e+01
2.0275e+01
2.0243e+01
2.0210e+01
2.0173e+01
2.0137e+01
2.0107e+01
2.0074e+01
2.0042e+01
2.0007e+01
1.9979e+01
1.9940e+01
1.9908e+01
1.9875e+01
1.9845e+01
1.9811e+01
1.9776e+01
1.9744e+01
1.9716e+01
1.9674e+01
1.9621e+01
1.9570e+01
1.9526e+01
1.9486e+01
1.9447e+01
1.9421e+01
1.9393e+01
1.9356e+01
1.9326e+01
1.9291e+01
1.9254e+01
1.9215e+01
1.9182e+01
1.9150e+01
1.9117e+01
1.9077e+01
1.9050e+01
1.9012e+01
1.8984e+01
1.8952e+01
1.8924e+01
1.8896e+01
1.8875e+01
1.8840e+01
1.8817e+01
1.8796e+01
1.8777e+01
1.8747e+01
1.8726e+01
1.8700e+01
1.8684e+01
1.8653e+01
1.8618e+01
1.8586e+01
1.8546e+01
1.8497e+01
1.8471e+01
1.8441e+01
1.8413e+01
1.8375e+01
1.8347e+01
1.8317e+01
1.8289e+01
1.8256e+01
1.8221e+01
1.8188e+01
1.8160e+01
1.8132e+01
1.8099e+01
1.8069e+01
1.8052e+01
1.8031e+01
1.8001e+01
1.7975e+01
1.7951e+01
1.7919e+01
1.7890e+01
1.7872e+01
1.7846e+01
1.7815e+01
1.7787e+01
1.7768e+01
1.7745e+01
1.7705e+01
1.7663e+01
1.7625e+01
1.7583e+01
1.7547e+01
1.7521e+01
1.7493e+01
1.7470e+01
1.7446e+01
1.7418e+01
1.7404e+01
1.7375e+01
1.7361e+01
1.7338e+01
1.7333e+01
1.7309e+01
1.7298e+01
1.7281e+01
1.7284e+01
1.7267e+01
1.7272e+01
1.7267e+01
1.7262e+01
1.7253e+01
1.7255e+01
1.7241e+01
1.7251e+01
1.7239e+01
1.7229e+01
1.7206e+01
1.7192e+01
1.7166e+01
1.7144e+01
1.7126e+01
1.7107e+01
1.7088e+01
1.7076e+01
1.7064e+01
1.7045e+01
1.7022e+01
1.7005e+01
1.6984e+01
1.6963e+01
1.6948e+01
1.6937e+01
1.6915e+01
1.6894e+01
1.6875e+01
1.6859e+01
1.6840e+01
1.6814e+01
1.6792e+01
1.6766e+01
1.6743e+01
1.6710e+01
1.6688e+01
1.6650e+01
1.6605e+01
1.6565e+01
1.6522e+01
1.6482e+01
1.6442e+01
1.6406e+01
1.6378e+01
1.6342e+01
1.6307e+01
1.6273e+01
1.6240e+01
1.6207e+01
1.6178e+01
1.6145e+01
1.6117e+01
1.6083e+01
1.6055e+01
1.6026e+01
1.6002e+01
1.5974e+01
1.5960e+01
1.5929e+01
1.5910e+01
1.5890e+01
1.5869e+01
1.5848e+01
1.5829e+01
1.5800e+01
1.5781e+01
1.5750e+01
1.5736e+01
1.5712e+01
1.5707e+01
1.5700e+01
1.5695e+01
1.5690e+01
1.5693e+01
1.5690e+01
1.5686e+01
1.5688e+01
1.5697e+01
1.5705e+01
1.5717e+01
1.5724e+01
1.5733e+01
1.5745e+01
1.5764e+01
1.5774e+01
1.5786e+01
1.5798e+01
1.5829e+01
1.5843e+01
1.5850e+01
1.5869e+01
1.5879e+01
1.5874e+01
1.5871e+01
1.5879e+01
1.5876e+01
1.5879e+01
1.5890e+01
1.5898e+01
1.5900e+01
1.5905e+01
1.5907e+01
1.5907e+01
1.5905e+01
1.5912e+01
1.5907e+01
1.5910e+01
1.5910e+01
1.5914e+01
1.5907e+01
1.5910e+01
1.5910e+01
1.5919e+01
1.5919e+01
1.5938e+01
1.5936e+01
1.5957e+01
1.5948e+01
1.5952e+01
1.5943e+01
1.5955e+01
1.5957e+01
1.5981e+01
1.5983e+01
1.6005e+01
1.6009e+01
1.6033e+01
1.6036e+01
1.6062e+01
1.6076e+01
1.6095e+01
1.6109e+01
1.6128e+01
1.6140e+01
1.6164e+01
1.6178e+01
1.6193e+01
1.6200e+01
1.6223e+01
1.6247e+01
1.6264e+01
1.6278e+01
1.6290e+01
1.6290e+01
1.6285e+01
1.6283e+01
1.6288e+01
1.6302e+01
1.6307e+01
1.6326e+01
1.6340e+01
1.6361e+01
1.6373e+01
1.6387e+01
1.6394e+01
1.6404e+01
1.6423e+01
1.6439e+01
1.6451e+01
1.6458e+01
1.6456e+01
1.6461e+01
1.6454e+01
1.6456e+01
1.6449e+01
1.6437e+01
1.6418e+01
1.6409e+01
1.6390e+01
1.6361e+01
1.6323e+01
1.6283e+01
1.6240e+01
1.6200e+01
1.6155e+01
1.6131e+01
1.6095e+01
1.6052e+01
1.6014e+01
1.5988e+01
1.5952e+01
1.5919e+01
1.5883e+01
1.5860e+01
1.5869e+01
1.5857e+01
1.5843e+01
1.5817e+01
1.5795e+01
1.5767e+01
1.5728e+01
1.5707e+01
1.5671e+01
1.5638e+01
1.5600e+01
1.5554e+01
1.5499e+01
1.5452e+01
1.5399e+01
1.5354e+01
1.5301e+01
1.5253e+01
1.5201e+01
1.5155e+01
1.5117e+01
1.5069e+01
1.5021e+01
1.4978e+01
1.4942e+01
1.4899e+01
1.4856e+01
1.4822e+01
1.4786e+01
1.4745e+01
1.4707e+01
1.4668e+01
1.4635e+01
1.4594e+01
1.4560e+01
1.4526e+01
1.4486e+01
1.4445e+01
1.4387e+01
1.4334e+01
1.4288e+01
1.4238e+01
1.4185e+01
1.4136e+01
1.4093e+01
1.4052e+01
1.4011e+01
1.3967e+01
1.3934e+01
1.3888e+01
1.3849e+01
1.3806e+01
1.3767e+01
1.3731e+01
1.3702e+01
1.3670e+01
1.3639e+01
1.3602e+01
1.3564e+01
1.3532e+01
1.3510e+01
1.3476e+01
1.3447e+01
1.3416e+01
1.3394e+01
1.3358e+01
1.3321e+01
1.3280e+01
1.3241e+01
1.3200e+01
1.3159e+01
1.3115e+01
1.3081e+01
1.3052e+01
1.3018e+01
1.2986e+01
1.2950e+01
1.2923e+01
1.2896e+01
1.2864e+01
1.2840e+01
1.2811e+01
1.2791e+01
1.2765e+01
1.2748e+01
1.2721e+01
1.2692e+01
1.2667e+01
1.2645e+01
1.2628e+01
1.2606e+01
1.2582e+01
1.2560e+01
1.2543e+01
1.2518e+01
1.2494e+01
1.2475e+01
1.2448e+01
1.2418e+01
1.2384e+01
1.2338e+01
1.2299e+01
1.2267e+01
1.2233e+01
1.2198e+01
1.2167e+01
1.2142e+01
1.2113e+01
1.2083e+01
1.2061e+01
1.2030e+01
1.2005e+01
1.1986e+01
1.1964e+01
1.1959e+01
1.1937e+01
1.1912e+01
1.1900e+01
1.1890e+01
1.1868e+01
1.1851e+01
1.1846e+01
1.1826e+01
1.1819e+01
1.1807e+01
1.1799e+01
1.1782e+01
1.1790e+01
1.1772e+01
1.1777e+01
1.1777e+01
1.1760e+01
1.1753e+01
1.1731e+01
1.1728e+01
1.1721e+01
1.1718e+01
1.1718e+01
1.1748e+01
1.1740e+01
1.1755e+01
1.1760e+01
1.1770e+01
1.1772e+01
1.1782e+01
1.1780e+01
1.1797e+01
1.1802e+01
1.1807e+01
1.1802e+01
1.1816e+01
1.1814e+01
1.1816e+01
1.1816e+01
1.1826e+01
1.1816e+01
1.1814e+01
1.1807e+01
1.1804e+01
1.1797e+01
1.1787e+01
1.1775e+01
1.1765e+01
1.1740e+01
1.1706e+01
1.1682e+01
1.1652e+01
1.1623e+01
1.1593e+01
1.1571e+01
1.1537e+01
1.1515e+01
1.1475e+01
1.1451e+01
1.1421e+01
1.1389e+01
1.1355e+01
1.1320e+01
1.1283e+01
1.1256e+01
1.1222e+01
1.1187e+01
1.1148e+01
1.1116e+01
1.1074e+01
1.1052e+01
1.1020e+01
1.0988e+01
1.0956e+01
1.0938e+01
1.0904e+01
1.0891e+01
1.0864e+01
1.0847e+01
1.0822e+01
1.0795e+01
1.0763e+01
1.0743e+01
1.0733e+01
1.0706e+01
1.0706e+01
1.0699e+01
1.0694e+01
1.0691e+01
1.0686e+01
1.0691e+01
1.0691e+01
1.0691e+01
1.0696e+01
1.0699e+01
1.0699e+01
1.0701e+01
1.0704e+01
1.0696e+01
1.0706e+01
1.0704e+01
1.0701e+01
1.0701e+01
1.0691e+01
1.0689e+01
1.0677e+01
1.0672e+01
1.0657e+01
1.0639e+01
1.0617e+01
1.0588e+01
1.0553e+01
1.0531e+01
1.0503e+01
1.0471e+01
1.0444e+01
1.0417e+01
1.0385e+01
1.0360e+01
1.0325e+01
1.0290e+01
1.0258e+01
1.0226e+01
1.0186e+01
1.0152e+01
1.0114e+01
1.0080e+01
1.0047e+01
1.0020e+01
9.9877e+00
9.9554e+00
9.9255e+00
9.8907e+00
9.8584e+00
9.8336e+00
9.7963e+00
9.7664e+00
9.7316e+00
9.6967e+00
9.6469e+00
9.6071e+00
9.5647e+00
9.5323e+00
9.4974e+00
9.4725e+00
9.4451e+00
9.4127e+00
9.3802e+00
9.3553e+00
9.3278e+00
9.3054e+00
9.2754e+00
9.2454e+00
9.2205e+00
9.2030e+00
9.1730e+00
9.1580e+00
9.1330e+00
9.1105e+00
9.0830e+00
9.0680e+00
9.0430e+00
9.0180e+00
9.0055e+00
8.9830e+00
8.9555e+00
8.9254e+00
8.8879e+00
8.8603e+00
8.8378e+00
8.8153e+00
8.7927e+00
8.7827e+00
8.7727e+00
8.7551e+00
8.7526e+00
8.7476e+00
8.7451e+00
8.7426e+00
8.7451e+00
8.7401e+00
8.7501e+00
8.7501e+00
8.7576e+00
8.7601e+00
8.7576e+00
8.7626e+00
8.7652e+00
8.7626e+00
8.7626e+00
8.7601e+00
8.7626e+00
8.7551e+00
8.7526e+00
8.7351e+00
8.7175e+00
8.6925e+00
8.6699e+00
8.6448e+00
8.6323e+00
8.6097e+00
8.5972e+00
8.5871e+00
8.5671e+00
8.5520e+00
8.5420e+00
8.5244e+00
8.5068e+00
8.4918e+00
8.4792e+00
8.4566e+00
8.4390e+00
8.4189e+00
8.4014e+00
8.3913e+00
8.3762e+00
8.3561e+00
8.3310e+00
8.3134e+00
8.2883e+00
8.2732e+00
8.2531e+00
8.2229e+00
8.1877e+00
8.1524e+00
8.1147e+00
8.0744e+00
8.0467e+00
8.0114e+00
7.9837e+00
7.9585e+00
7.9333e+00
7.9131e+00
7.8829e+00
7.8526e+00
7.8325e+00
7.8072e+00
7.7820e+00
7.7568e+00
7.7315e+00
7.7113e+00
7.6836e+00
7.6533e+00
7.6331e+00
7.6027e+00
7.5800e+00
7.5573e+00
7.5320e+00
7.5092e+00
7.4865e+00
7.4587e+00
7.4410e+00
7.4081e+00
7.3701e+00
7.3423e+00
7.3144e+00
7.2866e+00
7.2663e+00
7.2385e+00
7.2309e+00
7.2106e+00
7.1980e+00
7.1853e+00
7.1904e+00
7.1904e+00
7.1929e+00
7.1954e+00
7.2056e+00
7.2208e+00
7.2461e+00
7.2587e+00
7.2866e+00
7.3043e+00
7.3398e+00
7.3701e+00
7.4233e+00
7.4511e+00
7.4966e+00
7.5295e+00
7.6103e+00
7.6583e+00
7.7391e+00
7.7870e+00
7.8753e+00
7.9333e+00
8.0039e+00
8.0265e+00
8.0794e+00
8.1071e+00
8.1549e+00
8.1625e+00
8.2027e+00
8.2178e+00
8.2430e+00
8.2556e+00
8.2832e+00
8.2983e+00
8.3084e+00
8.3159e+00
8.3335e+00
8.3410e+00
8.3385e+00
8.3310e+00
8.3360e+00
8.3335e+00
8.3285e+00
8.3109e+00
8.3084e+00
8.2908e+00
8.2832e+00
8.2581e+00
8.2329e+00
8.2027e+00
8.1625e+00
8.1323e+00
8.0920e+00
8.0568e+00
8.0190e+00
7.9837e+00
7.9535e+00
7.9106e+00
7.8728e+00
7.8375e+00
7.7997e+00
7.7542e+00
7.7189e+00
7.6760e+00
7.6406e+00
7.6002e+00
7.5573e+00
7.5219e+00
7.4865e+00
7.4486e+00
7.4056e+00
7.3803e+00
7.3474e+00
7.3119e+00
7.2815e+00
7.2461e+00
7.2106e+00
7.1802e+00
7.1599e+00
7.1371e+00
7.1194e+00
7.0940e+00
7.0712e+00
7.0585e+00
7.0382e+00
7.0205e+00
7.0027e+00
6.9901e+00
6.9799e+00
6.9672e+00
6.9469e+00
6.9368e+00
6.9342e+00
6.9215e+00
6.9190e+00
6.9114e+00
6.8961e+00
6.8885e+00
6.8707e+00
6.8555e+00
6.8225e+00
6.8047e+00
6.7818e+00
6.7768e+00
6.7564e+00
6.7539e+00
6.7513e+00
6.7513e+00
6.7463e+00
6.7412e+00
6.7437e+00
6.7513e+00
6.7463e+00
6.7539e+00
6.7691e+00
6.7844e+00
6.7945e+00
6.8022e+00
6.8022e+00
6.8073e+00
6.8022e+00
6.8123e+00
6.8123e+00
6.8098e+00
6.8047e+00
6.7971e+00
6.7793e+00
6.7564e+00
6.7386e+00
6.7208e+00
6.7031e+00
6.6827e+00
6.6598e+00
6.6446e+00
6.6268e+00
6.6039e+00
6.5861e+00
6.5708e+00
6.5453e+00
6.5250e+00
6.5122e+00
6.4893e+00
6.4766e+00
6.4537e+00
6.4486e+00
6.4282e+00
6.4231e+00
6.4206e+00
6.4206e+00
6.4180e+00
6.4206e+00
6.4206e+00
6.4257e+00
6.4206e+00
6.4231e+00
6.4180e+00
6.4308e+00
6.4257e+00
6.4282e+00
6.4333e+00
6.4282e+00
6.4308e+00
6.4435e+00
6.4868e+00
6.4766e+00
6.5632e+00
6.5759e+00
6.6293e+00
6.6471e+00
6.6878e+00
6.7005e+00
6.7285e+00
6.7361e+00
6.7666e+00
6.7844e+00
6.7996e+00
6.8073e+00
6.8276e+00
6.8200e+00
6.8225e+00
6.8200e+00
6.8276e+00
6.8149e+00
6.8123e+00
6.7895e+00
6.7920e+00
6.7666e+00
6.7564e+00
6.7208e+00
6.7081e+00
6.6776e+00
6.6598e+00
6.6369e+00
6.6064e+00
6.5759e+00
6.5530e+00
6.5199e+00
6.4893e+00
6.4537e+00
6.4206e+00
6.3798e+00
6.3492e+00
6.3135e+00
6.2778e+00
6.2396e+00
6.2013e+00
6.1630e+00
6.1273e+00
6.0890e+00
6.0533e+00
6.0150e+00
5.9792e+00
5.9434e+00
5.9127e+00
5.8769e+00
5.8437e+00
5.8028e+00
5.7644e+00
5.7183e+00
5.6799e+00
5.6389e+00
5.6005e+00
5.5698e+00
5.5364e+00
5.5057e+00
5.4723e+00
5.4313e+00
5.4057e+00
5.3826e+00
5.3595e+00
5.3312e+00
5.3133e+00
5.2902e+00
5.2645e+00
5.2439e+00
5.2208e+00
5.2080e+00
5.1900e+00
5.1823e+00
5.1669e+00
5.1514e+00
5.1360e+00
5.1129e+00
5.0949e+00
5.0795e+00
5.0615e+00
5.0460e+00
5.0306e+00
5.0023e+00
4.9766e+00
4.9457e+00
4.9148e+00
4.8890e+00
4.8633e+00
4.8350e+00
4.8066e+00
4.7886e+00
4.7628e+00
4.7396e+00
4.7267e+00
4.7087e+00
4.6932e+00
4.6752e+00
4.6674e+00
4.6520e+00
4.6417e+00
4.6236e+00
4.6107e+00
4.6004e+00
4.5875e+00
4.5772e+00
4.5720e+00
4.5565e+00
4.5462e+00
4.5384e+00
4.5230e+00
4.5023e+00
4.4946e+00
4.4791e+00
4.4636e+00
4.4300e+00
4.4042e+00
4.3732e+00
4.3447e+00
4.3215e+00
4.2956e+00
4.2775e+00
4.2491e+00
4.2284e+00
4.2103e+00
4.1896e+00
4.1715e+00
4.1508e+00
4.1275e+00
4.1119e+00
4.0990e+00
4.0783e+00
4.0627e+00
4.0498e+00
4.0317e+00
4.0135e+00
3.9902e+00
3.9773e+00
3.9591e+00
3.9487e+00
3.9280e+00
3.9176e+00
3.8995e+00
3.8865e+00
3.8632e+00
3.8347e+00
3.8009e+00
3.7698e+00
3.7413e+00
3.7231e+00
3.6997e+00
3.6790e+00
3.6608e+00
3.6478e+00
3.6244e+00
3.6114e+00
3.5906e+00
3.5777e+00
3.5569e+00
3.5413e+00
3.5335e+00
3.5205e+00
3.5075e+00
3.4919e+00
3.4893e+00
3.4841e+00
3.4737e+00
3.4633e+00
3.4555e+00
3.4503e+00
3.4347e+00
3.4269e+00
3.4139e+00
3.3983e+00
3.3826e+00
3.3540e+00
3.3306e+00
3.3020e+00
3.2837e+00
3.2629e+00
3.2551e+00
3.2447e+00
3.2369e+00
3.2238e+00
3.2160e+00
3.2134e+00
3.1978e+00
3.1900e+00
3.1769e+00
3.1665e+00
3.1561e+00
3.1457e+00
3.1457e+00
3.1405e+00
3.1353e+00
3.1353e+00
3.1379e+00
3.1431e+00
3.1326e+00
3.1405e+00
3.1483e+00
3.1561e+00
3.1431e+00
3.1483e+00
3.1457e+00
3.1431e+00
3.1379e+00
3.1457e+00
3.1483e+00
3.1613e+00
3.1613e+00
3.1639e+00
3.1717e+00
3.1848e+00
3.1874e+00
3.1978e+00
3.1978e+00
3.2030e+00
3.2004e+00
3.2056e+00
3.2056e+00
3.2030e+00
3.1978e+00
3.1978e+00
3.1952e+00
3.1874e+00
3.1822e+00
3.1743e+00
3.1639e+00
3.1535e+00
3.1326e+00
3.1248e+00
3.1170e+00
3.1118e+00
3.1014e+00
3.1040e+00
3.0962e+00
3.0962e+00
3.0883e+00
3.0857e+00
3.0779e+00
3.0857e+00
3.0909e+00
3.1040e+00
3.1300e+00
3.1509e+00
3.1717e+00
3.2056e+00
3.2317e+00
3.2655e+00
3.3020e+00
3.3332e+00
3.3696e+00
3.4035e+00
3.4295e+00
3.4477e+00
3.4789e+00
3.5049e+00
3.5309e+00
3.5491e+00
3.5932e+00
3.6192e+00
3.6426e+00
3.6608e+00
3.6971e+00
3.7283e+00
3.7620e+00
3.7802e+00
3.8061e+00
3.8243e+00
3.8450e+00
3.8632e+00
3.8891e+00
3.9047e+00
3.9125e+00
3.9280e+00
3.9410e+00
3.9487e+00
3.9539e+00
3.9513e+00
3.9539e+00
3.9513e+00
3.9410e+00
3.9306e+00
3.9410e+00
3.9384e+00
3.9332e+00
3.9176e+00
3.9151e+00
3.9073e+00
3.9151e+00
3.9125e+00
3.8969e+00
3.8839e+00
3.8736e+00
3.8528e+00
3.8243e+00
3.8009e+00
3.7568e+00
3.7335e+00
3.7049e+00
3.6686e+00
3.6374e+00
3.6140e+00
3.5777e+00
3.5335e+00
3.4893e+00
3.4373e+00
3.3957e+00
3.3566e+00
3.3306e+00
3.2915e+00
3.2603e+00
3.2186e+00
3.1874e+00
3.1613e+00
3.1300e+00
3.1066e+00
3.0883e+00
3.0649e+00
3.0414e+00
3.0179e+00
2.9892e+00
2.9710e+00
2.9657e+00
2.9423e+00
2.9162e+00
2.8927e+00
2.8822e+00
2.8744e+00
2.8535e+00
2.8274e+00
2.7986e+00
2.7751e+00
2.7516e+00
2.7385e+00
2.7150e+00
2.6993e+00
2.6863e+00
2.6784e+00
2.6601e+00
2.6366e+00
2.6235e+00
2.6000e+00
2.5816e+00
2.5738e+00
2.5450e+00
2.5215e+00
2.4979e+00
2.4769e+00
2.4429e+00
2.4298e+00
2.3984e+00
2.3722e+00
2.3538e+00
2.3224e+00
2.2962e+00
2.2647e+00
2.2254e+00
2.1913e+00
2.1519e+00
2.1099e+00
2.0732e+00
2.0417e+00
2.0075e+00
1.9786e+00
1.9445e+00
1.9208e+00
1.8893e+00
1.8682e+00
1.8472e+00
1.8262e+00
1.8025e+00
1.7841e+00
1.7578e+00
1.7367e+00
1.7130e+00
1.6920e+00
1.6683e+00
1.6446e+00
1.6261e+00
1.6051e+00
1.5787e+00
1.5682e+00
1.5418e+00
1.5234e+00
1.4997e+00
1.4707e+00
1.4469e+00
1.4100e+00
1.3704e+00
1.3361e+00
1.3071e+00
1.2781e+00
1.2543e+00
1.2226e+00
1.1909e+00
1.1724e+00
1.1460e+00
1.1196e+00
1.0905e+00
1.0720e+00
1.0456e+00
1.0165e+00
9.9003e-01
9.6887e-01
9.4241e-01
9.1065e-01
8.8683e-01
8.5771e-01
8.3388e-01
8.0739e-01
7.8091e-01
7.5706e-01
7.3057e-01
7.0671e-01
6.6695e-01
6.3514e-01
6.0596e-01
5.6352e-01
5.3168e-01
4.9718e-01
4.7329e-01
4.4409e-01
4.1222e-01
3.8566e-01
3.6441e-01
3.4050e-01
3.1393e-01
3.0330e-01
2.9001e-01
2.7672e-01
2.5279e-01
2.3684e-01
2.2354e-01
2.1291e-01
1.9961e-01
1.9163e-01
1.8365e-01
1.7035e-01
1.6769e-01
1.6237e-01
1.5173e-01
1.3842e-01
1.2778e-01
1.1448e-01
9.3185e-02
7.7215e-02
6.3905e-02
4.7931e-02
3.9944e-02
3.9944e-02
4.7931e-02
3.7281e-02
3.1956e-02
2.9293e-02
2.6631e-02
1.8642e-02
1.0653e-02
7.9900e-03
5.3270e-03
0000
2.6640e-03
2.6640e-03
1.0653e-02
1.8642e-02
2.6631e-02
2.9293e-02
3.9944e-02
3.9944e-02
5.5918e-02
6.9229e-02
7.9877e-02
7.7215e-02
8.2538e-02
8.2538e-02
9.0523e-02
9.8508e-02
9.5847e-02
1.0915e-01
1.1448e-01
1.2246e-01
1.3044e-01
1.4108e-01
1.4375e-01
1.4641e-01
1.5971e-01
1.6503e-01
1.6769e-01
1.7301e-01
1.8099e-01
1.9163e-01
1.9429e-01
1.9695e-01
2.0759e-01
2.1025e-01
2.1557e-01
2.2354e-01
2.2886e-01
2.3950e-01
2.4482e-01
2.5811e-01
2.6608e-01
2.7672e-01
2.7938e-01
2.8203e-01
2.8203e-01
2.8735e-01
2.8735e-01
3.0064e-01
3.0064e-01
3.2190e-01
3.2721e-01
3.5379e-01
3.6176e-01
3.8832e-01
4.0160e-01
4.4409e-01
4.6002e-01
5.2107e-01
5.5026e-01
5.9270e-01
6.3514e-01
6.7756e-01
7.0406e-01
7.4381e-01
8.1534e-01
9.0006e-01
1.0059e+00
1.0747e+00
1.1856e+00
1.2622e+00
1.3493e+00
1.4127e+00
1.4918e+00
1.5497e+00
1.6209e+00
1.6762e+00
1.7341e+00
1.7814e+00
1.8340e+00
1.8814e+00
1.9287e+00
1.9707e+00
2.0101e+00
2.0758e+00
2.1335e+00
2.1782e+00
2.2201e+00
2.2700e+00
2.3145e+00
2.3538e+00
2.3905e+00
2.4351e+00
2.4769e+00
2.5136e+00
2.5398e+00
2.5607e+00
2.5686e+00
2.5764e+00
2.5581e+00
2.5476e+00
2.5319e+00
2.5057e+00
2.4848e+00
2.4612e+00
2.4403e+00
2.4062e+00
2.3643e+00
2.3486e+00
2.3224e+00
2.2988e+00
2.2595e+00
2.2280e+00
2.1860e+00
2.1572e+00
2.1126e+00
2.0811e+00
2.0285e+00
1.9970e+00
1.9602e+00
1.9287e+00
1.8945e+00
1.8682e+00
1.8262e+00
1.8051e+00
1.7814e+00
1.7578e+00
1.7262e+00
1.7025e+00
1.6814e+00
1.6630e+00
1.6367e+00
1.6156e+00
1.5972e+00
1.5787e+00
1.5497e+00
1.5392e+00
1.5260e+00
1.5260e+00
1.5208e+00
1.5287e+00
1.5339e+00
1.5814e+00
1.6182e+00
1.6972e+00
1.7630e+00
1.8630e+00
1.9392e+00
2.0758e+00
2.1860e+00
2.3538e+00
2.4927e+00
2.6993e+00
2.8665e+00
3.0909e+00
3.2942e+00
3.5465e+00
3.7802e+00
4.0627e+00
4.3421e+00
4.6339e+00
4.9148e+00
5.2696e+00
5.6031e+00
5.9817e+00
6.3773e+00
6.7717e+00
7.1675e+00
7.5320e+00
7.9106e+00
8.2631e+00
8.6323e+00
9.0480e+00
9.3802e+00
9.7415e+00
1.0025e+01
1.0268e+01
1.0481e+01
1.0679e+01
1.0867e+01
1.1054e+01
1.1224e+01
1.1357e+01
1.1470e+01
1.1578e+01
1.1677e+01
1.1770e+01
1.1831e+01
1.1868e+01
1.1897e+01
1.1922e+01
1.1929e+01
1.1922e+01
1.1915e+01
1.1890e+01
1.1863e+01
1.1821e+01
1.1758e+01
1.1689e+01
1.1615e+01
1.1532e+01
1.1436e+01
1.1350e+01
1.1256e+01
1.1153e+01
1.1057e+01
1.0948e+01
1.0840e+01
1.0733e+01
1.0620e+01
1.0511e+01
1.0407e+01
1.0300e+01
1.0184e+01
1.0085e+01
9.9802e+00
9.8808e+00
9.7788e+00
9.6892e+00
9.5946e+00
9.4900e+00
9.4077e+00
9.3178e+00
9.2280e+00
9.1505e+00
9.0655e+00
8.9730e+00
8.8979e+00
8.8203e+00
8.7351e+00
8.6549e+00
8.5846e+00
8.5043e+00
8.4315e+00
8.3662e+00
8.3033e+00
8.2380e+00
8.1826e+00
8.1222e+00
8.0668e+00
8.0064e+00
7.9510e+00
7.8879e+00
7.8299e+00
7.7820e+00
7.7315e+00
7.6886e+00
7.6482e+00
7.5977e+00
7.5472e+00
7.4941e+00
7.4561e+00
7.4081e+00
7.3676e+00
7.3195e+00
7.2866e+00
7.2410e+00
7.2056e+00
7.1675e+00
7.1321e+00
7.0915e+00
7.0484e+00
7.0053e+00
6.9596e+00
6.9114e+00
6.8682e+00
6.8174e+00
6.7793e+00
6.7437e+00
6.7081e+00
6.6649e+00
6.6293e+00
6.5886e+00
6.5606e+00
6.5224e+00
6.4970e+00
6.4639e+00
6.4359e+00
6.4027e+00
6.3747e+00
6.3441e+00
6.3263e+00
6.2982e+00
6.2727e+00
