1.4976e+01
1.4964e+01
1.4944e+01
1.4922e+01
1.4905e+01
1.4885e+01
1.4862e+01
1.4839e+01
1.4825e+01
1.4790e+01
1.4770e+01
1.4748e+01
1.4725e+01
1.4705e+01
1.4682e+01
1.4656e+01
1.4633e+01
1.4616e+01
1.4593e+01
1.4570e+01
1.4556e+01
1.4539e+01
1.4525e+01
1.4505e+01
1.4493e+01
1.4482e+01
1.4468e+01
1.4447e+01
1.4430e+01
1.4422e+01
1.4405e+01
1.4393e+01
1.4376e+01
1.4364e+01
1.4356e+01
1.4336e+01
1.4330e+01
1.4310e+01
1.4304e+01
1.4284e+01
1.4273e+01
1.4256e+01
1.4241e+01
1.4221e+01
1.4204e+01
1.4187e+01
1.4173e+01
1.4161e+01
1.4150e+01
1.4135e+01
1.4124e+01
1.4112e+01
1.4115e+01
1.4107e+01
1.4104e+01
1.4081e+01
1.4078e+01
1.4064e+01
1.4055e+01
1.4041e+01
1.4032e+01
1.4018e+01
1.3998e+01
1.3983e+01
1.3966e+01
1.3943e+01
1.3926e+01
1.3906e+01
1.3891e+01
1.3868e+01
1.3863e+01
1.3846e+01
1.3834e+01
1.3820e+01
1.3811e+01
1.3797e+01
1.3779e+01
1.3768e+01
1.3751e+01
1.3745e+01
1.3736e+01
1.3722e+01
1.3716e+01
1.3708e+01
1.3702e+01
1.3693e+01
1.3693e+01
1.3679e+01
1.3682e+01
1.3676e+01
1.3673e+01
1.3664e+01
1.3662e+01
1.3653e+01
1.3647e+01
1.3641e+01
1.3639e+01
1.3633e+01
1.3644e+01
1.3644e+01
1.3650e+01
1.3653e+01
1.3662e+01
1.3667e+01
1.3673e+01
1.3670e+01
1.3676e+01
1.3687e+01
1.3699e+01
1.3708e+01
1.3710e+01
1.3719e+01
1.3731e+01
1.3733e+01
1.3731e+01
1.3736e+01
1.3742e+01
1.3751e+01
1.3751e+01
1.3739e+01
1.3736e+01
1.3728e+01
1.3719e+01
1.3705e+01
1.3693e+01
1.3690e+01
1.3682e+01
1.3685e+01
1.3676e+01
1.3676e+01
1.3667e+01
1.3662e+01
1.3662e+01
1.3656e+01
1.3667e+01
1.3670e+01
1.3687e+01
1.3693e+01
1.3705e+01
1.3725e+01
1.3742e+01
1.3774e+01
1.3805e+01
1.3831e+01
1.3874e+01
1.3914e+01
1.3966e+01
1.3998e+01
1.4055e+01
1.4098e+01
1.4153e+01
1.4207e+01
1.4264e+01
1.4322e+01
1.4387e+01
1.4450e+01
1.4522e+01
1.4599e+01
1.4653e+01
1.4748e+01
1.4819e+01
1.4905e+01
1.4979e+01
1.5064e+01
1.5135e+01
1.5201e+01
1.5272e+01
1.5320e+01
1.5366e+01
1.5417e+01
1.5468e+01
1.5514e+01
1.5548e+01
1.5576e+01
1.5602e+01
1.5613e+01
1.5627e+01
1.5633e+01
1.5641e+01
1.5644e+01
1.5650e+01
1.5644e+01
1.5636e+01
1.5622e+01
1.5622e+01
1.5610e+01
1.5605e+01
1.5582e+01
1.5570e+01
1.5551e+01
1.5531e+01
1.5516e+01
1.5497e+01
1.5463e+01
1.5428e+01
1.5391e+01
1.5352e+01
1.5318e+01
1.5289e+01
1.5238e+01
1.5181e+01
1.5127e+01
1.5078e+01
1.5027e+01
1.4976e+01
1.4927e+01
1.4879e+01
1.4827e+01
1.4776e+01
1.4730e+01
1.4690e+01
1.4639e+01
1.4596e+01
1.4559e+01
1.4516e+01
1.4473e+01
1.4442e+01
1.4399e+01
1.4364e+01
1.4330e+01
1.4290e+01
1.4259e+01
1.4221e+01
1.4184e+01
1.4147e+01
1.4115e+01
1.4081e+01
1.4032e+01
1.3989e+01
1.3940e+01
1.3891e+01
1.3854e+01
1.3811e+01
1.3774e+01
1.3739e+01
1.3708e+01
1.3673e+01
1.3647e+01
1.3610e+01
1.3584e+01
1.3558e+01
1.3529e+01
1.3503e+01
1.3475e+01
1.3460e+01
1.3431e+01
1.3403e+01
1.3368e+01
1.3342e+01
1.3325e+01
1.3287e+01
1.3261e+01
1.3238e+01
1.3207e+01
1.3175e+01
1.3146e+01
1.3108e+01
1.3077e+01
1.3042e+01
1.3016e+01
1.2990e+01
1.2961e+01
1.2935e+01
1.2909e+01
1.2898e+01
1.2874e+01
1.2851e+01
1.2843e+01
1.2822e+01
1.2817e+01
1.2805e+01
1.2805e+01
1.2811e+01
1.2817e+01
1.2822e+01
1.2822e+01
1.2828e+01
1.2840e+01
1.2848e+01
1.2860e+01
1.2872e+01
1.2883e+01
1.2886e+01
1.2898e+01
1.2903e+01
1.2921e+01
1.2929e+01
1.2953e+01
1.2964e+01
1.2979e+01
1.2993e+01
1.3007e+01
1.3005e+01
1.3019e+01
1.3030e+01
1.3045e+01
1.3054e+01
1.3071e+01
1.3085e+01
1.3120e+01
1.3134e+01
1.3186e+01
1.3204e+01
1.3227e+01
1.3238e+01
1.3253e+01
1.3264e+01
1.3270e+01
1.3276e+01
1.3276e+01
1.3284e+01
1.3305e+01
1.3313e+01
1.3325e+01
1.3325e+01
1.3333e+01
1.3336e+01
1.3348e+01
1.3351e+01
1.3362e+01
1.3365e+01
1.3371e+01
1.3382e+01
1.3394e+01
1.3400e+01
1.3400e+01
1.3405e+01
1.3408e+01
1.3400e+01
1.3405e+01
1.3403e+01
1.3400e+01
1.3388e+01
1.3377e+01
1.3354e+01
1.3339e+01
1.3331e+01
1.3313e+01
1.3302e+01
1.3293e+01
1.3273e+01
1.3247e+01
1.3224e+01
1.3201e+01
1.3181e+01
1.3160e+01
1.3129e+01
1.3108e+01
1.3080e+01
1.3054e+01
1.3022e+01
1.2999e+01
1.2970e+01
1.2935e+01
1.2903e+01
1.2880e+01
1.2854e+01
1.2825e+01
1.2799e+01
1.2762e+01
1.2730e+01
1.2692e+01
1.2658e+01
1.2631e+01
1.2588e+01
1.2559e+01
1.2530e+01
1.2516e+01
1.2487e+01
1.2455e+01
1.2437e+01
1.2411e+01
1.2388e+01
1.2368e+01
1.2339e+01
1.2316e+01
1.2298e+01
1.2278e+01
1.2252e+01
1.2231e+01
1.2220e+01
1.2197e+01
1.2162e+01
1.2147e+01
1.2133e+01
1.2115e+01
1.2101e+01
1.2069e+01
1.2046e+01
1.2014e+01
1.1987e+01
1.1958e+01
1.1929e+01
1.1915e+01
1.1891e+01
1.1868e+01
1.1851e+01
1.1827e+01
1.1816e+01
1.1810e+01
1.1798e+01
1.1790e+01
1.1795e+01
1.1795e+01
1.1813e+01
1.1833e+01
1.1862e+01
1.1886e+01
1.1915e+01
1.1961e+01
1.2002e+01
1.2063e+01
1.2115e+01
1.2170e+01
1.2223e+01
1.2281e+01
1.2345e+01
1.2405e+01
1.2469e+01
1.2536e+01
1.2588e+01
1.2658e+01
1.2713e+01
1.2765e+01
1.2817e+01
1.2872e+01
1.2912e+01
1.2955e+01
1.2996e+01
1.3056e+01
1.3103e+01
1.3143e+01
1.3181e+01
1.3235e+01
1.3282e+01
1.3322e+01
1.3351e+01
1.3385e+01
1.3403e+01
1.3428e+01
1.3449e+01
1.3460e+01
1.3452e+01
1.3457e+01
1.3454e+01
1.3460e+01
1.3454e+01
1.3443e+01
1.3431e+01
1.3420e+01
1.3405e+01
1.3391e+01
1.3374e+01
1.3348e+01
1.3328e+01
1.3299e+01
1.3264e+01
1.3227e+01
1.3198e+01
1.3175e+01
1.3132e+01
1.3094e+01
1.3062e+01
1.3022e+01
1.2981e+01
1.2947e+01
1.2900e+01
1.2857e+01
1.2817e+01
1.2765e+01
1.2713e+01
1.2663e+01
1.2620e+01
1.2585e+01
1.2539e+01
1.2504e+01
1.2469e+01
1.2440e+01
1.2400e+01
1.2359e+01
1.2327e+01
1.2292e+01
1.2269e+01
1.2226e+01
1.2199e+01
1.2176e+01
1.2156e+01
1.2130e+01
1.2107e+01
1.2083e+01
1.2054e+01
1.2040e+01
1.2019e+01
1.1999e+01
1.1976e+01
1.1955e+01
1.1944e+01
1.1923e+01
1.1915e+01
1.1897e+01
1.1883e+01
1.1871e+01
1.1851e+01
1.1833e+01
1.1822e+01
1.1816e+01
1.1795e+01
1.1784e+01
1.1772e+01
1.1760e+01
1.1740e+01
1.1731e+01
1.1723e+01
1.1711e+01
1.1696e+01
1.1682e+01
1.1670e+01
1.1658e+01
1.1644e+01
1.1624e+01
1.1594e+01
1.1568e+01
1.1551e+01
1.1548e+01
1.1542e+01
1.1530e+01
1.1524e+01
1.1530e+01
1.1554e+01
1.1606e+01
1.1641e+01
1.1653e+01
1.1661e+01
1.1653e+01
1.1638e+01
1.1621e+01
1.1609e+01
1.1594e+01
1.1571e+01
1.1551e+01
1.1533e+01
1.1524e+01
1.1513e+01
1.1498e+01
1.1484e+01
1.1469e+01
1.1457e+01
1.1431e+01
1.1414e+01
1.1399e+01
1.1387e+01
1.1373e+01
1.1358e+01
1.1346e+01
1.1332e+01
1.1332e+01
1.1329e+01
1.1320e+01
1.1317e+01
1.1308e+01
1.1303e+01
1.1297e+01
1.1294e+01
1.1285e+01
1.1288e+01
1.1291e+01
1.1288e+01
1.1285e+01
1.1276e+01
1.1279e+01
1.1276e+01
1.1273e+01
1.1259e+01
1.1250e+01
1.1247e+01
1.1230e+01
1.1218e+01
1.1215e+01
1.1209e+01
1.1189e+01
1.1177e+01
1.1171e+01
1.1156e+01
1.1145e+01
1.1130e+01
1.1121e+01
1.1107e+01
1.1095e+01
1.1083e+01
1.1072e+01
1.1057e+01
1.1037e+01
1.1025e+01
1.1010e+01
1.0999e+01
1.0972e+01
1.0958e+01
1.0943e+01
1.0917e+01
1.0887e+01
1.0852e+01
1.0835e+01
1.0811e+01
1.0785e+01
1.0764e+01
1.0735e+01
1.0714e+01
1.0691e+01
1.0662e+01
1.0638e+01
1.0623e+01
1.0597e+01
1.0574e+01
1.0550e+01
1.0524e+01
1.0506e+01
1.0480e+01
1.0462e+01
1.0439e+01
1.0421e+01
1.0403e+01
1.0386e+01
1.0365e+01
1.0347e+01
1.0333e+01
1.0309e+01
1.0300e+01
1.0286e+01
1.0280e+01
1.0277e+01
1.0283e+01
1.0298e+01
1.0312e+01
1.0318e+01
1.0350e+01
1.0380e+01
1.0418e+01
1.0447e+01
1.0503e+01
1.0550e+01
1.0623e+01
1.0685e+01
1.0764e+01
1.0840e+01
1.0937e+01
1.1022e+01
1.1142e+01
1.1253e+01
1.1396e+01
1.1510e+01
1.1638e+01
1.1766e+01
1.1903e+01
1.2028e+01
1.2188e+01
1.2324e+01
1.2475e+01
1.2611e+01
1.2770e+01
1.2900e+01
1.3051e+01
1.3178e+01
1.3336e+01
1.3463e+01
1.3593e+01
1.3725e+01
1.3851e+01
1.3957e+01
1.4067e+01
1.4164e+01
1.4267e+01
1.4342e+01
1.4433e+01
1.4496e+01
1.4556e+01
1.4593e+01
1.4656e+01
1.4688e+01
1.4733e+01
1.4768e+01
1.4793e+01
1.4810e+01
1.4810e+01
1.4808e+01
1.4796e+01
1.4782e+01
1.4759e+01
1.4728e+01
1.4693e+01
1.4659e+01
1.4602e+01
1.4545e+01
1.4490e+01
1.4433e+01
1.4356e+01
1.4296e+01
1.4227e+01
1.4167e+01
1.4098e+01
1.4035e+01
1.3966e+01
1.3886e+01
1.3817e+01
1.3759e+01
1.3699e+01
1.3636e+01
1.3581e+01
1.3538e+01
1.3495e+01
1.3452e+01
1.3408e+01
1.3371e+01
1.3336e+01
1.3307e+01
1.3276e+01
1.3244e+01
1.3209e+01
1.3178e+01
1.3155e+01
1.3123e+01
1.3100e+01
1.3077e+01
1.3048e+01
1.3019e+01
1.2993e+01
1.2961e+01
1.2929e+01
1.2889e+01
1.2848e+01
1.2822e+01
1.2776e+01
1.2741e+01
1.2713e+01
1.2684e+01
1.2663e+01
1.2629e+01
1.2608e+01
1.2582e+01
1.2562e+01
1.2545e+01
1.2533e+01
1.2501e+01
1.2498e+01
1.2487e+01
1.2492e+01
1.2478e+01
1.2490e+01
1.2484e+01
1.2507e+01
1.2498e+01
1.2513e+01
1.2516e+01
1.2536e+01
1.2530e+01
1.2542e+01
1.2539e+01
1.2547e+01
1.2547e+01
1.2559e+01
1.2562e+01
1.2571e+01
1.2574e+01
1.2579e+01
1.2582e+01
1.2594e+01
1.2600e+01
1.2597e+01
1.2597e+01
1.2605e+01
1.2608e+01
1.2605e+01
1.2600e+01
1.2591e+01
1.2591e+01
1.2576e+01
1.2574e+01
1.2559e+01
1.2550e+01
1.2527e+01
1.2516e+01
1.2495e+01
1.2472e+01
1.2440e+01
1.2411e+01
1.2376e+01
1.2336e+01
1.2310e+01
1.2284e+01
1.2243e+01
1.2217e+01
1.2168e+01
1.2130e+01
1.2095e+01
1.2060e+01
1.2022e+01
1.1990e+01
1.1952e+01
1.1915e+01
1.1886e+01
1.1854e+01
1.1822e+01
1.1781e+01
1.1749e+01
1.1723e+01
1.1682e+01
1.1647e+01
1.1624e+01
1.1603e+01
1.1556e+01
1.1521e+01
1.1486e+01
1.1443e+01
1.1408e+01
1.1378e+01
1.1352e+01
1.1311e+01
1.1282e+01
1.1256e+01
1.1230e+01
1.1200e+01
1.1165e+01
1.1139e+01
1.1113e+01
1.1089e+01
1.1060e+01
1.1034e+01
1.1001e+01
1.0978e+01
1.0960e+01
1.0937e+01
1.0914e+01
1.0887e+01
1.0867e+01
1.0846e+01
1.0823e+01
1.0799e+01
1.0764e+01
1.0741e+01
1.0720e+01
1.0709e+01
1.0694e+01
1.0679e+01
1.0665e+01
1.0650e+01
1.0635e+01
1.0623e+01
1.0621e+01
1.0618e+01
1.0606e+01
1.0597e+01
1.0597e+01
1.0588e+01
1.0588e+01
1.0585e+01
1.0571e+01
1.0574e+01
1.0574e+01
1.0562e+01
1.0550e+01
1.0538e+01
1.0518e+01
1.0497e+01
1.0477e+01
1.0459e+01
1.0439e+01
1.0430e+01
1.0412e+01
1.0397e+01
1.0374e+01
1.0356e+01
1.0339e+01
1.0327e+01
1.0306e+01
1.0303e+01
1.0298e+01
1.0289e+01
1.0280e+01
1.0283e+01
1.0280e+01
1.0277e+01
1.0280e+01
1.0292e+01
1.0292e+01
1.0306e+01
1.0318e+01
1.0342e+01
1.0336e+01
1.0356e+01
1.0362e+01
1.0397e+01
1.0412e+01
1.0450e+01
1.0465e+01
1.0491e+01
1.0506e+01
1.0533e+01
1.0544e+01
1.0577e+01
1.0600e+01
1.0629e+01
1.0647e+01
1.0682e+01
1.0700e+01
1.0741e+01
1.0758e+01
1.0788e+01
1.0802e+01
1.0832e+01
1.0852e+01
1.0861e+01
1.0870e+01
1.0873e+01
1.0881e+01
1.0881e+01
1.0881e+01
1.0881e+01
1.0881e+01
1.0876e+01
1.0867e+01
1.0870e+01
1.0864e+01
1.0846e+01
1.0837e+01
1.0826e+01
1.0814e+01
1.0782e+01
1.0770e+01
1.0753e+01
1.0726e+01
1.0709e+01
1.0682e+01
1.0659e+01
1.0626e+01
1.0594e+01
1.0556e+01
1.0530e+01
1.0491e+01
1.0453e+01
1.0424e+01
1.0400e+01
1.0371e+01
1.0342e+01
1.0309e+01
1.0274e+01
1.0245e+01
1.0224e+01
1.0189e+01
1.0165e+01
1.0130e+01
1.0109e+01
1.0080e+01
1.0062e+01
1.0033e+01
1.0015e+01
9.9915e+00
9.9650e+00
9.9443e+00
9.9149e+00
9.8854e+00
9.8589e+00
9.8323e+00
9.8117e+00
9.7999e+00
9.7881e+00
9.7615e+00
9.7586e+00
9.7438e+00
9.7379e+00
9.7232e+00
9.7143e+00
9.7055e+00
9.6966e+00
9.6878e+00
9.6730e+00
9.6701e+00
9.6583e+00
9.6435e+00
9.6346e+00
9.6228e+00
9.6110e+00
9.6022e+00
9.6140e+00
9.5992e+00
9.5844e+00
9.5697e+00
9.5519e+00
9.5372e+00
9.5224e+00
9.5106e+00
9.4928e+00
9.4899e+00
9.4810e+00
9.4781e+00
9.4781e+00
9.4722e+00
9.4751e+00
9.4692e+00
9.4810e+00
9.4840e+00
9.5047e+00
9.5165e+00
9.5372e+00
9.5579e+00
9.5756e+00
9.6110e+00
9.6317e+00
9.6583e+00
9.6789e+00
9.7143e+00
9.7409e+00
9.7674e+00
9.7940e+00
9.8176e+00
9.8323e+00
9.8471e+00
9.8589e+00
9.8766e+00
9.8883e+00
9.9090e+00
9.9267e+00
9.9473e+00
9.9561e+00
9.9738e+00
9.9885e+00
1.0000e+01
1.0006e+01
1.0018e+01
1.0027e+01
1.0033e+01
1.0036e+01
1.0036e+01
1.0044e+01
1.0044e+01
1.0039e+01
1.0039e+01
1.0027e+01
1.0018e+01
1.0009e+01
9.9974e+00
9.9767e+00
9.9561e+00
9.9296e+00
9.9031e+00
9.8677e+00
9.8441e+00
9.8264e+00
9.8058e+00
9.7704e+00
9.7497e+00
9.7173e+00
9.6966e+00
9.6642e+00
9.6435e+00
9.6110e+00
9.5962e+00
9.5756e+00
9.5667e+00
9.5401e+00
9.5224e+00
9.5047e+00
9.4899e+00
9.4692e+00
9.4515e+00
9.4485e+00
9.4515e+00
9.4367e+00
9.4249e+00
9.4071e+00
9.4012e+00
9.3864e+00
9.3894e+00
9.3894e+00
9.3953e+00
9.3953e+00
9.3923e+00
9.3953e+00
9.3953e+00
9.4071e+00
9.4071e+00
9.4219e+00
9.4278e+00
9.4396e+00
9.4603e+00
9.4722e+00
9.4988e+00
9.5313e+00
9.5962e+00
9.6287e+00
9.6435e+00
9.6642e+00
9.6730e+00
9.6730e+00
9.6730e+00
9.6789e+00
9.6730e+00
9.6789e+00
9.6848e+00
9.6878e+00
9.6966e+00
9.7055e+00
9.7025e+00
9.6937e+00
9.6907e+00
9.6878e+00
9.6848e+00
9.6789e+00
9.6642e+00
9.6583e+00
9.6464e+00
9.6376e+00
9.6199e+00
9.6169e+00
9.5992e+00
9.5844e+00
9.5638e+00
9.5401e+00
9.5283e+00
9.5047e+00
9.4781e+00
9.4456e+00
9.4101e+00
9.3835e+00
9.3421e+00
9.3095e+00
9.2770e+00
9.2592e+00
9.2237e+00
9.1941e+00
9.1556e+00
9.1260e+00
9.0993e+00
9.0697e+00
9.0400e+00
9.0163e+00
8.9867e+00
8.9600e+00
8.9303e+00
8.9096e+00
8.8740e+00
8.8621e+00
8.8383e+00
8.8146e+00
8.7790e+00
8.7612e+00
8.7374e+00
8.7107e+00
8.6869e+00
8.6750e+00
8.6602e+00
8.6453e+00
8.6364e+00
8.6215e+00
8.6007e+00
8.5918e+00
8.5740e+00
8.5651e+00
8.5472e+00
8.5442e+00
8.5234e+00
8.5175e+00
8.5086e+00
8.4996e+00
8.4937e+00
8.4848e+00
8.4788e+00
8.4639e+00
8.4580e+00
8.4401e+00
8.4253e+00
8.3955e+00
8.3866e+00
8.3806e+00
8.3687e+00
8.3538e+00
8.3479e+00
8.3419e+00
8.3598e+00
8.3568e+00
8.3717e+00
8.3747e+00
8.3806e+00
8.3687e+00
8.3598e+00
8.3568e+00
8.3508e+00
8.3360e+00
8.3211e+00
8.3181e+00
8.2943e+00
8.2913e+00
8.2764e+00
8.2704e+00
8.2645e+00
8.2496e+00
8.2347e+00
8.2168e+00
8.2019e+00
8.1870e+00
8.1781e+00
8.1721e+00
8.1602e+00
8.1512e+00
8.1334e+00
8.1155e+00
8.1006e+00
8.0916e+00
8.0707e+00
8.0588e+00
8.0469e+00
8.0320e+00
8.0170e+00
7.9932e+00
7.9812e+00
7.9723e+00
7.9544e+00
7.9394e+00
7.9215e+00
7.8917e+00
7.8588e+00
7.8289e+00
7.7931e+00
7.7692e+00
7.7363e+00
7.7094e+00
7.6885e+00
7.6586e+00
7.6287e+00
7.5928e+00
7.5628e+00
7.5329e+00
7.5060e+00
7.4760e+00
7.4401e+00
7.4102e+00
7.3712e+00
7.3502e+00
7.3233e+00
7.2903e+00
7.2573e+00
7.2303e+00
7.1943e+00
7.1583e+00
7.1283e+00
7.0803e+00
7.0473e+00
7.0203e+00
6.9812e+00
6.9392e+00
6.9091e+00
6.8821e+00
6.8490e+00
6.8189e+00
6.7889e+00
6.7618e+00
6.7287e+00
6.7076e+00
6.6836e+00
6.6565e+00
6.6324e+00
6.6053e+00
6.5812e+00
6.5571e+00
6.5300e+00
6.5059e+00
6.4878e+00
6.4728e+00
6.4486e+00
6.4215e+00
6.4004e+00
6.3703e+00
6.3431e+00
6.3190e+00
6.3009e+00
6.2888e+00
6.2767e+00
6.2526e+00
6.2436e+00
6.2254e+00
6.2134e+00
6.1953e+00
6.1771e+00
6.1681e+00
6.1530e+00
6.1439e+00
6.1349e+00
6.1288e+00
6.1137e+00
6.1047e+00
6.0956e+00
6.0835e+00
6.0775e+00
6.0684e+00
6.0503e+00
6.0352e+00
6.0231e+00
6.0049e+00
5.9898e+00
5.9838e+00
5.9656e+00
5.9566e+00
5.9415e+00
5.9324e+00
5.9112e+00
5.9052e+00
5.8870e+00
5.8779e+00
5.8689e+00
5.8477e+00
5.8356e+00
5.8174e+00
5.7993e+00
5.7872e+00
5.7690e+00
5.7629e+00
5.7327e+00
5.7175e+00
5.6933e+00
5.6630e+00
5.6388e+00
5.6085e+00
5.5812e+00
5.5660e+00
5.5479e+00
5.5266e+00
5.5054e+00
5.4811e+00
5.4599e+00
5.4417e+00
5.4235e+00
5.4023e+00
5.3719e+00
5.3537e+00
5.3416e+00
5.3294e+00
5.3021e+00
5.2869e+00
5.2657e+00
5.2444e+00
5.2262e+00
5.2049e+00
5.1897e+00
5.1624e+00
5.1381e+00
5.1046e+00
5.0712e+00
5.0438e+00
5.0255e+00
5.0012e+00
4.9708e+00
4.9647e+00
4.9464e+00
4.9251e+00
4.9038e+00
4.8825e+00
4.8643e+00
4.8460e+00
4.8368e+00
4.8247e+00
4.8094e+00
4.7881e+00
4.7790e+00
4.7698e+00
4.7546e+00
4.7485e+00
4.7485e+00
4.7394e+00
4.7455e+00
4.7576e+00
4.7729e+00
4.7637e+00
4.7912e+00
4.8003e+00
4.8429e+00
4.8582e+00
4.9038e+00
4.9373e+00
4.9951e+00
5.0286e+00
5.0651e+00
5.1016e+00
5.1350e+00
5.1624e+00
5.1928e+00
5.2231e+00
5.2444e+00
5.2657e+00
5.2778e+00
5.3021e+00
5.3112e+00
5.3355e+00
5.3476e+00
5.3598e+00
5.3598e+00
5.3658e+00
5.3810e+00
5.3871e+00
5.3719e+00
5.3780e+00
5.3810e+00
5.3901e+00
5.4083e+00
5.4174e+00
5.4265e+00
5.4235e+00
5.4296e+00
5.4296e+00
5.4235e+00
5.4326e+00
5.4387e+00
5.4326e+00
5.4083e+00
5.4114e+00
5.3932e+00
5.3780e+00
5.3628e+00
5.3507e+00
5.3294e+00
5.2991e+00
5.2869e+00
5.2565e+00
5.2322e+00
5.2079e+00
5.1745e+00
5.1350e+00
5.1046e+00
5.0772e+00
5.0408e+00
5.0255e+00
5.0073e+00
4.9860e+00
4.9617e+00
4.9495e+00
4.9251e+00
4.9038e+00
4.8886e+00
4.8795e+00
4.8703e+00
4.8551e+00
4.8368e+00
4.8368e+00
4.8216e+00
4.8125e+00
4.7942e+00
4.7820e+00
4.7668e+00
4.7546e+00
4.7333e+00
4.7211e+00
4.6997e+00
4.6693e+00
4.6510e+00
4.6327e+00
4.6205e+00
4.6022e+00
4.5900e+00
4.5839e+00
4.5686e+00
4.5534e+00
4.5351e+00
4.5412e+00
4.5320e+00
4.5320e+00
4.5259e+00
4.5290e+00
4.5198e+00
4.5290e+00
4.5351e+00
4.5412e+00
4.5442e+00
4.5503e+00
4.5442e+00
4.5656e+00
4.5656e+00
4.5717e+00
4.5564e+00
4.5595e+00
4.5534e+00
4.5747e+00
4.5778e+00
4.6052e+00
4.6174e+00
4.6235e+00
4.6357e+00
4.6296e+00
4.6174e+00
4.6083e+00
4.6083e+00
4.6083e+00
4.5900e+00
4.5869e+00
4.5747e+00
4.5778e+00
4.5656e+00
4.5534e+00
4.5442e+00
4.5320e+00
4.5167e+00
4.4954e+00
4.4771e+00
4.4496e+00
4.4160e+00
4.3977e+00
4.3733e+00
4.3488e+00
4.3183e+00
4.2999e+00
4.2663e+00
4.2449e+00
4.2113e+00
4.1899e+00
4.1624e+00
4.1348e+00
4.1073e+00
4.0828e+00
4.0553e+00
4.0308e+00
4.0093e+00
3.9818e+00
3.9634e+00
3.9389e+00
3.9083e+00
3.8838e+00
3.8501e+00
3.8255e+00
3.7918e+00
3.7612e+00
3.7366e+00
3.7060e+00
3.6814e+00
3.6538e+00
3.6385e+00
3.6231e+00
3.6170e+00
3.5955e+00
3.5893e+00
3.5648e+00
3.5525e+00
3.5433e+00
3.5371e+00
3.5218e+00
3.5157e+00
3.5095e+00
3.5064e+00
3.4972e+00
3.4972e+00
3.4911e+00
3.4819e+00
3.4788e+00
3.4788e+00
3.4696e+00
3.4604e+00
3.4481e+00
3.4327e+00
3.4266e+00
3.4173e+00
3.4204e+00
3.4266e+00
3.4296e+00
3.4358e+00
3.4389e+00
3.4450e+00
3.4419e+00
3.4481e+00
3.4542e+00
3.4542e+00
3.4573e+00
3.4604e+00
3.4573e+00
3.4573e+00
3.4604e+00
3.4511e+00
3.4450e+00
3.4389e+00
3.4389e+00
3.4358e+00
3.4204e+00
3.4112e+00
3.3866e+00
3.3620e+00
3.3466e+00
3.3343e+00
3.3190e+00
3.3005e+00
3.2851e+00
3.2728e+00
3.2575e+00
3.2359e+00
3.2236e+00
3.2082e+00
3.1898e+00
3.1744e+00
3.1497e+00
3.1313e+00
3.1190e+00
3.1005e+00
3.0728e+00
3.0543e+00
3.0327e+00
3.0081e+00
2.9896e+00
2.9618e+00
2.9434e+00
2.9187e+00
2.8909e+00
2.8509e+00
2.8169e+00
2.7861e+00
2.7614e+00
2.7367e+00
2.7182e+00
2.6966e+00
2.6750e+00
2.6595e+00
2.6317e+00
2.6008e+00
2.5946e+00
2.5761e+00
2.5576e+00
2.5328e+00
2.5205e+00
2.5050e+00
2.4927e+00
2.4710e+00
2.4648e+00
2.4525e+00
2.4339e+00
2.4185e+00
2.4061e+00
2.3906e+00
2.3721e+00
2.3473e+00
2.3256e+00
2.2978e+00
2.2854e+00
2.2637e+00
2.2514e+00
2.2421e+00
2.2328e+00
2.2173e+00
2.2018e+00
2.1863e+00
2.1646e+00
2.1492e+00
2.1337e+00
2.1151e+00
2.0996e+00
2.0779e+00
2.0686e+00
2.0500e+00
2.0376e+00
2.0128e+00
2.0066e+00
1.9880e+00
1.9787e+00
1.9632e+00
1.9414e+00
1.9197e+00
1.8887e+00
1.8639e+00
1.8359e+00
1.8111e+00
1.7956e+00
1.7800e+00
1.7583e+00
1.7490e+00
1.7335e+00
1.7272e+00
1.7117e+00
1.7055e+00
1.6993e+00
1.7055e+00
1.6900e+00
1.6931e+00
1.6869e+00
1.6931e+00
1.6838e+00
1.6838e+00
1.6806e+00
1.6900e+00
1.6806e+00
1.6744e+00
1.6682e+00
1.6713e+00
1.6496e+00
1.6465e+00
1.6309e+00
1.6185e+00
1.6154e+00
1.6278e+00
1.6154e+00
1.6154e+00
1.6061e+00
1.6029e+00
1.5905e+00
1.5750e+00
1.5750e+00
1.5719e+00
1.5594e+00
1.5532e+00
1.5470e+00
1.5408e+00
1.5345e+00
1.5376e+00
1.5314e+00
1.5190e+00
1.5065e+00
1.4972e+00
1.4879e+00
1.4785e+00
1.4630e+00
1.4412e+00
1.4225e+00
1.4101e+00
1.4039e+00
1.3821e+00
1.3696e+00
1.3634e+00
1.3540e+00
1.3416e+00
1.3291e+00
1.3198e+00
1.3073e+00
1.2949e+00
1.2793e+00
1.2606e+00
1.2544e+00
1.2419e+00
1.2294e+00
1.2045e+00
1.2014e+00
1.1827e+00
1.1702e+00
1.1484e+00
1.1328e+00
1.1172e+00
1.1047e+00
1.0767e+00
1.0455e+00
1.0236e+00
1.0018e+00
9.7683e-01
9.6434e-01
9.4561e-01
9.3624e-01
9.1751e-01
9.0814e-01
8.9253e-01
8.7692e-01
8.6755e-01
8.5818e-01
8.4880e-01
8.3318e-01
8.3006e-01
8.1444e-01
8.1132e-01
8.0194e-01
7.8944e-01
7.8319e-01
7.7069e-01
7.7069e-01
7.6444e-01
7.5819e-01
7.3944e-01
7.2068e-01
6.9879e-01
6.8941e-01
6.8003e-01
6.6440e-01
6.5501e-01
6.4563e-01
6.3625e-01
6.2374e-01
6.1122e-01
6.0809e-01
5.8932e-01
5.7993e-01
5.7055e-01
5.6742e-01
5.5490e-01
5.4864e-01
5.2673e-01
5.1108e-01
5.1108e-01
5.0482e-01
4.8917e-01
4.7038e-01
4.5472e-01
4.2967e-01
4.1088e-01
3.9835e-01
3.7015e-01
3.6702e-01
3.6075e-01
3.5448e-01
3.4195e-01
3.3568e-01
3.3255e-01
3.2941e-01
3.2314e-01
3.1688e-01
3.1688e-01
3.2001e-01
3.2001e-01
3.3255e-01
3.2001e-01
3.4195e-01
3.5135e-01
4.1088e-01
4.3280e-01
4.5159e-01
4.4220e-01
4.4220e-01
4.4533e-01
4.5159e-01
4.5785e-01
4.6412e-01
4.7038e-01
4.7977e-01
4.8917e-01
4.9856e-01
5.0482e-01
5.2047e-01
5.2047e-01
5.2673e-01
5.3925e-01
5.5177e-01
5.5490e-01
5.5803e-01
5.6742e-01
5.6742e-01
5.6742e-01
5.6116e-01
5.6116e-01
5.4238e-01
5.3612e-01
5.2360e-01
5.0795e-01
5.0795e-01
4.9856e-01
4.9856e-01
4.9230e-01
4.8917e-01
4.7664e-01
4.6725e-01
4.5785e-01
4.5785e-01
4.5472e-01
4.4846e-01
4.5472e-01
4.4846e-01
4.4220e-01
4.3593e-01
4.2967e-01
4.2027e-01
4.0461e-01
3.8895e-01
3.6702e-01
3.5135e-01
3.3255e-01
3.1374e-01
3.0747e-01
2.9807e-01
2.9493e-01
2.8553e-01
2.8553e-01
2.7299e-01
2.6359e-01
2.5731e-01
2.4791e-01
2.4791e-01
2.4164e-01
2.4477e-01
2.4164e-01
2.3850e-01
2.3223e-01
2.2909e-01
2.2909e-01
2.2596e-01
2.1968e-01
2.1341e-01
2.0714e-01
1.8832e-01
1.7577e-01
1.6950e-01
1.6636e-01
1.6322e-01
1.5695e-01
1.6009e-01
1.6009e-01
1.6322e-01
1.6322e-01
1.5695e-01
1.5695e-01
1.6322e-01
1.7263e-01
1.6636e-01
1.7263e-01
1.7577e-01
1.6950e-01
1.7263e-01
1.7263e-01
1.6950e-01
1.6636e-01
1.6009e-01
1.4754e-01
1.2871e-01
1.1616e-01
1.0360e-01
9.7326e-02
8.1632e-02
7.2215e-02
6.2798e-02
5.9658e-02
5.0240e-02
4.0821e-02
3.1402e-02
2.1982e-02
9.4210e-03
3.1400e-03
0000
