2.4377e+01
2.4328e+01
2.4283e+01
2.4242e+01
2.4182e+01
2.4142e+01
2.4099e+01
2.4050e+01
2.3990e+01
2.3935e+01
2.3881e+01
2.3826e+01
2.3777e+01
2.3722e+01
2.3685e+01
2.3642e+01
2.3596e+01
2.3555e+01
2.3504e+01
2.3460e+01
2.3414e+01
2.3365e+01
2.3316e+01
2.3264e+01
2.3215e+01
2.3163e+01
2.3123e+01
2.3076e+01
2.3030e+01
2.2984e+01
2.2943e+01
2.2897e+01
2.2848e+01
2.2802e+01
2.2764e+01
2.2723e+01
2.2674e+01
2.2636e+01
2.2596e+01
2.2552e+01
2.2509e+01
2.2474e+01
2.2436e+01
2.2390e+01
2.2338e+01
2.2291e+01
2.2256e+01
2.2213e+01
2.2163e+01
2.2122e+01
2.2079e+01
2.2041e+01
2.2003e+01
2.1962e+01
2.1919e+01
2.1875e+01
2.1837e+01
2.1799e+01
2.1761e+01
2.1718e+01
2.1677e+01
2.1636e+01
2.1604e+01
2.1560e+01
2.1516e+01
2.1475e+01
2.1440e+01
2.1405e+01
2.1367e+01
2.1318e+01
2.1277e+01
2.1239e+01
2.1215e+01
2.1180e+01
2.1160e+01
2.1136e+01
2.1122e+01
2.1110e+01
2.1092e+01
2.1069e+01
2.1069e+01
2.1069e+01
2.1063e+01
2.1063e+01
2.1063e+01
2.1066e+01
2.1066e+01
2.1072e+01
2.1081e+01
2.1089e+01
2.1089e+01
2.1095e+01
2.1107e+01
2.1113e+01
2.1113e+01
2.1119e+01
2.1110e+01
2.1101e+01
2.1098e+01
2.1098e+01
2.1081e+01
2.1075e+01
2.1072e+01
2.1069e+01
2.1054e+01
2.1043e+01
2.1025e+01
2.1004e+01
2.0981e+01
2.0958e+01
2.0928e+01
2.0899e+01
2.0861e+01
2.0834e+01
2.0796e+01
2.0761e+01
2.0717e+01
2.0676e+01
2.0623e+01
2.0585e+01
2.0538e+01
2.0497e+01
2.0444e+01
2.0397e+01
2.0338e+01
2.0276e+01
2.0208e+01
2.0164e+01
2.0102e+01
2.0040e+01
1.9984e+01
1.9943e+01
1.9869e+01
1.9816e+01
1.9760e+01
1.9707e+01
1.9642e+01
1.9589e+01
1.9535e+01
1.9479e+01
1.9426e+01
1.9376e+01
1.9319e+01
1.9269e+01
1.9216e+01
1.9174e+01
1.9118e+01
1.9079e+01
1.9032e+01
1.8984e+01
1.8931e+01
1.8880e+01
1.8836e+01
1.8788e+01
1.8747e+01
1.8699e+01
1.8660e+01
1.8628e+01
1.8583e+01
1.8544e+01
1.8512e+01
1.8470e+01
1.8434e+01
1.8404e+01
1.8369e+01
1.8327e+01
1.8297e+01
1.8267e+01
1.8246e+01
1.8219e+01
1.8202e+01
1.8172e+01
1.8145e+01
1.8121e+01
1.8106e+01
1.8070e+01
1.8034e+01
1.7999e+01
1.7966e+01
1.7942e+01
1.7924e+01
1.7900e+01
1.7885e+01
1.7864e+01
1.7849e+01
1.7831e+01
1.7816e+01
1.7792e+01
1.7777e+01
1.7759e+01
1.7744e+01
1.7726e+01
1.7723e+01
1.7720e+01
1.7708e+01
1.7694e+01
1.7682e+01
1.7676e+01
1.7667e+01
1.7655e+01
1.7643e+01
1.7628e+01
1.7616e+01
1.7595e+01
1.7577e+01
1.7556e+01
1.7541e+01
1.7523e+01
1.7511e+01
1.7499e+01
1.7487e+01
1.7463e+01
1.7451e+01
1.7439e+01
1.7418e+01
1.7391e+01
1.7370e+01
1.7349e+01
1.7328e+01
1.7301e+01
1.7280e+01
1.7253e+01
1.7232e+01
1.7205e+01
1.7178e+01
1.7154e+01
1.7121e+01
1.7094e+01
1.7055e+01
1.7016e+01
1.6976e+01
1.6940e+01
1.6904e+01
1.6868e+01
1.6829e+01
1.6793e+01
1.6763e+01
1.6730e+01
1.6690e+01
1.6651e+01
1.6618e+01
1.6582e+01
1.6543e+01
1.6522e+01
1.6482e+01
1.6452e+01
1.6422e+01
1.6392e+01
1.6356e+01
1.6325e+01
1.6292e+01
1.6256e+01
1.6229e+01
1.6199e+01
1.6165e+01
1.6126e+01
1.6087e+01
1.6050e+01
1.6011e+01
1.5981e+01
1.5947e+01
1.5923e+01
1.5905e+01
1.5875e+01
1.5848e+01
1.5814e+01
1.5790e+01
1.5766e+01
1.5732e+01
1.5708e+01
1.5678e+01
1.5657e+01
1.5626e+01
1.5614e+01
1.5590e+01
1.5575e+01
1.5550e+01
1.5535e+01
1.5517e+01
1.5499e+01
1.5481e+01
1.5438e+01
1.5423e+01
1.5402e+01
1.5377e+01
1.5356e+01
1.5347e+01
1.5335e+01
1.5313e+01
1.5295e+01
1.5289e+01
1.5280e+01
1.5268e+01
1.5262e+01
1.5259e+01
1.5247e+01
1.5241e+01
1.5234e+01
1.5231e+01
1.5222e+01
1.5225e+01
1.5219e+01
1.5225e+01
1.5219e+01
1.5210e+01
1.5207e+01
1.5189e+01
1.5177e+01
1.5161e+01
1.5161e+01
1.5155e+01
1.5146e+01
1.5149e+01
1.5146e+01
1.5137e+01
1.5128e+01
1.5113e+01
1.5107e+01
1.5094e+01
1.5088e+01
1.5073e+01
1.5076e+01
1.5064e+01
1.5067e+01
1.5061e+01
1.5061e+01
1.5046e+01
1.5046e+01
1.5037e+01
1.5027e+01
1.5021e+01
1.5012e+01
1.5000e+01
1.4982e+01
1.4957e+01
1.4951e+01
1.4936e+01
1.4927e+01
1.4912e+01
1.4909e+01
1.4884e+01
1.4875e+01
1.4863e+01
1.4854e+01
1.4842e+01
1.4826e+01
1.4820e+01
1.4802e+01
1.4784e+01
1.4765e+01
1.4753e+01
1.4741e+01
1.4723e+01
1.4714e+01
1.4689e+01
1.4671e+01
1.4646e+01
1.4622e+01
1.4588e+01
1.4561e+01
1.4533e+01
1.4503e+01
1.4491e+01
1.4469e+01
1.4451e+01
1.4429e+01
1.4405e+01
1.4387e+01
1.4359e+01
1.4344e+01
1.4322e+01
1.4307e+01
1.4295e+01
1.4273e+01
1.4267e+01
1.4258e+01
1.4246e+01
1.4231e+01
1.4218e+01
1.4212e+01
1.4218e+01
1.4221e+01
1.4215e+01
1.4206e+01
1.4200e+01
1.4206e+01
1.4212e+01
1.4237e+01
1.4258e+01
1.4292e+01
1.4322e+01
1.4347e+01
1.4377e+01
1.4411e+01
1.4451e+01
1.4491e+01
1.4527e+01
1.4570e+01
1.4616e+01
1.4662e+01
1.4698e+01
1.4735e+01
1.4778e+01
1.4808e+01
1.4845e+01
1.4872e+01
1.4912e+01
1.4921e+01
1.4936e+01
1.4945e+01
1.4967e+01
1.4970e+01
1.4985e+01
1.5003e+01
1.5027e+01
1.5040e+01
1.5055e+01
1.5067e+01
1.5070e+01
1.5094e+01
1.5110e+01
1.5119e+01
1.5140e+01
1.5149e+01
1.5158e+01
1.5171e+01
1.5174e+01
1.5183e+01
1.5183e+01
1.5189e+01
1.5186e+01
1.5192e+01
1.5177e+01
1.5171e+01
1.5155e+01
1.5149e+01
1.5125e+01
1.5137e+01
1.5119e+01
1.5119e+01
1.5104e+01
1.5094e+01
1.5082e+01
1.5073e+01
1.5052e+01
1.5049e+01
1.5027e+01
1.5015e+01
1.4997e+01
1.4979e+01
1.4951e+01
1.4930e+01
1.4912e+01
1.4884e+01
1.4854e+01
1.4826e+01
1.4793e+01
1.4747e+01
1.4707e+01
1.4662e+01
1.4622e+01
1.4579e+01
1.4536e+01
1.4503e+01
1.4463e+01
1.4426e+01
1.4393e+01
1.4350e+01
1.4310e+01
1.4270e+01
1.4231e+01
1.4191e+01
1.4157e+01
1.4123e+01
1.4087e+01
1.4044e+01
1.4001e+01
1.3967e+01
1.3937e+01
1.3900e+01
1.3851e+01
1.3823e+01
1.3786e+01
1.3734e+01
1.3685e+01
1.3636e+01
1.3596e+01
1.3553e+01
1.3516e+01
1.3485e+01
1.3457e+01
1.3414e+01
1.3384e+01
1.3362e+01
1.3337e+01
1.3300e+01
1.3267e+01
1.3248e+01
1.3230e+01
1.3211e+01
1.3199e+01
1.3180e+01
1.3180e+01
1.3171e+01
1.3168e+01
1.3165e+01
1.3174e+01
1.3174e+01
1.3186e+01
1.3183e+01
1.3177e+01
1.3180e+01
1.3193e+01
1.3208e+01
1.3233e+01
1.3248e+01
1.3273e+01
1.3304e+01
1.3334e+01
1.3368e+01
1.3408e+01
1.3433e+01
1.3473e+01
1.3510e+01
1.3556e+01
1.3602e+01
1.3642e+01
1.3688e+01
1.3734e+01
1.3795e+01
1.3857e+01
1.3918e+01
1.3983e+01
1.4047e+01
1.4114e+01
1.4182e+01
1.4252e+01
1.4316e+01
1.4381e+01
1.4423e+01
1.4475e+01
1.4521e+01
1.4570e+01
1.4610e+01
1.4656e+01
1.4689e+01
1.4732e+01
1.4768e+01
1.4805e+01
1.4829e+01
1.4854e+01
1.4881e+01
1.4893e+01
1.4896e+01
1.4915e+01
1.4915e+01
1.4930e+01
1.4927e+01
1.4924e+01
1.4921e+01
1.4921e+01
1.4903e+01
1.4900e+01
1.4887e+01
1.4903e+01
1.4881e+01
1.4872e+01
1.4845e+01
1.4814e+01
1.4771e+01
1.4744e+01
1.4701e+01
1.4665e+01
1.4634e+01
1.4598e+01
1.4558e+01
1.4518e+01
1.4494e+01
1.4460e+01
1.4426e+01
1.4390e+01
1.4362e+01
1.4329e+01
1.4304e+01
1.4283e+01
1.4249e+01
1.4231e+01
1.4212e+01
1.4182e+01
1.4160e+01
1.4127e+01
1.4114e+01
1.4093e+01
1.4078e+01
1.4053e+01
1.4032e+01
1.3998e+01
1.3973e+01
1.3943e+01
1.3915e+01
1.3897e+01
1.3875e+01
1.3844e+01
1.3826e+01
1.3805e+01
1.3786e+01
1.3759e+01
1.3740e+01
1.3709e+01
1.3688e+01
1.3660e+01
1.3648e+01
1.3620e+01
1.3596e+01
1.3571e+01
1.3550e+01
1.3528e+01
1.3510e+01
1.3488e+01
1.3476e+01
1.3454e+01
1.3448e+01
1.3417e+01
1.3399e+01
1.3368e+01
1.3356e+01
1.3322e+01
1.3300e+01
1.3279e+01
1.3267e+01
1.3245e+01
1.3223e+01
1.3199e+01
1.3180e+01
1.3165e+01
1.3149e+01
1.3119e+01
1.3109e+01
1.3088e+01
1.3060e+01
1.3042e+01
1.3029e+01
1.3011e+01
1.2995e+01
1.2974e+01
1.2955e+01
1.2943e+01
1.2921e+01
1.2906e+01
1.2887e+01
1.2872e+01
1.2847e+01
1.2832e+01
1.2807e+01
1.2770e+01
1.2751e+01
1.2733e+01
1.2708e+01
1.2702e+01
1.2690e+01
1.2680e+01
1.2662e+01
1.2656e+01
1.2637e+01
1.2640e+01
1.2631e+01
1.2631e+01
1.2622e+01
1.2628e+01
1.2625e+01
1.2622e+01
1.2628e+01
1.2634e+01
1.2628e+01
1.2637e+01
1.2637e+01
1.2643e+01
1.2656e+01
1.2668e+01
1.2671e+01
1.2686e+01
1.2683e+01
1.2696e+01
1.2702e+01
1.2699e+01
1.2708e+01
1.2717e+01
1.2720e+01
1.2727e+01
1.2727e+01
1.2733e+01
1.2727e+01
1.2714e+01
1.2714e+01
1.2711e+01
1.2699e+01
1.2690e+01
1.2680e+01
1.2680e+01
1.2674e+01
1.2662e+01
1.2643e+01
1.2637e+01
1.2631e+01
1.2637e+01
1.2628e+01
1.2606e+01
1.2594e+01
1.2584e+01
1.2566e+01
1.2538e+01
1.2513e+01
1.2485e+01
1.2448e+01
1.2414e+01
1.2389e+01
1.2349e+01
1.2321e+01
1.2287e+01
1.2259e+01
1.2222e+01
1.2185e+01
1.2145e+01
1.2110e+01
1.2070e+01
1.2052e+01
1.2011e+01
1.1974e+01
1.1946e+01
1.1924e+01
1.1887e+01
1.1865e+01
1.1825e+01
1.1812e+01
1.1787e+01
1.1772e+01
1.1735e+01
1.1722e+01
1.1694e+01
1.1682e+01
1.1666e+01
1.1641e+01
1.1613e+01
1.1592e+01
1.1554e+01
1.1539e+01
1.1523e+01
1.1507e+01
1.1479e+01
1.1464e+01
1.1442e+01
1.1430e+01
1.1408e+01
1.1392e+01
1.1377e+01
1.1358e+01
1.1339e+01
1.1320e+01
1.1305e+01
1.1289e+01
1.1280e+01
1.1261e+01
1.1246e+01
1.1239e+01
1.1221e+01
1.1211e+01
1.1199e+01
1.1177e+01
1.1171e+01
1.1161e+01
1.1146e+01
1.1127e+01
1.1111e+01
1.1093e+01
1.1071e+01
1.1049e+01
1.1040e+01
1.1024e+01
1.1002e+01
1.0986e+01
1.0961e+01
1.0949e+01
1.0930e+01
1.0911e+01
1.0902e+01
1.0893e+01
1.0871e+01
1.0858e+01
1.0846e+01
1.0824e+01
1.0808e+01
1.0793e+01
1.0777e+01
1.0761e+01
1.0739e+01
1.0721e+01
1.0699e+01
1.0693e+01
1.0674e+01
1.0661e+01
1.0633e+01
1.0602e+01
1.0577e+01
1.0555e+01
1.0533e+01
1.0511e+01
1.0492e+01
1.0470e+01
1.0451e+01
1.0439e+01
1.0414e+01
1.0395e+01
1.0373e+01
1.0360e+01
1.0338e+01
1.0323e+01
1.0301e+01
1.0282e+01
1.0260e+01
1.0238e+01
1.0222e+01
1.0207e+01
1.0181e+01
1.0163e+01
1.0141e+01
1.0125e+01
1.0103e+01
1.0090e+01
1.0071e+01
1.0053e+01
1.0027e+01
1.0005e+01
9.9771e+00
9.9583e+00
9.9394e+00
9.9237e+00
9.9048e+00
9.8796e+00
9.8670e+00
9.8450e+00
9.8230e+00
9.8041e+00
9.7883e+00
9.7726e+00
9.7474e+00
9.7348e+00
9.7096e+00
9.7002e+00
9.6907e+00
9.6750e+00
9.6561e+00
9.6372e+00
9.6245e+00
9.6025e+00
9.5867e+00
9.5773e+00
9.5615e+00
9.5394e+00
9.5174e+00
9.4921e+00
9.4637e+00
9.4385e+00
9.4101e+00
9.3912e+00
9.3627e+00
9.3470e+00
9.3375e+00
9.3185e+00
9.3028e+00
9.2806e+00
9.2649e+00
9.2459e+00
9.2269e+00
9.2143e+00
9.1985e+00
9.1890e+00
9.1732e+00
9.1669e+00
9.1637e+00
9.1511e+00
9.1321e+00
9.1195e+00
9.1163e+00
9.1037e+00
9.0910e+00
9.0784e+00
9.0657e+00
9.0436e+00
9.0246e+00
9.0151e+00
8.9961e+00
8.9771e+00
8.9550e+00
8.9423e+00
8.9328e+00
8.9170e+00
8.9012e+00
8.8853e+00
8.8727e+00
8.8664e+00
8.8632e+00
8.8473e+00
8.8378e+00
8.8252e+00
8.8093e+00
8.7998e+00
8.7840e+00
8.7713e+00
8.7650e+00
8.7555e+00
8.7428e+00
8.7333e+00
8.7270e+00
8.7111e+00
8.7048e+00
8.6826e+00
8.6699e+00
8.6414e+00
8.6255e+00
8.6096e+00
8.5970e+00
8.5843e+00
8.5684e+00
8.5525e+00
8.5335e+00
8.5176e+00
8.5049e+00
8.4922e+00
8.4732e+00
8.4573e+00
8.4541e+00
8.4383e+00
8.4256e+00
8.4033e+00
8.3906e+00
8.3748e+00
8.3589e+00
8.3462e+00
8.3303e+00
8.3207e+00
8.2985e+00
8.2826e+00
8.2699e+00
8.2476e+00
8.2254e+00
8.2031e+00
8.1809e+00
8.1681e+00
8.1459e+00
8.1268e+00
8.1172e+00
8.1077e+00
8.0918e+00
8.0695e+00
8.0504e+00
8.0409e+00
8.0154e+00
7.9995e+00
7.9868e+00
7.9740e+00
7.9517e+00
7.9294e+00
7.9135e+00
7.9039e+00
7.8880e+00
7.8721e+00
7.8498e+00
7.8338e+00
7.8115e+00
7.7988e+00
7.7765e+00
7.7573e+00
7.7286e+00
7.7095e+00
7.6808e+00
7.6680e+00
7.6425e+00
7.6233e+00
7.6074e+00
7.5850e+00
7.5627e+00
7.5435e+00
7.5244e+00
7.5020e+00
7.4733e+00
7.4541e+00
7.4413e+00
7.4221e+00
7.3998e+00
7.3774e+00
7.3518e+00
7.3326e+00
7.3199e+00
7.2975e+00
7.2783e+00
7.2623e+00
7.2463e+00
7.2239e+00
7.1983e+00
7.1791e+00
7.1503e+00
7.1215e+00
7.0927e+00
7.0735e+00
7.0446e+00
7.0222e+00
7.0062e+00
6.9902e+00
6.9709e+00
6.9485e+00
6.9357e+00
6.9165e+00
6.8908e+00
6.8716e+00
6.8523e+00
6.8331e+00
6.8138e+00
6.7978e+00
6.7786e+00
6.7657e+00
6.7433e+00
6.7304e+00
6.7176e+00
6.7047e+00
6.6887e+00
6.6694e+00
6.6566e+00
6.6341e+00
6.6116e+00
6.5859e+00
6.5667e+00
6.5538e+00
6.5345e+00
6.5153e+00
6.4992e+00
6.4895e+00
6.4767e+00
6.4638e+00
6.4574e+00
6.4445e+00
6.4349e+00
6.4252e+00
6.4220e+00
6.3995e+00
6.3963e+00
6.3834e+00
6.3802e+00
6.3738e+00
6.3770e+00
6.3706e+00
6.3674e+00
6.3545e+00
6.3448e+00
6.3416e+00
6.3352e+00
6.3223e+00
6.3094e+00
6.2901e+00
6.2676e+00
6.2515e+00
6.2386e+00
6.2258e+00
6.2129e+00
6.2032e+00
6.1871e+00
6.1775e+00
6.1614e+00
6.1517e+00
6.1420e+00
6.1292e+00
6.1163e+00
6.1066e+00
6.0969e+00
6.0937e+00
6.0808e+00
6.0679e+00
6.0647e+00
6.0518e+00
6.0389e+00
6.0293e+00
6.0099e+00
5.9970e+00
5.9745e+00
5.9680e+00
5.9487e+00
5.9293e+00
5.9035e+00
5.8874e+00
5.8712e+00
5.8551e+00
5.8357e+00
5.8164e+00
5.8035e+00
5.7873e+00
5.7615e+00
5.7453e+00
5.7324e+00
5.7195e+00
5.6969e+00
5.6904e+00
5.6775e+00
5.6581e+00
5.6452e+00
5.6355e+00
5.6226e+00
5.6097e+00
5.6032e+00
5.5903e+00
5.5741e+00
5.5612e+00
5.5515e+00
5.5353e+00
5.5159e+00
5.5030e+00
5.4868e+00
5.4803e+00
5.4674e+00
5.4609e+00
5.4577e+00
5.4545e+00
5.4609e+00
5.4577e+00
5.4577e+00
5.4512e+00
5.4480e+00
5.4448e+00
5.4480e+00
5.4545e+00
5.4512e+00
5.4545e+00
5.4545e+00
5.4545e+00
5.4480e+00
5.4512e+00
5.4448e+00
5.4415e+00
5.4383e+00
5.4383e+00
5.4351e+00
5.4254e+00
5.4124e+00
5.3962e+00
5.3800e+00
5.3736e+00
5.3574e+00
5.3509e+00
5.3444e+00
5.3412e+00
5.3347e+00
5.3315e+00
5.3185e+00
5.3121e+00
5.3121e+00
5.3153e+00
5.2991e+00
5.2926e+00
5.2959e+00
5.2959e+00
5.2959e+00
5.3088e+00
5.3088e+00
5.3121e+00
5.3024e+00
5.3088e+00
5.3056e+00
5.3121e+00
5.3153e+00
5.3185e+00
5.3250e+00
5.3283e+00
5.3185e+00
5.3088e+00
5.3056e+00
5.3121e+00
5.3121e+00
5.3088e+00
5.3088e+00
5.3088e+00
5.2991e+00
5.2894e+00
5.2926e+00
5.2797e+00
5.2797e+00
5.2764e+00
5.2732e+00
5.2538e+00
5.2538e+00
5.2408e+00
5.2376e+00
5.2214e+00
5.2181e+00
5.2052e+00
5.1890e+00
5.1793e+00
5.1695e+00
5.1469e+00
5.1177e+00
5.0982e+00
5.0788e+00
5.0561e+00
5.0366e+00
5.0139e+00
5.0042e+00
4.9880e+00
4.9717e+00
4.9490e+00
4.9296e+00
4.9133e+00
4.8938e+00
4.8776e+00
4.8581e+00
4.8419e+00
4.8322e+00
4.8192e+00
4.8029e+00
4.7867e+00
4.7769e+00
4.7639e+00
4.7574e+00
4.7477e+00
4.7412e+00
4.7315e+00
4.7282e+00
4.7185e+00
4.7022e+00
4.6925e+00
4.6892e+00
4.6860e+00
4.6892e+00
4.6957e+00
4.6957e+00
4.6925e+00
4.6990e+00
4.6925e+00
4.6957e+00
4.6990e+00
4.6990e+00
4.6990e+00
4.7055e+00
4.7055e+00
4.6957e+00
4.7022e+00
4.6990e+00
4.6990e+00
4.7055e+00
4.7055e+00
4.6957e+00
4.6925e+00
4.6925e+00
4.6762e+00
4.6697e+00
4.6632e+00
4.6469e+00
4.6502e+00
4.6437e+00
4.6404e+00
4.6404e+00
4.6404e+00
4.6339e+00
4.6307e+00
4.6242e+00
4.6307e+00
4.6242e+00
4.6112e+00
4.6079e+00
4.5949e+00
4.5819e+00
4.5656e+00
4.5559e+00
4.5429e+00
4.5234e+00
4.5103e+00
4.4908e+00
4.4745e+00
4.4550e+00
4.4225e+00
4.3931e+00
4.3638e+00
4.3443e+00
4.3215e+00
4.3019e+00
4.2791e+00
4.2596e+00
4.2335e+00
4.2107e+00
4.1879e+00
4.1618e+00
4.1422e+00
4.1259e+00
4.1161e+00
4.0933e+00
4.0770e+00
4.0541e+00
4.0313e+00
4.0215e+00
4.0052e+00
3.9889e+00
3.9758e+00
3.9660e+00
3.9497e+00
3.9334e+00
3.9203e+00
3.8942e+00
3.8811e+00
3.8615e+00
3.8517e+00
3.8386e+00
3.8321e+00
3.8256e+00
3.8256e+00
3.8223e+00
3.8256e+00
3.8223e+00
3.8158e+00
3.8288e+00
3.8256e+00
3.8256e+00
3.8419e+00
3.8517e+00
3.8615e+00
3.8680e+00
3.8811e+00
3.8844e+00
3.8942e+00
3.9072e+00
3.9072e+00
3.9105e+00
3.9170e+00
3.9203e+00
3.9072e+00
3.9040e+00
3.8876e+00
3.8713e+00
3.8582e+00
3.8517e+00
3.8419e+00
3.8386e+00
3.8288e+00
3.8158e+00
3.8059e+00
3.7929e+00
3.7831e+00
3.7733e+00
3.7536e+00
3.7471e+00
3.7373e+00
3.7275e+00
3.7111e+00
3.6981e+00
3.6850e+00
3.6621e+00
3.6457e+00
3.6261e+00
3.6097e+00
3.5966e+00
3.5803e+00
3.5574e+00
3.5279e+00
3.4919e+00
3.4624e+00
3.4395e+00
3.4166e+00
3.3936e+00
3.3772e+00
3.3510e+00
3.3248e+00
3.3019e+00
3.2822e+00
3.2592e+00
3.2396e+00
3.2133e+00
3.1969e+00
3.1740e+00
3.1510e+00
3.1313e+00
3.1182e+00
3.0985e+00
3.0755e+00
3.0591e+00
3.0328e+00
3.0131e+00
3.0000e+00
2.9671e+00
2.9441e+00
2.9178e+00
2.8948e+00
2.8620e+00
2.8390e+00
2.8225e+00
2.7995e+00
2.7798e+00
2.7567e+00
2.7370e+00
2.7140e+00
2.6975e+00
2.6811e+00
2.6646e+00
2.6416e+00
2.6284e+00
2.6152e+00
2.6054e+00
2.5955e+00
2.5889e+00
2.5856e+00
2.5922e+00
2.5922e+00
2.6152e+00
2.6218e+00
2.6416e+00
2.6613e+00
2.7107e+00
2.7370e+00
2.7699e+00
2.8094e+00
2.8817e+00
2.9474e+00
3.0394e+00
3.1214e+00
3.2166e+00
3.3117e+00
3.4329e+00
3.5410e+00
3.6686e+00
3.7863e+00
3.9268e+00
4.0443e+00
4.1553e+00
4.2922e+00
4.4094e+00
4.5461e+00
4.6730e+00
4.8094e+00
4.9166e+00
5.0399e+00
5.1436e+00
5.2603e+00
5.3639e+00
5.4609e+00
5.5483e+00
5.6258e+00
5.6872e+00
5.7421e+00
5.8002e+00
5.8486e+00
5.8906e+00
5.9293e+00
5.9583e+00
5.9906e+00
6.0099e+00
6.0196e+00
6.0325e+00
6.0293e+00
6.0260e+00
6.0260e+00
6.0228e+00
6.0067e+00
6.0002e+00
5.9745e+00
5.9422e+00
5.9164e+00
5.8712e+00
5.8228e+00
5.7647e+00
5.7163e+00
5.6517e+00
5.5806e+00
5.4933e+00
5.4156e+00
5.3347e+00
5.2732e+00
5.2052e+00
5.1339e+00
5.0658e+00
4.9944e+00
4.9231e+00
4.8549e+00
4.7899e+00
4.7347e+00
4.6632e+00
4.6047e+00
4.5396e+00
4.4843e+00
4.4257e+00
4.3736e+00
4.3150e+00
4.2628e+00
4.2042e+00
4.1487e+00
4.1031e+00
4.0509e+00
3.9889e+00
3.9334e+00
3.8811e+00
3.8321e+00
3.7798e+00
3.7471e+00
3.7046e+00
3.6654e+00
3.6261e+00
3.5999e+00
3.5672e+00
3.5345e+00
3.5246e+00
3.5083e+00
3.5017e+00
3.4853e+00
3.4821e+00
3.4755e+00
3.4722e+00
3.4690e+00
3.4755e+00
3.4886e+00
3.4984e+00
3.5148e+00
3.5345e+00
3.5508e+00
3.5574e+00
3.5672e+00
3.5770e+00
3.5803e+00
3.6032e+00
3.6130e+00
3.6196e+00
3.6261e+00
3.6359e+00
3.6425e+00
3.6457e+00
3.6457e+00
3.6490e+00
3.6555e+00
3.6523e+00
3.6523e+00
3.6490e+00
3.6392e+00
3.6294e+00
3.6261e+00
3.6196e+00
3.6065e+00
3.5934e+00
3.5836e+00
3.5606e+00
3.5541e+00
3.5312e+00
3.5148e+00
3.4853e+00
3.4657e+00
3.4362e+00
3.4067e+00
3.3772e+00
3.3543e+00
3.3346e+00
3.3150e+00
3.2920e+00
3.2724e+00
3.2527e+00
3.2297e+00
3.2035e+00
3.1904e+00
3.1674e+00
3.1543e+00
3.1214e+00
3.1050e+00
3.0886e+00
3.0722e+00
3.0525e+00
3.0328e+00
3.0197e+00
3.0131e+00
3.0131e+00
3.0065e+00
2.9934e+00
2.9868e+00
2.9835e+00
2.9737e+00
2.9704e+00
2.9704e+00
2.9868e+00
3.0033e+00
3.0230e+00
3.0328e+00
3.0525e+00
3.0624e+00
3.0788e+00
3.0821e+00
3.0919e+00
3.0952e+00
3.1018e+00
3.1050e+00
3.0985e+00
3.0952e+00
3.0886e+00
3.0853e+00
3.0788e+00
3.0755e+00
3.0722e+00
3.0656e+00
3.0525e+00
3.0394e+00
3.0328e+00
3.0197e+00
3.0065e+00
2.9901e+00
2.9803e+00
2.9737e+00
2.9671e+00
2.9540e+00
2.9441e+00
2.9343e+00
2.9244e+00
2.9178e+00
2.9178e+00
2.9080e+00
2.9047e+00
2.9014e+00
2.8981e+00
2.8784e+00
2.8751e+00
2.8685e+00
2.8587e+00
2.8587e+00
2.8554e+00
2.8455e+00
2.8390e+00
2.8324e+00
2.8061e+00
2.7962e+00
2.7995e+00
2.7929e+00
2.7863e+00
2.7765e+00
2.7765e+00
2.7699e+00
2.7633e+00
2.7534e+00
2.7502e+00
2.7436e+00
2.7370e+00
2.7304e+00
2.7271e+00
2.7205e+00
2.7074e+00
2.7074e+00
2.6975e+00
2.6876e+00
2.6811e+00
2.6712e+00
2.6613e+00
2.6514e+00
2.6416e+00
2.6251e+00
2.6054e+00
2.5757e+00
2.5494e+00
2.5197e+00
2.4934e+00
2.4736e+00
2.4439e+00
2.4275e+00
2.3978e+00
2.3747e+00
2.3516e+00
2.3220e+00
2.2956e+00
2.2659e+00
2.2329e+00
2.2032e+00
2.1735e+00
2.1503e+00
2.1305e+00
2.1140e+00
2.0810e+00
2.0579e+00
2.0314e+00
2.0182e+00
1.9951e+00
1.9753e+00
1.9554e+00
1.9389e+00
1.9158e+00
1.8827e+00
1.8562e+00
1.8232e+00
1.7901e+00
1.7702e+00
1.7470e+00
1.7338e+00
1.7073e+00
1.6874e+00
1.6543e+00
1.6345e+00
1.6146e+00
1.5980e+00
1.5815e+00
1.5583e+00
1.5351e+00
1.5085e+00
1.4853e+00
1.4655e+00
1.4456e+00
1.4223e+00
1.3991e+00
1.3825e+00
1.3593e+00
1.3394e+00
1.3129e+00
1.2896e+00
1.2564e+00
1.2299e+00
1.2066e+00
1.1801e+00
1.1535e+00
1.1302e+00
1.1070e+00
1.0837e+00
1.0571e+00
1.0405e+00
1.0139e+00
9.9395e-01
9.7399e-01
9.5736e-01
9.3408e-01
9.1745e-01
8.8750e-01
8.6754e-01
8.4757e-01
8.2760e-01
8.1095e-01
7.8765e-01
7.7100e-01
7.5768e-01
7.3770e-01
7.2105e-01
7.0106e-01
6.8107e-01
6.4775e-01
6.2109e-01
6.0109e-01
5.8443e-01
5.6442e-01
5.5109e-01
5.3441e-01
5.1774e-01
5.0440e-01
4.8439e-01
4.6771e-01
4.5436e-01
4.4436e-01
4.3435e-01
4.1099e-01
3.9764e-01
3.8429e-01
3.7761e-01
3.6760e-01
3.5758e-01
3.4423e-01
3.4423e-01
3.3755e-01
3.2754e-01
3.3087e-01
3.2420e-01
3.1418e-01
3.0416e-01
3.0082e-01
2.9080e-01
2.8747e-01
2.9414e-01
2.9748e-01
3.0750e-01
3.0750e-01
3.0750e-01
3.1084e-01
3.1418e-01
3.3087e-01
3.3421e-01
3.4089e-01
3.3421e-01
3.4757e-01
3.5091e-01
3.5091e-01
3.4423e-01
3.5091e-01
3.5424e-01
3.5424e-01
3.6092e-01
3.7094e-01
3.8095e-01
3.9430e-01
4.0765e-01
4.2100e-01
4.3768e-01
4.7104e-01
4.9773e-01
5.5109e-01
5.9443e-01
6.5442e-01
7.0439e-01
7.7100e-01
8.2427e-01
8.8085e-01
9.4739e-01
1.0106e+00
1.0704e+00
1.1335e+00
1.1967e+00
1.2598e+00
1.3129e+00
1.3593e+00
1.3892e+00
1.4290e+00
1.4655e+00
1.4853e+00
1.5085e+00
1.5185e+00
1.5351e+00
1.5384e+00
1.5483e+00
1.5483e+00
1.5715e+00
1.5848e+00
1.6013e+00
1.6046e+00
1.6146e+00
1.6245e+00
1.6278e+00
1.6278e+00
1.6345e+00
1.6411e+00
1.6411e+00
1.6278e+00
1.6278e+00
1.6212e+00
1.6179e+00
1.6046e+00
1.5980e+00
1.5815e+00
1.5616e+00
1.5417e+00
1.5185e+00
1.4853e+00
1.4522e+00
1.4223e+00
1.3991e+00
1.3660e+00
1.3394e+00
1.3095e+00
1.2996e+00
1.2697e+00
1.2498e+00
1.2265e+00
1.2199e+00
1.1933e+00
1.1900e+00
1.1734e+00
1.1767e+00
1.1668e+00
1.1535e+00
1.1502e+00
1.1435e+00
1.1236e+00
1.1136e+00
1.0937e+00
1.0904e+00
1.0771e+00
1.0604e+00
1.0338e+00
1.0172e+00
9.9062e-01
9.7732e-01
9.6734e-01
9.5071e-01
9.4074e-01
9.3408e-01
9.2743e-01
9.1745e-01
9.0081e-01
8.8750e-01
8.6754e-01
8.6088e-01
8.5090e-01
8.4091e-01
8.3093e-01
8.2094e-01
8.0763e-01
7.9098e-01
7.8432e-01
7.7100e-01
7.6434e-01
7.5102e-01
7.4103e-01
7.2105e-01
6.9773e-01
6.7108e-01
6.5108e-01
6.3109e-01
6.0776e-01
5.8109e-01
5.5776e-01
5.4108e-01
5.2108e-01
4.9439e-01
4.8105e-01
4.5103e-01
4.2433e-01
4.0097e-01
3.9096e-01
3.7094e-01
3.4089e-01
3.1752e-01
2.8747e-01
2.7077e-01
2.4404e-01
2.1732e-01
1.9393e-01
1.7388e-01
1.4380e-01
1.1705e-01
8.6961e-02
5.3520e-02
3.3452e-02
0000
