1.6600e-01
1.5745e-01
1.4548e-01
1.3009e-01
1.2153e-01
1.1640e-01
1.0956e-01
1.0271e-01
9.2444e-02
8.0464e-02
7.1907e-02
5.4790e-02
4.6231e-02
4.2807e-02
4.6231e-02
4.7943e-02
3.5959e-02
3.9383e-02
3.7671e-02
4.1095e-02
4.2807e-02
4.7943e-02
5.3079e-02
5.8214e-02
6.5061e-02
7.7042e-02
8.0464e-02
7.7042e-02
8.0464e-02
8.7310e-02
9.0733e-02
9.4155e-02
9.0733e-02
8.7310e-02
7.1907e-02
5.6502e-02
3.5959e-02
2.5686e-02
1.7125e-02
8.5630e-03
8.5630e-03
3.4250e-03
3.4250e-03
0000
1.1988e-02
1.1988e-02
3.4247e-02
5.1367e-02
7.8753e-02
8.9021e-02
1.2837e-01
1.5232e-01
1.9165e-01
2.2072e-01
2.6857e-01
3.0274e-01
3.5909e-01
4.0518e-01
4.4955e-01
4.8196e-01
5.3311e-01
5.7913e-01
6.2514e-01
6.6601e-01
7.1368e-01
7.6644e-01
8.1407e-01
8.5828e-01
8.9737e-01
9.3645e-01
9.7552e-01
1.0180e+00
1.0519e+00
1.0876e+00
1.1266e+00
1.1588e+00
1.1893e+00
1.2130e+00
1.2368e+00
1.2707e+00
1.2859e+00
1.3147e+00
1.3266e+00
1.3418e+00
1.3452e+00
1.3435e+00
1.3401e+00
1.3469e+00
1.3486e+00
1.3553e+00
1.3604e+00
1.3773e+00
1.3892e+00
1.4196e+00
1.4416e+00
1.5093e+00
1.5397e+00
1.6276e+00
1.6867e+00
1.8098e+00
1.8941e+00
2.0524e+00
2.1600e+00
2.3482e+00
2.4740e+00
2.6817e+00
2.8389e+00
3.0593e+00
3.2177e+00
3.4556e+00
3.6234e+00
3.8589e+00
4.0360e+00
4.2607e+00
4.4306e+00
4.6628e+00
4.8436e+00
5.0520e+00
5.2306e+00
5.4073e+00
5.5673e+00
5.7043e+00
5.8656e+00
5.9974e+00
6.1469e+00
6.2605e+00
6.4032e+00
6.5019e+00
6.6265e+00
6.7267e+00
6.8462e+00
6.9317e+00
7.0268e+00
7.1025e+00
7.2007e+00
7.2731e+00
7.3342e+00
7.3679e+00
7.4193e+00
7.4514e+00
7.4867e+00
7.5028e+00
7.5220e+00
7.5269e+00
7.5381e+00
7.5269e+00
7.5140e+00
7.4964e+00
7.4771e+00
7.4434e+00
7.3968e+00
7.3390e+00
7.2731e+00
7.2007e+00
7.1347e+00
7.0574e+00
6.9817e+00
6.8914e+00
6.8043e+00
6.7235e+00
6.6346e+00
6.5473e+00
6.4437e+00
6.3578e+00
6.2605e+00
6.1842e+00
6.0982e+00
6.0185e+00
5.9421e+00
5.8640e+00
5.7874e+00
5.7011e+00
5.6293e+00
5.5526e+00
5.4824e+00
5.4105e+00
5.3582e+00
5.3108e+00
5.2781e+00
5.2535e+00
5.2437e+00
5.2584e+00
5.2748e+00
5.3402e+00
5.4007e+00
5.5134e+00
5.6032e+00
5.7418e+00
5.8591e+00
6.0380e+00
6.1794e+00
6.3756e+00
6.5392e+00
6.7590e+00
6.9511e+00
7.1766e+00
7.3663e+00
7.5862e+00
7.8169e+00
8.0215e+00
8.2417e+00
8.4376e+00
8.6808e+00
8.8696e+00
9.0708e+00
9.2368e+00
9.4389e+00
9.5760e+00
9.7555e+00
9.8671e+00
1.0035e+01
1.0129e+01
1.0251e+01
1.0309e+01
1.0389e+01
1.0416e+01
1.0484e+01
1.0502e+01
1.0530e+01
1.0531e+01
1.0556e+01
1.0559e+01
1.0569e+01
1.0564e+01
1.0564e+01
1.0580e+01
1.0594e+01
1.0641e+01
1.0691e+01
1.0772e+01
1.0840e+01
1.0963e+01
1.1058e+01
1.1206e+01
1.1344e+01
1.1547e+01
1.1732e+01
1.1964e+01
1.2212e+01
1.2481e+01
1.2746e+01
1.3026e+01
1.3309e+01
1.3583e+01
1.3866e+01
1.4159e+01
1.4439e+01
1.4722e+01
1.4997e+01
1.5254e+01
1.5522e+01
1.5768e+01
1.6027e+01
1.6278e+01
1.6550e+01
1.6832e+01
1.7134e+01
1.7441e+01
1.7786e+01
1.8127e+01
1.8490e+01
1.8823e+01
1.9206e+01
1.9574e+01
1.9955e+01
2.0297e+01
2.0672e+01
2.1012e+01
2.1387e+01
2.1738e+01
2.2127e+01
2.2453e+01
2.2814e+01
2.3108e+01
2.3415e+01
2.3686e+01
2.3969e+01
2.4213e+01
2.4479e+01
2.4707e+01
2.4944e+01
2.5158e+01
2.5352e+01
2.5481e+01
2.5608e+01
2.5696e+01
2.5807e+01
2.5883e+01
2.5964e+01
2.5999e+01
2.6093e+01
2.6128e+01
2.6225e+01
2.6256e+01
2.6267e+01
2.6243e+01
2.6210e+01
2.6140e+01
2.6077e+01
2.6009e+01
2.5939e+01
2.5874e+01
2.5819e+01
2.5798e+01
2.5760e+01
2.5711e+01
2.5651e+01
2.5595e+01
2.5527e+01
2.5465e+01
2.5393e+01
2.5338e+01
2.5281e+01
2.5227e+01
2.5149e+01
2.5070e+01
2.4996e+01
2.4934e+01
2.4859e+01
2.4817e+01
2.4772e+01
2.4754e+01
2.4735e+01
2.4743e+01
2.4761e+01
2.4791e+01
2.4819e+01
2.4878e+01
2.4941e+01
2.5014e+01
2.5083e+01
2.5156e+01
2.5239e+01
2.5307e+01
2.5379e+01
2.5450e+01
2.5549e+01
2.5643e+01
2.5728e+01
2.5803e+01
2.5890e+01
2.5963e+01
2.6045e+01
2.6179e+01
2.6325e+01
2.6463e+01
2.6609e+01
2.6740e+01
2.6893e+01
2.7055e+01
2.7256e+01
2.7454e+01
2.7673e+01
2.7898e+01
2.8166e+01
2.8457e+01
2.8753e+01
2.9070e+01
2.9426e+01
2.9807e+01
3.0217e+01
3.0602e+01
3.1000e+01
3.1378e+01
3.1808e+01
3.2224e+01
3.2660e+01
3.3070e+01
3.3516e+01
3.3927e+01
3.4358e+01
3.4720e+01
3.5131e+01
3.5468e+01
3.5799e+01
3.6085e+01
3.6410e+01
3.6641e+01
3.6851e+01
3.7014e+01
3.7243e+01
3.7387e+01
3.7540e+01
3.7610e+01
3.7646e+01
3.7675e+01
3.7700e+01
3.7684e+01
3.7643e+01
3.7578e+01
3.7506e+01
3.7392e+01
3.7335e+01
3.7271e+01
3.7149e+01
3.7012e+01
3.6864e+01
3.6699e+01
3.6530e+01
3.6369e+01
3.6177e+01
3.5966e+01
3.5740e+01
3.5512e+01
3.5280e+01
3.5052e+01
3.4840e+01
3.4635e+01
3.4416e+01
3.4207e+01
3.3992e+01
3.3789e+01
3.3597e+01
3.3411e+01
3.3218e+01
3.3049e+01
3.2876e+01
3.2713e+01
3.2542e+01
3.2394e+01
3.2244e+01
3.2108e+01
3.1974e+01
3.1836e+01
3.1715e+01
3.1600e+01
3.1485e+01
3.1368e+01
3.1247e+01
3.1137e+01
3.1031e+01
3.0925e+01
3.0817e+01
3.0706e+01
3.0589e+01
3.0477e+01
3.0370e+01
3.0276e+01
3.0164e+01
3.0068e+01
2.9967e+01
2.9866e+01
2.9754e+01
2.9657e+01
2.9549e+01
2.9449e+01
2.9342e+01
2.9246e+01
2.9141e+01
2.9050e+01
2.8941e+01
2.8853e+01
2.8737e+01
2.8646e+01
2.8541e+01
2.8440e+01
2.8328e+01
2.8234e+01
2.8121e+01
2.8016e+01
2.7908e+01
2.7809e+01
2.7687e+01
2.7592e+01
2.7486e+01
2.7392e+01
2.7291e+01
2.7196e+01
2.7082e+01
2.6999e+01
2.6897e+01
2.6820e+01
2.6729e+01
2.6647e+01
2.6553e+01
2.6476e+01
2.6387e+01
2.6318e+01
2.6233e+01
2.6162e+01
2.6095e+01
2.6029e+01
2.5940e+01
2.5880e+01
2.5806e+01
2.5734e+01
2.5661e+01
2.5602e+01
2.5530e+01
2.5476e+01
2.5417e+01
2.5349e+01
2.5281e+01
2.5220e+01
2.5162e+01
2.5107e+01
2.5042e+01
2.4986e+01
2.4930e+01
2.4874e+01
2.4819e+01
2.4761e+01
2.4689e+01
2.4636e+01
2.4578e+01
2.4521e+01
2.4453e+01
2.4405e+01
2.4341e+01
2.4282e+01
2.4222e+01
2.4167e+01
2.4105e+01
2.4058e+01
2.3998e+01
2.3943e+01
2.3882e+01
2.3835e+01
2.3778e+01
2.3728e+01
2.3672e+01
2.3625e+01
2.3566e+01
2.3519e+01
2.3471e+01
2.3424e+01
2.3368e+01
2.3320e+01
2.3265e+01
2.3221e+01
2.3168e+01
2.3115e+01
2.3051e+01
2.3004e+01
2.2944e+01
2.2891e+01
2.2835e+01
2.2789e+01
2.2734e+01
2.2686e+01
2.2629e+01
2.2584e+01
2.2536e+01
2.2493e+01
2.2439e+01
2.2399e+01
2.2350e+01
2.2331e+01
2.2294e+01
2.2293e+01
2.2275e+01
2.2298e+01
2.2304e+01
2.2368e+01
2.2405e+01
2.2513e+01
2.2580e+01
2.2725e+01
2.2831e+01
2.3021e+01
2.3163e+01
2.3388e+01
2.3565e+01
2.3814e+01
2.4018e+01
2.4283e+01
2.4497e+01
2.4773e+01
2.5012e+01
2.5288e+01
2.5541e+01
2.5798e+01
2.6036e+01
2.6275e+01
2.6502e+01
2.6710e+01
2.6921e+01
2.7109e+01
2.7304e+01
2.7456e+01
2.7623e+01
2.7737e+01
2.7876e+01
2.7971e+01
2.8080e+01
2.8145e+01
2.8239e+01
2.8278e+01
2.8350e+01
2.8374e+01
2.8413e+01
2.8416e+01
2.8439e+01
2.8431e+01
2.8427e+01
2.8383e+01
2.8368e+01
2.8309e+01
2.8276e+01
2.8217e+01
2.8156e+01
2.8064e+01
2.7991e+01
2.7890e+01
2.7795e+01
2.7676e+01
2.7568e+01
2.7436e+01
2.7321e+01
2.7192e+01
2.7078e+01
2.6961e+01
2.6830e+01
2.6706e+01
2.6585e+01
2.6459e+01
2.6341e+01
2.6228e+01
2.6112e+01
2.5997e+01
2.5879e+01
2.5770e+01
2.5652e+01
2.5552e+01
2.5455e+01
2.5355e+01
2.5258e+01
2.5162e+01
2.5059e+01
2.4960e+01
2.4870e+01
2.4778e+01
2.4683e+01
2.4603e+01
2.4523e+01
2.4452e+01
2.4379e+01
2.4301e+01
2.4222e+01
2.4144e+01
2.4076e+01
2.4023e+01
2.3958e+01
2.3894e+01
2.3818e+01
2.3764e+01
2.3701e+01
2.3637e+01
2.3571e+01
2.3512e+01
2.3445e+01
2.3385e+01
2.3311e+01
2.3240e+01
2.3177e+01
2.3111e+01
2.3039e+01
2.2980e+01
2.2906e+01
2.2852e+01
2.2791e+01
2.2728e+01
2.2669e+01
2.2620e+01
2.2546e+01
2.2497e+01
2.2443e+01
2.2395e+01
2.2345e+01
2.2296e+01
2.2241e+01
2.2210e+01
2.2165e+01
2.2122e+01
2.2081e+01
2.2043e+01
2.1999e+01
2.1953e+01
2.1897e+01
2.1869e+01
2.1833e+01
2.1807e+01
2.1774e+01
2.1750e+01
2.1726e+01
2.1705e+01
2.1673e+01
2.1657e+01
2.1637e+01
2.1613e+01
2.1585e+01
2.1573e+01
2.1546e+01
2.1529e+01
2.1501e+01
2.1486e+01
2.1464e+01
2.1437e+01
2.1416e+01
2.1386e+01
2.1361e+01
2.1331e+01
2.1288e+01
2.1246e+01
2.1212e+01
2.1177e+01
2.1147e+01
2.1120e+01
2.1083e+01
2.1041e+01
2.1006e+01
2.0972e+01
2.0937e+01
2.0910e+01
2.0874e+01
2.0845e+01
2.0813e+01
2.0788e+01
2.0764e+01
2.0731e+01
2.0705e+01
2.0684e+01
2.0660e+01
2.0653e+01
2.0627e+01
2.0607e+01
2.0584e+01
2.0574e+01
2.0556e+01
2.0557e+01
2.0553e+01
2.0556e+01
2.0561e+01
2.0577e+01
2.0584e+01
2.0603e+01
2.0620e+01
2.0637e+01
2.0655e+01
2.0692e+01
2.0712e+01
2.0741e+01
2.0761e+01
2.0789e+01
2.0808e+01
2.0828e+01
2.0842e+01
2.0862e+01
2.0877e+01
2.0880e+01
2.0867e+01
2.0872e+01
2.0864e+01
2.0852e+01
2.0850e+01
2.0849e+01
2.0837e+01
2.0823e+01
2.0810e+01
2.0793e+01
2.0772e+01
2.0759e+01
2.0744e+01
2.0725e+01
2.0705e+01
2.0677e+01
2.0644e+01
2.0613e+01
2.0584e+01
2.0543e+01
2.0509e+01
2.0472e+01
2.0433e+01
2.0392e+01
2.0343e+01
2.0287e+01
2.0236e+01
2.0189e+01
2.0136e+01
2.0089e+01
2.0041e+01
1.9991e+01
1.9941e+01
1.9890e+01
1.9842e+01
1.9796e+01
1.9756e+01
1.9712e+01
1.9671e+01
1.9633e+01
1.9584e+01
1.9548e+01
1.9507e+01
1.9467e+01
1.9433e+01
1.9395e+01
1.9356e+01
1.9323e+01
1.9283e+01
1.9244e+01
1.9208e+01
1.9172e+01
1.9140e+01
1.9110e+01
1.9078e+01
1.9069e+01
1.9050e+01
1.9026e+01
1.9016e+01
1.8994e+01
1.8971e+01
1.8955e+01
1.8935e+01
1.8916e+01
1.8910e+01
1.8890e+01
1.8877e+01
1.8854e+01
1.8835e+01
1.8820e+01
1.8809e+01
1.8784e+01
1.8758e+01
1.8730e+01
1.8704e+01
1.8671e+01
1.8656e+01
1.8640e+01
1.8623e+01
1.8607e+01
1.8600e+01
1.8600e+01
1.8604e+01
1.8619e+01
1.8638e+01
1.8668e+01
1.8703e+01
1.8764e+01
1.8809e+01
1.8875e+01
1.8945e+01
1.9047e+01
1.9128e+01
1.9252e+01
1.9355e+01
1.9483e+01
1.9589e+01
1.9723e+01
1.9838e+01
1.9994e+01
2.0122e+01
2.0273e+01
2.0407e+01
2.0577e+01
2.0705e+01
2.0863e+01
2.0994e+01
2.1138e+01
2.1267e+01
2.1404e+01
2.1510e+01
2.1609e+01
2.1714e+01
2.1815e+01
2.1905e+01
2.1981e+01
2.2044e+01
2.2102e+01
2.2154e+01
2.2190e+01
2.2231e+01
2.2252e+01
2.2269e+01
2.2272e+01
2.2273e+01
2.2262e+01
2.2242e+01
2.2220e+01
2.2195e+01
2.2151e+01
2.2120e+01
2.2067e+01
2.2013e+01
2.1954e+01
2.1890e+01
2.1821e+01
2.1756e+01
2.1671e+01
2.1584e+01
2.1496e+01
2.1399e+01
2.1307e+01
2.1226e+01
2.1131e+01
2.1038e+01
2.0937e+01
2.0843e+01
2.0749e+01
2.0654e+01
2.0556e+01
2.0479e+01
2.0396e+01
2.0313e+01
2.0226e+01
2.0154e+01
2.0076e+01
1.9991e+01
1.9920e+01
1.9851e+01
1.9773e+01
1.9706e+01
1.9638e+01
1.9576e+01
1.9515e+01
1.9454e+01
1.9391e+01
1.9335e+01
1.9267e+01
1.9208e+01
1.9157e+01
1.9096e+01
1.9029e+01
1.8971e+01
1.8914e+01
1.8861e+01
1.8809e+01
1.8758e+01
1.8709e+01
1.8651e+01
1.8601e+01
1.8569e+01
1.8524e+01
1.8476e+01
1.8430e+01
1.8394e+01
1.8359e+01
1.8312e+01
1.8277e+01
1.8238e+01
1.8213e+01
1.8175e+01
1.8136e+01
1.8094e+01
1.8059e+01
1.8025e+01
1.7997e+01
1.7970e+01
1.7933e+01
1.7898e+01
1.7885e+01
1.7873e+01
1.7867e+01
1.7875e+01
1.7879e+01
1.7898e+01
1.7926e+01
1.7962e+01
1.8012e+01
1.8070e+01
1.8132e+01
1.8204e+01
1.8298e+01
1.8388e+01
1.8492e+01
1.8591e+01
1.8716e+01
1.8835e+01
1.8968e+01
1.9083e+01
1.9221e+01
1.9332e+01
1.9458e+01
1.9574e+01
1.9704e+01
1.9819e+01
1.9935e+01
2.0031e+01
2.0137e+01
2.0232e+01
2.0319e+01
2.0403e+01
2.0477e+01
2.0551e+01
2.0616e+01
2.0678e+01
2.0734e+01
2.0791e+01
2.0832e+01
2.0867e+01
2.0901e+01
2.0903e+01
2.0931e+01
2.0921e+01
2.0930e+01
2.0900e+01
2.0883e+01
2.0843e+01
2.0809e+01
2.0761e+01
2.0714e+01
2.0677e+01
2.0630e+01
2.0553e+01
2.0494e+01
2.0423e+01
2.0339e+01
2.0272e+01
2.0183e+01
2.0109e+01
2.0024e+01
1.9944e+01
1.9862e+01
1.9788e+01
1.9700e+01
1.9617e+01
1.9532e+01
1.9456e+01
1.9366e+01
1.9278e+01
1.9193e+01
1.9108e+01
1.9013e+01
1.8940e+01
1.8856e+01
1.8788e+01
1.8712e+01
1.8642e+01
1.8568e+01
1.8508e+01
1.8440e+01
1.8380e+01
1.8324e+01
1.8264e+01
1.8201e+01
1.8153e+01
1.8104e+01
1.8051e+01
1.7994e+01
1.7949e+01
1.7905e+01
1.7862e+01
1.7810e+01
1.7768e+01
1.7717e+01
1.7680e+01
1.7632e+01
1.7586e+01
1.7545e+01
1.7500e+01
1.7459e+01
1.7425e+01
1.7389e+01
1.7346e+01
1.7306e+01
1.7277e+01
1.7233e+01
1.7199e+01
1.7168e+01
1.7143e+01
1.7114e+01
1.7078e+01
1.7053e+01
1.7025e+01
1.6987e+01
1.6955e+01
1.6933e+01
1.6908e+01
1.6871e+01
1.6835e+01
1.6800e+01
1.6762e+01
1.6726e+01
1.6695e+01
1.6654e+01
1.6624e+01
1.6596e+01
1.6571e+01
1.6538e+01
1.6507e+01
1.6485e+01
1.6457e+01
1.6430e+01
1.6398e+01
1.6370e+01
1.6349e+01
1.6315e+01
1.6291e+01
1.6272e+01
1.6245e+01
1.6223e+01
1.6192e+01
1.6168e+01
1.6152e+01
1.6128e+01
1.6106e+01
1.6080e+01
1.6048e+01
1.6018e+01
1.5988e+01
1.5963e+01
1.5939e+01
1.5912e+01
1.5890e+01
1.5877e+01
1.5854e+01
1.5829e+01
1.5807e+01
1.5784e+01
1.5769e+01
1.5753e+01
1.5732e+01
1.5717e+01
1.5701e+01
1.5686e+01
1.5656e+01
1.5635e+01
1.5622e+01
1.5601e+01
1.5582e+01
1.5568e+01
1.5550e+01
1.5523e+01
1.5507e+01
1.5486e+01
1.5470e+01
1.5458e+01
1.5431e+01
1.5411e+01
1.5402e+01
1.5387e+01
1.5368e+01
1.5356e+01
1.5346e+01
1.5340e+01
1.5325e+01
1.5305e+01
1.5289e+01
1.5275e+01
1.5266e+01
1.5245e+01
1.5227e+01
1.5217e+01
1.5202e+01
1.5190e+01
1.5167e+01
1.5154e+01
1.5136e+01
1.5118e+01
1.5093e+01
1.5061e+01
1.5031e+01
1.5001e+01
1.4979e+01
1.4949e+01
1.4916e+01
1.4890e+01
1.4875e+01
1.4857e+01
1.4828e+01
1.4809e+01
1.4783e+01
1.4765e+01
1.4738e+01
1.4710e+01
1.4687e+01
1.4669e+01
1.4648e+01
1.4628e+01
1.4601e+01
1.4580e+01
1.4564e+01
1.4544e+01
1.4529e+01
1.4515e+01
1.4493e+01
1.4472e+01
1.4442e+01
1.4411e+01
1.4392e+01
1.4365e+01
1.4341e+01
1.4319e+01
1.4306e+01
1.4279e+01
1.4258e+01
1.4233e+01
1.4215e+01
1.4203e+01
1.4176e+01
1.4153e+01
1.4132e+01
1.4115e+01
1.4099e+01
1.4088e+01
1.4070e+01
1.4040e+01
1.4016e+01
1.4005e+01
1.3988e+01
1.3967e+01
1.3952e+01
1.3925e+01
1.3904e+01
1.3884e+01
1.3850e+01
1.3823e+01
1.3800e+01
1.3767e+01
1.3735e+01
1.3717e+01
1.3687e+01
1.3659e+01
1.3630e+01
1.3608e+01
1.3583e+01
1.3558e+01
1.3535e+01
1.3512e+01
1.3491e+01
1.3468e+01
1.3437e+01
1.3407e+01
1.3390e+01
1.3369e+01
1.3343e+01
1.3325e+01
1.3305e+01
1.3287e+01
1.3258e+01
1.3241e+01
1.3217e+01
1.3189e+01
1.3157e+01
1.3125e+01
1.3099e+01
1.3073e+01
1.3053e+01
1.3030e+01
1.3017e+01
1.3003e+01
1.2978e+01
1.2959e+01
1.2934e+01
1.2919e+01
1.2897e+01
1.2879e+01
1.2861e+01
1.2836e+01
1.2816e+01
1.2807e+01
1.2792e+01
1.2773e+01
1.2755e+01
1.2737e+01
1.2724e+01
1.2708e+01
1.2691e+01
1.2675e+01
1.2649e+01
1.2639e+01
1.2620e+01
1.2597e+01
1.2570e+01
1.2550e+01
1.2536e+01
1.2522e+01
1.2516e+01
1.2504e+01
1.2482e+01
1.2475e+01
1.2467e+01
1.2453e+01
1.2442e+01
1.2432e+01
1.2422e+01
1.2412e+01
1.2396e+01
1.2390e+01
1.2386e+01
1.2366e+01
1.2352e+01
1.2338e+01
1.2327e+01
1.2319e+01
1.2310e+01
1.2296e+01
1.2279e+01
1.2261e+01
1.2239e+01
1.2229e+01
1.2215e+01
1.2209e+01
1.2213e+01
1.2224e+01
1.2236e+01
1.2255e+01
1.2281e+01
1.2315e+01
1.2370e+01
1.2429e+01
1.2498e+01
1.2579e+01
1.2683e+01
1.2793e+01
1.2913e+01
1.3053e+01
1.3195e+01
1.3351e+01
1.3520e+01
1.3705e+01
1.3888e+01
1.4078e+01
1.4274e+01
1.4466e+01
1.4677e+01
1.4872e+01
1.5088e+01
1.5289e+01
1.5520e+01
1.5714e+01
1.5947e+01
1.6141e+01
1.6347e+01
1.6532e+01
1.6714e+01
1.6903e+01
1.7064e+01
1.7236e+01
1.7393e+01
1.7537e+01
1.7690e+01
1.7824e+01
1.7964e+01
1.8075e+01
1.8183e+01
1.8280e+01
1.8386e+01
1.8455e+01
1.8548e+01
1.8617e+01
1.8701e+01
1.8752e+01
1.8819e+01
1.8868e+01
1.8933e+01
1.8971e+01
1.9010e+01
1.9044e+01
1.9075e+01
1.9098e+01
1.9133e+01
1.9169e+01
1.9198e+01
1.9241e+01
1.9278e+01
1.9320e+01
1.9356e+01
1.9391e+01
1.9402e+01
1.9415e+01
1.9415e+01
1.9415e+01
1.9420e+01
1.9418e+01
1.9418e+01
1.9424e+01
1.9417e+01
1.9399e+01
1.9385e+01
1.9376e+01
1.9356e+01
1.9339e+01
1.9310e+01
1.9288e+01
1.9267e+01
1.9225e+01
1.9202e+01
1.9172e+01
1.9140e+01
1.9095e+01
1.9053e+01
1.9003e+01
1.8950e+01
1.8884e+01
1.8827e+01
1.8755e+01
1.8693e+01
1.8623e+01
1.8548e+01
1.8469e+01
1.8395e+01
1.8312e+01
1.8231e+01
1.8143e+01
1.8051e+01
1.7967e+01
1.7889e+01
1.7797e+01
1.7709e+01
1.7622e+01
1.7537e+01
1.7446e+01
1.7359e+01
1.7273e+01
1.7184e+01
1.7105e+01
1.7017e+01
1.6922e+01
1.6841e+01
1.6757e+01
1.6673e+01
1.6598e+01
1.6531e+01
1.6470e+01
1.6405e+01
1.6334e+01
1.6275e+01
1.6210e+01
1.6150e+01
1.6095e+01
1.6039e+01
1.5984e+01
1.5932e+01
1.5889e+01
1.5826e+01
1.5769e+01
1.5726e+01
1.5679e+01
1.5632e+01
1.5583e+01
1.5535e+01
1.5477e+01
1.5419e+01
1.5380e+01
1.5334e+01
1.5283e+01
1.5233e+01
1.5194e+01
1.5147e+01
1.5108e+01
1.5067e+01
1.5024e+01
1.4979e+01
1.4941e+01
1.4904e+01
1.4874e+01
1.4834e+01
1.4792e+01
1.4746e+01
1.4717e+01
1.4686e+01
1.4651e+01
1.4616e+01
1.4585e+01
1.4549e+01
1.4514e+01
1.4464e+01
1.4418e+01
1.4378e+01
1.4347e+01
1.4309e+01
1.4282e+01
1.4251e+01
1.4220e+01
1.4191e+01
1.4158e+01
1.4122e+01
1.4100e+01
1.4070e+01
1.4044e+01
1.4020e+01
1.3996e+01
1.3969e+01
1.3943e+01
1.3920e+01
1.3888e+01
1.3863e+01
1.3844e+01
1.3819e+01
1.3787e+01
1.3763e+01
1.3738e+01
1.3705e+01
1.3679e+01
1.3644e+01
1.3608e+01
1.3576e+01
1.3548e+01
1.3526e+01
1.3498e+01
1.3466e+01
1.3445e+01
1.3418e+01
1.3402e+01
1.3386e+01
1.3375e+01
1.3348e+01
1.3348e+01
1.3325e+01
1.3329e+01
1.3320e+01
1.3341e+01
1.3337e+01
1.3369e+01
1.3372e+01
1.3419e+01
1.3436e+01
1.3488e+01
1.3513e+01
1.3559e+01
1.3580e+01
1.3632e+01
1.3659e+01
1.3715e+01
1.3756e+01
1.3817e+01
1.3857e+01
1.3910e+01
1.3952e+01
1.4003e+01
1.4043e+01
1.4105e+01
1.4149e+01
1.4202e+01
1.4247e+01
1.4285e+01
1.4330e+01
1.4369e+01
1.4416e+01
1.4439e+01
1.4479e+01
1.4500e+01
1.4534e+01
1.4546e+01
1.4573e+01
1.4579e+01
1.4592e+01
1.4585e+01
1.4582e+01
1.4561e+01
1.4564e+01
1.4556e+01
1.4556e+01
1.4543e+01
1.4531e+01
1.4514e+01
1.4512e+01
1.4490e+01
1.4463e+01
1.4451e+01
1.4431e+01
1.4413e+01
1.4404e+01
1.4395e+01
1.4372e+01
1.4366e+01
1.4357e+01
1.4360e+01
1.4360e+01
1.4357e+01
1.4357e+01
1.4366e+01
1.4359e+01
1.4372e+01
1.4366e+01
1.4381e+01
1.4371e+01
1.4371e+01
1.4366e+01
1.4369e+01
1.4366e+01
1.4375e+01
1.4381e+01
1.4383e+01
1.4381e+01
1.4377e+01
1.4377e+01
1.4372e+01
1.4362e+01
1.4360e+01
1.4356e+01
1.4338e+01
1.4318e+01
1.4304e+01
1.4289e+01
1.4262e+01
1.4247e+01
1.4224e+01
1.4194e+01
1.4161e+01
1.4141e+01
1.4102e+01
1.4073e+01
1.4025e+01
1.3976e+01
1.3928e+01
1.3897e+01
1.3844e+01
1.3797e+01
1.3750e+01
1.3709e+01
1.3656e+01
1.3615e+01
1.3568e+01
1.3518e+01
1.3453e+01
1.3419e+01
1.3367e+01
1.3325e+01
1.3274e+01
1.3233e+01
1.3183e+01
1.3139e+01
1.3093e+01
1.3052e+01
1.3000e+01
1.2972e+01
1.2939e+01
1.2897e+01
1.2845e+01
1.2810e+01
1.2763e+01
1.2740e+01
1.2697e+01
1.2679e+01
1.2652e+01
1.2637e+01
1.2613e+01
1.2602e+01
1.2580e+01
1.2577e+01
1.2553e+01
1.2567e+01
1.2550e+01
1.2554e+01
1.2542e+01
1.2554e+01
1.2545e+01
1.2556e+01
1.2537e+01
1.2554e+01
1.2553e+01
1.2559e+01
1.2547e+01
1.2556e+01
1.2539e+01
1.2530e+01
1.2510e+01
1.2510e+01
1.2505e+01
1.2501e+01
1.2484e+01
1.2487e+01
1.2475e+01
1.2473e+01
1.2461e+01
1.2464e+01
1.2448e+01
1.2441e+01
1.2422e+01
1.2416e+01
1.2404e+01
1.2393e+01
1.2376e+01
1.2359e+01
1.2347e+01
1.2335e+01
1.2304e+01
1.2278e+01
1.2247e+01
1.2216e+01
1.2187e+01
1.2161e+01
1.2124e+01
1.2093e+01
1.2073e+01
1.2050e+01
1.2024e+01
1.1993e+01
1.1965e+01
1.1939e+01
1.1913e+01
1.1885e+01
1.1868e+01
1.1836e+01
1.1813e+01
1.1785e+01
1.1765e+01
1.1742e+01
1.1723e+01
1.1703e+01
1.1683e+01
1.1658e+01
1.1639e+01
1.1607e+01
1.1584e+01
1.1544e+01
1.1508e+01
1.1477e+01
1.1455e+01
1.1427e+01
1.1406e+01
1.1379e+01
1.1358e+01
1.1336e+01
1.1320e+01
1.1302e+01
1.1277e+01
1.1251e+01
1.1241e+01
1.1227e+01
1.1209e+01
1.1185e+01
1.1176e+01
1.1164e+01
1.1145e+01
1.1133e+01
1.1120e+01
1.1098e+01
1.1086e+01
1.1064e+01
1.1041e+01
1.1014e+01
1.0999e+01
1.0982e+01
1.0966e+01
1.0952e+01
1.0935e+01
1.0918e+01
1.0902e+01
1.0887e+01
1.0864e+01
1.0842e+01
1.0828e+01
1.0811e+01
1.0797e+01
1.0783e+01
1.0764e+01
1.0737e+01
1.0723e+01
1.0703e+01
1.0680e+01
1.0659e+01
1.0644e+01
1.0603e+01
1.0569e+01
1.0550e+01
1.0517e+01
1.0495e+01
1.0474e+01
1.0450e+01
1.0417e+01
1.0392e+01
1.0380e+01
1.0356e+01
1.0336e+01
1.0312e+01
1.0294e+01
1.0272e+01
1.0250e+01
1.0228e+01
1.0208e+01
1.0184e+01
1.0154e+01
1.0132e+01
1.0107e+01
1.0082e+01
1.0054e+01
1.0024e+01
9.9927e+00
9.9660e+00
9.9315e+00
9.9032e+00
9.8797e+00
9.8561e+00
9.8341e+00
9.8058e+00
9.7822e+00
9.7618e+00
9.7429e+00
9.7256e+00
9.7004e+00
9.6847e+00
9.6642e+00
9.6406e+00
9.6185e+00
9.6028e+00
9.5839e+00
9.5650e+00
9.5524e+00
9.5303e+00
9.5083e+00
9.4815e+00
9.4531e+00
9.4231e+00
9.3979e+00
9.3710e+00
9.3474e+00
9.3316e+00
9.3142e+00
9.2937e+00
9.2763e+00
9.2621e+00
9.2510e+00
9.2305e+00
9.2226e+00
9.2036e+00
9.1910e+00
9.1736e+00
9.1609e+00
9.1514e+00
9.1499e+00
9.1404e+00
9.1388e+00
9.1356e+00
9.1293e+00
9.1293e+00
9.1309e+00
9.1246e+00
9.1135e+00
9.0977e+00
9.0818e+00
9.0755e+00
9.0708e+00
9.0724e+00
9.0629e+00
9.0644e+00
9.0534e+00
9.0549e+00
9.0486e+00
9.0486e+00
9.0423e+00
9.0454e+00
9.0407e+00
9.0486e+00
9.0454e+00
9.0518e+00
9.0454e+00
9.0518e+00
9.0518e+00
9.0486e+00
9.0423e+00
9.0470e+00
9.0486e+00
9.0391e+00
9.0249e+00
9.0138e+00
8.9964e+00
8.9869e+00
8.9837e+00
8.9790e+00
8.9647e+00
8.9504e+00
8.9378e+00
8.9298e+00
8.9267e+00
8.9045e+00
8.8966e+00
8.8839e+00
8.8649e+00
8.8554e+00
8.8443e+00
8.8316e+00
8.8157e+00
8.7935e+00
8.7697e+00
8.7538e+00
8.7348e+00
8.7173e+00
8.6983e+00
8.6618e+00
8.6348e+00
8.6046e+00
8.5887e+00
8.5744e+00
8.5664e+00
8.5505e+00
8.5473e+00
8.5537e+00
8.5553e+00
8.5601e+00
8.5680e+00
8.5807e+00
8.6014e+00
8.6268e+00
8.6602e+00
8.6951e+00
8.7237e+00
8.7554e+00
8.8030e+00
8.8395e+00
8.8823e+00
8.9267e+00
8.9758e+00
9.0280e+00
9.0850e+00
9.1325e+00
9.1815e+00
9.2257e+00
9.2779e+00
9.3268e+00
9.3742e+00
9.4121e+00
9.4468e+00
9.4767e+00
9.5020e+00
9.5335e+00
9.5540e+00
9.5713e+00
9.5776e+00
9.6091e+00
9.6280e+00
9.6422e+00
9.6548e+00
9.6642e+00
9.6611e+00
9.6611e+00
9.6674e+00
9.6642e+00
9.6579e+00
