1.6064e+01
1.6044e+01
1.6029e+01
1.6009e+01
1.5988e+01
1.5971e+01
1.5946e+01
1.5936e+01
1.5918e+01
1.5899e+01
1.5892e+01
1.5884e+01
1.5874e+01
1.5858e+01
1.5840e+01
1.5824e+01
1.5807e+01
1.5796e+01
1.5775e+01
1.5762e+01
1.5746e+01
1.5736e+01
1.5720e+01
1.5705e+01
1.5688e+01
1.5672e+01
1.5654e+01
1.5642e+01
1.5622e+01
1.5606e+01
1.5584e+01
1.5570e+01
1.5563e+01
1.5545e+01
1.5523e+01
1.5503e+01
1.5480e+01
1.5465e+01
1.5441e+01
1.5428e+01
1.5407e+01
1.5390e+01
1.5373e+01
1.5357e+01
1.5344e+01
1.5334e+01
1.5311e+01
1.5292e+01
1.5279e+01
1.5261e+01
1.5236e+01
1.5221e+01
1.5209e+01
1.5194e+01
1.5166e+01
1.5152e+01
1.5134e+01
1.5121e+01
1.5104e+01
1.5087e+01
1.5062e+01
1.5047e+01
1.5033e+01
1.5017e+01
1.5006e+01
1.4980e+01
1.4965e+01
1.4943e+01
1.4915e+01
1.4896e+01
1.4878e+01
1.4870e+01
1.4854e+01
1.4828e+01
1.4809e+01
1.4794e+01
1.4773e+01
1.4751e+01
1.4732e+01
1.4717e+01
1.4698e+01
1.4686e+01
1.4670e+01
1.4655e+01
1.4635e+01
1.4622e+01
1.4611e+01
1.4594e+01
1.4576e+01
1.4565e+01
1.4549e+01
1.4537e+01
1.4518e+01
1.4502e+01
1.4487e+01
1.4477e+01
1.4464e+01
1.4460e+01
1.4450e+01
1.4434e+01
1.4415e+01
1.4397e+01
1.4379e+01
1.4367e+01
1.4350e+01
1.4331e+01
1.4320e+01
1.4308e+01
1.4301e+01
1.4291e+01
1.4281e+01
1.4271e+01
1.4261e+01
1.4246e+01
1.4241e+01
1.4230e+01
1.4218e+01
1.4207e+01
1.4196e+01
1.4185e+01
1.4167e+01
1.4152e+01
1.4143e+01
1.4134e+01
1.4118e+01
1.4104e+01
1.4095e+01
1.4083e+01
1.4075e+01
1.4057e+01
1.4039e+01
1.4025e+01
1.4003e+01
1.3990e+01
1.3977e+01
1.3966e+01
1.3948e+01
1.3932e+01
1.3922e+01
1.3914e+01
1.3898e+01
1.3891e+01
1.3874e+01
1.3864e+01
1.3847e+01
1.3836e+01
1.3827e+01
1.3817e+01
1.3797e+01
1.3792e+01
1.3787e+01
1.3780e+01
1.3762e+01
1.3753e+01
1.3743e+01
1.3737e+01
1.3723e+01
1.3715e+01
1.3702e+01
1.3689e+01
1.3687e+01
1.3667e+01
1.3648e+01
1.3636e+01
1.3616e+01
1.3608e+01
1.3596e+01
1.3587e+01
1.3573e+01
1.3559e+01
1.3547e+01
1.3528e+01
1.3511e+01
1.3505e+01
1.3497e+01
1.3484e+01
1.3465e+01
1.3457e+01
1.3446e+01
1.3442e+01
1.3428e+01
1.3413e+01
1.3397e+01
1.3390e+01
1.3374e+01
1.3362e+01
1.3347e+01
1.3339e+01
1.3328e+01
1.3322e+01
1.3324e+01
1.3314e+01
1.3300e+01
1.3298e+01
1.3295e+01
1.3295e+01
1.3280e+01
1.3276e+01
1.3267e+01
1.3270e+01
1.3261e+01
1.3250e+01
1.3242e+01
1.3241e+01
1.3227e+01
1.3220e+01
1.3214e+01
1.3207e+01
1.3201e+01
1.3201e+01
1.3189e+01
1.3183e+01
1.3175e+01
1.3175e+01
1.3160e+01
1.3147e+01
1.3140e+01
1.3132e+01
1.3114e+01
1.3109e+01
1.3102e+01
1.3087e+01
1.3083e+01
1.3074e+01
1.3057e+01
1.3042e+01
1.3023e+01
1.3005e+01
1.2987e+01
1.2971e+01
1.2957e+01
1.2946e+01
1.2931e+01
1.2912e+01
1.2897e+01
1.2880e+01
1.2866e+01
1.2851e+01
1.2830e+01
1.2815e+01
1.2799e+01
1.2776e+01
1.2763e+01
1.2743e+01
1.2725e+01
1.2708e+01
1.2693e+01
1.2678e+01
1.2663e+01
1.2641e+01
1.2620e+01
1.2606e+01
1.2597e+01
1.2577e+01
1.2566e+01
1.2540e+01
1.2524e+01
1.2509e+01
1.2496e+01
1.2484e+01
1.2469e+01
1.2450e+01
1.2438e+01
1.2425e+01
1.2411e+01
1.2391e+01
1.2376e+01
1.2368e+01
1.2351e+01
1.2340e+01
1.2326e+01
1.2309e+01
1.2301e+01
1.2292e+01
1.2279e+01
1.2265e+01
1.2256e+01
1.2244e+01
1.2232e+01
1.2227e+01
1.2215e+01
1.2200e+01
1.2189e+01
1.2184e+01
1.2177e+01
1.2157e+01
1.2145e+01
1.2132e+01
1.2123e+01
1.2114e+01
1.2102e+01
1.2089e+01
1.2082e+01
1.2077e+01
1.2070e+01
1.2061e+01
1.2048e+01
1.2043e+01
1.2032e+01
1.2023e+01
1.2012e+01
1.2003e+01
1.1995e+01
1.1988e+01
1.1984e+01
1.1977e+01
1.1969e+01
1.1960e+01
1.1955e+01
1.1941e+01
1.1928e+01
1.1922e+01
1.1913e+01
1.1904e+01
1.1895e+01
1.1882e+01
1.1880e+01
1.1867e+01
1.1855e+01
1.1840e+01
1.1835e+01
1.1827e+01
1.1818e+01
1.1809e+01
1.1800e+01
1.1793e+01
1.1779e+01
1.1763e+01
1.1753e+01
1.1738e+01
1.1730e+01
1.1724e+01
1.1712e+01
1.1701e+01
1.1685e+01
1.1670e+01
1.1663e+01
1.1649e+01
1.1636e+01
1.1627e+01
1.1614e+01
1.1603e+01
1.1593e+01
1.1582e+01
1.1570e+01
1.1562e+01
1.1555e+01
1.1543e+01
1.1538e+01
1.1517e+01
1.1506e+01
1.1490e+01
1.1473e+01
1.1466e+01
1.1464e+01
1.1452e+01
1.1442e+01
1.1431e+01
1.1424e+01
1.1414e+01
1.1398e+01
1.1390e+01
1.1387e+01
1.1384e+01
1.1371e+01
1.1360e+01
1.1347e+01
1.1332e+01
1.1325e+01
1.1313e+01
1.1305e+01
1.1296e+01
1.1283e+01
1.1273e+01
1.1266e+01
1.1257e+01
1.1249e+01
1.1244e+01
1.1236e+01
1.1227e+01
1.1226e+01
1.1213e+01
1.1199e+01
1.1196e+01
1.1190e+01
1.1183e+01
1.1180e+01
1.1170e+01
1.1166e+01
1.1157e+01
1.1150e+01
1.1140e+01
1.1128e+01
1.1124e+01
1.1115e+01
1.1107e+01
1.1096e+01
1.1091e+01
1.1085e+01
1.1075e+01
1.1067e+01
1.1053e+01
1.1054e+01
1.1058e+01
1.1044e+01
1.1029e+01
1.1020e+01
1.1017e+01
1.1010e+01
1.0995e+01
1.0988e+01
1.0976e+01
1.0962e+01
1.0953e+01
1.0937e+01
1.0925e+01
1.0914e+01
1.0906e+01
1.0890e+01
1.0876e+01
1.0864e+01
1.0856e+01
1.0839e+01
1.0827e+01
1.0811e+01
1.0790e+01
1.0774e+01
1.0765e+01
1.0751e+01
1.0737e+01
1.0730e+01
1.0715e+01
1.0700e+01
1.0683e+01
1.0671e+01
1.0654e+01
1.0641e+01
1.0630e+01
1.0614e+01
1.0593e+01
1.0581e+01
1.0563e+01
1.0543e+01
1.0524e+01
1.0511e+01
1.0495e+01
1.0475e+01
1.0464e+01
1.0452e+01
1.0435e+01
1.0425e+01
1.0408e+01
1.0390e+01
1.0379e+01
1.0365e+01
1.0354e+01
1.0343e+01
1.0334e+01
1.0321e+01
1.0313e+01
1.0301e+01
1.0290e+01
1.0279e+01
1.0266e+01
1.0256e+01
1.0244e+01
1.0231e+01
1.0227e+01
1.0218e+01
1.0202e+01
1.0198e+01
1.0186e+01
1.0177e+01
1.0166e+01
1.0155e+01
1.0144e+01
1.0135e+01
1.0127e+01
1.0117e+01
1.0105e+01
1.0099e+01
1.0096e+01
1.0092e+01
1.0086e+01
1.0080e+01
1.0079e+01
1.0072e+01
1.0066e+01
1.0057e+01
1.0047e+01
1.0040e+01
1.0040e+01
1.0030e+01
1.0016e+01
1.0012e+01
1.0003e+01
9.9836e+00
9.9749e+00
9.9744e+00
9.9646e+00
9.9602e+00
9.9570e+00
9.9494e+00
9.9418e+00
9.9352e+00
9.9320e+00
9.9178e+00
9.9108e+00
9.9102e+00
9.9053e+00
9.9048e+00
9.8982e+00
9.8966e+00
9.8966e+00
9.8972e+00
9.9042e+00
9.9059e+00
9.9129e+00
9.9162e+00
9.9298e+00
9.9331e+00
9.9423e+00
9.9461e+00
9.9646e+00
9.9733e+00
9.9836e+00
1.0002e+01
1.0002e+01
1.0032e+01
1.0050e+01
1.0076e+01
1.0087e+01
1.0109e+01
1.0128e+01
1.0130e+01
1.0142e+01
1.0151e+01
1.0174e+01
1.0184e+01
1.0192e+01
1.0211e+01
1.0231e+01
1.0238e+01
1.0244e+01
1.0256e+01
1.0258e+01
1.0267e+01
1.0268e+01
1.0266e+01
1.0274e+01
1.0273e+01
1.0280e+01
1.0276e+01
1.0275e+01
1.0265e+01
1.0261e+01
1.0263e+01
1.0263e+01
1.0256e+01
1.0262e+01
1.0253e+01
1.0238e+01
1.0238e+01
1.0230e+01
1.0219e+01
1.0212e+01
1.0198e+01
1.0191e+01
1.0177e+01
1.0172e+01
1.0168e+01
1.0162e+01
1.0148e+01
1.0129e+01
1.0125e+01
1.0110e+01
1.0107e+01
1.0100e+01
1.0086e+01
1.0076e+01
1.0067e+01
1.0055e+01
1.0042e+01
1.0034e+01
1.0027e+01
1.0018e+01
1.0002e+01
9.9928e+00
9.9793e+00
9.9700e+00
9.9564e+00
9.9418e+00
9.9401e+00
9.9238e+00
9.9173e+00
9.9004e+00
9.8895e+00
9.8776e+00
9.8618e+00
9.8422e+00
9.8269e+00
9.8160e+00
9.8030e+00
9.7833e+00
9.7708e+00
9.7539e+00
9.7430e+00
9.7310e+00
9.7201e+00
9.7059e+00
9.6945e+00
9.6775e+00
9.6644e+00
9.6524e+00
9.6426e+00
9.6333e+00
9.6224e+00
9.6071e+00
9.5912e+00
9.5814e+00
9.5737e+00
9.5590e+00
9.5497e+00
9.5365e+00
9.5344e+00
9.5108e+00
9.4988e+00
9.4862e+00
9.4796e+00
9.4627e+00
9.4484e+00
9.4440e+00
9.4369e+00
9.4281e+00
9.4210e+00
9.4101e+00
9.4040e+00
9.3936e+00
9.3821e+00
9.3750e+00
9.3695e+00
9.3607e+00
9.3569e+00
9.3530e+00
9.3514e+00
9.3437e+00
9.3377e+00
9.3388e+00
9.3322e+00
9.3251e+00
9.3201e+00
9.3102e+00
9.3015e+00
9.2877e+00
9.2899e+00
9.2723e+00
9.2767e+00
9.2669e+00
9.2548e+00
9.2416e+00
9.2317e+00
9.2273e+00
9.2207e+00
9.2086e+00
9.2130e+00
9.2081e+00
9.1965e+00
9.1850e+00
9.1795e+00
9.1734e+00
9.1646e+00
9.1569e+00
9.1470e+00
9.1382e+00
9.1250e+00
9.1134e+00
9.0980e+00
9.0865e+00
9.0804e+00
9.0672e+00
9.0484e+00
9.0385e+00
9.0264e+00
9.0104e+00
9.0021e+00
8.9878e+00
8.9790e+00
8.9597e+00
8.9436e+00
8.9282e+00
8.9177e+00
8.9072e+00
8.8962e+00
8.8824e+00
8.8768e+00
8.8630e+00
8.8520e+00
8.8453e+00
8.8354e+00
8.8243e+00
8.8188e+00
8.8110e+00
8.8000e+00
8.7906e+00
8.7906e+00
8.7845e+00
8.7834e+00
8.7734e+00
8.7751e+00
8.7679e+00
8.7707e+00
8.7640e+00
8.7624e+00
8.7530e+00
8.7574e+00
8.7491e+00
8.7469e+00
8.7369e+00
8.7352e+00
8.7264e+00
8.7208e+00
8.7153e+00
8.7142e+00
8.7042e+00
8.6998e+00
8.6926e+00
8.6870e+00
8.6870e+00
8.6765e+00
8.6654e+00
8.6616e+00
8.6593e+00
8.6538e+00
8.6444e+00
8.6388e+00
8.6311e+00
8.6250e+00
8.6183e+00
8.6144e+00
8.6028e+00
8.5895e+00
8.5795e+00
8.5700e+00
8.5661e+00
8.5573e+00
8.5428e+00
8.5434e+00
8.5317e+00
8.5228e+00
8.5095e+00
8.4962e+00
8.4851e+00
8.4784e+00
8.4678e+00
8.4612e+00
8.4539e+00
8.4456e+00
8.4322e+00
8.4256e+00
8.4245e+00
8.4111e+00
8.3983e+00
8.3900e+00
8.3805e+00
8.3660e+00
8.3543e+00
8.3482e+00
8.3437e+00
8.3376e+00
8.3287e+00
8.3209e+00
8.3114e+00
8.3031e+00
8.2930e+00
8.2903e+00
8.2785e+00
8.2691e+00
8.2607e+00
8.2585e+00
8.2456e+00
8.2345e+00
8.2306e+00
8.2217e+00
8.2127e+00
8.2038e+00
8.1960e+00
8.1882e+00
8.1798e+00
8.1787e+00
8.1714e+00
8.1552e+00
8.1519e+00
8.1485e+00
8.1435e+00
8.1323e+00
8.1279e+00
8.1206e+00
8.1144e+00
8.1061e+00
8.1005e+00
8.0994e+00
8.0949e+00
8.0921e+00
8.0815e+00
8.0742e+00
8.0669e+00
8.0619e+00
8.0546e+00
8.0451e+00
8.0418e+00
8.0356e+00
8.0227e+00
8.0110e+00
8.0031e+00
8.0048e+00
7.9959e+00
7.9891e+00
7.9735e+00
7.9723e+00
7.9651e+00
7.9695e+00
7.9544e+00
7.9499e+00
7.9427e+00
7.9449e+00
7.9314e+00
7.9298e+00
7.9242e+00
7.9264e+00
7.9141e+00
7.9208e+00
7.9040e+00
7.9062e+00
7.8978e+00
7.9017e+00
7.8838e+00
7.8855e+00
7.8743e+00
7.8636e+00
7.8636e+00
7.8642e+00
7.8496e+00
7.8428e+00
7.8356e+00
7.8361e+00
7.8294e+00
7.8226e+00
7.8159e+00
7.8120e+00
7.8114e+00
7.8052e+00
7.7873e+00
7.7800e+00
7.7721e+00
7.7626e+00
7.7575e+00
7.7457e+00
7.7345e+00
7.7288e+00
7.7266e+00
7.7159e+00
7.7097e+00
7.7069e+00
7.6974e+00
7.6900e+00
7.6754e+00
7.6720e+00
7.6619e+00
7.6490e+00
7.6388e+00
7.6293e+00
7.6236e+00
7.6107e+00
7.6023e+00
7.6006e+00
7.5938e+00
7.5797e+00
7.5701e+00
7.5628e+00
7.5544e+00
7.5493e+00
7.5459e+00
7.5482e+00
7.5375e+00
7.5239e+00
7.5149e+00
7.5025e+00
7.4940e+00
7.4890e+00
7.4839e+00
7.4726e+00
7.4613e+00
7.4562e+00
7.4472e+00
7.4382e+00
7.4291e+00
7.4229e+00
7.4105e+00
7.4020e+00
7.3907e+00
7.3755e+00
7.3659e+00
7.3591e+00
7.3529e+00
7.3478e+00
7.3382e+00
7.3252e+00
7.3139e+00
7.3037e+00
7.2924e+00
7.2794e+00
7.2743e+00
7.2680e+00
7.2505e+00
7.2397e+00
7.2318e+00
7.2227e+00
7.2182e+00
7.2075e+00
7.1922e+00
7.1808e+00
7.1757e+00
7.1650e+00
7.1553e+00
7.1468e+00
7.1338e+00
7.1309e+00
7.1111e+00
7.1003e+00
7.0946e+00
7.0861e+00
7.0719e+00
7.0674e+00
7.0543e+00
7.0401e+00
7.0310e+00
7.0254e+00
7.0123e+00
7.0021e+00
6.9970e+00
6.9913e+00
6.9822e+00
6.9782e+00
6.9657e+00
6.9532e+00
6.9481e+00
6.9435e+00
6.9378e+00
6.9293e+00
6.9179e+00
6.9134e+00
6.9111e+00
6.9009e+00
6.8900e+00
6.8787e+00
6.8713e+00
6.8656e+00
6.8559e+00
6.8542e+00
6.8411e+00
6.8388e+00
6.8274e+00
6.8240e+00
6.8132e+00
6.7989e+00
6.7915e+00
6.7830e+00
6.7795e+00
6.7716e+00
6.7550e+00
6.7476e+00
6.7419e+00
6.7339e+00
6.7219e+00
6.7128e+00
6.7077e+00
6.6985e+00
6.6888e+00
6.6906e+00
6.6883e+00
6.6791e+00
6.6740e+00
6.6706e+00
6.6597e+00
6.6580e+00
6.6580e+00
6.6563e+00
6.6552e+00
6.6620e+00
6.6626e+00
6.6626e+00
6.6569e+00
6.6632e+00
6.6546e+00
6.6546e+00
6.6414e+00
6.6329e+00
6.6283e+00
6.6169e+00
6.6054e+00
6.6003e+00
6.5866e+00
6.5769e+00
6.5671e+00
6.5574e+00
6.5437e+00
6.5363e+00
6.5225e+00
6.5128e+00
6.5071e+00
6.5031e+00
6.4933e+00
6.4813e+00
6.4693e+00
6.4624e+00
6.4561e+00
6.4498e+00
6.4378e+00
6.4303e+00
6.4189e+00
6.4086e+00
6.3959e+00
6.3914e+00
6.3787e+00
6.3764e+00
6.3604e+00
6.3524e+00
6.3340e+00
6.3260e+00
6.3196e+00
6.3122e+00
6.2955e+00
6.2829e+00
6.2754e+00
6.2657e+00
6.2536e+00
6.2433e+00
6.2323e+00
6.2266e+00
6.2157e+00
6.2042e+00
6.1927e+00
6.1864e+00
6.1777e+00
6.1760e+00
6.1668e+00
6.1518e+00
6.1449e+00
6.1444e+00
6.1392e+00
6.1242e+00
6.1144e+00
6.1116e+00
6.1000e+00
6.0902e+00
6.0793e+00
6.0805e+00
6.0666e+00
6.0614e+00
6.0522e+00
6.0442e+00
6.0384e+00
6.0326e+00
6.0223e+00
6.0136e+00
6.0044e+00
5.9946e+00
5.9894e+00
5.9830e+00
5.9698e+00
5.9617e+00
5.9542e+00
5.9461e+00
5.9438e+00
5.9427e+00
5.9369e+00
5.9300e+00
5.9219e+00
5.9069e+00
5.8988e+00
5.8976e+00
5.8930e+00
5.8838e+00
5.8803e+00
5.8734e+00
5.8589e+00
5.8578e+00
5.8468e+00
5.8404e+00
5.8341e+00
5.8283e+00
5.8213e+00
5.8144e+00
5.8109e+00
5.8092e+00
5.8046e+00
5.7971e+00
5.7890e+00
5.7780e+00
5.7693e+00
5.7652e+00
5.7542e+00
5.7473e+00
5.7409e+00
5.7334e+00
5.7172e+00
5.7131e+00
5.7085e+00
5.7021e+00
5.6917e+00
5.6801e+00
5.6761e+00
5.6703e+00
5.6581e+00
5.6558e+00
5.6419e+00
5.6361e+00
5.6187e+00
5.6106e+00
5.6013e+00
5.5903e+00
5.5781e+00
5.5734e+00
5.5624e+00
5.5543e+00
5.5444e+00
5.5374e+00
5.5252e+00
5.5113e+00
5.5009e+00
5.4886e+00
5.4788e+00
5.4689e+00
5.4549e+00
5.4451e+00
5.4299e+00
5.4206e+00
5.4078e+00
5.3939e+00
5.3857e+00
5.3857e+00
5.3735e+00
5.3648e+00
5.3485e+00
5.3427e+00
5.3246e+00
5.3083e+00
5.2966e+00
5.2815e+00
5.2658e+00
5.2599e+00
5.2448e+00
5.2366e+00
5.2226e+00
5.2121e+00
5.1934e+00
5.1835e+00
5.1753e+00
5.1683e+00
5.1584e+00
5.1426e+00
5.1310e+00
5.1240e+00
5.1152e+00
5.1035e+00
5.0924e+00
5.0848e+00
5.0690e+00
5.0608e+00
5.0521e+00
5.0462e+00
5.0345e+00
5.0334e+00
5.0170e+00
5.0100e+00
4.9988e+00
4.9936e+00
4.9836e+00
4.9707e+00
4.9602e+00
4.9520e+00
4.9456e+00
4.9379e+00
4.9274e+00
4.9239e+00
4.9169e+00
4.9098e+00
4.8981e+00
4.8975e+00
4.8905e+00
4.8805e+00
4.8706e+00
4.8670e+00
4.8594e+00
4.8530e+00
4.8465e+00
4.8395e+00
4.8301e+00
4.8272e+00
4.8189e+00
4.8131e+00
4.8072e+00
4.8078e+00
4.7896e+00
4.7849e+00
4.7726e+00
4.7644e+00
4.7550e+00
4.7426e+00
4.7344e+00
4.7238e+00
4.7085e+00
4.7080e+00
4.6980e+00
4.6874e+00
4.6786e+00
4.6715e+00
4.6609e+00
4.6533e+00
4.6427e+00
4.6303e+00
4.6145e+00
4.6121e+00
4.6039e+00
4.5921e+00
4.5803e+00
4.5679e+00
4.5632e+00
4.5568e+00
4.5420e+00
4.5273e+00
4.5185e+00
4.5208e+00
4.4978e+00
4.4896e+00
4.4742e+00
4.4636e+00
4.4465e+00
4.4294e+00
4.4129e+00
4.4029e+00
4.3928e+00
4.3727e+00
4.3580e+00
4.3562e+00
4.3403e+00
4.3267e+00
4.3202e+00
4.3119e+00
4.2983e+00
4.2936e+00
4.2859e+00
4.2764e+00
4.2646e+00
4.2581e+00
4.2498e+00
4.2403e+00
4.2243e+00
4.2143e+00
4.2113e+00
4.2048e+00
4.1953e+00
4.1865e+00
4.1764e+00
4.1728e+00
4.1586e+00
4.1598e+00
4.1480e+00
4.1426e+00
4.1326e+00
4.1243e+00
4.1165e+00
4.1047e+00
4.0928e+00
4.0863e+00
4.0810e+00
4.0739e+00
4.0614e+00
4.0555e+00
4.0460e+00
4.0430e+00
4.0353e+00
4.0246e+00
4.0216e+00
4.0234e+00
4.0216e+00
4.0092e+00
3.9979e+00
3.9937e+00
3.9860e+00
3.9777e+00
3.9706e+00
3.9628e+00
3.9533e+00
3.9456e+00
3.9403e+00
3.9397e+00
3.9272e+00
3.9224e+00
3.9141e+00
3.9117e+00
3.8963e+00
3.8874e+00
3.8814e+00
3.8737e+00
3.8671e+00
3.8570e+00
3.8505e+00
3.8457e+00
3.8320e+00
3.8243e+00
3.8171e+00
3.8094e+00
3.8064e+00
3.8023e+00
3.7927e+00
3.7868e+00
3.7826e+00
3.7755e+00
3.7683e+00
3.7600e+00
3.7564e+00
3.7504e+00
3.7409e+00
3.7284e+00
3.7206e+00
3.7159e+00
3.7129e+00
3.7123e+00
3.7009e+00
3.6968e+00
3.6848e+00
3.6777e+00
3.6658e+00
3.6586e+00
3.6520e+00
3.6437e+00
3.6371e+00
3.6329e+00
3.6228e+00
3.6198e+00
3.6150e+00
3.6043e+00
3.5971e+00
3.5893e+00
3.5810e+00
3.5780e+00
3.5708e+00
3.5666e+00
3.5648e+00
3.5595e+00
3.5511e+00
3.5421e+00
3.5368e+00
3.5338e+00
3.5248e+00
3.5194e+00
3.5188e+00
3.5122e+00
3.5003e+00
3.5039e+00
3.4919e+00
3.4943e+00
3.4877e+00
3.4787e+00
3.4734e+00
3.4674e+00
3.4584e+00
3.4482e+00
3.4416e+00
3.4351e+00
3.4309e+00
3.4285e+00
3.4201e+00
3.4087e+00
3.4003e+00
3.3979e+00
3.3919e+00
3.3866e+00
3.3740e+00
3.3692e+00
3.3656e+00
3.3620e+00
3.3524e+00
3.3470e+00
3.3416e+00
3.3320e+00
3.3260e+00
3.3236e+00
3.3200e+00
3.3086e+00
3.2954e+00
3.2966e+00
3.2846e+00
3.2780e+00
3.2660e+00
3.2570e+00
3.2486e+00
3.2384e+00
3.2306e+00
3.2336e+00
3.2216e+00
3.2066e+00
3.2030e+00
3.2000e+00
3.1898e+00
3.1790e+00
3.1766e+00
3.1657e+00
3.1549e+00
3.1555e+00
3.1495e+00
3.1447e+00
3.1363e+00
3.1267e+00
3.1194e+00
3.1182e+00
3.1158e+00
3.1068e+00
3.0960e+00
3.0870e+00
3.0864e+00
3.0888e+00
3.0773e+00
3.0731e+00
3.0683e+00
3.0587e+00
3.0454e+00
3.0400e+00
3.0382e+00
3.0340e+00
3.0286e+00
3.0208e+00
3.0129e+00
3.0099e+00
3.0057e+00
3.0003e+00
2.9942e+00
2.9852e+00
2.9810e+00
2.9828e+00
2.9762e+00
2.9744e+00
2.9677e+00
2.9647e+00
2.9623e+00
2.9605e+00
2.9569e+00
2.9545e+00
2.9496e+00
2.9460e+00
2.9376e+00
2.9316e+00
2.9249e+00
2.9213e+00
2.9123e+00
2.9080e+00
2.9050e+00
2.9038e+00
2.8930e+00
2.8815e+00
2.8761e+00
2.8743e+00
2.8658e+00
2.8592e+00
2.8525e+00
2.8465e+00
2.8417e+00
2.8332e+00
2.8260e+00
2.8199e+00
2.8078e+00
2.8012e+00
2.7970e+00
2.7897e+00
2.7776e+00
2.7800e+00
2.7686e+00
2.7589e+00
2.7504e+00
2.7432e+00
2.7317e+00
2.7220e+00
2.7099e+00
2.7008e+00
2.6905e+00
2.6796e+00
2.6730e+00
2.6700e+00
2.6633e+00
2.6542e+00
2.6421e+00
2.6330e+00
2.6221e+00
2.6136e+00
2.6040e+00
2.6027e+00
2.5937e+00
2.5791e+00
2.5712e+00
2.5597e+00
2.5530e+00
2.5439e+00
2.5300e+00
2.5264e+00
2.5082e+00
2.5057e+00
2.4966e+00
2.4918e+00
2.4839e+00
2.4730e+00
2.4626e+00
2.4523e+00
2.4402e+00
2.4305e+00
2.4207e+00
2.4098e+00
2.3946e+00
2.3867e+00
2.3758e+00
2.3673e+00
2.3575e+00
2.3472e+00
2.3405e+00
2.3344e+00
2.3314e+00
2.3296e+00
2.3235e+00
2.3125e+00
2.3034e+00
2.2949e+00
2.2870e+00
2.2815e+00
2.2742e+00
2.2644e+00
2.2535e+00
2.2511e+00
2.2370e+00
2.2303e+00
2.2261e+00
2.2176e+00
2.2054e+00
2.2041e+00
2.1962e+00
2.1871e+00
2.1822e+00
2.1737e+00
2.1670e+00
2.1590e+00
2.1499e+00
2.1432e+00
2.1322e+00
2.1273e+00
2.1188e+00
2.1176e+00
2.1102e+00
2.1041e+00
2.0938e+00
2.0913e+00
2.0828e+00
2.0822e+00
2.0694e+00
2.0639e+00
2.0559e+00
2.0486e+00
2.0407e+00
2.0327e+00
2.0168e+00
2.0077e+00
2.0028e+00
2.0071e+00
1.9905e+00
1.9838e+00
1.9734e+00
1.9685e+00
1.9649e+00
1.9557e+00
1.9478e+00
1.9471e+00
1.9435e+00
1.9355e+00
1.9214e+00
1.9221e+00
1.9159e+00
1.9086e+00
1.8976e+00
1.8970e+00
1.8915e+00
1.8927e+00
1.8872e+00
1.8835e+00
1.8749e+00
1.8664e+00
1.8664e+00
1.8615e+00
1.8584e+00
1.8627e+00
1.8553e+00
1.8529e+00
1.8498e+00
1.8406e+00
1.8315e+00
1.8333e+00
1.8296e+00
1.8210e+00
1.8192e+00
1.8217e+00
1.8204e+00
1.8149e+00
1.8008e+00
1.7971e+00
1.7898e+00
1.7818e+00
1.7781e+00
1.7751e+00
1.7696e+00
1.7689e+00
1.7604e+00
1.7604e+00
1.7579e+00
1.7524e+00
1.7444e+00
1.7346e+00
1.7266e+00
1.7297e+00
1.7223e+00
1.7131e+00
1.7088e+00
1.6990e+00
1.6965e+00
1.6941e+00
1.6904e+00
1.6886e+00
1.6806e+00
1.6769e+00
1.6708e+00
1.6603e+00
1.6579e+00
1.6597e+00
1.6622e+00
1.6548e+00
1.6517e+00
1.6523e+00
1.6542e+00
1.6542e+00
1.6517e+00
1.6523e+00
1.6530e+00
1.6511e+00
1.6487e+00
1.6425e+00
1.6425e+00
1.6364e+00
1.6388e+00
1.6468e+00
1.6499e+00
1.6431e+00
1.6468e+00
1.6431e+00
1.6437e+00
1.6437e+00
1.6456e+00
1.6462e+00
1.6474e+00
1.6554e+00
1.6542e+00
1.6585e+00
1.6622e+00
1.6646e+00
1.6695e+00
1.6751e+00
1.6775e+00
1.6787e+00
1.6818e+00
1.6892e+00
1.6880e+00
1.6935e+00
1.6916e+00
1.6910e+00
1.6886e+00
1.6880e+00
1.6990e+00
1.7033e+00
1.7088e+00
1.7137e+00
1.7186e+00
1.7223e+00
1.7303e+00
1.7364e+00
1.7499e+00
1.7567e+00
1.7708e+00
1.7745e+00
1.7855e+00
1.7861e+00
1.7935e+00
1.7965e+00
1.7984e+00
1.7996e+00
1.8069e+00
1.8014e+00
1.8045e+00
1.7965e+00
1.8033e+00
1.7922e+00
1.7861e+00
1.7818e+00
1.7732e+00
1.7634e+00
1.7536e+00
1.7395e+00
1.7297e+00
1.7137e+00
1.6929e+00
1.6812e+00
1.6738e+00
1.6554e+00
1.6407e+00
1.6345e+00
1.6192e+00
1.6013e+00
1.5823e+00
1.5743e+00
1.5614e+00
1.5466e+00
1.5380e+00
1.5282e+00
1.5122e+00
1.5017e+00
1.4888e+00
1.4845e+00
1.4740e+00
1.4617e+00
1.4457e+00
1.4278e+00
1.4192e+00
1.4081e+00
1.3976e+00
1.3958e+00
1.3773e+00
1.3668e+00
1.3470e+00
1.3335e+00
1.3168e+00
1.3039e+00
1.2829e+00
1.2718e+00
1.2569e+00
1.2464e+00
1.2341e+00
1.2248e+00
1.2063e+00
1.1982e+00
1.1865e+00
1.1735e+00
1.1617e+00
1.1463e+00
1.1345e+00
1.1252e+00
1.1098e+00
1.0974e+00
1.0869e+00
1.0850e+00
1.0695e+00
1.0590e+00
1.0534e+00
1.0466e+00
1.0330e+00
1.0280e+00
1.0144e+00
1.0063e+00
9.9642e-01
9.9394e-01
9.7782e-01
9.6790e-01
9.5859e-01
9.5363e-01
9.4246e-01
9.3192e-01
9.2261e-01
9.1826e-01
9.0337e-01
8.9902e-01
8.8971e-01
8.8164e-01
8.7667e-01
8.7294e-01
8.6238e-01
8.5307e-01
8.4313e-01
8.4002e-01
8.3691e-01
8.2449e-01
8.1268e-01
8.0895e-01
7.9776e-01
7.9403e-01
7.8905e-01
7.8408e-01
7.7538e-01
7.7102e-01
7.6294e-01
7.6418e-01
7.5672e-01
7.5609e-01
7.4614e-01
7.3619e-01
7.2312e-01
7.1814e-01
7.0569e-01
7.0631e-01
6.9822e-01
6.8764e-01
6.8016e-01
6.7518e-01
6.6086e-01
6.5276e-01
6.4902e-01
6.3843e-01
6.3220e-01
6.2970e-01
6.1786e-01
6.1038e-01
6.0041e-01
5.9729e-01
5.8420e-01
5.8108e-01
5.7983e-01
5.6798e-01
5.6175e-01
5.6112e-01
5.5301e-01
5.5426e-01
5.4615e-01
5.4303e-01
5.3804e-01
5.3305e-01
5.2244e-01
5.1557e-01
5.0496e-01
4.9934e-01
4.8935e-01
4.8998e-01
4.7936e-01
4.7436e-01
4.7062e-01
4.6624e-01
4.5688e-01
4.5125e-01
4.5063e-01
4.4250e-01
4.3188e-01
4.2813e-01
4.2063e-01
4.1501e-01
4.0501e-01
4.0313e-01
4.0001e-01
3.9875e-01
3.8812e-01
3.8250e-01
3.7374e-01
3.6874e-01
3.6373e-01
3.5748e-01
3.4809e-01
3.5060e-01
3.3746e-01
3.2870e-01
3.1868e-01
3.1367e-01
3.0303e-01
2.9677e-01
2.8863e-01
2.8738e-01
2.7485e-01
2.6295e-01
2.5418e-01
2.4792e-01
2.3664e-01
2.3163e-01
2.2536e-01
2.1784e-01
2.1157e-01
2.0906e-01
2.0405e-01
1.9402e-01
1.8586e-01
1.8085e-01
1.6956e-01
1.6705e-01
1.6454e-01
1.5952e-01
1.4948e-01
1.4195e-01
1.4007e-01
1.3317e-01
1.2061e-01
1.2187e-01
1.1559e-01
1.1497e-01
1.0178e-01
9.6760e-02
9.1109e-02
8.7341e-02
8.1061e-02
7.3524e-02
6.3474e-02
6.5987e-02
5.7192e-02
5.2166e-02
4.3998e-02
3.5201e-02
3.3315e-02
2.9545e-02
2.7031e-02
2.3260e-02
1.1945e-02
8.1730e-03
0000
