3.9655e-01
3.8604e-01
3.8174e-01
3.6811e-01
3.5802e-01
3.5501e-01
3.4770e-01
3.4340e-01
3.3749e-01
3.2320e-01
3.2072e-01
3.1427e-01
3.0243e-01
3.0007e-01
2.8962e-01
2.8973e-01
2.7940e-01
2.7153e-01
2.7056e-01
2.6604e-01
2.5688e-01
2.4858e-01
2.4847e-01
2.4664e-01
2.3866e-01
2.3132e-01
2.2863e-01
2.2917e-01
2.2809e-01
2.2172e-01
2.1708e-01
2.1492e-01
2.1017e-01
2.0942e-01
2.0186e-01
2.0067e-01
1.9754e-01
2.0283e-01
1.9905e-01
1.8847e-01
1.8609e-01
1.7572e-01
1.6880e-01
1.6599e-01
1.6426e-01
1.5723e-01
1.4587e-01
1.4349e-01
1.4317e-01
1.3592e-01
1.3570e-01
1.3072e-01
1.2542e-01
1.2758e-01
1.2996e-01
1.2401e-01
1.2087e-01
1.2109e-01
1.2055e-01
1.2455e-01
1.2401e-01
1.2618e-01
1.2964e-01
1.3245e-01
1.3202e-01
1.4382e-01
1.4641e-01
1.5355e-01
1.4533e-01
1.5593e-01
1.6512e-01
1.6534e-01
1.6101e-01
1.5809e-01
1.5885e-01
1.6069e-01
1.5636e-01
1.5420e-01
1.5063e-01
1.4317e-01
1.4241e-01
1.3851e-01
1.3321e-01
1.2931e-01
1.2466e-01
1.1979e-01
1.1426e-01
1.1589e-01
1.1394e-01
1.0874e-01
9.8773e-02
9.4546e-02
9.2054e-02
8.6309e-02
8.7935e-02
7.6117e-02
6.9718e-02
6.4945e-02
6.6898e-02
5.2901e-02
4.4434e-02
5.1164e-02
3.7920e-02
2.7277e-02
2.3040e-02
1.7716e-02
1.0109e-02
7.7180e-03
0000
7.0660e-03
2.6090e-03
1.3804e-02
6.0880e-03
1.9237e-02
9.3480e-03
3.4879e-02
3.9657e-02
5.9086e-02
6.1365e-02
9.0861e-02
8.9994e-02
1.1914e-01
1.1957e-01
1.5160e-01
1.5928e-01
1.8576e-01
1.8890e-01
2.1471e-01
2.1946e-01
2.4987e-01
2.5127e-01
2.7509e-01
2.6873e-01
3.0028e-01
3.1093e-01
3.2330e-01
3.2750e-01
3.3803e-01
3.3416e-01
3.4846e-01
3.4856e-01
3.6457e-01
3.6725e-01
3.7670e-01
3.7831e-01
3.8743e-01
3.8346e-01
3.9934e-01
4.0642e-01
4.4103e-01
4.3514e-01
4.6887e-01
4.7315e-01
5.2146e-01
5.2734e-01
5.8228e-01
5.9827e-01
6.6977e-01
7.0057e-01
7.7425e-01
8.1605e-01
9.0600e-01
9.5308e-01
1.0525e+00
1.1119e+00
1.1989e+00
1.2548e+00
1.3459e+00
1.4147e+00
1.5011e+00
1.5668e+00
1.6457e+00
1.7102e+00
1.7918e+00
1.8831e+00
1.9391e+00
2.0134e+00
2.0768e+00
2.1547e+00
2.1998e+00
2.2674e+00
2.3091e+00
2.3802e+00
2.4002e+00
2.4744e+00
2.4864e+00
2.5410e+00
2.5377e+00
2.6065e+00
2.5966e+00
2.6290e+00
2.6442e+00
2.6682e+00
2.6539e+00
2.6853e+00
2.6607e+00
2.6773e+00
2.6611e+00
2.6597e+00
2.6567e+00
2.6545e+00
2.6464e+00
2.6423e+00
2.6215e+00
2.6240e+00
2.6136e+00
2.6129e+00
2.6020e+00
2.5999e+00
2.5849e+00
2.5922e+00
2.5857e+00
2.5806e+00
2.5657e+00
2.5690e+00
2.5537e+00
2.5518e+00
2.5436e+00
2.5500e+00
2.5546e+00
2.5513e+00
2.5493e+00
2.5666e+00
2.5717e+00
2.5767e+00
2.5753e+00
2.5779e+00
2.5814e+00
2.5811e+00
2.5897e+00
2.5914e+00
2.5916e+00
2.5955e+00
2.5905e+00
2.5918e+00
2.5879e+00
2.5863e+00
2.5718e+00
2.5770e+00
2.5582e+00
2.5523e+00
2.5318e+00
2.5236e+00
2.4984e+00
2.4881e+00
2.4607e+00
2.4413e+00
2.4179e+00
2.4052e+00
2.3762e+00
2.3503e+00
2.3257e+00
2.2957e+00
2.2680e+00
2.2446e+00
2.2132e+00
2.1871e+00
2.1512e+00
2.1316e+00
2.1038e+00
2.0813e+00
2.0606e+00
2.0354e+00
2.0104e+00
1.9902e+00
1.9869e+00
1.9633e+00
1.9669e+00
1.9541e+00
1.9749e+00
1.9623e+00
2.0015e+00
2.0060e+00
2.0628e+00
2.0805e+00
2.1493e+00
2.1882e+00
2.2757e+00
2.3304e+00
2.4211e+00
2.5011e+00
2.5970e+00
2.6925e+00
2.7841e+00
2.8884e+00
2.9850e+00
3.0797e+00
3.1872e+00
3.2892e+00
3.3999e+00
3.5049e+00
3.5940e+00
3.6835e+00
3.7594e+00
3.8457e+00
3.9017e+00
3.9736e+00
4.0271e+00
4.0946e+00
4.1383e+00
4.1961e+00
4.2358e+00
4.2782e+00
4.2987e+00
4.3382e+00
4.3516e+00
4.3821e+00
4.3779e+00
4.4078e+00
4.3964e+00
4.4221e+00
4.4021e+00
4.4067e+00
4.3857e+00
4.3941e+00
4.3497e+00
4.3471e+00
4.2960e+00
4.2776e+00
4.2268e+00
4.2083e+00
4.1557e+00
4.1325e+00
4.0695e+00
4.0447e+00
3.9797e+00
3.9533e+00
3.8948e+00
3.8625e+00
3.8017e+00
3.7736e+00
3.7174e+00
3.6784e+00
3.6288e+00
3.5997e+00
3.5470e+00
3.5097e+00
3.4630e+00
3.4324e+00
3.3857e+00
3.3482e+00
3.3024e+00
3.2704e+00
3.2462e+00
3.2131e+00
3.1752e+00
3.1450e+00
3.1063e+00
3.0675e+00
3.0281e+00
2.9954e+00
2.9679e+00
2.9380e+00
2.9046e+00
2.8726e+00
2.8434e+00
2.8142e+00
2.7887e+00
2.7628e+00
2.7429e+00
2.7133e+00
2.6866e+00
2.6539e+00
2.6368e+00
2.6132e+00
2.5971e+00
2.5685e+00
2.5512e+00
2.5230e+00
2.5102e+00
2.4875e+00
2.4760e+00
2.4487e+00
2.4426e+00
2.4141e+00
2.4085e+00
2.3920e+00
2.3806e+00
2.3558e+00
2.3396e+00
2.3164e+00
2.3026e+00
2.2841e+00
2.2777e+00
2.2547e+00
2.2508e+00
2.2258e+00
2.2186e+00
2.2009e+00
2.1956e+00
2.1820e+00
2.1727e+00
2.1505e+00
2.1496e+00
2.1366e+00
2.1250e+00
2.1022e+00
2.0988e+00
2.0861e+00
2.0779e+00
2.0593e+00
2.0602e+00
2.0406e+00
2.0581e+00
2.0408e+00
2.0339e+00
2.0194e+00
2.0133e+00
2.0011e+00
1.9918e+00
1.9842e+00
1.9873e+00
1.9709e+00
1.9671e+00
1.9528e+00
1.9507e+00
1.9395e+00
1.9330e+00
1.9164e+00
1.9128e+00
1.9060e+00
1.9037e+00
1.8872e+00
1.8887e+00
1.8783e+00
1.8713e+00
1.8504e+00
1.8506e+00
1.8429e+00
1.8300e+00
1.8199e+00
1.8181e+00
1.7983e+00
1.8072e+00
1.7966e+00
1.7919e+00
1.7807e+00
1.7751e+00
1.7622e+00
1.7602e+00
1.7491e+00
1.7432e+00
1.7293e+00
1.7258e+00
1.7148e+00
1.7032e+00
1.6943e+00
1.6929e+00
1.6881e+00
1.6703e+00
1.6630e+00
1.6501e+00
1.6368e+00
1.6293e+00
1.6248e+00
1.6121e+00
1.6017e+00
1.5960e+00
1.5848e+00
1.5747e+00
1.5668e+00
1.5821e+00
1.5665e+00
1.5638e+00
1.5593e+00
1.5523e+00
1.5450e+00
1.5382e+00
1.5258e+00
1.5210e+00
1.5172e+00
1.5118e+00
1.5001e+00
1.4968e+00
1.4896e+00
1.4910e+00
1.4952e+00
1.4973e+00
1.4912e+00
1.4948e+00
1.4912e+00
1.4950e+00
1.4894e+00
1.5064e+00
1.4984e+00
1.5082e+00
1.5074e+00
1.5251e+00
1.5205e+00
1.5441e+00
1.5404e+00
1.5561e+00
1.5610e+00
1.5837e+00
1.5834e+00
1.6227e+00
1.6273e+00
1.6657e+00
1.6734e+00
1.7323e+00
1.7474e+00
1.8119e+00
1.8366e+00
1.9107e+00
1.9437e+00
2.0218e+00
2.0654e+00
2.1446e+00
2.1921e+00
2.2726e+00
2.3345e+00
2.4019e+00
2.4622e+00
2.5253e+00
2.5832e+00
2.6551e+00
2.7148e+00
2.7632e+00
2.8246e+00
2.8559e+00
2.9203e+00
2.9400e+00
2.9921e+00
3.0137e+00
3.0577e+00
3.0682e+00
3.1040e+00
3.1237e+00
3.1620e+00
3.1886e+00
3.2280e+00
3.2678e+00
3.3115e+00
3.3556e+00
3.4142e+00
3.4677e+00
3.5276e+00
3.5913e+00
3.6689e+00
3.7337e+00
3.8162e+00
3.8984e+00
3.9878e+00
4.0588e+00
4.1639e+00
4.2173e+00
4.3107e+00
4.3658e+00
4.4523e+00
4.4877e+00
4.5683e+00
4.6018e+00
4.6668e+00
4.7080e+00
4.7637e+00
4.7981e+00
4.8483e+00
4.8611e+00
4.9160e+00
4.9164e+00
4.9532e+00
4.9526e+00
4.9793e+00
4.9768e+00
4.9933e+00
4.9813e+00
4.9968e+00
4.9813e+00
4.9787e+00
4.9606e+00
4.9516e+00
4.9302e+00
4.9218e+00
4.8863e+00
4.8770e+00
4.8442e+00
4.8303e+00
4.7989e+00
4.7818e+00
4.7570e+00
4.7400e+00
4.7161e+00
4.7158e+00
4.6893e+00
4.6809e+00
4.6621e+00
4.6640e+00
4.6477e+00
4.6452e+00
4.6397e+00
4.6413e+00
4.6338e+00
4.6421e+00
4.6374e+00
4.6469e+00
4.6552e+00
4.6593e+00
4.6780e+00
4.6808e+00
4.7011e+00
4.7089e+00
4.7239e+00
4.7373e+00
4.7554e+00
4.7623e+00
4.7805e+00
4.7853e+00
4.8030e+00
4.8090e+00
4.8215e+00
4.8162e+00
4.8166e+00
4.8165e+00
4.8214e+00
4.8116e+00
4.8042e+00
4.8070e+00
4.7987e+00
4.7921e+00
4.7732e+00
4.7581e+00
4.7317e+00
4.7132e+00
4.6825e+00
4.6622e+00
4.6337e+00
4.6156e+00
4.5897e+00
4.5591e+00
4.5270e+00
4.5002e+00
4.4654e+00
4.4413e+00
4.4049e+00
4.3827e+00
4.3400e+00
4.3128e+00
4.2824e+00
4.2516e+00
4.2120e+00
4.1924e+00
4.1512e+00
4.1270e+00
4.0912e+00
4.0745e+00
4.0423e+00
4.0202e+00
3.9931e+00
3.9758e+00
3.9376e+00
3.9271e+00
3.9039e+00
3.8847e+00
3.8480e+00
3.8289e+00
3.8127e+00
3.7937e+00
3.7804e+00
3.7612e+00
3.7354e+00
3.7280e+00
3.6999e+00
3.6906e+00
3.6605e+00
3.6367e+00
3.6198e+00
3.6032e+00
3.5823e+00
3.5596e+00
3.5431e+00
3.5191e+00
3.4987e+00
3.4758e+00
3.4579e+00
3.4418e+00
3.4282e+00
3.4093e+00
3.3943e+00
3.3706e+00
3.3553e+00
3.3365e+00
3.3175e+00
3.2969e+00
3.2810e+00
3.2657e+00
3.2529e+00
3.2260e+00
3.2304e+00
3.2151e+00
3.1989e+00
3.1814e+00
3.1691e+00
3.1494e+00
3.1368e+00
3.1279e+00
3.1204e+00
3.1009e+00
3.0949e+00
3.0804e+00
3.0705e+00
3.0525e+00
3.0461e+00
3.0334e+00
3.0288e+00
3.0190e+00
3.0019e+00
2.9932e+00
2.9881e+00
2.9726e+00
2.9672e+00
2.9550e+00
2.9452e+00
2.9380e+00
2.9268e+00
2.9089e+00
2.9097e+00
2.8900e+00
2.8980e+00
2.8830e+00
2.8814e+00
2.8705e+00
2.8642e+00
2.8554e+00
2.8537e+00
2.8415e+00
2.8336e+00
2.8265e+00
2.8266e+00
2.8138e+00
2.8104e+00
2.8121e+00
2.8133e+00
2.8178e+00
2.8206e+00
2.8231e+00
2.8339e+00
2.8364e+00
2.8570e+00
2.8673e+00
2.8849e+00
2.8937e+00
2.9133e+00
2.9314e+00
2.9608e+00
2.9771e+00
3.0034e+00
3.0200e+00
3.0614e+00
3.0758e+00
3.0951e+00
3.1165e+00
3.1364e+00
3.1562e+00
3.1689e+00
3.1859e+00
3.2100e+00
3.2170e+00
3.2374e+00
3.2462e+00
3.2534e+00
3.2682e+00
3.2744e+00
3.2871e+00
3.2893e+00
3.3028e+00
3.3137e+00
3.3142e+00
3.3254e+00
3.3328e+00
3.3460e+00
3.3562e+00
3.3742e+00
3.3812e+00
3.3996e+00
3.4096e+00
3.4208e+00
3.4297e+00
3.4416e+00
3.4505e+00
3.4581e+00
3.4696e+00
3.4812e+00
3.4898e+00
3.4903e+00
3.5106e+00
3.5146e+00
3.5256e+00
3.5182e+00
3.5323e+00
3.5291e+00
3.5462e+00
3.5431e+00
3.5485e+00
3.5526e+00
3.5576e+00
3.5524e+00
3.5635e+00
3.5836e+00
3.5921e+00
3.5896e+00
3.5922e+00
3.5856e+00
3.5972e+00
3.5907e+00
3.5979e+00
3.5940e+00
3.5880e+00
3.5800e+00
3.5760e+00
3.5687e+00
3.5711e+00
3.5484e+00
3.5548e+00
3.5246e+00
3.5228e+00
3.4995e+00
3.4895e+00
3.4687e+00
3.4605e+00
3.4427e+00
3.4341e+00
3.4172e+00
3.4090e+00
3.3870e+00
3.3910e+00
3.3535e+00
3.3596e+00
3.3293e+00
3.3219e+00
3.2926e+00
3.2806e+00
3.2550e+00
3.2422e+00
3.2214e+00
3.2200e+00
3.1932e+00
3.1782e+00
3.1537e+00
3.1442e+00
3.1209e+00
3.1101e+00
3.0913e+00
3.0815e+00
3.0656e+00
3.0592e+00
3.0477e+00
3.0365e+00
3.0386e+00
3.0215e+00
3.0031e+00
2.9997e+00
2.9834e+00
2.9754e+00
2.9602e+00
2.9527e+00
2.9457e+00
2.9347e+00
2.9310e+00
2.9271e+00
2.9094e+00
2.9017e+00
2.8901e+00
2.8787e+00
2.8649e+00
2.8606e+00
2.8540e+00
2.8439e+00
2.8352e+00
2.8296e+00
2.8200e+00
2.8129e+00
2.8157e+00
2.7985e+00
2.8002e+00
2.7913e+00
2.7790e+00
2.7759e+00
2.7653e+00
2.7570e+00
2.7461e+00
2.7377e+00
2.7307e+00
2.7258e+00
2.7216e+00
2.7212e+00
2.7088e+00
2.7054e+00
2.6915e+00
2.6883e+00
2.6735e+00
2.6732e+00
2.6675e+00
2.6631e+00
2.6478e+00
2.6462e+00
2.6384e+00
2.6317e+00
2.6410e+00
2.6442e+00
2.6362e+00
2.6298e+00
2.6221e+00
2.6298e+00
2.6269e+00
2.6262e+00
2.6303e+00
2.6355e+00
2.6331e+00
2.6361e+00
2.6438e+00
2.6518e+00
2.6589e+00
2.6692e+00
2.6716e+00
2.6826e+00
2.6837e+00
2.6929e+00
2.6957e+00
2.7033e+00
2.7105e+00
2.7154e+00
2.7201e+00
2.7220e+00
2.7317e+00
2.7322e+00
2.7462e+00
2.7476e+00
2.7388e+00
2.7513e+00
2.7411e+00
2.7392e+00
2.7371e+00
2.7420e+00
2.7307e+00
2.7271e+00
2.7156e+00
2.7140e+00
2.7039e+00
2.7102e+00
2.6956e+00
2.6956e+00
2.6865e+00
2.6780e+00
2.6682e+00
2.6643e+00
2.6620e+00
2.6578e+00
2.6577e+00
2.6515e+00
2.6679e+00
2.6593e+00
2.6878e+00
2.6869e+00
2.7082e+00
2.7160e+00
2.7476e+00
2.7604e+00
2.7931e+00
2.8168e+00
2.8474e+00
2.8684e+00
2.9027e+00
2.9316e+00
2.9707e+00
2.9995e+00
3.0354e+00
3.0773e+00
3.1003e+00
3.1317e+00
3.1488e+00
3.1795e+00
3.1938e+00
3.2246e+00
3.2477e+00
3.2605e+00
3.2659e+00
3.2853e+00
3.2939e+00
3.2946e+00
3.3232e+00
3.3232e+00
3.3264e+00
3.3341e+00
3.3252e+00
3.3308e+00
3.3244e+00
3.3240e+00
3.3157e+00
3.3095e+00
3.2912e+00
3.2802e+00
3.2679e+00
3.2566e+00
3.2343e+00
3.2184e+00
3.1941e+00
3.1806e+00
3.1525e+00
3.1357e+00
3.1123e+00
3.0995e+00
3.0776e+00
3.0639e+00
3.0358e+00
3.0232e+00
2.9991e+00
2.9846e+00
2.9573e+00
2.9395e+00
2.9304e+00
2.9159e+00
2.8954e+00
2.8895e+00
2.8611e+00
2.8473e+00
2.8355e+00
2.8171e+00
2.7999e+00
2.7939e+00
2.7873e+00
2.7757e+00
2.7563e+00
2.7485e+00
2.7357e+00
2.7283e+00
2.7145e+00
2.7027e+00
2.6947e+00
2.6955e+00
2.6888e+00
2.6802e+00
2.6675e+00
2.6605e+00
2.6547e+00
2.6460e+00
2.6354e+00
2.6277e+00
2.6206e+00
2.6161e+00
2.6142e+00
2.6032e+00
2.5930e+00
2.5874e+00
2.5770e+00
2.5692e+00
2.5664e+00
2.5630e+00
2.5517e+00
2.5406e+00
2.5391e+00
2.5344e+00
2.5294e+00
2.5223e+00
2.5145e+00
2.5132e+00
2.5081e+00
2.5066e+00
2.4960e+00
2.4936e+00
2.4870e+00
2.4772e+00
2.4674e+00
2.4668e+00
2.4575e+00
2.4516e+00
2.4424e+00
2.4473e+00
2.4361e+00
2.4312e+00
2.4225e+00
2.4075e+00
2.4221e+00
2.4144e+00
2.4066e+00
2.3996e+00
2.3874e+00
2.3821e+00
2.3782e+00
2.3800e+00
2.3694e+00
2.3626e+00
2.3570e+00
2.3456e+00
2.3341e+00
2.3390e+00
2.3354e+00
2.3310e+00
2.3254e+00
2.3275e+00
2.3114e+00
2.3046e+00
2.2996e+00
2.2963e+00
2.2920e+00
2.2884e+00
2.2748e+00
2.2732e+00
2.2720e+00
2.2704e+00
2.2644e+00
2.2627e+00
2.2660e+00
2.2564e+00
2.2495e+00
2.2441e+00
2.2334e+00
2.2283e+00
2.2223e+00
2.2241e+00
2.2165e+00
2.2116e+00
2.2127e+00
2.2049e+00
2.1954e+00
2.1970e+00
2.1931e+00
2.1896e+00
2.1822e+00
2.1772e+00
2.1702e+00
2.1702e+00
2.1676e+00
2.1621e+00
2.1561e+00
2.1575e+00
2.1550e+00
2.1539e+00
2.1464e+00
2.1465e+00
2.1444e+00
2.1347e+00
2.1317e+00
2.1269e+00
2.1189e+00
2.1155e+00
2.1068e+00
2.1033e+00
2.0957e+00
2.0933e+00
2.0901e+00
2.0883e+00
2.0856e+00
2.0882e+00
2.0761e+00
2.0683e+00
2.0617e+00
2.0629e+00
2.0606e+00
2.0597e+00
2.0563e+00
2.0531e+00
2.0522e+00
2.0478e+00
2.0376e+00
2.0395e+00
2.0336e+00
2.0375e+00
2.0304e+00
2.0291e+00
2.0336e+00
2.0332e+00
2.0214e+00
2.0115e+00
2.0001e+00
1.9986e+00
1.9972e+00
1.9926e+00
1.9893e+00
1.9854e+00
1.9807e+00
1.9742e+00
1.9756e+00
1.9758e+00
1.9710e+00
1.9686e+00
1.9721e+00
1.9765e+00
1.9762e+00
1.9735e+00
1.9699e+00
1.9674e+00
1.9695e+00
1.9678e+00
1.9789e+00
1.9773e+00
1.9823e+00
1.9821e+00
1.9952e+00
1.9938e+00
2.0085e+00
2.0093e+00
2.0399e+00
2.0401e+00
2.0756e+00
2.0894e+00
2.1316e+00
2.1462e+00
2.1879e+00
2.2005e+00
2.2416e+00
2.2611e+00
2.3001e+00
2.3189e+00
2.3591e+00
2.3930e+00
2.4278e+00
2.4554e+00
2.4791e+00
2.5070e+00
2.5298e+00
2.5468e+00
2.5638e+00
2.5876e+00
2.6118e+00
2.6200e+00
2.6371e+00
2.6443e+00
2.6597e+00
2.6816e+00
2.7015e+00
2.7236e+00
2.7668e+00
2.7908e+00
2.8465e+00
2.8836e+00
2.9656e+00
3.0166e+00
3.1362e+00
3.1879e+00
3.3213e+00
3.4084e+00
3.5609e+00
3.6428e+00
3.8157e+00
3.9312e+00
4.0906e+00
4.2205e+00
4.3532e+00
4.4850e+00
4.6168e+00
4.7444e+00
4.8734e+00
4.9880e+00
5.1093e+00
5.2301e+00
5.3258e+00
5.4542e+00
5.5334e+00
5.6591e+00
5.7614e+00
5.8474e+00
5.9451e+00
6.0593e+00
6.1494e+00
6.2622e+00
6.3604e+00
6.4908e+00
6.5798e+00
6.7136e+00
6.8167e+00
6.9280e+00
7.0307e+00
7.1123e+00
7.2166e+00
7.2909e+00
7.3933e+00
7.4482e+00
7.5264e+00
7.5809e+00
7.6391e+00
7.6798e+00
7.7095e+00
7.7582e+00
7.7862e+00
7.8173e+00
7.8272e+00
7.8458e+00
7.8371e+00
7.8516e+00
7.8405e+00
7.8419e+00
7.8064e+00
7.7987e+00
7.7612e+00
7.7553e+00
7.7018e+00
7.6976e+00
7.6117e+00
7.5882e+00
7.5282e+00
7.4819e+00
7.4201e+00
7.3835e+00
7.3013e+00
7.2710e+00
7.1726e+00
7.1229e+00
7.0371e+00
6.9984e+00
6.9095e+00
6.8628e+00
6.7774e+00
6.7336e+00
6.6500e+00
6.6131e+00
6.5363e+00
6.4922e+00
6.4132e+00
6.3683e+00
6.2972e+00
6.2549e+00
6.1851e+00
6.1528e+00
6.0872e+00
6.0547e+00
5.9921e+00
5.9573e+00
5.9072e+00
5.8844e+00
5.8332e+00
5.8088e+00
5.7553e+00
5.7344e+00
5.6840e+00
5.6600e+00
5.6101e+00
5.5735e+00
5.5444e+00
5.5160e+00
5.4729e+00
5.4417e+00
5.4152e+00
5.3888e+00
5.3555e+00
5.3356e+00
5.3018e+00
5.2765e+00
5.2515e+00
5.2250e+00
5.2059e+00
5.1784e+00
5.1494e+00
5.1265e+00
5.1036e+00
5.0781e+00
5.0535e+00
5.0311e+00
5.0140e+00
4.9861e+00
4.9693e+00
4.9506e+00
4.9370e+00
4.9204e+00
4.9152e+00
4.8927e+00
4.9108e+00
4.8910e+00
4.9266e+00
4.9143e+00
4.9678e+00
4.9617e+00
5.0172e+00
5.0187e+00
5.0890e+00
5.0954e+00
5.1707e+00
5.1836e+00
5.2696e+00
5.2958e+00
5.3716e+00
5.4042e+00
5.4760e+00
5.5007e+00
5.5616e+00
5.5923e+00
5.6579e+00
5.6850e+00
5.7267e+00
5.7586e+00
5.7958e+00
5.8172e+00
5.8444e+00
5.8593e+00
5.8796e+00
5.8971e+00
5.8953e+00
5.9048e+00
5.9078e+00
5.9085e+00
5.9004e+00
5.8962e+00
5.8943e+00
5.8921e+00
5.8671e+00
5.8599e+00
5.8397e+00
5.8256e+00
5.8005e+00
5.7937e+00
5.7679e+00
5.7610e+00
5.7274e+00
5.7121e+00
5.6771e+00
5.6629e+00
5.6286e+00
5.6145e+00
5.5849e+00
5.5708e+00
5.5355e+00
5.5186e+00
5.4835e+00
5.4726e+00
5.4366e+00
5.4190e+00
5.3935e+00
5.3773e+00
5.3367e+00
5.3222e+00
5.2823e+00
5.2693e+00
5.2450e+00
5.2254e+00
5.1984e+00
5.1800e+00
5.1552e+00
5.1344e+00
5.1061e+00
5.0906e+00
5.0647e+00
5.0535e+00
5.0320e+00
5.0148e+00
4.9866e+00
4.9692e+00
4.9448e+00
4.9242e+00
4.9063e+00
4.8903e+00
4.8663e+00
4.8537e+00
4.8367e+00
4.8246e+00
4.8202e+00
4.8066e+00
4.7811e+00
4.7720e+00
4.7537e+00
4.7346e+00
4.7240e+00
4.7086e+00
4.6920e+00
4.6755e+00
4.6617e+00
4.6540e+00
4.6393e+00
4.6293e+00
4.6126e+00
4.6037e+00
4.5904e+00
4.5760e+00
4.5657e+00
4.5471e+00
4.5404e+00
4.5316e+00
4.5192e+00
4.5040e+00
4.4921e+00
4.4765e+00
4.4719e+00
4.4586e+00
4.4568e+00
4.4421e+00
4.4360e+00
4.4369e+00
4.4222e+00
4.4118e+00
4.4025e+00
4.3943e+00
4.3873e+00
4.3669e+00
4.3639e+00
4.3554e+00
4.3442e+00
4.3347e+00
4.3206e+00
4.3125e+00
4.2999e+00
4.2940e+00
4.2818e+00
4.2702e+00
4.2636e+00
4.2573e+00
4.2453e+00
4.2312e+00
4.2270e+00
4.2191e+00
4.2083e+00
4.1967e+00
4.1862e+00
4.1771e+00
4.1930e+00
4.1797e+00
4.1776e+00
4.1665e+00
4.1565e+00
4.1527e+00
4.1447e+00
4.1380e+00
4.1305e+00
4.1243e+00
4.1197e+00
4.1078e+00
4.1047e+00
4.0997e+00
4.0970e+00
4.0914e+00
4.0835e+00
4.0717e+00
4.0722e+00
4.0586e+00
4.0534e+00
4.0499e+00
4.0397e+00
4.0377e+00
4.0298e+00
4.0296e+00
4.0235e+00
4.0143e+00
4.0133e+00
4.0078e+00
3.9963e+00
3.9909e+00
3.9806e+00
3.9693e+00
3.9682e+00
3.9663e+00
3.9600e+00
3.9544e+00
3.9600e+00
3.9555e+00
3.9446e+00
3.9446e+00
3.9454e+00
3.9475e+00
3.9535e+00
3.9630e+00
3.9584e+00
3.9590e+00
3.9608e+00
3.9621e+00
3.9600e+00
3.9638e+00
3.9632e+00
3.9665e+00
3.9663e+00
3.9622e+00
3.9773e+00
3.9827e+00
3.9741e+00
3.9767e+00
3.9735e+00
3.9751e+00
3.9678e+00
3.9633e+00
3.9595e+00
3.9593e+00
3.9560e+00
3.9515e+00
3.9501e+00
3.9489e+00
3.9431e+00
3.9463e+00
3.9393e+00
3.9427e+00
3.9400e+00
3.9318e+00
3.9289e+00
3.9331e+00
3.9275e+00
3.9275e+00
3.9234e+00
3.9257e+00
3.9167e+00
3.9125e+00
3.9071e+00
3.9094e+00
3.8981e+00
3.9005e+00
3.8840e+00
3.8850e+00
3.8771e+00
3.8713e+00
3.8629e+00
3.8599e+00
3.8564e+00
3.8544e+00
3.8429e+00
3.8382e+00
3.8300e+00
3.8313e+00
3.8262e+00
3.8163e+00
3.8062e+00
3.8016e+00
3.7977e+00
3.7893e+00
3.7846e+00
3.7793e+00
3.7687e+00
3.7634e+00
3.7572e+00
3.7490e+00
3.7358e+00
3.7321e+00
3.7237e+00
3.7139e+00
3.7041e+00
3.6931e+00
3.6909e+00
3.6886e+00
3.6717e+00
3.6630e+00
3.6560e+00
3.6504e+00
3.6415e+00
3.6366e+00
3.6216e+00
3.6134e+00
3.6072e+00
3.5992e+00
3.5885e+00
3.5810e+00
3.5705e+00
3.5697e+00
3.5682e+00
3.5623e+00
3.5516e+00
3.5486e+00
3.5413e+00
3.5354e+00
3.5284e+00
3.5236e+00
3.5195e+00
3.5161e+00
3.5107e+00
3.5112e+00
3.4951e+00
3.4925e+00
3.4847e+00
3.4811e+00
3.4747e+00
3.4636e+00
3.4591e+00
3.4555e+00
3.4393e+00
3.4285e+00
3.4206e+00
3.4173e+00
3.4068e+00
3.4044e+00
3.3991e+00
3.3907e+00
3.3832e+00
3.3789e+00
3.3688e+00
3.3662e+00
3.3529e+00
3.3507e+00
3.3474e+00
3.3426e+00
3.3361e+00
3.3358e+00
3.3278e+00
3.3224e+00
3.3183e+00
3.3223e+00
3.3124e+00
3.3028e+00
3.2961e+00
3.2951e+00
3.2881e+00
3.2892e+00
3.2838e+00
3.2756e+00
3.2670e+00
3.2619e+00
3.2568e+00
3.2459e+00
3.2348e+00
3.2303e+00
3.2231e+00
3.2196e+00
3.2202e+00
3.2214e+00
3.2218e+00
3.2145e+00
3.2136e+00
3.2094e+00
3.2188e+00
3.2214e+00
3.2276e+00
3.2265e+00
3.2329e+00
3.2347e+00
3.2461e+00
3.2464e+00
3.2480e+00
3.2552e+00
3.2602e+00
3.2681e+00
3.2725e+00
3.2750e+00
3.2784e+00
3.2798e+00
3.2789e+00
3.2799e+00
3.2734e+00
3.2667e+00
3.2589e+00
3.2572e+00
3.2450e+00
3.2459e+00
3.2439e+00
3.2422e+00
3.2422e+00
3.2370e+00
3.2260e+00
3.2231e+00
3.2103e+00
3.2069e+00
3.2036e+00
3.2013e+00
3.1892e+00
3.1915e+00
3.1869e+00
3.1845e+00
3.1696e+00
3.1665e+00
3.1609e+00
3.1579e+00
3.1479e+00
3.1440e+00
3.1331e+00
3.1284e+00
3.1206e+00
3.1172e+00
3.1121e+00
3.1118e+00
3.0922e+00
3.0828e+00
3.0635e+00
3.0563e+00
3.0449e+00
3.0391e+00
3.0262e+00
3.0175e+00
3.0154e+00
3.0118e+00
2.9983e+00
2.9925e+00
2.9825e+00
2.9752e+00
2.9687e+00
2.9687e+00
2.9639e+00
2.9595e+00
2.9487e+00
2.9483e+00
2.9415e+00
2.9412e+00
2.9411e+00
2.9320e+00
2.9239e+00
2.9267e+00
2.9175e+00
2.9112e+00
2.9078e+00
2.9025e+00
2.9005e+00
2.8960e+00
2.8855e+00
2.8900e+00
2.8814e+00
2.8774e+00
2.8560e+00
2.8410e+00
2.8263e+00
2.8306e+00
2.8250e+00
2.8148e+00
2.8122e+00
2.8086e+00
2.8025e+00
2.7974e+00
2.7923e+00
2.7913e+00
2.7867e+00
2.7832e+00
2.7794e+00
2.7781e+00
2.7786e+00
2.7790e+00
2.7749e+00
2.7702e+00
2.7659e+00
2.7664e+00
2.7589e+00
2.7582e+00
2.7545e+00
2.7554e+00
2.7541e+00
2.7548e+00
2.7449e+00
2.7376e+00
2.7447e+00
2.7502e+00
2.7475e+00
2.7430e+00
2.7272e+00
2.7140e+00
2.6933e+00
2.6849e+00
2.6850e+00
2.6865e+00
2.6864e+00
2.6811e+00
2.6719e+00
2.6698e+00
2.6687e+00
2.6601e+00
2.6544e+00
2.6563e+00
2.6535e+00
2.6521e+00
2.6580e+00
2.6538e+00
2.6472e+00
2.6497e+00
2.6470e+00
2.6410e+00
2.6412e+00
2.6365e+00
2.6288e+00
2.6274e+00
2.6239e+00
2.6212e+00
2.6183e+00
2.6133e+00
2.6160e+00
2.6138e+00
2.6044e+00
2.5977e+00
2.5905e+00
2.5827e+00
2.5602e+00
2.5601e+00
2.5468e+00
2.5396e+00
2.5360e+00
2.5296e+00
2.5212e+00
2.5241e+00
2.5178e+00
2.5060e+00
2.5039e+00
2.5101e+00
2.5032e+00
2.4957e+00
2.5020e+00
2.5010e+00
2.4965e+00
2.4960e+00
2.4967e+00
2.4990e+00
2.4923e+00
2.4983e+00
2.4981e+00
2.4917e+00
2.4877e+00
2.4938e+00
2.4938e+00
2.4902e+00
2.4918e+00
2.4938e+00
2.4881e+00
2.4909e+00
2.4810e+00
2.4749e+00
2.4591e+00
2.4534e+00
2.4466e+00
2.4492e+00
2.4457e+00
2.4443e+00
2.4446e+00
2.4461e+00
2.4333e+00
2.4258e+00
2.4255e+00
2.4273e+00
2.4234e+00
2.4226e+00
2.4268e+00
2.4257e+00
2.4181e+00
2.4141e+00
2.4079e+00
2.4085e+00
2.4090e+00
2.4010e+00
2.3941e+00
2.3903e+00
2.3926e+00
2.3891e+00
2.3865e+00
2.3860e+00
2.3832e+00
2.3755e+00
2.3756e+00
