1.1102e+01
1.1123e+01
1.1153e+01
1.1175e+01
1.1196e+01
1.1215e+01
1.1233e+01
1.1236e+01
1.1250e+01
1.1252e+01
1.1253e+01
1.1245e+01
1.1239e+01
1.1231e+01
1.1219e+01
1.1207e+01
1.1195e+01
1.1177e+01
1.1156e+01
1.1126e+01
1.1103e+01
1.1077e+01
1.1055e+01
1.1018e+01
1.0996e+01
1.0953e+01
1.0927e+01
1.0887e+01
1.0867e+01
1.0815e+01
1.0791e+01
1.0738e+01
1.0705e+01
1.0662e+01
1.0643e+01
1.0604e+01
1.0581e+01
1.0547e+01
1.0518e+01
1.0473e+01
1.0448e+01
1.0411e+01
1.0386e+01
1.0357e+01
1.0327e+01
1.0297e+01
1.0268e+01
1.0233e+01
1.0212e+01
1.0186e+01
1.0159e+01
1.0130e+01
1.0106e+01
1.0083e+01
1.0058e+01
1.0027e+01
1.0005e+01
9.9817e+00
9.9651e+00
9.9388e+00
9.9203e+00
9.8922e+00
9.8756e+00
9.8467e+00
9.8241e+00
9.8074e+00
9.7885e+00
9.7677e+00
9.7610e+00
9.7495e+00
9.7384e+00
9.7213e+00
9.7102e+00
9.6979e+00
9.6927e+00
9.6812e+00
9.6675e+00
9.6545e+00
9.6552e+00
9.6348e+00
9.6232e+00
9.6124e+00
9.6017e+00
9.5905e+00
9.5879e+00
9.5700e+00
9.5566e+00
9.5462e+00
9.5365e+00
9.5268e+00
9.5197e+00
9.4922e+00
9.4836e+00
9.4679e+00
9.4448e+00
9.4314e+00
9.4161e+00
9.3940e+00
9.3787e+00
9.3615e+00
9.3496e+00
9.3286e+00
9.3118e+00
9.2998e+00
9.2841e+00
9.2748e+00
9.2594e+00
9.2463e+00
9.2264e+00
9.2148e+00
9.1998e+00
9.1848e+00
9.1728e+00
9.1563e+00
9.1346e+00
9.1241e+00
9.1064e+00
9.0940e+00
9.0798e+00
9.0662e+00
9.0516e+00
9.0407e+00
9.0317e+00
9.0174e+00
8.9967e+00
8.9899e+00
8.9719e+00
8.9572e+00
8.9451e+00
8.9383e+00
8.9289e+00
8.9120e+00
8.8995e+00
8.8860e+00
8.8679e+00
8.8615e+00
8.8486e+00
8.8354e+00
8.8188e+00
8.8052e+00
8.7924e+00
8.7792e+00
8.7584e+00
8.7490e+00
8.7361e+00
8.7214e+00
8.6991e+00
8.6851e+00
8.6764e+00
8.6518e+00
8.6355e+00
8.6177e+00
8.6010e+00
8.5817e+00
8.5589e+00
8.5358e+00
8.5119e+00
8.4986e+00
8.4834e+00
8.4675e+00
8.4462e+00
8.4264e+00
8.4150e+00
8.3998e+00
8.3892e+00
8.3785e+00
8.3610e+00
8.3454e+00
8.3351e+00
8.3260e+00
8.3058e+00
8.2860e+00
8.2749e+00
8.2658e+00
8.2482e+00
8.2372e+00
8.2200e+00
8.2005e+00
8.1891e+00
8.1780e+00
8.1746e+00
8.1555e+00
8.1444e+00
8.1215e+00
8.1054e+00
8.0905e+00
8.0721e+00
8.0545e+00
8.0419e+00
8.0289e+00
8.0170e+00
8.0032e+00
7.9864e+00
7.9783e+00
7.9649e+00
7.9561e+00
7.9412e+00
7.9281e+00
7.9250e+00
7.9235e+00
7.9116e+00
7.8997e+00
7.8947e+00
7.8890e+00
7.8859e+00
7.8863e+00
7.8805e+00
7.8744e+00
7.8709e+00
7.8706e+00
7.8659e+00
7.8667e+00
7.8679e+00
7.8721e+00
7.8805e+00
7.8763e+00
7.8863e+00
7.9005e+00
7.9009e+00
7.9082e+00
7.9059e+00
7.9082e+00
7.9066e+00
7.9089e+00
7.9147e+00
7.9143e+00
7.9128e+00
7.9151e+00
7.9124e+00
7.9039e+00
7.8990e+00
7.9047e+00
7.8986e+00
7.8890e+00
7.8901e+00
7.8855e+00
7.8732e+00
7.8648e+00
7.8594e+00
7.8586e+00
7.8479e+00
7.8356e+00
7.8229e+00
7.8148e+00
7.8056e+00
7.7941e+00
7.7829e+00
7.7695e+00
7.7691e+00
7.7556e+00
7.7387e+00
7.7225e+00
7.7048e+00
7.6902e+00
7.6836e+00
7.6725e+00
7.6640e+00
7.6486e+00
7.6459e+00
7.6239e+00
7.6092e+00
7.6019e+00
7.5922e+00
7.5803e+00
7.5756e+00
7.5621e+00
7.5525e+00
7.5424e+00
7.5397e+00
7.5332e+00
7.5305e+00
7.5158e+00
7.5127e+00
7.5053e+00
7.5019e+00
7.4968e+00
7.4914e+00
7.4868e+00
7.4818e+00
7.4690e+00
7.4709e+00
7.4555e+00
7.4435e+00
7.4326e+00
7.4214e+00
7.4098e+00
7.3978e+00
7.3862e+00
7.3827e+00
7.3660e+00
7.3598e+00
7.3521e+00
7.3416e+00
7.3296e+00
7.3141e+00
7.3009e+00
7.2928e+00
7.2862e+00
7.2706e+00
7.2512e+00
7.2470e+00
7.2361e+00
7.2170e+00
7.2046e+00
7.1933e+00
7.1821e+00
7.1720e+00
7.1587e+00
7.1475e+00
7.1366e+00
7.1222e+00
7.1070e+00
7.0988e+00
7.0895e+00
7.0832e+00
7.0610e+00
7.0458e+00
7.0322e+00
7.0143e+00
6.9959e+00
6.9784e+00
6.9678e+00
6.9546e+00
6.9397e+00
6.9284e+00
6.9093e+00
6.8987e+00
6.8897e+00
6.8772e+00
6.8565e+00
6.8463e+00
6.8287e+00
6.8162e+00
6.8076e+00
6.7994e+00
6.7841e+00
6.7806e+00
6.7708e+00
6.7579e+00
6.7426e+00
6.7344e+00
6.7273e+00
6.7160e+00
6.6999e+00
6.6877e+00
6.6775e+00
6.6767e+00
6.6611e+00
6.6508e+00
6.6399e+00
6.6375e+00
6.6190e+00
6.6100e+00
6.5959e+00
6.5794e+00
6.5664e+00
6.5542e+00
6.5412e+00
6.5365e+00
6.5208e+00
6.5106e+00
6.5011e+00
6.4885e+00
6.4763e+00
6.4614e+00
6.4503e+00
6.4428e+00
6.4298e+00
6.4204e+00
6.4098e+00
6.4034e+00
6.3893e+00
6.3893e+00
6.3790e+00
6.3703e+00
6.3557e+00
6.3490e+00
6.3368e+00
6.3249e+00
6.3119e+00
6.3135e+00
6.2993e+00
6.2961e+00
6.2835e+00
6.2764e+00
6.2625e+00
6.2507e+00
6.2408e+00
6.2289e+00
6.2151e+00
6.2088e+00
6.1886e+00
6.1870e+00
6.1728e+00
6.1577e+00
6.1474e+00
6.1383e+00
6.1213e+00
6.1050e+00
6.0943e+00
6.0892e+00
6.0789e+00
6.0698e+00
6.0618e+00
6.0575e+00
6.0428e+00
6.0337e+00
6.0186e+00
6.0182e+00
5.9995e+00
5.9944e+00
5.9880e+00
5.9721e+00
5.9538e+00
5.9368e+00
5.9272e+00
5.9193e+00
5.9105e+00
5.9010e+00
5.8835e+00
5.8811e+00
5.8699e+00
5.8604e+00
5.8449e+00
5.8357e+00
5.8265e+00
5.8202e+00
5.8094e+00
5.7979e+00
5.7871e+00
5.7815e+00
5.7672e+00
5.7636e+00
5.7564e+00
5.7484e+00
5.7277e+00
5.7329e+00
5.7153e+00
5.7045e+00
5.6978e+00
5.6890e+00
5.6802e+00
5.6710e+00
5.6562e+00
5.6502e+00
5.6434e+00
5.6410e+00
5.6303e+00
5.6231e+00
5.6235e+00
5.6155e+00
5.6063e+00
5.6031e+00
5.6023e+00
5.6015e+00
5.6035e+00
5.6003e+00
5.6015e+00
5.5967e+00
5.6059e+00
5.6043e+00
5.6099e+00
5.6243e+00
5.6295e+00
5.6283e+00
5.6386e+00
5.6375e+00
5.6458e+00
5.6514e+00
5.6610e+00
5.6666e+00
5.6738e+00
5.6850e+00
5.6890e+00
5.6858e+00
5.6966e+00
5.6922e+00
5.6978e+00
5.7049e+00
5.7141e+00
5.7137e+00
5.7129e+00
5.7109e+00
5.7141e+00
5.7113e+00
5.7053e+00
5.7061e+00
5.7093e+00
5.7021e+00
5.7037e+00
5.7097e+00
5.6974e+00
5.6942e+00
5.6822e+00
5.6734e+00
5.6634e+00
5.6566e+00
5.6478e+00
5.6386e+00
5.6291e+00
5.6307e+00
5.6191e+00
5.6095e+00
5.6003e+00
5.5871e+00
5.5683e+00
5.5575e+00
5.5491e+00
5.5367e+00
5.5174e+00
5.5066e+00
5.4918e+00
5.4842e+00
5.4670e+00
5.4481e+00
5.4241e+00
5.4084e+00
5.3952e+00
5.3835e+00
5.3631e+00
5.3590e+00
5.3366e+00
5.3285e+00
5.3104e+00
5.2944e+00
5.2722e+00
5.2562e+00
5.2393e+00
5.2215e+00
5.2058e+00
5.2002e+00
5.1841e+00
5.1704e+00
5.1551e+00
5.1438e+00
5.1236e+00
5.1172e+00
5.1047e+00
5.0877e+00
5.0728e+00
5.0643e+00
5.0494e+00
5.0389e+00
5.0232e+00
5.0155e+00
5.0009e+00
4.9844e+00
4.9662e+00
4.9609e+00
4.9439e+00
4.9314e+00
4.9229e+00
4.9213e+00
4.8994e+00
4.8921e+00
4.8747e+00
4.8646e+00
4.8435e+00
4.8289e+00
4.8160e+00
4.7945e+00
4.7815e+00
4.7803e+00
4.7701e+00
4.7608e+00
4.7441e+00
4.7498e+00
4.7169e+00
4.7275e+00
4.7121e+00
4.6999e+00
4.7007e+00
4.6926e+00
4.6800e+00
4.6727e+00
4.6548e+00
4.6483e+00
4.6308e+00
4.6377e+00
4.6096e+00
4.5938e+00
4.6039e+00
4.5771e+00
4.5860e+00
4.5913e+00
4.5840e+00
4.5685e+00
4.5530e+00
4.5331e+00
4.5209e+00
4.5172e+00
4.5021e+00
4.4944e+00
4.4793e+00
4.4748e+00
4.4597e+00
4.4732e+00
4.4548e+00
4.4246e+00
4.4348e+00
4.4254e+00
4.4034e+00
4.3809e+00
4.3662e+00
4.3633e+00
4.3523e+00
4.3380e+00
4.3208e+00
4.3298e+00
4.3159e+00
4.2967e+00
4.2787e+00
4.2828e+00
4.2455e+00
4.2709e+00
4.2537e+00
4.2222e+00
4.2336e+00
4.2046e+00
4.2160e+00
4.1796e+00
4.1939e+00
4.2005e+00
4.1660e+00
4.1861e+00
4.1509e+00
4.1492e+00
4.1480e+00
4.1254e+00
4.1258e+00
4.1328e+00
4.1312e+00
4.0819e+00
4.0913e+00
4.0762e+00
4.0790e+00
4.0363e+00
4.0248e+00
4.0462e+00
4.0289e+00
4.0256e+00
4.0182e+00
4.0157e+00
4.0141e+00
3.9952e+00
3.9997e+00
3.9919e+00
3.9981e+00
3.9940e+00
3.9952e+00
4.0018e+00
4.0141e+00
4.0252e+00
4.0359e+00
4.0441e+00
4.0688e+00
4.0778e+00
4.1045e+00
4.1328e+00
4.1742e+00
4.1972e+00
4.2357e+00
4.2599e+00
4.3004e+00
4.3208e+00
4.3515e+00
4.3903e+00
4.4107e+00
4.4499e+00
4.4854e+00
4.5107e+00
4.5457e+00
4.5644e+00
4.6031e+00
4.6296e+00
4.6657e+00
4.6950e+00
4.7234e+00
4.7482e+00
4.7644e+00
4.7997e+00
4.8301e+00
4.8496e+00
4.8747e+00
4.8990e+00
4.9213e+00
4.9318e+00
4.9281e+00
4.9488e+00
4.9601e+00
4.9755e+00
4.9779e+00
4.9965e+00
4.9896e+00
5.0050e+00
4.9912e+00
4.9904e+00
4.9880e+00
4.9791e+00
4.9625e+00
4.9508e+00
4.9395e+00
4.9310e+00
4.9192e+00
4.9095e+00
4.8958e+00
4.8800e+00
4.8605e+00
4.8455e+00
4.8318e+00
4.8237e+00
4.8066e+00
4.7912e+00
4.7758e+00
4.7588e+00
4.7474e+00
4.7360e+00
4.7190e+00
4.7198e+00
4.6995e+00
4.6897e+00
4.6861e+00
4.6836e+00
4.6767e+00
4.6674e+00
4.6495e+00
4.6475e+00
4.6369e+00
4.6365e+00
4.6267e+00
4.6190e+00
4.6117e+00
4.5986e+00
4.5946e+00
4.5791e+00
4.5795e+00
4.5779e+00
4.5653e+00
4.5559e+00
4.5437e+00
4.5376e+00
4.5323e+00
4.5274e+00
4.5209e+00
4.5115e+00
4.5001e+00
4.4952e+00
4.4854e+00
4.4903e+00
4.4789e+00
4.4687e+00
4.4536e+00
4.4385e+00
4.4270e+00
4.4213e+00
4.4124e+00
4.4050e+00
4.3989e+00
4.3887e+00
4.3752e+00
4.3764e+00
4.3633e+00
4.3490e+00
4.3347e+00
4.3216e+00
4.3090e+00
4.2975e+00
4.2844e+00
4.2803e+00
4.2709e+00
4.2639e+00
4.2521e+00
4.2435e+00
4.2250e+00
4.2177e+00
4.1984e+00
4.1931e+00
4.1755e+00
4.1742e+00
4.1738e+00
4.1586e+00
4.1353e+00
4.1234e+00
4.1086e+00
4.0987e+00
4.0803e+00
4.0692e+00
4.0626e+00
4.0548e+00
4.0388e+00
4.0293e+00
4.0116e+00
3.9944e+00
3.9783e+00
3.9726e+00
3.9610e+00
3.9475e+00
3.9269e+00
3.9141e+00
3.8980e+00
3.8902e+00
3.8708e+00
3.8634e+00
3.8461e+00
3.8395e+00
3.8222e+00
3.8160e+00
3.8110e+00
3.8016e+00
3.7822e+00
3.7648e+00
3.7471e+00
3.7326e+00
3.7177e+00
3.7099e+00
3.6946e+00
3.6813e+00
3.6644e+00
3.6536e+00
3.6362e+00
3.6296e+00
3.6114e+00
3.6011e+00
3.5870e+00
3.5754e+00
3.5567e+00
3.5538e+00
3.5414e+00
3.5314e+00
3.5120e+00
3.5074e+00
3.4900e+00
3.4825e+00
3.4754e+00
3.4588e+00
3.4393e+00
3.4306e+00
3.4186e+00
3.4048e+00
3.3866e+00
3.3791e+00
3.3629e+00
3.3562e+00
3.3433e+00
3.3292e+00
3.3171e+00
3.3067e+00
3.2988e+00
3.2921e+00
3.2746e+00
3.2634e+00
3.2563e+00
3.2542e+00
3.2413e+00
3.2384e+00
3.2280e+00
3.2242e+00
3.2176e+00
3.2109e+00
3.1950e+00
3.1888e+00
3.1809e+00
3.1775e+00
3.1692e+00
3.1688e+00
3.1667e+00
3.1688e+00
3.1625e+00
3.1638e+00
3.1546e+00
3.1596e+00
3.1596e+00
3.1621e+00
3.1600e+00
3.1671e+00
3.1671e+00
3.1746e+00
3.1696e+00
3.1821e+00
3.1779e+00
3.1846e+00
3.1813e+00
3.1825e+00
3.1804e+00
3.1804e+00
3.1742e+00
3.1700e+00
3.1646e+00
3.1738e+00
3.1725e+00
3.1675e+00
3.1571e+00
3.1517e+00
3.1479e+00
3.1329e+00
3.1304e+00
3.1304e+00
3.1195e+00
3.1141e+00
3.1149e+00
3.1103e+00
3.1078e+00
3.1128e+00
3.1091e+00
3.0990e+00
3.0919e+00
3.0786e+00
3.0886e+00
3.0802e+00
3.0819e+00
3.0790e+00
3.0786e+00
3.0723e+00
3.0798e+00
3.0748e+00
3.0710e+00
3.0656e+00
3.0681e+00
3.0715e+00
3.0710e+00
3.0648e+00
3.0677e+00
3.0673e+00
3.0652e+00
3.0727e+00
3.0618e+00
3.0602e+00
3.0543e+00
3.0414e+00
3.0368e+00
3.0292e+00
3.0175e+00
3.0213e+00
3.0112e+00
3.0058e+00
3.0025e+00
3.0041e+00
2.9933e+00
2.9874e+00
2.9849e+00
2.9899e+00
2.9803e+00
2.9878e+00
2.9828e+00
2.9794e+00
2.9727e+00
2.9828e+00
2.9694e+00
2.9702e+00
2.9581e+00
2.9493e+00
2.9409e+00
2.9355e+00
2.9279e+00
2.9216e+00
2.9066e+00
2.8994e+00
2.8927e+00
2.8919e+00
2.8793e+00
2.8688e+00
2.8613e+00
2.8562e+00
2.8483e+00
2.8470e+00
2.8441e+00
2.8399e+00
2.8302e+00
2.8424e+00
2.8353e+00
2.8294e+00
2.8206e+00
2.8147e+00
2.8105e+00
2.8042e+00
2.8000e+00
2.7971e+00
2.7929e+00
2.7899e+00
2.7891e+00
2.7870e+00
2.7819e+00
2.7849e+00
2.7945e+00
2.7887e+00
2.8017e+00
2.8067e+00
2.8143e+00
2.8206e+00
2.8214e+00
2.8374e+00
2.8453e+00
2.8525e+00
2.8630e+00
2.8713e+00
2.8709e+00
2.8789e+00
2.8818e+00
2.8906e+00
2.8961e+00
2.9040e+00
2.9078e+00
2.9166e+00
2.9191e+00
2.9225e+00
2.9267e+00
2.9351e+00
2.9351e+00
2.9439e+00
2.9468e+00
2.9418e+00
2.9472e+00
2.9468e+00
2.9593e+00
2.9589e+00
2.9539e+00
2.9480e+00
2.9443e+00
2.9371e+00
2.9338e+00
2.9258e+00
2.9183e+00
2.9175e+00
2.9057e+00
2.8999e+00
2.8952e+00
2.8802e+00
2.8730e+00
2.8621e+00
2.8558e+00
2.8449e+00
2.8286e+00
2.8239e+00
2.8118e+00
2.7929e+00
2.7798e+00
2.7735e+00
2.7567e+00
2.7492e+00
2.7345e+00
2.7122e+00
2.6924e+00
2.6731e+00
2.6550e+00
2.6415e+00
2.6246e+00
2.6158e+00
2.6053e+00
2.5893e+00
2.5686e+00
2.5568e+00
2.5382e+00
2.5252e+00
2.5100e+00
2.4918e+00
2.4737e+00
2.4678e+00
2.4496e+00
2.4382e+00
2.4225e+00
2.4158e+00
2.3993e+00
2.3955e+00
2.3735e+00
2.3705e+00
2.3490e+00
2.3282e+00
2.3138e+00
2.2990e+00
2.2838e+00
2.2838e+00
2.2710e+00
2.2579e+00
2.2333e+00
2.2223e+00
2.2087e+00
2.1968e+00
2.1799e+00
2.1688e+00
2.1527e+00
2.1438e+00
2.1276e+00
2.1141e+00
2.0958e+00
2.0792e+00
2.0639e+00
2.0588e+00
2.0358e+00
2.0252e+00
2.0124e+00
2.0035e+00
1.9784e+00
1.9579e+00
1.9451e+00
1.9336e+00
1.9289e+00
1.9166e+00
1.8987e+00
1.8901e+00
1.8795e+00
1.8692e+00
1.8577e+00
1.8415e+00
1.8248e+00
1.8116e+00
1.8035e+00
1.7868e+00
1.7719e+00
1.7689e+00
1.7539e+00
1.7402e+00
1.7265e+00
1.7184e+00
1.7017e+00
1.6996e+00
1.6842e+00
1.6684e+00
1.6521e+00
1.6337e+00
1.6230e+00
1.6114e+00
1.5921e+00
1.5839e+00
1.5715e+00
1.5595e+00
1.5449e+00
1.5398e+00
1.5213e+00
1.5102e+00
1.4977e+00
1.4835e+00
1.4595e+00
1.4466e+00
1.4380e+00
1.4341e+00
1.4165e+00
1.4010e+00
1.3855e+00
1.3795e+00
1.3627e+00
1.3627e+00
1.3434e+00
1.3412e+00
1.3253e+00
1.3154e+00
1.2955e+00
1.2830e+00
1.2736e+00
1.2589e+00
1.2412e+00
1.2382e+00
1.2223e+00
1.2106e+00
1.1925e+00
1.1808e+00
1.1674e+00
1.1592e+00
1.1476e+00
1.1385e+00
1.1216e+00
1.1117e+00
1.0996e+00
1.0884e+00
1.0693e+00
1.0611e+00
1.0438e+00
1.0412e+00
1.0295e+00
1.0178e+00
9.9749e-01
9.7713e-01
9.6197e-01
9.4897e-01
9.4160e-01
9.3813e-01
9.1862e-01
9.1255e-01
9.0171e-01
8.9303e-01
8.7698e-01
8.6656e-01
8.5527e-01
8.4355e-01
8.3791e-01
8.2618e-01
8.1272e-01
8.0663e-01
7.9621e-01
7.9881e-01
7.8882e-01
7.9534e-01
7.8838e-01
7.9317e-01
7.7578e-01
7.7534e-01
7.7839e-01
7.7013e-01
7.6665e-01
7.7578e-01
7.7013e-01
7.7361e-01
7.7056e-01
7.7969e-01
7.7143e-01
7.7882e-01
7.7665e-01
7.7534e-01
7.8578e-01
7.8578e-01
7.7491e-01
7.8143e-01
7.7926e-01
7.7839e-01
7.7187e-01
7.6926e-01
7.6100e-01
7.6708e-01
7.5709e-01
7.5187e-01
7.4839e-01
7.3664e-01
7.2533e-01
7.1881e-01
7.0836e-01
7.1881e-01
7.1010e-01
7.0706e-01
6.9835e-01
6.9400e-01
6.8051e-01
6.6613e-01
6.5742e-01
6.4044e-01
6.2911e-01
6.2213e-01
6.0862e-01
6.0688e-01
5.9162e-01
5.8028e-01
5.7112e-01
5.6807e-01
5.4843e-01
5.4276e-01
5.3054e-01
5.1264e-01
4.9692e-01
4.7770e-01
4.6066e-01
4.5629e-01
4.4230e-01
4.3836e-01
4.2656e-01
4.1475e-01
4.0032e-01
3.8544e-01
3.7144e-01
3.6794e-01
3.4999e-01
3.3641e-01
3.2722e-01
3.2240e-01
3.0838e-01
3.0049e-01
2.8603e-01
2.7244e-01
2.5666e-01
2.5709e-01
2.4262e-01
2.3209e-01
2.1981e-01
2.0971e-01
1.9303e-01
1.8469e-01
1.7547e-01
1.7240e-01
1.5263e-01
1.4297e-01
1.2934e-01
1.2451e-01
1.0957e-01
9.8135e-02
8.8021e-02
8.3183e-02
7.6585e-02
7.3506e-02
6.6028e-02
5.7668e-02
4.5787e-02
5.2388e-02
3.9625e-02
3.7425e-02
2.6420e-02
3.3463e-02
2.9061e-02
1.8055e-02
1.9376e-02
9.2480e-03
8.8080e-03
3.0830e-03
0000
9.2480e-03
9.2480e-03
3.5230e-03
1.4092e-02
1.2771e-02
1.1010e-02
1.9816e-02
2.5099e-02
2.7300e-02
3.0822e-02
3.4344e-02
4.0066e-02
5.3708e-02
5.6788e-02
7.3066e-02
8.2303e-02
9.7695e-02
1.0605e-01
1.0693e-01
1.1352e-01
1.2275e-01
1.2715e-01
1.3725e-01
1.4868e-01
1.6449e-01
1.6801e-01
1.8250e-01
2.0269e-01
2.1235e-01
2.5095e-01
2.7682e-01
3.3379e-01
3.5393e-01
4.3574e-01
4.6284e-01
5.7374e-01
6.2606e-01
7.5056e-01
8.1141e-01
9.6760e-01
1.0503e+00
1.2175e+00
1.3080e+00
1.4775e+00
1.5689e+00
1.7710e+00
1.8982e+00
2.0728e+00
2.2176e+00
2.4302e+00
2.5888e+00
2.7651e+00
2.9225e+00
3.1078e+00
3.2288e+00
3.4044e+00
3.4904e+00
3.6321e+00
3.7119e+00
3.8362e+00
3.8993e+00
4.0355e+00
4.1234e+00
4.2259e+00
4.2938e+00
4.4103e+00
4.4727e+00
4.5787e+00
4.6629e+00
4.7397e+00
4.8346e+00
4.9229e+00
4.9827e+00
5.0764e+00
5.1305e+00
5.2308e+00
5.2843e+00
5.3779e+00
5.4221e+00
5.4946e+00
5.5443e+00
5.6111e+00
5.6355e+00
5.7113e+00
5.7428e+00
5.8520e+00
5.9061e+00
5.9658e+00
6.0162e+00
6.0713e+00
6.1138e+00
6.1644e+00
6.2052e+00
6.2653e+00
6.3040e+00
6.3680e+00
6.4220e+00
6.4775e+00
6.5365e+00
6.5833e+00
6.6308e+00
6.6818e+00
6.7410e+00
6.7865e+00
6.8460e+00
6.8831e+00
6.9354e+00
6.9799e+00
7.0451e+00
7.0684e+00
7.1401e+00
7.1463e+00
7.2357e+00
7.2493e+00
7.2838e+00
7.2943e+00
7.3180e+00
7.3094e+00
7.3350e+00
7.3172e+00
7.3521e+00
7.3389e+00
7.3478e+00
7.3230e+00
7.3141e+00
7.2997e+00
7.2776e+00
7.2485e+00
7.2198e+00
7.1988e+00
7.1696e+00
7.1276e+00
7.0961e+00
7.0540e+00
7.0225e+00
6.9811e+00
6.9460e+00
6.8991e+00
6.8608e+00
6.8166e+00
6.7771e+00
6.7262e+00
6.6936e+00
6.6528e+00
6.6214e+00
6.5794e+00
6.5605e+00
6.5235e+00
6.4964e+00
6.4543e+00
6.4113e+00
6.3719e+00
6.3419e+00
6.3056e+00
6.2708e+00
6.2408e+00
6.2123e+00
6.1914e+00
6.1613e+00
6.1431e+00
6.1229e+00
6.1011e+00
6.0737e+00
6.0448e+00
6.0261e+00
5.9936e+00
5.9670e+00
5.9379e+00
5.9077e+00
5.8763e+00
5.8476e+00
5.8253e+00
5.7911e+00
5.7604e+00
5.7321e+00
5.7125e+00
5.6826e+00
5.6538e+00
5.6191e+00
5.5867e+00
5.5739e+00
5.5411e+00
5.5094e+00
5.4882e+00
5.4565e+00
5.4225e+00
5.3904e+00
5.3651e+00
5.3345e+00
5.3076e+00
5.2883e+00
5.2714e+00
5.2413e+00
5.2252e+00
5.2034e+00
5.2155e+00
5.1946e+00
5.2123e+00
5.2006e+00
5.2284e+00
5.2280e+00
5.2743e+00
5.2779e+00
5.3261e+00
5.3362e+00
5.3984e+00
5.4269e+00
5.4970e+00
5.5190e+00
5.5891e+00
5.6103e+00
5.6742e+00
5.6998e+00
5.7592e+00
5.7903e+00
5.8461e+00
5.8668e+00
5.9228e+00
5.9439e+00
5.9824e+00
5.9967e+00
6.0341e+00
6.0388e+00
6.0797e+00
6.0904e+00
6.1094e+00
6.1209e+00
6.1407e+00
6.1506e+00
6.1542e+00
6.1502e+00
6.1506e+00
6.1454e+00
6.1427e+00
6.1248e+00
6.1138e+00
6.1011e+00
6.0884e+00
6.0618e+00
6.0384e+00
6.0221e+00
5.9948e+00
5.9622e+00
5.9344e+00
5.9117e+00
5.8751e+00
5.8369e+00
5.8078e+00
5.7823e+00
5.7460e+00
5.7197e+00
5.6802e+00
5.6438e+00
5.5991e+00
5.5635e+00
5.5307e+00
5.5046e+00
5.4682e+00
5.4361e+00
5.3984e+00
5.3715e+00
5.3406e+00
5.3161e+00
5.2863e+00
5.2529e+00
5.2175e+00
5.1950e+00
5.1623e+00
5.1378e+00
5.1067e+00
5.0789e+00
5.0450e+00
5.0163e+00
4.9904e+00
4.9710e+00
4.9423e+00
4.9152e+00
4.8925e+00
4.8703e+00
4.8488e+00
4.8265e+00
4.7985e+00
4.7880e+00
4.7758e+00
4.7555e+00
4.7389e+00
4.7206e+00
4.7044e+00
4.6926e+00
4.6796e+00
4.6629e+00
4.6479e+00
4.6401e+00
4.6239e+00
4.6231e+00
4.6121e+00
4.5974e+00
4.5844e+00
4.5726e+00
4.5640e+00
4.5539e+00
4.5376e+00
4.5278e+00
4.5192e+00
4.5103e+00
4.4980e+00
4.4891e+00
4.4854e+00
4.4813e+00
4.4699e+00
4.4605e+00
4.4536e+00
4.4446e+00
4.4352e+00
4.4364e+00
4.4307e+00
4.4242e+00
4.4230e+00
4.4107e+00
4.3989e+00
4.3858e+00
4.3764e+00
4.3650e+00
4.3556e+00
4.3453e+00
4.3323e+00
4.3241e+00
4.3139e+00
4.2922e+00
4.2770e+00
4.2631e+00
4.2447e+00
4.2255e+00
4.2103e+00
4.1919e+00
4.1767e+00
4.1578e+00
4.1406e+00
4.1242e+00
4.1123e+00
4.0942e+00
4.0757e+00
4.0585e+00
4.0342e+00
4.0129e+00
3.9935e+00
3.9742e+00
3.9516e+00
3.9326e+00
3.9022e+00
3.8816e+00
3.8577e+00
3.8300e+00
3.7987e+00
3.7784e+00
3.7495e+00
3.7363e+00
3.7070e+00
3.6921e+00
3.6619e+00
3.6412e+00
3.6164e+00
3.5957e+00
3.5654e+00
3.5476e+00
3.5132e+00
3.4979e+00
3.4779e+00
3.4588e+00
3.4281e+00
3.4102e+00
3.3816e+00
3.3683e+00
3.3379e+00
3.3333e+00
3.3104e+00
3.2984e+00
3.2763e+00
3.2596e+00
3.2288e+00
3.2071e+00
3.1892e+00
3.1704e+00
3.1458e+00
3.1341e+00
3.1095e+00
3.0919e+00
3.0660e+00
3.0568e+00
3.0338e+00
3.0184e+00
2.9903e+00
2.9732e+00
2.9560e+00
2.9376e+00
2.9116e+00
2.8957e+00
2.8785e+00
2.8609e+00
2.8378e+00
2.8244e+00
2.8008e+00
2.7908e+00
2.7706e+00
2.7542e+00
2.7261e+00
2.7033e+00
2.6865e+00
2.6747e+00
2.6495e+00
2.6369e+00
2.6196e+00
2.6027e+00
2.5808e+00
2.5623e+00
2.5349e+00
2.5209e+00
2.5028e+00
2.4897e+00
2.4707e+00
2.4585e+00
2.4390e+00
2.4272e+00
2.4078e+00
2.3955e+00
2.3782e+00
2.3655e+00
2.3490e+00
2.3316e+00
2.3159e+00
2.3138e+00
2.2901e+00
2.2808e+00
2.2655e+00
2.2541e+00
2.2325e+00
2.2214e+00
2.1968e+00
2.1854e+00
2.1667e+00
2.1527e+00
2.1332e+00
2.1268e+00
2.1115e+00
2.0915e+00
2.0741e+00
2.0660e+00
2.0520e+00
2.0324e+00
2.0192e+00
2.0162e+00
2.0035e+00
1.9890e+00
1.9707e+00
1.9630e+00
1.9464e+00
1.9328e+00
1.9204e+00
1.9106e+00
1.8944e+00
1.8893e+00
1.8735e+00
1.8662e+00
1.8479e+00
1.8483e+00
1.8325e+00
1.8193e+00
1.8061e+00
1.7907e+00
1.7749e+00
1.7676e+00
1.7509e+00
1.7458e+00
1.7308e+00
1.7223e+00
1.7107e+00
1.7000e+00
1.6876e+00
1.6722e+00
1.6568e+00
1.6499e+00
1.6324e+00
1.6195e+00
1.6088e+00
1.6058e+00
1.5861e+00
1.5754e+00
1.5505e+00
1.5372e+00
1.5308e+00
1.5192e+00
1.5037e+00
1.4921e+00
1.4767e+00
1.4676e+00
1.4569e+00
1.4427e+00
1.4298e+00
1.4182e+00
1.4002e+00
1.3924e+00
1.3718e+00
1.3709e+00
1.3550e+00
1.3395e+00
1.3210e+00
1.3076e+00
1.2891e+00
1.2766e+00
1.2645e+00
1.2580e+00
1.2451e+00
1.2304e+00
1.2110e+00
1.2063e+00
1.1890e+00
1.1735e+00
1.1597e+00
1.1519e+00
1.1372e+00
1.1225e+00
1.1070e+00
1.1018e+00
1.0961e+00
1.0858e+00
1.0667e+00
1.0507e+00
1.0403e+00
1.0313e+00
1.0139e+00
1.0105e+00
9.9576e-01
9.8536e-01
9.6673e-01
9.6067e-01
9.4550e-01
9.3726e-01
9.1645e-01
9.1081e-01
8.9303e-01
8.8782e-01
8.7220e-01
8.5875e-01
8.3747e-01
8.2140e-01
8.0750e-01
8.0012e-01
7.8186e-01
7.7448e-01
7.5795e-01
7.5100e-01
7.3403e-01
7.2403e-01
7.0314e-01
6.8965e-01
6.7572e-01
6.6222e-01
6.4305e-01
6.3651e-01
6.2431e-01
6.1211e-01
5.9380e-01
5.8944e-01
5.7592e-01
5.6894e-01
5.6152e-01
5.5716e-01
5.4232e-01
5.3054e-01
5.2006e-01
5.1308e-01
5.0216e-01
4.9692e-01
4.8949e-01
4.8731e-01
4.7901e-01
4.7988e-01
4.6983e-01
4.6634e-01
4.6372e-01
4.5323e-01
4.4667e-01
4.4099e-01
4.3618e-01
4.3443e-01
4.2962e-01
4.2743e-01
4.1956e-01
4.1913e-01
4.1913e-01
4.0907e-01
4.1300e-01
4.1213e-01
4.1300e-01
4.1256e-01
4.0950e-01
4.1344e-01
4.0994e-01
4.1432e-01
4.1169e-01
4.0994e-01
4.0294e-01
3.9900e-01
3.9200e-01
3.9375e-01
3.8632e-01
3.8369e-01
3.8632e-01
3.8763e-01
3.8107e-01
3.7581e-01
3.6400e-01
3.6137e-01
3.4955e-01
3.5524e-01
3.3904e-01
3.3203e-01
3.2021e-01
3.0750e-01
2.9260e-01
