9.5209e-01
9.5439e-01
9.4636e-01
9.4253e-01
9.2779e-01
9.2368e-01
9.1334e-01
9.0290e-01
9.0156e-01
8.8766e-01
8.7434e-01
8.8153e-01
8.6503e-01
8.4402e-01
8.4402e-01
8.1741e-01
8.1232e-01
8.0155e-01
7.8549e-01
7.8126e-01
7.7221e-01
7.6538e-01
7.5007e-01
7.3590e-01
7.2000e-01
7.1151e-01
6.9974e-01
6.8854e-01
6.7473e-01
6.7512e-01
6.6159e-01
6.4942e-01
6.3714e-01
6.2514e-01
6.2204e-01
6.1372e-01
6.0036e-01
5.9474e-01
5.8428e-01
5.6412e-01
5.5791e-01
5.5568e-01
5.4772e-01
5.3792e-01
5.3540e-01
5.0422e-01
5.1306e-01
4.9353e-01
4.7456e-01
4.8371e-01
4.7233e-01
4.7573e-01
4.7203e-01
4.7155e-01
4.7028e-01
4.7758e-01
4.7962e-01
4.8779e-01
5.0402e-01
5.1675e-01
5.3015e-01
5.4336e-01
5.6188e-01
5.8089e-01
5.9668e-01
6.1207e-01
6.1691e-01
6.3549e-01
6.5270e-01
6.6826e-01
6.7831e-01
7.0379e-01
7.2192e-01
7.2327e-01
7.4496e-01
7.4756e-01
7.5411e-01
7.6259e-01
7.7433e-01
7.7905e-01
7.8742e-01
7.9780e-01
7.9665e-01
8.0088e-01
7.9876e-01
8.0549e-01
7.9299e-01
7.9338e-01
7.9020e-01
7.9588e-01
7.9117e-01
7.9309e-01
7.9136e-01
7.8944e-01
7.8511e-01
7.8549e-01
7.8299e-01
7.7548e-01
7.6952e-01
7.7000e-01
7.6124e-01
7.5026e-01
7.5517e-01
7.4544e-01
7.3822e-01
7.3812e-01
7.2752e-01
7.3214e-01
7.2723e-01
7.3735e-01
7.3070e-01
7.4486e-01
7.3966e-01
7.6509e-01
7.5806e-01
7.8684e-01
7.7808e-01
8.1376e-01
8.0588e-01
8.5285e-01
8.4987e-01
8.8364e-01
8.8910e-01
9.2282e-01
9.3459e-01
9.6338e-01
9.7475e-01
1.0082e+00
1.0261e+00
1.0415e+00
1.0616e+00
1.0678e+00
1.0855e+00
1.0817e+00
1.1031e+00
1.1069e+00
1.1236e+00
1.1278e+00
1.1274e+00
1.1338e+00
1.1372e+00
1.1443e+00
1.1364e+00
1.1320e+00
1.1295e+00
1.1296e+00
1.1213e+00
1.1242e+00
1.1130e+00
1.1048e+00
1.0920e+00
1.0828e+00
1.0698e+00
1.0598e+00
1.0488e+00
1.0331e+00
1.0209e+00
9.9700e-01
9.8182e-01
9.7026e-01
9.5659e-01
9.2531e-01
9.0893e-01
8.8354e-01
8.6455e-01
8.4440e-01
8.2423e-01
8.0982e-01
7.9809e-01
7.7163e-01
7.5594e-01
7.4053e-01
7.2250e-01
7.0794e-01
7.0032e-01
6.9076e-01
6.7271e-01
6.6768e-01
6.5522e-01
6.4961e-01
6.3907e-01
6.4400e-01
6.3675e-01
6.4536e-01
6.4178e-01
6.6005e-01
6.5560e-01
6.8285e-01
6.8256e-01
7.1344e-01
7.2009e-01
7.4563e-01
7.5402e-01
7.8366e-01
7.9549e-01
8.3259e-01
8.4632e-01
8.7012e-01
8.8402e-01
9.1200e-01
9.1832e-01
9.4521e-01
9.5946e-01
9.7905e-01
9.8812e-01
1.0099e+00
1.0155e+00
1.0368e+00
1.0416e+00
1.0514e+00
1.0610e+00
1.0660e+00
1.0698e+00
1.0703e+00
1.0698e+00
1.0740e+00
1.0754e+00
1.0678e+00
1.0626e+00
1.0635e+00
1.0581e+00
1.0533e+00
1.0395e+00
1.0327e+00
1.0293e+00
1.0046e+00
1.0001e+00
9.7685e-01
9.6385e-01
9.5802e-01
9.4435e-01
9.2808e-01
9.1286e-01
8.9916e-01
8.9744e-01
8.8019e-01
8.7309e-01
8.6091e-01
8.6091e-01
8.4747e-01
8.4066e-01
8.2443e-01
8.2347e-01
8.1165e-01
8.1059e-01
7.9444e-01
7.8780e-01
7.7260e-01
7.6981e-01
7.5642e-01
7.4429e-01
7.2887e-01
7.1749e-01
7.0485e-01
7.0244e-01
6.8661e-01
6.7753e-01
6.6343e-01
6.5676e-01
6.3694e-01
6.3394e-01
6.1043e-01
6.0259e-01
5.7885e-01
5.6363e-01
5.5277e-01
5.3792e-01
5.2656e-01
5.1908e-01
4.9946e-01
4.9051e-01
4.7768e-01
4.6610e-01
4.5491e-01
4.4429e-01
4.3543e-01
4.2305e-01
4.1340e-01
3.9887e-01
3.8931e-01
3.8736e-01
3.7896e-01
3.6813e-01
3.5533e-01
3.4957e-01
3.4439e-01
3.2904e-01
3.1671e-01
3.0605e-01
3.0585e-01
3.0096e-01
2.9244e-01
2.8509e-01
2.7451e-01
2.6344e-01
2.4716e-01
2.4363e-01
2.2970e-01
2.2401e-01
2.1252e-01
1.9474e-01
1.8452e-01
1.8324e-01
1.7783e-01
1.6800e-01
1.5708e-01
1.4990e-01
1.4281e-01
1.3227e-01
1.2577e-01
1.1159e-01
1.1563e-01
1.0971e-01
9.9856e-02
9.1179e-02
9.2658e-02
9.1376e-02
8.5458e-02
8.2498e-02
7.9538e-02
7.3815e-02
6.8979e-02
5.9798e-02
5.5454e-02
5.3676e-02
5.2787e-02
4.5478e-02
3.9254e-02
3.7673e-02
2.3835e-02
2.0869e-02
1.6914e-02
1.3651e-02
1.3651e-02
1.2365e-02
8.4090e-03
0000
1.0980e-02
9.9910e-03
1.4343e-02
1.0882e-02
2.7691e-02
3.1150e-02
5.3380e-02
5.2195e-02
7.7565e-02
8.2893e-02
1.0252e-01
1.0597e-01
1.3700e-01
1.4291e-01
1.7184e-01
1.7754e-01
2.1812e-01
2.2646e-01
2.7667e-01
2.9890e-01
3.7701e-01
4.0268e-01
4.9421e-01
5.4151e-01
6.3946e-01
7.1816e-01
8.2788e-01
9.0663e-01
1.0491e+00
1.1497e+00
1.2876e+00
1.4158e+00
1.5403e+00
1.6768e+00
1.7952e+00
1.9407e+00
2.0585e+00
2.2065e+00
2.3104e+00
2.4439e+00
2.5468e+00
2.6882e+00
2.7801e+00
2.9027e+00
2.9901e+00
3.1040e+00
3.1952e+00
3.2906e+00
3.3569e+00
3.4604e+00
3.5164e+00
3.5797e+00
3.6475e+00
3.7115e+00
3.7498e+00
3.8069e+00
3.8351e+00
3.8701e+00
3.9046e+00
3.9335e+00
3.9371e+00
3.9695e+00
3.9569e+00
3.9710e+00
3.9601e+00
3.9779e+00
3.9529e+00
3.9565e+00
3.9243e+00
3.9277e+00
3.8960e+00
3.8870e+00
3.8542e+00
3.8444e+00
3.8208e+00
3.8117e+00
3.7816e+00
3.7579e+00
3.7328e+00
3.7258e+00
3.6964e+00
3.6804e+00
3.6602e+00
3.6448e+00
3.6254e+00
3.6114e+00
3.5978e+00
3.5730e+00
3.5506e+00
3.5421e+00
3.5236e+00
3.5032e+00
3.4740e+00
3.4641e+00
3.4373e+00
3.4161e+00
3.3876e+00
3.3658e+00
3.3348e+00
3.3154e+00
3.2829e+00
3.2648e+00
3.2401e+00
3.2174e+00
3.1893e+00
3.1754e+00
3.1470e+00
3.1368e+00
3.1096e+00
3.0932e+00
3.0708e+00
3.0581e+00
3.0419e+00
3.0252e+00
3.0161e+00
3.0111e+00
3.0002e+00
2.9976e+00
2.9745e+00
2.9667e+00
2.9577e+00
2.9424e+00
2.9421e+00
2.9368e+00
2.9193e+00
2.9113e+00
2.8906e+00
2.8838e+00
2.8614e+00
2.8508e+00
2.8356e+00
2.8148e+00
2.7921e+00
2.7783e+00
2.7591e+00
2.7435e+00
2.7264e+00
2.7058e+00
2.6890e+00
2.6706e+00
2.6467e+00
2.6272e+00
2.6072e+00
2.5772e+00
2.5550e+00
2.5385e+00
2.5162e+00
2.4983e+00
2.4623e+00
2.4411e+00
2.4208e+00
2.3928e+00
2.3742e+00
2.3464e+00
2.3324e+00
2.3147e+00
2.2935e+00
2.2711e+00
2.2497e+00
2.2291e+00
2.2128e+00
2.1927e+00
2.1793e+00
2.1509e+00
2.1339e+00
2.1150e+00
2.1069e+00
2.0833e+00
2.0671e+00
2.0447e+00
2.0342e+00
2.0148e+00
2.0073e+00
1.9907e+00
1.9795e+00
1.9647e+00
1.9417e+00
1.9297e+00
1.9148e+00
1.8943e+00
1.8905e+00
1.8759e+00
1.8801e+00
1.8617e+00
1.8673e+00
1.8597e+00
1.8799e+00
1.8745e+00
1.9097e+00
1.8958e+00
1.9521e+00
1.9626e+00
2.0318e+00
2.0474e+00
2.1256e+00
2.1464e+00
2.2343e+00
2.2769e+00
2.3624e+00
2.4005e+00
2.4916e+00
2.5352e+00
2.6245e+00
2.6694e+00
2.7469e+00
2.7953e+00
2.8577e+00
2.8973e+00
2.9555e+00
2.9956e+00
3.0388e+00
3.0742e+00
3.1044e+00
3.1259e+00
3.1498e+00
3.1678e+00
3.1753e+00
3.1951e+00
3.2097e+00
3.2140e+00
3.2130e+00
3.2158e+00
3.2062e+00
3.2020e+00
3.1891e+00
3.1823e+00
3.1616e+00
3.1493e+00
3.1240e+00
3.1113e+00
3.0819e+00
3.0604e+00
3.0323e+00
3.0112e+00
2.9704e+00
2.9423e+00
2.8963e+00
2.8669e+00
2.8295e+00
2.7969e+00
2.7628e+00
2.7293e+00
2.6923e+00
2.6651e+00
2.6324e+00
2.6000e+00
2.5636e+00
2.5379e+00
2.5081e+00
2.4828e+00
2.4535e+00
2.4319e+00
2.4033e+00
2.3789e+00
2.3508e+00
2.3260e+00
2.3043e+00
2.2849e+00
2.2600e+00
2.2337e+00
2.2134e+00
2.1965e+00
2.1759e+00
2.1613e+00
2.1350e+00
2.1135e+00
2.0826e+00
2.0629e+00
2.0507e+00
2.0402e+00
2.0222e+00
2.0010e+00
1.9878e+00
1.9738e+00
1.9554e+00
1.9331e+00
1.9207e+00
1.9068e+00
1.8975e+00
1.8789e+00
1.8681e+00
1.8545e+00
1.8434e+00
1.8316e+00
1.8192e+00
1.8096e+00
1.7904e+00
1.7740e+00
1.7625e+00
1.7472e+00
1.7373e+00
1.7293e+00
1.7196e+00
1.7049e+00
1.6891e+00
1.6791e+00
1.6573e+00
1.6428e+00
1.6341e+00
1.6223e+00
1.6143e+00
1.6029e+00
1.5907e+00
1.5879e+00
1.5763e+00
1.5700e+00
1.5557e+00
1.5432e+00
1.5380e+00
1.5330e+00
1.5275e+00
1.5253e+00
1.5257e+00
1.5127e+00
1.5114e+00
1.5064e+00
1.5009e+00
1.4994e+00
1.5005e+00
1.4968e+00
1.4878e+00
1.4860e+00
1.4777e+00
1.4820e+00
1.4717e+00
1.4663e+00
1.4539e+00
1.4475e+00
1.4412e+00
1.4333e+00
1.4367e+00
1.4285e+00
1.4239e+00
1.4109e+00
1.4062e+00
1.3924e+00
1.3910e+00
1.3857e+00
1.3819e+00
1.3731e+00
1.3745e+00
1.3699e+00
1.3708e+00
1.3593e+00
1.3524e+00
1.3455e+00
1.3346e+00
1.3361e+00
1.3317e+00
1.3236e+00
1.3186e+00
1.3185e+00
1.2993e+00
1.2890e+00
1.2755e+00
1.2668e+00
1.2637e+00
1.2543e+00
1.2457e+00
1.2319e+00
1.2240e+00
1.2202e+00
1.2143e+00
1.2024e+00
1.1992e+00
1.1901e+00
1.1858e+00
1.1790e+00
1.1833e+00
1.1799e+00
1.1795e+00
1.1714e+00
1.1744e+00
1.1675e+00
1.1680e+00
1.1621e+00
1.1650e+00
1.1603e+00
1.1698e+00
1.1616e+00
1.1737e+00
1.1667e+00
1.1665e+00
1.1593e+00
1.1709e+00
1.1557e+00
1.1801e+00
1.1808e+00
1.2183e+00
1.2167e+00
1.2662e+00
1.2897e+00
1.3432e+00
1.3781e+00
1.4429e+00
1.4931e+00
1.5769e+00
1.6337e+00
1.7227e+00
1.8011e+00
1.8999e+00
1.9773e+00
2.0650e+00
2.1491e+00
2.2309e+00
2.3127e+00
2.3906e+00
2.4752e+00
2.5503e+00
2.6180e+00
2.6871e+00
2.7609e+00
2.8076e+00
2.8772e+00
2.9066e+00
2.9616e+00
2.9940e+00
3.0351e+00
3.0525e+00
3.0842e+00
3.1030e+00
3.1325e+00
3.1394e+00
3.1567e+00
3.1523e+00
3.1603e+00
3.1543e+00
3.1524e+00
3.1495e+00
3.1414e+00
3.1256e+00
3.1077e+00
3.0882e+00
3.0744e+00
3.0476e+00
3.0336e+00
2.9933e+00
2.9732e+00
2.9374e+00
2.9145e+00
2.8714e+00
2.8452e+00
2.7964e+00
2.7771e+00
2.7311e+00
2.7045e+00
2.6638e+00
2.6316e+00
2.5869e+00
2.5615e+00
2.5266e+00
2.5031e+00
2.4716e+00
2.4435e+00
2.4180e+00
2.4009e+00
2.3706e+00
2.3542e+00
2.3340e+00
2.3160e+00
2.3008e+00
2.2873e+00
2.2704e+00
2.2630e+00
2.2610e+00
2.2519e+00
2.2466e+00
2.2286e+00
2.2382e+00
2.2313e+00
2.2376e+00
2.2277e+00
2.2350e+00
2.2255e+00
2.2414e+00
2.2415e+00
2.2595e+00
2.2562e+00
2.2710e+00
2.2754e+00
2.2973e+00
2.2920e+00
2.3058e+00
2.3088e+00
2.3237e+00
2.3359e+00
2.3420e+00
2.3497e+00
2.3576e+00
2.3663e+00
2.3731e+00
2.3752e+00
2.3806e+00
2.3871e+00
2.4019e+00
2.4106e+00
2.4248e+00
2.4315e+00
2.4457e+00
2.4613e+00
2.4740e+00
2.4884e+00
2.5114e+00
2.5332e+00
2.5678e+00
2.5945e+00
2.6270e+00
2.6588e+00
2.6810e+00
2.7160e+00
2.7470e+00
2.7986e+00
2.8209e+00
2.8645e+00
2.9019e+00
2.9451e+00
2.9654e+00
3.0159e+00
3.0397e+00
3.0787e+00
3.1059e+00
3.1586e+00
3.1765e+00
3.2123e+00
3.2244e+00
3.2542e+00
3.2622e+00
3.2927e+00
3.2832e+00
3.3172e+00
3.3114e+00
3.3362e+00
3.3263e+00
3.3481e+00
3.3379e+00
3.3620e+00
3.3523e+00
3.3762e+00
3.3637e+00
3.3721e+00
3.3624e+00
3.3690e+00
3.3574e+00
3.3542e+00
3.3362e+00
3.3309e+00
3.3069e+00
3.2964e+00
3.2758e+00
3.2594e+00
3.2325e+00
3.2214e+00
3.2006e+00
3.1822e+00
3.1582e+00
3.1432e+00
3.1096e+00
3.0949e+00
3.0591e+00
3.0337e+00
3.0124e+00
2.9902e+00
2.9673e+00
2.9441e+00
2.9246e+00
2.9042e+00
2.8816e+00
2.8631e+00
2.8452e+00
2.8148e+00
2.7956e+00
2.7768e+00
2.7597e+00
2.7379e+00
2.7226e+00
2.7066e+00
2.6812e+00
2.6619e+00
2.6459e+00
2.6345e+00
2.6222e+00
2.6136e+00
2.5974e+00
2.5899e+00
2.5836e+00
2.5742e+00
2.5591e+00
2.5507e+00
2.5324e+00
2.5393e+00
2.5210e+00
2.5124e+00
2.5005e+00
2.4917e+00
2.4816e+00
2.4697e+00
2.4630e+00
2.4531e+00
2.4380e+00
2.4378e+00
2.4320e+00
2.4118e+00
2.4052e+00
2.3982e+00
2.3894e+00
2.3764e+00
2.3608e+00
2.3422e+00
2.3333e+00
2.3247e+00
2.3168e+00
2.3051e+00
2.2896e+00
2.2784e+00
2.2801e+00
2.2635e+00
2.2522e+00
2.2369e+00
2.2345e+00
2.2239e+00
2.2161e+00
2.2050e+00
2.1904e+00
2.1800e+00
2.1834e+00
2.1695e+00
2.1792e+00
2.1715e+00
2.2036e+00
2.2045e+00
2.2338e+00
2.2404e+00
2.2728e+00
2.2911e+00
2.3402e+00
2.3688e+00
2.4182e+00
2.4500e+00
2.5006e+00
2.5330e+00
2.5841e+00
2.6236e+00
2.6676e+00
2.7025e+00
2.7449e+00
2.7879e+00
2.8337e+00
2.8714e+00
2.8992e+00
2.9330e+00
2.9540e+00
2.9813e+00
2.9922e+00
3.0182e+00
3.0301e+00
3.0365e+00
3.0385e+00
3.0566e+00
3.0568e+00
3.0538e+00
3.0461e+00
3.0486e+00
3.0353e+00
3.0245e+00
3.0175e+00
3.0086e+00
3.0057e+00
2.9837e+00
2.9592e+00
2.9465e+00
2.9209e+00
2.9113e+00
2.8862e+00
2.8648e+00
2.8405e+00
2.8232e+00
2.7857e+00
2.7618e+00
2.7321e+00
2.7127e+00
2.6757e+00
2.6518e+00
2.6207e+00
2.6092e+00
2.5745e+00
2.5497e+00
2.5222e+00
2.5019e+00
2.4788e+00
2.4615e+00
2.4339e+00
2.4121e+00
2.3895e+00
2.3779e+00
2.3539e+00
2.3378e+00
2.3105e+00
2.2947e+00
2.2814e+00
2.2613e+00
2.2399e+00
2.2225e+00
2.2102e+00
2.1998e+00
2.1773e+00
2.1649e+00
2.1541e+00
2.1365e+00
2.1226e+00
2.1143e+00
2.1003e+00
2.0921e+00
2.0713e+00
2.0559e+00
2.0433e+00
2.0305e+00
2.0190e+00
2.0048e+00
2.0003e+00
1.9882e+00
1.9762e+00
1.9609e+00
1.9559e+00
1.9480e+00
1.9423e+00
1.9248e+00
1.9275e+00
1.9182e+00
1.9085e+00
1.8954e+00
1.8952e+00
1.8901e+00
1.8831e+00
1.8759e+00
1.8770e+00
1.8602e+00
1.8524e+00
1.8504e+00
1.8346e+00
1.8317e+00
1.8314e+00
1.8175e+00
1.8121e+00
1.8001e+00
1.7939e+00
1.7828e+00
1.7811e+00
1.7767e+00
1.7699e+00
1.7576e+00
1.7524e+00
1.7426e+00
1.7374e+00
1.7269e+00
1.7287e+00
1.7268e+00
1.7230e+00
1.7124e+00
1.7134e+00
1.7108e+00
1.7047e+00
1.6996e+00
1.6975e+00
1.6931e+00
1.6838e+00
1.6778e+00
1.6668e+00
1.6632e+00
1.6582e+00
1.6493e+00
1.6457e+00
1.6429e+00
1.6492e+00
1.6448e+00
1.6388e+00
1.6341e+00
1.6226e+00
1.6160e+00
1.6139e+00
1.6070e+00
1.6010e+00
1.5978e+00
1.5943e+00
1.5953e+00
1.5890e+00
1.5836e+00
1.5825e+00
1.5862e+00
1.5801e+00
1.5801e+00
1.5684e+00
1.5755e+00
1.5631e+00
1.5626e+00
1.5625e+00
1.5639e+00
1.5614e+00
1.5586e+00
1.5545e+00
1.5616e+00
1.5510e+00
1.5474e+00
1.5407e+00
1.5403e+00
1.5362e+00
1.5290e+00
1.5224e+00
1.5203e+00
1.5205e+00
1.5215e+00
1.5207e+00
1.5197e+00
1.5180e+00
1.5105e+00
1.5048e+00
1.5061e+00
1.4954e+00
1.4972e+00
1.4872e+00
1.4783e+00
1.4821e+00
1.4821e+00
1.4832e+00
1.4755e+00
1.4700e+00
1.4648e+00
1.4671e+00
1.4705e+00
1.4707e+00
1.4660e+00
1.4620e+00
1.4555e+00
1.4555e+00
1.4525e+00
1.4503e+00
1.4458e+00
1.4473e+00
1.4445e+00
1.4474e+00
1.4426e+00
1.4402e+00
1.4367e+00
1.4497e+00
1.4447e+00
1.4666e+00
1.4610e+00
1.5016e+00
1.5064e+00
1.5620e+00
1.5651e+00
1.6334e+00
1.6597e+00
1.7265e+00
1.7542e+00
1.8195e+00
1.8535e+00
1.9323e+00
1.9714e+00
2.0546e+00
2.1036e+00
2.1840e+00
2.2374e+00
2.3053e+00
2.3750e+00
2.4255e+00
2.4868e+00
2.5410e+00
2.5953e+00
2.6434e+00
2.6961e+00
2.7311e+00
2.7890e+00
2.8161e+00
2.8569e+00
2.8833e+00
2.9249e+00
2.9407e+00
2.9748e+00
2.9927e+00
3.0212e+00
3.0221e+00
3.0498e+00
3.0496e+00
3.0607e+00
3.0514e+00
3.0634e+00
3.0428e+00
3.0487e+00
3.0260e+00
3.0219e+00
2.9889e+00
2.9782e+00
2.9490e+00
2.9348e+00
2.9073e+00
2.8920e+00
2.8556e+00
2.8365e+00
2.8037e+00
2.7789e+00
2.7404e+00
2.7186e+00
2.6933e+00
2.6621e+00
2.6331e+00
2.6133e+00
2.5821e+00
2.5568e+00
2.5254e+00
2.4989e+00
2.4722e+00
2.4462e+00
2.4210e+00
2.4080e+00
2.3680e+00
2.3466e+00
2.3179e+00
2.2939e+00
2.2722e+00
2.2537e+00
2.2286e+00
2.2033e+00
2.1924e+00
2.1762e+00
2.1535e+00
2.1403e+00
2.1183e+00
2.1011e+00
2.0880e+00
2.0664e+00
2.0510e+00
2.0327e+00
2.0211e+00
1.9971e+00
1.9948e+00
1.9832e+00
1.9602e+00
1.9516e+00
1.9396e+00
1.9257e+00
1.9039e+00
1.8907e+00
1.8695e+00
1.8576e+00
1.8485e+00
1.8429e+00
1.8324e+00
1.8157e+00
1.8055e+00
1.8026e+00
1.7877e+00
1.7707e+00
1.7666e+00
1.7545e+00
1.7502e+00
1.7449e+00
1.7333e+00
1.7215e+00
1.7175e+00
1.7085e+00
1.6998e+00
1.6916e+00
1.6883e+00
1.6855e+00
1.6748e+00
1.6715e+00
1.6611e+00
1.6576e+00
1.6402e+00
1.6378e+00
1.6227e+00
1.6153e+00
1.6076e+00
1.5945e+00
1.5870e+00
1.5797e+00
1.5680e+00
1.5584e+00
1.5544e+00
1.5491e+00
1.5432e+00
1.5311e+00
1.5349e+00
1.5296e+00
1.5247e+00
1.5149e+00
1.5189e+00
1.5086e+00
1.5031e+00
1.5054e+00
1.4998e+00
1.4944e+00
1.4975e+00
1.4902e+00
1.4953e+00
1.4929e+00
1.4800e+00
1.4774e+00
1.4668e+00
1.4642e+00
1.4665e+00
1.4639e+00
1.4565e+00
1.4513e+00
1.4490e+00
1.4474e+00
1.4396e+00
1.4312e+00
1.4325e+00
1.4338e+00
1.4296e+00
1.4234e+00
1.4210e+00
1.4235e+00
1.4171e+00
1.4131e+00
1.4110e+00
1.4092e+00
1.4018e+00
1.4044e+00
1.4023e+00
1.3957e+00
1.3872e+00
1.3930e+00
1.3981e+00
1.4000e+00
1.3794e+00
1.3751e+00
1.3647e+00
1.3596e+00
1.3508e+00
1.3468e+00
1.3439e+00
1.3398e+00
1.3375e+00
1.3293e+00
1.3176e+00
1.3118e+00
1.3050e+00
1.3021e+00
1.3003e+00
1.2935e+00
1.2927e+00
1.2857e+00
1.2807e+00
1.2731e+00
1.2670e+00
1.2676e+00
1.2662e+00
1.2542e+00
1.2564e+00
1.2589e+00
1.2503e+00
1.2418e+00
1.2279e+00
1.2321e+00
1.2126e+00
1.2071e+00
1.1958e+00
1.1910e+00
1.1903e+00
1.1799e+00
1.1730e+00
1.1734e+00
1.1630e+00
1.1560e+00
1.1444e+00
1.1379e+00
1.1303e+00
1.1218e+00
1.1199e+00
1.1172e+00
1.1070e+00
1.1044e+00
1.1031e+00
1.0906e+00
1.0928e+00
1.0887e+00
1.0794e+00
1.0765e+00
1.0685e+00
1.0646e+00
1.0617e+00
1.0504e+00
1.0323e+00
1.0273e+00
1.0148e+00
1.0069e+00
1.0071e+00
1.0013e+00
1.0005e+00
9.9099e-01
9.8526e-01
9.7972e-01
9.7513e-01
9.7035e-01
9.6806e-01
9.6882e-01
9.7035e-01
9.6643e-01
9.6921e-01
9.7207e-01
9.7561e-01
9.7666e-01
9.8296e-01
9.9290e-01
9.9729e-01
1.0086e+00
1.0165e+00
1.0240e+00
1.0308e+00
1.0423e+00
1.0425e+00
1.0632e+00
1.0620e+00
1.0703e+00
1.0798e+00
1.0936e+00
1.1061e+00
1.1127e+00
1.1255e+00
1.1293e+00
1.1392e+00
1.1483e+00
1.1659e+00
1.1776e+00
1.1897e+00
1.1961e+00
1.2097e+00
1.2154e+00
1.2270e+00
1.2251e+00
1.2351e+00
1.2405e+00
1.2595e+00
1.2615e+00
1.2754e+00
1.2734e+00
1.2735e+00
1.2664e+00
1.2721e+00
1.2739e+00
1.2644e+00
1.2654e+00
1.2620e+00
1.2576e+00
1.2480e+00
1.2442e+00
1.2445e+00
1.2414e+00
1.2417e+00
1.2424e+00
1.2273e+00
1.2240e+00
1.2132e+00
1.2119e+00
1.2021e+00
1.1963e+00
1.1904e+00
1.1904e+00
1.1931e+00
1.1883e+00
1.1722e+00
1.1689e+00
1.1589e+00
1.1465e+00
1.1354e+00
1.1292e+00
1.1231e+00
1.1126e+00
1.0989e+00
1.0952e+00
1.0838e+00
1.0757e+00
1.0547e+00
1.0471e+00
1.0439e+00
1.0344e+00
1.0219e+00
1.0103e+00
9.9834e-01
9.9662e-01
9.9242e-01
9.8067e-01
9.6672e-01
9.4922e-01
9.3497e-01
9.2875e-01
9.2444e-01
9.1372e-01
9.0501e-01
8.8929e-01
8.8191e-01
8.7232e-01
8.6542e-01
8.5630e-01
8.5198e-01
8.4152e-01
8.3461e-01
8.2097e-01
8.2078e-01
8.1645e-01
8.1290e-01
8.0184e-01
7.8684e-01
7.8087e-01
7.6624e-01
7.6095e-01
7.5758e-01
7.4978e-01
7.4082e-01
7.2829e-01
7.2482e-01
7.2048e-01
7.1681e-01
7.0910e-01
7.0543e-01
7.0205e-01
6.9694e-01
6.8536e-01
6.9105e-01
6.8343e-01
6.9182e-01
6.9154e-01
6.7869e-01
6.8091e-01
6.7464e-01
6.6971e-01
6.6401e-01
6.5357e-01
6.5686e-01
6.5222e-01
6.4884e-01
6.4787e-01
6.4806e-01
6.4777e-01
6.5406e-01
6.5357e-01
6.7937e-01
7.0148e-01
7.4930e-01
7.7548e-01
8.3643e-01
8.7577e-01
9.4731e-01
1.0086e+00
1.0998e+00
1.1801e+00
1.2659e+00
1.3510e+00
1.4473e+00
1.5404e+00
1.6352e+00
1.7364e+00
1.8383e+00
1.9356e+00
2.0184e+00
2.1112e+00
2.1894e+00
2.2830e+00
2.3492e+00
2.4317e+00
2.4882e+00
2.5639e+00
2.6186e+00
2.6810e+00
2.7313e+00
2.7831e+00
2.8074e+00
2.8475e+00
2.8787e+00
2.9112e+00
2.9299e+00
2.9565e+00
2.9754e+00
2.9925e+00
3.0107e+00
3.0144e+00
3.0199e+00
3.0244e+00
3.0303e+00
3.0240e+00
3.0228e+00
3.0229e+00
2.9979e+00
2.9834e+00
2.9632e+00
2.9427e+00
2.8979e+00
2.8735e+00
2.8361e+00
2.8146e+00
2.7710e+00
2.7367e+00
2.6909e+00
2.6671e+00
2.6110e+00
2.5810e+00
2.5277e+00
2.5006e+00
2.4635e+00
2.4279e+00
2.3806e+00
2.3565e+00
2.3110e+00
2.2835e+00
2.2412e+00
2.2087e+00
2.1723e+00
2.1500e+00
2.1222e+00
2.0974e+00
2.0654e+00
2.0429e+00
2.0102e+00
1.9901e+00
1.9598e+00
1.9333e+00
1.9139e+00
1.8977e+00
1.8743e+00
1.8463e+00
1.8222e+00
1.8064e+00
1.7777e+00
1.7564e+00
1.7348e+00
1.7191e+00
1.7022e+00
1.6840e+00
1.6673e+00
1.6575e+00
1.6393e+00
1.6119e+00
1.5977e+00
1.5897e+00
1.5769e+00
1.5567e+00
1.5446e+00
1.5359e+00
1.5236e+00
1.5112e+00
1.5118e+00
1.5004e+00
1.4841e+00
1.4740e+00
1.4660e+00
1.4578e+00
1.4470e+00
1.4393e+00
1.4351e+00
1.4270e+00
1.4130e+00
1.4084e+00
1.3999e+00
1.3957e+00
1.3796e+00
1.3684e+00
1.3680e+00
1.3603e+00
1.3617e+00
1.3583e+00
1.3484e+00
1.3341e+00
1.3360e+00
1.3288e+00
1.3264e+00
1.3143e+00
1.3176e+00
1.3103e+00
1.3149e+00
1.3086e+00
1.3089e+00
1.3056e+00
1.3067e+00
1.2989e+00
1.3041e+00
1.2975e+00
1.2971e+00
1.2937e+00
1.2984e+00
1.2855e+00
1.2883e+00
1.2861e+00
1.2765e+00
1.2666e+00
1.2655e+00
1.2626e+00
1.2525e+00
1.2522e+00
1.2403e+00
1.2333e+00
1.2325e+00
1.2313e+00
1.2220e+00
1.2096e+00
1.2043e+00
1.2018e+00
1.2022e+00
1.1945e+00
1.1807e+00
1.1745e+00
1.1838e+00
1.1747e+00
1.1781e+00
1.1754e+00
1.1762e+00
1.1756e+00
1.1646e+00
1.1635e+00
1.1518e+00
1.1434e+00
1.1286e+00
1.1203e+00
1.1115e+00
1.1100e+00
1.1050e+00
1.0890e+00
1.0849e+00
1.0845e+00
1.0643e+00
1.0597e+00
1.0435e+00
1.0380e+00
1.0310e+00
1.0271e+00
1.0199e+00
1.0130e+00
1.0150e+00
1.0155e+00
1.0066e+00
1.0022e+00
9.9433e-01
9.8869e-01
9.8268e-01
9.7475e-01
9.6548e-01
9.6538e-01
9.5879e-01
9.5028e-01
9.5047e-01
9.5305e-01
9.4750e-01
9.4004e-01
9.2827e-01
9.2712e-01
9.1880e-01
9.1698e-01
9.0797e-01
9.0242e-01
8.9667e-01
8.8996e-01
8.7894e-01
8.7395e-01
8.6148e-01
8.5246e-01
8.4949e-01
8.4738e-01
8.4018e-01
8.3432e-01
8.2750e-01
8.1962e-01
8.1299e-01
8.0722e-01
7.9761e-01
7.8684e-01
7.8280e-01
7.7337e-01
7.6836e-01
7.6056e-01
7.5681e-01
7.5219e-01
7.5353e-01
7.5007e-01
7.3735e-01
7.3725e-01
7.3436e-01
7.3089e-01
7.2491e-01
7.2212e-01
7.2038e-01
7.1334e-01
7.1045e-01
7.0476e-01
7.0080e-01
6.9540e-01
6.9520e-01
6.9684e-01
6.9482e-01
6.9327e-01
6.9993e-01
7.0997e-01
7.1672e-01
7.2569e-01
7.4785e-01
7.6056e-01
7.7702e-01
7.9155e-01
8.1789e-01
8.3970e-01
8.6590e-01
8.8718e-01
9.2282e-01
9.5066e-01
9.8898e-01
1.0087e+00
1.0435e+00
1.0670e+00
1.1003e+00
1.1288e+00
1.1621e+00
1.1927e+00
1.2155e+00
1.2384e+00
1.2593e+00
1.2786e+00
1.2992e+00
1.3152e+00
1.3221e+00
1.3306e+00
1.3438e+00
1.3531e+00
1.3584e+00
1.3645e+00
1.3670e+00
1.3657e+00
1.3584e+00
1.3636e+00
1.3585e+00
1.3540e+00
1.3347e+00
1.3340e+00
1.3206e+00
1.3151e+00
1.3013e+00
1.2911e+00
1.2734e+00
1.2678e+00
1.2507e+00
1.2472e+00
1.2316e+00
1.2246e+00
1.2054e+00
1.1981e+00
1.1855e+00
1.1776e+00
1.1652e+00
1.1587e+00
1.1392e+00
1.1341e+00
1.1142e+00
1.1140e+00
1.0999e+00
1.0950e+00
1.0832e+00
1.0853e+00
1.0833e+00
1.0844e+00
1.0772e+00
1.0819e+00
1.0828e+00
1.0958e+00
1.0951e+00
1.1092e+00
1.1087e+00
1.1218e+00
1.1242e+00
1.1409e+00
1.1411e+00
1.1506e+00
1.1536e+00
1.1643e+00
1.1574e+00
1.1664e+00
1.1743e+00
1.1825e+00
1.1791e+00
1.1864e+00
1.1845e+00
1.1915e+00
1.1817e+00
1.1868e+00
1.1714e+00
