1.3575e+01
1.3576e+01
1.3555e+01
1.3554e+01
1.3536e+01
1.3525e+01
1.3511e+01
1.3501e+01
1.3485e+01
1.3473e+01
1.3461e+01
1.3457e+01
1.3439e+01
1.3432e+01
1.3414e+01
1.3408e+01
1.3400e+01
1.3382e+01
1.3373e+01
1.3370e+01
1.3354e+01
1.3348e+01
1.3337e+01
1.3328e+01
1.3316e+01
1.3315e+01
1.3305e+01
1.3296e+01
1.3281e+01
1.3276e+01
1.3266e+01
1.3261e+01
1.3249e+01
1.3243e+01
1.3227e+01
1.3239e+01
1.3219e+01
1.3208e+01
1.3197e+01
1.3187e+01
1.3178e+01
1.3163e+01
1.3161e+01
1.3153e+01
1.3141e+01
1.3132e+01
1.3127e+01
1.3119e+01
1.3116e+01
1.3105e+01
1.3094e+01
1.3082e+01
1.3085e+01
1.3074e+01
1.3067e+01
1.3058e+01
1.3055e+01
1.3052e+01
1.3041e+01
1.3024e+01
1.3016e+01
1.3010e+01
1.3010e+01
1.3006e+01
1.2999e+01
1.2991e+01
1.2975e+01
1.2978e+01
1.2963e+01
1.2953e+01
1.2946e+01
1.2933e+01
1.2919e+01
1.2912e+01
1.2902e+01
1.2896e+01
1.2890e+01
1.2885e+01
1.2874e+01
1.2858e+01
1.2859e+01
1.2846e+01
1.2837e+01
1.2828e+01
1.2828e+01
1.2820e+01
1.2814e+01
1.2815e+01
1.2815e+01
1.2810e+01
1.2802e+01
1.2800e+01
1.2795e+01
1.2787e+01
1.2788e+01
1.2781e+01
1.2779e+01
1.2774e+01
1.2771e+01
1.2777e+01
1.2766e+01
1.2762e+01
1.2767e+01
1.2763e+01
1.2760e+01
1.2759e+01
1.2763e+01
1.2768e+01
1.2773e+01
1.2769e+01
1.2776e+01
1.2772e+01
1.2789e+01
1.2791e+01
1.2812e+01
1.2816e+01
1.2828e+01
1.2832e+01
1.2844e+01
1.2848e+01
1.2868e+01
1.2868e+01
1.2883e+01
1.2890e+01
1.2896e+01
1.2903e+01
1.2914e+01
1.2913e+01
1.2918e+01
1.2927e+01
1.2917e+01
1.2916e+01
1.2925e+01
1.2911e+01
1.2920e+01
1.2911e+01
1.2909e+01
1.2901e+01
1.2903e+01
1.2900e+01
1.2897e+01
1.2890e+01
1.2887e+01
1.2878e+01
1.2876e+01
1.2870e+01
1.2876e+01
1.2868e+01
1.2856e+01
1.2854e+01
1.2848e+01
1.2843e+01
1.2838e+01
1.2833e+01
1.2823e+01
1.2810e+01
1.2810e+01
1.2805e+01
1.2791e+01
1.2792e+01
1.2761e+01
1.2763e+01
1.2736e+01
1.2719e+01
1.2705e+01
1.2696e+01
1.2679e+01
1.2661e+01
1.2649e+01
1.2648e+01
1.2629e+01
1.2620e+01
1.2612e+01
1.2599e+01
1.2578e+01
1.2562e+01
1.2551e+01
1.2536e+01
1.2519e+01
1.2509e+01
1.2502e+01
1.2492e+01
1.2482e+01
1.2473e+01
1.2467e+01
1.2453e+01
1.2447e+01
1.2441e+01
1.2420e+01
1.2412e+01
1.2395e+01
1.2397e+01
1.2382e+01
1.2374e+01
1.2372e+01
1.2359e+01
1.2367e+01
1.2354e+01
1.2368e+01
1.2365e+01
1.2387e+01
1.2389e+01
1.2414e+01
1.2413e+01
1.2451e+01
1.2456e+01
1.2508e+01
1.2511e+01
1.2593e+01
1.2608e+01
1.2678e+01
1.2707e+01
1.2767e+01
1.2800e+01
1.2874e+01
1.2880e+01
1.2963e+01
1.2977e+01
1.3052e+01
1.3084e+01
1.3141e+01
1.3186e+01
1.3236e+01
1.3272e+01
1.3303e+01
1.3321e+01
1.3367e+01
1.3359e+01
1.3416e+01
1.3418e+01
1.3449e+01
1.3450e+01
1.3473e+01
1.3466e+01
1.3493e+01
1.3495e+01
1.3503e+01
1.3497e+01
1.3504e+01
1.3492e+01
1.3497e+01
1.3492e+01
1.3479e+01
1.3475e+01
1.3461e+01
1.3445e+01
1.3433e+01
1.3414e+01
1.3400e+01
1.3375e+01
1.3358e+01
1.3350e+01
1.3320e+01
1.3321e+01
1.3289e+01
1.3272e+01
1.3232e+01
1.3214e+01
1.3186e+01
1.3165e+01
1.3133e+01
1.3123e+01
1.3101e+01
1.3085e+01
1.3055e+01
1.3035e+01
1.3008e+01
1.2988e+01
1.2968e+01
1.2948e+01
1.2917e+01
1.2902e+01
1.2875e+01
1.2858e+01
1.2834e+01
1.2809e+01
1.2786e+01
1.2764e+01
1.2737e+01
1.2722e+01
1.2693e+01
1.2675e+01
1.2651e+01
1.2645e+01
1.2609e+01
1.2605e+01
1.2573e+01
1.2559e+01
1.2532e+01
1.2506e+01
1.2483e+01
1.2470e+01
1.2442e+01
1.2434e+01
1.2402e+01
1.2393e+01
1.2368e+01
1.2349e+01
1.2325e+01
1.2315e+01
1.2290e+01
1.2275e+01
1.2256e+01
1.2245e+01
1.2224e+01
1.2217e+01
1.2198e+01
1.2182e+01
1.2166e+01
1.2157e+01
1.2126e+01
1.2118e+01
1.2103e+01
1.2095e+01
1.2080e+01
1.2076e+01
1.2052e+01
1.2053e+01
1.2032e+01
1.2026e+01
1.2000e+01
1.1987e+01
1.1978e+01
1.1967e+01
1.1955e+01
1.1947e+01
1.1941e+01
1.1929e+01
1.1921e+01
1.1912e+01
1.1908e+01
1.1896e+01
1.1898e+01
1.1890e+01
1.1898e+01
1.1894e+01
1.1893e+01
1.1886e+01
1.1883e+01
1.1877e+01
1.1879e+01
1.1864e+01
1.1864e+01
1.1864e+01
1.1858e+01
1.1849e+01
1.1845e+01
1.1845e+01
1.1831e+01
1.1833e+01
1.1818e+01
1.1805e+01
1.1791e+01
1.1774e+01
1.1769e+01
1.1760e+01
1.1748e+01
1.1741e+01
1.1731e+01
1.1723e+01
1.1707e+01
1.1695e+01
1.1686e+01
1.1673e+01
1.1661e+01
1.1648e+01
1.1639e+01
1.1632e+01
1.1619e+01
1.1611e+01
1.1597e+01
1.1589e+01
1.1577e+01
1.1563e+01
1.1552e+01
1.1541e+01
1.1525e+01
1.1514e+01
1.1499e+01
1.1491e+01
1.1478e+01
1.1476e+01
1.1451e+01
1.1443e+01
1.1429e+01
1.1409e+01
1.1393e+01
1.1383e+01
1.1365e+01
1.1360e+01
1.1346e+01
1.1339e+01
1.1321e+01
1.1311e+01
1.1292e+01
1.1286e+01
1.1269e+01
1.1262e+01
1.1250e+01
1.1241e+01
1.1227e+01
1.1219e+01
1.1207e+01
1.1200e+01
1.1182e+01
1.1175e+01
1.1159e+01
1.1151e+01
1.1138e+01
1.1134e+01
1.1124e+01
1.1115e+01
1.1095e+01
1.1100e+01
1.1082e+01
1.1082e+01
1.1063e+01
1.1048e+01
1.1032e+01
1.1022e+01
1.1009e+01
1.0995e+01
1.0983e+01
1.0979e+01
1.0970e+01
1.0959e+01
1.0945e+01
1.0931e+01
1.0924e+01
1.0907e+01
1.0902e+01
1.0892e+01
1.0884e+01
1.0874e+01
1.0862e+01
1.0847e+01
1.0839e+01
1.0832e+01
1.0819e+01
1.0816e+01
1.0813e+01
1.0795e+01
1.0789e+01
1.0787e+01
1.0775e+01
1.0777e+01
1.0773e+01
1.0760e+01
1.0751e+01
1.0738e+01
1.0739e+01
1.0731e+01
1.0727e+01
1.0719e+01
1.0721e+01
1.0716e+01
1.0709e+01
1.0699e+01
1.0700e+01
1.0688e+01
1.0691e+01
1.0682e+01
1.0685e+01
1.0677e+01
1.0673e+01
1.0664e+01
1.0660e+01
1.0652e+01
1.0652e+01
1.0638e+01
1.0631e+01
1.0625e+01
1.0625e+01
1.0615e+01
1.0613e+01
1.0606e+01
1.0591e+01
1.0596e+01
1.0577e+01
1.0566e+01
1.0561e+01
1.0548e+01
1.0536e+01
1.0530e+01
1.0522e+01
1.0515e+01
1.0498e+01
1.0493e+01
1.0483e+01
1.0473e+01
1.0459e+01
1.0454e+01
1.0437e+01
1.0427e+01
1.0422e+01
1.0412e+01
1.0394e+01
1.0386e+01
1.0377e+01
1.0369e+01
1.0356e+01
1.0351e+01
1.0334e+01
1.0328e+01
1.0321e+01
1.0310e+01
1.0296e+01
1.0292e+01
1.0273e+01
1.0278e+01
1.0261e+01
1.0249e+01
1.0234e+01
1.0222e+01
1.0210e+01
1.0194e+01
1.0184e+01
1.0179e+01
1.0165e+01
1.0160e+01
1.0152e+01
1.0132e+01
1.0124e+01
1.0112e+01
1.0104e+01
1.0089e+01
1.0084e+01
1.0071e+01
1.0061e+01
1.0053e+01
1.0044e+01
1.0028e+01
1.0022e+01
1.0012e+01
1.0002e+01
9.9923e+00
9.9836e+00
9.9759e+00
9.9654e+00
9.9630e+00
9.9434e+00
9.9382e+00
9.9263e+00
9.9200e+00
9.9130e+00
9.8948e+00
9.8822e+00
9.8742e+00
9.8665e+00
9.8581e+00
9.8388e+00
9.8343e+00
9.8220e+00
9.8119e+00
9.8115e+00
9.7972e+00
9.7839e+00
9.7786e+00
9.7712e+00
9.7576e+00
9.7572e+00
9.7502e+00
9.7383e+00
9.7285e+00
9.7218e+00
9.7102e+00
9.6986e+00
9.6951e+00
9.6906e+00
9.6832e+00
9.6758e+00
9.6793e+00
9.6625e+00
9.6576e+00
9.6498e+00
9.6404e+00
9.6347e+00
9.6267e+00
9.6224e+00
9.6193e+00
9.6140e+00
9.6101e+00
9.6077e+00
9.5989e+00
9.6028e+00
9.5866e+00
9.5985e+00
9.5961e+00
9.6161e+00
9.6144e+00
9.6435e+00
9.6411e+00
9.6779e+00
9.6762e+00
9.7208e+00
9.7330e+00
9.7814e+00
9.7947e+00
9.8448e+00
9.8710e+00
9.9221e+00
9.9528e+00
1.0005e+01
1.0046e+01
1.0090e+01
1.0110e+01
1.0168e+01
1.0188e+01
1.0241e+01
1.0261e+01
1.0308e+01
1.0340e+01
1.0390e+01
1.0417e+01
1.0460e+01
1.0472e+01
1.0507e+01
1.0513e+01
1.0549e+01
1.0553e+01
1.0605e+01
1.0601e+01
1.0624e+01
1.0623e+01
1.0644e+01
1.0640e+01
1.0657e+01
1.0647e+01
1.0656e+01
1.0650e+01
1.0654e+01
1.0646e+01
1.0645e+01
1.0650e+01
1.0632e+01
1.0622e+01
1.0604e+01
1.0594e+01
1.0573e+01
1.0561e+01
1.0544e+01
1.0535e+01
1.0520e+01
1.0509e+01
1.0478e+01
1.0467e+01
1.0437e+01
1.0426e+01
1.0406e+01
1.0396e+01
1.0366e+01
1.0356e+01
1.0327e+01
1.0314e+01
1.0292e+01
1.0287e+01
1.0260e+01
1.0247e+01
1.0225e+01
1.0214e+01
1.0190e+01
1.0184e+01
1.0154e+01
1.0156e+01
1.0126e+01
1.0124e+01
1.0101e+01
1.0088e+01
1.0069e+01
1.0062e+01
1.0044e+01
1.0040e+01
1.0021e+01
1.0021e+01
1.0011e+01
1.0006e+01
9.9912e+00
9.9846e+00
9.9710e+00
9.9657e+00
9.9511e+00
9.9427e+00
9.9301e+00
9.9263e+00
9.9095e+00
9.9067e+00
9.8934e+00
9.8850e+00
9.8777e+00
9.8714e+00
9.8507e+00
9.8448e+00
9.8290e+00
9.8357e+00
9.8126e+00
9.8084e+00
9.7835e+00
9.7769e+00
9.7625e+00
9.7572e+00
9.7397e+00
9.7316e+00
9.7144e+00
9.7088e+00
9.6941e+00
9.6888e+00
9.6713e+00
9.6593e+00
9.6484e+00
9.6386e+00
9.6365e+00
9.6256e+00
9.6115e+00
9.5950e+00
9.5883e+00
9.5785e+00
9.5700e+00
9.5637e+00
9.5563e+00
9.5451e+00
9.5204e+00
9.5077e+00
9.4922e+00
9.4933e+00
9.4732e+00
9.4679e+00
9.4559e+00
9.4425e+00
9.4231e+00
9.4044e+00
9.3903e+00
9.3864e+00
9.3702e+00
9.3550e+00
9.3416e+00
9.3331e+00
9.3218e+00
9.3098e+00
9.2978e+00
9.2864e+00
9.2822e+00
9.2645e+00
9.2479e+00
9.2411e+00
9.2249e+00
9.2132e+00
9.1969e+00
9.1802e+00
9.1714e+00
9.1575e+00
9.1419e+00
9.1309e+00
9.1054e+00
9.1104e+00
9.0852e+00
9.0777e+00
9.0525e+00
9.0326e+00
9.0088e+00
9.0006e+00
8.9785e+00
8.9768e+00
8.9465e+00
8.9558e+00
8.9234e+00
8.9134e+00
8.8942e+00
8.8820e+00
8.8489e+00
8.8403e+00
8.8282e+00
8.8136e+00
8.7954e+00
8.7815e+00
8.7586e+00
8.7454e+00
8.7254e+00
8.7168e+00
8.7025e+00
8.6893e+00
8.6707e+00
8.6592e+00
8.6381e+00
8.6327e+00
8.6112e+00
8.6055e+00
8.5826e+00
8.5693e+00
8.5546e+00
8.5442e+00
8.5173e+00
8.5047e+00
8.4886e+00
8.4696e+00
8.4552e+00
8.4408e+00
8.4225e+00
8.4006e+00
8.3883e+00
8.3660e+00
8.3577e+00
8.3426e+00
8.3300e+00
8.3189e+00
8.3138e+00
8.2983e+00
8.2864e+00
8.2706e+00
8.2612e+00
8.2446e+00
8.2414e+00
8.2352e+00
8.2111e+00
8.2028e+00
8.1876e+00
8.1714e+00
8.1692e+00
8.1537e+00
8.1287e+00
8.1121e+00
8.1020e+00
8.0900e+00
8.0774e+00
8.0611e+00
8.0499e+00
8.0365e+00
8.0292e+00
8.0093e+00
8.0017e+00
7.9861e+00
7.9778e+00
7.9684e+00
7.9564e+00
7.9372e+00
7.9317e+00
7.9219e+00
7.9154e+00
7.9042e+00
7.9045e+00
7.9002e+00
7.8857e+00
7.8831e+00
7.8748e+00
7.8675e+00
7.8530e+00
7.8417e+00
7.8297e+00
7.8243e+00
7.8206e+00
7.8144e+00
7.7970e+00
7.7857e+00
7.7708e+00
7.7562e+00
7.7515e+00
7.7417e+00
7.7275e+00
7.7213e+00
7.7107e+00
7.6994e+00
7.6900e+00
7.6805e+00
7.6736e+00
7.6648e+00
7.6608e+00
7.6499e+00
7.6422e+00
7.6258e+00
7.6160e+00
7.6149e+00
7.6065e+00
7.6024e+00
7.5930e+00
7.5736e+00
7.5685e+00
7.5612e+00
7.5535e+00
7.5411e+00
7.5378e+00
7.5250e+00
7.5257e+00
7.5181e+00
7.5177e+00
7.5024e+00
7.5042e+00
7.4958e+00
7.5060e+00
7.4947e+00
7.4980e+00
7.4892e+00
7.4965e+00
7.4859e+00
7.4881e+00
7.4786e+00
7.4874e+00
7.4789e+00
7.4888e+00
7.4844e+00
7.4757e+00
7.4822e+00
7.4786e+00
7.4749e+00
7.4753e+00
7.4669e+00
7.4599e+00
7.4445e+00
7.4416e+00
7.4350e+00
7.4284e+00
7.4219e+00
7.4164e+00
7.4046e+00
7.3922e+00
7.3827e+00
7.3746e+00
7.3647e+00
7.3570e+00
7.3445e+00
7.3357e+00
7.3222e+00
7.3108e+00
7.3038e+00
7.3023e+00
7.2821e+00
7.2704e+00
7.2671e+00
7.2524e+00
7.2344e+00
7.2307e+00
7.2304e+00
7.2079e+00
7.2054e+00
7.1859e+00
7.1730e+00
7.1553e+00
7.1384e+00
7.1193e+00
7.1148e+00
7.1001e+00
7.0924e+00
7.0776e+00
7.0692e+00
7.0577e+00
7.0492e+00
7.0382e+00
7.0256e+00
7.0079e+00
7.0017e+00
6.9943e+00
6.9847e+00
6.9684e+00
6.9662e+00
6.9518e+00
6.9407e+00
6.9256e+00
6.9186e+00
6.9041e+00
6.8956e+00
6.8823e+00
6.8805e+00
6.8642e+00
6.8716e+00
6.8509e+00
6.8427e+00
6.8276e+00
6.8183e+00
6.7998e+00
6.7846e+00
6.7690e+00
6.7642e+00
6.7542e+00
6.7464e+00
6.7253e+00
6.7156e+00
6.7064e+00
6.6900e+00
6.6796e+00
6.6689e+00
6.6592e+00
6.6470e+00
6.6384e+00
6.6243e+00
6.6128e+00
6.6001e+00
6.5864e+00
6.5749e+00
6.5641e+00
6.5574e+00
6.5462e+00
6.5343e+00
6.5242e+00
6.5198e+00
6.5060e+00
6.4948e+00
6.4822e+00
6.4650e+00
6.4527e+00
6.4397e+00
6.4289e+00
6.4177e+00
6.4109e+00
6.3968e+00
6.3882e+00
6.3785e+00
6.3747e+00
6.3636e+00
6.3636e+00
6.3512e+00
6.3531e+00
6.3441e+00
6.3464e+00
6.3411e+00
6.3393e+00
6.3262e+00
6.3307e+00
6.3206e+00
6.3225e+00
6.3116e+00
6.3105e+00
6.3056e+00
6.3030e+00
6.3075e+00
6.3101e+00
6.3027e+00
6.2896e+00
6.2772e+00
6.2683e+00
6.2611e+00
6.2656e+00
6.2582e+00
6.2585e+00
6.2488e+00
6.2436e+00
6.2376e+00
6.2364e+00
6.2305e+00
6.2308e+00
6.2237e+00
6.2245e+00
6.2159e+00
6.2084e+00
6.2039e+00
6.2013e+00
6.1979e+00
6.1825e+00
6.1728e+00
6.1638e+00
6.1589e+00
6.1514e+00
6.1555e+00
6.1439e+00
6.1443e+00
6.1319e+00
6.1256e+00
6.1109e+00
6.0963e+00
6.0813e+00
6.0700e+00
6.0576e+00
6.0509e+00
6.0445e+00
6.0355e+00
6.0197e+00
6.0054e+00
5.9968e+00
5.9855e+00
5.9799e+00
5.9656e+00
5.9490e+00
5.9358e+00
5.9340e+00
5.9246e+00
5.9178e+00
5.9042e+00
5.8956e+00
5.8835e+00
5.8775e+00
5.8658e+00
5.8549e+00
5.8553e+00
5.8417e+00
5.8406e+00
5.8315e+00
5.8149e+00
5.8051e+00
5.7874e+00
5.7757e+00
5.7666e+00
5.7576e+00
5.7515e+00
5.7406e+00
5.7266e+00
5.7221e+00
5.7115e+00
5.7066e+00
5.6952e+00
5.6850e+00
5.6752e+00
5.6688e+00
5.6620e+00
5.6559e+00
5.6533e+00
5.6491e+00
5.6355e+00
5.6279e+00
5.6215e+00
5.6150e+00
5.6075e+00
5.5999e+00
5.5916e+00
5.5829e+00
5.5893e+00
5.5711e+00
5.5571e+00
5.5491e+00
5.5374e+00
5.5253e+00
5.5192e+00
5.5078e+00
5.4998e+00
5.4877e+00
5.4797e+00
5.4604e+00
5.4467e+00
5.4444e+00
5.4315e+00
5.4205e+00
5.4137e+00
5.4004e+00
5.3909e+00
5.3802e+00
5.3707e+00
5.3574e+00
5.3441e+00
5.3331e+00
5.3312e+00
5.3217e+00
5.3095e+00
5.2931e+00
5.2950e+00
5.2962e+00
5.3011e+00
5.2866e+00
5.2695e+00
5.2565e+00
5.2520e+00
5.2386e+00
5.2283e+00
5.2123e+00
5.1990e+00
5.1883e+00
5.1799e+00
5.1688e+00
5.1505e+00
5.1410e+00
5.1257e+00
5.1131e+00
5.0978e+00
5.0959e+00
5.0837e+00
5.0703e+00
5.0565e+00
5.0489e+00
5.0378e+00
5.0328e+00
5.0168e+00
5.0060e+00
5.0038e+00
4.9911e+00
4.9854e+00
4.9770e+00
4.9586e+00
4.9494e+00
4.9383e+00
4.9229e+00
4.9118e+00
4.9114e+00
4.9053e+00
4.8938e+00
4.8834e+00
4.8804e+00
4.8700e+00
4.8643e+00
4.8485e+00
4.8382e+00
4.8286e+00
4.8270e+00
4.8159e+00
4.8163e+00
4.8044e+00
4.7982e+00
4.7898e+00
4.7844e+00
4.7736e+00
4.7640e+00
4.7606e+00
4.7510e+00
4.7571e+00
4.7471e+00
4.7383e+00
4.7321e+00
4.7163e+00
4.7056e+00
4.6956e+00
4.6848e+00
4.6790e+00
4.6709e+00
4.6628e+00
4.6509e+00
4.6397e+00
4.6393e+00
4.6270e+00
4.6181e+00
4.6108e+00
4.6054e+00
4.5900e+00
4.5746e+00
4.5661e+00
4.5599e+00
4.5584e+00
4.5483e+00
4.5348e+00
4.5209e+00
4.5194e+00
4.5124e+00
4.5148e+00
4.5024e+00
4.5001e+00
4.4893e+00
4.4761e+00
4.4653e+00
4.4495e+00
4.4429e+00
4.4398e+00
4.4340e+00
4.4255e+00
4.4170e+00
4.4023e+00
4.4023e+00
4.3880e+00
4.3856e+00
4.3721e+00
4.3771e+00
4.3733e+00
4.3729e+00
4.3589e+00
4.3628e+00
4.3535e+00
4.3585e+00
4.3434e+00
4.3535e+00
4.3423e+00
4.3531e+00
4.3485e+00
4.3547e+00
4.3512e+00
4.3651e+00
4.3504e+00
4.3574e+00
4.3508e+00
4.3562e+00
4.3523e+00
4.3601e+00
4.3578e+00
4.3605e+00
4.3574e+00
4.3659e+00
4.3585e+00
4.3678e+00
4.3601e+00
4.3709e+00
4.3702e+00
4.3853e+00
4.3756e+00
4.3926e+00
4.3876e+00
4.3949e+00
4.3914e+00
4.3953e+00
4.3988e+00
4.4042e+00
4.4116e+00
4.4058e+00
4.3942e+00
4.4007e+00
4.3868e+00
4.3841e+00
4.3709e+00
4.3721e+00
4.3640e+00
4.3605e+00
4.3469e+00
4.3338e+00
4.3194e+00
4.3101e+00
4.2869e+00
4.2694e+00
4.2554e+00
4.2446e+00
4.2314e+00
4.2124e+00
4.1914e+00
4.1817e+00
4.1685e+00
4.1471e+00
4.1304e+00
4.1141e+00
4.1039e+00
4.0822e+00
4.0915e+00
4.0674e+00
4.0510e+00
4.0269e+00
4.0121e+00
3.9848e+00
3.9750e+00
3.9481e+00
3.9423e+00
3.9150e+00
3.8986e+00
3.8802e+00
3.8626e+00
3.8353e+00
3.8185e+00
3.7946e+00
3.7770e+00
3.7578e+00
3.7363e+00
3.7136e+00
3.6960e+00
3.6787e+00
3.6697e+00
3.6505e+00
3.6297e+00
3.6156e+00
3.6011e+00
3.5838e+00
3.5771e+00
3.5579e+00
3.5543e+00
3.5398e+00
3.5268e+00
3.5190e+00
3.5025e+00
3.4911e+00
3.4808e+00
3.4702e+00
3.4592e+00
3.4556e+00
3.4529e+00
3.4446e+00
3.4368e+00
3.4273e+00
3.4171e+00
3.4084e+00
3.4005e+00
3.3978e+00
3.3844e+00
3.3824e+00
3.3702e+00
3.3670e+00
3.3536e+00
3.3485e+00
3.3379e+00
3.3331e+00
3.3225e+00
3.3087e+00
3.3193e+00
3.3146e+00
3.3103e+00
3.2972e+00
3.2882e+00
3.2822e+00
3.2728e+00
3.2609e+00
3.2495e+00
3.2420e+00
3.2360e+00
3.2309e+00
3.2218e+00
3.2123e+00
3.1985e+00
3.1949e+00
3.1894e+00
3.1835e+00
3.1803e+00
3.1815e+00
3.1720e+00
3.1621e+00
3.1597e+00
3.1597e+00
3.1562e+00
3.1518e+00
3.1467e+00
3.1471e+00
3.1423e+00
3.1344e+00
3.1380e+00
3.1301e+00
3.1352e+00
3.1281e+00
3.1273e+00
3.1162e+00
3.1099e+00
3.0992e+00
3.0889e+00
3.0857e+00
3.0853e+00
3.0774e+00
3.0722e+00
3.0639e+00
3.0548e+00
3.0492e+00
3.0417e+00
3.0334e+00
3.0219e+00
3.0183e+00
3.0144e+00
3.0056e+00
2.9973e+00
2.9917e+00
2.9822e+00
2.9711e+00
2.9648e+00
2.9517e+00
2.9389e+00
2.9342e+00
2.9207e+00
2.9036e+00
2.8948e+00
2.8797e+00
2.8678e+00
2.8543e+00
2.8324e+00
2.8248e+00
2.8109e+00
2.7910e+00
2.7707e+00
2.7595e+00
2.7484e+00
2.7384e+00
2.7217e+00
2.7161e+00
2.7009e+00
2.6914e+00
2.6790e+00
2.6706e+00
2.6555e+00
2.6471e+00
2.6419e+00
2.6323e+00
2.6203e+00
2.6159e+00
2.6067e+00
2.5956e+00
2.5820e+00
2.5784e+00
2.5764e+00
2.5672e+00
2.5736e+00
2.5680e+00
2.5608e+00
2.5592e+00
2.5472e+00
2.5368e+00
2.5264e+00
2.5220e+00
2.5180e+00
2.5096e+00
2.5000e+00
2.4912e+00
2.4748e+00
2.4752e+00
2.4679e+00
2.4639e+00
2.4571e+00
2.4523e+00
2.4435e+00
2.4379e+00
2.4287e+00
2.4235e+00
2.4203e+00
2.4135e+00
2.4066e+00
2.3998e+00
2.3994e+00
2.4006e+00
2.4026e+00
2.3926e+00
2.3858e+00
2.3878e+00
2.3786e+00
2.3705e+00
2.3601e+00
2.3549e+00
2.3477e+00
2.3481e+00
2.3437e+00
2.3384e+00
2.3288e+00
2.3244e+00
2.3176e+00
2.3115e+00
2.3003e+00
2.2923e+00
2.2774e+00
2.2730e+00
2.2657e+00
2.2593e+00
2.2525e+00
2.2469e+00
2.2388e+00
2.2243e+00
2.2239e+00
2.2123e+00
2.1978e+00
2.1825e+00
2.1740e+00
2.1680e+00
2.1503e+00
2.1426e+00
2.1273e+00
2.1144e+00
2.1023e+00
2.0987e+00
2.0834e+00
2.0745e+00
2.0588e+00
2.0527e+00
2.0362e+00
2.0330e+00
2.0180e+00
2.0075e+00
1.9958e+00
1.9914e+00
1.9829e+00
1.9724e+00
1.9570e+00
1.9453e+00
1.9385e+00
1.9316e+00
1.9223e+00
1.9118e+00
1.9000e+00
1.8859e+00
1.8673e+00
1.8592e+00
1.8454e+00
1.8337e+00
1.8252e+00
1.8098e+00
1.7968e+00
1.7842e+00
1.7696e+00
1.7603e+00
1.7518e+00
1.7441e+00
1.7275e+00
1.7193e+00
1.7112e+00
1.7068e+00
1.6970e+00
1.6881e+00
1.6844e+00
1.6792e+00
1.6698e+00
1.6601e+00
1.6593e+00
1.6503e+00
1.6479e+00
1.6393e+00
1.6255e+00
1.6231e+00
1.6076e+00
1.5967e+00
1.5934e+00
1.5877e+00
1.5792e+00
1.5718e+00
1.5645e+00
1.5552e+00
1.5434e+00
1.5381e+00
1.5226e+00
1.5108e+00
1.5010e+00
1.4949e+00
1.4827e+00
1.4684e+00
1.4570e+00
1.4594e+00
1.4427e+00
1.4285e+00
1.4170e+00
1.4089e+00
1.3966e+00
1.3844e+00
1.3819e+00
1.3726e+00
1.3579e+00
1.3436e+00
1.3235e+00
1.3186e+00
1.3031e+00
1.2888e+00
1.2778e+00
1.2671e+00
1.2503e+00
1.2397e+00
1.2262e+00
1.2111e+00
1.1947e+00
1.1914e+00
1.1709e+00
1.1594e+00
1.1467e+00
1.1344e+00
1.1119e+00
1.1029e+00
1.0906e+00
1.0852e+00
1.0680e+00
1.0553e+00
1.0384e+00
1.0245e+00
1.0269e+00
1.0150e+00
9.9940e-01
9.8255e-01
9.6446e-01
9.5336e-01
9.3197e-01
9.1798e-01
9.1304e-01
9.0481e-01
8.8217e-01
8.7187e-01
8.6446e-01
8.5086e-01
8.3479e-01
8.1996e-01
7.9728e-01
7.8326e-01
7.7047e-01
7.6222e-01
7.5603e-01
7.4612e-01
7.3043e-01
7.2011e-01
7.0359e-01
6.9078e-01
6.7632e-01
6.6434e-01
6.5566e-01
6.4077e-01
6.3829e-01
6.2795e-01
6.1389e-01
5.9982e-01
5.8533e-01
5.6381e-01
5.4807e-01
5.4558e-01
5.3067e-01
5.1410e-01
5.0995e-01
4.9503e-01
4.7969e-01
4.7223e-01
4.5854e-01
4.4858e-01
4.3655e-01
4.2285e-01
4.1787e-01
4.1123e-01
4.0292e-01
3.8964e-01
3.8133e-01
3.7801e-01
3.6637e-01
3.5599e-01
3.5183e-01
3.4975e-01
3.3811e-01
3.2689e-01
3.3687e-01
3.2398e-01
3.2107e-01
3.0651e-01
3.0027e-01
2.9320e-01
2.7864e-01
2.6366e-01
2.5533e-01
2.4659e-01
2.4159e-01
2.3576e-01
2.2452e-01
2.1285e-01
2.0411e-01
1.9452e-01
1.8160e-01
1.7243e-01
1.6618e-01
1.5951e-01
1.4825e-01
1.3990e-01
1.3115e-01
1.2489e-01
1.1445e-01
1.0486e-01
8.8994e-02
8.8994e-02
8.3984e-02
8.0643e-02
7.5633e-02
7.2709e-02
6.8951e-02
5.9762e-02
5.0572e-02
4.4305e-02
2.8008e-02
2.4665e-02
1.7559e-02
8.3620e-03
5.0180e-03
9.6160e-03
4.1800e-04
8.3620e-03
0000
1.5469e-02
8.7800e-03
2.7590e-02
1.9649e-02
5.0154e-02
5.3496e-02
9.7760e-02
1.1112e-01
1.6576e-01
1.7618e-01
2.3743e-01
2.5117e-01
3.1982e-01
3.3354e-01
4.1497e-01
4.4277e-01
5.1990e-01
5.6878e-01
6.4077e-01
6.7839e-01
7.4199e-01
7.8656e-01
8.5581e-01
8.8093e-01
9.4143e-01
9.8502e-01
1.0360e+00
1.0684e+00
1.1275e+00
1.1521e+00
1.1951e+00
1.2156e+00
1.2520e+00
1.2688e+00
1.3027e+00
1.3207e+00
1.3444e+00
1.3534e+00
1.3742e+00
1.3840e+00
1.4085e+00
1.4166e+00
1.4272e+00
1.4378e+00
1.4427e+00
1.4766e+00
1.4802e+00
1.5071e+00
1.5100e+00
1.5112e+00
1.5018e+00
1.4973e+00
1.4916e+00
1.4855e+00
1.4806e+00
1.4725e+00
1.4656e+00
1.4603e+00
1.4501e+00
1.4423e+00
1.4248e+00
1.4150e+00
1.4068e+00
1.4011e+00
1.3983e+00
1.3921e+00
1.3770e+00
1.3677e+00
1.3452e+00
1.3338e+00
1.3162e+00
1.2962e+00
1.2728e+00
1.2638e+00
1.2450e+00
1.2430e+00
1.2180e+00
1.2070e+00
1.1746e+00
1.1439e+00
1.1271e+00
1.1049e+00
1.0840e+00
1.0663e+00
1.0458e+00
1.0343e+00
1.0158e+00
9.9612e-01
9.7474e-01
9.5254e-01
9.2498e-01
9.1057e-01
8.9946e-01
8.7846e-01
8.6446e-01
8.4221e-01
8.2779e-01
8.1542e-01
8.1377e-01
7.9769e-01
7.8986e-01
7.8656e-01
7.8532e-01
7.8903e-01
7.9316e-01
7.8779e-01
7.8986e-01
7.8326e-01
7.9604e-01
7.8862e-01
8.1254e-01
8.1089e-01
8.2119e-01
8.2325e-01
8.3356e-01
8.3850e-01
8.5251e-01
8.5498e-01
8.6817e-01
8.6693e-01
8.8505e-01
8.8505e-01
8.9658e-01
8.9781e-01
9.0934e-01
9.0193e-01
9.0481e-01
8.9946e-01
9.0564e-01
9.0687e-01
8.9987e-01
8.9905e-01
8.9123e-01
8.8217e-01
8.7476e-01
8.6075e-01
8.4551e-01
8.4304e-01
8.2861e-01
8.2902e-01
8.0553e-01
7.9852e-01
7.7294e-01
7.6345e-01
7.3745e-01
7.2837e-01
7.0483e-01
6.9326e-01
6.6599e-01
6.6268e-01
6.3043e-01
6.1844e-01
5.9816e-01
5.8533e-01
5.6256e-01
5.5014e-01
5.3233e-01
5.2777e-01
5.0249e-01
5.0166e-01
4.8052e-01
4.6642e-01
4.4360e-01
4.2285e-01
4.0292e-01
3.8881e-01
3.6928e-01
3.5973e-01
3.4102e-01
3.2481e-01
3.1150e-01
2.9528e-01
2.7989e-01
2.5450e-01
2.4492e-01
2.2452e-01
2.0786e-01
1.8577e-01
1.7577e-01
1.6201e-01
1.5325e-01
1.3406e-01
1.3281e-01
1.1028e-01
1.0569e-01
1.0277e-01
8.9829e-02
7.8556e-02
6.9368e-02
5.1825e-02
