5.8587e+00
5.8576e+00
5.8586e+00
5.8524e+00
5.8559e+00
5.8541e+00
5.8492e+00
5.8488e+00
5.8503e+00
5.8430e+00
5.8426e+00
5.8337e+00
5.8317e+00
5.8306e+00
5.8261e+00
5.8161e+00
5.8097e+00
5.8091e+00
5.8059e+00
5.8032e+00
5.7909e+00
5.7874e+00
5.7784e+00
5.7757e+00
5.7771e+00
5.7740e+00
5.7674e+00
5.7645e+00
5.7596e+00
5.7559e+00
5.7487e+00
5.7499e+00
5.7428e+00
5.7303e+00
5.7268e+00
5.7306e+00
5.7147e+00
5.7080e+00
5.7077e+00
5.7065e+00
5.7040e+00
5.6978e+00
5.6818e+00
5.6736e+00
5.6799e+00
5.6780e+00
5.6744e+00
5.6642e+00
5.6582e+00
5.6532e+00
5.6480e+00
5.6430e+00
5.6394e+00
5.6371e+00
5.6234e+00
5.6174e+00
5.6113e+00
5.6078e+00
5.6078e+00
5.5999e+00
5.5963e+00
5.5931e+00
5.5838e+00
5.5771e+00
5.5746e+00
5.5699e+00
5.5641e+00
5.5595e+00
5.5530e+00
5.5535e+00
5.5472e+00
5.5402e+00
5.5387e+00
5.5330e+00
5.5308e+00
5.5207e+00
5.5192e+00
5.5129e+00
5.5138e+00
5.5051e+00
5.5000e+00
5.4966e+00
5.4907e+00
5.4852e+00
5.4804e+00
5.4788e+00
5.4737e+00
5.4622e+00
5.4591e+00
5.4561e+00
5.4539e+00
5.4496e+00
5.4452e+00
5.4378e+00
5.4329e+00
5.4275e+00
5.4187e+00
5.4225e+00
5.4175e+00
5.4082e+00
5.3995e+00
5.3997e+00
5.3884e+00
5.3776e+00
5.3795e+00
5.3793e+00
5.3808e+00
5.3745e+00
5.3684e+00
5.3597e+00
5.3584e+00
5.3542e+00
5.3501e+00
5.3518e+00
5.3435e+00
5.3371e+00
5.3263e+00
5.3277e+00
5.3306e+00
5.3267e+00
5.3296e+00
5.3239e+00
5.3205e+00
5.3242e+00
5.3114e+00
5.3089e+00
5.3072e+00
5.3054e+00
5.2995e+00
5.2998e+00
5.3007e+00
5.2980e+00
5.3027e+00
5.3012e+00
5.2937e+00
5.2880e+00
5.2928e+00
5.2896e+00
5.2867e+00
5.2837e+00
5.2777e+00
5.2699e+00
5.2698e+00
5.2615e+00
5.2629e+00
5.2598e+00
5.2512e+00
5.2508e+00
5.2524e+00
5.2447e+00
5.2445e+00
5.2451e+00
5.2449e+00
5.2404e+00
5.2369e+00
5.2277e+00
5.2281e+00
5.2267e+00
5.2254e+00
5.2198e+00
5.2195e+00
5.2120e+00
5.2105e+00
5.1974e+00
5.2074e+00
5.1960e+00
5.1928e+00
5.1923e+00
5.1861e+00
5.1854e+00
5.1824e+00
5.1778e+00
5.1658e+00
5.1645e+00
5.1601e+00
5.1562e+00
5.1485e+00
5.1449e+00
5.1501e+00
5.1435e+00
5.1425e+00
5.1418e+00
5.1338e+00
5.1381e+00
5.1280e+00
5.1210e+00
5.1199e+00
5.1136e+00
5.1034e+00
5.0974e+00
5.0891e+00
5.0854e+00
5.0856e+00
5.0821e+00
5.0693e+00
5.0677e+00
5.0613e+00
5.0593e+00
5.0495e+00
5.0435e+00
5.0465e+00
5.0435e+00
5.0423e+00
5.0364e+00
5.0349e+00
5.0346e+00
5.0262e+00
5.0196e+00
5.0130e+00
5.0119e+00
5.0120e+00
5.0037e+00
5.0041e+00
4.9951e+00
4.9899e+00
4.9931e+00
4.9916e+00
4.9879e+00
4.9844e+00
4.9754e+00
4.9732e+00
4.9668e+00
4.9668e+00
4.9627e+00
4.9528e+00
4.9541e+00
4.9527e+00
4.9506e+00
4.9509e+00
4.9440e+00
4.9374e+00
4.9373e+00
4.9440e+00
4.9427e+00
4.9393e+00
4.9342e+00
4.9360e+00
4.9357e+00
4.9373e+00
4.9337e+00
4.9280e+00
4.9292e+00
4.9188e+00
4.9205e+00
4.9194e+00
4.9165e+00
4.9246e+00
4.9247e+00
4.9332e+00
4.9326e+00
4.9241e+00
4.9266e+00
4.9185e+00
4.9207e+00
4.9118e+00
4.9082e+00
4.9084e+00
4.9031e+00
4.8975e+00
4.8890e+00
4.8896e+00
4.8916e+00
4.8832e+00
4.8841e+00
4.8780e+00
4.8749e+00
4.8669e+00
4.8630e+00
4.8599e+00
4.8537e+00
4.8526e+00
4.8505e+00
4.8453e+00
4.8434e+00
4.8324e+00
4.8317e+00
4.8282e+00
4.8204e+00
4.8223e+00
4.8147e+00
4.8076e+00
4.7972e+00
4.7907e+00
4.7884e+00
4.7778e+00
4.7752e+00
4.7693e+00
4.7584e+00
4.7520e+00
4.7513e+00
4.7435e+00
4.7425e+00
4.7361e+00
4.7325e+00
4.7344e+00
4.7329e+00
4.7238e+00
4.7202e+00
4.7127e+00
4.7112e+00
4.7069e+00
4.7050e+00
4.7069e+00
4.7032e+00
4.7034e+00
4.6967e+00
4.6921e+00
4.6892e+00
4.6897e+00
4.6876e+00
4.6966e+00
4.6937e+00
4.6863e+00
4.6831e+00
4.6870e+00
4.6870e+00
4.6839e+00
4.6797e+00
4.6767e+00
4.6764e+00
4.6854e+00
4.6808e+00
4.6876e+00
4.6882e+00
4.6863e+00
4.6870e+00
4.6810e+00
4.6812e+00
4.6829e+00
4.6822e+00
4.6825e+00
4.6816e+00
4.6832e+00
4.6810e+00
4.6837e+00
4.6857e+00
4.6806e+00
4.6873e+00
4.6886e+00
4.6897e+00
4.6895e+00
4.6900e+00
4.6934e+00
4.6995e+00
4.7048e+00
4.7105e+00
4.7105e+00
4.7113e+00
4.7180e+00
4.7212e+00
4.7171e+00
4.7221e+00
4.7228e+00
4.7234e+00
4.7148e+00
4.7140e+00
4.7176e+00
4.7151e+00
4.7154e+00
4.7108e+00
4.7042e+00
4.7055e+00
4.7038e+00
4.7015e+00
4.6934e+00
4.6924e+00
4.6895e+00
4.6838e+00
4.6805e+00
4.6793e+00
4.6738e+00
4.6718e+00
4.6652e+00
4.6606e+00
4.6503e+00
4.6481e+00
4.6491e+00
4.6411e+00
4.6336e+00
4.6331e+00
4.6256e+00
4.6247e+00
4.6176e+00
4.6025e+00
4.5978e+00
4.5955e+00
4.5892e+00
4.5812e+00
4.5711e+00
4.5689e+00
4.5658e+00
4.5612e+00
4.5559e+00
4.5520e+00
4.5377e+00
4.5312e+00
4.5249e+00
4.5172e+00
4.5080e+00
4.5014e+00
4.4978e+00
4.4966e+00
4.4885e+00
4.4867e+00
4.4785e+00
4.4796e+00
4.4819e+00
4.4877e+00
4.4860e+00
4.4854e+00
4.4842e+00
4.4858e+00
4.4829e+00
4.4934e+00
4.5019e+00
4.5134e+00
4.5157e+00
4.5331e+00
4.5507e+00
4.5671e+00
4.5788e+00
4.5926e+00
4.6122e+00
4.6263e+00
4.6530e+00
4.6780e+00
4.6963e+00
4.7161e+00
4.7434e+00
4.7684e+00
4.7853e+00
4.8087e+00
4.8252e+00
4.8506e+00
4.8763e+00
4.8923e+00
4.9074e+00
4.9243e+00
4.9384e+00
4.9419e+00
4.9508e+00
4.9575e+00
4.9627e+00
4.9613e+00
4.9716e+00
4.9709e+00
4.9724e+00
4.9726e+00
4.9734e+00
4.9718e+00
4.9632e+00
4.9617e+00
4.9649e+00
4.9616e+00
4.9514e+00
4.9476e+00
4.9406e+00
4.9404e+00
4.9288e+00
4.9220e+00
4.9079e+00
4.8978e+00
4.8884e+00
4.8682e+00
4.8583e+00
4.8503e+00
4.8370e+00
4.8272e+00
4.8103e+00
4.7993e+00
4.7869e+00
4.7749e+00
4.7645e+00
4.7503e+00
4.7355e+00
4.7270e+00
4.7155e+00
4.7069e+00
4.6890e+00
4.6861e+00
4.6687e+00
4.6633e+00
4.6482e+00
4.6469e+00
4.6345e+00
4.6202e+00
4.6154e+00
4.6092e+00
4.5981e+00
4.5945e+00
4.5858e+00
4.5823e+00
4.5666e+00
4.5658e+00
4.5556e+00
4.5489e+00
4.5403e+00
4.5309e+00
4.5280e+00
4.5215e+00
4.5154e+00
4.5151e+00
4.5090e+00
4.5064e+00
4.5060e+00
4.5011e+00
4.4934e+00
4.4901e+00
4.4850e+00
4.4747e+00
4.4755e+00
4.4677e+00
4.4585e+00
4.4524e+00
4.4476e+00
4.4431e+00
4.4325e+00
4.4204e+00
4.4137e+00
4.4087e+00
4.4027e+00
4.3926e+00
4.3925e+00
4.3846e+00
4.3732e+00
4.3689e+00
4.3670e+00
4.3603e+00
4.3563e+00
4.3533e+00
4.3461e+00
4.3382e+00
4.3303e+00
4.3225e+00
4.3256e+00
4.3181e+00
4.3116e+00
4.2996e+00
4.2913e+00
4.3069e+00
4.3003e+00
4.2967e+00
4.2868e+00
4.2801e+00
4.2820e+00
4.2788e+00
4.2566e+00
4.2575e+00
4.2144e+00
4.2208e+00
4.1900e+00
4.1971e+00
4.1545e+00
4.1641e+00
4.1426e+00
4.1548e+00
4.1144e+00
4.1249e+00
4.1345e+00
4.1198e+00
4.1503e+00
4.1254e+00
4.1662e+00
4.1489e+00
4.1800e+00
4.1726e+00
4.1802e+00
4.1721e+00
4.1785e+00
4.1728e+00
4.1693e+00
4.1600e+00
4.1536e+00
4.1495e+00
4.1430e+00
4.1320e+00
4.1360e+00
4.1293e+00
4.1205e+00
4.1184e+00
4.1156e+00
4.1206e+00
4.1109e+00
4.1091e+00
4.1082e+00
4.0997e+00
4.0945e+00
4.0863e+00
4.0843e+00
4.0798e+00
4.0768e+00
4.0685e+00
4.0674e+00
4.0612e+00
4.0551e+00
4.0476e+00
4.0477e+00
4.0445e+00
4.0368e+00
4.0315e+00
4.0217e+00
4.0094e+00
4.0023e+00
4.0011e+00
3.9983e+00
3.9943e+00
3.9909e+00
3.9837e+00
3.9806e+00
3.9751e+00
3.9720e+00
3.9656e+00
3.9667e+00
3.9606e+00
3.9483e+00
3.9421e+00
3.9437e+00
3.9376e+00
3.9386e+00
3.9397e+00
3.9425e+00
3.9386e+00
3.9341e+00
3.9259e+00
3.9220e+00
3.9151e+00
3.9082e+00
3.8996e+00
3.8973e+00
3.8974e+00
3.8884e+00
3.8774e+00
3.8695e+00
3.8658e+00
3.8582e+00
3.8533e+00
3.8509e+00
3.8463e+00
3.8462e+00
3.8402e+00
3.8346e+00
3.8306e+00
3.8252e+00
3.8216e+00
3.8167e+00
3.8123e+00
3.8136e+00
3.8094e+00
3.8086e+00
3.8097e+00
3.8028e+00
3.7969e+00
3.8035e+00
3.7947e+00
3.7889e+00
3.7803e+00
3.7761e+00
3.7724e+00
3.7727e+00
3.7649e+00
3.7600e+00
3.7518e+00
3.7485e+00
3.7494e+00
3.7424e+00
3.7315e+00
3.7281e+00
3.7244e+00
3.7229e+00
3.7204e+00
3.7204e+00
3.7123e+00
3.7066e+00
3.7108e+00
3.7069e+00
3.7013e+00
3.6960e+00
3.6933e+00
3.6851e+00
3.6824e+00
3.6808e+00
3.6823e+00
3.6762e+00
3.6709e+00
3.6645e+00
3.6593e+00
3.6550e+00
3.6345e+00
3.6279e+00
3.6174e+00
3.6140e+00
3.6087e+00
3.6013e+00
3.6007e+00
3.5920e+00
3.5799e+00
3.5683e+00
3.5745e+00
3.5727e+00
3.5679e+00
3.5634e+00
3.5556e+00
3.5592e+00
3.5533e+00
3.5410e+00
3.5394e+00
3.5314e+00
3.5278e+00
3.5298e+00
3.5256e+00
3.5184e+00
3.5125e+00
3.5079e+00
3.5052e+00
3.5022e+00
3.5059e+00
3.4965e+00
3.4932e+00
3.4882e+00
3.4810e+00
3.4773e+00
3.4724e+00
3.4657e+00
3.4622e+00
3.4589e+00
3.4567e+00
3.4464e+00
3.4404e+00
3.4421e+00
3.4361e+00
3.4334e+00
3.4267e+00
3.4304e+00
3.4246e+00
3.4168e+00
3.4218e+00
3.4213e+00
3.4158e+00
3.4117e+00
3.4121e+00
3.4152e+00
3.4121e+00
3.4090e+00
3.4072e+00
3.4106e+00
3.4046e+00
3.4072e+00
3.4033e+00
3.4003e+00
3.3971e+00
3.3992e+00
3.3914e+00
3.3875e+00
3.3810e+00
3.3819e+00
3.3685e+00
3.3688e+00
3.3728e+00
3.3662e+00
3.3627e+00
3.3587e+00
3.3558e+00
3.3537e+00
3.3469e+00
3.3425e+00
3.3364e+00
3.3344e+00
3.3329e+00
3.3279e+00
3.3261e+00
3.3219e+00
3.3183e+00
3.3119e+00
3.3109e+00
3.3065e+00
3.3059e+00
3.2995e+00
3.2921e+00
3.2899e+00
3.2843e+00
3.2787e+00
3.2761e+00
3.2733e+00
3.2630e+00
3.2581e+00
3.2541e+00
3.2550e+00
3.2448e+00
3.2394e+00
3.2371e+00
3.2264e+00
3.2231e+00
3.2138e+00
3.2106e+00
3.2073e+00
3.2026e+00
3.1963e+00
3.1922e+00
3.1911e+00
3.1860e+00
3.1757e+00
3.1747e+00
3.1725e+00
3.1710e+00
3.1667e+00
3.1650e+00
3.1664e+00
3.1625e+00
3.1553e+00
3.1513e+00
3.1490e+00
3.1425e+00
3.1346e+00
3.1361e+00
3.1324e+00
3.1293e+00
3.1200e+00
3.1142e+00
3.1074e+00
3.1035e+00
3.0953e+00
3.0883e+00
3.0819e+00
3.0820e+00
3.0752e+00
3.0687e+00
3.0685e+00
3.0668e+00
3.0674e+00
3.0614e+00
3.0588e+00
3.0591e+00
3.0542e+00
3.0553e+00
3.0532e+00
3.0560e+00
3.0516e+00
3.0457e+00
3.0355e+00
3.0434e+00
3.0376e+00
3.0344e+00
3.0261e+00
3.0314e+00
3.0294e+00
3.0261e+00
3.0200e+00
3.0144e+00
3.0128e+00
3.0074e+00
3.0080e+00
3.0046e+00
2.9979e+00
3.0038e+00
3.0005e+00
3.0014e+00
2.9956e+00
2.9912e+00
2.9911e+00
2.9885e+00
2.9909e+00
2.9923e+00
2.9901e+00
2.9904e+00
2.9956e+00
2.9933e+00
2.9924e+00
2.9965e+00
3.0002e+00
3.0048e+00
3.0042e+00
3.0112e+00
3.0078e+00
3.0153e+00
3.0176e+00
3.0180e+00
3.0227e+00
3.0204e+00
3.0244e+00
3.0357e+00
3.0372e+00
3.0364e+00
3.0370e+00
3.0459e+00
3.0509e+00
3.0567e+00
3.0611e+00
3.0668e+00
3.0646e+00
3.0621e+00
3.0770e+00
3.0811e+00
3.0889e+00
3.0872e+00
3.0981e+00
3.0986e+00
3.1035e+00
3.1006e+00
3.1053e+00
3.1057e+00
3.1015e+00
3.0987e+00
3.1035e+00
3.1038e+00
3.0987e+00
3.0943e+00
3.0939e+00
3.0915e+00
3.0883e+00
3.0782e+00
3.0778e+00
3.0687e+00
3.0690e+00
3.0614e+00
3.0624e+00
3.0524e+00
3.0478e+00
3.0449e+00
3.0347e+00
3.0329e+00
3.0267e+00
3.0241e+00
3.0124e+00
3.0087e+00
3.0016e+00
2.9955e+00
2.9953e+00
2.9885e+00
2.9808e+00
2.9667e+00
2.9577e+00
2.9595e+00
2.9494e+00
2.9450e+00
2.9374e+00
2.9313e+00
2.9308e+00
2.9229e+00
2.9211e+00
2.9215e+00
2.9137e+00
2.9078e+00
2.9020e+00
2.8954e+00
2.8798e+00
2.8780e+00
2.8736e+00
2.8596e+00
2.8520e+00
2.8554e+00
2.8544e+00
2.8444e+00
2.8392e+00
2.8398e+00
2.8266e+00
2.8171e+00
2.8050e+00
2.8036e+00
2.8010e+00
2.8012e+00
2.7921e+00
2.7872e+00
2.7859e+00
2.7793e+00
2.7807e+00
2.7764e+00
2.7708e+00
2.7655e+00
2.7546e+00
2.7547e+00
2.7498e+00
2.7500e+00
2.7376e+00
2.7294e+00
2.7259e+00
2.7238e+00
2.7254e+00
2.7124e+00
2.7058e+00
2.7013e+00
2.6981e+00
2.6947e+00
2.6870e+00
2.6809e+00
2.6752e+00
2.6751e+00
2.6689e+00
2.6611e+00
2.6548e+00
2.6485e+00
2.6377e+00
2.6377e+00
2.6277e+00
2.6223e+00
2.6266e+00
2.6248e+00
2.6343e+00
2.6329e+00
2.6328e+00
2.6298e+00
2.6289e+00
2.6240e+00
2.6286e+00
2.6241e+00
2.6252e+00
2.6254e+00
2.6286e+00
2.6266e+00
2.6223e+00
2.6229e+00
2.6183e+00
2.6101e+00
2.6103e+00
2.6095e+00
2.6111e+00
2.6067e+00
2.6047e+00
2.5981e+00
2.5935e+00
2.5918e+00
2.5824e+00
2.5812e+00
2.5750e+00
2.5747e+00
2.5824e+00
2.5711e+00
2.5681e+00
2.5699e+00
2.5667e+00
2.5670e+00
2.5594e+00
2.5619e+00
2.5568e+00
2.5568e+00
2.5536e+00
2.5508e+00
2.5511e+00
2.5479e+00
2.5417e+00
2.5406e+00
2.5398e+00
2.5281e+00
2.5249e+00
2.5244e+00
2.5247e+00
2.5284e+00
2.5167e+00
2.5102e+00
2.5057e+00
2.5006e+00
2.4952e+00
2.4941e+00
2.4873e+00
2.4896e+00
2.4844e+00
2.4819e+00
2.4845e+00
2.4824e+00
2.4747e+00
2.4733e+00
2.4773e+00
2.4776e+00
2.4709e+00
2.4770e+00
2.4779e+00
2.4756e+00
2.4774e+00
2.4743e+00
2.4646e+00
2.4638e+00
2.4637e+00
2.4615e+00
2.4609e+00
2.4669e+00
2.4711e+00
2.4713e+00
2.4747e+00
2.4747e+00
2.4682e+00
2.4691e+00
2.4641e+00
2.4644e+00
2.4610e+00
2.4601e+00
2.4641e+00
2.4641e+00
2.4683e+00
2.4652e+00
2.4663e+00
2.4620e+00
2.4618e+00
2.4606e+00
2.4491e+00
2.4530e+00
2.4470e+00
2.4448e+00
2.4443e+00
2.4326e+00
2.4286e+00
2.4276e+00
2.4251e+00
2.4210e+00
2.4193e+00
2.4157e+00
2.4070e+00
2.4024e+00
2.4018e+00
2.3996e+00
2.3945e+00
2.3881e+00
2.3889e+00
2.3923e+00
2.3894e+00
2.3818e+00
2.3767e+00
2.3750e+00
2.3709e+00
2.3621e+00
2.3596e+00
2.3577e+00
2.3551e+00
2.3537e+00
2.3478e+00
2.3365e+00
2.3352e+00
2.3335e+00
2.3270e+00
2.3236e+00
2.3132e+00
2.3047e+00
2.3026e+00
2.2918e+00
2.2888e+00
2.2869e+00
2.2806e+00
2.2673e+00
2.2593e+00
2.2628e+00
2.2580e+00
2.2526e+00
2.2401e+00
2.2339e+00
2.2327e+00
2.2272e+00
2.2277e+00
2.2238e+00
2.2219e+00
2.2208e+00
2.2152e+00
2.2077e+00
2.2048e+00
2.1982e+00
2.1959e+00
2.1959e+00
2.1934e+00
2.1848e+00
2.1803e+00
2.1808e+00
2.1766e+00
2.1722e+00
2.1703e+00
2.1607e+00
2.1564e+00
2.1415e+00
2.1396e+00
2.1327e+00
2.1288e+00
2.1295e+00
2.1241e+00
2.1162e+00
2.1065e+00
2.0985e+00
2.0971e+00
2.0893e+00
2.0866e+00
2.0835e+00
2.0791e+00
2.0816e+00
2.0773e+00
2.0798e+00
2.0798e+00
2.0749e+00
2.0785e+00
2.0743e+00
2.0693e+00
2.0662e+00
2.0591e+00
2.0634e+00
2.0649e+00
2.0701e+00
2.0607e+00
2.0579e+00
2.0547e+00
2.0522e+00
2.0494e+00
2.0494e+00
2.0447e+00
2.0368e+00
2.0385e+00
2.0404e+00
2.0321e+00
2.0302e+00
2.0275e+00
2.0291e+00
2.0194e+00
2.0211e+00
2.0206e+00
2.0170e+00
2.0184e+00
2.0211e+00
2.0126e+00
2.0050e+00
2.0098e+00
2.0106e+00
2.0056e+00
2.0072e+00
2.0036e+00
1.9984e+00
1.9890e+00
1.9876e+00
1.9893e+00
1.9835e+00
1.9785e+00
1.9789e+00
1.9794e+00
1.9747e+00
1.9728e+00
1.9700e+00
1.9571e+00
1.9460e+00
1.9451e+00
1.9369e+00
1.9402e+00
1.9339e+00
1.9236e+00
1.9214e+00
1.9204e+00
1.9160e+00
1.9093e+00
1.9038e+00
1.9102e+00
1.9036e+00
1.8991e+00
1.8918e+00
1.8851e+00
1.8810e+00
1.8761e+00
1.8701e+00
1.8695e+00
1.8695e+00
1.8637e+00
1.8619e+00
1.8641e+00
1.8618e+00
1.8635e+00
1.8618e+00
1.8613e+00
1.8555e+00
1.8524e+00
1.8445e+00
1.8361e+00
1.8294e+00
1.8294e+00
1.8190e+00
1.8176e+00
1.8139e+00
1.8127e+00
1.8054e+00
1.8012e+00
1.7974e+00
1.7916e+00
1.7927e+00
1.7857e+00
1.7755e+00
1.7741e+00
1.7696e+00
1.7682e+00
1.7630e+00
1.7592e+00
1.7551e+00
1.7559e+00
1.7545e+00
1.7536e+00
1.7506e+00
1.7482e+00
1.7405e+00
1.7352e+00
1.7359e+00
1.7307e+00
1.7210e+00
1.7203e+00
1.7217e+00
1.7127e+00
1.7013e+00
1.7032e+00
1.7032e+00
1.7030e+00
1.6921e+00
1.6909e+00
1.6893e+00
1.6823e+00
1.6741e+00
1.6760e+00
1.6766e+00
1.6695e+00
1.6611e+00
1.6592e+00
1.6607e+00
1.6589e+00
1.6516e+00
1.6471e+00
1.6513e+00
1.6258e+00
1.6406e+00
1.6257e+00
1.6130e+00
1.6238e+00
1.6086e+00
1.6184e+00
1.6157e+00
1.6103e+00
1.6092e+00
1.6030e+00
1.6030e+00
1.6067e+00
1.5980e+00
1.5961e+00
1.5913e+00
1.5897e+00
1.5845e+00
1.5804e+00
1.5743e+00
1.5680e+00
1.5716e+00
1.5696e+00
1.5688e+00
1.5686e+00
1.5636e+00
1.5634e+00
1.5621e+00
1.5513e+00
1.5469e+00
1.5437e+00
1.5418e+00
1.5399e+00
1.5391e+00
1.5363e+00
1.5372e+00
1.5328e+00
1.5340e+00
1.5320e+00
1.5258e+00
1.5263e+00
1.5296e+00
1.5221e+00
1.5161e+00
1.5085e+00
1.4978e+00
1.4923e+00
1.4865e+00
1.4835e+00
1.4826e+00
1.4787e+00
1.4756e+00
1.4733e+00
1.4705e+00
1.4655e+00
1.4627e+00
1.4554e+00
1.4506e+00
1.4458e+00
1.4391e+00
1.4359e+00
1.4355e+00
1.4347e+00
1.4251e+00
1.4180e+00
1.4210e+00
1.4213e+00
1.4200e+00
1.4197e+00
1.4122e+00
1.4028e+00
1.4031e+00
1.3952e+00
1.3920e+00
1.3842e+00
1.3786e+00
1.3732e+00
1.3630e+00
1.3563e+00
1.3529e+00
1.3559e+00
1.3489e+00
1.3462e+00
1.3464e+00
1.3432e+00
1.3433e+00
1.3347e+00
1.3328e+00
1.3288e+00
1.3240e+00
1.3157e+00
1.3171e+00
1.3226e+00
1.3218e+00
1.3216e+00
1.3231e+00
1.3173e+00
1.3151e+00
1.3146e+00
1.3108e+00
1.3071e+00
1.3136e+00
1.3100e+00
1.3096e+00
1.3026e+00
1.2999e+00
1.2973e+00
1.2956e+00
1.2884e+00
1.2857e+00
1.2793e+00
1.2742e+00
1.2694e+00
1.2719e+00
1.2689e+00
1.2638e+00
1.2593e+00
1.2585e+00
1.2519e+00
1.2495e+00
1.2497e+00
1.2489e+00
1.2367e+00
1.2369e+00
1.2418e+00
1.2358e+00
1.2258e+00
1.2225e+00
1.2273e+00
1.2257e+00
1.2221e+00
1.2205e+00
1.2122e+00
1.2114e+00
1.2061e+00
1.2007e+00
1.2005e+00
1.1947e+00
1.1843e+00
1.1721e+00
1.1659e+00
1.1619e+00
1.1582e+00
1.1547e+00
1.1527e+00
1.1441e+00
1.1378e+00
1.1373e+00
1.1370e+00
1.1303e+00
1.1278e+00
1.1267e+00
1.1275e+00
1.1224e+00
1.1248e+00
1.1272e+00
1.1317e+00
1.1307e+00
1.1330e+00
1.1391e+00
1.1490e+00
1.1590e+00
1.1527e+00
1.1640e+00
1.1688e+00
1.1821e+00
1.1826e+00
1.1882e+00
1.1899e+00
1.2031e+00
1.2143e+00
1.2276e+00
1.2329e+00
1.2556e+00
1.2599e+00
1.2764e+00
1.2734e+00
1.2885e+00
1.3034e+00
1.3095e+00
1.3120e+00
1.3274e+00
1.3307e+00
1.3405e+00
1.3392e+00
1.3406e+00
1.3440e+00
1.3542e+00
1.3516e+00
1.3571e+00
1.3631e+00
1.3654e+00
1.3673e+00
1.3660e+00
1.3655e+00
1.3684e+00
1.3652e+00
1.3668e+00
1.3692e+00
1.3698e+00
1.3594e+00
1.3545e+00
1.3494e+00
1.3440e+00
1.3429e+00
1.3369e+00
1.3352e+00
1.3282e+00
1.3229e+00
1.3194e+00
1.3061e+00
1.2970e+00
1.2951e+00
1.2877e+00
1.2852e+00
1.2817e+00
1.2609e+00
1.2606e+00
1.2551e+00
1.2430e+00
1.2327e+00
1.2268e+00
1.2269e+00
1.2197e+00
1.2164e+00
1.2034e+00
1.1986e+00
1.1973e+00
1.1882e+00
1.1862e+00
1.1814e+00
1.1723e+00
1.1697e+00
1.1563e+00
1.1518e+00
1.1479e+00
1.1389e+00
1.1278e+00
1.1269e+00
1.1147e+00
1.1002e+00
1.1005e+00
1.0912e+00
1.0878e+00
1.0877e+00
1.0824e+00
1.0735e+00
1.0676e+00
1.0584e+00
1.0505e+00
1.0425e+00
1.0378e+00
1.0357e+00
1.0339e+00
1.0261e+00
1.0214e+00
1.0182e+00
1.0145e+00
1.0111e+00
1.0056e+00
1.0087e+00
1.0024e+00
1.0004e+00
9.9674e-01
9.8594e-01
9.7901e-01
9.7659e-01
9.6691e-01
9.6288e-01
9.5723e-01
9.5675e-01
9.5384e-01
9.4594e-01
9.3803e-01
9.3448e-01
9.3173e-01
9.2834e-01
9.2075e-01
9.1881e-01
9.2043e-01
9.1768e-01
9.1655e-01
9.1300e-01
9.1025e-01
9.0508e-01
9.0217e-01
8.9393e-01
8.9587e-01
8.9151e-01
8.8698e-01
8.8488e-01
8.8682e-01
8.8569e-01
8.8666e-01
8.8601e-01
8.8439e-01
8.8553e-01
8.8359e-01
8.8051e-01
8.7841e-01
8.7712e-01
8.6984e-01
8.6758e-01
8.7291e-01
8.7049e-01
8.6191e-01
8.6175e-01
8.6644e-01
8.6661e-01
8.6386e-01
8.6806e-01
8.6564e-01
8.6224e-01
8.6369e-01
8.6191e-01
8.5836e-01
8.6434e-01
8.5900e-01
8.5965e-01
8.5496e-01
8.4897e-01
8.5124e-01
8.5302e-01
8.5140e-01
8.4994e-01
8.4557e-01
8.3991e-01
8.3910e-01
8.4153e-01
8.3748e-01
8.2388e-01
8.1416e-01
8.1238e-01
8.0655e-01
8.0201e-01
7.9747e-01
7.9229e-01
7.8791e-01
7.8645e-01
7.8434e-01
7.7121e-01
7.6197e-01
7.5807e-01
7.5986e-01
7.5645e-01
7.5256e-01
7.4477e-01
7.4055e-01
7.3844e-01
7.3519e-01
7.3227e-01
7.2756e-01
7.2480e-01
7.2171e-01
7.1570e-01
7.1619e-01
7.0612e-01
6.9913e-01
6.9214e-01
6.8727e-01
6.8499e-01
6.8353e-01
6.8223e-01
6.6889e-01
6.5865e-01
6.5604e-01
6.5035e-01
6.4840e-01
6.4547e-01
6.3863e-01
6.2854e-01
6.2837e-01
6.2626e-01
6.1942e-01
6.0655e-01
6.0411e-01
6.0574e-01
6.0459e-01
6.0264e-01
5.9905e-01
5.9123e-01
5.8439e-01
5.8259e-01
5.8031e-01
5.7591e-01
5.7558e-01
5.7314e-01
5.6596e-01
5.5862e-01
5.5976e-01
5.5960e-01
5.6156e-01
5.5797e-01
5.4932e-01
5.4899e-01
5.4067e-01
5.3218e-01
5.2451e-01
5.2043e-01
5.1814e-01
5.1193e-01
5.0867e-01
5.0523e-01
5.0131e-01
4.9412e-01
4.9135e-01
4.7647e-01
4.7811e-01
4.7843e-01
4.7320e-01
4.6486e-01
4.6388e-01
4.6044e-01
4.5602e-01
4.5095e-01
4.4572e-01
4.3950e-01
4.3933e-01
4.3672e-01
4.3492e-01
4.3115e-01
4.2853e-01
4.2837e-01
4.2951e-01
4.2591e-01
4.2051e-01
4.1903e-01
4.1265e-01
4.0658e-01
3.9610e-01
3.9495e-01
3.9348e-01
3.8446e-01
3.8692e-01
3.8217e-01
3.7741e-01
3.6938e-01
3.6479e-01
3.6036e-01
3.5806e-01
3.5724e-01
3.5708e-01
3.5265e-01
3.5544e-01
3.5363e-01
3.4526e-01
3.4379e-01
3.4198e-01
3.3492e-01
3.3492e-01
3.3246e-01
3.2770e-01
3.2557e-01
3.2294e-01
3.1801e-01
3.1210e-01
3.0389e-01
2.9945e-01
3.0077e-01
2.9649e-01
2.9321e-01
2.9090e-01
2.8417e-01
2.8121e-01
2.7512e-01
2.7956e-01
2.7447e-01
2.6542e-01
2.6444e-01
2.5917e-01
2.5029e-01
2.5424e-01
2.4947e-01
2.4469e-01
2.3877e-01
2.3679e-01
2.3515e-01
2.2889e-01
2.2428e-01
2.2214e-01
2.1803e-01
2.1852e-01
2.1325e-01
2.1243e-01
2.0996e-01
2.0271e-01
1.9925e-01
1.9579e-01
1.9167e-01
1.8722e-01
1.7964e-01
1.7568e-01
1.6991e-01
1.6463e-01
1.6183e-01
1.5919e-01
1.5539e-01
1.5160e-01
1.4797e-01
1.4533e-01
1.4649e-01
1.4616e-01
1.4121e-01
1.3972e-01
1.3559e-01
1.3790e-01
1.3856e-01
1.3295e-01
1.2652e-01
1.2718e-01
1.3048e-01
1.2949e-01
1.2338e-01
1.1281e-01
1.1776e-01
1.1644e-01
1.1264e-01
1.1595e-01
1.1215e-01
1.0852e-01
1.0984e-01
1.0290e-01
9.5134e-02
9.1169e-02
9.1664e-02
9.4639e-02
8.4558e-02
8.5880e-02
9.2160e-02
8.6541e-02
7.8938e-02
7.3482e-02
7.1167e-02
7.4970e-02
7.7615e-02
7.0671e-02
6.7034e-02
6.2568e-02
5.8434e-02
5.6118e-02
5.4960e-02
4.8508e-02
4.7846e-02
4.1724e-02
4.3875e-02
4.2221e-02
3.5767e-02
3.3118e-02
2.6166e-02
2.2855e-02
2.1861e-02
1.7225e-02
1.8550e-02
1.6728e-02
2.2358e-02
1.7060e-02
7.4540e-03
6.7920e-03
5.4670e-03
4.9700e-04
4.6380e-03
0000
9.1100e-03
4.9700e-04
5.7980e-03
5.7980e-03
1.4245e-02
1.8716e-02
1.8384e-02
1.9047e-02
2.6828e-02
2.8980e-02
3.8746e-02
4.9335e-02
6.3892e-02
6.6537e-02
8.2409e-02
9.6456e-02
9.9761e-02
1.0158e-01
1.1165e-01
1.2668e-01
1.2949e-01
1.3064e-01
1.3856e-01
1.4517e-01
1.4896e-01
1.5144e-01
1.5606e-01
1.6249e-01
1.6166e-01
1.6645e-01
1.5506e-01
1.5985e-01
1.6348e-01
1.6678e-01
1.6991e-01
1.7403e-01
1.7650e-01
1.8079e-01
1.7914e-01
1.8260e-01
1.7766e-01
1.7980e-01
1.7898e-01
1.8326e-01
1.9760e-01
1.9117e-01
