5.4829e-01
5.4961e-01
5.5094e-01
5.4829e-01
5.3900e-01
5.3634e-01
5.3900e-01
5.3900e-01
5.3767e-01
5.3501e-01
5.3368e-01
5.2307e-01
5.2041e-01
5.2572e-01
5.1244e-01
5.1112e-01
5.1643e-01
5.1643e-01
5.1908e-01
5.1643e-01
5.1775e-01
5.1510e-01
5.2307e-01
5.2705e-01
5.3236e-01
5.2970e-01
5.3767e-01
5.4961e-01
5.5359e-01
5.5758e-01
5.7350e-01
5.8013e-01
5.8677e-01
6.0004e-01
6.1330e-01
6.2922e-01
6.4911e-01
6.5574e-01
6.6502e-01
6.7430e-01
6.9683e-01
7.1008e-01
7.1406e-01
7.2466e-01
7.2996e-01
7.3791e-01
7.5116e-01
7.6175e-01
7.7632e-01
7.8559e-01
7.9618e-01
8.0148e-01
8.0810e-01
8.2266e-01
8.3458e-01
8.3987e-01
8.4649e-01
8.4913e-01
8.5972e-01
8.6634e-01
8.7692e-01
8.7692e-01
8.8618e-01
8.9412e-01
9.0470e-01
9.1264e-01
9.3115e-01
9.3776e-01
9.6553e-01
9.5892e-01
9.7346e-01
1.0012e+00
1.0131e+00
1.0250e+00
1.0580e+00
1.0725e+00
1.1003e+00
1.1201e+00
1.1517e+00
1.1795e+00
1.2217e+00
1.2586e+00
1.3021e+00
1.3547e+00
1.3942e+00
1.4311e+00
1.5074e+00
1.5600e+00
1.6230e+00
1.6480e+00
1.7504e+00
1.8081e+00
1.8553e+00
1.9208e+00
1.9627e+00
2.0281e+00
2.0412e+00
2.1236e+00
2.1941e+00
2.1928e+00
2.2411e+00
2.2633e+00
2.2959e+00
2.3142e+00
2.3898e+00
2.3977e+00
2.4107e+00
2.4772e+00
2.4667e+00
2.5527e+00
2.5774e+00
2.5553e+00
2.5956e+00
2.6190e+00
2.6385e+00
2.6528e+00
2.6697e+00
2.6879e+00
2.7022e+00
2.7204e+00
2.7373e+00
2.7425e+00
2.7828e+00
2.7581e+00
2.7438e+00
2.7958e+00
2.7412e+00
2.7529e+00
2.7867e+00
2.7750e+00
2.7763e+00
2.7776e+00
2.7685e+00
2.7581e+00
2.7542e+00
2.7568e+00
2.7399e+00
2.7555e+00
2.7490e+00
2.7373e+00
2.7334e+00
2.7269e+00
2.7100e+00
2.7100e+00
2.7022e+00
2.6905e+00
2.6775e+00
2.6736e+00
2.6554e+00
2.6463e+00
2.6307e+00
2.6190e+00
2.6060e+00
2.5982e+00
2.5852e+00
2.5774e+00
2.5644e+00
2.5566e+00
2.5462e+00
2.5344e+00
2.5188e+00
2.5136e+00
2.4928e+00
2.4863e+00
2.5019e+00
2.4433e+00
2.4407e+00
2.4589e+00
2.4120e+00
2.4524e+00
2.3755e+00
2.3533e+00
2.3977e+00
2.3716e+00
2.3677e+00
2.3481e+00
2.3911e+00
2.3599e+00
2.3416e+00
2.3612e+00
2.3364e+00
2.3494e+00
2.3338e+00
2.3664e+00
2.3090e+00
2.2829e+00
2.3403e+00
2.3220e+00
2.3364e+00
2.3299e+00
2.3442e+00
2.3390e+00
2.3351e+00
2.3455e+00
2.3377e+00
2.3299e+00
2.3468e+00
2.3351e+00
2.3690e+00
2.3377e+00
2.3338e+00
2.3416e+00
2.3325e+00
2.3416e+00
2.3259e+00
2.3338e+00
2.2959e+00
2.3599e+00
2.3794e+00
2.3155e+00
2.3207e+00
2.3142e+00
2.3142e+00
2.2933e+00
2.3325e+00
2.3025e+00
2.2855e+00
2.2907e+00
2.2738e+00
2.2764e+00
2.2633e+00
2.2646e+00
2.2463e+00
2.2633e+00
2.1745e+00
2.2111e+00
2.2659e+00
2.2124e+00
2.2176e+00
2.1993e+00
2.2085e+00
2.1588e+00
2.1601e+00
2.1876e+00
2.1079e+00
2.1628e+00
2.1758e+00
2.1092e+00
2.1549e+00
2.1327e+00
2.0516e+00
2.0516e+00
2.1575e+00
2.1092e+00
2.0281e+00
2.0883e+00
1.9980e+00
2.0438e+00
2.1641e+00
2.0346e+00
2.0072e+00
2.0438e+00
1.9902e+00
2.0386e+00
1.8906e+00
1.8880e+00
1.9849e+00
1.9417e+00
1.9404e+00
1.9365e+00
1.9312e+00
1.9155e+00
1.9129e+00
1.9129e+00
1.9064e+00
1.8893e+00
1.8854e+00
1.8736e+00
1.8775e+00
1.8671e+00
1.8199e+00
1.8448e+00
1.8487e+00
1.8290e+00
1.8251e+00
1.8120e+00
1.8081e+00
1.8028e+00
1.7950e+00
1.7884e+00
1.7818e+00
1.7740e+00
1.7674e+00
1.7674e+00
1.7674e+00
1.7491e+00
1.7438e+00
1.7412e+00
1.7254e+00
1.7268e+00
1.7149e+00
1.7044e+00
1.6953e+00
1.6861e+00
1.6769e+00
1.6743e+00
1.6664e+00
1.6572e+00
1.6559e+00
1.6493e+00
1.6454e+00
1.6414e+00
1.6322e+00
1.6230e+00
1.6178e+00
1.6099e+00
1.6020e+00
1.6020e+00
1.5928e+00
1.5823e+00
1.5849e+00
1.5849e+00
1.5744e+00
1.5679e+00
1.5626e+00
1.5547e+00
1.5521e+00
1.5481e+00
1.5389e+00
1.5350e+00
1.5232e+00
1.5166e+00
1.5113e+00
1.5100e+00
1.5061e+00
1.4982e+00
1.4903e+00
1.4890e+00
1.4864e+00
1.4811e+00
1.4732e+00
1.4693e+00
1.4627e+00
1.4587e+00
1.4548e+00
1.4482e+00
1.4456e+00
1.4456e+00
1.4337e+00
1.4311e+00
1.4285e+00
1.4179e+00
1.4140e+00
1.4087e+00
1.4048e+00
1.4074e+00
1.4021e+00
1.3969e+00
1.3982e+00
1.3916e+00
1.3850e+00
1.3811e+00
1.3719e+00
1.3745e+00
1.3640e+00
1.3626e+00
1.3613e+00
1.3561e+00
1.3455e+00
1.3403e+00
1.3416e+00
1.3363e+00
1.3310e+00
1.3350e+00
1.3284e+00
1.3258e+00
1.3231e+00
1.3179e+00
1.3165e+00
1.3152e+00
1.3152e+00
1.3073e+00
1.3007e+00
1.2994e+00
1.3021e+00
1.2994e+00
1.2928e+00
1.2862e+00
1.2915e+00
1.2810e+00
1.2757e+00
1.2783e+00
1.2678e+00
1.2625e+00
1.2559e+00
1.2546e+00
1.2480e+00
1.2414e+00
1.2375e+00
1.2401e+00
1.2335e+00
1.2256e+00
1.2230e+00
1.2203e+00
1.2137e+00
1.2098e+00
1.2085e+00
1.2071e+00
1.1992e+00
1.1940e+00
1.1913e+00
1.1847e+00
1.1808e+00
1.1742e+00
1.1663e+00
1.1610e+00
1.1623e+00
1.1557e+00
1.1465e+00
1.1451e+00
1.1465e+00
1.1438e+00
1.1306e+00
1.1333e+00
1.1240e+00
1.1174e+00
1.1082e+00
1.1082e+00
1.1069e+00
1.1016e+00
1.0963e+00
1.0884e+00
1.0791e+00
1.0765e+00
1.0673e+00
1.0659e+00
1.0659e+00
1.0567e+00
1.0593e+00
1.0580e+00
1.0448e+00
1.0369e+00
1.0395e+00
1.0408e+00
1.0356e+00
1.0290e+00
1.0224e+00
1.0197e+00
1.0224e+00
1.0197e+00
1.0144e+00
1.0065e+00
9.9328e-01
9.9328e-01
9.8007e-01
9.7610e-01
9.6949e-01
9.7081e-01
9.6288e-01
9.5627e-01
9.4834e-01
9.4173e-01
9.3776e-01
9.3908e-01
9.3380e-01
9.3115e-01
9.2851e-01
9.2586e-01
9.2189e-01
9.1528e-01
9.0867e-01
9.0999e-01
9.0735e-01
8.9412e-01
8.8486e-01
8.7957e-01
8.7824e-01
8.7560e-01
8.7031e-01
8.6237e-01
8.6501e-01
8.5707e-01
8.4119e-01
8.4384e-01
8.3722e-01
8.3458e-01
8.2796e-01
8.2399e-01
8.2531e-01
8.1472e-01
8.0545e-01
8.0545e-01
8.0016e-01
7.9751e-01
7.8956e-01
7.8427e-01
7.8692e-01
7.8294e-01
7.8162e-01
7.7500e-01
7.6970e-01
7.6705e-01
7.6705e-01
7.6175e-01
7.4851e-01
7.4851e-01
7.4851e-01
7.4453e-01
7.4188e-01
7.3128e-01
7.3261e-01
7.3128e-01
7.2069e-01
7.1803e-01
7.0743e-01
7.0611e-01
7.0213e-01
7.0213e-01
7.0081e-01
6.9020e-01
6.8623e-01
6.8358e-01
6.7695e-01
6.7297e-01
6.6104e-01
6.5972e-01
6.6237e-01
6.5441e-01
6.4778e-01
6.4911e-01
6.4911e-01
6.4513e-01
6.4646e-01
6.4513e-01
6.3983e-01
6.4115e-01
6.3850e-01
6.3320e-01
6.2922e-01
6.2922e-01
6.3983e-01
6.3320e-01
6.2922e-01
6.4115e-01
6.4513e-01
6.5441e-01
6.6634e-01
6.6900e-01
6.8490e-01
7.0346e-01
7.2333e-01
7.3658e-01
7.6308e-01
7.8294e-01
8.1340e-01
8.4384e-01
8.7428e-01
9.0073e-01
9.3776e-01
9.6685e-01
1.0025e+00
1.0356e+00
1.0765e+00
1.1042e+00
1.1385e+00
1.1768e+00
1.2177e+00
1.2612e+00
1.3086e+00
1.3521e+00
1.4035e+00
1.4403e+00
1.4811e+00
1.5376e+00
1.5718e+00
1.6270e+00
1.6651e+00
1.7071e+00
1.7425e+00
1.7832e+00
1.8186e+00
1.8526e+00
1.8775e+00
1.9195e+00
1.9522e+00
1.9862e+00
2.0098e+00
2.0307e+00
2.0438e+00
2.0713e+00
2.0870e+00
2.1066e+00
2.1222e+00
2.1497e+00
2.1928e+00
2.2346e+00
2.2463e+00
2.2477e+00
2.2542e+00
2.2463e+00
2.2424e+00
2.2333e+00
2.2320e+00
2.2189e+00
2.2006e+00
2.1902e+00
2.1810e+00
2.1601e+00
2.1484e+00
2.1353e+00
2.1196e+00
2.0987e+00
2.0843e+00
2.0673e+00
2.0543e+00
2.0386e+00
2.0229e+00
2.0059e+00
1.9902e+00
1.9784e+00
1.9627e+00
1.9430e+00
1.9273e+00
1.9050e+00
1.8919e+00
1.8815e+00
1.8710e+00
1.8513e+00
1.8382e+00
1.8199e+00
1.8054e+00
1.7950e+00
1.7884e+00
1.7687e+00
1.7477e+00
1.7399e+00
1.7268e+00
1.7136e+00
1.7031e+00
1.6900e+00
1.6795e+00
1.6729e+00
1.6559e+00
1.6427e+00
1.6335e+00
1.6178e+00
1.6060e+00
1.6007e+00
1.5902e+00
1.5784e+00
1.5692e+00
1.5573e+00
1.5468e+00
1.5429e+00
1.5324e+00
1.5192e+00
1.5127e+00
1.5048e+00
1.4942e+00
1.4850e+00
1.4785e+00
1.4679e+00
1.4600e+00
1.4495e+00
1.4403e+00
1.4285e+00
1.4166e+00
1.4100e+00
1.4048e+00
1.3929e+00
1.3863e+00
1.3824e+00
1.3719e+00
1.3679e+00
1.3561e+00
1.3508e+00
1.3442e+00
1.3258e+00
1.3258e+00
1.3139e+00
1.3152e+00
1.3021e+00
1.2876e+00
1.2902e+00
1.2823e+00
1.2810e+00
1.2704e+00
1.2612e+00
1.2572e+00
1.2546e+00
1.2362e+00
1.2441e+00
1.2599e+00
1.1583e+00
1.2823e+00
1.2045e+00
1.2124e+00
1.2362e+00
1.2362e+00
1.2164e+00
1.1926e+00
1.2335e+00
1.1781e+00
1.2335e+00
1.1715e+00
1.2480e+00
1.1597e+00
1.3060e+00
8.2796e-01
1.0910e+00
1.5573e+00
1.1320e+00
1.4969e+00
1.1913e+00
1.1174e+00
1.2744e+00
1.2032e+00
1.2836e+00
1.2177e+00
1.3152e+00
1.1834e+00
1.5219e+00
9.5363e-01
7.5381e-01
1.3021e+00
1.1887e+00
1.2678e+00
1.2717e+00
1.3113e+00
1.3086e+00
1.3337e+00
1.3086e+00
1.4140e+00
1.2111e+00
1.3574e+00
1.5416e+00
1.2032e+00
1.5652e+00
1.5981e+00
1.3561e+00
1.4482e+00
1.4232e+00
1.4364e+00
1.4258e+00
1.4653e+00
1.4390e+00
1.4390e+00
1.4679e+00
1.4600e+00
1.4561e+00
1.4574e+00
1.4587e+00
1.4679e+00
1.4614e+00
1.4666e+00
1.4653e+00
1.4719e+00
1.4706e+00
1.4693e+00
1.4653e+00
1.4614e+00
1.4548e+00
1.4653e+00
1.4495e+00
1.4456e+00
1.4548e+00
1.4403e+00
1.4416e+00
1.4403e+00
1.4337e+00
1.4337e+00
1.4219e+00
1.4166e+00
1.4114e+00
1.4100e+00
1.4021e+00
1.4021e+00
1.3942e+00
1.3877e+00
1.3811e+00
1.3758e+00
1.3745e+00
1.3732e+00
1.3666e+00
1.3626e+00
1.3547e+00
1.3482e+00
1.3416e+00
1.3337e+00
1.3324e+00
1.3297e+00
1.3218e+00
1.3086e+00
1.3073e+00
1.2955e+00
1.2902e+00
1.2823e+00
1.2810e+00
1.2691e+00
1.2678e+00
1.2691e+00
1.2652e+00
1.2546e+00
1.2520e+00
1.2467e+00
1.2388e+00
1.2296e+00
1.2335e+00
1.2322e+00
1.2282e+00
1.2256e+00
1.2230e+00
1.2151e+00
1.2164e+00
1.2203e+00
1.2203e+00
1.2124e+00
1.2019e+00
1.2032e+00
1.1992e+00
1.2058e+00
1.2032e+00
1.2085e+00
1.2071e+00
1.2058e+00
1.2124e+00
1.2177e+00
1.2190e+00
1.2309e+00
1.2428e+00
1.2652e+00
1.2770e+00
1.3021e+00
1.3126e+00
1.3350e+00
1.3455e+00
1.3732e+00
1.3824e+00
1.4035e+00
1.4087e+00
1.4416e+00
1.4495e+00
1.4745e+00
1.4824e+00
1.5140e+00
1.5153e+00
1.5376e+00
1.5442e+00
1.5652e+00
1.5744e+00
1.6033e+00
1.6099e+00
1.6244e+00
1.6335e+00
1.6454e+00
1.6519e+00
1.6532e+00
1.6624e+00
1.6782e+00
1.6861e+00
1.6939e+00
1.6953e+00
1.7044e+00
1.7097e+00
1.7110e+00
1.7110e+00
1.7149e+00
1.7189e+00
1.7254e+00
1.7202e+00
1.7202e+00
1.7241e+00
1.7228e+00
1.7202e+00
1.7176e+00
1.7136e+00
1.7110e+00
1.7084e+00
1.6979e+00
1.6939e+00
1.6887e+00
1.6900e+00
1.6900e+00
1.6782e+00
1.6729e+00
1.6664e+00
1.6559e+00
1.6572e+00
1.6427e+00
1.6441e+00
1.6335e+00
1.6244e+00
1.6191e+00
1.6125e+00
1.6060e+00
1.6073e+00
1.5981e+00
1.5981e+00
1.5889e+00
1.5823e+00
1.5744e+00
1.5757e+00
1.5705e+00
1.5652e+00
1.5573e+00
1.5468e+00
1.5389e+00
1.5245e+00
1.5153e+00
1.5166e+00
1.5074e+00
1.5008e+00
1.4969e+00
1.4890e+00
1.4837e+00
1.4745e+00
1.4719e+00
1.4706e+00
1.4574e+00
1.4522e+00
1.4443e+00
1.4350e+00
1.4311e+00
1.4245e+00
1.4166e+00
1.4087e+00
1.4048e+00
1.4074e+00
1.4048e+00
1.3942e+00
1.3877e+00
1.3837e+00
1.3758e+00
1.3719e+00
1.3679e+00
1.3640e+00
1.3547e+00
1.3468e+00
1.3429e+00
1.3403e+00
1.3310e+00
1.3231e+00
1.3152e+00
1.3073e+00
1.3007e+00
1.2942e+00
1.2915e+00
1.2862e+00
1.2731e+00
1.2652e+00
1.2507e+00
1.2414e+00
1.2335e+00
1.2322e+00
1.2256e+00
1.2256e+00
1.2137e+00
1.2019e+00
1.1953e+00
1.1979e+00
1.1940e+00
1.1874e+00
1.1755e+00
1.1715e+00
1.1623e+00
1.1557e+00
1.1544e+00
1.1478e+00
1.1399e+00
1.1346e+00
1.1254e+00
1.1227e+00
1.1148e+00
1.1069e+00
1.1042e+00
1.0963e+00
1.0805e+00
1.0752e+00
1.0686e+00
1.0699e+00
1.0633e+00
1.0633e+00
1.0541e+00
1.0514e+00
1.0408e+00
1.0290e+00
1.0237e+00
1.0184e+00
1.0118e+00
1.0091e+00
1.0105e+00
1.0052e+00
9.9857e-01
9.9064e-01
9.8139e-01
9.7742e-01
9.7874e-01
9.7214e-01
9.6156e-01
9.6024e-01
9.5627e-01
9.5231e-01
9.4834e-01
9.4570e-01
9.3776e-01
9.3247e-01
9.2586e-01
9.1793e-01
9.0735e-01
9.0602e-01
9.0470e-01
9.0338e-01
8.9147e-01
8.8354e-01
8.7957e-01
8.7824e-01
8.6369e-01
8.6104e-01
8.6369e-01
8.6104e-01
8.5178e-01
8.4516e-01
8.3987e-01
8.3855e-01
8.3325e-01
8.3061e-01
8.2531e-01
8.1604e-01
8.1472e-01
8.1869e-01
8.1075e-01
8.1075e-01
8.0545e-01
7.9883e-01
7.9618e-01
7.8427e-01
7.7632e-01
7.7897e-01
7.6573e-01
7.6838e-01
7.5910e-01
7.5513e-01
7.5248e-01
7.4586e-01
7.4321e-01
7.4321e-01
7.3526e-01
7.3261e-01
7.2333e-01
7.1936e-01
7.1803e-01
7.1406e-01
7.0743e-01
7.0346e-01
6.9948e-01
7.0213e-01
7.0346e-01
6.9418e-01
6.8755e-01
6.8623e-01
6.8093e-01
6.7430e-01
6.7297e-01
6.6767e-01
6.6502e-01
6.5972e-01
6.5309e-01
6.5441e-01
6.3585e-01
6.3187e-01
6.3187e-01
6.1993e-01
6.1330e-01
6.1065e-01
6.1197e-01
6.1330e-01
6.0269e-01
5.9738e-01
5.9340e-01
5.9075e-01
5.8810e-01
5.8013e-01
5.8279e-01
5.8146e-01
5.7615e-01
5.7085e-01
5.6421e-01
5.5227e-01
5.5359e-01
5.5492e-01
5.4696e-01
5.3767e-01
5.3900e-01
5.3634e-01
5.3501e-01
5.2705e-01
5.3103e-01
5.2439e-01
5.1112e-01
5.0979e-01
5.0315e-01
5.0315e-01
4.9385e-01
4.8854e-01
4.8721e-01
4.8721e-01
4.8190e-01
4.7526e-01
4.6862e-01
4.6198e-01
4.5534e-01
4.5002e-01
4.3939e-01
4.3939e-01
4.3408e-01
4.2478e-01
4.2876e-01
4.2611e-01
4.1680e-01
4.1547e-01
4.1946e-01
4.1149e-01
4.0351e-01
3.9421e-01
3.9288e-01
3.8889e-01
3.7826e-01
3.7427e-01
3.7693e-01
3.7161e-01
3.5964e-01
3.6363e-01
3.5565e-01
3.5565e-01
3.5299e-01
3.4634e-01
3.3969e-01
3.3836e-01
3.3304e-01
3.3969e-01
3.3836e-01
3.3304e-01
3.2639e-01
3.2772e-01
3.2240e-01
3.1974e-01
3.1974e-01
3.1841e-01
3.1974e-01
3.1708e-01
3.1043e-01
3.1575e-01
3.1974e-01
3.1309e-01
3.0644e-01
3.1176e-01
3.1309e-01
3.0245e-01
2.9846e-01
2.9713e-01
2.9846e-01
2.9447e-01
2.8249e-01
2.8515e-01
2.7983e-01
2.7717e-01
2.7451e-01
2.7584e-01
2.6918e-01
2.6120e-01
2.5854e-01
2.6120e-01
2.5454e-01
2.5321e-01
2.5188e-01
2.4789e-01
2.4123e-01
2.3990e-01
2.3591e-01
2.2925e-01
2.2526e-01
2.1594e-01
2.1061e-01
2.1460e-01
2.1327e-01
2.1194e-01
2.0528e-01
2.0129e-01
1.9463e-01
1.9063e-01
1.9330e-01
1.9196e-01
1.7865e-01
1.7465e-01
1.6399e-01
1.5866e-01
1.5467e-01
1.5600e-01
1.4934e-01
1.5067e-01
1.4534e-01
1.4134e-01
1.3335e-01
1.2802e-01
1.2802e-01
1.2935e-01
1.2535e-01
1.2269e-01
1.1336e-01
1.1202e-01
1.0536e-01
1.0003e-01
1.0136e-01
9.8693e-02
9.2028e-02
9.3361e-02
9.4694e-02
9.0695e-02
8.9361e-02
8.4029e-02
8.8028e-02
8.5362e-02
8.4029e-02
9.0695e-02
8.6695e-02
8.5362e-02
8.1362e-02
8.9361e-02
8.9361e-02
9.2028e-02
1.0003e-01
9.4694e-02
1.0402e-01
1.0536e-01
1.1735e-01
1.1869e-01
1.3068e-01
1.4134e-01
1.4401e-01
1.9063e-01
1.7865e-01
2.1327e-01
2.1860e-01
2.1460e-01
2.4123e-01
2.4922e-01
2.5987e-01
2.7451e-01
2.9447e-01
2.9314e-01
3.2905e-01
3.0378e-01
3.9288e-01
3.2772e-01
3.1043e-01
4.1813e-01
2.7318e-01
4.9253e-01
4.6198e-01
3.2772e-01
4.0883e-01
3.8225e-01
4.0750e-01
3.7826e-01
4.0218e-01
4.2345e-01
3.9022e-01
4.3275e-01
4.2478e-01
4.0617e-01
4.3408e-01
4.2478e-01
4.4338e-01
4.2876e-01
4.4604e-01
4.5002e-01
4.2876e-01
4.5799e-01
4.5135e-01
4.4471e-01
4.7526e-01
4.6198e-01
4.7924e-01
4.7128e-01
4.7393e-01
4.7526e-01
4.7659e-01
4.7128e-01
4.8589e-01
4.8057e-01
4.8589e-01
4.8323e-01
4.8987e-01
4.8721e-01
4.9253e-01
4.9253e-01
5.0182e-01
5.0315e-01
5.1112e-01
5.0979e-01
5.1643e-01
5.0713e-01
5.2041e-01
5.1112e-01
5.2970e-01
5.3634e-01
5.4563e-01
5.4430e-01
5.4298e-01
5.4430e-01
5.5094e-01
5.4298e-01
5.5227e-01
5.4563e-01
5.4298e-01
5.3900e-01
5.3501e-01
5.3368e-01
5.2970e-01
5.2572e-01
5.2572e-01
5.2041e-01
5.1775e-01
5.1377e-01
5.1244e-01
5.1377e-01
5.0448e-01
5.0049e-01
4.9518e-01
4.8987e-01
4.8721e-01
4.8721e-01
4.8854e-01
4.8456e-01
4.8589e-01
4.8190e-01
4.7260e-01
4.7260e-01
4.7924e-01
4.7128e-01
4.8057e-01
4.8057e-01
4.9518e-01
4.8987e-01
4.9518e-01
5.0315e-01
5.0713e-01
5.0846e-01
5.3368e-01
5.3634e-01
5.5758e-01
5.6687e-01
5.8677e-01
5.9075e-01
6.1065e-01
6.1993e-01
6.3850e-01
6.5176e-01
6.7430e-01
6.8490e-01
7.0081e-01
7.2201e-01
7.4453e-01
7.5513e-01
7.7632e-01
7.8956e-01
7.9486e-01
8.2134e-01
8.3061e-01
8.5046e-01
8.7295e-01
8.8089e-01
8.9677e-01
9.0867e-01
9.2322e-01
9.3776e-01
9.4041e-01
9.5098e-01
9.6156e-01
9.6817e-01
9.7478e-01
9.8271e-01
9.9989e-01
1.0065e+00
1.0263e+00
1.0316e+00
1.0448e+00
1.0567e+00
1.0593e+00
1.0593e+00
1.0791e+00
1.0844e+00
1.0976e+00
1.1082e+00
1.1201e+00
1.1267e+00
1.1451e+00
1.1570e+00
1.1689e+00
1.1808e+00
1.1953e+00
1.2124e+00
1.2309e+00
1.2401e+00
1.2599e+00
1.2770e+00
1.2849e+00
1.3047e+00
1.3205e+00
1.3350e+00
1.3442e+00
1.3666e+00
1.3850e+00
1.4048e+00
1.4193e+00
1.4416e+00
1.4640e+00
1.4864e+00
1.5061e+00
1.5284e+00
1.5495e+00
1.5731e+00
1.5915e+00
1.6191e+00
1.6427e+00
1.6690e+00
1.7005e+00
1.7346e+00
1.7648e+00
1.7963e+00
1.8277e+00
1.8644e+00
1.8972e+00
1.9339e+00
1.9705e+00
2.0124e+00
2.0451e+00
2.1079e+00
2.1497e+00
2.1954e+00
2.2241e+00
2.2607e+00
2.2972e+00
2.3273e+00
2.3442e+00
2.3638e+00
2.3820e+00
2.4094e+00
2.4446e+00
2.4680e+00
2.4889e+00
2.5058e+00
2.5253e+00
2.5449e+00
2.5592e+00
2.5683e+00
2.5800e+00
2.5800e+00
2.5852e+00
2.5943e+00
2.5982e+00
2.6034e+00
2.6047e+00
2.5969e+00
2.5969e+00
2.5930e+00
2.5917e+00
2.5865e+00
2.5761e+00
2.5735e+00
2.5774e+00
2.5670e+00
2.5553e+00
2.5436e+00
2.5305e+00
2.5240e+00
2.5149e+00
2.5019e+00
2.4863e+00
2.4785e+00
2.4876e+00
2.4785e+00
2.4719e+00
2.4589e+00
2.4459e+00
2.4355e+00
2.4185e+00
2.4003e+00
2.3898e+00
2.3781e+00
2.3546e+00
2.3455e+00
2.3312e+00
2.3233e+00
2.3129e+00
2.2972e+00
2.2803e+00
2.2659e+00
2.2463e+00
2.2346e+00
2.2124e+00
2.1980e+00
2.1771e+00
2.1654e+00
2.1549e+00
2.1432e+00
2.1222e+00
2.1079e+00
2.0935e+00
2.0870e+00
2.0673e+00
2.0516e+00
2.0464e+00
2.0359e+00
2.0216e+00
2.0072e+00
1.9862e+00
1.9849e+00
1.9718e+00
1.9600e+00
1.9522e+00
1.9470e+00
1.9299e+00
1.9181e+00
1.9103e+00
1.8985e+00
1.8841e+00
1.8710e+00
1.8618e+00
1.8526e+00
1.8382e+00
1.8264e+00
1.8146e+00
1.8041e+00
1.7923e+00
1.7950e+00
1.7910e+00
1.7727e+00
1.7569e+00
1.7491e+00
1.7438e+00
1.7307e+00
1.7189e+00
1.7123e+00
1.7044e+00
1.6939e+00
1.6861e+00
1.6848e+00
1.6743e+00
1.6598e+00
1.6572e+00
1.6467e+00
1.6322e+00
1.6257e+00
1.6165e+00
1.6086e+00
1.6060e+00
1.5981e+00
1.5928e+00
1.5823e+00
1.5679e+00
1.5652e+00
1.5547e+00
1.5495e+00
1.5429e+00
1.5350e+00
1.5245e+00
1.5245e+00
1.5219e+00
1.5166e+00
1.5048e+00
1.4877e+00
1.4798e+00
1.4758e+00
1.4706e+00
1.4732e+00
1.4679e+00
1.4574e+00
1.4587e+00
1.4614e+00
1.4456e+00
1.4403e+00
1.4390e+00
1.4258e+00
1.4166e+00
1.4232e+00
1.4193e+00
1.4127e+00
1.4074e+00
1.4048e+00
1.4074e+00
1.3942e+00
1.3798e+00
1.3798e+00
1.3719e+00
1.3692e+00
1.3587e+00
1.3561e+00
1.3508e+00
1.3468e+00
1.3416e+00
1.3403e+00
1.3297e+00
1.3271e+00
1.3258e+00
1.3218e+00
1.3165e+00
1.3113e+00
1.3047e+00
1.2981e+00
1.2955e+00
1.2968e+00
1.2876e+00
1.2836e+00
1.2770e+00
1.2704e+00
1.2638e+00
1.2572e+00
1.2493e+00
1.2520e+00
1.2480e+00
1.2428e+00
1.2335e+00
1.2309e+00
1.2322e+00
1.2243e+00
1.2164e+00
1.2124e+00
1.1992e+00
1.1966e+00
1.1860e+00
1.1808e+00
1.1795e+00
1.1768e+00
1.1649e+00
1.1583e+00
1.1531e+00
1.1478e+00
1.1425e+00
1.1372e+00
1.1333e+00
1.1372e+00
1.1306e+00
1.1333e+00
1.1293e+00
1.1267e+00
1.1227e+00
1.1161e+00
1.1148e+00
1.1148e+00
1.1148e+00
1.1108e+00
1.1069e+00
1.1095e+00
1.1069e+00
1.1161e+00
1.1227e+00
1.1214e+00
1.1188e+00
1.1214e+00
1.1201e+00
1.1412e+00
1.1715e+00
1.1966e+00
1.1953e+00
1.1926e+00
1.1940e+00
1.1860e+00
1.1821e+00
1.1795e+00
1.1702e+00
1.1676e+00
1.1676e+00
1.1583e+00
1.1451e+00
1.1412e+00
1.1372e+00
1.1320e+00
1.1227e+00
1.1188e+00
1.1122e+00
1.1122e+00
1.1148e+00
1.1095e+00
1.0950e+00
1.0923e+00
1.0897e+00
1.0831e+00
1.0791e+00
1.0765e+00
1.0752e+00
1.0673e+00
1.0567e+00
1.0567e+00
1.0488e+00
1.0501e+00
1.0395e+00
1.0356e+00
1.0303e+00
1.0276e+00
1.0224e+00
1.0171e+00
1.0131e+00
1.0065e+00
9.9989e-01
9.9592e-01
9.8667e-01
9.8667e-01
9.8271e-01
9.7478e-01
9.7081e-01
9.7346e-01
9.6553e-01
9.5892e-01
9.5495e-01
9.5231e-01
9.4570e-01
9.3776e-01
9.3115e-01
9.2851e-01
9.2057e-01
9.1661e-01
9.1661e-01
9.1528e-01
9.1264e-01
9.0867e-01
9.0338e-01
9.0470e-01
8.8750e-01
8.8221e-01
8.7428e-01
8.7428e-01
8.7163e-01
8.6898e-01
8.5840e-01
8.5443e-01
8.5178e-01
8.4649e-01
8.3722e-01
8.3722e-01
8.3193e-01
8.2134e-01
8.1869e-01
8.1737e-01
8.0810e-01
8.0810e-01
8.0148e-01
7.9751e-01
7.9221e-01
7.8692e-01
7.8559e-01
7.8559e-01
7.7632e-01
7.7500e-01
7.6838e-01
7.6308e-01
7.5778e-01
7.5248e-01
7.5248e-01
7.4321e-01
7.3526e-01
7.3923e-01
7.2069e-01
7.1803e-01
7.0876e-01
7.0611e-01
7.0346e-01
6.9948e-01
6.8888e-01
6.8490e-01
6.8358e-01
6.7562e-01
6.6634e-01
6.5972e-01
6.5706e-01
6.5441e-01
6.4911e-01
6.4513e-01
6.3717e-01
6.3717e-01
6.2922e-01
6.1993e-01
6.1728e-01
6.1463e-01
6.0534e-01
6.0402e-01
6.0667e-01
6.0004e-01
5.9340e-01
5.8279e-01
5.7881e-01
5.8279e-01
5.7350e-01
5.6687e-01
5.5227e-01
5.4430e-01
5.4298e-01
5.4829e-01
5.4298e-01
5.3501e-01
5.2838e-01
5.2041e-01
5.1775e-01
5.1775e-01
5.0979e-01
5.0580e-01
5.0049e-01
4.9651e-01
4.9120e-01
4.9120e-01
4.8589e-01
4.7526e-01
4.7924e-01
4.7393e-01
4.6331e-01
4.6198e-01
4.5135e-01
4.4338e-01
4.4338e-01
4.4205e-01
4.4072e-01
4.2743e-01
4.1813e-01
4.2212e-01
4.1414e-01
4.1547e-01
4.0883e-01
4.0085e-01
3.9687e-01
3.9554e-01
3.8889e-01
3.8092e-01
3.7826e-01
3.7294e-01
3.7028e-01
3.7028e-01
3.6230e-01
3.6097e-01
3.5299e-01
3.4501e-01
3.3304e-01
3.2905e-01
3.3171e-01
3.2373e-01
3.2772e-01
3.3304e-01
3.2905e-01
3.2240e-01
3.1176e-01
3.0777e-01
3.1442e-01
3.0378e-01
2.9979e-01
2.9713e-01
2.8515e-01
2.8382e-01
2.7584e-01
2.7850e-01
2.6785e-01
2.6253e-01
2.5987e-01
2.5720e-01
2.5321e-01
2.4523e-01
2.4523e-01
2.4256e-01
2.3857e-01
2.3724e-01
2.2792e-01
2.2659e-01
2.2126e-01
2.1860e-01
2.1727e-01
2.1460e-01
2.1327e-01
2.1327e-01
2.0528e-01
2.0262e-01
1.9996e-01
1.9330e-01
1.9063e-01
1.8531e-01
1.8531e-01
1.7865e-01
1.7598e-01
1.7731e-01
1.6532e-01
1.6399e-01
1.6399e-01
1.5600e-01
1.4800e-01
1.4934e-01
1.4800e-01
1.4534e-01
1.4134e-01
1.3468e-01
1.3201e-01
1.2402e-01
1.1602e-01
1.1469e-01
1.1336e-01
1.0802e-01
9.8693e-02
9.6027e-02
1.0136e-01
1.0536e-01
9.4694e-02
9.0695e-02
8.8028e-02
8.1362e-02
7.8695e-02
7.6029e-02
7.4695e-02
6.8028e-02
6.1361e-02
5.8694e-02
5.3359e-02
5.4693e-02
4.6691e-02
4.4023e-02
4.1356e-02
4.1356e-02
3.4687e-02
2.5349e-02
2.0013e-02
1.8679e-02
1.6011e-02
1.4677e-02
9.3400e-03
0000
