6.4696e+00
6.4321e+00
6.4127e+00
6.3674e+00
6.3363e+00
6.2923e+00
6.2534e+00
6.2184e+00
6.1898e+00
6.1496e+00
6.1198e+00
6.0873e+00
6.0639e+00
6.0262e+00
5.9990e+00
5.9613e+00
5.9379e+00
5.9079e+00
5.8793e+00
5.8468e+00
5.8234e+00
5.7973e+00
5.7700e+00
5.7335e+00
5.7126e+00
5.6892e+00
5.6605e+00
5.6318e+00
5.6096e+00
5.5888e+00
5.5640e+00
5.5444e+00
5.5248e+00
5.5052e+00
5.4778e+00
5.4516e+00
5.4242e+00
5.4059e+00
5.3798e+00
5.3615e+00
5.3418e+00
5.3261e+00
5.2974e+00
5.2830e+00
5.2712e+00
5.2751e+00
5.2646e+00
5.2659e+00
5.2620e+00
5.2659e+00
5.2515e+00
5.2489e+00
5.2384e+00
5.2463e+00
5.2384e+00
5.2254e+00
5.2136e+00
5.2136e+00
5.2136e+00
5.2136e+00
5.2057e+00
5.1848e+00
5.1743e+00
5.1507e+00
5.1376e+00
5.1192e+00
5.1035e+00
5.0943e+00
5.0825e+00
5.0760e+00
5.0786e+00
5.0760e+00
5.0733e+00
5.0694e+00
5.0642e+00
5.0524e+00
5.0445e+00
5.0314e+00
5.0248e+00
5.0091e+00
4.9933e+00
4.9736e+00
4.9579e+00
4.9369e+00
4.9250e+00
4.9027e+00
4.8883e+00
4.8672e+00
4.8541e+00
4.8423e+00
4.8331e+00
4.8120e+00
4.7962e+00
4.7792e+00
4.7699e+00
4.7502e+00
4.7344e+00
4.7134e+00
4.6963e+00
4.6765e+00
4.6633e+00
4.6449e+00
4.6317e+00
4.6186e+00
4.6028e+00
4.5843e+00
4.5672e+00
4.5461e+00
4.5355e+00
4.5145e+00
4.5052e+00
4.4920e+00
4.4775e+00
4.4604e+00
4.4564e+00
4.4419e+00
4.4247e+00
4.4089e+00
4.3997e+00
4.3733e+00
4.3627e+00
4.3548e+00
4.3455e+00
4.3231e+00
4.3151e+00
4.2953e+00
4.2914e+00
4.2702e+00
4.2610e+00
4.2464e+00
4.2306e+00
4.2120e+00
4.2001e+00
4.1829e+00
4.1763e+00
4.1578e+00
4.1433e+00
4.1274e+00
4.1181e+00
4.1049e+00
4.0929e+00
4.0744e+00
4.0665e+00
4.0532e+00
4.0453e+00
4.0307e+00
4.0267e+00
4.0095e+00
4.0029e+00
3.9949e+00
3.9856e+00
3.9777e+00
3.9711e+00
3.9697e+00
3.9684e+00
3.9565e+00
3.9499e+00
3.9446e+00
3.9313e+00
3.9286e+00
3.9180e+00
3.9180e+00
3.9140e+00
3.9101e+00
3.9087e+00
3.9048e+00
3.8981e+00
3.9008e+00
3.8995e+00
3.8955e+00
3.8928e+00
3.8968e+00
3.8968e+00
3.9021e+00
3.9048e+00
3.9087e+00
3.9140e+00
3.9101e+00
3.9101e+00
3.9114e+00
3.9101e+00
3.9140e+00
3.9180e+00
3.9207e+00
3.9220e+00
3.9207e+00
3.9167e+00
3.9180e+00
3.9154e+00
3.9154e+00
3.9180e+00
3.9180e+00
3.9167e+00
3.9140e+00
3.9154e+00
3.9087e+00
3.9114e+00
3.9154e+00
3.9180e+00
3.9140e+00
3.9167e+00
3.9087e+00
3.9114e+00
3.9127e+00
3.9140e+00
3.9101e+00
3.9127e+00
3.9114e+00
3.9101e+00
3.9048e+00
3.9140e+00
3.9140e+00
3.9154e+00
3.9074e+00
3.9154e+00
3.9061e+00
3.9034e+00
3.9034e+00
3.8955e+00
3.8875e+00
3.8835e+00
3.8756e+00
3.8716e+00
3.8610e+00
3.8543e+00
3.8437e+00
3.8437e+00
3.8371e+00
3.8344e+00
3.8251e+00
3.8251e+00
3.8119e+00
3.8145e+00
3.8012e+00
3.7959e+00
3.7880e+00
3.7827e+00
3.7694e+00
3.7747e+00
3.7627e+00
3.7574e+00
3.7388e+00
3.7348e+00
3.7282e+00
3.7229e+00
3.7109e+00
3.7149e+00
3.6936e+00
3.6817e+00
3.6777e+00
3.6631e+00
3.6484e+00
3.6391e+00
3.6272e+00
3.6205e+00
3.6045e+00
3.6019e+00
3.5979e+00
3.6032e+00
3.5846e+00
3.5846e+00
3.5806e+00
3.5779e+00
3.5620e+00
3.5527e+00
3.5327e+00
3.5260e+00
3.5154e+00
3.5061e+00
3.4994e+00
3.4981e+00
3.4848e+00
3.4861e+00
3.4741e+00
3.4661e+00
3.4594e+00
3.4594e+00
3.4475e+00
3.4475e+00
3.4301e+00
3.4315e+00
3.4248e+00
3.4128e+00
3.4115e+00
3.4048e+00
3.3968e+00
3.3995e+00
3.3875e+00
3.3848e+00
3.3768e+00
3.3808e+00
3.3688e+00
3.3675e+00
3.3555e+00
3.3541e+00
3.3475e+00
3.3488e+00
3.3381e+00
3.3368e+00
3.3261e+00
3.3221e+00
3.3115e+00
3.3275e+00
3.3221e+00
3.3168e+00
3.3021e+00
3.3021e+00
3.2914e+00
3.2914e+00
3.2808e+00
3.2848e+00
3.2701e+00
3.2621e+00
3.2608e+00
3.2554e+00
3.2394e+00
3.2407e+00
3.2287e+00
3.2260e+00
3.2154e+00
3.2167e+00
3.2127e+00
3.2060e+00
3.1980e+00
3.2007e+00
3.1873e+00
3.1873e+00
3.1753e+00
3.1780e+00
3.1713e+00
3.1673e+00
3.1539e+00
3.1579e+00
3.1499e+00
3.1472e+00
3.1392e+00
3.1432e+00
3.1312e+00
3.1312e+00
3.1232e+00
3.1272e+00
3.1165e+00
3.1085e+00
3.0978e+00
3.0951e+00
3.0844e+00
3.0817e+00
3.0737e+00
3.0751e+00
3.0657e+00
3.0603e+00
3.0496e+00
3.0496e+00
3.0470e+00
3.0443e+00
3.0323e+00
3.0323e+00
3.0216e+00
3.0229e+00
3.0189e+00
3.0162e+00
3.0028e+00
3.0001e+00
2.9948e+00
2.9908e+00
2.9827e+00
2.9854e+00
2.9787e+00
2.9827e+00
2.9761e+00
2.9747e+00
2.9640e+00
2.9613e+00
2.9613e+00
2.9520e+00
2.9426e+00
2.9426e+00
2.9279e+00
2.9252e+00
2.9171e+00
2.9091e+00
2.8997e+00
2.8944e+00
2.8823e+00
2.8810e+00
2.8729e+00
2.8770e+00
2.8743e+00
2.8783e+00
2.8716e+00
2.8796e+00
2.8796e+00
2.8837e+00
2.8823e+00
2.8957e+00
2.9011e+00
2.9158e+00
2.9305e+00
2.9466e+00
2.9653e+00
2.9921e+00
3.0135e+00
3.0376e+00
3.0617e+00
3.0898e+00
3.1218e+00
3.1472e+00
3.1740e+00
3.1993e+00
3.2300e+00
3.2634e+00
3.2981e+00
3.3341e+00
3.3755e+00
3.4101e+00
3.4448e+00
3.4781e+00
3.5167e+00
3.5566e+00
3.5926e+00
3.6298e+00
3.6617e+00
3.6976e+00
3.7269e+00
3.7402e+00
3.7614e+00
3.7720e+00
3.7906e+00
3.7973e+00
3.8092e+00
3.8119e+00
3.8198e+00
3.8212e+00
3.8198e+00
3.8251e+00
3.8371e+00
3.8344e+00
3.8278e+00
3.8132e+00
3.8198e+00
3.8079e+00
3.8066e+00
3.7959e+00
3.7893e+00
3.7720e+00
3.7667e+00
3.7468e+00
3.7348e+00
3.7269e+00
3.7149e+00
3.6990e+00
3.6843e+00
3.6737e+00
3.6524e+00
3.6338e+00
3.6245e+00
3.6179e+00
3.5899e+00
3.5686e+00
3.5540e+00
3.5380e+00
3.5087e+00
3.4954e+00
3.4848e+00
3.4701e+00
3.4475e+00
3.4315e+00
3.4088e+00
3.3995e+00
3.3821e+00
3.3675e+00
3.3461e+00
3.3288e+00
3.3088e+00
3.2941e+00
3.2688e+00
3.2594e+00
3.2461e+00
3.2314e+00
3.2127e+00
3.1953e+00
3.1806e+00
3.1726e+00
3.1512e+00
3.1472e+00
3.1365e+00
3.1178e+00
3.1005e+00
3.0951e+00
3.0791e+00
3.0710e+00
3.0630e+00
3.0563e+00
3.0363e+00
3.0229e+00
3.0135e+00
3.0042e+00
2.9881e+00
2.9841e+00
2.9680e+00
2.9600e+00
2.9453e+00
2.9372e+00
2.9198e+00
2.9024e+00
2.8877e+00
2.8756e+00
2.8569e+00
2.8475e+00
2.8368e+00
2.8234e+00
2.8086e+00
2.8059e+00
2.7925e+00
2.7872e+00
2.7684e+00
2.7590e+00
2.7510e+00
2.7456e+00
2.7308e+00
2.7295e+00
2.7134e+00
2.6986e+00
2.6959e+00
2.6906e+00
2.6718e+00
2.6691e+00
2.6610e+00
2.6503e+00
2.6396e+00
2.6342e+00
2.6194e+00
2.6100e+00
2.5979e+00
2.5993e+00
2.5858e+00
2.5724e+00
2.5643e+00
2.5415e+00
2.5280e+00
2.5280e+00
2.5079e+00
2.5038e+00
2.4931e+00
2.4837e+00
2.4702e+00
2.4635e+00
2.4527e+00
2.4514e+00
2.4406e+00
2.4326e+00
2.4285e+00
2.4245e+00
2.4110e+00
2.4030e+00
2.3908e+00
2.3828e+00
2.3720e+00
2.3747e+00
2.3612e+00
2.3626e+00
2.3518e+00
2.3397e+00
2.3316e+00
2.3316e+00
2.3208e+00
2.3154e+00
2.2966e+00
2.2966e+00
2.2818e+00
2.2683e+00
2.2615e+00
2.2521e+00
2.2373e+00
2.2305e+00
2.2198e+00
2.2130e+00
2.2076e+00
2.2076e+00
2.1995e+00
2.1914e+00
2.1739e+00
2.1699e+00
2.1618e+00
2.1685e+00
2.1577e+00
2.1483e+00
2.1388e+00
2.1388e+00
2.1307e+00
2.1199e+00
2.1091e+00
2.1186e+00
2.1037e+00
2.0956e+00
2.0889e+00
2.0875e+00
2.0740e+00
2.0713e+00
2.0619e+00
2.0619e+00
2.0524e+00
2.0430e+00
2.0349e+00
2.0268e+00
2.0214e+00
2.0146e+00
2.0052e+00
2.0038e+00
2.0025e+00
2.0038e+00
1.9998e+00
1.9984e+00
1.9903e+00
1.9863e+00
1.9781e+00
1.9754e+00
1.9714e+00
1.9700e+00
1.9660e+00
1.9592e+00
1.9498e+00
1.9484e+00
1.9389e+00
1.9430e+00
1.9389e+00
1.9403e+00
1.9322e+00
1.9227e+00
1.9160e+00
1.9187e+00
1.9133e+00
1.9133e+00
1.9078e+00
1.8997e+00
1.8930e+00
1.8808e+00
1.8808e+00
1.8808e+00
1.8727e+00
1.8646e+00
1.8592e+00
1.8619e+00
1.8524e+00
1.8483e+00
1.8470e+00
1.8497e+00
1.8456e+00
1.8443e+00
1.8429e+00
1.8429e+00
1.8348e+00
1.8321e+00
1.8280e+00
1.8321e+00
1.8375e+00
1.8510e+00
1.8483e+00
1.8510e+00
1.8564e+00
1.8619e+00
1.8808e+00
1.8943e+00
1.8889e+00
1.8903e+00
1.8822e+00
1.8862e+00
1.8849e+00
1.8740e+00
1.8727e+00
1.8673e+00
1.8605e+00
1.8605e+00
1.8592e+00
1.8537e+00
1.8456e+00
1.8470e+00
1.8348e+00
1.8375e+00
1.8334e+00
1.8267e+00
1.8199e+00
1.8186e+00
1.8159e+00
1.8104e+00
1.8050e+00
1.8077e+00
1.8064e+00
1.8104e+00
1.8118e+00
1.8159e+00
1.8064e+00
1.8064e+00
1.8077e+00
1.8064e+00
1.7969e+00
1.7996e+00
1.7955e+00
1.7996e+00
1.7901e+00
1.7820e+00
1.7779e+00
1.7631e+00
1.7509e+00
1.7468e+00
1.7441e+00
1.7427e+00
1.7292e+00
1.7278e+00
1.7238e+00
1.7224e+00
1.7129e+00
1.7075e+00
1.7035e+00
1.7007e+00
1.6926e+00
1.6940e+00
1.6926e+00
1.6926e+00
1.6845e+00
1.6872e+00
1.6818e+00
1.6777e+00
1.6669e+00
1.6628e+00
1.6655e+00
1.6655e+00
1.6574e+00
1.6628e+00
1.6574e+00
1.6601e+00
1.6479e+00
1.6425e+00
1.6425e+00
1.6343e+00
1.6330e+00
1.6262e+00
1.6167e+00
1.6248e+00
1.6167e+00
1.6126e+00
1.6072e+00
1.6099e+00
1.6018e+00
1.6018e+00
1.6031e+00
1.6031e+00
1.5977e+00
1.5950e+00
1.5896e+00
1.5923e+00
1.5869e+00
1.5923e+00
1.5977e+00
1.6031e+00
1.6018e+00
1.6126e+00
1.6167e+00
1.6303e+00
1.6316e+00
1.6465e+00
1.6614e+00
1.6736e+00
1.6872e+00
1.7007e+00
1.7170e+00
1.7400e+00
1.7563e+00
1.7888e+00
1.8172e+00
1.8389e+00
1.8592e+00
1.9011e+00
1.9281e+00
1.9525e+00
1.9795e+00
2.0173e+00
2.0443e+00
2.0646e+00
2.0862e+00
2.1105e+00
2.1294e+00
2.1604e+00
2.1901e+00
2.2103e+00
2.2211e+00
2.2332e+00
2.2535e+00
2.2804e+00
2.2925e+00
2.3127e+00
2.3262e+00
2.3316e+00
2.3464e+00
2.3518e+00
2.3666e+00
2.3760e+00
2.3814e+00
2.3895e+00
2.4030e+00
2.4083e+00
2.4178e+00
2.4191e+00
2.4231e+00
2.4231e+00
2.4312e+00
2.4379e+00
2.4433e+00
2.4460e+00
2.4474e+00
2.4420e+00
2.4447e+00
2.4487e+00
2.4501e+00
2.4474e+00
2.4527e+00
2.4527e+00
2.4474e+00
2.4447e+00
2.4420e+00
2.4447e+00
2.4433e+00
2.4299e+00
2.4285e+00
2.4191e+00
2.4137e+00
2.4070e+00
2.3962e+00
2.3868e+00
2.3855e+00
2.3774e+00
2.3666e+00
2.3626e+00
2.3599e+00
2.3558e+00
2.3505e+00
2.3451e+00
2.3343e+00
2.3316e+00
2.3222e+00
2.3181e+00
2.3114e+00
2.3074e+00
2.2979e+00
2.2898e+00
2.2845e+00
2.2818e+00
2.2750e+00
2.2669e+00
2.2575e+00
2.2589e+00
2.2494e+00
2.2413e+00
2.2373e+00
2.2292e+00
2.2225e+00
2.2117e+00
2.2063e+00
2.2022e+00
2.1941e+00
2.1874e+00
2.1739e+00
2.1726e+00
2.1672e+00
2.1591e+00
2.1577e+00
2.1577e+00
2.1510e+00
2.1523e+00
2.1442e+00
2.1334e+00
2.1361e+00
2.1375e+00
2.1294e+00
2.1334e+00
2.1294e+00
2.1186e+00
2.1105e+00
2.1064e+00
2.0997e+00
2.0970e+00
2.0862e+00
2.0862e+00
2.0794e+00
2.0740e+00
2.0713e+00
2.0646e+00
2.0578e+00
2.0524e+00
2.0443e+00
2.0416e+00
2.0322e+00
2.0322e+00
2.0241e+00
2.0173e+00
2.0187e+00
2.0227e+00
2.0146e+00
2.0119e+00
2.0119e+00
2.0133e+00
2.0011e+00
2.0079e+00
2.0038e+00
2.0011e+00
1.9930e+00
1.9863e+00
1.9768e+00
1.9822e+00
1.9768e+00
1.9822e+00
1.9781e+00
1.9781e+00
1.9673e+00
1.9727e+00
1.9700e+00
1.9741e+00
1.9646e+00
1.9565e+00
1.9511e+00
1.9484e+00
1.9444e+00
1.9511e+00
1.9416e+00
1.9457e+00
1.9389e+00
1.9376e+00
1.9308e+00
1.9416e+00
1.9349e+00
1.9362e+00
1.9335e+00
1.9416e+00
1.9308e+00
1.9376e+00
1.9376e+00
1.9376e+00
1.9362e+00
1.9660e+00
1.9822e+00
1.9835e+00
1.9863e+00
1.9917e+00
1.9917e+00
1.9998e+00
1.9917e+00
1.9944e+00
1.9903e+00
1.9930e+00
1.9957e+00
1.9957e+00
2.0038e+00
2.0052e+00
2.0092e+00
2.0133e+00
2.0173e+00
2.0295e+00
2.0349e+00
2.0430e+00
2.0457e+00
2.0538e+00
2.0632e+00
2.0754e+00
2.0686e+00
2.0794e+00
2.0889e+00
2.1037e+00
2.1159e+00
2.1415e+00
2.1496e+00
2.1645e+00
2.1699e+00
2.1860e+00
2.1928e+00
2.2144e+00
2.2252e+00
2.2427e+00
2.2454e+00
2.2602e+00
2.2737e+00
2.2872e+00
2.3020e+00
2.3276e+00
2.3370e+00
2.3599e+00
2.3733e+00
2.3949e+00
2.4057e+00
2.4218e+00
2.4326e+00
2.4501e+00
2.4568e+00
2.4716e+00
2.4810e+00
2.5038e+00
2.5146e+00
2.5334e+00
2.5442e+00
2.5576e+00
2.5616e+00
2.5885e+00
2.6127e+00
2.6288e+00
2.6463e+00
2.6476e+00
2.6597e+00
2.6718e+00
2.6772e+00
2.6852e+00
2.6892e+00
2.6852e+00
2.6879e+00
2.6933e+00
2.7000e+00
2.7040e+00
2.7027e+00
2.7053e+00
2.7040e+00
2.7067e+00
2.7027e+00
2.7027e+00
2.7027e+00
2.7053e+00
2.7000e+00
2.6946e+00
2.6986e+00
2.7053e+00
2.6986e+00
2.6892e+00
2.6825e+00
2.6865e+00
2.6704e+00
2.6651e+00
2.6597e+00
2.6570e+00
2.6503e+00
2.6530e+00
2.6476e+00
2.6476e+00
2.6342e+00
2.6328e+00
2.6194e+00
2.6046e+00
2.5993e+00
2.5926e+00
2.5818e+00
2.5805e+00
2.5737e+00
2.5684e+00
2.5576e+00
2.5522e+00
2.5482e+00
2.5361e+00
2.5254e+00
2.5240e+00
2.5146e+00
2.5065e+00
2.4985e+00
2.4931e+00
2.4850e+00
2.4783e+00
2.4743e+00
2.4729e+00
2.4595e+00
2.4541e+00
2.4514e+00
2.4447e+00
2.4339e+00
2.4299e+00
2.4218e+00
2.4178e+00
2.4016e+00
2.3989e+00
2.3989e+00
2.3828e+00
2.3787e+00
2.3680e+00
2.3612e+00
2.3572e+00
2.3451e+00
2.3383e+00
2.3330e+00
2.3289e+00
2.3181e+00
2.3154e+00
2.3074e+00
2.3047e+00
2.3047e+00
2.3006e+00
2.2993e+00
2.3020e+00
2.2966e+00
2.3033e+00
2.3047e+00
2.3060e+00
2.2966e+00
2.3020e+00
2.3033e+00
2.3074e+00
2.3047e+00
2.3087e+00
2.2993e+00
2.2939e+00
2.3006e+00
2.3006e+00
2.2966e+00
2.2966e+00
2.2966e+00
2.2939e+00
2.2925e+00
2.2979e+00
2.2952e+00
2.2966e+00
2.2966e+00
2.2952e+00
2.2925e+00
2.2979e+00
2.2952e+00
2.2966e+00
2.2925e+00
2.2925e+00
2.2939e+00
2.3060e+00
2.3047e+00
2.3006e+00
2.2925e+00
2.2979e+00
2.3047e+00
2.3087e+00
2.2952e+00
2.2952e+00
2.2898e+00
2.2872e+00
2.2872e+00
2.2777e+00
2.2737e+00
2.2764e+00
2.2669e+00
2.2642e+00
2.2602e+00
2.2535e+00
2.2508e+00
2.2508e+00
2.2454e+00
2.2494e+00
2.2454e+00
2.2454e+00
2.2400e+00
2.2332e+00
2.2292e+00
2.2278e+00
2.2198e+00
2.2171e+00
2.2130e+00
2.2090e+00
2.2049e+00
2.2049e+00
2.2009e+00
2.1995e+00
2.1914e+00
2.1941e+00
2.1901e+00
2.1807e+00
2.1766e+00
2.1658e+00
2.1604e+00
2.1537e+00
2.1442e+00
2.1361e+00
2.1267e+00
2.1307e+00
2.1240e+00
2.1118e+00
2.1078e+00
2.1051e+00
2.0997e+00
2.0970e+00
2.0902e+00
2.0862e+00
2.0794e+00
2.0727e+00
2.0659e+00
2.0632e+00
2.0524e+00
2.0457e+00
2.0497e+00
2.0470e+00
2.0403e+00
2.0430e+00
2.0335e+00
2.0281e+00
2.0200e+00
2.0200e+00
2.0146e+00
2.0011e+00
1.9998e+00
1.9930e+00
1.9781e+00
1.9687e+00
1.9714e+00
1.9700e+00
1.9592e+00
1.9525e+00
1.9444e+00
1.9403e+00
1.9349e+00
1.9281e+00
1.9241e+00
1.9227e+00
1.9187e+00
1.9146e+00
1.9119e+00
1.9051e+00
1.8970e+00
1.8943e+00
1.8794e+00
1.8740e+00
1.8781e+00
1.8740e+00
1.8686e+00
1.8713e+00
1.8632e+00
1.8619e+00
1.8537e+00
1.8524e+00
1.8429e+00
1.8267e+00
1.8294e+00
1.8280e+00
1.8186e+00
1.8077e+00
1.8023e+00
1.8010e+00
1.7928e+00
1.7834e+00
1.7834e+00
1.7779e+00
1.7698e+00
1.7698e+00
1.7617e+00
1.7563e+00
1.7576e+00
1.7509e+00
1.7400e+00
1.7373e+00
1.7333e+00
1.7265e+00
1.7224e+00
1.7197e+00
1.7102e+00
1.7035e+00
1.7035e+00
1.7021e+00
1.6926e+00
1.6940e+00
1.6858e+00
1.6845e+00
1.6750e+00
1.6736e+00
1.6655e+00
1.6492e+00
1.6492e+00
1.6479e+00
1.6438e+00
1.6397e+00
1.6289e+00
1.6289e+00
1.6221e+00
1.6153e+00
1.6086e+00
1.6045e+00
1.6004e+00
1.5977e+00
1.5896e+00
1.5882e+00
1.5855e+00
1.5828e+00
1.5801e+00
1.5733e+00
1.5624e+00
1.5611e+00
1.5543e+00
1.5570e+00
1.5516e+00
1.5434e+00
1.5380e+00
1.5394e+00
1.5367e+00
1.5394e+00
1.5285e+00
1.5272e+00
1.5244e+00
1.5163e+00
1.5149e+00
1.5068e+00
1.5027e+00
1.5027e+00
1.4973e+00
1.4864e+00
1.4851e+00
1.4837e+00
1.4851e+00
1.4851e+00
1.4783e+00
1.4742e+00
1.4701e+00
1.4661e+00
1.4633e+00
1.4606e+00
1.4525e+00
1.4525e+00
1.4538e+00
1.4484e+00
1.4430e+00
1.4416e+00
1.4362e+00
1.4335e+00
1.4348e+00
1.4362e+00
1.4307e+00
1.4307e+00
1.4212e+00
1.4158e+00
1.4158e+00
1.4063e+00
1.4049e+00
1.3968e+00
1.3927e+00
1.3913e+00
1.3805e+00
1.3723e+00
1.3723e+00
1.3710e+00
1.3655e+00
1.3696e+00
1.3628e+00
1.3546e+00
1.3533e+00
1.3546e+00
1.3492e+00
1.3451e+00
1.3451e+00
1.3478e+00
1.3410e+00
1.3356e+00
1.3315e+00
1.3370e+00
1.3370e+00
1.3288e+00
1.3247e+00
1.3220e+00
1.3207e+00
1.3193e+00
1.3071e+00
1.3125e+00
1.3071e+00
1.2934e+00
1.2962e+00
1.2948e+00
1.2948e+00
1.2866e+00
1.2785e+00
1.2730e+00
1.2649e+00
1.2608e+00
1.2554e+00
1.2513e+00
1.2472e+00
1.2445e+00
1.2485e+00
1.2485e+00
1.2390e+00
1.2390e+00
1.2363e+00
1.2377e+00
1.2390e+00
1.2268e+00
1.2227e+00
1.2295e+00
1.2254e+00
1.2172e+00
1.2104e+00
1.2091e+00
1.2091e+00
1.2077e+00
1.2091e+00
1.2091e+00
1.2036e+00
1.2009e+00
1.2023e+00
1.1873e+00
1.1900e+00
1.1927e+00
1.1832e+00
1.1696e+00
1.1669e+00
1.1655e+00
1.1587e+00
1.1560e+00
1.1505e+00
1.1505e+00
1.1546e+00
1.1519e+00
1.1464e+00
1.1464e+00
1.1423e+00
1.1396e+00
1.1423e+00
1.1342e+00
1.1246e+00
1.1274e+00
1.1260e+00
1.1233e+00
1.1192e+00
1.1192e+00
1.1192e+00
1.1233e+00
1.1137e+00
1.1096e+00
1.1110e+00
1.1083e+00
1.1069e+00
1.1028e+00
1.0987e+00
1.0906e+00
1.0865e+00
1.0851e+00
1.0892e+00
1.0851e+00
1.0810e+00
1.0824e+00
1.0838e+00
1.0838e+00
1.0797e+00
1.0838e+00
1.0810e+00
1.0824e+00
1.0838e+00
1.0838e+00
1.0797e+00
1.0878e+00
1.0878e+00
1.0810e+00
1.0769e+00
1.0797e+00
1.0783e+00
1.0810e+00
1.0797e+00
1.0797e+00
1.0769e+00
1.0756e+00
1.0756e+00
1.0715e+00
1.0742e+00
1.0769e+00
1.0769e+00
1.0756e+00
1.0701e+00
1.0715e+00
1.0742e+00
1.0701e+00
1.0701e+00
1.0701e+00
1.0660e+00
1.0742e+00
1.0769e+00
1.0851e+00
1.0810e+00
1.0769e+00
1.0783e+00
1.0906e+00
1.0906e+00
1.0987e+00
1.0947e+00
1.1015e+00
1.1083e+00
1.1205e+00
1.1178e+00
1.1219e+00
1.1178e+00
1.1274e+00
1.1301e+00
1.1165e+00
1.1219e+00
1.1260e+00
1.1246e+00
1.1233e+00
1.1274e+00
1.1355e+00
1.1314e+00
1.1314e+00
1.1274e+00
1.1355e+00
1.1451e+00
1.1464e+00
1.1437e+00
1.1532e+00
1.1587e+00
1.1696e+00
1.1723e+00
1.1805e+00
1.1805e+00
1.1927e+00
1.2023e+00
1.2091e+00
1.2159e+00
1.2295e+00
1.2349e+00
1.2540e+00
1.2540e+00
1.2662e+00
1.2853e+00
1.2880e+00
1.2962e+00
1.3030e+00
1.3111e+00
1.3220e+00
1.3329e+00
1.3424e+00
1.3506e+00
1.3628e+00
1.3723e+00
1.3655e+00
1.3859e+00
1.3913e+00
1.4063e+00
1.4090e+00
1.4212e+00
1.4321e+00
1.4362e+00
1.4348e+00
1.4443e+00
1.4470e+00
1.4552e+00
1.4620e+00
1.4674e+00
1.4688e+00
1.4769e+00
1.4756e+00
1.4729e+00
1.4688e+00
1.4769e+00
1.4742e+00
1.4742e+00
1.4688e+00
1.4742e+00
1.4715e+00
1.4661e+00
1.4620e+00
1.4620e+00
1.4484e+00
1.4443e+00
1.4416e+00
1.4416e+00
1.4335e+00
1.4240e+00
1.4158e+00
1.4131e+00
1.4077e+00
1.3954e+00
1.3913e+00
1.3873e+00
1.3778e+00
1.3723e+00
1.3655e+00
1.3574e+00
1.3519e+00
1.3410e+00
1.3370e+00
1.3247e+00
1.3125e+00
1.3057e+00
1.2921e+00
1.2880e+00
1.2785e+00
1.2703e+00
1.2662e+00
1.2526e+00
1.2417e+00
1.2336e+00
1.2227e+00
1.2159e+00
1.2104e+00
1.2023e+00
1.1995e+00
1.1887e+00
1.1791e+00
1.1737e+00
1.1696e+00
1.1682e+00
1.1573e+00
1.1505e+00
1.1519e+00
1.1383e+00
1.1355e+00
1.1301e+00
1.1246e+00
1.1151e+00
1.1110e+00
1.1042e+00
1.0974e+00
1.0865e+00
1.0824e+00
1.0838e+00
1.0742e+00
1.0674e+00
1.0592e+00
1.0565e+00
1.0524e+00
1.0429e+00
1.0360e+00
1.0319e+00
1.0238e+00
1.0156e+00
1.0142e+00
1.0101e+00
1.0033e+00
9.9785e-01
9.9239e-01
9.9239e-01
9.8693e-01
9.7738e-01
9.7738e-01
9.7056e-01
9.6510e-01
9.5828e-01
9.5282e-01
9.4873e-01
9.4463e-01
9.3644e-01
9.3508e-01
9.3098e-01
9.3235e-01
9.2143e-01
9.1596e-01
9.1460e-01
9.0368e-01
9.0504e-01
8.9958e-01
8.9412e-01
8.8866e-01
8.8456e-01
8.8046e-01
8.7227e-01
8.7090e-01
8.6817e-01
8.6407e-01
8.5998e-01
8.5588e-01
8.4632e-01
8.4358e-01
8.3948e-01
8.3675e-01
8.3812e-01
8.3539e-01
8.2992e-01
8.3129e-01
8.2172e-01
8.1216e-01
8.0806e-01
8.0259e-01
7.9576e-01
7.9576e-01
7.9029e-01
7.8756e-01
7.8346e-01
7.7525e-01
7.6842e-01
7.6431e-01
7.5748e-01
7.5338e-01
7.5611e-01
7.4927e-01
7.3970e-01
7.3423e-01
7.3150e-01
7.2739e-01
7.2329e-01
7.2329e-01
7.1508e-01
7.1235e-01
7.0824e-01
7.0688e-01
7.0277e-01
7.0141e-01
6.9456e-01
6.9593e-01
6.8909e-01
6.8499e-01
6.8499e-01
6.8772e-01
6.8636e-01
6.8362e-01
6.7815e-01
6.7951e-01
6.7678e-01
6.7267e-01
6.7130e-01
6.8088e-01
6.6994e-01
6.6173e-01
6.6720e-01
6.6173e-01
6.6309e-01
6.5351e-01
6.4804e-01
6.5078e-01
6.4804e-01
6.4530e-01
6.4530e-01
6.3709e-01
6.3298e-01
6.3572e-01
6.2751e-01
6.2203e-01
6.1929e-01
6.0697e-01
6.0423e-01
6.0149e-01
6.0149e-01
5.9601e-01
5.9601e-01
5.9464e-01
5.9054e-01
5.9464e-01
5.9328e-01
5.8232e-01
5.8095e-01
5.7410e-01
5.7136e-01
5.7136e-01
5.6177e-01
5.6314e-01
5.5766e-01
5.4670e-01
5.5081e-01
5.4396e-01
5.4259e-01
5.3163e-01
5.2615e-01
5.2067e-01
5.2341e-01
5.1930e-01
5.1519e-01
5.1245e-01
5.0559e-01
5.0011e-01
4.9737e-01
4.9052e-01
4.8915e-01
4.8366e-01
4.8092e-01
4.7681e-01
4.7269e-01
4.6858e-01
4.6447e-01
4.6310e-01
4.5624e-01
4.4390e-01
4.3979e-01
4.3979e-01
4.3979e-01
4.3293e-01
4.2607e-01
4.2744e-01
4.2196e-01
4.2058e-01
4.2333e-01
4.0686e-01
3.9726e-01
3.9315e-01
3.8903e-01
3.8903e-01
3.8491e-01
3.7942e-01
3.7531e-01
3.6982e-01
3.5884e-01
3.5472e-01
3.5884e-01
3.4786e-01
3.3962e-01
3.4237e-01
3.3550e-01
3.2727e-01
3.2452e-01
3.2452e-01
3.1766e-01
3.1903e-01
3.1903e-01
3.2177e-01
3.1628e-01
3.0804e-01
3.0667e-01
3.0942e-01
2.9843e-01
2.9706e-01
2.9294e-01
2.8195e-01
2.8058e-01
2.7783e-01
2.7371e-01
2.6272e-01
2.5997e-01
2.5997e-01
2.5310e-01
2.4486e-01
2.4348e-01
2.3936e-01
2.2974e-01
2.2012e-01
2.2425e-01
2.2150e-01
2.1325e-01
2.0775e-01
2.0500e-01
1.9676e-01
1.8988e-01
1.9401e-01
1.9401e-01
1.8851e-01
1.8576e-01
1.8713e-01
1.8301e-01
1.7751e-01
1.7476e-01
1.7751e-01
1.7339e-01
1.6239e-01
1.6101e-01
1.5139e-01
1.5276e-01
1.5001e-01
1.4176e-01
1.3901e-01
1.3626e-01
1.3488e-01
1.3488e-01
1.3351e-01
1.2663e-01
1.2250e-01
1.1975e-01
1.1837e-01
1.1012e-01
1.0874e-01
1.1150e-01
1.1150e-01
1.0874e-01
1.1012e-01
1.0737e-01
1.0187e-01
9.3609e-02
9.2233e-02
9.2233e-02
9.0857e-02
8.6729e-02
8.9481e-02
8.3977e-02
7.7096e-02
7.5720e-02
6.6086e-02
6.0580e-02
5.7827e-02
5.7827e-02
5.9204e-02
5.3698e-02
4.9568e-02
4.8192e-02
4.4062e-02
3.8555e-02
3.7178e-02
3.9932e-02
4.1309e-02
3.0295e-02
2.7541e-02
3.1671e-02
2.4787e-02
2.0656e-02
2.6164e-02
2.4787e-02
2.2033e-02
2.2033e-02
1.9279e-02
1.6526e-02
1.7903e-02
2.0656e-02
2.8918e-02
2.4787e-02
9.6400e-03
1.6526e-02
1.5149e-02
1.5149e-02
6.8860e-03
1.1017e-02
9.6400e-03
1.5149e-02
1.3771e-02
1.2394e-02
8.2630e-03
1.6526e-02
1.3771e-02
1.6526e-02
1.6526e-02
2.4787e-02
2.4787e-02
2.3410e-02
1.9279e-02
2.2033e-02
2.0656e-02
1.9279e-02
1.3771e-02
1.3771e-02
9.6400e-03
1.2394e-02
8.2630e-03
8.2630e-03
1.3771e-02
8.2630e-03
0000
8.2630e-03
