5.3190e-03
5.3190e-03
6.6480e-03
0000
3.9890e-03
1.3300e-03
0000
9.3070e-03
1.1967e-02
3.9890e-03
1.3300e-03
5.3190e-03
7.9780e-03
2.6590e-03
6.6480e-03
9.3070e-03
2.6590e-03
5.3190e-03
0000
3.9890e-03
1.3300e-03
7.9780e-03
1.5955e-02
1.1967e-02
1.0637e-02
2.1273e-02
2.3932e-02
2.2602e-02
2.9249e-02
3.8554e-02
4.9187e-02
4.7858e-02
5.9819e-02
7.0450e-02
9.7023e-02
9.7023e-02
1.1828e-01
1.2624e-01
1.3554e-01
1.4085e-01
1.4749e-01
1.4616e-01
1.6077e-01
1.6342e-01
1.7139e-01
1.7537e-01
1.7803e-01
1.8334e-01
1.8201e-01
1.8732e-01
1.9528e-01
1.9794e-01
2.0192e-01
2.0590e-01
2.0988e-01
2.0457e-01
2.0457e-01
2.0988e-01
2.1784e-01
2.1784e-01
2.1519e-01
2.1386e-01
2.1519e-01
2.1652e-01
2.1253e-01
2.1519e-01
2.2580e-01
2.2315e-01
2.1652e-01
2.1386e-01
2.1386e-01
2.0855e-01
2.0325e-01
2.0192e-01
1.9661e-01
1.9263e-01
1.8732e-01
1.9130e-01
1.8201e-01
1.8334e-01
1.8599e-01
1.8334e-01
1.8068e-01
1.8466e-01
1.7803e-01
1.8334e-01
1.8997e-01
1.8865e-01
1.9263e-01
2.0192e-01
2.1519e-01
2.2182e-01
2.3509e-01
2.4703e-01
2.6560e-01
2.8019e-01
3.0538e-01
3.1731e-01
3.3984e-01
3.6370e-01
3.9417e-01
4.2066e-01
4.5111e-01
4.8420e-01
5.2390e-01
5.5697e-01
6.0325e-01
6.3629e-01
6.7197e-01
6.9970e-01
7.3932e-01
7.7232e-01
8.1190e-01
8.3829e-01
8.7389e-01
9.0685e-01
9.3452e-01
9.6614e-01
9.9643e-01
1.0359e+00
1.0583e+00
1.0912e+00
1.1149e+00
1.1294e+00
1.1504e+00
1.1754e+00
1.1911e+00
1.2043e+00
1.2161e+00
1.2279e+00
1.2463e+00
1.2634e+00
1.2713e+00
1.2871e+00
1.2923e+00
1.3054e+00
1.3186e+00
1.3212e+00
1.3264e+00
1.3343e+00
1.3264e+00
1.3369e+00
1.3330e+00
1.3383e+00
1.3396e+00
1.3435e+00
1.3409e+00
1.3369e+00
1.3278e+00
1.3317e+00
1.3264e+00
1.3251e+00
1.3107e+00
1.3041e+00
1.3015e+00
1.2949e+00
1.2857e+00
1.2844e+00
1.2752e+00
1.2752e+00
1.2647e+00
1.2621e+00
1.2529e+00
1.2450e+00
1.2450e+00
1.2463e+00
1.2437e+00
1.2490e+00
1.2490e+00
1.2424e+00
1.2411e+00
1.2398e+00
1.2477e+00
1.2608e+00
1.2582e+00
1.2634e+00
1.2752e+00
1.2831e+00
1.2910e+00
1.3054e+00
1.3212e+00
1.3343e+00
1.3488e+00
1.3632e+00
1.3829e+00
1.3960e+00
1.4170e+00
1.4314e+00
1.4511e+00
1.4629e+00
1.4786e+00
1.4891e+00
1.5140e+00
1.5363e+00
1.5598e+00
1.5703e+00
1.5873e+00
1.5926e+00
1.6122e+00
1.6331e+00
1.6488e+00
1.6580e+00
1.6711e+00
1.6829e+00
1.6946e+00
1.7012e+00
1.7208e+00
1.7260e+00
1.7247e+00
1.7352e+00
1.7417e+00
1.7482e+00
1.7561e+00
1.7613e+00
1.7626e+00
1.7600e+00
1.7600e+00
1.7665e+00
1.7665e+00
1.7587e+00
1.7626e+00
1.7600e+00
1.7600e+00
1.7548e+00
1.7482e+00
1.7430e+00
1.7443e+00
1.7417e+00
1.7339e+00
1.7299e+00
1.7247e+00
1.7195e+00
1.7129e+00
1.6986e+00
1.6920e+00
1.6920e+00
1.6868e+00
1.6763e+00
1.6698e+00
1.6685e+00
1.6750e+00
1.6672e+00
1.6776e+00
1.6776e+00
1.6737e+00
1.6855e+00
1.7012e+00
1.7116e+00
1.7260e+00
1.7509e+00
1.7796e+00
1.8031e+00
1.8384e+00
1.8737e+00
1.9128e+00
1.9598e+00
2.0042e+00
2.0680e+00
2.1384e+00
2.2191e+00
2.2984e+00
2.3946e+00
2.4764e+00
2.5983e+00
2.6916e+00
2.8883e+00
3.0343e+00
3.1723e+00
3.2844e+00
3.3861e+00
3.4915e+00
3.5981e+00
3.6892e+00
3.7969e+00
3.9378e+00
4.0758e+00
4.2010e+00
4.3272e+00
4.4279e+00
4.5538e+00
4.6403e+00
4.7558e+00
4.8256e+00
4.9118e+00
4.9827e+00
5.0739e+00
5.1358e+00
5.2306e+00
5.2912e+00
5.4023e+00
5.4754e+00
5.5786e+00
5.6529e+00
5.7748e+00
5.8577e+00
5.9518e+00
6.0233e+00
6.1009e+00
6.1548e+00
6.2223e+00
6.2698e+00
6.3248e+00
6.3598e+00
6.4122e+00
6.4484e+00
6.5021e+00
6.5457e+00
6.5918e+00
6.6404e+00
6.6790e+00
6.7064e+00
6.7425e+00
6.7711e+00
6.8097e+00
6.8184e+00
6.8445e+00
6.8569e+00
6.8780e+00
6.8892e+00
6.9140e+00
6.9078e+00
6.9178e+00
6.9190e+00
6.9265e+00
6.9265e+00
6.9364e+00
6.9339e+00
6.9451e+00
6.9352e+00
6.9327e+00
6.9215e+00
6.9252e+00
6.9153e+00
6.9215e+00
6.9128e+00
6.9165e+00
6.9066e+00
6.8991e+00
6.8917e+00
6.8991e+00
6.8929e+00
6.8991e+00
6.9029e+00
6.9401e+00
6.9451e+00
6.9699e+00
6.9811e+00
7.0791e+00
7.1138e+00
7.1560e+00
7.1622e+00
7.1845e+00
7.1820e+00
7.1931e+00
7.1956e+00
7.1956e+00
7.1906e+00
7.1832e+00
7.1758e+00
7.1708e+00
7.1696e+00
7.1609e+00
7.1696e+00
7.1646e+00
7.1721e+00
7.1696e+00
7.1795e+00
7.1683e+00
7.1770e+00
7.1646e+00
7.1609e+00
7.1485e+00
7.1510e+00
7.1436e+00
7.1386e+00
7.1188e+00
7.1126e+00
7.1039e+00
7.0989e+00
7.0853e+00
7.0878e+00
7.0791e+00
7.0593e+00
7.0568e+00
7.0531e+00
7.0431e+00
7.0369e+00
7.0270e+00
7.0196e+00
7.0084e+00
7.0059e+00
6.9960e+00
6.9898e+00
6.9799e+00
6.9724e+00
6.9525e+00
6.9451e+00
6.9302e+00
6.9290e+00
6.9215e+00
6.9128e+00
6.8967e+00
6.8967e+00
6.8867e+00
6.8793e+00
6.8693e+00
6.8581e+00
6.8407e+00
6.8383e+00
6.8233e+00
6.8258e+00
6.8146e+00
6.8072e+00
6.8034e+00
6.7923e+00
6.7885e+00
6.7910e+00
6.7811e+00
6.7811e+00
6.7711e+00
6.7736e+00
6.7599e+00
6.7562e+00
6.7425e+00
6.7413e+00
6.7288e+00
6.7251e+00
6.7064e+00
6.7039e+00
6.6927e+00
6.6927e+00
6.6803e+00
6.6728e+00
6.6541e+00
6.6579e+00
6.6417e+00
6.6404e+00
6.6354e+00
6.6317e+00
6.6180e+00
6.6205e+00
6.6030e+00
6.6030e+00
6.5893e+00
6.5868e+00
6.5831e+00
6.5744e+00
6.5632e+00
6.5557e+00
6.5457e+00
6.5495e+00
6.5382e+00
6.5395e+00
6.5370e+00
6.5395e+00
6.5357e+00
6.5382e+00
6.5407e+00
6.5432e+00
6.5445e+00
6.5544e+00
6.5582e+00
6.5607e+00
6.5657e+00
6.5756e+00
6.5781e+00
6.5893e+00
6.6055e+00
6.6080e+00
6.6143e+00
6.6230e+00
6.6292e+00
6.6429e+00
6.6529e+00
6.6628e+00
6.6666e+00
6.6666e+00
6.6740e+00
6.6815e+00
6.6852e+00
6.6915e+00
6.6927e+00
6.7014e+00
6.7101e+00
6.7114e+00
6.7126e+00
6.7201e+00
6.7151e+00
6.7213e+00
6.7226e+00
6.7189e+00
6.7089e+00
6.7126e+00
6.7101e+00
6.7126e+00
6.7077e+00
6.7164e+00
6.7114e+00
6.7027e+00
6.6964e+00
6.6952e+00
6.6890e+00
6.6927e+00
6.6778e+00
6.6840e+00
6.6803e+00
6.6716e+00
6.6728e+00
6.6678e+00
6.6566e+00
6.6491e+00
6.6442e+00
6.6417e+00
6.6317e+00
6.6317e+00
6.6267e+00
6.6267e+00
6.6143e+00
6.6130e+00
6.6006e+00
6.5956e+00
6.5943e+00
6.5881e+00
6.5844e+00
6.5819e+00
6.5657e+00
6.5569e+00
6.5569e+00
6.5632e+00
6.5557e+00
6.5532e+00
6.5407e+00
6.5420e+00
6.5270e+00
6.5195e+00
6.5158e+00
6.5021e+00
6.4958e+00
6.4871e+00
6.4771e+00
6.4759e+00
6.4659e+00
6.4584e+00
6.4472e+00
6.4384e+00
6.4322e+00
6.4297e+00
6.4160e+00
6.4110e+00
6.4035e+00
6.3973e+00
6.3935e+00
6.3873e+00
6.3760e+00
6.3735e+00
6.3585e+00
6.3498e+00
6.3461e+00
6.3461e+00
6.3411e+00
6.3461e+00
6.3411e+00
6.3398e+00
6.3273e+00
6.3261e+00
6.3223e+00
6.3211e+00
6.3198e+00
6.3273e+00
6.3286e+00
6.3461e+00
6.3486e+00
6.3585e+00
6.3498e+00
6.3535e+00
6.3473e+00
6.3423e+00
6.3398e+00
6.3436e+00
6.3298e+00
6.3248e+00
6.3173e+00
6.3161e+00
6.3111e+00
6.3123e+00
6.2986e+00
6.2936e+00
6.2798e+00
6.2773e+00
6.2723e+00
6.2673e+00
6.2573e+00
6.2536e+00
6.2473e+00
6.2411e+00
6.2298e+00
6.2336e+00
6.2261e+00
6.2136e+00
6.2073e+00
6.2023e+00
6.1948e+00
6.1898e+00
6.1860e+00
6.1810e+00
6.1723e+00
6.1685e+00
6.1598e+00
6.1585e+00
6.1522e+00
6.1472e+00
6.1360e+00
6.1347e+00
6.1310e+00
6.1297e+00
6.1285e+00
6.1247e+00
6.1184e+00
6.1134e+00
6.1059e+00
6.0997e+00
6.0972e+00
6.0934e+00
6.0909e+00
6.0896e+00
6.0834e+00
6.0721e+00
6.0709e+00
6.0759e+00
6.0696e+00
6.0546e+00
6.0433e+00
6.0370e+00
6.0370e+00
6.0383e+00
6.0333e+00
6.0245e+00
6.0207e+00
6.0145e+00
6.0070e+00
6.0032e+00
5.9919e+00
5.9907e+00
5.9831e+00
5.9819e+00
5.9681e+00
5.9656e+00
5.9656e+00
5.9631e+00
5.9556e+00
5.9493e+00
5.9418e+00
5.9355e+00
5.9255e+00
5.9167e+00
5.9117e+00
5.9066e+00
5.9041e+00
5.9041e+00
5.8941e+00
5.8841e+00
5.8853e+00
5.8740e+00
5.8640e+00
5.8602e+00
5.8539e+00
5.8539e+00
5.8489e+00
5.8426e+00
5.8351e+00
5.8238e+00
5.8138e+00
5.8213e+00
5.8175e+00
5.8125e+00
5.8087e+00
5.8100e+00
5.7974e+00
5.8012e+00
5.7974e+00
5.7937e+00
5.7874e+00
5.7911e+00
5.7836e+00
5.7899e+00
5.7861e+00
5.7811e+00
5.7761e+00
5.7761e+00
5.7648e+00
5.7685e+00
5.7597e+00
5.7622e+00
5.7560e+00
5.7509e+00
5.7447e+00
5.7396e+00
5.7396e+00
5.7321e+00
5.7296e+00
5.7308e+00
5.7220e+00
5.7183e+00
5.7107e+00
5.7057e+00
5.7019e+00
5.7032e+00
5.6994e+00
5.6944e+00
5.6893e+00
5.6868e+00
5.6856e+00
5.6868e+00
5.6805e+00
5.6743e+00
5.6680e+00
5.6592e+00
5.6478e+00
5.6441e+00
5.6390e+00
5.6390e+00
5.6290e+00
5.6164e+00
5.6151e+00
5.6038e+00
5.5988e+00
5.5937e+00
5.5812e+00
5.5736e+00
5.5648e+00
5.5560e+00
5.5560e+00
5.5409e+00
5.5358e+00
5.5308e+00
5.5245e+00
5.5132e+00
5.5106e+00
5.5106e+00
5.5018e+00
5.4892e+00
5.4791e+00
5.4791e+00
5.4754e+00
5.4691e+00
5.4653e+00
5.4577e+00
5.4476e+00
5.4388e+00
5.4350e+00
5.4300e+00
5.4224e+00
5.4161e+00
5.4098e+00
5.4060e+00
5.4023e+00
5.3934e+00
5.3922e+00
5.3909e+00
5.3808e+00
5.3707e+00
5.3657e+00
5.3669e+00
5.3632e+00
5.3531e+00
5.3556e+00
5.3455e+00
5.3367e+00
5.3266e+00
5.3215e+00
5.3228e+00
5.3177e+00
5.3089e+00
5.3102e+00
5.3039e+00
5.2938e+00
5.2912e+00
5.2874e+00
5.2786e+00
5.2723e+00
5.2660e+00
5.2622e+00
5.2584e+00
5.2584e+00
5.2521e+00
5.2432e+00
5.2344e+00
5.2319e+00
5.2256e+00
5.2205e+00
5.2180e+00
5.2117e+00
5.1990e+00
5.1965e+00
5.1877e+00
5.1839e+00
5.1801e+00
5.1788e+00
5.1712e+00
5.1637e+00
5.1548e+00
5.1535e+00
5.1573e+00
5.1497e+00
5.1371e+00
5.1320e+00
5.1245e+00
5.1194e+00
5.1105e+00
5.0992e+00
5.0979e+00
5.0966e+00
5.0878e+00
5.0840e+00
5.0751e+00
5.0663e+00
5.0688e+00
5.0625e+00
5.0460e+00
5.0384e+00
5.0334e+00
5.0283e+00
5.0182e+00
5.0131e+00
5.0081e+00
5.0017e+00
5.0030e+00
4.9941e+00
4.9853e+00
4.9764e+00
4.9701e+00
4.9713e+00
4.9612e+00
4.9587e+00
4.9625e+00
4.9587e+00
4.9523e+00
4.9536e+00
4.9523e+00
4.9460e+00
4.9498e+00
4.9460e+00
4.9511e+00
4.9485e+00
4.9485e+00
4.9536e+00
4.9561e+00
4.9650e+00
4.9739e+00
4.9815e+00
4.9941e+00
5.0169e+00
5.0359e+00
5.0574e+00
5.0853e+00
5.1143e+00
5.1422e+00
5.1712e+00
5.2079e+00
5.2432e+00
5.2811e+00
5.3152e+00
5.3480e+00
5.3871e+00
5.4275e+00
5.4728e+00
5.5195e+00
5.5509e+00
5.5887e+00
5.6290e+00
5.6705e+00
5.7195e+00
5.7660e+00
5.8075e+00
5.8514e+00
5.8891e+00
5.9342e+00
5.9819e+00
6.0295e+00
6.0734e+00
6.1222e+00
6.1798e+00
6.2361e+00
6.2811e+00
6.3336e+00
6.3785e+00
6.4322e+00
6.4734e+00
6.5170e+00
6.5644e+00
6.6192e+00
6.6815e+00
6.7425e+00
6.8370e+00
6.8991e+00
6.9550e+00
7.0121e+00
7.0704e+00
7.1188e+00
7.2266e+00
7.3058e+00
7.3602e+00
7.3948e+00
7.4084e+00
7.4381e+00
7.4615e+00
7.4912e+00
7.4949e+00
7.5122e+00
7.5109e+00
7.5196e+00
7.5196e+00
7.5257e+00
7.5245e+00
7.5245e+00
7.5196e+00
7.5134e+00
7.5109e+00
7.5097e+00
7.5035e+00
7.4998e+00
7.4949e+00
7.4936e+00
7.4875e+00
7.4788e+00
7.4813e+00
7.4739e+00
7.4702e+00
7.4541e+00
7.4529e+00
7.4442e+00
7.4356e+00
7.4269e+00
7.4208e+00
7.4121e+00
7.4072e+00
7.4059e+00
7.3960e+00
7.3849e+00
7.3849e+00
7.3726e+00
7.3627e+00
7.3515e+00
7.3404e+00
7.3268e+00
7.3219e+00
7.3095e+00
7.3021e+00
7.2823e+00
7.2748e+00
7.2575e+00
7.2451e+00
7.2278e+00
7.2167e+00
7.2080e+00
7.2018e+00
7.1795e+00
7.1659e+00
7.1560e+00
7.1411e+00
7.1175e+00
7.1113e+00
7.1014e+00
7.0903e+00
7.0791e+00
7.0667e+00
7.0518e+00
7.0419e+00
7.0283e+00
7.0084e+00
6.9935e+00
6.9873e+00
6.9786e+00
6.9650e+00
6.9476e+00
6.9314e+00
6.9190e+00
6.8979e+00
6.8780e+00
6.8619e+00
6.8470e+00
6.8283e+00
6.8134e+00
6.8022e+00
6.7835e+00
6.7711e+00
6.7649e+00
6.7524e+00
6.7375e+00
6.7238e+00
6.7064e+00
6.6927e+00
6.6840e+00
6.6653e+00
6.6554e+00
6.6404e+00
6.6255e+00
6.6093e+00
6.5993e+00
6.5881e+00
6.5819e+00
6.5682e+00
6.5569e+00
6.5370e+00
6.5220e+00
6.5096e+00
6.5046e+00
6.4958e+00
6.4809e+00
6.4659e+00
6.4597e+00
6.4484e+00
6.4397e+00
6.4247e+00
6.4147e+00
6.4010e+00
6.3898e+00
6.3885e+00
6.3735e+00
6.3598e+00
6.3535e+00
6.3486e+00
6.3361e+00
6.3236e+00
6.3086e+00
6.2986e+00
6.2973e+00
6.2898e+00
6.2773e+00
6.2686e+00
6.2598e+00
6.2511e+00
6.2448e+00
6.2298e+00
6.2261e+00
6.2161e+00
6.2048e+00
6.1948e+00
6.1960e+00
6.1848e+00
6.1760e+00
6.1673e+00
6.1535e+00
6.1447e+00
6.1347e+00
6.1247e+00
6.1210e+00
6.1072e+00
6.0972e+00
6.0984e+00
6.0871e+00
6.0796e+00
6.0746e+00
6.0671e+00
6.0571e+00
6.0446e+00
6.0308e+00
6.0270e+00
6.0245e+00
6.0145e+00
6.0095e+00
6.0032e+00
5.9944e+00
5.9856e+00
5.9831e+00
5.9756e+00
5.9706e+00
5.9656e+00
5.9543e+00
5.9430e+00
5.9455e+00
5.9468e+00
5.9367e+00
5.9217e+00
5.9091e+00
5.9041e+00
5.9041e+00
5.8966e+00
5.8941e+00
5.8853e+00
5.8790e+00
5.8753e+00
5.8702e+00
5.8602e+00
5.8539e+00
5.8489e+00
5.8426e+00
5.8326e+00
5.8238e+00
5.8213e+00
5.8188e+00
5.8138e+00
5.8062e+00
5.7937e+00
5.7924e+00
5.7911e+00
5.7899e+00
5.7761e+00
5.7761e+00
5.7761e+00
5.7648e+00
5.7560e+00
5.7522e+00
5.7472e+00
5.7459e+00
5.7371e+00
5.7346e+00
5.7271e+00
5.7245e+00
5.7195e+00
5.7057e+00
5.7082e+00
5.7032e+00
5.6956e+00
5.6881e+00
5.6818e+00
5.6805e+00
5.6743e+00
5.6655e+00
5.6604e+00
5.6491e+00
5.6416e+00
5.6403e+00
5.6290e+00
5.6277e+00
5.6252e+00
5.6177e+00
5.6189e+00
5.6177e+00
5.6088e+00
5.6063e+00
5.5963e+00
5.5887e+00
5.5862e+00
5.5774e+00
5.5686e+00
5.5660e+00
5.5547e+00
5.5509e+00
5.5484e+00
5.5371e+00
5.5384e+00
5.5308e+00
5.5270e+00
5.5245e+00
5.5245e+00
5.5220e+00
5.5144e+00
5.5119e+00
5.5056e+00
5.5018e+00
5.5031e+00
5.4980e+00
5.4955e+00
5.4943e+00
5.4917e+00
5.4905e+00
5.4842e+00
5.4766e+00
5.4766e+00
5.4741e+00
5.4653e+00
5.4665e+00
5.4691e+00
5.4653e+00
5.4577e+00
5.4502e+00
5.4476e+00
5.4527e+00
5.4439e+00
5.4376e+00
5.4363e+00
5.4250e+00
5.4212e+00
5.4174e+00
5.4123e+00
5.4199e+00
5.4224e+00
5.4212e+00
5.4161e+00
5.4098e+00
5.4073e+00
5.4086e+00
5.4035e+00
5.3972e+00
5.3947e+00
5.3947e+00
5.3922e+00
5.3922e+00
5.3884e+00
5.3821e+00
5.3745e+00
5.3783e+00
5.3808e+00
5.3720e+00
5.3695e+00
5.3657e+00
5.3594e+00
5.3543e+00
5.3505e+00
5.3493e+00
5.3405e+00
5.3278e+00
5.3266e+00
5.3215e+00
5.3190e+00
5.3165e+00
5.3076e+00
5.3051e+00
5.3051e+00
5.3013e+00
5.3001e+00
5.2975e+00
5.2862e+00
5.2811e+00
5.2773e+00
5.2672e+00
5.2647e+00
5.2685e+00
5.2635e+00
5.2571e+00
5.2546e+00
5.2546e+00
5.2445e+00
5.2496e+00
5.2508e+00
5.2445e+00
5.2432e+00
5.2445e+00
5.2369e+00
5.2357e+00
5.2331e+00
5.2243e+00
5.2155e+00
5.2079e+00
5.2054e+00
5.1915e+00
5.1902e+00
5.1889e+00
5.1801e+00
5.1738e+00
5.1750e+00
5.1750e+00
5.1662e+00
5.1611e+00
5.1611e+00
5.1535e+00
5.1497e+00
5.1422e+00
5.1346e+00
5.1434e+00
5.1460e+00
5.1396e+00
5.1346e+00
5.1371e+00
5.1396e+00
5.1320e+00
5.1283e+00
5.1257e+00
5.1219e+00
5.1194e+00
5.1143e+00
5.1181e+00
5.1143e+00
5.1055e+00
5.1042e+00
5.1004e+00
5.1068e+00
5.0928e+00
5.0903e+00
5.0928e+00
5.0903e+00
5.0827e+00
5.0840e+00
5.0853e+00
5.0853e+00
5.0802e+00
5.0789e+00
5.0789e+00
5.0739e+00
5.0739e+00
5.0739e+00
5.0764e+00
5.0789e+00
5.0764e+00
5.0701e+00
5.0739e+00
5.0840e+00
5.1017e+00
5.1105e+00
5.1131e+00
5.1156e+00
5.1245e+00
5.1257e+00
5.1308e+00
5.1283e+00
5.1232e+00
5.1333e+00
5.1358e+00
5.1409e+00
5.1396e+00
5.1447e+00
5.1497e+00
5.1523e+00
5.1497e+00
5.1472e+00
5.1523e+00
5.1523e+00
5.1447e+00
5.1396e+00
5.1384e+00
5.1371e+00
5.1295e+00
5.1308e+00
5.1283e+00
5.1270e+00
5.1270e+00
5.1143e+00
5.1068e+00
5.1219e+00
5.1169e+00
5.1118e+00
5.1118e+00
5.1068e+00
5.1169e+00
5.1156e+00
5.1042e+00
5.1042e+00
5.0992e+00
5.0992e+00
5.0928e+00
5.0941e+00
5.0916e+00
5.0941e+00
5.0865e+00
5.0827e+00
5.0802e+00
5.0789e+00
5.0751e+00
5.0739e+00
5.0713e+00
5.0764e+00
5.0713e+00
5.0688e+00
5.0663e+00
5.0701e+00
5.0713e+00
5.0713e+00
5.0751e+00
5.0751e+00
5.0625e+00
5.0637e+00
5.0688e+00
5.0675e+00
5.0713e+00
5.0675e+00
5.0739e+00
5.0764e+00
5.0751e+00
5.0713e+00
5.0688e+00
5.0751e+00
5.0751e+00
5.0764e+00
5.0789e+00
5.0789e+00
5.0827e+00
5.0865e+00
5.0878e+00
5.0853e+00
5.0853e+00
5.0827e+00
5.0865e+00
5.0890e+00
5.0966e+00
5.0941e+00
5.0954e+00
5.0979e+00
5.0992e+00
5.0979e+00
5.0966e+00
5.0878e+00
5.0853e+00
5.0916e+00
5.0941e+00
5.0928e+00
5.0992e+00
5.0966e+00
5.0865e+00
5.0878e+00
5.0840e+00
5.0840e+00
5.0840e+00
5.0840e+00
5.0789e+00
5.0789e+00
5.0726e+00
5.0701e+00
5.0637e+00
5.0549e+00
5.0498e+00
5.0486e+00
5.0422e+00
5.0422e+00
5.0384e+00
5.0346e+00
5.0321e+00
5.0270e+00
5.0131e+00
5.0043e+00
5.0055e+00
5.0068e+00
5.0017e+00
5.0005e+00
4.9967e+00
4.9878e+00
4.9840e+00
4.9802e+00
4.9751e+00
4.9637e+00
4.9523e+00
4.9536e+00
4.9485e+00
4.9485e+00
4.9422e+00
4.9397e+00
4.9333e+00
4.9270e+00
4.9232e+00
4.9194e+00
4.9181e+00
4.9131e+00
4.9181e+00
4.9219e+00
4.9143e+00
4.9093e+00
4.9080e+00
4.8979e+00
4.9017e+00
4.9042e+00
4.9042e+00
4.9004e+00
4.8953e+00
4.8827e+00
4.8852e+00
4.8890e+00
4.8865e+00
4.8814e+00
4.8865e+00
4.8852e+00
4.8865e+00
4.8789e+00
4.8839e+00
4.8839e+00
4.8789e+00
4.8839e+00
4.8852e+00
4.8827e+00
4.8763e+00
4.8776e+00
4.8751e+00
4.8687e+00
4.8636e+00
4.8611e+00
4.8586e+00
4.8573e+00
4.8535e+00
4.8497e+00
4.8560e+00
4.8586e+00
4.8535e+00
4.8472e+00
4.8434e+00
4.8459e+00
4.8472e+00
4.8396e+00
4.8434e+00
4.8383e+00
4.8319e+00
4.8357e+00
4.8281e+00
4.8218e+00
4.8205e+00
4.8167e+00
4.8142e+00
4.8104e+00
4.8040e+00
4.8015e+00
4.7939e+00
4.7952e+00
4.7901e+00
4.7837e+00
4.7761e+00
4.7736e+00
4.7660e+00
4.7672e+00
4.7622e+00
4.7520e+00
4.7533e+00
4.7495e+00
4.7469e+00
4.7419e+00
4.7406e+00
4.7419e+00
4.7368e+00
4.7343e+00
4.7368e+00
4.7304e+00
4.7203e+00
4.7139e+00
4.7089e+00
4.7101e+00
4.7101e+00
4.7012e+00
4.7025e+00
4.6974e+00
4.6885e+00
4.6860e+00
4.6758e+00
4.6784e+00
4.6784e+00
4.6708e+00
4.6631e+00
4.6619e+00
4.6555e+00
4.6517e+00
4.6517e+00
4.6466e+00
4.6403e+00
4.6390e+00
4.6390e+00
4.6365e+00
4.6276e+00
4.6199e+00
4.6174e+00
4.6199e+00
4.6136e+00
4.6098e+00
4.6110e+00
4.6072e+00
4.6110e+00
4.6060e+00
4.5958e+00
4.5945e+00
4.5945e+00
4.5844e+00
4.5793e+00
4.5742e+00
4.5716e+00
4.5678e+00
4.5640e+00
4.5678e+00
4.5627e+00
4.5526e+00
4.5437e+00
4.5437e+00
4.5424e+00
4.5386e+00
4.5322e+00
4.5335e+00
4.5348e+00
4.5259e+00
4.5220e+00
4.5195e+00
4.5195e+00
4.5131e+00
4.5119e+00
4.5030e+00
4.5030e+00
4.4991e+00
4.4953e+00
4.4941e+00
4.4979e+00
4.4890e+00
4.4851e+00
4.4902e+00
4.4877e+00
4.4813e+00
4.4801e+00
4.4775e+00
4.4813e+00
4.4724e+00
4.4711e+00
4.4711e+00
4.4635e+00
4.4584e+00
4.4533e+00
4.4584e+00
4.4571e+00
4.4508e+00
4.4444e+00
4.4355e+00
4.4330e+00
4.4304e+00
4.4355e+00
4.4368e+00
4.4304e+00
4.4291e+00
4.4355e+00
4.4279e+00
4.4215e+00
4.4279e+00
4.4253e+00
4.4113e+00
4.4126e+00
4.4202e+00
4.4139e+00
4.4100e+00
4.4100e+00
4.4024e+00
4.3999e+00
4.3948e+00
4.3948e+00
4.3948e+00
4.3833e+00
4.3833e+00
4.3833e+00
4.3769e+00
4.3642e+00
4.3655e+00
4.3578e+00
4.3489e+00
4.3489e+00
4.3412e+00
4.3374e+00
4.3336e+00
4.3311e+00
4.3260e+00
4.3234e+00
4.3183e+00
4.3183e+00
4.3158e+00
4.3005e+00
4.2992e+00
4.3043e+00
4.2941e+00
4.2864e+00
4.2839e+00
4.2762e+00
4.2737e+00
4.2762e+00
4.2686e+00
4.2584e+00
4.2533e+00
4.2520e+00
4.2558e+00
4.2482e+00
4.2405e+00
4.2329e+00
4.2303e+00
4.2252e+00
4.2176e+00
4.2112e+00
4.2023e+00
4.1971e+00
4.1946e+00
4.1882e+00
4.1882e+00
4.1869e+00
4.1806e+00
4.1754e+00
4.1716e+00
4.1742e+00
4.1691e+00
4.1589e+00
4.1550e+00
4.1512e+00
4.1410e+00
4.1410e+00
4.1372e+00
4.1308e+00
4.1320e+00
4.1320e+00
4.1257e+00
4.1231e+00
4.1129e+00
4.1103e+00
4.1052e+00
4.0976e+00
4.0937e+00
4.0899e+00
4.0848e+00
4.0784e+00
4.0771e+00
4.0707e+00
4.0733e+00
4.0682e+00
4.0554e+00
4.0567e+00
4.0541e+00
4.0503e+00
4.0401e+00
4.0439e+00
4.0413e+00
4.0375e+00
4.0298e+00
4.0260e+00
4.0209e+00
4.0209e+00
4.0196e+00
4.0107e+00
4.0043e+00
3.9966e+00
3.9966e+00
3.9966e+00
3.9902e+00
3.9902e+00
3.9825e+00
3.9723e+00
3.9749e+00
3.9685e+00
3.9621e+00
3.9557e+00
3.9480e+00
3.9390e+00
3.9429e+00
3.9429e+00
3.9352e+00
3.9288e+00
3.9275e+00
3.9250e+00
3.9224e+00
3.9186e+00
3.9147e+00
3.9147e+00
3.9096e+00
3.9019e+00
3.8981e+00
3.9032e+00
3.9045e+00
3.8968e+00
3.8866e+00
3.8891e+00
3.8904e+00
3.8840e+00
3.8840e+00
3.8866e+00
3.8750e+00
3.8661e+00
3.8712e+00
3.8674e+00
3.8661e+00
3.8610e+00
3.8533e+00
3.8533e+00
3.8571e+00
3.8546e+00
3.8482e+00
3.8418e+00
3.8405e+00
3.8302e+00
3.8264e+00
3.8302e+00
3.8251e+00
3.8238e+00
3.8238e+00
3.8225e+00
3.8187e+00
3.8149e+00
3.8123e+00
3.8097e+00
3.8008e+00
3.7982e+00
3.7956e+00
3.7969e+00
3.7956e+00
3.7918e+00
3.7918e+00
3.7905e+00
3.7790e+00
3.7700e+00
3.7700e+00
3.7585e+00
3.7585e+00
3.7559e+00
3.7495e+00
3.7457e+00
3.7393e+00
3.7341e+00
3.7303e+00
3.7239e+00
3.7226e+00
3.7123e+00
3.7059e+00
3.7046e+00
3.7033e+00
3.7021e+00
3.7046e+00
3.6982e+00
3.6867e+00
3.6790e+00
3.6726e+00
3.6739e+00
3.6726e+00
3.6700e+00
3.6662e+00
3.6597e+00
3.6559e+00
3.6572e+00
3.6559e+00
3.6495e+00
3.6418e+00
3.6328e+00
3.6328e+00
3.6238e+00
3.6238e+00
3.6200e+00
3.6148e+00
3.6161e+00
3.6084e+00
3.6020e+00
3.5994e+00
3.5917e+00
3.5904e+00
3.5827e+00
3.5814e+00
3.5763e+00
3.5686e+00
3.5712e+00
3.5699e+00
3.5622e+00
3.5558e+00
3.5558e+00
3.5506e+00
3.5404e+00
3.5416e+00
3.5429e+00
3.5365e+00
3.5339e+00
3.5326e+00
3.5301e+00
3.5224e+00
3.5249e+00
3.5249e+00
3.5070e+00
3.5018e+00
3.5005e+00
3.4992e+00
3.4941e+00
3.4902e+00
3.4902e+00
3.4851e+00
3.4748e+00
3.4723e+00
3.4671e+00
3.4658e+00
3.4607e+00
3.4530e+00
3.4504e+00
3.4465e+00
3.4465e+00
3.4491e+00
3.4453e+00
3.4388e+00
3.4324e+00
3.4208e+00
3.4195e+00
3.4183e+00
3.4183e+00
3.4131e+00
3.4118e+00
3.4054e+00
3.4054e+00
3.3964e+00
3.3951e+00
3.3964e+00
3.3874e+00
3.3874e+00
3.3835e+00
3.3797e+00
3.3784e+00
3.3745e+00
3.3694e+00
3.3655e+00
3.3591e+00
3.3514e+00
3.3475e+00
3.3462e+00
3.3424e+00
3.3424e+00
3.3333e+00
3.3269e+00
3.3308e+00
3.3269e+00
3.3230e+00
3.3192e+00
3.3192e+00
3.3089e+00
3.3012e+00
3.3076e+00
3.3089e+00
3.2960e+00
3.2922e+00
3.2896e+00
3.2896e+00
3.2831e+00
3.2819e+00
3.2767e+00
3.2664e+00
3.2625e+00
3.2535e+00
3.2587e+00
3.2587e+00
3.2522e+00
3.2561e+00
3.2458e+00
3.2381e+00
3.2419e+00
3.2368e+00
3.2303e+00
3.2226e+00
3.2200e+00
3.2174e+00
3.2110e+00
3.2097e+00
3.2123e+00
3.2071e+00
3.1968e+00
3.1955e+00
3.1904e+00
