8.7892e+00
8.7668e+00
8.7326e+00
8.7017e+00
8.6659e+00
8.6375e+00
8.6058e+00
8.5866e+00
8.5574e+00
8.5298e+00
8.4989e+00
8.4763e+00
8.4537e+00
8.4261e+00
8.3969e+00
8.3793e+00
8.3500e+00
8.3290e+00
8.2972e+00
8.2763e+00
8.2511e+00
8.2302e+00
8.2042e+00
8.1807e+00
8.1546e+00
8.1362e+00
8.1076e+00
8.0892e+00
8.0614e+00
8.0471e+00
8.0287e+00
8.0076e+00
7.9832e+00
7.9698e+00
7.9445e+00
7.9302e+00
7.9185e+00
7.8932e+00
7.8730e+00
7.8671e+00
7.8578e+00
7.8368e+00
7.8233e+00
7.8090e+00
7.7887e+00
7.7719e+00
7.7643e+00
7.7457e+00
7.7271e+00
7.7145e+00
7.6993e+00
7.6850e+00
7.6765e+00
7.6698e+00
7.6512e+00
7.6284e+00
7.6115e+00
7.6039e+00
7.5861e+00
7.5718e+00
7.5540e+00
7.5548e+00
7.5413e+00
7.5253e+00
7.5134e+00
7.4973e+00
7.4940e+00
7.4863e+00
7.4643e+00
7.4516e+00
7.4389e+00
7.4364e+00
7.4237e+00
7.4178e+00
7.4034e+00
7.4076e+00
7.3949e+00
7.3779e+00
7.3754e+00
7.3652e+00
7.3542e+00
7.3449e+00
7.3381e+00
7.3237e+00
7.3084e+00
7.3110e+00
7.2966e+00
7.2838e+00
7.2711e+00
7.2491e+00
7.2440e+00
7.2423e+00
7.2219e+00
7.2168e+00
7.1973e+00
7.1837e+00
7.1726e+00
7.1735e+00
7.1658e+00
7.1514e+00
7.1429e+00
7.1370e+00
7.1276e+00
7.1123e+00
7.1089e+00
7.0945e+00
7.1047e+00
7.0953e+00
7.0851e+00
7.0962e+00
7.0792e+00
7.1055e+00
7.0775e+00
7.0392e+00
7.0647e+00
7.0587e+00
7.0502e+00
7.0468e+00
7.0392e+00
7.0375e+00
7.0256e+00
7.0205e+00
7.0136e+00
7.0153e+00
6.9949e+00
6.9949e+00
6.9958e+00
6.9685e+00
6.9762e+00
6.9711e+00
6.9447e+00
6.9481e+00
6.9259e+00
6.9174e+00
6.9140e+00
6.8944e+00
6.8919e+00
6.8799e+00
6.8671e+00
6.8569e+00
6.8467e+00
6.8262e+00
6.8117e+00
6.7980e+00
6.7801e+00
6.7648e+00
6.7554e+00
6.7306e+00
6.7152e+00
6.6999e+00
6.6819e+00
6.6691e+00
6.6563e+00
6.6383e+00
6.6306e+00
6.6144e+00
6.5981e+00
6.5853e+00
6.5725e+00
6.5545e+00
6.5408e+00
6.5237e+00
6.5117e+00
6.4997e+00
6.4817e+00
6.4646e+00
6.4483e+00
6.4337e+00
6.4295e+00
6.4132e+00
6.3943e+00
6.3806e+00
6.3643e+00
6.3463e+00
6.3308e+00
6.3188e+00
6.3042e+00
6.2948e+00
6.2802e+00
6.2639e+00
6.2553e+00
6.2390e+00
6.2269e+00
6.2158e+00
6.2046e+00
6.1908e+00
6.1711e+00
6.1616e+00
6.1556e+00
6.1427e+00
6.1315e+00
6.1169e+00
6.1083e+00
6.0954e+00
6.0825e+00
6.0713e+00
6.0618e+00
6.0437e+00
6.0334e+00
6.0265e+00
6.0093e+00
6.0006e+00
5.9877e+00
5.9757e+00
5.9679e+00
5.9515e+00
5.9472e+00
5.9377e+00
5.9248e+00
5.9119e+00
5.8981e+00
5.8868e+00
5.8799e+00
5.8687e+00
5.8566e+00
5.8532e+00
5.8454e+00
5.8273e+00
5.8187e+00
5.8135e+00
5.7988e+00
5.7928e+00
5.7884e+00
5.7738e+00
5.7642e+00
5.7530e+00
5.7392e+00
5.7288e+00
5.7141e+00
5.7037e+00
5.6942e+00
5.6847e+00
5.6743e+00
5.6631e+00
5.6527e+00
5.6467e+00
5.6337e+00
5.6198e+00
5.6198e+00
5.6129e+00
5.6017e+00
5.5930e+00
5.5878e+00
5.5835e+00
5.5713e+00
5.5618e+00
5.5566e+00
5.5497e+00
5.5367e+00
5.5246e+00
5.5150e+00
5.5012e+00
5.4916e+00
5.4908e+00
5.4882e+00
5.4743e+00
5.4570e+00
5.4405e+00
5.4301e+00
5.4231e+00
5.4075e+00
5.3971e+00
5.3893e+00
5.3823e+00
5.3763e+00
5.3624e+00
5.3494e+00
5.3441e+00
5.3355e+00
5.3198e+00
5.3068e+00
5.2981e+00
5.2938e+00
5.2885e+00
5.2773e+00
5.2686e+00
5.2677e+00
5.2607e+00
5.2512e+00
5.2390e+00
5.2320e+00
5.2260e+00
5.2181e+00
5.2068e+00
5.2007e+00
5.1938e+00
5.1886e+00
5.1712e+00
5.1572e+00
5.1468e+00
5.1337e+00
5.1276e+00
5.1207e+00
5.1076e+00
5.0954e+00
5.0841e+00
5.0771e+00
5.0710e+00
5.0588e+00
5.0501e+00
5.0440e+00
5.0275e+00
5.0179e+00
5.0126e+00
5.0004e+00
4.9952e+00
4.9821e+00
4.9690e+00
4.9638e+00
4.9507e+00
4.9394e+00
4.9289e+00
4.9210e+00
4.9167e+00
4.9097e+00
4.8931e+00
4.8887e+00
4.8861e+00
4.8748e+00
4.8643e+00
4.8503e+00
4.8416e+00
4.8337e+00
4.8206e+00
4.8101e+00
4.8031e+00
4.7988e+00
4.7891e+00
4.7787e+00
4.7690e+00
4.7629e+00
4.7559e+00
4.7498e+00
4.7349e+00
4.7279e+00
4.7306e+00
4.7244e+00
4.7131e+00
4.7096e+00
4.6947e+00
4.6868e+00
4.6842e+00
4.6737e+00
4.6649e+00
4.6640e+00
4.6614e+00
4.6535e+00
4.6395e+00
4.6273e+00
4.6264e+00
4.6115e+00
4.6019e+00
4.5913e+00
4.5870e+00
4.5773e+00
4.5659e+00
4.5554e+00
4.5484e+00
4.5317e+00
4.5212e+00
4.5186e+00
4.5186e+00
4.5081e+00
4.4984e+00
4.4967e+00
4.4914e+00
4.4879e+00
4.4791e+00
4.4686e+00
4.4633e+00
4.4703e+00
4.4642e+00
4.4537e+00
4.4458e+00
4.4440e+00
4.4387e+00
4.4379e+00
4.4326e+00
4.4352e+00
4.4291e+00
4.4300e+00
4.4300e+00
4.4238e+00
4.4203e+00
4.4256e+00
4.4212e+00
4.4221e+00
4.4256e+00
4.4273e+00
4.4238e+00
4.4317e+00
4.4440e+00
4.4537e+00
4.4624e+00
4.4730e+00
4.4888e+00
4.5107e+00
4.5370e+00
4.5616e+00
4.5940e+00
4.6281e+00
4.6842e+00
4.7367e+00
4.7926e+00
4.8398e+00
4.9280e+00
4.9873e+00
5.0850e+00
5.1607e+00
5.2434e+00
5.3398e+00
5.4205e+00
5.5332e+00
5.6397e+00
5.7521e+00
5.8420e+00
5.9645e+00
6.0506e+00
6.1771e+00
6.2656e+00
6.3832e+00
6.4612e+00
6.5716e+00
6.6631e+00
6.7707e+00
6.8586e+00
6.9558e+00
7.0417e+00
7.1251e+00
7.1922e+00
7.2720e+00
7.3517e+00
7.4423e+00
7.5058e+00
7.5853e+00
7.6444e+00
7.8334e+00
7.9774e+00
8.0404e+00
8.0900e+00
8.1630e+00
8.1798e+00
8.2352e+00
8.2637e+00
8.2763e+00
8.2947e+00
8.2997e+00
8.3182e+00
8.3215e+00
8.3249e+00
8.3207e+00
8.3215e+00
8.3006e+00
8.2955e+00
8.2830e+00
8.2779e+00
8.2494e+00
8.2377e+00
8.1983e+00
8.1924e+00
8.1597e+00
8.1370e+00
8.0925e+00
8.0698e+00
8.0228e+00
8.0059e+00
7.9588e+00
7.9319e+00
7.8848e+00
7.8561e+00
7.8132e+00
7.7752e+00
7.7339e+00
7.6968e+00
7.6453e+00
7.6182e+00
7.5633e+00
7.5371e+00
7.4897e+00
7.4618e+00
7.4118e+00
7.3805e+00
7.3330e+00
7.3025e+00
7.2635e+00
7.2440e+00
7.1981e+00
7.1811e+00
7.1404e+00
7.1191e+00
7.0885e+00
7.0740e+00
7.0383e+00
7.0239e+00
6.9949e+00
6.9813e+00
6.9651e+00
6.9566e+00
6.9379e+00
6.9276e+00
6.9225e+00
6.9097e+00
6.9046e+00
6.8978e+00
6.9012e+00
6.8901e+00
6.9012e+00
6.8936e+00
6.9183e+00
6.9208e+00
6.9430e+00
6.9575e+00
6.9796e+00
6.9890e+00
7.0213e+00
7.0409e+00
7.0655e+00
7.0843e+00
7.1183e+00
7.1412e+00
7.1794e+00
7.1888e+00
7.2236e+00
7.2474e+00
7.2872e+00
7.3076e+00
7.3483e+00
7.3627e+00
7.3974e+00
7.4186e+00
7.4601e+00
7.4703e+00
7.5126e+00
7.5269e+00
7.5760e+00
7.5819e+00
7.6208e+00
7.6284e+00
7.6613e+00
7.6714e+00
7.6968e+00
7.7077e+00
7.7246e+00
7.7288e+00
7.7491e+00
7.7474e+00
7.7600e+00
7.7600e+00
7.7668e+00
7.7626e+00
7.7643e+00
7.7676e+00
7.7786e+00
7.7685e+00
7.7600e+00
7.7575e+00
7.7550e+00
7.7347e+00
7.7212e+00
7.7187e+00
7.7136e+00
7.7001e+00
7.6917e+00
7.6748e+00
7.6731e+00
7.6579e+00
7.6520e+00
7.6394e+00
7.6284e+00
7.6385e+00
7.6275e+00
7.6157e+00
7.6013e+00
7.5920e+00
7.5667e+00
7.5447e+00
7.5202e+00
7.4923e+00
7.4669e+00
7.4432e+00
7.4135e+00
7.3881e+00
7.3568e+00
7.3381e+00
7.3127e+00
7.2864e+00
7.2558e+00
7.2321e+00
7.2041e+00
7.1803e+00
7.1480e+00
7.1302e+00
7.1021e+00
7.0809e+00
7.0536e+00
7.0358e+00
7.0162e+00
6.9966e+00
6.9685e+00
6.9455e+00
6.9174e+00
6.8927e+00
6.8680e+00
6.8458e+00
6.8177e+00
6.8015e+00
6.7776e+00
6.7579e+00
6.7366e+00
6.7195e+00
6.6896e+00
6.6699e+00
6.6520e+00
6.6375e+00
6.6161e+00
6.5981e+00
6.5836e+00
6.5733e+00
6.5494e+00
6.5288e+00
6.5160e+00
6.4971e+00
6.4697e+00
6.4603e+00
6.4534e+00
6.4372e+00
6.4226e+00
6.4012e+00
6.3849e+00
6.3720e+00
6.3523e+00
6.3377e+00
6.3102e+00
6.2982e+00
6.2862e+00
6.2707e+00
6.2501e+00
6.2390e+00
6.2183e+00
6.2046e+00
6.1891e+00
6.1762e+00
6.1582e+00
6.1461e+00
6.1315e+00
6.1169e+00
6.1066e+00
6.0971e+00
6.0833e+00
6.0695e+00
6.0601e+00
6.0523e+00
6.0351e+00
6.0239e+00
6.0144e+00
6.0050e+00
5.9963e+00
5.9886e+00
5.9748e+00
5.9679e+00
5.9455e+00
5.9412e+00
5.9282e+00
5.9119e+00
5.8963e+00
5.8886e+00
5.8817e+00
5.8843e+00
5.8756e+00
5.8635e+00
5.8584e+00
5.8506e+00
5.8454e+00
5.8420e+00
5.8368e+00
5.8325e+00
5.8238e+00
5.8178e+00
5.8187e+00
5.8118e+00
5.8040e+00
5.8083e+00
5.7997e+00
5.7936e+00
5.7867e+00
5.7815e+00
5.7763e+00
5.7720e+00
5.7660e+00
5.7651e+00
5.7461e+00
5.7366e+00
5.7401e+00
5.7366e+00
5.7280e+00
5.7202e+00
5.7133e+00
5.7124e+00
5.7003e+00
5.6908e+00
5.6847e+00
5.6890e+00
5.6839e+00
5.6726e+00
5.6648e+00
5.6648e+00
5.6484e+00
5.6484e+00
5.6484e+00
5.6449e+00
5.6345e+00
5.6294e+00
5.6224e+00
5.6198e+00
5.6181e+00
5.6198e+00
5.6146e+00
5.6129e+00
5.6077e+00
5.6138e+00
5.6068e+00
5.6112e+00
5.6077e+00
5.6224e+00
5.6259e+00
5.6371e+00
5.6475e+00
5.6562e+00
5.6614e+00
5.6743e+00
5.6856e+00
5.6960e+00
5.7020e+00
5.7236e+00
5.7331e+00
5.7513e+00
5.7625e+00
5.7807e+00
5.7910e+00
5.8005e+00
5.8066e+00
5.8221e+00
5.8273e+00
5.8394e+00
5.8480e+00
5.8592e+00
5.8635e+00
5.8722e+00
5.8774e+00
5.8817e+00
5.8756e+00
5.8808e+00
5.8782e+00
5.8851e+00
5.8817e+00
5.8868e+00
5.8843e+00
5.8799e+00
5.8782e+00
5.8713e+00
5.8618e+00
5.8566e+00
5.8411e+00
5.8394e+00
5.8264e+00
5.8238e+00
5.8161e+00
5.8031e+00
5.7928e+00
5.7807e+00
5.7599e+00
5.7461e+00
5.7366e+00
5.7254e+00
5.7037e+00
5.6916e+00
5.6795e+00
5.6648e+00
5.6432e+00
5.6268e+00
5.6034e+00
5.5817e+00
5.5584e+00
5.5497e+00
5.5254e+00
5.5098e+00
5.4925e+00
5.4830e+00
5.4604e+00
5.4509e+00
5.4335e+00
5.4162e+00
5.3945e+00
5.3815e+00
5.3632e+00
5.3572e+00
5.3450e+00
5.3415e+00
5.3302e+00
5.3355e+00
5.3337e+00
5.3485e+00
5.3554e+00
5.3737e+00
5.3849e+00
5.4197e+00
5.4552e+00
5.5012e+00
5.5471e+00
5.6034e+00
5.6752e+00
5.7375e+00
5.8230e+00
5.8972e+00
5.9920e+00
6.0730e+00
6.1728e+00
6.2527e+00
6.3694e+00
6.4466e+00
6.5656e+00
6.6417e+00
6.7716e+00
6.8416e+00
6.9745e+00
7.0460e+00
7.1794e+00
7.2312e+00
7.3593e+00
7.4118e+00
7.5371e+00
7.5785e+00
7.6917e+00
7.7314e+00
7.8283e+00
7.8595e+00
7.9454e+00
7.9656e+00
8.0421e+00
8.0581e+00
8.1211e+00
8.1244e+00
8.1740e+00
8.1790e+00
8.2151e+00
8.2151e+00
8.2578e+00
8.2503e+00
8.2737e+00
8.2587e+00
8.2771e+00
8.2553e+00
8.2629e+00
8.2452e+00
8.2461e+00
8.2142e+00
8.2008e+00
8.1748e+00
8.1698e+00
8.1370e+00
8.1269e+00
8.0883e+00
8.0698e+00
8.0429e+00
8.0127e+00
7.9715e+00
7.9378e+00
7.9117e+00
7.8730e+00
7.8384e+00
7.8073e+00
7.7769e+00
7.7415e+00
7.7052e+00
7.6613e+00
7.6385e+00
7.5971e+00
7.5574e+00
7.5159e+00
7.4872e+00
7.4389e+00
7.4127e+00
7.3796e+00
7.3517e+00
7.3169e+00
7.2881e+00
7.2516e+00
7.2244e+00
7.1888e+00
7.1624e+00
7.1225e+00
7.0928e+00
7.0536e+00
7.0324e+00
7.0026e+00
6.9796e+00
6.9430e+00
6.9166e+00
6.8850e+00
6.8612e+00
6.8236e+00
6.7997e+00
6.7707e+00
6.7434e+00
6.7041e+00
6.6828e+00
6.6486e+00
6.6332e+00
6.5947e+00
6.5708e+00
6.5399e+00
6.5237e+00
6.4929e+00
6.4783e+00
6.4517e+00
6.4269e+00
6.3994e+00
6.3900e+00
6.3643e+00
6.3454e+00
6.3180e+00
6.2999e+00
6.2785e+00
6.2604e+00
6.2364e+00
6.2243e+00
6.2020e+00
6.1883e+00
6.1642e+00
6.1530e+00
6.1289e+00
6.1109e+00
6.0936e+00
6.0807e+00
6.0558e+00
6.0411e+00
6.0213e+00
6.0032e+00
5.9765e+00
5.9705e+00
5.9455e+00
5.9300e+00
5.9101e+00
5.8955e+00
5.8739e+00
5.8601e+00
5.8472e+00
5.8264e+00
5.8118e+00
5.8014e+00
5.7876e+00
5.7738e+00
5.7521e+00
5.7418e+00
5.7297e+00
5.7133e+00
5.6951e+00
5.6899e+00
5.6752e+00
5.6657e+00
5.6518e+00
5.6371e+00
5.6294e+00
5.6155e+00
5.6034e+00
5.5930e+00
5.5774e+00
5.5662e+00
5.5549e+00
5.5471e+00
5.5488e+00
5.5272e+00
5.5973e+00
5.5748e+00
5.6155e+00
5.5835e+00
5.6242e+00
5.6051e+00
5.5965e+00
5.5887e+00
5.5895e+00
5.5791e+00
5.5636e+00
5.5523e+00
5.5419e+00
5.5384e+00
5.5237e+00
5.5150e+00
5.5055e+00
5.5012e+00
5.4856e+00
5.4726e+00
5.4587e+00
5.4500e+00
5.4335e+00
5.4257e+00
5.4066e+00
5.3980e+00
5.3806e+00
5.3737e+00
5.3728e+00
5.3711e+00
5.3641e+00
5.3580e+00
5.3476e+00
5.3363e+00
5.3216e+00
5.3120e+00
5.2929e+00
5.2842e+00
5.2773e+00
5.2720e+00
5.2573e+00
5.2468e+00
5.2303e+00
5.2242e+00
5.2129e+00
5.2077e+00
5.1973e+00
5.1903e+00
5.1877e+00
5.1746e+00
5.1729e+00
5.1538e+00
5.1442e+00
5.1329e+00
5.1224e+00
5.1094e+00
5.1076e+00
5.0998e+00
5.0902e+00
5.0789e+00
5.0736e+00
5.0580e+00
5.0519e+00
5.0449e+00
5.0353e+00
5.0283e+00
5.0074e+00
5.0161e+00
5.0022e+00
4.9952e+00
4.9882e+00
4.9926e+00
4.9725e+00
4.9708e+00
4.9551e+00
4.9568e+00
4.9481e+00
4.9350e+00
4.9149e+00
4.9193e+00
4.8966e+00
4.9010e+00
4.8800e+00
4.8730e+00
4.8538e+00
4.8494e+00
4.8346e+00
4.8311e+00
4.8110e+00
4.8031e+00
4.7839e+00
4.7839e+00
4.7699e+00
4.7647e+00
4.7463e+00
4.7411e+00
4.7253e+00
4.7183e+00
4.7017e+00
4.7043e+00
4.6894e+00
4.6772e+00
4.6500e+00
4.6474e+00
4.6246e+00
4.6141e+00
4.5887e+00
4.5808e+00
4.5668e+00
4.5572e+00
4.5449e+00
4.5388e+00
4.5195e+00
4.5133e+00
4.5063e+00
4.4958e+00
4.4888e+00
4.4835e+00
4.4730e+00
4.4598e+00
4.4502e+00
4.4449e+00
4.4256e+00
4.4194e+00
4.4098e+00
4.4036e+00
4.3861e+00
4.3790e+00
4.3702e+00
4.3676e+00
4.3536e+00
4.3518e+00
4.3439e+00
4.3395e+00
4.3298e+00
4.3210e+00
4.3166e+00
4.3158e+00
4.2973e+00
4.2920e+00
4.2806e+00
4.2718e+00
4.2560e+00
4.2489e+00
4.2304e+00
4.2269e+00
4.2172e+00
4.2155e+00
4.2093e+00
4.1988e+00
4.1838e+00
4.1767e+00
4.1662e+00
4.1574e+00
4.1486e+00
4.1459e+00
4.1362e+00
4.1292e+00
4.1151e+00
4.1036e+00
4.0869e+00
4.0745e+00
4.0622e+00
4.0657e+00
4.0560e+00
4.0481e+00
4.0393e+00
4.0313e+00
4.0216e+00
4.0251e+00
4.0172e+00
4.0075e+00
3.9925e+00
3.9890e+00
3.9766e+00
3.9713e+00
3.9651e+00
3.9643e+00
3.9510e+00
3.9457e+00
3.9431e+00
3.9289e+00
3.9236e+00
3.9263e+00
3.9130e+00
3.9095e+00
3.9051e+00
3.8971e+00
3.9024e+00
3.9042e+00
3.8971e+00
3.8927e+00
3.8989e+00
3.8945e+00
3.8909e+00
3.8892e+00
3.8830e+00
3.8839e+00
3.8821e+00
3.8759e+00
3.8821e+00
3.8733e+00
3.8653e+00
3.8582e+00
3.8468e+00
3.8406e+00
3.8370e+00
3.8291e+00
3.8238e+00
3.8158e+00
3.8158e+00
3.7963e+00
3.7946e+00
3.7848e+00
3.7848e+00
3.7857e+00
3.7804e+00
3.7689e+00
3.7654e+00
3.7574e+00
3.7601e+00
3.7477e+00
3.7406e+00
3.7362e+00
3.7256e+00
3.7061e+00
3.6999e+00
3.6981e+00
3.6946e+00
3.6822e+00
3.6760e+00
3.6662e+00
3.6556e+00
3.6450e+00
3.6308e+00
3.6210e+00
3.5980e+00
3.5864e+00
3.5723e+00
3.5598e+00
3.5510e+00
3.5403e+00
3.5235e+00
3.5137e+00
3.5030e+00
3.4853e+00
3.4693e+00
3.4604e+00
3.4471e+00
3.4364e+00
3.4240e+00
3.4178e+00
3.4053e+00
3.3947e+00
3.3778e+00
3.3698e+00
3.3582e+00
3.3458e+00
3.3307e+00
3.3173e+00
3.3031e+00
3.3031e+00
3.2906e+00
3.2773e+00
3.2613e+00
3.2523e+00
3.2372e+00
3.2265e+00
3.2069e+00
3.2043e+00
3.1775e+00
3.1624e+00
3.1446e+00
3.1410e+00
3.1294e+00
3.1178e+00
3.0991e+00
3.0910e+00
3.0777e+00
3.0696e+00
3.0563e+00
3.0455e+00
3.0313e+00
3.0206e+00
3.0098e+00
3.0054e+00
2.9956e+00
2.9839e+00
2.9688e+00
2.9562e+00
2.9464e+00
2.9393e+00
2.9259e+00
2.9232e+00
2.9116e+00
2.9035e+00
2.8973e+00
2.8847e+00
2.8695e+00
2.8633e+00
2.8409e+00
2.8329e+00
2.8185e+00
2.8096e+00
2.7908e+00
2.7890e+00
2.7801e+00
2.7657e+00
2.7550e+00
2.7487e+00
2.7344e+00
2.7227e+00
2.7129e+00
2.7030e+00
2.6905e+00
2.6896e+00
2.6869e+00
2.6779e+00
2.6645e+00
2.6645e+00
2.6537e+00
2.6430e+00
2.6358e+00
2.6376e+00
2.6232e+00
2.6179e+00
2.6107e+00
2.6035e+00
2.5981e+00
2.5882e+00
2.5784e+00
2.5739e+00
2.5568e+00
2.5506e+00
2.5380e+00
2.5344e+00
2.5182e+00
2.5101e+00
2.5030e+00
2.4976e+00
2.4859e+00
2.4742e+00
2.4580e+00
2.4517e+00
2.4383e+00
2.4356e+00
2.4293e+00
2.4230e+00
2.4104e+00
2.4005e+00
2.3915e+00
2.3861e+00
2.3816e+00
2.3762e+00
2.3600e+00
2.3564e+00
2.3510e+00
2.3447e+00
2.3321e+00
2.3249e+00
2.3159e+00
2.3132e+00
2.3042e+00
2.2934e+00
2.2700e+00
2.2592e+00
2.2430e+00
2.2331e+00
2.2195e+00
2.2177e+00
2.2069e+00
2.1925e+00
2.1826e+00
2.1763e+00
2.1636e+00
2.1573e+00
2.1492e+00
2.1438e+00
2.1294e+00
2.1194e+00
2.1086e+00
2.1050e+00
2.0951e+00
2.0915e+00
2.0915e+00
2.0842e+00
2.0725e+00
2.0689e+00
2.0662e+00
2.0662e+00
2.0734e+00
2.0752e+00
2.0815e+00
2.0761e+00
2.0752e+00
2.0788e+00
2.0788e+00
2.0806e+00
2.0870e+00
2.0933e+00
2.0960e+00
2.1032e+00
2.1140e+00
2.1131e+00
2.1213e+00
2.1249e+00
2.1348e+00
2.1402e+00
2.1474e+00
2.1429e+00
2.1528e+00
2.1609e+00
2.1682e+00
2.1709e+00
2.1763e+00
2.1718e+00
2.1718e+00
2.1745e+00
2.1799e+00
2.1799e+00
2.1817e+00
2.1853e+00
2.1862e+00
2.1826e+00
2.1790e+00
2.1727e+00
2.1555e+00
2.1501e+00
2.1384e+00
2.1339e+00
2.1240e+00
2.1194e+00
2.1068e+00
2.0978e+00
2.0842e+00
2.0770e+00
2.0662e+00
2.0554e+00
2.0409e+00
2.0400e+00
2.0237e+00
2.0120e+00
1.9939e+00
1.9885e+00
1.9750e+00
1.9668e+00
1.9505e+00
1.9433e+00
1.9252e+00
1.9162e+00
1.8990e+00
1.8963e+00
1.8755e+00
1.8682e+00
1.8628e+00
1.8547e+00
1.8347e+00
1.8320e+00
1.8112e+00
1.8058e+00
1.7849e+00
1.7786e+00
1.7650e+00
1.7559e+00
1.7387e+00
1.7424e+00
1.7288e+00
1.7233e+00
1.7052e+00
1.7007e+00
1.6880e+00
1.6789e+00
1.6725e+00
1.6671e+00
1.6499e+00
1.6426e+00
1.6381e+00
1.6281e+00
1.6099e+00
1.6090e+00
1.5999e+00
1.5863e+00
1.5772e+00
1.5745e+00
1.5636e+00
1.5509e+00
1.5355e+00
1.5300e+00
1.5137e+00
1.5027e+00
1.4837e+00
1.4746e+00
1.4591e+00
1.4482e+00
1.4346e+00
1.4264e+00
1.4100e+00
1.4054e+00
1.3936e+00
1.3800e+00
1.3681e+00
1.3581e+00
1.3481e+00
1.3445e+00
1.3299e+00
1.3171e+00
1.2980e+00
1.2916e+00
1.2743e+00
1.2698e+00
1.2606e+00
1.2543e+00
1.2442e+00
1.2360e+00
1.2260e+00
1.2214e+00
1.2059e+00
1.1996e+00
1.1850e+00
1.1713e+00
1.1567e+00
1.1539e+00
1.1403e+00
1.1266e+00
1.1147e+00
1.1211e+00
1.1074e+00
1.0928e+00
1.0827e+00
1.0818e+00
1.0745e+00
1.0636e+00
1.0553e+00
1.0508e+00
1.0480e+00
1.0398e+00
1.0215e+00
1.0142e+00
1.0151e+00
1.0096e+00
9.8769e-01
9.8312e-01
9.8129e-01
9.8221e-01
9.7032e-01
9.5385e-01
9.5020e-01
9.4379e-01
9.2366e-01
9.1634e-01
9.0994e-01
9.0353e-01
8.8614e-01
8.7881e-01
8.7790e-01
8.7515e-01
8.6416e-01
8.5409e-01
8.4402e-01
8.3761e-01
8.2478e-01
8.2112e-01
8.1287e-01
8.1562e-01
8.0829e-01
7.9638e-01
7.8996e-01
7.9363e-01
7.8721e-01
7.7805e-01
7.6796e-01
7.7346e-01
7.6521e-01
7.6888e-01
7.6430e-01
7.6521e-01
7.6980e-01
7.7255e-01
7.6338e-01
7.6338e-01
7.5880e-01
7.6521e-01
7.5330e-01
7.5605e-01
7.4779e-01
7.4688e-01
7.4779e-01
7.5513e-01
7.4688e-01
7.4413e-01
7.3771e-01
7.3954e-01
7.3587e-01
7.3954e-01
7.3312e-01
7.3404e-01
7.2395e-01
7.1845e-01
7.1386e-01
7.1294e-01
7.0102e-01
6.9735e-01
6.9276e-01
6.9551e-01
6.8909e-01
6.7991e-01
6.7441e-01
6.6798e-01
6.5881e-01
6.5605e-01
6.3953e-01
6.3035e-01
6.2116e-01
6.1106e-01
6.0372e-01
6.0096e-01
5.9453e-01
5.8810e-01
5.7340e-01
5.6421e-01
5.4951e-01
5.4583e-01
5.3848e-01
5.2929e-01
5.2193e-01
5.1182e-01
5.0354e-01
4.9619e-01
4.8423e-01
4.7779e-01
4.6951e-01
4.5939e-01
4.4467e-01
4.3823e-01
4.2811e-01
4.2627e-01
4.1798e-01
4.1062e-01
4.0878e-01
3.9957e-01
3.8852e-01
3.8208e-01
3.6734e-01
3.6550e-01
3.5721e-01
3.5169e-01
3.4339e-01
3.4155e-01
3.3326e-01
3.2773e-01
3.2312e-01
3.1483e-01
3.0930e-01
3.1667e-01
3.2497e-01
3.2036e-01
3.2312e-01
3.3050e-01
3.3695e-01
3.4063e-01
3.5261e-01
3.6642e-01
3.6274e-01
3.6550e-01
3.8116e-01
3.8668e-01
4.0049e-01
4.1430e-01
4.2627e-01
4.3363e-01
4.4835e-01
4.5019e-01
4.6583e-01
4.7319e-01
4.7503e-01
4.8791e-01
4.9067e-01
4.9435e-01
5.0354e-01
5.0722e-01
5.1458e-01
5.1734e-01
5.2009e-01
5.1826e-01
5.2285e-01
5.2745e-01
5.3205e-01
5.2193e-01
5.2561e-01
5.2561e-01
5.3113e-01
5.3021e-01
5.2377e-01
5.2285e-01
5.2377e-01
5.0998e-01
5.0170e-01
4.9527e-01
4.9803e-01
4.9435e-01
4.9067e-01
4.7779e-01
4.7135e-01
4.6123e-01
4.5755e-01
4.4743e-01
4.2811e-01
4.1614e-01
4.0970e-01
4.0418e-01
4.0049e-01
3.8392e-01
3.8024e-01
3.7195e-01
3.6550e-01
3.4984e-01
3.4708e-01
3.3234e-01
3.3142e-01
3.1759e-01
3.2865e-01
3.1391e-01
3.1207e-01
3.0746e-01
3.0469e-01
2.9455e-01
2.8718e-01
2.8257e-01
2.7980e-01
2.7704e-01
2.6690e-01
2.6136e-01
2.5860e-01
2.4753e-01
2.3646e-01
2.4107e-01
2.2447e-01
2.1986e-01
1.9956e-01
1.9217e-01
1.7648e-01
1.7187e-01
1.5987e-01
1.4602e-01
1.3124e-01
1.3309e-01
1.1739e-01
1.0815e-01
1.0353e-01
9.9837e-02
8.4130e-02
8.2281e-02
7.4889e-02
6.7495e-02
5.8252e-02
4.9009e-02
4.4386e-02
4.1613e-02
3.1443e-02
2.6820e-02
1.5723e-02
1.1099e-02
3.7000e-03
0000
9.2490e-03
9.2490e-03
1.8500e-03
6.4750e-03
6.4750e-03
1.1099e-02
1.8497e-02
3.0518e-02
3.5141e-02
4.1613e-02
6.0101e-02
7.8585e-02
1.0261e-01
1.3309e-01
1.7279e-01
2.0509e-01
2.5399e-01
2.9179e-01
3.4524e-01
3.9865e-01
4.5387e-01
5.0998e-01
5.9912e-01
6.5054e-01
7.4413e-01
8.0462e-01
8.7698e-01
9.3281e-01
1.0160e+00
1.0599e+00
1.0937e+00
1.1256e+00
1.1439e+00
1.1777e+00
1.1977e+00
1.2524e+00
1.2406e+00
1.2816e+00
1.2944e+00
1.3199e+00
1.3226e+00
1.3372e+00
1.3408e+00
1.3554e+00
1.3563e+00
1.3681e+00
1.3645e+00
1.3709e+00
1.3700e+00
1.3745e+00
1.3681e+00
1.3636e+00
1.3590e+00
1.3563e+00
1.3499e+00
1.3445e+00
1.3308e+00
1.3217e+00
1.3071e+00
1.2980e+00
1.2880e+00
1.2716e+00
1.2597e+00
1.2461e+00
1.2233e+00
1.2078e+00
1.1795e+00
1.1667e+00
1.1539e+00
1.1311e+00
1.1092e+00
1.1019e+00
1.0736e+00
1.0572e+00
1.0307e+00
1.0151e+00
9.8861e-01
9.7032e-01
9.4745e-01
9.3922e-01
9.1817e-01
8.9804e-01
8.8248e-01
8.6233e-01
8.4310e-01
8.3303e-01
8.1837e-01
8.0737e-01
7.9363e-01
7.7530e-01
7.7071e-01
7.5880e-01
7.4779e-01
7.3496e-01
7.1753e-01
7.1386e-01
7.0377e-01
6.9643e-01
6.8634e-01
6.7900e-01
6.7624e-01
6.7166e-01
6.6156e-01
6.5422e-01
6.4504e-01
6.4136e-01
6.3402e-01
6.3310e-01
6.2208e-01
6.2484e-01
6.2208e-01
6.1106e-01
6.0188e-01
5.9729e-01
5.9361e-01
5.9453e-01
5.7708e-01
5.7524e-01
5.6881e-01
5.6054e-01
5.4859e-01
5.4767e-01
5.3756e-01
5.3572e-01
5.1550e-01
5.1550e-01
5.1090e-01
5.2009e-01
5.1182e-01
5.2469e-01
5.2469e-01
5.4583e-01
5.5502e-01
5.7340e-01
5.7983e-01
6.2484e-01
6.5146e-01
6.9001e-01
7.2212e-01
7.6246e-01
8.0554e-01
8.5043e-01
9.0261e-01
9.5020e-01
9.9592e-01
1.0371e+00
1.0864e+00
1.1311e+00
1.1758e+00
1.2114e+00
1.2488e+00
1.2862e+00
1.3181e+00
1.3645e+00
1.3854e+00
1.4155e+00
1.4409e+00
1.4682e+00
1.4955e+00
1.5127e+00
1.5400e+00
1.5500e+00
1.5645e+00
1.5754e+00
1.5836e+00
1.5845e+00
1.5872e+00
1.5927e+00
1.5954e+00
1.5990e+00
1.5954e+00
1.5872e+00
1.5854e+00
1.5745e+00
1.5691e+00
1.5609e+00
1.5500e+00
1.5364e+00
1.5318e+00
1.5173e+00
1.4964e+00
1.4828e+00
1.4673e+00
1.4455e+00
