7.4395e+00
7.4330e+00
7.4317e+00
7.4213e+00
7.4109e+00
7.4044e+00
7.3940e+00
7.3836e+00
7.3680e+00
7.3667e+00
7.3615e+00
7.3524e+00
7.3459e+00
7.3485e+00
7.3381e+00
7.3264e+00
7.3173e+00
7.3173e+00
7.3134e+00
7.3069e+00
7.3108e+00
7.3199e+00
7.3212e+00
7.3329e+00
7.3485e+00
7.3498e+00
7.3576e+00
7.3810e+00
7.4018e+00
7.4226e+00
7.4382e+00
7.4577e+00
7.4876e+00
7.5096e+00
7.5330e+00
7.5641e+00
7.5784e+00
7.6082e+00
7.6277e+00
7.6549e+00
7.6796e+00
7.7029e+00
7.7288e+00
7.7586e+00
7.7793e+00
7.8013e+00
7.8272e+00
7.8518e+00
7.8725e+00
7.8996e+00
7.9229e+00
7.9423e+00
7.9617e+00
7.9798e+00
7.9940e+00
8.0147e+00
8.0366e+00
8.0431e+00
8.0496e+00
8.0625e+00
8.0663e+00
8.0741e+00
8.0818e+00
8.0831e+00
8.0896e+00
8.0780e+00
8.0793e+00
8.0805e+00
8.0715e+00
8.0702e+00
8.0599e+00
8.0470e+00
8.0379e+00
8.0276e+00
8.0121e+00
8.0018e+00
7.9901e+00
7.9720e+00
7.9527e+00
7.9371e+00
7.9190e+00
7.8996e+00
7.8880e+00
7.8699e+00
7.8518e+00
7.8259e+00
7.8013e+00
7.7832e+00
7.7625e+00
7.7417e+00
7.7301e+00
7.7081e+00
7.6860e+00
7.6679e+00
7.6510e+00
7.6277e+00
7.6108e+00
7.5901e+00
7.5758e+00
7.5525e+00
7.5317e+00
7.5161e+00
7.4928e+00
7.4720e+00
7.4473e+00
7.4317e+00
7.4122e+00
7.3953e+00
7.3797e+00
7.3654e+00
7.3472e+00
7.3316e+00
7.3160e+00
7.2991e+00
7.2887e+00
7.2718e+00
7.2536e+00
7.2405e+00
7.2262e+00
7.2119e+00
7.1989e+00
7.1846e+00
7.1741e+00
7.1572e+00
7.1416e+00
7.1338e+00
7.1285e+00
7.1194e+00
7.1090e+00
7.0894e+00
7.0816e+00
7.0725e+00
7.0582e+00
7.0464e+00
7.0255e+00
7.0151e+00
6.9968e+00
6.9890e+00
6.9799e+00
6.9629e+00
6.9525e+00
6.9473e+00
6.9329e+00
6.9172e+00
6.9055e+00
6.8989e+00
6.8963e+00
6.8859e+00
6.8715e+00
6.8637e+00
6.8598e+00
6.8506e+00
6.8415e+00
6.8362e+00
6.8323e+00
6.8192e+00
6.8101e+00
6.8049e+00
6.8023e+00
6.7918e+00
6.7879e+00
6.7800e+00
6.7722e+00
6.7617e+00
6.7526e+00
6.7460e+00
6.7251e+00
6.7172e+00
6.7068e+00
6.7029e+00
6.6950e+00
6.6871e+00
6.6793e+00
6.6662e+00
6.6610e+00
6.6544e+00
6.6413e+00
6.6348e+00
6.6309e+00
6.6191e+00
6.6112e+00
6.6007e+00
6.5942e+00
6.5876e+00
6.5811e+00
6.5758e+00
6.5641e+00
6.5562e+00
6.5470e+00
6.5444e+00
6.5392e+00
6.5339e+00
6.5313e+00
6.5182e+00
6.5103e+00
6.4972e+00
6.4920e+00
6.4920e+00
6.4775e+00
6.4670e+00
6.4552e+00
6.4487e+00
6.4434e+00
6.4356e+00
6.4238e+00
6.4146e+00
6.4133e+00
6.4001e+00
6.3896e+00
6.3870e+00
6.3791e+00
6.3713e+00
6.3686e+00
6.3542e+00
6.3489e+00
6.3476e+00
6.3437e+00
6.3332e+00
6.3240e+00
6.3161e+00
6.3122e+00
6.3043e+00
6.2898e+00
6.2846e+00
6.2806e+00
6.2728e+00
6.2688e+00
6.2609e+00
6.2583e+00
6.2452e+00
6.2412e+00
6.2373e+00
6.2202e+00
6.2136e+00
6.2057e+00
6.1952e+00
6.1886e+00
6.1847e+00
6.1768e+00
6.1689e+00
6.1623e+00
6.1557e+00
6.1557e+00
6.1478e+00
6.1373e+00
6.1334e+00
6.1334e+00
6.1294e+00
6.1255e+00
6.1150e+00
6.1136e+00
6.1123e+00
6.1057e+00
6.0965e+00
6.1005e+00
6.1018e+00
6.0913e+00
6.0834e+00
6.0755e+00
6.0662e+00
6.0689e+00
6.0597e+00
6.0557e+00
6.0439e+00
6.0346e+00
6.0346e+00
6.0267e+00
6.0228e+00
6.0188e+00
6.0109e+00
6.0057e+00
6.0057e+00
5.9964e+00
5.9846e+00
5.9885e+00
5.9819e+00
5.9780e+00
5.9740e+00
5.9740e+00
5.9648e+00
5.9622e+00
5.9516e+00
5.9490e+00
5.9437e+00
5.9411e+00
5.9332e+00
5.9305e+00
5.9266e+00
5.9200e+00
5.9160e+00
5.9174e+00
5.9068e+00
5.9081e+00
5.9015e+00
5.9028e+00
5.8963e+00
5.8844e+00
5.8752e+00
5.8725e+00
5.8659e+00
5.8659e+00
5.8606e+00
5.8527e+00
5.8422e+00
5.8369e+00
5.8329e+00
5.8342e+00
5.8237e+00
5.8211e+00
5.8171e+00
5.8171e+00
5.8158e+00
5.8118e+00
5.7973e+00
5.7933e+00
5.7960e+00
5.7947e+00
5.7814e+00
5.7762e+00
5.7775e+00
5.7801e+00
5.7735e+00
5.7722e+00
5.7656e+00
5.7577e+00
5.7432e+00
5.7445e+00
5.7392e+00
5.7194e+00
5.7220e+00
5.7194e+00
5.7101e+00
5.6996e+00
5.6929e+00
5.6916e+00
5.6811e+00
5.6731e+00
5.6718e+00
5.6705e+00
5.6639e+00
5.6612e+00
5.6559e+00
5.6546e+00
5.6507e+00
5.6480e+00
5.6440e+00
5.6440e+00
5.6414e+00
5.6361e+00
5.6242e+00
5.6282e+00
5.6269e+00
5.6242e+00
5.6229e+00
5.6229e+00
5.6176e+00
5.6229e+00
5.6176e+00
5.6216e+00
5.6110e+00
5.6070e+00
5.6097e+00
5.6057e+00
5.6017e+00
5.5964e+00
5.5911e+00
5.5872e+00
5.5859e+00
5.5885e+00
5.5832e+00
5.5819e+00
5.5792e+00
5.5779e+00
5.5700e+00
5.5607e+00
5.5567e+00
5.5607e+00
5.5581e+00
5.5515e+00
5.5462e+00
5.5409e+00
5.5329e+00
5.5382e+00
5.5329e+00
5.5276e+00
5.5144e+00
5.5117e+00
5.5078e+00
5.5078e+00
5.5038e+00
5.5012e+00
5.4932e+00
5.4826e+00
5.4826e+00
5.4773e+00
5.4747e+00
5.4694e+00
5.4614e+00
5.4588e+00
5.4535e+00
5.4495e+00
5.4442e+00
5.4429e+00
5.4402e+00
5.4376e+00
5.4283e+00
5.4336e+00
5.4336e+00
5.4323e+00
5.4270e+00
5.4164e+00
5.4084e+00
5.4137e+00
5.4124e+00
5.4098e+00
5.4031e+00
5.4124e+00
5.4111e+00
5.4071e+00
5.4018e+00
5.4045e+00
5.4071e+00
5.4058e+00
5.4031e+00
5.4018e+00
5.4098e+00
5.4151e+00
5.4124e+00
5.4098e+00
5.4058e+00
5.4111e+00
5.4137e+00
5.4124e+00
5.4124e+00
5.4177e+00
5.4164e+00
5.4151e+00
5.4071e+00
5.4098e+00
5.4018e+00
5.3978e+00
5.3965e+00
5.3978e+00
5.3886e+00
5.3753e+00
5.3727e+00
5.3727e+00
5.3700e+00
5.3700e+00
5.3674e+00
5.3660e+00
5.3620e+00
5.3620e+00
5.3620e+00
5.3594e+00
5.3528e+00
5.3528e+00
5.3594e+00
5.3634e+00
5.3660e+00
5.3700e+00
5.3727e+00
5.3793e+00
5.3846e+00
5.3872e+00
5.3886e+00
5.3952e+00
5.3952e+00
5.3899e+00
5.3846e+00
5.3886e+00
5.3899e+00
5.3886e+00
5.3819e+00
5.3806e+00
5.3740e+00
5.3634e+00
5.3647e+00
5.3647e+00
5.3674e+00
5.3634e+00
5.3528e+00
5.3501e+00
5.3448e+00
5.3422e+00
5.3448e+00
5.3276e+00
5.3249e+00
5.3236e+00
5.3130e+00
5.3024e+00
5.3024e+00
5.2918e+00
5.2878e+00
5.2825e+00
5.2758e+00
5.2719e+00
5.2666e+00
5.2599e+00
5.2559e+00
5.2546e+00
5.2453e+00
5.2440e+00
5.2440e+00
5.2320e+00
5.2241e+00
5.2241e+00
5.2188e+00
5.2121e+00
5.2108e+00
5.2042e+00
5.1949e+00
5.1949e+00
5.1896e+00
5.1869e+00
5.1789e+00
5.1723e+00
5.1723e+00
5.1537e+00
5.1444e+00
5.1417e+00
5.1417e+00
5.1338e+00
5.1271e+00
5.1205e+00
5.1258e+00
5.1218e+00
5.1099e+00
5.1006e+00
5.1006e+00
5.1085e+00
5.1006e+00
5.0952e+00
5.0939e+00
5.0873e+00
5.0873e+00
5.0833e+00
5.0726e+00
5.0686e+00
5.0673e+00
5.0567e+00
5.0567e+00
5.0580e+00
5.0527e+00
5.0500e+00
5.0381e+00
5.0341e+00
5.0367e+00
5.0248e+00
5.0248e+00
5.0194e+00
5.0128e+00
5.0115e+00
5.0088e+00
5.0035e+00
4.9968e+00
4.9915e+00
4.9902e+00
4.9835e+00
4.9782e+00
4.9729e+00
4.9755e+00
4.9809e+00
4.9742e+00
4.9662e+00
4.9582e+00
4.9503e+00
4.9356e+00
4.9263e+00
4.9250e+00
4.9170e+00
4.9143e+00
4.9090e+00
4.9023e+00
4.9063e+00
4.8997e+00
4.8930e+00
4.8970e+00
4.8863e+00
4.8850e+00
4.8770e+00
4.8744e+00
4.8717e+00
4.8650e+00
4.8557e+00
4.8517e+00
4.8490e+00
4.8424e+00
4.8317e+00
4.8251e+00
4.8211e+00
4.8157e+00
4.8117e+00
4.8091e+00
4.8091e+00
4.8024e+00
4.7957e+00
4.7931e+00
4.7797e+00
4.7744e+00
4.7784e+00
4.7757e+00
4.7704e+00
4.7637e+00
4.7571e+00
4.7531e+00
4.7477e+00
4.7357e+00
4.7331e+00
4.7184e+00
4.7024e+00
4.6984e+00
4.6864e+00
4.6810e+00
4.6784e+00
4.6650e+00
4.6543e+00
4.6463e+00
4.6437e+00
4.6370e+00
4.6343e+00
4.6330e+00
4.6236e+00
4.6236e+00
4.6143e+00
4.6063e+00
4.6103e+00
4.6036e+00
4.5956e+00
4.5943e+00
4.5943e+00
4.5836e+00
4.5769e+00
4.5822e+00
4.5742e+00
4.5622e+00
4.5595e+00
4.5528e+00
4.5542e+00
4.5515e+00
4.5462e+00
4.5395e+00
4.5288e+00
4.5248e+00
4.5141e+00
4.5154e+00
4.5141e+00
4.5007e+00
4.4900e+00
4.4887e+00
4.4847e+00
4.4780e+00
4.4700e+00
4.4619e+00
4.4579e+00
4.4526e+00
4.4486e+00
4.4512e+00
4.4472e+00
4.4405e+00
4.4379e+00
4.4325e+00
4.4298e+00
4.4272e+00
4.4312e+00
4.4272e+00
4.4191e+00
4.4084e+00
4.4044e+00
4.3991e+00
4.3937e+00
4.3870e+00
4.3870e+00
4.3870e+00
4.3696e+00
4.3683e+00
4.3683e+00
4.3562e+00
4.3522e+00
4.3495e+00
4.3429e+00
4.3362e+00
4.3321e+00
4.3254e+00
4.3254e+00
4.3201e+00
4.3094e+00
4.3027e+00
4.2987e+00
4.2987e+00
4.2920e+00
4.2839e+00
4.2826e+00
4.2732e+00
4.2719e+00
4.2719e+00
4.2665e+00
4.2625e+00
4.2585e+00
4.2571e+00
4.2531e+00
4.2424e+00
4.2410e+00
4.2343e+00
4.2263e+00
4.2250e+00
4.2102e+00
4.2062e+00
4.1982e+00
4.1874e+00
4.1834e+00
4.1740e+00
4.1687e+00
4.1673e+00
4.1606e+00
4.1593e+00
4.1566e+00
4.1472e+00
4.1391e+00
4.1351e+00
4.1298e+00
4.1311e+00
4.1298e+00
4.1217e+00
4.1177e+00
4.1096e+00
4.0975e+00
4.0962e+00
4.1069e+00
4.0975e+00
4.0855e+00
4.0761e+00
4.0707e+00
4.0747e+00
4.0720e+00
4.0600e+00
4.0627e+00
4.0519e+00
4.0385e+00
4.0465e+00
4.0358e+00
4.0277e+00
4.0237e+00
4.0116e+00
4.0049e+00
4.0022e+00
4.0009e+00
3.9968e+00
3.9942e+00
3.9928e+00
3.9848e+00
3.9780e+00
3.9727e+00
3.9686e+00
3.9659e+00
3.9606e+00
3.9619e+00
3.9619e+00
3.9592e+00
3.9565e+00
3.9539e+00
3.9431e+00
3.9364e+00
3.9323e+00
3.9337e+00
3.9323e+00
3.9283e+00
3.9216e+00
3.9256e+00
3.9162e+00
3.9055e+00
3.9122e+00
3.9001e+00
3.8960e+00
3.8934e+00
3.8853e+00
3.8826e+00
3.8813e+00
3.8772e+00
3.8745e+00
3.8651e+00
3.8584e+00
3.8570e+00
3.8517e+00
3.8449e+00
3.8422e+00
3.8382e+00
3.8301e+00
3.8369e+00
3.8342e+00
3.8288e+00
3.8248e+00
3.8234e+00
3.8153e+00
3.8073e+00
3.8073e+00
3.8046e+00
3.8005e+00
3.7992e+00
3.7925e+00
3.7898e+00
3.7776e+00
3.7736e+00
3.7750e+00
3.7628e+00
3.7548e+00
3.7534e+00
3.7521e+00
3.7521e+00
3.7507e+00
3.7440e+00
3.7373e+00
3.7332e+00
3.7251e+00
3.7197e+00
3.7171e+00
3.7117e+00
3.7117e+00
3.7049e+00
3.6942e+00
3.6955e+00
3.6861e+00
3.6834e+00
3.6834e+00
3.6807e+00
3.6739e+00
3.6699e+00
3.6578e+00
3.6524e+00
3.6524e+00
3.6497e+00
3.6510e+00
3.6497e+00
3.6402e+00
3.6375e+00
3.6335e+00
3.6322e+00
3.6281e+00
3.6119e+00
3.6052e+00
3.6025e+00
3.6011e+00
3.5931e+00
3.5823e+00
3.5809e+00
3.5755e+00
3.5688e+00
3.5634e+00
3.5553e+00
3.5539e+00
3.5553e+00
3.5539e+00
3.5539e+00
3.5472e+00
3.5391e+00
3.5391e+00
3.5337e+00
3.5189e+00
3.5135e+00
3.5094e+00
3.5121e+00
3.5081e+00
3.4946e+00
3.4905e+00
3.4905e+00
3.4824e+00
3.4784e+00
3.4730e+00
3.4757e+00
3.4743e+00
3.4635e+00
3.4608e+00
3.4514e+00
3.4433e+00
3.4392e+00
3.4365e+00
3.4352e+00
3.4324e+00
3.4203e+00
3.4162e+00
3.4135e+00
3.4081e+00
3.4095e+00
3.4095e+00
3.4027e+00
3.3960e+00
3.3960e+00
3.3865e+00
3.3879e+00
3.3865e+00
3.3771e+00
3.3703e+00
3.3689e+00
3.3649e+00
3.3649e+00
3.3635e+00
3.3595e+00
3.3514e+00
3.3487e+00
3.3460e+00
3.3406e+00
3.3392e+00
3.3270e+00
3.3311e+00
3.3216e+00
3.3176e+00
3.3095e+00
3.3014e+00
3.2959e+00
3.2973e+00
3.2932e+00
3.2878e+00
3.2757e+00
3.2689e+00
3.2702e+00
3.2648e+00
3.2594e+00
3.2567e+00
3.2554e+00
3.2567e+00
3.2594e+00
3.2527e+00
3.2459e+00
3.2405e+00
3.2337e+00
3.2324e+00
3.2242e+00
3.2229e+00
3.2242e+00
3.2148e+00
3.2188e+00
3.2121e+00
3.2012e+00
3.2039e+00
3.1904e+00
3.1823e+00
3.1809e+00
3.1755e+00
3.1714e+00
3.1660e+00
3.1593e+00
3.1538e+00
3.1498e+00
3.1471e+00
3.1416e+00
3.1322e+00
3.1295e+00
3.1281e+00
3.1281e+00
3.1186e+00
3.1173e+00
3.1200e+00
3.1213e+00
3.1118e+00
3.1064e+00
3.0956e+00
3.0888e+00
3.0888e+00
3.0847e+00
3.0780e+00
3.0780e+00
3.0712e+00
3.0685e+00
3.0631e+00
3.0576e+00
3.0603e+00
3.0536e+00
3.0441e+00
3.0414e+00
3.0427e+00
3.0387e+00
3.0373e+00
3.0332e+00
3.0292e+00
3.0237e+00
3.0183e+00
3.0142e+00
3.0048e+00
3.0020e+00
3.0007e+00
2.9980e+00
2.9939e+00
2.9966e+00
2.9912e+00
2.9871e+00
2.9817e+00
2.9736e+00
2.9641e+00
2.9600e+00
2.9532e+00
2.9505e+00
2.9532e+00
2.9532e+00
2.9478e+00
2.9478e+00
2.9424e+00
2.9410e+00
2.9369e+00
2.9206e+00
2.9233e+00
2.9152e+00
2.9098e+00
2.9098e+00
2.9057e+00
2.9016e+00
2.8989e+00
2.8935e+00
2.8908e+00
2.8908e+00
2.8853e+00
2.8840e+00
2.8813e+00
2.8785e+00
2.8758e+00
2.8745e+00
2.8745e+00
2.8731e+00
2.8704e+00
2.8690e+00
2.8609e+00
2.8568e+00
2.8514e+00
2.8473e+00
2.8500e+00
2.8514e+00
2.8378e+00
2.8392e+00
2.8364e+00
2.8242e+00
2.8269e+00
2.8229e+00
2.8188e+00
2.8106e+00
2.8079e+00
2.8120e+00
2.8093e+00
2.8011e+00
2.8011e+00
2.8011e+00
2.7930e+00
2.7862e+00
2.7902e+00
2.7902e+00
2.7807e+00
2.7780e+00
2.7739e+00
2.7753e+00
2.7726e+00
2.7699e+00
2.7644e+00
2.7617e+00
2.7549e+00
2.7535e+00
2.7522e+00
2.7454e+00
2.7400e+00
2.7427e+00
2.7318e+00
2.7277e+00
2.7277e+00
2.7168e+00
2.7209e+00
2.7128e+00
2.7060e+00
2.7073e+00
2.6992e+00
2.6951e+00
2.6924e+00
2.6869e+00
2.6842e+00
2.6801e+00
2.6733e+00
2.6692e+00
2.6692e+00
2.6692e+00
2.6597e+00
2.6611e+00
2.6583e+00
2.6529e+00
2.6502e+00
2.6447e+00
2.6434e+00
2.6379e+00
2.6284e+00
2.6298e+00
2.6257e+00
2.6161e+00
2.6134e+00
2.6161e+00
2.6121e+00
2.6148e+00
2.6066e+00
2.5998e+00
2.6053e+00
2.5930e+00
2.5876e+00
2.5835e+00
2.5807e+00
2.5780e+00
2.5753e+00
2.5712e+00
2.5699e+00
2.5630e+00
2.5576e+00
2.5521e+00
2.5521e+00
2.5617e+00
2.5562e+00
2.5535e+00
2.5426e+00
2.5399e+00
2.5372e+00
2.5303e+00
2.5249e+00
2.5235e+00
2.5167e+00
2.5126e+00
2.5126e+00
2.5072e+00
2.5045e+00
2.5017e+00
2.4949e+00
2.4963e+00
2.4963e+00
2.4990e+00
2.4949e+00
2.4840e+00
2.4827e+00
2.4758e+00
2.4758e+00
2.4677e+00
2.4663e+00
2.4608e+00
2.4595e+00
2.4540e+00
2.4513e+00
2.4445e+00
2.4390e+00
2.4431e+00
2.4418e+00
2.4445e+00
2.4404e+00
2.4295e+00
2.4268e+00
2.4268e+00
2.4199e+00
2.4172e+00
2.4158e+00
2.4131e+00
2.4158e+00
2.4145e+00
2.4049e+00
2.3967e+00
2.3899e+00
2.3913e+00
2.3872e+00
2.3763e+00
2.3831e+00
2.3736e+00
2.3681e+00
2.3667e+00
2.3585e+00
2.3558e+00
2.3599e+00
2.3558e+00
2.3435e+00
2.3367e+00
2.3340e+00
2.3244e+00
2.3176e+00
2.3203e+00
2.3190e+00
2.3149e+00
2.3108e+00
2.3135e+00
2.3135e+00
2.3067e+00
2.2944e+00
2.2957e+00
2.2971e+00
2.2903e+00
2.2807e+00
2.2780e+00
2.2739e+00
2.2753e+00
2.2712e+00
2.2725e+00
2.2671e+00
2.2561e+00
2.2589e+00
2.2548e+00
2.2466e+00
2.2425e+00
2.2384e+00
2.2329e+00
2.2316e+00
2.2275e+00
2.2234e+00
2.2206e+00
2.2165e+00
2.2097e+00
2.2056e+00
2.2070e+00
2.2029e+00
2.2015e+00
2.1947e+00
2.1933e+00
2.1947e+00
2.1933e+00
2.1906e+00
2.1947e+00
2.1865e+00
2.1837e+00
2.1796e+00
2.1728e+00
2.1755e+00
2.1783e+00
2.1687e+00
2.1687e+00
2.1632e+00
2.1564e+00
2.1673e+00
2.1591e+00
2.1482e+00
2.1482e+00
2.1482e+00
2.1386e+00
2.1345e+00
2.1345e+00
2.1318e+00
2.1249e+00
2.1249e+00
2.1263e+00
2.1236e+00
2.1236e+00
2.1167e+00
2.1140e+00
2.1153e+00
2.1140e+00
2.1085e+00
2.1071e+00
2.1044e+00
2.1099e+00
2.1044e+00
2.0948e+00
2.0894e+00
2.0866e+00
2.0866e+00
2.0853e+00
2.0798e+00
2.0743e+00
2.0688e+00
2.0634e+00
2.0675e+00
2.0579e+00
2.0524e+00
2.0456e+00
2.0428e+00
2.0428e+00
2.0401e+00
2.0346e+00
2.0305e+00
2.0250e+00
2.0196e+00
2.0141e+00
2.0127e+00
2.0059e+00
2.0004e+00
2.0059e+00
2.0018e+00
1.9976e+00
1.9963e+00
1.9922e+00
1.9826e+00
1.9894e+00
1.9867e+00
1.9785e+00
1.9730e+00
1.9689e+00
1.9675e+00
1.9648e+00
1.9511e+00
1.9552e+00
1.9497e+00
1.9401e+00
1.9442e+00
1.9333e+00
1.9292e+00
1.9278e+00
1.9278e+00
1.9250e+00
1.9209e+00
1.9209e+00
1.9127e+00
1.9045e+00
1.8990e+00
1.8908e+00
1.8949e+00
1.8976e+00
1.8908e+00
1.8867e+00
1.8798e+00
1.8812e+00
1.8812e+00
1.8798e+00
1.8730e+00
1.8743e+00
1.8688e+00
1.8538e+00
1.8496e+00
1.8538e+00
1.8510e+00
1.8483e+00
1.8469e+00
1.8414e+00
1.8332e+00
1.8346e+00
1.8428e+00
1.8291e+00
1.8167e+00
1.8126e+00
1.8071e+00
1.8003e+00
1.8016e+00
1.7962e+00
1.7879e+00
1.7852e+00
1.7824e+00
1.7769e+00
1.7715e+00
1.7701e+00
1.7687e+00
1.7673e+00
1.7618e+00
1.7605e+00
1.7632e+00
1.7605e+00
1.7522e+00
1.7495e+00
1.7509e+00
1.7495e+00
1.7440e+00
1.7344e+00
1.7303e+00
1.7344e+00
1.7234e+00
1.7220e+00
1.7179e+00
1.7097e+00
1.7165e+00
1.7042e+00
1.6959e+00
1.6946e+00
1.6905e+00
1.6850e+00
1.6808e+00
1.6781e+00
1.6740e+00
1.6699e+00
1.6712e+00
1.6644e+00
1.6616e+00
1.6630e+00
1.6575e+00
1.6506e+00
1.6465e+00
1.6465e+00
1.6451e+00
1.6520e+00
1.6520e+00
1.6424e+00
1.6424e+00
1.6396e+00
1.6300e+00
1.6286e+00
1.6218e+00
1.6176e+00
1.6066e+00
1.5998e+00
1.6080e+00
1.5956e+00
1.5956e+00
1.5943e+00
1.5874e+00
1.5874e+00
1.5805e+00
1.5764e+00
1.5750e+00
1.5737e+00
1.5709e+00
1.5654e+00
1.5613e+00
1.5571e+00
1.5571e+00
1.5530e+00
1.5461e+00
1.5489e+00
1.5489e+00
1.5461e+00
1.5338e+00
1.5365e+00
1.5406e+00
1.5324e+00
1.5269e+00
1.5283e+00
1.5228e+00
1.5214e+00
1.5200e+00
1.5159e+00
1.5063e+00
1.4980e+00
1.5076e+00
1.5008e+00
1.4939e+00
1.4897e+00
1.4856e+00
1.4787e+00
1.4815e+00
1.4856e+00
1.4774e+00
1.4746e+00
1.4774e+00
1.4664e+00
1.4636e+00
1.4595e+00
1.4553e+00
1.4512e+00
1.4457e+00
1.4498e+00
1.4498e+00
1.4498e+00
1.4540e+00
1.4567e+00
1.4416e+00
1.4374e+00
1.4429e+00
1.4374e+00
1.4333e+00
1.4306e+00
1.4278e+00
1.4264e+00
1.4154e+00
1.4113e+00
1.4140e+00
1.4072e+00
1.4113e+00
1.4058e+00
1.3989e+00
1.3948e+00
1.3934e+00
1.3906e+00
1.3892e+00
1.3892e+00
1.3851e+00
1.3810e+00
1.3768e+00
1.3713e+00
1.3768e+00
1.3741e+00
1.3672e+00
1.3700e+00
1.3658e+00
1.3631e+00
1.3589e+00
1.3631e+00
1.3548e+00
1.3479e+00
1.3534e+00
1.3534e+00
1.3521e+00
1.3452e+00
1.3438e+00
1.3452e+00
1.3355e+00
1.3328e+00
1.3286e+00
1.3204e+00
1.3259e+00
1.3204e+00
1.3148e+00
1.3107e+00
1.3079e+00
1.3079e+00
1.3052e+00
1.3024e+00
1.2983e+00
1.2969e+00
1.2997e+00
1.2942e+00
1.2873e+00
1.2900e+00
1.2887e+00
1.2845e+00
1.2818e+00
1.2831e+00
1.2873e+00
1.2914e+00
1.2845e+00
1.2790e+00
1.2831e+00
1.2859e+00
1.2873e+00
1.2900e+00
1.2887e+00
1.2900e+00
1.2831e+00
1.2818e+00
1.2928e+00
1.2873e+00
1.2928e+00
1.2955e+00
1.2928e+00
1.2955e+00
1.2997e+00
1.3024e+00
1.3011e+00
1.3079e+00
1.3190e+00
1.3231e+00
1.3231e+00
1.3231e+00
1.3300e+00
1.3396e+00
1.3438e+00
1.3452e+00
1.3507e+00
1.3507e+00
1.3493e+00
1.3589e+00
1.3534e+00
1.3424e+00
1.3410e+00
1.3410e+00
1.3328e+00
1.3314e+00
1.3314e+00
1.3272e+00
1.3162e+00
1.3148e+00
1.3190e+00
1.3038e+00
1.3011e+00
1.2997e+00
1.2942e+00
1.2900e+00
1.2845e+00
1.2790e+00
1.2652e+00
1.2666e+00
1.2666e+00
1.2556e+00
1.2542e+00
1.2500e+00
1.2431e+00
1.2431e+00
1.2390e+00
1.2390e+00
1.2307e+00
1.2280e+00
1.2335e+00
1.2280e+00
1.2114e+00
1.2114e+00
1.2142e+00
1.2073e+00
1.2018e+00
1.1962e+00
1.1880e+00
1.1893e+00
1.1769e+00
1.1700e+00
1.1700e+00
1.1604e+00
1.1590e+00
1.1548e+00
1.1438e+00
1.1396e+00
1.1410e+00
1.1369e+00
1.1341e+00
1.1272e+00
1.1189e+00
1.1120e+00
1.1093e+00
1.1024e+00
1.1010e+00
1.1024e+00
1.0941e+00
1.0899e+00
1.0844e+00
1.0830e+00
1.0830e+00
1.0830e+00
1.0761e+00
1.0761e+00
1.0692e+00
1.0637e+00
1.0595e+00
1.0554e+00
1.0540e+00
1.0513e+00
1.0402e+00
1.0402e+00
1.0319e+00
1.0222e+00
1.0264e+00
1.0167e+00
1.0112e+00
1.0070e+00
1.0056e+00
1.0056e+00
1.0015e+00
9.9735e-01
9.8905e-01
9.8352e-01
9.7937e-01
9.7107e-01
9.6831e-01
9.6693e-01
9.6554e-01
9.6140e-01
9.6140e-01
9.5863e-01
9.5586e-01
9.5448e-01
9.5171e-01
9.5310e-01
9.4341e-01
9.3788e-01
9.3235e-01
9.2405e-01
9.1990e-01
9.2128e-01
9.1851e-01
9.1575e-01
9.0606e-01
8.9776e-01
9.0329e-01
8.9637e-01
8.9222e-01
8.8807e-01
8.8254e-01
8.7423e-01
8.7008e-01
8.7423e-01
8.6731e-01
8.5762e-01
8.5208e-01
8.4793e-01
8.4516e-01
8.3824e-01
8.3270e-01
8.3270e-01
8.2439e-01
8.2716e-01
8.2855e-01
8.2716e-01
8.2024e-01
8.1885e-01
8.1193e-01
8.1054e-01
8.0085e-01
7.9254e-01
7.9254e-01
7.8977e-01
7.8007e-01
7.8145e-01
7.8423e-01
7.7730e-01
7.6621e-01
7.7176e-01
7.6760e-01
7.5374e-01
7.6067e-01
7.5652e-01
7.4959e-01
7.4404e-01
7.3989e-01
7.3850e-01
7.3573e-01
7.2603e-01
7.2187e-01
7.1771e-01
7.1078e-01
7.1078e-01
7.1632e-01
7.1632e-01
7.0662e-01
7.0523e-01
6.9969e-01
6.9414e-01
6.8721e-01
6.8860e-01
6.8444e-01
6.7889e-01
6.7750e-01
6.8027e-01
6.7334e-01
6.7334e-01
6.7196e-01
6.6502e-01
6.5670e-01
6.5670e-01
6.5531e-01
6.5670e-01
6.4699e-01
6.4283e-01
6.5254e-01
6.4421e-01
6.3589e-01
6.2757e-01
6.2757e-01
6.2202e-01
6.1786e-01
6.1647e-01
6.1369e-01
6.0814e-01
6.0537e-01
6.0259e-01
5.9982e-01
5.9982e-01
5.9288e-01
5.8872e-01
5.8733e-01
5.8455e-01
5.8455e-01
5.9010e-01
5.8316e-01
5.8316e-01
5.8039e-01
5.7484e-01
5.6928e-01
5.6789e-01
5.6789e-01
5.6651e-01
5.6512e-01
5.6234e-01
5.5957e-01
5.6512e-01
5.5401e-01
5.5957e-01
5.6234e-01
5.4707e-01
5.4846e-01
5.4291e-01
5.4152e-01
5.4291e-01
5.3180e-01
5.3180e-01
5.3457e-01
5.3457e-01
5.2208e-01
5.2346e-01
5.2902e-01
5.2346e-01
5.2346e-01
5.2485e-01
5.1235e-01
5.0819e-01
5.0680e-01
5.0680e-01
5.0680e-01
5.0541e-01
4.9846e-01
4.9152e-01
4.8874e-01
4.8735e-01
4.8596e-01
4.8874e-01
4.7902e-01
4.7763e-01
4.7207e-01
4.7207e-01
4.7763e-01
4.6512e-01
4.5956e-01
4.5539e-01
4.6095e-01
4.5678e-01
4.5261e-01
4.4984e-01
4.4150e-01
4.4150e-01
4.4011e-01
4.3594e-01
4.2899e-01
4.3038e-01
4.3038e-01
4.2760e-01
4.2621e-01
4.2621e-01
4.1509e-01
4.1509e-01
4.1509e-01
4.0814e-01
4.0814e-01
4.0257e-01
3.8867e-01
3.9006e-01
3.8867e-01
3.8589e-01
3.8728e-01
3.8728e-01
3.7894e-01
3.7476e-01
3.7198e-01
3.7059e-01
3.6503e-01
3.5112e-01
3.5529e-01
3.5112e-01
3.4695e-01
3.4416e-01
3.4416e-01
3.4416e-01
3.3721e-01
3.3860e-01
3.3582e-01
3.2886e-01
3.2747e-01
3.2190e-01
3.1634e-01
3.1216e-01
3.0660e-01
3.0938e-01
3.0521e-01
2.9407e-01
2.8990e-01
2.9129e-01
2.8851e-01
2.8155e-01
2.7459e-01
2.7876e-01
2.7459e-01
2.6763e-01
2.6763e-01
2.6345e-01
2.6206e-01
2.6345e-01
2.5927e-01
2.5649e-01
2.5370e-01
2.4953e-01
2.4674e-01
2.3699e-01
2.3978e-01
2.3699e-01
2.3282e-01
2.3003e-01
2.2168e-01
2.2446e-01
2.2168e-01
2.1611e-01
2.1750e-01
2.1611e-01
2.1750e-01
2.1471e-01
2.0496e-01
1.9660e-01
1.9382e-01
1.9660e-01
1.9382e-01
1.8407e-01
1.7710e-01
1.7292e-01
1.7013e-01
1.7710e-01
1.7571e-01
1.6735e-01
1.6735e-01
1.6735e-01
1.6177e-01
1.5759e-01
1.5341e-01
1.5620e-01
1.4784e-01
1.4644e-01
1.4505e-01
1.3947e-01
1.4365e-01
1.3808e-01
1.3250e-01
1.2832e-01
1.2414e-01
1.1717e-01
1.1299e-01
1.1159e-01
1.0741e-01
1.0323e-01
1.0183e-01
9.6256e-02
9.4862e-02
8.9284e-02
8.7890e-02
8.7890e-02
7.6733e-02
7.5339e-02
7.8128e-02
7.5339e-02
7.3944e-02
6.9760e-02
5.5812e-02
6.1391e-02
5.9996e-02
4.8837e-02
5.3022e-02
5.1627e-02
4.1862e-02
3.9071e-02
2.9305e-02
3.3491e-02
2.7910e-02
2.3724e-02
2.7910e-02
1.9538e-02
1.8142e-02
1.2561e-02
4.1870e-03
4.1870e-03
0000
