1.0335e+01
1.0317e+01
1.0305e+01
1.0294e+01
1.0282e+01
1.0263e+01
1.0246e+01
1.0237e+01
1.0222e+01
1.0209e+01
1.0195e+01
1.0183e+01
1.0169e+01
1.0156e+01
1.0149e+01
1.0132e+01
1.0122e+01
1.0116e+01
1.0095e+01
1.0077e+01
1.0069e+01
1.0062e+01
1.0051e+01
1.0041e+01
1.0028e+01
1.0022e+01
1.0013e+01
9.9996e+00
9.9948e+00
9.9776e+00
9.9605e+00
9.9532e+00
9.9507e+00
9.9336e+00
9.9238e+00
9.9164e+00
9.9042e+00
9.8944e+00
9.8907e+00
9.8846e+00
9.8711e+00
9.8662e+00
9.8626e+00
9.8589e+00
9.8528e+00
9.8405e+00
9.8332e+00
9.8234e+00
9.8099e+00
9.8062e+00
9.8025e+00
9.7952e+00
9.7817e+00
9.7744e+00
9.7670e+00
9.7670e+00
9.7572e+00
9.7413e+00
9.7302e+00
9.7167e+00
9.7118e+00
9.6971e+00
9.6861e+00
9.6762e+00
9.6701e+00
9.6591e+00
9.6554e+00
9.6456e+00
9.6394e+00
9.6407e+00
9.6259e+00
9.6124e+00
9.6075e+00
9.6063e+00
9.6051e+00
9.5989e+00
9.6038e+00
9.6051e+00
9.6100e+00
9.6112e+00
9.6161e+00
9.6173e+00
9.6284e+00
9.6321e+00
9.6480e+00
9.6554e+00
9.6726e+00
9.6848e+00
9.6996e+00
9.6996e+00
9.7290e+00
9.7327e+00
9.7596e+00
9.7768e+00
9.8038e+00
9.8271e+00
9.8626e+00
9.8773e+00
9.9201e+00
9.9495e+00
9.9886e+00
1.0013e+01
1.0058e+01
1.0084e+01
1.0123e+01
1.0151e+01
1.0187e+01
1.0215e+01
1.0244e+01
1.0273e+01
1.0296e+01
1.0327e+01
1.0348e+01
1.0363e+01
1.0373e+01
1.0393e+01
1.0401e+01
1.0428e+01
1.0434e+01
1.0458e+01
1.0456e+01
1.0457e+01
1.0454e+01
1.0460e+01
1.0449e+01
1.0447e+01
1.0429e+01
1.0424e+01
1.0413e+01
1.0410e+01
1.0389e+01
1.0382e+01
1.0361e+01
1.0350e+01
1.0323e+01
1.0306e+01
1.0284e+01
1.0279e+01
1.0252e+01
1.0237e+01
1.0210e+01
1.0189e+01
1.0157e+01
1.0134e+01
1.0116e+01
1.0101e+01
1.0071e+01
1.0051e+01
1.0022e+01
1.0003e+01
9.9764e+00
9.9605e+00
9.9348e+00
9.9042e+00
9.8736e+00
9.8565e+00
9.8320e+00
9.8038e+00
9.7768e+00
9.7572e+00
9.7388e+00
9.7192e+00
9.6996e+00
9.6775e+00
9.6517e+00
9.6308e+00
9.6124e+00
9.5965e+00
9.5756e+00
9.5621e+00
9.5400e+00
9.5277e+00
9.5129e+00
9.5019e+00
9.4699e+00
9.4527e+00
9.4478e+00
9.4232e+00
9.4170e+00
9.3899e+00
9.3801e+00
9.3727e+00
9.3469e+00
9.3419e+00
9.3235e+00
9.2927e+00
9.2853e+00
9.2742e+00
9.2545e+00
9.2459e+00
9.2262e+00
9.2126e+00
9.2040e+00
9.1929e+00
9.1818e+00
9.1682e+00
9.1546e+00
9.1460e+00
9.1398e+00
9.1361e+00
9.1300e+00
9.1275e+00
9.1238e+00
9.1226e+00
9.1213e+00
9.1152e+00
9.1102e+00
9.1090e+00
9.1016e+00
9.1028e+00
9.0966e+00
9.0917e+00
9.0880e+00
9.0905e+00
9.0757e+00
9.0855e+00
9.0781e+00
9.0608e+00
9.0670e+00
9.0534e+00
9.0534e+00
9.0411e+00
9.0349e+00
9.0362e+00
9.0287e+00
9.0238e+00
9.0127e+00
9.0077e+00
9.0028e+00
8.9917e+00
8.9830e+00
8.9756e+00
8.9719e+00
8.9694e+00
8.9596e+00
8.9546e+00
8.9460e+00
8.9336e+00
8.9361e+00
8.9163e+00
8.9101e+00
8.9089e+00
8.9002e+00
8.8953e+00
8.8866e+00
8.8767e+00
8.8631e+00
8.8532e+00
8.8433e+00
8.8421e+00
8.8322e+00
8.8223e+00
8.8099e+00
8.7938e+00
8.7889e+00
8.7752e+00
8.7740e+00
8.7430e+00
8.7480e+00
8.7430e+00
8.7232e+00
8.7207e+00
8.7046e+00
8.6922e+00
8.6811e+00
8.6749e+00
8.6699e+00
8.6625e+00
8.6588e+00
8.6489e+00
8.6476e+00
8.6476e+00
8.6365e+00
8.6216e+00
8.6154e+00
8.6030e+00
8.5881e+00
8.5819e+00
8.5695e+00
8.5633e+00
8.5534e+00
8.5372e+00
8.5298e+00
8.5161e+00
8.5037e+00
8.4925e+00
8.4814e+00
8.4752e+00
8.4665e+00
8.4540e+00
8.4491e+00
8.4416e+00
8.4292e+00
8.4168e+00
8.4056e+00
8.4019e+00
8.3919e+00
8.3894e+00
8.3733e+00
8.3658e+00
8.3583e+00
8.3472e+00
8.3447e+00
8.3322e+00
8.3123e+00
8.3098e+00
8.3074e+00
8.2974e+00
8.2899e+00
8.2825e+00
8.2738e+00
8.2738e+00
8.2613e+00
8.2526e+00
8.2451e+00
8.2314e+00
8.2277e+00
8.2190e+00
8.2078e+00
8.2053e+00
8.2003e+00
8.1879e+00
8.1829e+00
8.1791e+00
8.1679e+00
8.1592e+00
8.1492e+00
8.1405e+00
8.1368e+00
8.1393e+00
8.1393e+00
8.1318e+00
8.1256e+00
8.1243e+00
8.1218e+00
8.1181e+00
8.1131e+00
8.1044e+00
8.1006e+00
8.1056e+00
8.0969e+00
8.0919e+00
8.0919e+00
8.0844e+00
8.0819e+00
8.0794e+00
8.0732e+00
8.0670e+00
8.0595e+00
8.0483e+00
8.0470e+00
8.0420e+00
8.0420e+00
8.0296e+00
8.0258e+00
8.0221e+00
8.0158e+00
8.0096e+00
7.9996e+00
7.9934e+00
7.9984e+00
7.9934e+00
7.9846e+00
7.9821e+00
7.9796e+00
7.9734e+00
7.9759e+00
7.9747e+00
7.9647e+00
7.9559e+00
7.9509e+00
7.9509e+00
7.9422e+00
7.9372e+00
7.9360e+00
7.9322e+00
7.9285e+00
7.9297e+00
7.9197e+00
7.9172e+00
7.9047e+00
7.8947e+00
7.8860e+00
7.8723e+00
7.8660e+00
7.8548e+00
7.8460e+00
7.8373e+00
7.8310e+00
7.8210e+00
7.8073e+00
7.8048e+00
7.7898e+00
7.7785e+00
7.7672e+00
7.7610e+00
7.7547e+00
7.7497e+00
7.7385e+00
7.7285e+00
7.7172e+00
7.7059e+00
7.7009e+00
7.6922e+00
7.6734e+00
7.6684e+00
7.6709e+00
7.6671e+00
7.6584e+00
7.6421e+00
7.6296e+00
7.6271e+00
7.6133e+00
7.6083e+00
7.5995e+00
7.5857e+00
7.5795e+00
7.5682e+00
7.5594e+00
7.5506e+00
7.5419e+00
7.5318e+00
7.5193e+00
7.5093e+00
7.5030e+00
7.4917e+00
7.4842e+00
7.4867e+00
7.4792e+00
7.4691e+00
7.4654e+00
7.4603e+00
7.4490e+00
7.4415e+00
7.4365e+00
7.4315e+00
7.4227e+00
7.4189e+00
7.4139e+00
7.4089e+00
7.4051e+00
7.3976e+00
7.3888e+00
7.3813e+00
7.3762e+00
7.3775e+00
7.3662e+00
7.3524e+00
7.3524e+00
7.3449e+00
7.3411e+00
7.3323e+00
7.3310e+00
7.3222e+00
7.3134e+00
7.3072e+00
7.2984e+00
7.2921e+00
7.2883e+00
7.2808e+00
7.2745e+00
7.2707e+00
7.2632e+00
7.2481e+00
7.2405e+00
7.2431e+00
7.2380e+00
7.2242e+00
7.2229e+00
7.2179e+00
7.2066e+00
7.1965e+00
7.1928e+00
7.1940e+00
7.1852e+00
7.1789e+00
7.1739e+00
7.1676e+00
7.1512e+00
7.1437e+00
7.1424e+00
7.1248e+00
7.1173e+00
7.1059e+00
7.1047e+00
7.1009e+00
7.0870e+00
7.0795e+00
7.0732e+00
7.0669e+00
7.0644e+00
7.0543e+00
7.0417e+00
7.0392e+00
7.0304e+00
7.0190e+00
7.0077e+00
6.9988e+00
6.9951e+00
6.9900e+00
6.9825e+00
6.9787e+00
6.9673e+00
6.9623e+00
6.9585e+00
6.9459e+00
6.9333e+00
6.9333e+00
6.9270e+00
6.9219e+00
6.9118e+00
6.8992e+00
6.8942e+00
6.8828e+00
6.8753e+00
6.8664e+00
6.8614e+00
6.8538e+00
6.8374e+00
6.8286e+00
6.8248e+00
6.8197e+00
6.8172e+00
6.8084e+00
6.7945e+00
6.7932e+00
6.7881e+00
6.7780e+00
6.7667e+00
6.7604e+00
6.7515e+00
6.7427e+00
6.7401e+00
6.7401e+00
6.7338e+00
6.7250e+00
6.7111e+00
6.7035e+00
6.6959e+00
6.6946e+00
6.6858e+00
6.6795e+00
6.6694e+00
6.6681e+00
6.6630e+00
6.6491e+00
6.6453e+00
6.6327e+00
6.6289e+00
6.6276e+00
6.6188e+00
6.6099e+00
6.6023e+00
6.5947e+00
6.5897e+00
6.5821e+00
6.5757e+00
6.5770e+00
6.5656e+00
6.5555e+00
6.5491e+00
6.5479e+00
6.5416e+00
6.5302e+00
6.5226e+00
6.5213e+00
6.5162e+00
6.5086e+00
6.4998e+00
6.4972e+00
6.4960e+00
6.4896e+00
6.4808e+00
6.4744e+00
6.4656e+00
6.4681e+00
6.4592e+00
6.4465e+00
6.4427e+00
6.4225e+00
6.4174e+00
6.4085e+00
6.4047e+00
6.3946e+00
6.3882e+00
6.3870e+00
6.3768e+00
6.3705e+00
6.3654e+00
6.3540e+00
6.3438e+00
6.3400e+00
6.3350e+00
6.3388e+00
6.3350e+00
6.3261e+00
6.3185e+00
6.3147e+00
6.3159e+00
6.3109e+00
6.3058e+00
6.3045e+00
6.2944e+00
6.2855e+00
6.2842e+00
6.2766e+00
6.2677e+00
6.2652e+00
6.2550e+00
6.2537e+00
6.2448e+00
6.2360e+00
6.2423e+00
6.2309e+00
6.2258e+00
6.2144e+00
6.2118e+00
6.2093e+00
6.2017e+00
6.1991e+00
6.1928e+00
6.1902e+00
6.1839e+00
6.1724e+00
6.1674e+00
6.1623e+00
6.1559e+00
6.1585e+00
6.1546e+00
6.1496e+00
6.1394e+00
6.1343e+00
6.1280e+00
6.1203e+00
6.1127e+00
6.1076e+00
6.1038e+00
6.0974e+00
6.0936e+00
6.0898e+00
6.0860e+00
6.0822e+00
6.0720e+00
6.0631e+00
6.0605e+00
6.0516e+00
6.0402e+00
6.0326e+00
6.0249e+00
6.0224e+00
6.0198e+00
6.0109e+00
6.0020e+00
5.9982e+00
5.9893e+00
5.9804e+00
5.9804e+00
5.9804e+00
5.9676e+00
5.9587e+00
5.9574e+00
5.9498e+00
5.9396e+00
5.9383e+00
5.9345e+00
5.9307e+00
5.9231e+00
5.9180e+00
5.9116e+00
5.9027e+00
5.8950e+00
5.8976e+00
5.8874e+00
5.8810e+00
5.8746e+00
5.8644e+00
5.8619e+00
5.8466e+00
5.8428e+00
5.8351e+00
5.8275e+00
5.8249e+00
5.8173e+00
5.8134e+00
5.8071e+00
5.7981e+00
5.7994e+00
5.7905e+00
5.7816e+00
5.7790e+00
5.7765e+00
5.7713e+00
5.7573e+00
5.7522e+00
5.7548e+00
5.7522e+00
5.7484e+00
5.7369e+00
5.7203e+00
5.7152e+00
5.7178e+00
5.7101e+00
5.7037e+00
5.7088e+00
5.7024e+00
5.6935e+00
5.6846e+00
5.6807e+00
5.6794e+00
5.6692e+00
5.6718e+00
5.6667e+00
5.6577e+00
5.6450e+00
5.6437e+00
5.6411e+00
5.6296e+00
5.6220e+00
5.6169e+00
5.6079e+00
5.6054e+00
5.6002e+00
5.5964e+00
5.5926e+00
5.5849e+00
5.5836e+00
5.5734e+00
5.5696e+00
5.5696e+00
5.5581e+00
5.5517e+00
5.5491e+00
5.5478e+00
5.5389e+00
5.5261e+00
5.5261e+00
5.5248e+00
5.5223e+00
5.5171e+00
5.5120e+00
5.5031e+00
5.4928e+00
5.4916e+00
5.4800e+00
5.4775e+00
5.4685e+00
5.4672e+00
5.4621e+00
5.4583e+00
5.4506e+00
5.4404e+00
5.4340e+00
5.4288e+00
5.4276e+00
5.4263e+00
5.4173e+00
5.4135e+00
5.4045e+00
5.3968e+00
5.3904e+00
5.3892e+00
5.3776e+00
5.3763e+00
5.3828e+00
5.3738e+00
5.3610e+00
5.3546e+00
5.3533e+00
5.3443e+00
5.3405e+00
5.3379e+00
5.3289e+00
5.3174e+00
5.3136e+00
5.3200e+00
5.3072e+00
5.2995e+00
5.2918e+00
5.2892e+00
5.2867e+00
5.2841e+00
5.2790e+00
5.2751e+00
5.2687e+00
5.2623e+00
5.2559e+00
5.2520e+00
5.2533e+00
5.2456e+00
5.2418e+00
5.2392e+00
5.2341e+00
5.2315e+00
5.2328e+00
5.2251e+00
5.2225e+00
5.2200e+00
5.2136e+00
5.2097e+00
5.2059e+00
5.2020e+00
5.1943e+00
5.1866e+00
5.1789e+00
5.1776e+00
5.1725e+00
5.1648e+00
5.1674e+00
5.1622e+00
5.1507e+00
5.1545e+00
5.1455e+00
5.1404e+00
5.1353e+00
5.1340e+00
5.1314e+00
5.1224e+00
5.1173e+00
5.1122e+00
5.1070e+00
5.0993e+00
5.0942e+00
5.0890e+00
5.0890e+00
5.0852e+00
5.0762e+00
5.0711e+00
5.0736e+00
5.0659e+00
5.0556e+00
5.0544e+00
5.0531e+00
5.0428e+00
5.0415e+00
5.0441e+00
5.0274e+00
5.0171e+00
5.0132e+00
5.0094e+00
5.0055e+00
4.9952e+00
4.9939e+00
4.9837e+00
4.9759e+00
4.9798e+00
4.9759e+00
4.9759e+00
4.9631e+00
4.9541e+00
4.9477e+00
4.9464e+00
4.9438e+00
4.9374e+00
4.9309e+00
4.9206e+00
4.9193e+00
4.9232e+00
4.9142e+00
4.9078e+00
4.9052e+00
4.8975e+00
4.8923e+00
4.8859e+00
4.8846e+00
4.8820e+00
4.8795e+00
4.8743e+00
4.8704e+00
4.8666e+00
4.8640e+00
4.8550e+00
4.8447e+00
4.8383e+00
4.8370e+00
4.8305e+00
4.8215e+00
4.8228e+00
4.8164e+00
4.8125e+00
4.8035e+00
4.7983e+00
4.7932e+00
4.7880e+00
4.7842e+00
4.7829e+00
4.7751e+00
4.7648e+00
4.7610e+00
4.7558e+00
4.7481e+00
4.7404e+00
4.7378e+00
4.7326e+00
4.7326e+00
4.7288e+00
4.7210e+00
4.7146e+00
4.7146e+00
4.7107e+00
4.7004e+00
4.6952e+00
4.6965e+00
4.6914e+00
4.6785e+00
4.6707e+00
4.6617e+00
4.6604e+00
4.6604e+00
4.6501e+00
4.6501e+00
4.6436e+00
4.6256e+00
4.6243e+00
4.6191e+00
4.6165e+00
4.6127e+00
4.6075e+00
4.5959e+00
4.5946e+00
4.5946e+00
4.5843e+00
4.5765e+00
4.5688e+00
4.5675e+00
4.5636e+00
4.5649e+00
4.5559e+00
4.5494e+00
4.5404e+00
4.5352e+00
4.5313e+00
4.5236e+00
4.5223e+00
4.5184e+00
4.5094e+00
4.5107e+00
4.5003e+00
4.4900e+00
4.4913e+00
4.4822e+00
4.4745e+00
4.4822e+00
4.4797e+00
4.4719e+00
4.4603e+00
4.4499e+00
4.4499e+00
4.4512e+00
4.4448e+00
4.4370e+00
4.4396e+00
4.4370e+00
4.4344e+00
4.4280e+00
4.4215e+00
4.4137e+00
4.4060e+00
4.3995e+00
4.3956e+00
4.3982e+00
4.3995e+00
4.3956e+00
4.3892e+00
4.3892e+00
4.3905e+00
4.3931e+00
4.3879e+00
4.3931e+00
4.3905e+00
4.3969e+00
4.3982e+00
4.4008e+00
4.3956e+00
4.4047e+00
4.4099e+00
4.4124e+00
4.4034e+00
4.4202e+00
4.4150e+00
4.4086e+00
4.4215e+00
4.4318e+00
4.4280e+00
4.4357e+00
4.4344e+00
4.4370e+00
4.4383e+00
4.4422e+00
4.4422e+00
4.4474e+00
4.4461e+00
4.4486e+00
4.4512e+00
4.4486e+00
4.4486e+00
4.4461e+00
4.4396e+00
4.4396e+00
4.4370e+00
4.4306e+00
4.4254e+00
4.4241e+00
4.4267e+00
4.4202e+00
4.4176e+00
4.4150e+00
4.4047e+00
4.4034e+00
4.3969e+00
4.3892e+00
4.3840e+00
4.3749e+00
4.3685e+00
4.3568e+00
4.3530e+00
4.3452e+00
4.3361e+00
4.3284e+00
4.3219e+00
4.3115e+00
4.3038e+00
4.2960e+00
4.2857e+00
4.2792e+00
4.2753e+00
4.2623e+00
4.2494e+00
4.2468e+00
4.2416e+00
4.2313e+00
4.2300e+00
4.2235e+00
4.2157e+00
4.2131e+00
4.2092e+00
4.2002e+00
4.1911e+00
4.1911e+00
4.1885e+00
4.1781e+00
4.1613e+00
4.1626e+00
4.1626e+00
4.1457e+00
4.1444e+00
4.1393e+00
4.1354e+00
4.1250e+00
4.1185e+00
4.1185e+00
4.1133e+00
4.1055e+00
4.1029e+00
4.1016e+00
4.0952e+00
4.0887e+00
4.0822e+00
4.0809e+00
4.0809e+00
4.0705e+00
4.0627e+00
4.0640e+00
4.0614e+00
4.0562e+00
4.0562e+00
4.0549e+00
4.0536e+00
4.0510e+00
4.0498e+00
4.0420e+00
4.0355e+00
4.0316e+00
4.0264e+00
4.0290e+00
4.0238e+00
4.0173e+00
4.0121e+00
4.0017e+00
4.0056e+00
4.0004e+00
3.9913e+00
3.9823e+00
3.9784e+00
3.9745e+00
3.9667e+00
3.9589e+00
3.9589e+00
3.9537e+00
3.9498e+00
3.9420e+00
3.9342e+00
3.9277e+00
3.9225e+00
3.9173e+00
3.9095e+00
3.9017e+00
3.8939e+00
3.8861e+00
3.8874e+00
3.8783e+00
3.8653e+00
3.8627e+00
3.8614e+00
3.8510e+00
3.8393e+00
3.8315e+00
3.8315e+00
3.8263e+00
3.8185e+00
3.8120e+00
3.8029e+00
3.7912e+00
3.7925e+00
3.7782e+00
3.7704e+00
3.7587e+00
3.7548e+00
3.7509e+00
3.7456e+00
3.7430e+00
3.7378e+00
3.7287e+00
3.7261e+00
3.7196e+00
3.7170e+00
3.7144e+00
3.7040e+00
3.6884e+00
3.6858e+00
3.6819e+00
3.6714e+00
3.6649e+00
3.6623e+00
3.6584e+00
3.6454e+00
3.6363e+00
3.6284e+00
3.6232e+00
3.6219e+00
3.6180e+00
3.6102e+00
3.6037e+00
3.5933e+00
3.5933e+00
3.5880e+00
3.5750e+00
3.5737e+00
3.5659e+00
3.5581e+00
3.5489e+00
3.5450e+00
3.5424e+00
3.5294e+00
3.5215e+00
3.5176e+00
3.5085e+00
3.4994e+00
3.5007e+00
3.4994e+00
3.4889e+00
3.4772e+00
3.4759e+00
3.4628e+00
3.4576e+00
3.4602e+00
3.4537e+00
3.4432e+00
3.4302e+00
3.4250e+00
3.4302e+00
3.4197e+00
3.4119e+00
3.4041e+00
3.4028e+00
3.4015e+00
3.3949e+00
3.3871e+00
3.3871e+00
3.3793e+00
3.3701e+00
3.3675e+00
3.3557e+00
3.3505e+00
3.3479e+00
3.3466e+00
3.3335e+00
3.3283e+00
3.3231e+00
3.3205e+00
3.3152e+00
3.3061e+00
3.2969e+00
3.2982e+00
3.2943e+00
3.2904e+00
3.2878e+00
3.2826e+00
3.2760e+00
3.2760e+00
3.2708e+00
3.2656e+00
3.2669e+00
3.2603e+00
3.2499e+00
3.2525e+00
3.2499e+00
3.2499e+00
3.2472e+00
3.2472e+00
3.2407e+00
3.2329e+00
3.2355e+00
3.2315e+00
3.2145e+00
3.2145e+00
3.2106e+00
3.2106e+00
3.2041e+00
3.2028e+00
3.2028e+00
3.2028e+00
3.2028e+00
3.1975e+00
3.1910e+00
3.1936e+00
3.1897e+00
3.1871e+00
3.1818e+00
3.1831e+00
3.1844e+00
3.1805e+00
3.1753e+00
3.1740e+00
3.1661e+00
3.1543e+00
3.1530e+00
3.1543e+00
3.1504e+00
3.1517e+00
3.1543e+00
3.1557e+00
3.1491e+00
3.1399e+00
3.1373e+00
3.1413e+00
3.1321e+00
3.1242e+00
3.1190e+00
3.1151e+00
3.1059e+00
3.1059e+00
3.0993e+00
3.0902e+00
3.0876e+00
3.0823e+00
3.0758e+00
3.0679e+00
3.0535e+00
3.0574e+00
3.0627e+00
3.0496e+00
3.0456e+00
3.0469e+00
3.0404e+00
3.0338e+00
3.0312e+00
3.0220e+00
3.0142e+00
3.0102e+00
3.0063e+00
2.9984e+00
2.9945e+00
2.9932e+00
2.9893e+00
2.9814e+00
2.9748e+00
2.9735e+00
2.9643e+00
2.9552e+00
2.9525e+00
2.9552e+00
2.9499e+00
2.9486e+00
2.9394e+00
2.9342e+00
2.9342e+00
2.9250e+00
2.9145e+00
2.9066e+00
2.9066e+00
2.9014e+00
2.8935e+00
2.8896e+00
2.8843e+00
2.8804e+00
2.8738e+00
2.8686e+00
2.8620e+00
2.8541e+00
2.8567e+00
2.8515e+00
2.8397e+00
2.8423e+00
2.8371e+00
2.8305e+00
2.8279e+00
2.8160e+00
2.8121e+00
2.8042e+00
2.7963e+00
2.7950e+00
2.7885e+00
2.7871e+00
2.7806e+00
2.7727e+00
2.7622e+00
2.7582e+00
2.7543e+00
2.7503e+00
2.7438e+00
2.7333e+00
2.7319e+00
2.7267e+00
2.7201e+00
2.7135e+00
2.7135e+00
2.7083e+00
2.6991e+00
2.6978e+00
2.6912e+00
2.6807e+00
2.6859e+00
2.6794e+00
2.6675e+00
2.6649e+00
2.6662e+00
2.6636e+00
2.6583e+00
2.6517e+00
2.6452e+00
2.6412e+00
2.6280e+00
2.6254e+00
2.6254e+00
2.6149e+00
2.6057e+00
2.6030e+00
2.5965e+00
2.5965e+00
2.5912e+00
2.5846e+00
2.5767e+00
2.5649e+00
2.5622e+00
2.5596e+00
2.5557e+00
2.5530e+00
2.5491e+00
2.5478e+00
2.5425e+00
2.5319e+00
2.5267e+00
2.5227e+00
2.5214e+00
2.5161e+00
2.5188e+00
2.5122e+00
2.5043e+00
2.5030e+00
2.4977e+00
2.4872e+00
2.4779e+00
2.4832e+00
2.4753e+00
2.4661e+00
2.4621e+00
2.4621e+00
2.4542e+00
2.4489e+00
2.4516e+00
2.4437e+00
2.4397e+00
2.4371e+00
2.4252e+00
2.4213e+00
2.4186e+00
2.4107e+00
2.4015e+00
2.4002e+00
2.3988e+00
2.3975e+00
2.3936e+00
2.3830e+00
2.3883e+00
2.3791e+00
2.3751e+00
2.3725e+00
2.3672e+00
2.3619e+00
2.3698e+00
2.3659e+00
2.3645e+00
2.3566e+00
2.3527e+00
2.3514e+00
2.3474e+00
2.3540e+00
2.3553e+00
2.3500e+00
2.3448e+00
2.3434e+00
2.3461e+00
2.3527e+00
2.3566e+00
2.3579e+00
2.3593e+00
2.3672e+00
2.3698e+00
2.3672e+00
2.3777e+00
2.3883e+00
2.3909e+00
2.3896e+00
2.3922e+00
2.3962e+00
2.4041e+00
2.4094e+00
2.4147e+00
2.4199e+00
2.4199e+00
2.4239e+00
2.4265e+00
2.4265e+00
2.4252e+00
2.4292e+00
2.4305e+00
2.4252e+00
2.4186e+00
2.4252e+00
2.4173e+00
2.4147e+00
2.4160e+00
2.4160e+00
2.4054e+00
2.4041e+00
2.4028e+00
2.3975e+00
2.3896e+00
2.3870e+00
2.3830e+00
2.3777e+00
2.3738e+00
2.3764e+00
2.3764e+00
2.3711e+00
2.3619e+00
2.3540e+00
2.3500e+00
2.3421e+00
2.3487e+00
2.3500e+00
2.3368e+00
2.3223e+00
2.3170e+00
2.3131e+00
2.3065e+00
2.2972e+00
2.2972e+00
2.2867e+00
2.2748e+00
2.2735e+00
2.2656e+00
2.2590e+00
2.2550e+00
2.2484e+00
2.2391e+00
2.2286e+00
2.2246e+00
2.2193e+00
2.2127e+00
2.2022e+00
2.1982e+00
2.1942e+00
2.1823e+00
2.1797e+00
2.1744e+00
2.1652e+00
2.1559e+00
2.1533e+00
2.1546e+00
2.1440e+00
2.1466e+00
2.1387e+00
2.1242e+00
2.1202e+00
2.1176e+00
2.1109e+00
2.1057e+00
2.1030e+00
2.0951e+00
2.0832e+00
2.0805e+00
2.0779e+00
2.0660e+00
2.0633e+00
2.0527e+00
2.0501e+00
2.0435e+00
2.0369e+00
2.0355e+00
2.0223e+00
2.0091e+00
2.0064e+00
2.0051e+00
2.0011e+00
1.9919e+00
1.9826e+00
1.9839e+00
1.9760e+00
1.9680e+00
1.9640e+00
1.9534e+00
1.9468e+00
1.9442e+00
1.9296e+00
1.9283e+00
1.9283e+00
1.9256e+00
1.9217e+00
1.9124e+00
1.9124e+00
1.9097e+00
1.8965e+00
1.8965e+00
1.8885e+00
1.8739e+00
1.8726e+00
1.8633e+00
1.8673e+00
1.8607e+00
1.8527e+00
1.8474e+00
1.8382e+00
1.8275e+00
1.8289e+00
1.8249e+00
1.8156e+00
1.8116e+00
1.8077e+00
1.8063e+00
1.8050e+00
1.7957e+00
1.7851e+00
1.7851e+00
1.7811e+00
1.7758e+00
1.7692e+00
1.7705e+00
1.7639e+00
1.7506e+00
1.7440e+00
1.7400e+00
1.7360e+00
1.7294e+00
1.7241e+00
1.7280e+00
1.7174e+00
1.7134e+00
1.7134e+00
1.7002e+00
1.6962e+00
1.6922e+00
1.6829e+00
1.6802e+00
1.6816e+00
1.6789e+00
1.6709e+00
1.6656e+00
1.6590e+00
1.6523e+00
1.6523e+00
1.6510e+00
1.6444e+00
1.6377e+00
1.6337e+00
1.6311e+00
1.6271e+00
1.6231e+00
1.6151e+00
1.6178e+00
1.6165e+00
1.6072e+00
1.5992e+00
1.5912e+00
1.5793e+00
1.5753e+00
1.5713e+00
1.5713e+00
1.5686e+00
1.5646e+00
1.5620e+00
1.5540e+00
1.5527e+00
1.5474e+00
1.5380e+00
1.5301e+00
1.5301e+00
1.5194e+00
1.5088e+00
1.5048e+00
1.5048e+00
1.4995e+00
1.4915e+00
1.4875e+00
1.4875e+00
1.4769e+00
1.4662e+00
1.4662e+00
1.4649e+00
1.4609e+00
1.4556e+00
1.4462e+00
1.4343e+00
1.4303e+00
1.4343e+00
1.4303e+00
1.4236e+00
1.4156e+00
1.4103e+00
1.4076e+00
1.3930e+00
1.3863e+00
1.3877e+00
1.3783e+00
1.3743e+00
1.3624e+00
1.3610e+00
1.3584e+00
1.3477e+00
1.3397e+00
1.3370e+00
1.3370e+00
1.3290e+00
1.3224e+00
1.3184e+00
1.3117e+00
1.3077e+00
1.2997e+00
1.2891e+00
1.2917e+00
1.2904e+00
1.2811e+00
1.2757e+00
1.2744e+00
1.2637e+00
1.2557e+00
1.2544e+00
1.2464e+00
1.2371e+00
1.2357e+00
1.2317e+00
1.2331e+00
1.2291e+00
1.2224e+00
1.2184e+00
1.2064e+00
1.1997e+00
1.1917e+00
1.1917e+00
1.1837e+00
1.1797e+00
1.1770e+00
1.1663e+00
1.1623e+00
1.1570e+00
1.1530e+00
1.1450e+00
1.1423e+00
1.1397e+00
1.1356e+00
1.1290e+00
1.1263e+00
1.1236e+00
1.1103e+00
1.1076e+00
1.1129e+00
1.1036e+00
1.0969e+00
1.0969e+00
1.0929e+00
1.0836e+00
1.0849e+00
1.0769e+00
1.0729e+00
1.0689e+00
1.0675e+00
1.0649e+00
1.0569e+00
1.0555e+00
1.0395e+00
1.0301e+00
1.0315e+00
1.0301e+00
1.0275e+00
1.0261e+00
1.0181e+00
1.0154e+00
1.0114e+00
1.0087e+00
1.0047e+00
9.9938e-01
9.9136e-01
9.8201e-01
9.7799e-01
9.7666e-01
9.7131e-01
9.6730e-01
9.6997e-01
9.6863e-01
9.5794e-01
9.4991e-01
9.4590e-01
9.4724e-01
9.4991e-01
9.4590e-01
9.3386e-01
9.2583e-01
9.2182e-01
9.2182e-01
9.0844e-01
9.0710e-01
9.0844e-01
9.0175e-01
8.9239e-01
8.8703e-01
8.8168e-01
8.7499e-01
8.7231e-01
8.6562e-01
8.5357e-01
8.5089e-01
8.5089e-01
8.4822e-01
8.4286e-01
8.3751e-01
8.3617e-01
8.3081e-01
8.2545e-01
8.2545e-01
8.2545e-01
8.0938e-01
8.0537e-01
8.0671e-01
7.9733e-01
7.9331e-01
7.8795e-01
7.8126e-01
7.8126e-01
7.6920e-01
7.7188e-01
7.7188e-01
7.6384e-01
7.6518e-01
7.5982e-01
7.5848e-01
7.5178e-01
7.4776e-01
7.4508e-01
7.3704e-01
7.3302e-01
7.3302e-01
7.2632e-01
7.1291e-01
7.1291e-01
7.1425e-01
7.0219e-01
6.9414e-01
6.9414e-01
6.8476e-01
6.8476e-01
6.8074e-01
6.7537e-01
6.7269e-01
6.7269e-01
6.6330e-01
6.5391e-01
6.5391e-01
6.4855e-01
6.4050e-01
6.3514e-01
6.3111e-01
6.3379e-01
6.2574e-01
6.1769e-01
6.2172e-01
6.0964e-01
6.0428e-01
6.0025e-01
5.9622e-01
5.8951e-01
5.8280e-01
5.7609e-01
5.7072e-01
5.6804e-01
5.6401e-01
5.5730e-01
5.5461e-01
5.4656e-01
5.3716e-01
5.3850e-01
5.3313e-01
5.2776e-01
5.1836e-01
5.1701e-01
5.1030e-01
5.1164e-01
5.1030e-01
5.0493e-01
4.9149e-01
4.8881e-01
4.8881e-01
4.7940e-01
4.7000e-01
4.7403e-01
4.6597e-01
4.5790e-01
4.5656e-01
4.4984e-01
4.4850e-01
4.4043e-01
4.3371e-01
4.3102e-01
4.2699e-01
4.1758e-01
4.0683e-01
4.0952e-01
4.0414e-01
3.9338e-01
3.9338e-01
3.9069e-01
3.7859e-01
3.8128e-01
3.7455e-01
3.7052e-01
3.6917e-01
3.6514e-01
3.6110e-01
3.5841e-01
3.4900e-01
3.4093e-01
3.3554e-01
3.3151e-01
3.2747e-01
3.2747e-01
3.2074e-01
3.1940e-01
3.1671e-01
3.0998e-01
3.0998e-01
3.0056e-01
2.9383e-01
2.8979e-01
2.8306e-01
2.7902e-01
2.7498e-01
2.6960e-01
2.6556e-01
2.6287e-01
2.5614e-01
2.4671e-01
2.4536e-01
2.3998e-01
2.3594e-01
2.3459e-01
2.2651e-01
2.2651e-01
2.2382e-01
2.1574e-01
2.0765e-01
2.0361e-01
1.9822e-01
1.9822e-01
1.9418e-01
1.8879e-01
1.8745e-01
1.8340e-01
1.7667e-01
1.7397e-01
1.6454e-01
1.6589e-01
1.6050e-01
1.4971e-01
1.4432e-01
1.3758e-01
1.3489e-01
1.2141e-01
1.1601e-01
1.1332e-01
1.0927e-01
1.0253e-01
9.9833e-02
9.1742e-02
9.0394e-02
8.9045e-02
7.6907e-02
6.8814e-02
6.4768e-02
6.6116e-02
5.6674e-02
4.3183e-02
4.1834e-02
4.7230e-02
4.1834e-02
3.5087e-02
2.2943e-02
1.4846e-02
1.4846e-02
1.0797e-02
0000
0000
