3.2813e+00
3.2645e+00
3.2448e+00
3.2364e+00
3.2196e+00
3.2013e+00
3.1859e+00
3.1747e+00
3.1592e+00
3.1438e+00
3.1311e+00
3.1213e+00
3.1087e+00
3.1016e+00
3.0932e+00
3.0792e+00
3.0735e+00
3.0609e+00
3.0511e+00
3.0412e+00
3.0286e+00
3.0243e+00
3.0117e+00
3.0033e+00
2.9976e+00
2.9850e+00
2.9779e+00
2.9765e+00
2.9709e+00
2.9639e+00
2.9568e+00
2.9442e+00
2.9371e+00
2.9343e+00
2.9245e+00
2.9174e+00
2.9146e+00
2.9034e+00
2.8977e+00
2.8907e+00
2.8837e+00
2.8752e+00
2.8696e+00
2.8597e+00
2.8555e+00
2.8499e+00
2.8400e+00
2.8316e+00
2.8330e+00
2.8231e+00
2.8161e+00
2.8090e+00
2.7907e+00
2.7949e+00
2.7879e+00
2.7794e+00
2.7738e+00
2.7597e+00
2.7541e+00
2.7527e+00
2.7470e+00
2.7372e+00
2.7343e+00
2.7301e+00
2.7245e+00
2.7174e+00
2.7104e+00
2.7033e+00
2.6977e+00
2.6935e+00
2.6920e+00
2.6779e+00
2.6751e+00
2.6779e+00
2.6751e+00
2.6610e+00
2.6582e+00
2.6554e+00
2.6582e+00
2.6554e+00
2.6540e+00
2.6483e+00
2.6413e+00
2.6384e+00
2.6370e+00
2.6300e+00
2.6272e+00
2.6215e+00
2.6145e+00
2.6060e+00
2.6032e+00
2.6017e+00
2.6017e+00
2.5933e+00
2.5820e+00
2.5721e+00
2.5707e+00
2.5650e+00
2.5566e+00
2.5608e+00
2.5580e+00
2.5481e+00
2.5552e+00
2.5523e+00
2.5425e+00
2.5382e+00
2.5354e+00
2.5241e+00
2.5227e+00
2.5213e+00
2.5213e+00
2.5128e+00
2.5001e+00
2.5057e+00
2.5029e+00
2.4958e+00
2.4874e+00
2.4859e+00
2.4845e+00
2.4831e+00
2.4859e+00
2.4817e+00
2.4874e+00
2.4831e+00
2.4902e+00
2.4845e+00
2.4888e+00
2.4845e+00
2.4944e+00
2.4958e+00
2.5086e+00
2.5114e+00
2.5199e+00
2.5057e+00
2.5170e+00
2.5142e+00
2.5241e+00
2.5184e+00
2.5312e+00
2.5241e+00
2.5326e+00
2.5283e+00
2.5396e+00
2.5439e+00
2.5396e+00
2.5410e+00
2.5453e+00
2.5312e+00
2.5312e+00
2.5382e+00
2.5410e+00
2.5354e+00
2.5368e+00
2.5297e+00
2.5283e+00
2.5283e+00
2.5312e+00
2.5184e+00
2.5184e+00
2.5128e+00
2.5114e+00
2.5071e+00
2.5043e+00
2.5001e+00
2.5071e+00
2.4987e+00
2.4972e+00
2.4958e+00
2.4930e+00
2.4859e+00
2.4874e+00
2.4775e+00
2.4761e+00
2.4746e+00
2.4662e+00
2.4662e+00
2.4577e+00
2.4563e+00
2.4534e+00
2.4492e+00
2.4435e+00
2.4407e+00
2.4407e+00
2.4379e+00
2.4322e+00
2.4252e+00
2.4153e+00
2.4110e+00
2.4124e+00
2.4110e+00
2.4054e+00
2.4082e+00
2.4025e+00
2.3941e+00
2.3926e+00
2.3926e+00
2.3898e+00
2.3870e+00
2.3799e+00
2.3771e+00
2.3799e+00
2.3743e+00
2.3714e+00
2.3658e+00
2.3530e+00
2.3545e+00
2.3446e+00
2.3389e+00
2.3375e+00
2.3346e+00
2.3262e+00
2.3262e+00
2.3162e+00
2.3162e+00
2.3177e+00
2.3106e+00
2.3021e+00
2.2993e+00
2.2950e+00
2.2908e+00
2.2879e+00
2.2879e+00
2.2794e+00
2.2752e+00
2.2766e+00
2.2695e+00
2.2625e+00
2.2639e+00
2.2596e+00
2.2497e+00
2.2469e+00
2.2469e+00
2.2469e+00
2.2384e+00
2.2327e+00
2.2370e+00
2.2228e+00
2.2186e+00
2.2171e+00
2.2129e+00
2.1987e+00
2.2001e+00
2.1987e+00
2.1888e+00
2.1817e+00
2.1817e+00
2.1775e+00
2.1760e+00
2.1732e+00
2.1675e+00
2.1661e+00
2.1675e+00
2.1619e+00
2.1548e+00
2.1548e+00
2.1434e+00
2.1335e+00
2.1392e+00
2.1321e+00
2.1250e+00
2.1250e+00
2.1208e+00
2.1222e+00
2.1179e+00
2.1222e+00
2.1236e+00
2.1094e+00
2.1108e+00
2.1037e+00
2.1052e+00
2.0995e+00
2.0938e+00
2.0881e+00
2.0881e+00
2.0853e+00
2.0811e+00
2.0825e+00
2.0839e+00
2.0782e+00
2.0740e+00
2.0711e+00
2.0683e+00
2.0669e+00
2.0655e+00
2.0612e+00
2.0569e+00
2.0498e+00
2.0413e+00
2.0456e+00
2.0470e+00
2.0385e+00
2.0428e+00
2.0428e+00
2.0357e+00
2.0342e+00
2.0271e+00
2.0286e+00
2.0229e+00
2.0130e+00
2.0200e+00
2.0073e+00
2.0115e+00
2.0115e+00
2.0073e+00
2.0030e+00
2.0016e+00
1.9931e+00
1.9888e+00
1.9888e+00
1.9917e+00
1.9846e+00
1.9888e+00
1.9888e+00
1.9874e+00
1.9817e+00
1.9846e+00
1.9775e+00
1.9746e+00
1.9803e+00
1.9789e+00
1.9746e+00
1.9760e+00
1.9689e+00
1.9675e+00
1.9704e+00
1.9732e+00
1.9760e+00
1.9689e+00
1.9590e+00
1.9633e+00
1.9590e+00
1.9590e+00
1.9562e+00
1.9576e+00
1.9533e+00
1.9562e+00
1.9519e+00
1.9491e+00
1.9462e+00
1.9448e+00
1.9405e+00
1.9391e+00
1.9363e+00
1.9420e+00
1.9391e+00
1.9292e+00
1.9306e+00
1.9306e+00
1.9263e+00
1.9207e+00
1.9207e+00
1.9249e+00
1.9178e+00
1.9207e+00
1.9164e+00
1.9192e+00
1.9178e+00
1.9079e+00
1.9164e+00
1.9136e+00
1.9008e+00
1.9079e+00
1.8951e+00
1.8951e+00
1.8951e+00
1.8951e+00
1.8894e+00
1.8851e+00
1.8851e+00
1.8795e+00
1.8780e+00
1.8738e+00
1.8610e+00
1.8638e+00
1.8681e+00
1.8624e+00
1.8638e+00
1.8581e+00
1.8553e+00
1.8539e+00
1.8453e+00
1.8482e+00
1.8482e+00
1.8368e+00
1.8325e+00
1.8340e+00
1.8254e+00
1.8311e+00
1.8325e+00
1.8283e+00
1.8226e+00
1.8169e+00
1.8198e+00
1.8155e+00
1.8027e+00
1.8084e+00
1.7984e+00
1.8041e+00
1.8041e+00
1.8055e+00
1.7970e+00
1.7942e+00
1.7927e+00
1.7899e+00
1.7785e+00
1.7942e+00
1.7885e+00
1.7856e+00
1.7828e+00
1.7899e+00
1.7828e+00
1.7856e+00
1.7828e+00
1.7842e+00
1.7799e+00
1.7757e+00
1.7799e+00
1.7828e+00
1.7700e+00
1.7728e+00
1.7742e+00
1.7757e+00
1.7742e+00
1.7657e+00
1.7671e+00
1.7700e+00
1.7657e+00
1.7714e+00
1.7586e+00
1.7600e+00
1.7614e+00
1.7600e+00
1.7543e+00
1.7543e+00
1.7501e+00
1.7501e+00
1.7486e+00
1.7486e+00
1.7429e+00
1.7501e+00
1.7543e+00
1.7429e+00
1.7415e+00
1.7387e+00
1.7358e+00
1.7330e+00
1.7344e+00
1.7316e+00
1.7230e+00
1.7188e+00
1.7188e+00
1.7188e+00
1.7230e+00
1.7145e+00
1.7102e+00
1.6988e+00
1.6974e+00
1.7031e+00
1.6903e+00
1.6874e+00
1.6874e+00
1.6846e+00
1.6803e+00
1.6846e+00
1.6817e+00
1.6746e+00
1.6746e+00
1.6689e+00
1.6618e+00
1.6575e+00
1.6575e+00
1.6533e+00
1.6504e+00
1.6476e+00
1.6461e+00
1.6490e+00
1.6476e+00
1.6419e+00
1.6461e+00
1.6461e+00
1.6433e+00
1.6433e+00
1.6390e+00
1.6362e+00
1.6362e+00
1.6305e+00
1.6333e+00
1.6290e+00
1.6219e+00
1.6290e+00
1.6219e+00
1.6148e+00
1.6162e+00
1.6148e+00
1.6120e+00
1.6148e+00
1.6077e+00
1.6048e+00
1.6063e+00
1.6006e+00
1.5991e+00
1.6048e+00
1.6091e+00
1.6020e+00
1.5963e+00
1.5920e+00
1.5892e+00
1.5949e+00
1.5949e+00
1.5863e+00
1.5906e+00
1.5934e+00
1.5906e+00
1.5863e+00
1.5849e+00
1.5906e+00
1.5892e+00
1.5820e+00
1.5906e+00
1.5820e+00
1.5692e+00
1.5749e+00
1.5678e+00
1.5706e+00
1.5621e+00
1.5621e+00
1.5592e+00
1.5621e+00
1.5592e+00
1.5621e+00
1.5550e+00
1.5578e+00
1.5592e+00
1.5678e+00
1.5607e+00
1.5621e+00
1.5578e+00
1.5607e+00
1.5564e+00
1.5564e+00
1.5521e+00
1.5607e+00
1.5564e+00
1.5535e+00
1.5493e+00
1.5592e+00
1.5550e+00
1.5564e+00
1.5649e+00
1.5706e+00
1.5607e+00
1.5649e+00
1.5592e+00
1.5635e+00
1.5621e+00
1.5592e+00
1.5564e+00
1.5592e+00
1.5607e+00
1.5635e+00
1.5578e+00
1.5578e+00
1.5535e+00
1.5493e+00
1.5535e+00
1.5564e+00
1.5478e+00
1.5535e+00
1.5521e+00
1.5436e+00
1.5478e+00
1.5521e+00
1.5464e+00
1.5364e+00
1.5350e+00
1.5350e+00
1.5321e+00
1.5264e+00
1.5279e+00
1.5250e+00
1.5250e+00
1.5236e+00
1.5193e+00
1.5165e+00
1.5122e+00
1.5079e+00
1.5108e+00
1.5079e+00
1.4993e+00
1.4936e+00
1.5022e+00
1.5065e+00
1.5051e+00
1.5022e+00
1.5079e+00
1.4979e+00
1.4965e+00
1.4951e+00
1.4894e+00
1.4894e+00
1.4894e+00
1.4865e+00
1.4922e+00
1.4865e+00
1.4851e+00
1.4837e+00
1.4780e+00
1.4737e+00
1.4808e+00
1.4694e+00
1.4765e+00
1.4765e+00
1.4623e+00
1.4608e+00
1.4594e+00
1.4537e+00
1.4537e+00
1.4551e+00
1.4523e+00
1.4394e+00
1.4323e+00
1.4337e+00
1.4352e+00
1.4323e+00
1.4309e+00
1.4237e+00
1.4294e+00
1.4237e+00
1.4237e+00
1.4195e+00
1.4137e+00
1.4166e+00
1.4137e+00
1.3980e+00
1.3966e+00
1.4009e+00
1.3995e+00
1.3966e+00
1.3952e+00
1.3881e+00
1.3866e+00
1.3752e+00
1.3738e+00
1.3766e+00
1.3681e+00
1.3738e+00
1.3738e+00
1.3666e+00
1.3681e+00
1.3638e+00
1.3624e+00
1.3595e+00
1.3509e+00
1.3481e+00
1.3524e+00
1.3481e+00
1.3466e+00
1.3466e+00
1.3509e+00
1.3466e+00
1.3452e+00
1.3366e+00
1.3466e+00
1.3466e+00
1.3324e+00
1.3252e+00
1.3266e+00
1.3295e+00
1.3309e+00
1.3238e+00
1.3281e+00
1.3209e+00
1.3138e+00
1.3195e+00
1.3166e+00
1.3166e+00
1.3166e+00
1.3181e+00
1.3195e+00
1.3109e+00
1.3109e+00
1.3109e+00
1.3052e+00
1.3024e+00
1.2981e+00
1.2966e+00
1.2981e+00
1.2952e+00
1.2952e+00
1.2924e+00
1.2952e+00
1.2909e+00
1.2866e+00
1.2852e+00
1.2838e+00
1.2866e+00
1.2824e+00
1.2766e+00
1.2795e+00
1.2809e+00
1.2809e+00
1.2738e+00
1.2766e+00
1.2766e+00
1.2724e+00
1.2766e+00
1.2709e+00
1.2724e+00
1.2766e+00
1.2724e+00
1.2738e+00
1.2781e+00
1.2809e+00
1.2809e+00
1.2852e+00
1.2895e+00
1.2895e+00
1.2895e+00
1.2938e+00
1.2952e+00
1.2938e+00
1.2938e+00
1.3038e+00
1.3009e+00
1.3009e+00
1.3052e+00
1.3109e+00
1.3052e+00
1.3124e+00
1.3152e+00
1.3166e+00
1.3209e+00
1.3224e+00
1.3238e+00
1.3295e+00
1.3224e+00
1.3281e+00
1.3295e+00
1.3209e+00
1.3281e+00
1.3266e+00
1.3281e+00
1.3252e+00
1.3238e+00
1.3266e+00
1.3224e+00
1.3166e+00
1.3181e+00
1.3152e+00
1.3195e+00
1.3195e+00
1.3195e+00
1.3181e+00
1.3181e+00
1.3195e+00
1.3124e+00
1.3081e+00
1.3124e+00
1.3138e+00
1.3052e+00
1.3052e+00
1.3038e+00
1.3009e+00
1.3009e+00
1.3009e+00
1.2966e+00
1.2909e+00
1.2909e+00
1.2895e+00
1.2924e+00
1.2838e+00
1.2881e+00
1.2866e+00
1.2795e+00
1.2752e+00
1.2738e+00
1.2709e+00
1.2681e+00
1.2652e+00
1.2666e+00
1.2581e+00
1.2566e+00
1.2609e+00
1.2566e+00
1.2509e+00
1.2523e+00
1.2538e+00
1.2438e+00
1.2423e+00
1.2380e+00
1.2366e+00
1.2409e+00
1.2309e+00
1.2280e+00
1.2280e+00
1.2209e+00
1.2166e+00
1.2080e+00
1.2094e+00
1.2094e+00
1.2037e+00
1.2066e+00
1.1951e+00
1.1937e+00
1.1937e+00
1.1909e+00
1.1894e+00
1.1866e+00
1.1823e+00
1.1737e+00
1.1723e+00
1.1751e+00
1.1622e+00
1.1594e+00
1.1594e+00
1.1594e+00
1.1608e+00
1.1508e+00
1.1451e+00
1.1436e+00
1.1436e+00
1.1451e+00
1.1436e+00
1.1436e+00
1.1422e+00
1.1322e+00
1.1265e+00
1.1322e+00
1.1308e+00
1.1236e+00
1.1236e+00
1.1179e+00
1.1107e+00
1.1179e+00
1.1136e+00
1.1179e+00
1.1136e+00
1.1107e+00
1.1093e+00
1.1036e+00
1.0978e+00
1.0978e+00
1.0978e+00
1.0950e+00
1.0878e+00
1.0835e+00
1.0878e+00
1.0921e+00
1.0850e+00
1.0807e+00
1.0850e+00
1.0835e+00
1.0807e+00
1.0807e+00
1.0850e+00
1.0764e+00
1.0692e+00
1.0764e+00
1.0749e+00
1.0649e+00
1.0635e+00
1.0621e+00
1.0649e+00
1.0578e+00
1.0592e+00
1.0635e+00
1.0477e+00
1.0492e+00
1.0520e+00
1.0492e+00
1.0492e+00
1.0492e+00
1.0449e+00
1.0449e+00
1.0406e+00
1.0348e+00
1.0291e+00
1.0277e+00
1.0291e+00
1.0305e+00
1.0291e+00
1.0248e+00
1.0220e+00
1.0191e+00
1.0234e+00
1.0234e+00
1.0205e+00
1.0134e+00
1.0119e+00
1.0148e+00
1.0105e+00
1.0091e+00
1.0076e+00
9.9903e-01
1.0048e+00
9.9903e-01
9.9473e-01
9.9186e-01
9.8327e-01
9.8757e-01
9.8470e-01
9.8040e-01
9.8183e-01
9.8470e-01
9.8327e-01
9.8040e-01
9.7467e-01
9.7180e-01
9.6893e-01
9.6463e-01
9.6463e-01
9.6177e-01
9.6320e-01
9.6320e-01
9.6463e-01
9.5603e-01
9.5460e-01
9.5030e-01
9.4743e-01
9.5317e-01
9.5317e-01
9.4743e-01
9.4743e-01
9.4887e-01
9.4457e-01
9.3883e-01
9.4170e-01
9.3740e-01
9.2880e-01
9.3166e-01
9.1733e-01
9.2019e-01
9.1876e-01
9.1302e-01
9.0729e-01
9.0298e-01
9.0298e-01
9.0155e-01
8.9868e-01
8.9438e-01
8.9295e-01
8.9151e-01
8.8577e-01
8.8864e-01
8.8864e-01
8.8147e-01
8.7860e-01
8.7287e-01
8.7143e-01
8.7143e-01
8.7143e-01
8.5995e-01
8.5134e-01
8.5421e-01
8.5421e-01
8.5421e-01
8.5565e-01
8.4847e-01
8.4847e-01
8.4273e-01
8.4560e-01
8.4704e-01
8.3125e-01
8.3412e-01
8.3412e-01
8.2551e-01
8.1834e-01
8.1977e-01
8.1690e-01
8.1547e-01
8.1834e-01
8.1403e-01
8.1260e-01
8.1547e-01
8.1260e-01
8.0973e-01
8.0398e-01
7.9968e-01
8.0398e-01
7.9537e-01
7.8819e-01
7.9250e-01
7.9537e-01
7.9106e-01
7.9250e-01
7.9537e-01
7.8963e-01
7.8676e-01
7.8676e-01
7.8389e-01
7.8532e-01
7.7958e-01
7.8245e-01
7.7958e-01
7.6953e-01
7.7384e-01
7.7096e-01
7.6809e-01
7.6809e-01
7.6378e-01
7.5804e-01
7.5948e-01
7.5517e-01
7.5660e-01
7.5086e-01
7.4512e-01
7.4368e-01
7.4224e-01
7.4368e-01
7.4224e-01
7.4081e-01
7.3650e-01
7.3362e-01
7.3219e-01
7.3075e-01
7.3075e-01
7.2357e-01
7.2501e-01
7.2501e-01
7.2357e-01
7.2644e-01
7.2213e-01
7.1782e-01
7.1208e-01
7.1351e-01
7.1639e-01
7.0202e-01
7.1064e-01
7.0920e-01
7.0489e-01
7.0202e-01
6.9484e-01
6.8621e-01
6.8909e-01
6.9340e-01
6.9340e-01
6.8478e-01
6.8621e-01
6.8621e-01
6.8334e-01
6.8046e-01
6.7615e-01
6.8046e-01
6.8046e-01
6.7040e-01
6.7040e-01
6.7615e-01
6.7328e-01
6.6466e-01
6.6178e-01
6.5603e-01
6.5316e-01
6.5316e-01
6.4884e-01
6.5028e-01
6.4884e-01
6.4453e-01
6.4741e-01
6.4022e-01
6.4166e-01
6.3734e-01
6.3591e-01
6.3591e-01
6.3159e-01
6.1865e-01
6.1578e-01
6.2153e-01
6.2009e-01
6.2009e-01
6.2440e-01
6.2009e-01
6.1290e-01
6.1146e-01
6.1002e-01
6.0859e-01
6.0283e-01
6.0140e-01
6.0283e-01
5.9996e-01
5.9277e-01
5.8557e-01
5.8557e-01
5.8414e-01
5.8126e-01
5.7838e-01
5.7551e-01
5.7982e-01
5.7119e-01
5.6400e-01
5.7119e-01
5.6400e-01
5.6112e-01
5.5393e-01
5.4673e-01
5.4673e-01
5.4673e-01
5.4385e-01
5.4529e-01
5.4098e-01
5.3666e-01
5.3378e-01
5.3954e-01
5.3810e-01
5.3234e-01
5.2946e-01
5.2515e-01
5.2802e-01
5.2083e-01
5.1219e-01
5.1651e-01
5.1795e-01
5.1363e-01
5.1075e-01
5.0787e-01
5.0499e-01
5.0499e-01
5.0787e-01
5.0068e-01
4.9924e-01
4.9492e-01
4.9348e-01
5.0212e-01
4.8772e-01
4.8340e-01
4.8196e-01
4.8484e-01
4.8196e-01
4.7620e-01
4.7044e-01
4.7476e-01
4.7332e-01
4.7044e-01
4.6756e-01
4.6900e-01
4.7044e-01
4.7188e-01
4.6612e-01
4.6756e-01
4.6756e-01
4.6468e-01
4.6180e-01
4.5604e-01
4.5604e-01
4.6036e-01
4.5604e-01
4.5316e-01
4.5028e-01
4.4596e-01
4.4740e-01
4.4020e-01
4.4596e-01
4.5028e-01
4.4164e-01
4.4308e-01
4.3156e-01
4.3444e-01
4.3300e-01
4.3444e-01
4.3444e-01
4.3012e-01
4.2724e-01
4.2724e-01
4.2724e-01
4.2436e-01
4.2436e-01
4.2436e-01
4.1859e-01
4.2003e-01
4.2436e-01
4.1859e-01
4.2436e-01
4.2147e-01
4.2147e-01
4.2003e-01
4.1283e-01
4.0995e-01
4.0851e-01
4.1283e-01
4.1427e-01
4.1427e-01
4.1859e-01
4.1139e-01
4.1283e-01
4.0851e-01
4.1139e-01
4.0851e-01
3.9698e-01
4.0419e-01
3.9698e-01
3.9410e-01
3.9554e-01
3.9410e-01
3.9266e-01
3.9122e-01
3.8689e-01
3.7969e-01
3.7681e-01
3.7681e-01
3.8401e-01
3.7825e-01
3.7392e-01
3.7681e-01
3.7392e-01
3.6672e-01
3.6816e-01
3.6960e-01
3.6960e-01
3.6672e-01
3.6816e-01
3.5807e-01
3.5663e-01
3.6095e-01
3.5807e-01
3.5951e-01
3.7104e-01
3.6239e-01
3.6095e-01
3.5663e-01
3.5230e-01
3.5519e-01
3.4365e-01
3.4510e-01
3.4365e-01
3.4221e-01
3.3789e-01
3.3500e-01
3.2780e-01
3.2635e-01
3.2780e-01
3.2924e-01
3.2924e-01
3.2924e-01
3.2635e-01
3.2635e-01
3.2491e-01
3.1770e-01
3.1193e-01
3.1338e-01
3.1338e-01
3.1193e-01
3.1193e-01
3.0905e-01
3.0328e-01
3.0617e-01
3.0905e-01
3.0905e-01
3.0905e-01
3.0761e-01
3.1049e-01
3.0617e-01
3.0328e-01
3.1338e-01
3.0184e-01
2.9896e-01
2.9030e-01
2.9174e-01
2.8742e-01
2.8309e-01
2.8597e-01
2.9030e-01
2.8886e-01
2.8886e-01
2.8742e-01
2.8453e-01
2.8165e-01
2.7732e-01
2.7876e-01
2.7588e-01
2.7299e-01
2.7732e-01
2.7443e-01
2.6145e-01
2.6145e-01
2.6289e-01
2.5857e-01
2.6001e-01
2.6145e-01
2.5568e-01
2.5568e-01
2.5135e-01
2.5857e-01
2.5568e-01
2.4558e-01
2.4991e-01
2.4269e-01
2.3836e-01
2.3548e-01
2.3692e-01
2.4125e-01
2.3692e-01
2.3548e-01
2.2971e-01
2.2538e-01
2.3115e-01
2.2538e-01
2.2105e-01
2.2393e-01
2.2105e-01
2.1672e-01
2.1672e-01
2.1383e-01
2.1527e-01
2.1527e-01
2.1094e-01
2.0950e-01
2.0806e-01
2.0517e-01
2.1094e-01
2.1383e-01
2.0950e-01
2.0950e-01
2.0806e-01
2.0806e-01
2.1239e-01
1.9940e-01
2.0517e-01
2.0084e-01
1.9651e-01
1.9362e-01
1.9362e-01
1.8785e-01
1.8496e-01
1.8352e-01
1.8496e-01
1.8640e-01
1.8352e-01
1.8640e-01
1.8785e-01
1.8352e-01
1.7630e-01
1.7774e-01
1.8496e-01
1.7774e-01
1.7630e-01
1.7630e-01
1.6619e-01
1.6763e-01
1.7630e-01
1.7341e-01
1.7196e-01
1.7341e-01
1.6763e-01
1.6619e-01
1.6619e-01
1.7052e-01
1.7196e-01
1.5608e-01
1.5608e-01
1.4742e-01
1.4886e-01
1.5175e-01
1.4742e-01
1.4453e-01
1.5030e-01
1.5175e-01
1.4164e-01
1.3731e-01
1.3875e-01
1.3586e-01
1.4019e-01
1.3875e-01
1.3586e-01
1.4164e-01
1.4019e-01
1.3442e-01
1.3297e-01
1.3586e-01
1.2719e-01
1.2864e-01
1.2864e-01
1.3153e-01
1.3297e-01
1.3442e-01
1.2719e-01
1.3008e-01
1.3297e-01
1.3008e-01
1.3297e-01
1.2575e-01
1.3442e-01
1.3586e-01
1.3442e-01
1.3297e-01
1.2430e-01
1.2430e-01
1.3153e-01
1.3442e-01
1.3008e-01
1.3731e-01
1.4019e-01
1.4308e-01
1.4164e-01
1.4453e-01
1.5030e-01
1.5464e-01
1.5319e-01
1.5752e-01
1.4597e-01
1.4742e-01
1.5897e-01
1.6619e-01
1.7196e-01
1.7630e-01
1.7196e-01
1.8640e-01
1.8063e-01
1.8496e-01
1.8929e-01
1.8640e-01
1.8929e-01
1.8640e-01
1.9362e-01
1.9362e-01
1.8496e-01
1.8640e-01
1.8785e-01
1.9073e-01
1.9506e-01
1.9940e-01
1.9506e-01
1.9362e-01
1.9940e-01
2.0950e-01
2.0661e-01
2.0950e-01
2.0661e-01
2.0950e-01
2.0950e-01
2.0806e-01
2.1527e-01
2.1239e-01
2.0517e-01
2.1094e-01
2.1672e-01
2.1960e-01
2.1960e-01
2.2971e-01
2.2826e-01
2.2538e-01
2.2538e-01
2.2971e-01
2.2971e-01
2.2249e-01
2.3115e-01
2.2538e-01
2.2682e-01
2.2826e-01
2.2249e-01
2.2249e-01
2.2393e-01
2.1816e-01
2.1527e-01
2.1094e-01
2.1383e-01
2.1816e-01
2.1816e-01
2.1527e-01
2.1527e-01
2.1672e-01
2.0661e-01
1.9940e-01
2.0084e-01
1.9506e-01
1.9506e-01
1.9218e-01
1.8207e-01
1.8496e-01
1.9506e-01
1.9795e-01
1.9506e-01
1.8929e-01
1.8352e-01
1.8207e-01
1.7485e-01
1.8063e-01
1.8207e-01
1.7196e-01
1.7341e-01
1.6474e-01
1.6186e-01
1.6041e-01
1.6330e-01
1.6041e-01
1.6041e-01
1.5464e-01
1.5464e-01
1.5897e-01
1.5897e-01
1.5464e-01
1.5319e-01
1.5175e-01
1.4308e-01
1.3875e-01
1.4308e-01
1.4019e-01
1.3586e-01
1.2864e-01
1.2864e-01
1.3297e-01
1.3008e-01
1.2864e-01
1.3153e-01
1.3008e-01
1.2864e-01
1.2864e-01
1.2575e-01
1.2430e-01
1.2575e-01
1.1853e-01
1.2142e-01
1.1419e-01
1.1419e-01
1.0841e-01
1.0986e-01
1.1130e-01
1.1130e-01
1.1130e-01
1.0841e-01
1.0697e-01
1.0986e-01
1.0697e-01
1.0552e-01
9.9745e-02
1.0119e-01
1.0697e-01
1.0408e-01
9.3965e-02
9.6855e-02
9.6855e-02
9.1075e-02
9.6855e-02
9.5410e-02
8.8185e-02
9.2520e-02
8.9630e-02
8.8185e-02
8.6740e-02
8.3849e-02
8.3849e-02
7.8069e-02
7.8069e-02
8.2404e-02
7.2288e-02
6.9397e-02
7.0843e-02
7.2288e-02
7.3733e-02
6.9397e-02
6.6507e-02
6.9397e-02
6.7952e-02
6.5061e-02
6.5061e-02
6.6507e-02
6.3616e-02
6.3616e-02
6.2171e-02
5.7834e-02
5.9280e-02
5.9280e-02
5.2052e-02
5.0607e-02
5.4943e-02
5.0607e-02
5.6389e-02
6.0725e-02
5.2052e-02
4.9161e-02
5.0607e-02
4.7716e-02
4.0487e-02
3.7596e-02
4.3379e-02
4.4824e-02
3.7596e-02
3.9042e-02
3.3259e-02
3.0367e-02
3.0367e-02
3.0367e-02
2.4584e-02
2.4584e-02
2.6030e-02
2.0246e-02
1.8800e-02
2.1692e-02
2.0246e-02
1.8800e-02
1.4462e-02
1.4462e-02
1.8800e-02
1.8800e-02
1.3016e-02
1.1570e-02
1.5908e-02
1.0124e-02
1.4462e-02
1.8800e-02
1.1570e-02
8.6770e-03
1.1570e-02
1.7354e-02
1.4462e-02
7.2310e-03
1.4462e-02
8.6770e-03
4.3390e-03
1.4462e-02
7.2310e-03
8.6770e-03
8.6770e-03
8.6770e-03
7.2310e-03
7.2310e-03
1.4470e-03
0000
5.7850e-03
7.2310e-03
8.6770e-03
1.0124e-02
1.0124e-02
7.2310e-03
1.1570e-02
1.5908e-02
1.4462e-02
7.2310e-03
1.3016e-02
2.0246e-02
2.1692e-02
2.4584e-02
2.4584e-02
2.8921e-02
3.1813e-02
2.7475e-02
3.0367e-02
3.7596e-02
3.9042e-02
4.4824e-02
5.0607e-02
6.0725e-02
6.5061e-02
7.3733e-02
8.2404e-02
8.2404e-02
9.1075e-02
1.0263e-01
1.1419e-01
1.1997e-01
1.2575e-01
1.3297e-01
1.4742e-01
1.5752e-01
1.6041e-01
1.7052e-01
1.8496e-01
1.9073e-01
2.1239e-01
2.2826e-01
2.3981e-01
2.4702e-01
2.6145e-01
2.6866e-01
2.8165e-01
2.9030e-01
2.9607e-01
3.1482e-01
3.1626e-01
3.4365e-01
3.5519e-01
3.5663e-01
3.6816e-01
3.7969e-01
3.8545e-01
3.9842e-01
4.0130e-01
4.0274e-01
4.1715e-01
4.2580e-01
4.2580e-01
4.3876e-01
4.4596e-01
4.4884e-01
4.5460e-01
4.5316e-01
4.5028e-01
4.5748e-01
4.6180e-01
4.5892e-01
4.6180e-01
4.6468e-01
4.6756e-01
4.7188e-01
4.7764e-01
4.7332e-01
4.7476e-01
4.6756e-01
4.6756e-01
4.7908e-01
4.7476e-01
4.7620e-01
4.7476e-01
4.7476e-01
4.7188e-01
4.7332e-01
4.8052e-01
4.7908e-01
4.8484e-01
4.8340e-01
4.8340e-01
4.8772e-01
4.8628e-01
4.8484e-01
4.8628e-01
4.8196e-01
4.8772e-01
4.8484e-01
4.7332e-01
4.7908e-01
4.8484e-01
4.8340e-01
4.8772e-01
4.8916e-01
4.9204e-01
4.9348e-01
4.9492e-01
4.9348e-01
4.9348e-01
4.8628e-01
4.9636e-01
4.9636e-01
4.8916e-01
5.0212e-01
4.9780e-01
4.9636e-01
4.9780e-01
4.9924e-01
5.0499e-01
5.0787e-01
5.1075e-01
5.0931e-01
5.1507e-01
5.1795e-01
5.1795e-01
5.1795e-01
5.2227e-01
5.2658e-01
5.2802e-01
5.3378e-01
5.3522e-01
5.3090e-01
5.3810e-01
5.4817e-01
5.4385e-01
5.3810e-01
5.4098e-01
5.3810e-01
5.4529e-01
5.3954e-01
5.4098e-01
5.3666e-01
5.2946e-01
5.3378e-01
5.2083e-01
5.2658e-01
5.2371e-01
5.1507e-01
5.1219e-01
5.0787e-01
5.0212e-01
5.0068e-01
5.0068e-01
4.9492e-01
4.8772e-01
4.8916e-01
4.8628e-01
4.7764e-01
4.7044e-01
4.6900e-01
4.6756e-01
4.5892e-01
4.4740e-01
4.4740e-01
4.4452e-01
4.3444e-01
4.3876e-01
4.4020e-01
4.3300e-01
4.3012e-01
4.3156e-01
4.3012e-01
4.2580e-01
4.2003e-01
4.2003e-01
4.1571e-01
3.9842e-01
4.0130e-01
3.9698e-01
3.9698e-01
4.0130e-01
3.9554e-01
3.9410e-01
3.9410e-01
3.8978e-01
3.8401e-01
3.7969e-01
3.8113e-01
3.7681e-01
3.7537e-01
3.7392e-01
3.6960e-01
3.7104e-01
3.6239e-01
3.5519e-01
3.5375e-01
3.4942e-01
3.5086e-01
3.5230e-01
3.3933e-01
3.3645e-01
3.4798e-01
3.4942e-01
3.4365e-01
3.4077e-01
3.4077e-01
3.3933e-01
3.3645e-01
3.3645e-01
3.3933e-01
3.3068e-01
3.3068e-01
3.2635e-01
3.2347e-01
3.1914e-01
3.1626e-01
3.1914e-01
3.1626e-01
3.1338e-01
3.0905e-01
3.0328e-01
3.0617e-01
3.0761e-01
3.0617e-01
3.0328e-01
2.9751e-01
2.9319e-01
2.8886e-01
2.8597e-01
2.8886e-01
2.8742e-01
2.8597e-01
2.8886e-01
2.8453e-01
2.7876e-01
2.8309e-01
2.8165e-01
2.7155e-01
2.7011e-01
2.7011e-01
2.7011e-01
2.6289e-01
2.6434e-01
2.7155e-01
2.6722e-01
2.6578e-01
2.5712e-01
2.6001e-01
2.6289e-01
2.5857e-01
2.4847e-01
2.4991e-01
2.5712e-01
2.5712e-01
2.4991e-01
2.4991e-01
2.5279e-01
2.4702e-01
2.4125e-01
2.4125e-01
2.3981e-01
2.3404e-01
2.3548e-01
2.3115e-01
2.2826e-01
2.3115e-01
2.2682e-01
2.2538e-01
2.2393e-01
2.1527e-01
2.1672e-01
2.0373e-01
2.1094e-01
2.1672e-01
2.0661e-01
2.0661e-01
1.9940e-01
1.9795e-01
2.0084e-01
1.9795e-01
1.9073e-01
1.9218e-01
1.9506e-01
1.8640e-01
1.8496e-01
1.8785e-01
1.8063e-01
1.8063e-01
1.8640e-01
1.8063e-01
1.7485e-01
1.7196e-01
1.7341e-01
1.7485e-01
1.7052e-01
1.6474e-01
1.6619e-01
1.6908e-01
1.6041e-01
1.5319e-01
1.5319e-01
1.5464e-01
