2.7259e+00
2.7196e+00
2.7107e+00
2.7069e+00
2.6955e+00
2.6917e+00
2.6815e+00
2.6714e+00
2.6574e+00
2.6562e+00
2.6473e+00
2.6435e+00
2.6372e+00
2.6308e+00
2.6181e+00
2.6105e+00
2.6067e+00
2.6004e+00
2.5902e+00
2.5927e+00
2.5826e+00
2.5737e+00
2.5623e+00
2.5661e+00
2.5509e+00
2.5483e+00
2.5394e+00
2.5305e+00
2.5229e+00
2.5267e+00
2.5204e+00
2.5153e+00
2.5051e+00
2.5051e+00
2.4975e+00
2.5026e+00
2.4962e+00
2.4975e+00
2.4899e+00
2.4848e+00
2.4746e+00
2.4696e+00
2.4619e+00
2.4543e+00
2.4518e+00
2.4530e+00
2.4467e+00
2.4403e+00
2.4289e+00
2.4264e+00
2.4251e+00
2.4200e+00
2.4124e+00
2.4111e+00
2.3946e+00
2.3958e+00
2.3869e+00
2.3806e+00
2.3679e+00
2.3564e+00
2.3539e+00
2.3500e+00
2.3411e+00
2.3335e+00
2.3310e+00
2.3297e+00
2.3195e+00
2.3081e+00
2.2992e+00
2.2928e+00
2.2890e+00
2.2813e+00
2.2724e+00
2.2673e+00
2.2648e+00
2.2520e+00
2.2406e+00
2.2393e+00
2.2380e+00
2.2304e+00
2.2278e+00
2.2202e+00
2.2164e+00
2.2062e+00
2.1973e+00
2.1973e+00
2.1871e+00
2.1845e+00
2.1782e+00
2.1692e+00
2.1667e+00
2.1590e+00
2.1514e+00
2.1437e+00
2.1412e+00
2.1361e+00
2.1310e+00
2.1272e+00
2.1310e+00
2.1233e+00
2.1170e+00
2.1080e+00
2.1119e+00
2.1093e+00
2.0978e+00
2.0889e+00
2.0953e+00
2.0876e+00
2.0838e+00
2.0838e+00
2.0838e+00
2.0800e+00
2.0825e+00
2.0736e+00
2.0813e+00
2.0685e+00
2.0634e+00
2.0672e+00
2.0596e+00
2.0557e+00
2.0417e+00
2.0341e+00
2.0366e+00
2.0328e+00
2.0315e+00
2.0315e+00
2.0315e+00
2.0290e+00
2.0302e+00
2.0277e+00
2.0251e+00
2.0302e+00
2.0290e+00
2.0277e+00
2.0315e+00
2.0341e+00
2.0302e+00
2.0366e+00
2.0417e+00
2.0494e+00
2.0481e+00
2.0570e+00
2.0557e+00
2.0634e+00
2.0634e+00
2.0723e+00
2.0813e+00
2.0813e+00
2.0800e+00
2.0978e+00
2.0902e+00
2.1017e+00
2.1029e+00
2.1170e+00
2.1170e+00
2.1284e+00
2.1246e+00
2.1412e+00
2.1425e+00
2.1437e+00
2.1450e+00
2.1590e+00
2.1565e+00
2.1603e+00
2.1539e+00
2.1654e+00
2.1616e+00
2.1718e+00
2.1616e+00
2.1667e+00
2.1603e+00
2.1654e+00
2.1565e+00
2.1641e+00
2.1629e+00
2.1692e+00
2.1603e+00
2.1743e+00
2.1667e+00
2.1845e+00
2.1858e+00
2.2075e+00
2.2113e+00
2.2393e+00
2.2546e+00
2.2953e+00
2.3144e+00
2.3590e+00
2.3857e+00
2.4391e+00
2.4823e+00
2.5509e+00
2.5915e+00
2.6790e+00
2.7449e+00
2.8209e+00
2.9045e+00
3.0031e+00
3.0953e+00
3.2114e+00
3.3123e+00
3.4370e+00
3.5564e+00
3.6921e+00
3.8176e+00
3.9479e+00
4.0667e+00
4.1842e+00
4.3103e+00
4.4238e+00
4.5321e+00
4.6491e+00
4.7584e+00
4.8751e+00
4.9929e+00
5.1167e+00
5.2614e+00
5.3689e+00
5.5009e+00
5.6142e+00
5.7323e+00
5.8417e+00
5.9449e+00
6.0320e+00
6.1264e+00
6.2243e+00
6.3075e+00
6.3906e+00
6.4675e+00
6.5432e+00
6.6054e+00
6.6809e+00
6.7297e+00
6.8185e+00
6.8744e+00
6.9777e+00
7.0275e+00
7.1124e+00
7.1767e+00
7.2567e+00
7.2906e+00
7.3462e+00
7.3632e+00
7.4140e+00
7.4224e+00
7.4660e+00
7.4841e+00
7.5179e+00
7.5276e+00
7.5505e+00
7.5626e+00
7.5819e+00
7.5988e+00
7.6133e+00
7.6060e+00
7.6145e+00
7.6145e+00
7.6350e+00
7.6350e+00
7.6422e+00
7.6652e+00
7.6495e+00
7.6627e+00
7.6386e+00
7.6169e+00
7.5891e+00
7.5650e+00
7.5469e+00
7.5131e+00
7.4974e+00
7.4635e+00
7.4345e+00
7.3983e+00
7.3680e+00
7.3378e+00
7.3039e+00
7.2736e+00
7.2288e+00
7.2034e+00
7.1670e+00
7.1270e+00
7.0918e+00
7.0603e+00
7.0299e+00
6.9838e+00
6.9449e+00
6.9121e+00
6.8781e+00
6.8489e+00
6.8124e+00
6.7796e+00
6.7321e+00
6.6907e+00
6.6578e+00
6.6237e+00
6.5834e+00
6.5578e+00
6.5298e+00
6.5286e+00
6.5139e+00
6.5225e+00
6.5164e+00
6.5164e+00
6.4981e+00
6.4895e+00
6.4614e+00
6.4517e+00
6.4272e+00
6.4114e+00
6.3918e+00
6.3735e+00
6.3381e+00
6.3173e+00
6.2977e+00
6.2745e+00
6.2451e+00
6.2268e+00
6.2023e+00
6.1815e+00
6.1607e+00
6.1398e+00
6.1153e+00
6.0798e+00
6.0614e+00
6.0369e+00
6.0062e+00
5.9829e+00
5.9535e+00
5.9338e+00
5.9167e+00
5.8982e+00
5.8823e+00
5.8946e+00
5.8946e+00
5.8946e+00
5.8933e+00
5.8958e+00
5.8835e+00
5.8786e+00
5.8737e+00
5.8626e+00
5.8479e+00
5.8405e+00
5.8159e+00
5.8012e+00
5.7864e+00
5.7619e+00
5.7385e+00
5.7225e+00
5.7053e+00
5.6868e+00
5.6635e+00
5.6462e+00
5.6314e+00
5.6081e+00
5.5896e+00
5.5699e+00
5.5391e+00
5.5218e+00
5.5058e+00
5.4799e+00
5.4565e+00
5.4355e+00
5.4158e+00
5.3960e+00
5.3763e+00
5.3590e+00
5.3516e+00
5.3380e+00
5.3158e+00
5.3022e+00
5.2849e+00
5.2664e+00
5.2503e+00
5.2429e+00
5.2219e+00
5.2021e+00
5.1910e+00
5.1798e+00
5.1613e+00
5.1514e+00
5.1390e+00
5.1266e+00
5.1118e+00
5.1068e+00
5.0969e+00
5.0746e+00
5.0610e+00
5.0548e+00
5.0375e+00
5.0226e+00
5.0053e+00
4.9818e+00
4.9644e+00
4.9570e+00
4.9408e+00
4.9223e+00
4.9086e+00
4.8999e+00
4.8863e+00
4.8788e+00
4.8677e+00
4.8503e+00
4.8416e+00
4.8342e+00
4.8280e+00
4.8106e+00
4.8031e+00
4.7932e+00
4.7820e+00
4.7671e+00
4.7522e+00
4.7473e+00
4.7336e+00
4.7162e+00
4.7100e+00
4.6938e+00
4.6926e+00
4.6901e+00
4.6764e+00
4.6702e+00
4.6541e+00
4.6441e+00
4.6416e+00
4.6280e+00
4.6105e+00
4.6081e+00
4.6018e+00
4.5894e+00
4.5807e+00
4.5707e+00
4.5645e+00
4.5583e+00
4.5409e+00
4.5359e+00
4.5321e+00
4.5272e+00
4.5160e+00
4.5097e+00
4.5023e+00
4.4998e+00
4.4886e+00
4.4711e+00
4.4587e+00
4.4375e+00
4.4350e+00
4.4275e+00
4.4213e+00
4.4138e+00
4.4063e+00
4.4014e+00
4.3864e+00
4.3789e+00
4.3652e+00
4.3590e+00
4.3477e+00
4.3378e+00
4.3328e+00
4.3265e+00
4.3178e+00
4.3091e+00
4.3028e+00
4.3028e+00
4.2954e+00
4.2791e+00
4.2704e+00
4.2666e+00
4.2604e+00
4.2567e+00
4.2467e+00
4.2454e+00
4.2329e+00
4.2255e+00
4.2230e+00
4.2105e+00
4.2055e+00
4.1992e+00
4.1905e+00
4.1830e+00
4.1742e+00
4.1780e+00
4.1742e+00
4.1705e+00
4.1618e+00
4.1618e+00
4.1555e+00
4.1443e+00
4.1418e+00
4.1443e+00
4.1443e+00
4.1393e+00
4.1443e+00
4.1430e+00
4.1393e+00
4.1443e+00
4.1430e+00
4.1393e+00
4.1230e+00
4.1305e+00
4.1268e+00
4.1243e+00
4.1193e+00
4.1168e+00
4.1030e+00
4.1030e+00
4.1068e+00
4.0955e+00
4.0780e+00
4.0793e+00
4.0768e+00
4.0693e+00
4.0617e+00
4.0580e+00
4.0505e+00
4.0442e+00
4.0367e+00
4.0342e+00
4.0217e+00
4.0180e+00
4.0080e+00
4.0029e+00
3.9929e+00
3.9929e+00
3.9867e+00
3.9817e+00
3.9679e+00
3.9692e+00
3.9666e+00
3.9541e+00
3.9441e+00
3.9429e+00
3.9341e+00
3.9291e+00
3.9153e+00
3.9191e+00
3.9090e+00
3.8978e+00
3.8915e+00
3.8802e+00
3.8727e+00
3.8652e+00
3.8564e+00
3.8527e+00
3.8426e+00
3.8351e+00
3.8288e+00
3.8251e+00
3.8163e+00
3.8126e+00
3.7988e+00
3.7912e+00
3.7850e+00
3.7762e+00
3.7661e+00
3.7574e+00
3.7549e+00
3.7498e+00
3.7436e+00
3.7423e+00
3.7273e+00
3.7197e+00
3.7172e+00
3.7160e+00
3.7109e+00
3.7059e+00
3.6996e+00
3.6971e+00
3.6833e+00
3.6796e+00
3.6783e+00
3.6620e+00
3.6544e+00
3.6507e+00
3.6431e+00
3.6356e+00
3.6230e+00
3.6117e+00
3.6080e+00
3.5979e+00
3.5828e+00
3.5854e+00
3.5766e+00
3.5690e+00
3.5577e+00
3.5476e+00
3.5326e+00
3.5288e+00
3.5238e+00
3.5187e+00
3.5049e+00
3.4974e+00
3.4986e+00
3.4911e+00
3.4785e+00
3.4823e+00
3.4722e+00
3.4609e+00
3.4571e+00
3.4558e+00
3.4458e+00
3.4407e+00
3.4282e+00
3.4244e+00
3.4118e+00
3.4042e+00
3.3979e+00
3.3891e+00
3.3841e+00
3.3753e+00
3.3690e+00
3.3602e+00
3.3488e+00
3.3450e+00
3.3299e+00
3.3211e+00
3.3073e+00
3.2984e+00
3.2896e+00
3.2871e+00
3.2757e+00
3.2694e+00
3.2606e+00
3.2581e+00
3.2543e+00
3.2467e+00
3.2291e+00
3.2304e+00
3.2304e+00
3.2203e+00
3.2140e+00
3.2089e+00
3.1976e+00
3.1988e+00
3.1900e+00
3.1862e+00
3.1786e+00
3.1749e+00
3.1711e+00
3.1622e+00
3.1584e+00
3.1534e+00
3.1471e+00
3.1395e+00
3.1332e+00
3.1307e+00
3.1206e+00
3.1130e+00
3.1067e+00
3.1004e+00
3.0915e+00
3.0852e+00
3.0739e+00
3.0751e+00
3.0739e+00
3.0675e+00
3.0625e+00
3.0625e+00
3.0486e+00
3.0410e+00
3.0448e+00
3.0385e+00
3.0322e+00
3.0246e+00
3.0157e+00
3.0170e+00
3.0119e+00
3.0056e+00
2.9980e+00
2.9803e+00
2.9728e+00
2.9690e+00
2.9589e+00
2.9500e+00
2.9538e+00
2.9449e+00
2.9260e+00
2.9285e+00
2.9196e+00
2.9133e+00
2.9045e+00
2.8994e+00
2.8918e+00
2.8867e+00
2.8855e+00
2.8766e+00
2.8703e+00
2.8690e+00
2.8640e+00
2.8614e+00
2.8500e+00
2.8513e+00
2.8475e+00
2.8387e+00
2.8387e+00
2.8298e+00
2.8209e+00
2.8133e+00
2.8070e+00
2.8045e+00
2.7905e+00
2.7855e+00
2.7817e+00
2.7703e+00
2.7652e+00
2.7652e+00
2.7652e+00
2.7538e+00
2.7373e+00
2.7335e+00
2.7259e+00
2.7234e+00
2.7208e+00
2.7094e+00
2.6980e+00
2.6930e+00
2.6891e+00
2.6853e+00
2.6803e+00
2.6739e+00
2.6714e+00
2.6701e+00
2.6600e+00
2.6498e+00
2.6473e+00
2.6511e+00
2.6473e+00
2.6372e+00
2.6295e+00
2.6346e+00
2.6232e+00
2.6181e+00
2.6118e+00
2.6080e+00
2.6016e+00
2.5953e+00
2.5978e+00
2.5927e+00
2.5851e+00
2.5801e+00
2.5674e+00
2.5635e+00
2.5610e+00
2.5585e+00
2.5470e+00
2.5407e+00
2.5382e+00
2.5318e+00
2.5293e+00
2.5242e+00
2.5166e+00
2.5178e+00
2.5089e+00
2.5077e+00
2.5013e+00
2.4988e+00
2.5026e+00
2.5039e+00
2.4975e+00
2.4848e+00
2.4810e+00
2.4835e+00
2.4797e+00
2.4772e+00
2.4683e+00
2.4696e+00
2.4645e+00
2.4556e+00
2.4556e+00
2.4480e+00
2.4505e+00
2.4429e+00
2.4340e+00
2.4302e+00
2.4238e+00
2.4187e+00
2.4124e+00
2.4086e+00
2.4022e+00
2.3946e+00
2.3971e+00
2.3920e+00
2.3895e+00
2.3806e+00
2.3742e+00
2.3768e+00
2.3691e+00
2.3628e+00
2.3577e+00
2.3602e+00
2.3526e+00
2.3462e+00
2.3450e+00
2.3411e+00
2.3310e+00
2.3297e+00
2.3246e+00
2.3221e+00
2.3195e+00
2.3233e+00
2.3131e+00
2.2928e+00
2.2953e+00
2.2941e+00
2.2864e+00
2.2839e+00
2.2826e+00
2.2673e+00
2.2661e+00
2.2610e+00
2.2470e+00
2.2457e+00
2.2457e+00
2.2419e+00
2.2342e+00
2.2240e+00
2.2240e+00
2.2253e+00
2.2164e+00
2.2151e+00
2.2126e+00
2.2049e+00
2.2011e+00
2.1985e+00
2.1960e+00
2.1985e+00
2.1896e+00
2.1833e+00
2.1782e+00
2.1731e+00
2.1680e+00
2.1680e+00
2.1654e+00
2.1616e+00
2.1578e+00
2.1501e+00
2.1437e+00
2.1348e+00
2.1297e+00
2.1259e+00
2.1284e+00
2.1195e+00
2.1042e+00
2.1017e+00
2.1029e+00
2.0940e+00
2.0902e+00
2.0927e+00
2.0851e+00
2.0813e+00
2.0711e+00
2.0685e+00
2.0698e+00
2.0634e+00
2.0570e+00
2.0532e+00
2.0443e+00
2.0443e+00
2.0443e+00
2.0494e+00
2.0353e+00
2.0251e+00
2.0277e+00
2.0238e+00
2.0187e+00
2.0175e+00
2.0098e+00
2.0124e+00
1.9996e+00
1.9945e+00
1.9958e+00
1.9830e+00
1.9792e+00
1.9728e+00
1.9677e+00
1.9651e+00
1.9677e+00
1.9600e+00
1.9523e+00
1.9511e+00
1.9447e+00
1.9357e+00
1.9242e+00
1.9294e+00
1.9281e+00
1.9281e+00
1.9281e+00
1.9191e+00
1.9153e+00
1.9127e+00
1.9000e+00
1.8936e+00
1.8936e+00
1.8897e+00
1.8859e+00
1.8834e+00
1.8808e+00
1.8808e+00
1.8744e+00
1.8680e+00
1.8642e+00
1.8540e+00
1.8527e+00
1.8450e+00
1.8335e+00
1.8284e+00
1.8245e+00
1.8182e+00
1.8182e+00
1.8054e+00
1.7990e+00
1.7990e+00
1.7977e+00
1.7926e+00
1.7875e+00
1.7836e+00
1.7785e+00
1.7747e+00
1.7708e+00
1.7644e+00
1.7606e+00
1.7593e+00
1.7542e+00
1.7529e+00
1.7465e+00
1.7363e+00
1.7324e+00
1.7337e+00
1.7324e+00
1.7299e+00
1.7286e+00
1.7260e+00
1.7132e+00
1.7094e+00
1.7132e+00
1.7004e+00
1.6991e+00
1.6940e+00
1.6902e+00
1.6799e+00
1.6761e+00
1.6748e+00
1.6748e+00
1.6671e+00
1.6620e+00
1.6646e+00
1.6582e+00
1.6518e+00
1.6530e+00
1.6479e+00
1.6402e+00
1.6428e+00
1.6441e+00
1.6313e+00
1.6313e+00
1.6287e+00
1.6236e+00
1.6261e+00
1.6223e+00
1.6133e+00
1.6146e+00
1.6120e+00
1.6146e+00
1.6120e+00
1.6069e+00
1.6056e+00
1.6018e+00
1.5903e+00
1.5941e+00
1.5838e+00
1.5749e+00
1.5672e+00
1.5685e+00
1.5646e+00
1.5608e+00
1.5556e+00
1.5518e+00
1.5454e+00
1.5390e+00
1.5403e+00
1.5351e+00
1.5249e+00
1.5287e+00
1.5236e+00
1.5197e+00
1.5210e+00
1.5184e+00
1.5043e+00
1.4954e+00
1.4966e+00
1.4941e+00
1.4902e+00
1.4902e+00
1.4877e+00
1.4864e+00
1.4889e+00
1.4774e+00
1.4723e+00
1.4671e+00
1.4684e+00
1.4633e+00
1.4453e+00
1.4440e+00
1.4415e+00
1.4415e+00
1.4363e+00
1.4312e+00
1.4273e+00
1.4261e+00
1.4209e+00
1.4184e+00
1.4119e+00
1.4094e+00
1.4068e+00
1.4094e+00
1.4055e+00
1.3991e+00
1.3991e+00
1.3940e+00
1.3862e+00
1.3824e+00
1.3811e+00
1.3760e+00
1.3721e+00
1.3683e+00
1.3695e+00
1.3683e+00
1.3657e+00
1.3606e+00
1.3580e+00
1.3554e+00
1.3580e+00
1.3477e+00
1.3413e+00
1.3361e+00
1.3246e+00
1.3323e+00
1.3387e+00
1.3336e+00
1.3323e+00
1.3349e+00
1.3361e+00
1.3323e+00
1.3400e+00
1.3451e+00
1.3477e+00
1.3503e+00
1.3516e+00
1.3554e+00
1.3644e+00
1.3734e+00
1.3785e+00
1.3862e+00
1.3978e+00
1.4017e+00
1.4094e+00
1.4184e+00
1.4273e+00
1.4376e+00
1.4427e+00
1.4440e+00
1.4556e+00
1.4684e+00
1.4735e+00
1.4838e+00
1.4877e+00
1.4915e+00
1.5005e+00
1.5018e+00
1.5108e+00
1.5223e+00
1.5184e+00
1.5287e+00
1.5326e+00
1.5300e+00
1.5313e+00
1.5377e+00
1.5377e+00
1.5415e+00
1.5428e+00
1.5415e+00
1.5454e+00
1.5518e+00
1.5492e+00
1.5467e+00
1.5467e+00
1.5415e+00
1.5441e+00
1.5479e+00
1.5428e+00
1.5428e+00
1.5390e+00
1.5287e+00
1.5351e+00
1.5415e+00
1.5274e+00
1.5197e+00
1.5197e+00
1.5159e+00
1.5184e+00
1.5056e+00
1.5031e+00
1.5043e+00
1.4889e+00
1.4889e+00
1.4838e+00
1.4735e+00
1.4658e+00
1.4633e+00
1.4581e+00
1.4543e+00
1.4517e+00
1.4440e+00
1.4338e+00
1.4325e+00
1.4299e+00
1.4209e+00
1.4171e+00
1.4132e+00
1.4145e+00
1.4068e+00
1.4029e+00
1.4055e+00
1.4055e+00
1.3965e+00
1.3940e+00
1.3888e+00
1.3901e+00
1.4004e+00
1.4068e+00
1.3914e+00
1.3901e+00
1.3850e+00
1.3785e+00
1.3785e+00
1.3721e+00
1.3670e+00
1.3580e+00
1.3503e+00
1.3503e+00
1.3439e+00
1.3400e+00
1.3336e+00
1.3220e+00
1.3220e+00
1.3233e+00
1.3092e+00
1.3002e+00
1.3002e+00
1.2976e+00
1.2912e+00
1.2873e+00
1.2834e+00
1.2744e+00
1.2706e+00
1.2744e+00
1.2667e+00
1.2552e+00
1.2539e+00
1.2564e+00
1.2462e+00
1.2423e+00
1.2384e+00
1.2410e+00
1.2333e+00
1.2243e+00
1.2256e+00
1.2179e+00
1.2204e+00
1.2140e+00
1.2024e+00
1.1986e+00
1.2037e+00
1.2050e+00
1.1973e+00
1.1960e+00
1.1986e+00
1.1947e+00
1.1973e+00
1.1934e+00
1.1908e+00
1.1895e+00
1.1895e+00
1.1908e+00
1.1883e+00
1.1895e+00
1.1934e+00
1.1831e+00
1.1805e+00
1.1857e+00
1.1818e+00
1.1844e+00
1.1831e+00
1.1754e+00
1.1728e+00
1.1702e+00
1.1702e+00
1.1754e+00
1.1664e+00
1.1625e+00
1.1690e+00
1.1587e+00
1.1496e+00
1.1496e+00
1.1484e+00
1.1432e+00
1.1432e+00
1.1419e+00
1.1329e+00
1.1290e+00
1.1303e+00
1.1239e+00
1.1149e+00
1.1136e+00
1.1110e+00
1.1097e+00
1.1110e+00
1.1110e+00
1.1059e+00
1.0994e+00
1.0930e+00
1.0904e+00
1.0840e+00
1.0750e+00
1.0724e+00
1.0685e+00
1.0646e+00
1.0634e+00
1.0595e+00
1.0634e+00
1.0543e+00
1.0505e+00
1.0518e+00
1.0415e+00
1.0389e+00
1.0324e+00
1.0311e+00
1.0247e+00
1.0247e+00
1.0247e+00
1.0157e+00
1.0105e+00
1.0067e+00
1.0015e+00
9.9505e-01
9.8602e-01
9.8731e-01
9.8602e-01
9.8344e-01
9.8344e-01
9.7442e-01
9.7571e-01
9.7055e-01
9.6023e-01
9.5894e-01
9.5378e-01
9.5120e-01
9.4733e-01
9.3959e-01
9.3701e-01
9.2669e-01
9.2669e-01
9.3056e-01
9.1766e-01
9.1895e-01
9.1379e-01
9.0605e-01
9.0217e-01
8.9830e-01
8.9314e-01
8.8798e-01
8.8282e-01
8.7636e-01
8.7507e-01
8.7120e-01
8.6733e-01
8.6087e-01
8.5312e-01
8.5183e-01
8.5183e-01
8.4796e-01
8.4538e-01
8.4925e-01
8.5442e-01
8.4538e-01
8.4279e-01
8.5054e-01
8.5571e-01
8.5442e-01
8.5054e-01
8.5312e-01
8.5958e-01
8.6345e-01
8.6862e-01
8.7249e-01
8.7507e-01
8.8798e-01
8.8798e-01
9.0088e-01
9.1508e-01
9.2669e-01
9.4217e-01
9.5894e-01
9.7442e-01
9.8473e-01
1.0118e+00
1.0273e+00
1.0440e+00
1.0569e+00
1.0711e+00
1.0853e+00
1.1007e+00
1.1136e+00
1.1290e+00
1.1496e+00
1.1548e+00
1.1522e+00
1.1599e+00
1.1818e+00
1.1908e+00
1.1947e+00
1.2063e+00
1.2089e+00
1.2179e+00
1.2243e+00
1.2372e+00
1.2474e+00
1.2410e+00
1.2436e+00
1.2474e+00
1.2500e+00
1.2564e+00
1.2552e+00
1.2539e+00
1.2590e+00
1.2629e+00
1.2564e+00
1.2564e+00
1.2564e+00
1.2526e+00
1.2500e+00
1.2552e+00
1.2539e+00
1.2474e+00
1.2487e+00
1.2500e+00
1.2474e+00
1.2423e+00
1.2320e+00
1.2346e+00
1.2243e+00
1.2140e+00
1.2101e+00
1.1998e+00
1.1895e+00
1.1818e+00
1.1780e+00
1.1767e+00
1.1638e+00
1.1445e+00
1.1496e+00
1.1393e+00
1.1278e+00
1.1252e+00
1.1200e+00
1.1110e+00
1.0981e+00
1.0891e+00
1.0840e+00
1.0724e+00
1.0659e+00
1.0582e+00
1.0505e+00
1.0402e+00
1.0299e+00
1.0273e+00
1.0195e+00
1.0092e+00
1.0054e+00
9.9376e-01
9.8086e-01
9.7442e-01
9.7442e-01
9.6410e-01
9.6023e-01
9.5249e-01
9.4088e-01
9.3314e-01
9.2927e-01
9.2669e-01
9.2411e-01
9.0992e-01
9.0863e-01
8.9443e-01
8.8540e-01
8.8152e-01
8.7636e-01
8.5829e-01
8.5183e-01
8.5183e-01
8.4667e-01
8.3505e-01
8.2730e-01
8.2342e-01
8.1567e-01
8.0663e-01
8.0276e-01
7.9888e-01
7.9501e-01
7.8984e-01
7.8984e-01
7.8467e-01
7.7434e-01
7.7304e-01
7.7304e-01
7.6400e-01
7.7046e-01
7.6917e-01
7.6529e-01
7.6271e-01
7.5754e-01
7.6141e-01
7.6141e-01
7.4978e-01
7.5883e-01
7.5237e-01
7.5754e-01
7.5624e-01
7.6271e-01
7.5624e-01
7.6012e-01
7.5883e-01
7.6271e-01
7.6141e-01
7.6271e-01
7.5624e-01
7.6400e-01
7.6400e-01
7.6529e-01
7.6529e-01
7.7304e-01
7.6787e-01
7.8209e-01
7.7434e-01
7.7434e-01
7.7692e-01
7.7434e-01
7.6400e-01
7.6917e-01
7.6400e-01
7.6271e-01
7.6400e-01
7.6658e-01
7.6529e-01
7.6012e-01
7.5237e-01
7.6271e-01
7.4332e-01
7.4332e-01
7.3944e-01
7.4461e-01
7.3686e-01
7.3944e-01
7.3298e-01
7.3169e-01
7.2910e-01
7.2781e-01
7.2264e-01
7.1617e-01
7.0712e-01
7.0583e-01
7.0195e-01
6.9548e-01
6.9419e-01
6.9936e-01
6.9031e-01
6.7997e-01
6.8126e-01
6.7479e-01
6.5927e-01
6.5668e-01
6.4892e-01
6.3857e-01
6.4375e-01
6.3987e-01
6.3598e-01
6.2822e-01
6.1657e-01
6.2563e-01
6.2046e-01
6.1140e-01
6.0622e-01
5.9716e-01
5.9587e-01
5.9457e-01
5.9587e-01
5.9457e-01
5.9069e-01
5.8292e-01
5.8033e-01
5.7904e-01
5.7256e-01
5.7256e-01
5.7774e-01
5.7256e-01
5.6868e-01
5.6997e-01
5.7256e-01
5.6091e-01
5.5703e-01
5.5832e-01
5.5703e-01
5.5055e-01
5.4408e-01
5.3501e-01
5.4019e-01
5.3631e-01
5.3113e-01
5.3372e-01
5.2076e-01
5.1688e-01
5.1558e-01
5.0392e-01
4.9744e-01
4.9615e-01
4.9226e-01
4.8708e-01
4.8708e-01
4.8060e-01
4.7930e-01
4.7930e-01
4.7542e-01
4.7023e-01
4.7282e-01
4.6764e-01
4.6246e-01
4.6505e-01
4.6116e-01
4.5209e-01
4.5727e-01
4.5597e-01
4.4949e-01
4.4431e-01
4.4042e-01
4.3912e-01
4.3912e-01
4.3394e-01
4.3523e-01
4.3523e-01
4.3134e-01
4.3264e-01
4.3005e-01
4.3653e-01
4.3264e-01
4.2616e-01
4.3005e-01
4.3134e-01
4.2227e-01
4.2746e-01
4.2746e-01
4.2227e-01
4.2227e-01
4.2616e-01
4.2227e-01
4.2227e-01
4.1968e-01
4.1968e-01
4.1838e-01
4.2875e-01
4.2746e-01
4.2616e-01
4.2746e-01
4.2875e-01
4.2616e-01
4.2357e-01
4.2097e-01
4.2097e-01
4.2227e-01
4.1968e-01
4.1708e-01
4.2357e-01
4.1708e-01
4.2097e-01
4.1319e-01
4.1319e-01
4.1449e-01
4.1190e-01
4.0930e-01
4.0930e-01
4.0152e-01
3.9893e-01
3.9633e-01
3.9504e-01
3.9374e-01
3.9374e-01
3.9244e-01
3.8596e-01
3.8596e-01
3.8855e-01
3.8336e-01
3.7947e-01
3.8985e-01
3.9374e-01
3.8207e-01
3.8596e-01
3.7817e-01
3.6909e-01
3.7169e-01
3.6780e-01
3.6650e-01
3.5612e-01
3.4963e-01
3.5742e-01
3.4834e-01
3.4704e-01
3.4704e-01
3.4834e-01
3.4055e-01
3.3147e-01
3.3406e-01
3.3925e-01
3.3276e-01
3.2628e-01
3.2108e-01
3.2498e-01
3.1979e-01
3.1849e-01
3.1719e-01
3.2238e-01
3.1719e-01
3.0940e-01
3.1330e-01
3.1719e-01
3.1200e-01
3.0681e-01
3.0810e-01
3.0291e-01
3.0291e-01
3.0032e-01
3.0032e-01
3.0161e-01
2.8993e-01
2.9123e-01
2.8084e-01
2.7824e-01
2.7824e-01
2.7954e-01
2.7565e-01
2.7824e-01
2.7824e-01
2.7045e-01
2.6526e-01
2.6786e-01
2.6526e-01
2.5617e-01
2.5487e-01
2.5617e-01
2.5747e-01
2.5487e-01
2.4708e-01
2.4578e-01
2.4708e-01
2.3928e-01
2.3798e-01
2.3669e-01
2.3539e-01
2.3669e-01
2.4058e-01
2.3539e-01
2.3409e-01
2.2499e-01
2.1980e-01
2.2370e-01
2.1070e-01
1.9771e-01
1.9641e-01
2.0161e-01
2.0291e-01
1.9771e-01
2.0031e-01
1.9381e-01
1.8861e-01
1.8601e-01
1.8991e-01
1.8601e-01
1.8341e-01
1.7822e-01
1.7952e-01
1.7172e-01
1.7042e-01
1.7042e-01
1.7042e-01
1.6392e-01
1.6262e-01
1.4962e-01
1.4702e-01
1.5222e-01
1.5742e-01
1.4572e-01
1.4312e-01
1.3922e-01
1.4182e-01
1.3142e-01
1.3011e-01
1.2621e-01
1.1581e-01
1.1321e-01
1.0671e-01
1.0411e-01
1.0541e-01
1.0150e-01
9.7602e-02
9.5001e-02
9.2399e-02
8.7196e-02
9.2399e-02
8.9797e-02
9.1098e-02
8.4594e-02
8.9797e-02
8.5895e-02
8.8497e-02
8.3293e-02
8.9797e-02
8.4594e-02
8.9797e-02
9.1098e-02
8.9797e-02
8.5895e-02
9.1098e-02
9.1098e-02
1.0020e-01
8.9797e-02
9.1098e-02
8.4594e-02
7.4186e-02
8.1992e-02
7.5487e-02
7.1584e-02
7.0283e-02
6.7681e-02
6.8982e-02
6.5079e-02
6.6380e-02
6.1175e-02
5.3367e-02
4.6861e-02
4.8162e-02
4.6861e-02
4.5559e-02
4.5559e-02
4.2956e-02
4.1655e-02
3.9052e-02
4.0354e-02
4.1655e-02
3.5148e-02
3.7751e-02
3.6449e-02
3.9052e-02
3.7751e-02
3.9052e-02
3.2544e-02
4.8162e-02
4.6861e-02
3.9052e-02
4.1655e-02
3.2544e-02
3.5148e-02
3.1243e-02
1.8226e-02
1.8226e-02
1.5623e-02
1.0415e-02
9.1140e-03
1.0415e-02
9.1140e-03
3.9060e-03
0000
9.1140e-03
7.8120e-03
5.2080e-03
7.8120e-03
1.1717e-02
1.5623e-02
1.3019e-02
1.3019e-02
2.2131e-02
1.8226e-02
2.0830e-02
2.9941e-02
3.6449e-02
3.7751e-02
5.2066e-02
5.0765e-02
6.6380e-02
7.0283e-02
6.6380e-02
7.9390e-02
8.8497e-02
9.1098e-02
1.0020e-01
1.1321e-01
1.3272e-01
1.4572e-01
1.6522e-01
1.7822e-01
1.9121e-01
2.0421e-01
2.2889e-01
2.4188e-01
2.6266e-01
2.7305e-01
2.8604e-01
3.0291e-01
3.3017e-01
3.4315e-01
3.7169e-01
3.8725e-01
4.1190e-01
4.2875e-01
4.4431e-01
4.5986e-01
4.7930e-01
4.8190e-01
5.0651e-01
5.1817e-01
5.4149e-01
5.5573e-01
5.6480e-01
5.7774e-01
5.8033e-01
5.8680e-01
6.0104e-01
6.0751e-01
6.2304e-01
6.2951e-01
6.4116e-01
6.5280e-01
6.6315e-01
6.6315e-01
6.6833e-01
6.7091e-01
6.6833e-01
6.6962e-01
6.7479e-01
6.7738e-01
6.8126e-01
6.8643e-01
6.8773e-01
6.9678e-01
6.8773e-01
6.8126e-01
6.7997e-01
6.7997e-01
6.7609e-01
6.7479e-01
6.7350e-01
6.7221e-01
6.5151e-01
6.4763e-01
6.3728e-01
6.3340e-01
6.2304e-01
6.2175e-01
6.1399e-01
6.1269e-01
6.0234e-01
6.0234e-01
5.8939e-01
5.8551e-01
5.7904e-01
5.7515e-01
5.6609e-01
5.5962e-01
5.4926e-01
5.4667e-01
5.3631e-01
5.2206e-01
5.1688e-01
5.1299e-01
5.0133e-01
4.9744e-01
4.9226e-01
4.8319e-01
4.6764e-01
4.6375e-01
4.6246e-01
4.4820e-01
4.3523e-01
4.3264e-01
4.1579e-01
4.1060e-01
4.0411e-01
3.9504e-01
3.8077e-01
3.7817e-01
3.6780e-01
3.5612e-01
3.4963e-01
3.4963e-01
3.4574e-01
3.3796e-01
3.3147e-01
3.3276e-01
3.3536e-01
3.3017e-01
3.3406e-01
3.4574e-01
3.4055e-01
3.3796e-01
3.4834e-01
3.6520e-01
3.7688e-01
3.9374e-01
4.1319e-01
4.3134e-01
4.6116e-01
4.8708e-01
5.1817e-01
5.4667e-01
