2.5440e+01
2.5407e+01
2.5385e+01
2.5342e+01
2.5299e+01
2.5263e+01
2.5220e+01
2.5177e+01
2.5139e+01
2.5104e+01
2.5066e+01
2.5038e+01
2.5005e+01
2.4985e+01
2.4960e+01
2.4934e+01
2.4914e+01
2.4889e+01
2.4856e+01
2.4825e+01
2.4805e+01
2.4775e+01
2.4749e+01
2.4716e+01
2.4686e+01
2.4663e+01
2.4630e+01
2.4600e+01
2.4574e+01
2.4562e+01
2.4534e+01
2.4496e+01
2.4460e+01
2.4417e+01
2.4376e+01
2.4335e+01
2.4305e+01
2.4274e+01
2.4249e+01
2.4216e+01
2.4190e+01
2.4162e+01
2.4129e+01
2.4104e+01
2.4076e+01
2.4050e+01
2.4020e+01
2.3994e+01
2.3971e+01
2.3951e+01
2.3936e+01
2.3920e+01
2.3892e+01
2.3877e+01
2.3862e+01
2.3846e+01
2.3823e+01
2.3816e+01
2.3803e+01
2.3790e+01
2.3749e+01
2.3726e+01
2.3693e+01
2.3673e+01
2.3650e+01
2.3639e+01
2.3634e+01
2.3634e+01
2.3627e+01
2.3632e+01
2.3624e+01
2.3637e+01
2.3647e+01
2.3680e+01
2.3696e+01
2.3742e+01
2.3770e+01
2.3833e+01
2.3864e+01
2.3925e+01
2.3987e+01
2.4053e+01
2.4104e+01
2.4173e+01
2.4236e+01
2.4307e+01
2.4384e+01
2.4473e+01
2.4534e+01
2.4612e+01
2.4663e+01
2.4732e+01
2.4828e+01
2.4927e+01
2.5036e+01
2.5119e+01
2.5203e+01
2.5281e+01
2.5364e+01
2.5435e+01
2.5508e+01
2.5584e+01
2.5670e+01
2.5750e+01
2.5831e+01
2.5926e+01
2.6029e+01
2.6127e+01
2.6238e+01
2.6356e+01
2.6499e+01
2.6641e+01
2.6784e+01
2.6926e+01
2.7071e+01
2.7193e+01
2.7323e+01
2.7447e+01
2.7547e+01
2.7651e+01
2.7733e+01
2.7830e+01
2.7939e+01
2.8033e+01
2.8142e+01
2.8251e+01
2.8348e+01
2.8454e+01
2.8553e+01
2.8656e+01
2.8762e+01
2.8871e+01
2.8987e+01
2.9065e+01
2.9154e+01
2.9237e+01
2.9328e+01
2.9404e+01
2.9485e+01
2.9551e+01
2.9623e+01
2.9686e+01
2.9740e+01
2.9789e+01
2.9860e+01
2.9921e+01
2.9963e+01
2.9999e+01
3.0014e+01
3.0038e+01
3.0046e+01
3.0021e+01
3.0014e+01
2.9992e+01
2.9965e+01
2.9933e+01
2.9906e+01
2.9870e+01
2.9823e+01
2.9782e+01
2.9730e+01
2.9676e+01
2.9637e+01
2.9586e+01
2.9537e+01
2.9490e+01
2.9439e+01
2.9387e+01
2.9326e+01
2.9284e+01
2.9220e+01
2.9173e+01
2.9117e+01
2.9068e+01
2.9016e+01
2.8972e+01
2.8920e+01
2.8863e+01
2.8792e+01
2.8738e+01
2.8669e+01
2.8607e+01
2.8548e+01
2.8493e+01
2.8437e+01
2.8380e+01
2.8320e+01
2.8266e+01
2.8202e+01
2.8157e+01
2.8103e+01
2.8053e+01
2.8004e+01
2.7951e+01
2.7902e+01
2.7850e+01
2.7808e+01
2.7748e+01
2.7706e+01
2.7654e+01
2.7604e+01
2.7564e+01
2.7514e+01
2.7460e+01
2.7415e+01
2.7373e+01
2.7330e+01
2.7278e+01
2.7226e+01
2.7163e+01
2.7099e+01
2.7046e+01
2.6989e+01
2.6926e+01
2.6879e+01
2.6829e+01
2.6791e+01
2.6741e+01
2.6694e+01
2.6649e+01
2.6596e+01
2.6546e+01
2.6504e+01
2.6456e+01
2.6426e+01
2.6378e+01
2.6341e+01
2.6301e+01
2.6258e+01
2.6205e+01
2.6173e+01
2.6122e+01
2.6080e+01
2.6029e+01
2.5989e+01
2.5944e+01
2.5904e+01
2.5863e+01
2.5816e+01
2.5768e+01
2.5707e+01
2.5654e+01
2.5607e+01
2.5561e+01
2.5526e+01
2.5485e+01
2.5460e+01
2.5422e+01
2.5382e+01
2.5347e+01
2.5319e+01
2.5291e+01
2.5258e+01
2.5235e+01
2.5210e+01
2.5190e+01
2.5165e+01
2.5150e+01
2.5142e+01
2.5127e+01
2.5114e+01
2.5099e+01
2.5084e+01
2.5076e+01
2.5058e+01
2.5056e+01
2.5041e+01
2.5041e+01
2.5028e+01
2.5036e+01
2.5018e+01
2.5023e+01
2.5000e+01
2.5003e+01
2.4995e+01
2.5008e+01
2.5020e+01
2.5053e+01
2.5089e+01
2.5122e+01
2.5185e+01
2.5243e+01
2.5301e+01
2.5359e+01
2.5420e+01
2.5491e+01
2.5576e+01
2.5664e+01
2.5758e+01
2.5833e+01
2.5919e+01
2.5997e+01
2.6082e+01
2.6150e+01
2.6230e+01
2.6298e+01
2.6378e+01
2.6443e+01
2.6504e+01
2.6564e+01
2.6611e+01
2.6666e+01
2.6711e+01
2.6751e+01
2.6786e+01
2.6801e+01
2.6814e+01
2.6836e+01
2.6866e+01
2.6876e+01
2.6896e+01
2.6899e+01
2.6919e+01
2.6921e+01
2.6924e+01
2.6916e+01
2.6916e+01
2.6904e+01
2.6894e+01
2.6864e+01
2.6846e+01
2.6824e+01
2.6796e+01
2.6764e+01
2.6744e+01
2.6699e+01
2.6669e+01
2.6624e+01
2.6581e+01
2.6539e+01
2.6486e+01
2.6433e+01
2.6383e+01
2.6333e+01
2.6285e+01
2.6230e+01
2.6175e+01
2.6122e+01
2.6057e+01
2.5979e+01
2.5899e+01
2.5821e+01
2.5750e+01
2.5680e+01
2.5614e+01
2.5554e+01
2.5508e+01
2.5453e+01
2.5395e+01
2.5339e+01
2.5281e+01
2.5230e+01
2.5180e+01
2.5132e+01
2.5084e+01
2.5041e+01
2.5003e+01
2.4952e+01
2.4904e+01
2.4858e+01
2.4828e+01
2.4787e+01
2.4747e+01
2.4709e+01
2.4666e+01
2.4623e+01
2.4582e+01
2.4551e+01
2.4513e+01
2.4470e+01
2.4432e+01
2.4379e+01
2.4315e+01
2.4262e+01
2.4216e+01
2.4167e+01
2.4127e+01
2.4073e+01
2.4043e+01
2.4007e+01
2.3964e+01
2.3928e+01
2.3887e+01
2.3859e+01
2.3826e+01
2.3788e+01
2.3765e+01
2.3729e+01
2.3698e+01
2.3670e+01
2.3650e+01
2.3611e+01
2.3581e+01
2.3550e+01
2.3529e+01
2.3504e+01
2.3465e+01
2.3435e+01
2.3412e+01
2.3381e+01
2.3358e+01
2.3330e+01
2.3309e+01
2.3286e+01
2.3245e+01
2.3194e+01
2.3143e+01
2.3102e+01
2.3066e+01
2.3025e+01
2.2994e+01
2.2968e+01
2.2942e+01
2.2914e+01
2.2878e+01
2.2853e+01
2.2824e+01
2.2796e+01
2.2770e+01
2.2737e+01
2.2706e+01
2.2680e+01
2.2662e+01
2.2634e+01
2.2616e+01
2.2585e+01
2.2557e+01
2.2523e+01
2.2497e+01
2.2477e+01
2.2446e+01
2.2418e+01
2.2392e+01
2.2366e+01
2.2340e+01
2.2317e+01
2.2286e+01
2.2247e+01
2.2211e+01
2.2175e+01
2.2139e+01
2.2100e+01
2.2069e+01
2.2038e+01
2.2015e+01
2.1992e+01
2.1963e+01
2.1937e+01
2.1906e+01
2.1878e+01
2.1857e+01
2.1829e+01
2.1811e+01
2.1787e+01
2.1772e+01
2.1741e+01
2.1712e+01
2.1689e+01
2.1665e+01
2.1632e+01
2.1608e+01
2.1590e+01
2.1562e+01
2.1536e+01
2.1515e+01
2.1489e+01
2.1466e+01
2.1445e+01
2.1411e+01
2.1370e+01
2.1339e+01
2.1302e+01
2.1271e+01
2.1235e+01
2.1214e+01
2.1193e+01
2.1175e+01
2.1146e+01
2.1115e+01
2.1097e+01
2.1073e+01
2.1050e+01
2.1032e+01
2.1016e+01
2.0998e+01
2.0977e+01
2.0959e+01
2.0936e+01
2.0922e+01
2.0899e+01
2.0886e+01
2.0857e+01
2.0834e+01
2.0821e+01
2.0800e+01
2.0779e+01
2.0761e+01
2.0740e+01
2.0722e+01
2.0706e+01
2.0664e+01
2.0620e+01
2.0583e+01
2.0547e+01
2.0523e+01
2.0495e+01
2.0474e+01
2.0450e+01
2.0429e+01
2.0398e+01
2.0372e+01
2.0340e+01
2.0312e+01
2.0286e+01
2.0262e+01
2.0244e+01
2.0220e+01
2.0189e+01
2.0176e+01
2.0149e+01
2.0129e+01
2.0105e+01
2.0092e+01
2.0071e+01
2.0050e+01
2.0026e+01
2.0000e+01
1.9974e+01
1.9956e+01
1.9932e+01
1.9914e+01
1.9887e+01
1.9843e+01
1.9806e+01
1.9775e+01
1.9740e+01
1.9717e+01
1.9688e+01
1.9669e+01
1.9646e+01
1.9627e+01
1.9606e+01
1.9577e+01
1.9556e+01
1.9530e+01
1.9506e+01
1.9483e+01
1.9459e+01
1.9438e+01
1.9412e+01
1.9396e+01
1.9380e+01
1.9362e+01
1.9330e+01
1.9317e+01
1.9291e+01
1.9275e+01
1.9254e+01
1.9241e+01
1.9219e+01
1.9193e+01
1.9169e+01
1.9138e+01
1.9109e+01
1.9061e+01
1.9032e+01
1.9009e+01
1.8977e+01
1.8961e+01
1.8935e+01
1.8919e+01
1.8895e+01
1.8876e+01
1.8845e+01
1.8813e+01
1.8792e+01
1.8773e+01
1.8750e+01
1.8726e+01
1.8702e+01
1.8681e+01
1.8660e+01
1.8649e+01
1.8617e+01
1.8607e+01
1.8586e+01
1.8567e+01
1.8546e+01
1.8525e+01
1.8498e+01
1.8480e+01
1.8458e+01
1.8437e+01
1.8408e+01
1.8366e+01
1.8334e+01
1.8299e+01
1.8273e+01
1.8249e+01
1.8225e+01
1.8209e+01
1.8188e+01
1.8169e+01
1.8146e+01
1.8124e+01
1.8106e+01
1.8087e+01
1.8063e+01
1.8045e+01
1.8031e+01
1.8015e+01
1.8002e+01
1.7997e+01
1.8010e+01
1.7994e+01
1.7984e+01
1.7976e+01
1.7957e+01
1.7944e+01
1.7925e+01
1.7906e+01
1.7882e+01
1.7869e+01
1.7840e+01
1.7816e+01
1.7787e+01
1.7744e+01
1.7712e+01
1.7680e+01
1.7662e+01
1.7635e+01
1.7619e+01
1.7608e+01
1.7587e+01
1.7566e+01
1.7544e+01
1.7528e+01
1.7494e+01
1.7470e+01
1.7448e+01
1.7427e+01
1.7400e+01
1.7384e+01
1.7366e+01
1.7342e+01
1.7323e+01
1.7312e+01
1.7291e+01
1.7275e+01
1.7253e+01
1.7237e+01
1.7213e+01
1.7197e+01
1.7173e+01
1.7160e+01
1.7136e+01
1.7104e+01
1.7069e+01
1.7032e+01
1.7010e+01
1.6983e+01
1.6959e+01
1.6938e+01
1.6916e+01
1.6903e+01
1.6884e+01
1.6874e+01
1.6841e+01
1.6820e+01
1.6799e+01
1.6783e+01
1.6772e+01
1.6750e+01
1.6726e+01
1.6705e+01
1.6681e+01
1.6659e+01
1.6638e+01
1.6619e+01
1.6595e+01
1.6573e+01
1.6541e+01
1.6522e+01
1.6493e+01
1.6471e+01
1.6447e+01
1.6426e+01
1.6391e+01
1.6337e+01
1.6297e+01
1.6248e+01
1.6205e+01
1.6181e+01
1.6146e+01
1.6119e+01
1.6095e+01
1.6071e+01
1.6041e+01
1.6022e+01
1.5993e+01
1.5971e+01
1.5944e+01
1.5917e+01
1.5887e+01
1.5871e+01
1.5852e+01
1.5828e+01
1.5812e+01
1.5785e+01
1.5763e+01
1.5747e+01
1.5726e+01
1.5712e+01
1.5693e+01
1.5677e+01
1.5655e+01
1.5645e+01
1.5628e+01
1.5612e+01
1.5580e+01
1.5536e+01
1.5509e+01
1.5472e+01
1.5447e+01
1.5417e+01
1.5401e+01
1.5385e+01
1.5377e+01
1.5361e+01
1.5342e+01
1.5328e+01
1.5312e+01
1.5296e+01
1.5269e+01
1.5258e+01
1.5233e+01
1.5212e+01
1.5196e+01
1.5182e+01
1.5166e+01
1.5144e+01
1.5125e+01
1.5112e+01
1.5101e+01
1.5082e+01
1.5055e+01
1.5041e+01
1.5027e+01
1.5019e+01
1.4989e+01
1.4965e+01
1.4935e+01
1.4895e+01
1.4859e+01
1.4832e+01
1.4813e+01
1.4791e+01
1.4775e+01
1.4761e+01
1.4748e+01
1.4742e+01
1.4721e+01
1.4707e+01
1.4683e+01
1.4680e+01
1.4664e+01
1.4653e+01
1.4634e+01
1.4620e+01
1.4606e+01
1.4593e+01
1.4587e+01
1.4574e+01
1.4552e+01
1.4544e+01
1.4538e+01
1.4533e+01
1.4519e+01
1.4511e+01
1.4500e+01
1.4503e+01
1.4484e+01
1.4473e+01
1.4449e+01
1.4411e+01
1.4391e+01
1.4364e+01
1.4359e+01
1.4345e+01
1.4345e+01
1.4342e+01
1.4337e+01
1.4326e+01
1.4312e+01
1.4310e+01
1.4304e+01
1.4299e+01
1.4291e+01
1.4277e+01
1.4272e+01
1.4261e+01
1.4261e+01
1.4266e+01
1.4274e+01
1.4274e+01
1.4293e+01
1.4310e+01
1.4323e+01
1.4342e+01
1.4361e+01
1.4397e+01
1.4419e+01
1.4460e+01
1.4487e+01
1.4547e+01
1.4577e+01
1.4593e+01
1.4612e+01
1.4617e+01
1.4636e+01
1.4647e+01
1.4655e+01
1.4666e+01
1.4685e+01
1.4704e+01
1.4715e+01
1.4732e+01
1.4734e+01
1.4737e+01
1.4742e+01
1.4753e+01
1.4748e+01
1.4751e+01
1.4748e+01
1.4745e+01
1.4751e+01
1.4748e+01
1.4745e+01
1.4745e+01
1.4737e+01
1.4723e+01
1.4715e+01
1.4713e+01
1.4702e+01
1.4691e+01
1.4672e+01
1.4666e+01
1.4642e+01
1.4617e+01
1.4590e+01
1.4544e+01
1.4519e+01
1.4484e+01
1.4457e+01
1.4443e+01
1.4419e+01
1.4394e+01
1.4372e+01
1.4353e+01
1.4326e+01
1.4304e+01
1.4282e+01
1.4269e+01
1.4247e+01
1.4222e+01
1.4198e+01
1.4184e+01
1.4165e+01
1.4141e+01
1.4119e+01
1.4094e+01
1.4072e+01
1.4051e+01
1.4029e+01
1.4012e+01
1.3991e+01
1.3980e+01
1.3952e+01
1.3933e+01
1.3903e+01
1.3868e+01
1.3835e+01
1.3802e+01
1.3775e+01
1.3761e+01
1.3736e+01
1.3720e+01
1.3731e+01
1.3717e+01
1.3725e+01
1.3723e+01
1.3717e+01
1.3714e+01
1.3717e+01
1.3714e+01
1.3723e+01
1.3725e+01
1.3747e+01
1.3745e+01
1.3755e+01
1.3755e+01
1.3786e+01
1.3791e+01
1.3813e+01
1.3827e+01
1.3851e+01
1.3868e+01
1.3900e+01
1.3925e+01
1.3944e+01
1.3969e+01
1.3988e+01
1.3980e+01
1.3999e+01
1.3988e+01
1.3999e+01
1.3991e+01
1.3999e+01
1.4010e+01
1.4029e+01
1.4040e+01
1.4059e+01
1.4059e+01
1.4062e+01
1.4064e+01
1.4070e+01
1.4072e+01
1.4070e+01
1.4064e+01
1.4070e+01
1.4070e+01
1.4072e+01
1.4070e+01
1.4062e+01
1.4062e+01
1.4053e+01
1.4045e+01
1.4042e+01
1.4034e+01
1.4021e+01
1.4007e+01
1.3985e+01
1.3985e+01
1.3966e+01
1.3944e+01
1.3911e+01
1.3876e+01
1.3840e+01
1.3807e+01
1.3772e+01
1.3747e+01
1.3714e+01
1.3698e+01
1.3665e+01
1.3651e+01
1.3621e+01
1.3597e+01
1.3572e+01
1.3553e+01
1.3520e+01
1.3501e+01
1.3473e+01
1.3449e+01
1.3421e+01
1.3405e+01
1.3372e+01
1.3353e+01
1.3339e+01
1.3312e+01
1.3281e+01
1.3265e+01
1.3243e+01
1.3227e+01
1.3199e+01
1.3177e+01
1.3141e+01
1.3106e+01
1.3064e+01
1.3026e+01
1.2996e+01
1.2971e+01
1.2944e+01
1.2916e+01
1.2897e+01
1.2880e+01
1.2858e+01
1.2833e+01
1.2811e+01
1.2803e+01
1.2778e+01
1.2767e+01
1.2743e+01
1.2726e+01
1.2707e+01
1.2687e+01
1.2671e+01
1.2652e+01
1.2630e+01
1.2613e+01
1.2591e+01
1.2583e+01
1.2563e+01
1.2544e+01
1.2519e+01
1.2519e+01
1.2489e+01
1.2450e+01
1.2414e+01
1.2384e+01
1.2359e+01
1.2334e+01
1.2315e+01
1.2293e+01
1.2285e+01
1.2263e+01
1.2246e+01
1.2227e+01
1.2216e+01
1.2205e+01
1.2205e+01
1.2196e+01
1.2185e+01
1.2180e+01
1.2171e+01
1.2160e+01
1.2155e+01
1.2149e+01
1.2144e+01
1.2135e+01
1.2135e+01
1.2116e+01
1.2119e+01
1.2105e+01
1.2088e+01
1.2083e+01
1.2077e+01
1.2066e+01
1.2047e+01
1.2016e+01
1.1992e+01
1.1958e+01
1.1928e+01
1.1908e+01
1.1886e+01
1.1864e+01
1.1847e+01
1.1825e+01
1.1798e+01
1.1781e+01
1.1762e+01
1.1739e+01
1.1717e+01
1.1703e+01
1.1684e+01
1.1681e+01
1.1662e+01
1.1640e+01
1.1609e+01
1.1598e+01
1.1581e+01
1.1562e+01
1.1545e+01
1.1531e+01
1.1515e+01
1.1498e+01
1.1473e+01
1.1456e+01
1.1426e+01
1.1390e+01
1.1353e+01
1.1331e+01
1.1295e+01
1.1281e+01
1.1256e+01
1.1237e+01
1.1214e+01
1.1195e+01
1.1167e+01
1.1145e+01
1.1125e+01
1.1103e+01
1.1078e+01
1.1072e+01
1.1047e+01
1.1025e+01
1.1006e+01
1.0992e+01
1.0958e+01
1.0953e+01
1.0927e+01
1.0900e+01
1.0883e+01
1.0863e+01
1.0841e+01
1.0821e+01
1.0802e+01
1.0774e+01
1.0752e+01
1.0721e+01
1.0685e+01
1.0646e+01
1.0609e+01
1.0595e+01
1.0565e+01
1.0548e+01
1.0523e+01
1.0495e+01
1.0478e+01
1.0467e+01
1.0444e+01
1.0414e+01
1.0400e+01
1.0388e+01
1.0380e+01
1.0369e+01
1.0355e+01
1.0349e+01
1.0338e+01
1.0324e+01
1.0307e+01
1.0299e+01
1.0288e+01
1.0276e+01
1.0265e+01
1.0251e+01
1.0240e+01
1.0229e+01
1.0218e+01
1.0187e+01
1.0167e+01
1.0128e+01
1.0114e+01
1.0091e+01
1.0069e+01
1.0055e+01
1.0030e+01
1.0019e+01
1.0005e+01
9.9821e+00
9.9597e+00
9.9428e+00
9.9288e+00
9.9091e+00
9.8923e+00
9.8783e+00
9.8614e+00
9.8502e+00
9.8361e+00
9.8193e+00
9.7940e+00
9.7800e+00
9.7631e+00
9.7462e+00
9.7266e+00
9.7097e+00
9.6788e+00
9.6619e+00
9.6478e+00
9.6197e+00
9.5944e+00
9.5409e+00
9.5015e+00
9.4734e+00
9.4481e+00
9.4227e+00
9.3917e+00
9.3805e+00
9.3523e+00
9.3354e+00
9.3100e+00
9.2903e+00
9.2621e+00
9.2367e+00
9.2085e+00
9.1831e+00
9.1634e+00
9.1493e+00
9.1239e+00
9.1041e+00
9.0900e+00
9.0759e+00
9.0505e+00
9.0364e+00
9.0082e+00
8.9940e+00
8.9686e+00
8.9573e+00
8.9404e+00
8.9149e+00
8.8895e+00
8.8443e+00
8.8132e+00
8.7849e+00
8.7566e+00
8.7255e+00
8.7028e+00
8.6887e+00
8.6661e+00
8.6547e+00
8.6236e+00
8.6066e+00
8.5868e+00
8.5698e+00
8.5471e+00
8.5273e+00
8.5046e+00
8.4820e+00
8.4763e+00
8.4593e+00
8.4366e+00
8.4253e+00
8.3998e+00
8.3884e+00
8.3686e+00
8.3515e+00
8.3260e+00
8.3203e+00
8.2976e+00
8.2835e+00
8.2607e+00
8.2267e+00
8.1926e+00
8.1500e+00
8.1273e+00
8.1074e+00
8.0847e+00
8.0648e+00
8.0477e+00
8.0307e+00
8.0051e+00
7.9852e+00
7.9568e+00
7.9454e+00
7.9226e+00
7.9084e+00
7.8942e+00
7.8714e+00
7.8515e+00
7.8373e+00
7.8202e+00
7.7974e+00
7.7747e+00
7.7547e+00
7.7376e+00
7.7262e+00
7.6978e+00
7.6778e+00
7.6550e+00
7.6379e+00
7.6094e+00
7.5923e+00
7.5667e+00
7.5267e+00
7.4897e+00
7.4497e+00
7.4269e+00
7.3983e+00
7.3812e+00
7.3612e+00
7.3355e+00
7.3241e+00
7.3013e+00
7.2813e+00
7.2641e+00
7.2527e+00
7.2270e+00
7.2041e+00
7.1841e+00
7.1727e+00
7.1555e+00
7.1327e+00
7.1126e+00
7.0840e+00
7.0726e+00
7.0583e+00
7.0411e+00
7.0297e+00
7.0096e+00
6.9953e+00
6.9696e+00
6.9553e+00
6.9238e+00
6.8865e+00
6.8550e+00
6.8293e+00
6.8006e+00
6.7748e+00
6.7576e+00
6.7433e+00
6.7289e+00
6.7117e+00
6.6945e+00
6.6859e+00
6.6572e+00
6.6429e+00
6.6286e+00
6.6200e+00
6.5970e+00
6.5769e+00
6.5654e+00
6.5511e+00
6.5281e+00
6.5109e+00
6.5051e+00
6.4793e+00
6.4707e+00
6.4592e+00
6.4448e+00
6.4333e+00
6.4132e+00
6.3989e+00
6.3730e+00
6.3414e+00
6.3213e+00
6.2896e+00
6.2638e+00
6.2436e+00
6.2293e+00
6.2062e+00
6.1947e+00
6.1775e+00
6.1660e+00
6.1487e+00
6.1401e+00
6.1257e+00
6.1084e+00
6.0940e+00
6.0796e+00
6.0681e+00
6.0537e+00
6.0422e+00
6.0220e+00
6.0076e+00
5.9961e+00
5.9788e+00
5.9701e+00
5.9529e+00
5.9384e+00
5.9240e+00
5.9039e+00
5.8866e+00
5.8693e+00
5.8491e+00
5.8087e+00
5.7741e+00
5.7395e+00
5.7019e+00
5.6644e+00
5.6355e+00
5.6067e+00
5.5835e+00
5.5720e+00
5.5460e+00
5.5258e+00
5.5055e+00
5.4824e+00
5.4593e+00
5.4361e+00
5.4275e+00
5.3986e+00
5.3899e+00
5.3667e+00
5.3523e+00
5.3320e+00
5.3147e+00
5.3002e+00
5.2683e+00
5.2510e+00
5.2336e+00
5.2133e+00
5.1931e+00
5.1757e+00
5.1641e+00
5.1525e+00
5.1206e+00
5.0975e+00
5.0685e+00
5.0395e+00
5.0192e+00
5.0076e+00
4.9873e+00
4.9815e+00
4.9641e+00
4.9554e+00
4.9351e+00
4.9293e+00
4.9177e+00
4.9148e+00
4.9119e+00
4.9090e+00
4.9003e+00
4.8974e+00
4.9003e+00
4.9032e+00
4.9003e+00
4.9003e+00
4.9061e+00
4.9206e+00
4.9235e+00
4.9380e+00
4.9496e+00
4.9699e+00
4.9786e+00
4.9873e+00
4.9757e+00
4.9670e+00
4.9612e+00
4.9525e+00
4.9554e+00
4.9554e+00
4.9699e+00
4.9786e+00
4.9786e+00
4.9873e+00
4.9989e+00
5.0018e+00
5.0018e+00
5.0047e+00
5.0105e+00
5.0192e+00
5.0308e+00
5.0337e+00
5.0453e+00
5.0395e+00
5.0424e+00
5.0453e+00
5.0482e+00
5.0482e+00
5.0511e+00
5.0511e+00
5.0424e+00
5.0424e+00
5.0424e+00
5.0511e+00
5.0569e+00
5.0453e+00
5.0308e+00
5.0279e+00
5.0018e+00
4.9931e+00
4.9960e+00
4.9902e+00
4.9786e+00
4.9728e+00
4.9699e+00
4.9641e+00
4.9525e+00
4.9409e+00
4.9293e+00
4.9264e+00
4.9206e+00
4.9148e+00
4.9148e+00
4.9003e+00
4.8916e+00
4.8771e+00
4.8771e+00
4.8625e+00
4.8480e+00
4.8277e+00
4.8161e+00
4.8074e+00
4.7958e+00
4.7725e+00
4.7580e+00
4.7522e+00
4.7348e+00
4.7086e+00
4.6854e+00
4.6476e+00
4.6156e+00
4.5836e+00
4.5633e+00
4.5371e+00
4.5226e+00
4.4935e+00
4.4731e+00
4.4498e+00
4.4324e+00
4.4120e+00
4.3858e+00
4.3567e+00
4.3392e+00
4.3305e+00
4.3072e+00
4.2839e+00
4.2780e+00
4.2693e+00
4.2576e+00
4.2285e+00
4.2197e+00
4.2168e+00
4.2110e+00
4.2110e+00
4.1877e+00
4.1935e+00
4.1848e+00
4.1877e+00
4.1760e+00
4.1760e+00
4.1527e+00
4.1498e+00
4.1352e+00
4.1439e+00
4.1381e+00
4.1469e+00
4.1585e+00
4.1818e+00
4.1935e+00
4.2139e+00
4.2314e+00
4.2693e+00
4.2955e+00
4.3479e+00
4.3945e+00
4.4644e+00
4.5342e+00
4.6011e+00
4.6621e+00
4.7261e+00
4.8074e+00
4.8683e+00
4.9670e+00
5.0424e+00
5.1293e+00
5.1931e+00
5.2626e+00
5.3204e+00
5.3812e+00
5.4390e+00
5.4997e+00
5.5315e+00
5.5633e+00
5.5893e+00
5.6182e+00
5.6355e+00
5.6731e+00
5.6846e+00
5.7164e+00
5.7395e+00
5.7770e+00
5.8029e+00
5.8231e+00
5.8462e+00
5.8693e+00
5.9010e+00
5.9240e+00
5.9327e+00
5.9442e+00
5.9500e+00
5.9673e+00
5.9673e+00
5.9730e+00
5.9644e+00
5.9730e+00
5.9673e+00
5.9586e+00
5.9413e+00
5.9384e+00
5.9212e+00
5.8981e+00
5.8837e+00
5.8721e+00
5.8462e+00
5.8116e+00
5.7712e+00
5.7395e+00
5.7077e+00
5.6846e+00
5.6500e+00
5.6269e+00
5.5951e+00
5.5749e+00
5.5460e+00
5.5171e+00
5.4766e+00
5.4419e+00
5.4246e+00
5.3957e+00
5.3609e+00
5.3349e+00
5.3031e+00
5.2857e+00
5.2539e+00
5.2336e+00
5.2046e+00
5.1757e+00
5.1496e+00
5.1235e+00
5.0888e+00
5.0569e+00
5.0366e+00
5.0076e+00
4.9757e+00
4.9351e+00
4.9061e+00
4.8683e+00
4.8306e+00
4.7929e+00
4.7667e+00
4.7406e+00
4.7173e+00
4.6999e+00
4.6738e+00
4.6534e+00
4.6302e+00
4.5982e+00
4.5778e+00
4.5575e+00
4.5458e+00
4.5226e+00
4.5138e+00
4.4964e+00
4.4818e+00
4.4731e+00
4.4586e+00
4.4440e+00
4.4324e+00
4.4207e+00
4.4091e+00
4.3974e+00
4.3916e+00
4.3800e+00
4.3712e+00
4.3392e+00
4.3305e+00
4.2926e+00
4.2693e+00
4.2460e+00
4.2343e+00
4.2197e+00
4.2052e+00
4.1906e+00
4.1702e+00
4.1644e+00
4.1469e+00
4.1264e+00
4.1089e+00
4.0914e+00
4.0798e+00
4.0623e+00
4.0652e+00
4.0477e+00
4.0389e+00
4.0331e+00
4.0243e+00
4.0156e+00
4.0127e+00
3.9981e+00
3.9805e+00
3.9776e+00
3.9718e+00
3.9543e+00
3.9455e+00
3.9338e+00
3.9192e+00
3.8842e+00
3.8550e+00
3.8199e+00
3.8053e+00
3.7907e+00
3.7702e+00
3.7585e+00
3.7527e+00
3.7439e+00
3.7234e+00
3.7147e+00
3.6942e+00
3.6708e+00
3.6591e+00
3.6474e+00
3.6357e+00
3.6240e+00
3.6152e+00
3.5918e+00
3.5742e+00
3.5596e+00
3.5420e+00
3.5303e+00
3.5186e+00
3.5010e+00
3.4688e+00
3.4600e+00
3.4454e+00
3.4249e+00
3.3897e+00
3.3575e+00
3.3252e+00
3.2930e+00
3.2695e+00
3.2460e+00
3.2284e+00
3.2079e+00
3.1874e+00
3.1698e+00
3.1375e+00
3.1257e+00
3.1022e+00
3.0758e+00
3.0523e+00
3.0435e+00
3.0141e+00
2.9994e+00
2.9818e+00
2.9612e+00
2.9436e+00
2.9201e+00
2.9083e+00
2.8936e+00
2.8760e+00
2.8584e+00
2.8319e+00
2.8231e+00
2.7995e+00
2.7819e+00
2.7524e+00
2.7171e+00
2.6877e+00
2.6641e+00
2.6376e+00
2.6200e+00
2.5993e+00
2.5758e+00
2.5552e+00
2.5404e+00
2.5286e+00
2.5109e+00
2.4874e+00
2.4726e+00
2.4579e+00
2.4490e+00
2.4343e+00
2.4195e+00
2.4019e+00
2.3871e+00
2.3753e+00
2.3547e+00
2.3635e+00
2.3547e+00
2.3517e+00
2.3399e+00
2.3340e+00
2.3251e+00
2.3163e+00
2.3015e+00
2.2838e+00
2.2514e+00
2.2189e+00
2.1864e+00
2.1598e+00
2.1391e+00
2.1155e+00
2.0918e+00
2.0712e+00
2.0445e+00
2.0209e+00
1.9972e+00
1.9736e+00
1.9499e+00
1.9233e+00
1.9055e+00
1.8789e+00
1.8641e+00
1.8315e+00
1.8108e+00
1.7812e+00
1.7575e+00
1.7338e+00
1.7101e+00
1.6834e+00
1.6597e+00
1.6390e+00
1.6182e+00
1.5975e+00
1.5649e+00
1.5322e+00
1.4966e+00
1.4581e+00
1.4373e+00
1.4046e+00
1.3839e+00
1.3542e+00
1.3304e+00
1.3096e+00
1.2948e+00
1.2680e+00
1.2413e+00
1.2175e+00
1.1967e+00
1.1759e+00
1.1551e+00
1.1253e+00
1.1105e+00
1.0956e+00
1.0837e+00
1.0569e+00
1.0420e+00
1.0182e+00
9.9441e-01
9.8250e-01
9.7059e-01
9.5571e-01
9.3189e-01
9.2295e-01
8.9615e-01
8.7530e-01
8.4550e-01
8.2465e-01
8.0379e-01
7.9484e-01
7.8888e-01
7.8292e-01
7.7696e-01
7.8292e-01
7.7100e-01
7.7994e-01
7.6206e-01
7.7994e-01
7.7398e-01
8.0081e-01
8.0379e-01
8.3657e-01
8.4253e-01
8.5444e-01
8.5146e-01
8.5444e-01
8.5742e-01
8.6934e-01
8.7232e-01
8.7828e-01
8.7232e-01
8.8423e-01
8.8423e-01
8.7828e-01
8.6934e-01
8.6934e-01
8.4253e-01
8.2763e-01
8.0081e-01
7.8888e-01
7.7696e-01
7.6504e-01
7.5013e-01
7.3821e-01
7.2926e-01
7.2628e-01
7.0839e-01
6.9944e-01
6.8453e-01
6.8453e-01
6.6962e-01
6.6663e-01
6.6962e-01
6.6067e-01
6.5768e-01
6.4873e-01
6.4873e-01
6.4575e-01
6.4575e-01
6.3382e-01
6.3382e-01
6.2188e-01
6.1890e-01
6.0696e-01
5.9502e-01
5.8607e-01
5.6219e-01
5.3831e-01
5.2040e-01
5.0248e-01
4.9651e-01
4.8755e-01
4.8158e-01
4.6665e-01
4.6366e-01
4.4872e-01
4.4275e-01
4.2184e-01
4.1287e-01
4.0391e-01
3.9495e-01
3.8897e-01
3.7702e-01
3.6506e-01
3.5908e-01
3.4414e-01
3.3517e-01
3.2620e-01
3.2022e-01
3.0826e-01
3.0527e-01
2.8733e-01
2.9032e-01
2.7836e-01
2.6640e-01
2.4845e-01
2.1854e-01
2.0358e-01
1.8264e-01
1.7366e-01
1.6468e-01
1.5271e-01
1.4972e-01
1.4673e-01
1.4074e-01
1.3475e-01
1.3176e-01
1.1679e-01
1.1081e-01
9.5837e-02
8.9849e-02
7.7872e-02
6.8889e-02
6.5895e-02
5.9905e-02
4.7926e-02
3.5946e-02
2.6960e-02
1.1983e-02
0000
