1.9231e+01
1.9210e+01
1.9197e+01
1.9171e+01
1.9141e+01
1.9119e+01
1.9085e+01
1.9059e+01
1.9042e+01
1.9011e+01
1.8981e+01
1.8960e+01
1.8947e+01
1.8925e+01
1.8899e+01
1.8873e+01
1.8860e+01
1.8839e+01
1.8826e+01
1.8808e+01
1.8783e+01
1.8761e+01
1.8735e+01
1.8718e+01
1.8692e+01
1.8675e+01
1.8653e+01
1.8627e+01
1.8605e+01
1.8588e+01
1.8575e+01
1.8553e+01
1.8536e+01
1.8510e+01
1.8484e+01
1.8463e+01
1.8441e+01
1.8432e+01
1.8419e+01
1.8411e+01
1.8393e+01
1.8385e+01
1.8376e+01
1.8354e+01
1.8354e+01
1.8341e+01
1.8337e+01
1.8320e+01
1.8320e+01
1.8307e+01
1.8289e+01
1.8294e+01
1.8285e+01
1.8281e+01
1.8259e+01
1.8259e+01
1.8246e+01
1.8250e+01
1.8246e+01
1.8255e+01
1.8237e+01
1.8259e+01
1.8242e+01
1.8250e+01
1.8242e+01
1.8242e+01
1.8224e+01
1.8220e+01
1.8207e+01
1.8216e+01
1.8216e+01
1.8233e+01
1.8224e+01
1.8259e+01
1.8268e+01
1.8320e+01
1.8350e+01
1.8402e+01
1.8454e+01
1.8536e+01
1.8597e+01
1.8666e+01
1.8735e+01
1.8808e+01
1.8878e+01
1.8960e+01
1.9042e+01
1.9132e+01
1.9227e+01
1.9330e+01
1.9477e+01
1.9597e+01
1.9688e+01
1.9795e+01
1.9894e+01
2.0001e+01
2.0121e+01
2.0237e+01
2.0353e+01
2.0473e+01
2.0576e+01
2.0674e+01
2.0772e+01
2.0871e+01
2.0965e+01
2.1059e+01
2.1148e+01
2.1229e+01
2.1314e+01
2.1395e+01
2.1476e+01
2.1553e+01
2.1634e+01
2.1706e+01
2.1770e+01
2.1838e+01
2.1889e+01
2.1948e+01
2.1999e+01
2.2063e+01
2.2110e+01
2.2165e+01
2.2190e+01
2.2224e+01
2.2250e+01
2.2267e+01
2.2284e+01
2.2296e+01
2.2313e+01
2.2326e+01
2.2326e+01
2.2330e+01
2.2326e+01
2.2330e+01
2.2322e+01
2.2330e+01
2.2318e+01
2.2313e+01
2.2305e+01
2.2296e+01
2.2284e+01
2.2267e+01
2.2237e+01
2.2212e+01
2.2195e+01
2.2161e+01
2.2123e+01
2.2093e+01
2.2059e+01
2.2029e+01
2.1978e+01
2.1948e+01
2.1902e+01
2.1872e+01
2.1838e+01
2.1817e+01
2.1804e+01
2.1791e+01
2.1795e+01
2.1800e+01
2.1808e+01
2.1812e+01
2.1825e+01
2.1846e+01
2.1863e+01
2.1876e+01
2.1880e+01
2.1893e+01
2.1914e+01
2.1927e+01
2.1940e+01
2.1944e+01
2.1965e+01
2.1974e+01
2.1987e+01
2.1982e+01
2.2004e+01
2.2004e+01
2.2004e+01
2.2008e+01
2.2016e+01
2.2008e+01
2.1982e+01
2.1978e+01
2.1965e+01
2.1957e+01
2.1961e+01
2.1957e+01
2.1957e+01
2.1953e+01
2.1957e+01
2.1965e+01
2.1965e+01
2.1965e+01
2.1965e+01
2.1957e+01
2.1944e+01
2.1936e+01
2.1927e+01
2.1919e+01
2.1893e+01
2.1889e+01
2.1872e+01
2.1872e+01
2.1880e+01
2.1880e+01
2.1880e+01
2.1889e+01
2.1897e+01
2.1880e+01
2.1868e+01
2.1846e+01
2.1825e+01
2.1800e+01
2.1761e+01
2.1723e+01
2.1681e+01
2.1647e+01
2.1608e+01
2.1574e+01
2.1544e+01
2.1515e+01
2.1493e+01
2.1464e+01
2.1434e+01
2.1395e+01
2.1361e+01
2.1336e+01
2.1310e+01
2.1285e+01
2.1251e+01
2.1212e+01
2.1187e+01
2.1161e+01
2.1140e+01
2.1093e+01
2.1076e+01
2.1050e+01
2.1020e+01
2.0986e+01
2.0960e+01
2.0926e+01
2.0905e+01
2.0875e+01
2.0845e+01
2.0811e+01
2.0772e+01
2.0734e+01
2.0695e+01
2.0657e+01
2.0627e+01
2.0588e+01
2.0567e+01
2.0533e+01
2.0503e+01
2.0473e+01
2.0456e+01
2.0417e+01
2.0387e+01
2.0357e+01
2.0340e+01
2.0310e+01
2.0284e+01
2.0263e+01
2.0237e+01
2.0203e+01
2.0186e+01
2.0156e+01
2.0139e+01
2.0113e+01
2.0091e+01
2.0057e+01
2.0040e+01
2.0014e+01
1.9988e+01
1.9954e+01
1.9928e+01
1.9903e+01
1.9864e+01
1.9830e+01
1.9791e+01
1.9757e+01
1.9735e+01
1.9705e+01
1.9679e+01
1.9653e+01
1.9640e+01
1.9610e+01
1.9589e+01
1.9567e+01
1.9546e+01
1.9524e+01
1.9498e+01
1.9481e+01
1.9455e+01
1.9434e+01
1.9412e+01
1.9391e+01
1.9374e+01
1.9343e+01
1.9326e+01
1.9305e+01
1.9292e+01
1.9266e+01
1.9244e+01
1.9218e+01
1.9193e+01
1.9167e+01
1.9145e+01
1.9128e+01
1.9106e+01
1.9080e+01
1.9050e+01
1.9020e+01
1.8994e+01
1.8955e+01
1.8938e+01
1.8912e+01
1.8886e+01
1.8856e+01
1.8834e+01
1.8808e+01
1.8783e+01
1.8757e+01
1.8731e+01
1.8709e+01
1.8687e+01
1.8670e+01
1.8640e+01
1.8614e+01
1.8601e+01
1.8571e+01
1.8549e+01
1.8523e+01
1.8506e+01
1.8480e+01
1.8458e+01
1.8432e+01
1.8406e+01
1.8393e+01
1.8363e+01
1.8341e+01
1.8320e+01
1.8294e+01
1.8272e+01
1.8242e+01
1.8207e+01
1.8177e+01
1.8164e+01
1.8129e+01
1.8099e+01
1.8077e+01
1.8060e+01
1.8038e+01
1.8008e+01
1.7986e+01
1.7960e+01
1.7942e+01
1.7916e+01
1.7903e+01
1.7890e+01
1.7869e+01
1.7851e+01
1.7834e+01
1.7821e+01
1.7799e+01
1.7795e+01
1.7773e+01
1.7751e+01
1.7734e+01
1.7721e+01
1.7708e+01
1.7686e+01
1.7673e+01
1.7656e+01
1.7638e+01
1.7608e+01
1.7586e+01
1.7560e+01
1.7534e+01
1.7517e+01
1.7504e+01
1.7482e+01
1.7460e+01
1.7451e+01
1.7430e+01
1.7412e+01
1.7412e+01
1.7395e+01
1.7382e+01
1.7360e+01
1.7364e+01
1.7351e+01
1.7347e+01
1.7347e+01
1.7347e+01
1.7338e+01
1.7338e+01
1.7338e+01
1.7329e+01
1.7325e+01
1.7338e+01
1.7329e+01
1.7347e+01
1.7343e+01
1.7338e+01
1.7329e+01
1.7329e+01
1.7321e+01
1.7321e+01
1.7308e+01
1.7303e+01
1.7303e+01
1.7290e+01
1.7290e+01
1.7295e+01
1.7295e+01
1.7303e+01
1.7308e+01
1.7308e+01
1.7308e+01
1.7316e+01
1.7321e+01
1.7321e+01
1.7325e+01
1.7334e+01
1.7356e+01
1.7360e+01
1.7377e+01
1.7395e+01
1.7421e+01
1.7430e+01
1.7460e+01
1.7482e+01
1.7499e+01
1.7517e+01
1.7543e+01
1.7556e+01
1.7582e+01
1.7604e+01
1.7660e+01
1.7682e+01
1.7682e+01
1.7660e+01
1.7651e+01
1.7630e+01
1.7621e+01
1.7599e+01
1.7591e+01
1.7577e+01
1.7556e+01
1.7534e+01
1.7517e+01
1.7490e+01
1.7473e+01
1.7451e+01
1.7425e+01
1.7399e+01
1.7390e+01
1.7360e+01
1.7343e+01
1.7312e+01
1.7295e+01
1.7273e+01
1.7247e+01
1.7216e+01
1.7181e+01
1.7155e+01
1.7129e+01
1.7112e+01
1.7081e+01
1.7055e+01
1.7011e+01
1.6972e+01
1.6941e+01
1.6902e+01
1.6872e+01
1.6841e+01
1.6819e+01
1.6793e+01
1.6762e+01
1.6741e+01
1.6701e+01
1.6688e+01
1.6658e+01
1.6645e+01
1.6618e+01
1.6605e+01
1.6588e+01
1.6566e+01
1.6548e+01
1.6526e+01
1.6518e+01
1.6496e+01
1.6474e+01
1.6452e+01
1.6426e+01
1.6408e+01
1.6391e+01
1.6378e+01
1.6351e+01
1.6334e+01
1.6303e+01
1.6277e+01
1.6255e+01
1.6229e+01
1.6216e+01
1.6185e+01
1.6168e+01
1.6154e+01
1.6137e+01
1.6115e+01
1.6097e+01
1.6102e+01
1.6089e+01
1.6102e+01
1.6093e+01
1.6106e+01
1.6115e+01
1.6128e+01
1.6141e+01
1.6150e+01
1.6172e+01
1.6176e+01
1.6198e+01
1.6216e+01
1.6242e+01
1.6264e+01
1.6281e+01
1.6303e+01
1.6330e+01
1.6338e+01
1.6338e+01
1.6338e+01
1.6330e+01
1.6330e+01
1.6321e+01
1.6312e+01
1.6312e+01
1.6299e+01
1.6290e+01
1.6273e+01
1.6268e+01
1.6251e+01
1.6233e+01
1.6220e+01
1.6203e+01
1.6189e+01
1.6172e+01
1.6159e+01
1.6146e+01
1.6119e+01
1.6111e+01
1.6093e+01
1.6080e+01
1.6054e+01
1.6032e+01
1.6010e+01
1.5992e+01
1.5966e+01
1.5944e+01
1.5918e+01
1.5891e+01
1.5869e+01
1.5843e+01
1.5808e+01
1.5773e+01
1.5742e+01
1.5711e+01
1.5676e+01
1.5650e+01
1.5615e+01
1.5588e+01
1.5557e+01
1.5531e+01
1.5509e+01
1.5470e+01
1.5439e+01
1.5412e+01
1.5390e+01
1.5360e+01
1.5333e+01
1.5316e+01
1.5285e+01
1.5258e+01
1.5227e+01
1.5210e+01
1.5175e+01
1.5153e+01
1.5122e+01
1.5095e+01
1.5064e+01
1.5042e+01
1.5020e+01
1.4998e+01
1.4972e+01
1.4937e+01
1.4910e+01
1.4875e+01
1.4848e+01
1.4831e+01
1.4800e+01
1.4778e+01
1.4747e+01
1.4729e+01
1.4707e+01
1.4685e+01
1.4667e+01
1.4636e+01
1.4605e+01
1.4579e+01
1.4561e+01
1.4544e+01
1.4522e+01
1.4495e+01
1.4473e+01
1.4464e+01
1.4433e+01
1.4424e+01
1.4398e+01
1.4376e+01
1.4358e+01
1.4345e+01
1.4327e+01
1.4305e+01
1.4283e+01
1.4252e+01
1.4234e+01
1.4203e+01
1.4172e+01
1.4154e+01
1.4128e+01
1.4114e+01
1.4092e+01
1.4079e+01
1.4052e+01
1.4035e+01
1.4012e+01
1.3990e+01
1.3973e+01
1.3946e+01
1.3933e+01
1.3911e+01
1.3893e+01
1.3875e+01
1.3853e+01
1.3844e+01
1.3826e+01
1.3817e+01
1.3800e+01
1.3791e+01
1.3777e+01
1.3760e+01
1.3742e+01
1.3729e+01
1.3724e+01
1.3706e+01
1.3698e+01
1.3671e+01
1.3666e+01
1.3649e+01
1.3644e+01
1.3635e+01
1.3640e+01
1.3640e+01
1.3644e+01
1.3644e+01
1.3662e+01
1.3671e+01
1.3702e+01
1.3711e+01
1.3742e+01
1.3764e+01
1.3808e+01
1.3822e+01
1.3857e+01
1.3879e+01
1.3893e+01
1.3902e+01
1.3919e+01
1.3933e+01
1.3937e+01
1.3942e+01
1.3959e+01
1.3981e+01
1.3995e+01
1.3999e+01
1.4008e+01
1.4021e+01
1.4030e+01
1.4030e+01
1.4030e+01
1.4026e+01
1.4017e+01
1.4030e+01
1.4026e+01
1.4030e+01
1.4021e+01
1.4030e+01
1.4017e+01
1.4026e+01
1.4026e+01
1.4035e+01
1.4035e+01
1.4044e+01
1.4035e+01
1.4021e+01
1.4012e+01
1.4012e+01
1.3981e+01
1.3968e+01
1.3942e+01
1.3937e+01
1.3911e+01
1.3893e+01
1.3871e+01
1.3853e+01
1.3822e+01
1.3804e+01
1.3782e+01
1.3760e+01
1.3724e+01
1.3698e+01
1.3666e+01
1.3626e+01
1.3586e+01
1.3569e+01
1.3524e+01
1.3502e+01
1.3480e+01
1.3449e+01
1.3413e+01
1.3395e+01
1.3360e+01
1.3333e+01
1.3306e+01
1.3275e+01
1.3253e+01
1.3226e+01
1.3204e+01
1.3186e+01
1.3160e+01
1.3142e+01
1.3115e+01
1.3102e+01
1.3070e+01
1.3053e+01
1.3035e+01
1.3013e+01
1.2990e+01
1.2964e+01
1.2941e+01
1.2923e+01
1.2901e+01
1.2879e+01
1.2852e+01
1.2821e+01
1.2790e+01
1.2772e+01
1.2745e+01
1.2736e+01
1.2705e+01
1.2687e+01
1.2669e+01
1.2647e+01
1.2629e+01
1.2602e+01
1.2584e+01
1.2558e+01
1.2535e+01
1.2522e+01
1.2499e+01
1.2473e+01
1.2450e+01
1.2446e+01
1.2423e+01
1.2410e+01
1.2383e+01
1.2365e+01
1.2347e+01
1.2321e+01
1.2303e+01
1.2280e+01
1.2262e+01
1.2245e+01
1.2231e+01
1.2213e+01
1.2191e+01
1.2169e+01
1.2133e+01
1.2115e+01
1.2079e+01
1.2066e+01
1.2048e+01
1.2034e+01
1.2016e+01
1.1989e+01
1.1967e+01
1.1949e+01
1.1936e+01
1.1918e+01
1.1891e+01
1.1873e+01
1.1855e+01
1.1833e+01
1.1806e+01
1.1806e+01
1.1783e+01
1.1765e+01
1.1743e+01
1.1729e+01
1.1698e+01
1.1676e+01
1.1671e+01
1.1649e+01
1.1635e+01
1.1617e+01
1.1604e+01
1.1581e+01
1.1559e+01
1.1541e+01
1.1518e+01
1.1500e+01
1.1464e+01
1.1442e+01
1.1429e+01
1.1411e+01
1.1388e+01
1.1370e+01
1.1352e+01
1.1334e+01
1.1321e+01
1.1289e+01
1.1267e+01
1.1249e+01
1.1235e+01
1.1217e+01
1.1195e+01
1.1190e+01
1.1172e+01
1.1163e+01
1.1136e+01
1.1118e+01
1.1105e+01
1.1082e+01
1.1064e+01
1.1055e+01
1.1037e+01
1.1015e+01
1.0997e+01
1.0983e+01
1.0961e+01
1.0934e+01
1.0916e+01
1.0902e+01
1.0884e+01
1.0871e+01
1.0853e+01
1.0834e+01
1.0830e+01
1.0812e+01
1.0807e+01
1.0794e+01
1.0789e+01
1.0771e+01
1.0771e+01
1.0767e+01
1.0762e+01
1.0753e+01
1.0753e+01
1.0740e+01
1.0735e+01
1.0740e+01
1.0731e+01
1.0717e+01
1.0713e+01
1.0699e+01
1.0704e+01
1.0686e+01
1.0686e+01
1.0677e+01
1.0672e+01
1.0654e+01
1.0654e+01
1.0636e+01
1.0618e+01
1.0618e+01
1.0600e+01
1.0591e+01
1.0582e+01
1.0573e+01
1.0564e+01
1.0546e+01
1.0537e+01
1.0519e+01
1.0505e+01
1.0492e+01
1.0483e+01
1.0469e+01
1.0451e+01
1.0446e+01
1.0433e+01
1.0424e+01
1.0397e+01
1.0392e+01
1.0383e+01
1.0365e+01
1.0347e+01
1.0329e+01
1.0320e+01
1.0297e+01
1.0279e+01
1.0266e+01
1.0243e+01
1.0216e+01
1.0198e+01
1.0180e+01
1.0157e+01
1.0144e+01
1.0121e+01
1.0112e+01
1.0089e+01
1.0076e+01
1.0058e+01
1.0040e+01
1.0017e+01
9.9942e+00
9.9807e+00
9.9580e+00
9.9399e+00
9.9308e+00
9.9082e+00
9.8991e+00
9.8765e+00
9.8629e+00
9.8402e+00
9.8267e+00
9.8040e+00
9.7904e+00
9.7723e+00
9.7587e+00
9.7451e+00
9.7179e+00
9.6952e+00
9.6680e+00
9.6544e+00
9.6408e+00
9.6090e+00
9.6045e+00
9.5818e+00
9.5682e+00
9.5500e+00
9.5319e+00
9.5183e+00
9.4956e+00
9.4729e+00
9.4547e+00
9.4411e+00
9.4184e+00
9.4048e+00
9.3911e+00
9.3730e+00
9.3548e+00
9.3321e+00
9.3185e+00
9.2957e+00
9.2866e+00
9.2639e+00
9.2457e+00
9.2276e+00
9.2094e+00
9.1912e+00
9.1639e+00
9.1503e+00
9.1139e+00
9.0866e+00
9.0684e+00
9.0547e+00
9.0365e+00
9.0138e+00
9.0047e+00
8.9865e+00
8.9774e+00
8.9546e+00
8.9410e+00
8.9228e+00
8.9000e+00
8.8818e+00
8.8636e+00
8.8544e+00
8.8408e+00
8.8226e+00
8.8089e+00
8.7952e+00
8.7816e+00
8.7679e+00
8.7451e+00
8.7314e+00
8.7223e+00
8.7041e+00
8.6859e+00
8.6631e+00
8.6494e+00
8.6403e+00
8.6083e+00
8.5947e+00
8.5627e+00
8.5536e+00
8.5399e+00
8.5171e+00
8.5034e+00
8.4897e+00
8.4760e+00
8.4578e+00
8.4487e+00
8.4350e+00
8.4167e+00
8.4030e+00
8.3847e+00
8.3711e+00
8.3528e+00
8.3437e+00
8.3300e+00
8.3208e+00
8.2934e+00
8.2797e+00
8.2797e+00
8.2523e+00
8.2432e+00
8.2157e+00
8.2020e+00
8.1837e+00
8.1700e+00
8.1517e+00
8.1335e+00
8.1243e+00
8.0923e+00
8.0832e+00
8.0557e+00
8.0466e+00
8.0329e+00
8.0146e+00
8.0054e+00
7.9917e+00
7.9780e+00
7.9505e+00
7.9459e+00
7.9322e+00
7.9139e+00
7.8956e+00
7.8818e+00
7.8681e+00
7.8498e+00
7.8361e+00
7.8223e+00
7.8086e+00
7.7903e+00
7.7674e+00
7.7582e+00
7.7445e+00
7.7399e+00
7.7216e+00
7.7032e+00
7.6895e+00
7.6757e+00
7.6574e+00
7.6391e+00
7.6253e+00
7.5978e+00
7.5795e+00
7.5565e+00
7.5382e+00
7.5290e+00
7.5107e+00
7.5015e+00
7.4786e+00
7.4740e+00
7.4556e+00
7.4419e+00
7.4235e+00
7.4143e+00
7.4052e+00
7.3914e+00
7.3822e+00
7.3593e+00
7.3455e+00
7.3317e+00
7.3225e+00
7.3134e+00
7.2904e+00
7.2812e+00
7.2674e+00
7.2537e+00
7.2399e+00
7.2353e+00
7.2077e+00
7.1847e+00
7.1756e+00
7.1572e+00
7.1434e+00
7.1204e+00
7.1112e+00
7.0928e+00
7.0744e+00
7.0653e+00
7.0469e+00
7.0423e+00
7.0285e+00
7.0147e+00
6.9917e+00
6.9733e+00
6.9641e+00
6.9503e+00
6.9365e+00
6.9181e+00
6.9089e+00
6.8951e+00
6.8859e+00
6.8767e+00
6.8629e+00
6.8491e+00
6.8260e+00
6.8214e+00
6.8030e+00
6.7938e+00
6.7754e+00
6.7570e+00
6.7432e+00
6.7294e+00
6.7109e+00
6.6971e+00
6.6879e+00
6.6603e+00
6.6556e+00
6.6372e+00
6.6142e+00
6.6004e+00
6.6050e+00
6.5911e+00
6.5819e+00
6.5773e+00
6.5681e+00
6.5543e+00
6.5497e+00
6.5404e+00
6.5358e+00
6.5174e+00
6.5128e+00
6.5082e+00
6.5036e+00
6.4943e+00
6.4805e+00
6.4805e+00
6.4759e+00
6.4667e+00
6.4528e+00
6.4482e+00
6.4436e+00
6.4390e+00
6.4252e+00
6.4113e+00
6.3975e+00
6.3790e+00
6.3836e+00
6.3652e+00
6.3513e+00
6.3375e+00
6.3236e+00
6.3144e+00
6.3098e+00
6.3098e+00
6.2913e+00
6.2867e+00
6.2683e+00
6.2544e+00
6.2452e+00
6.2313e+00
6.2267e+00
6.2128e+00
6.2082e+00
6.1990e+00
6.1990e+00
6.1851e+00
6.1759e+00
6.1713e+00
6.1528e+00
6.1436e+00
6.1343e+00
6.1297e+00
6.1112e+00
6.1020e+00
6.1020e+00
6.0881e+00
6.0789e+00
6.0650e+00
6.0650e+00
6.0419e+00
6.0327e+00
6.0188e+00
6.0049e+00
6.0003e+00
5.9864e+00
5.9818e+00
5.9587e+00
5.9494e+00
5.9356e+00
5.9217e+00
5.9078e+00
5.8986e+00
5.8893e+00
5.8708e+00
5.8523e+00
5.8384e+00
5.8292e+00
5.8199e+00
5.8060e+00
5.7968e+00
5.7736e+00
5.7644e+00
5.7551e+00
5.7412e+00
5.7227e+00
5.7088e+00
5.6903e+00
5.6718e+00
5.6625e+00
5.6440e+00
5.6301e+00
5.6116e+00
5.5838e+00
5.5653e+00
5.5514e+00
5.5467e+00
5.5236e+00
5.5189e+00
5.5050e+00
5.4865e+00
5.4679e+00
5.4494e+00
5.4355e+00
5.4123e+00
5.4030e+00
5.3891e+00
5.3706e+00
5.3566e+00
5.3427e+00
5.3288e+00
5.3149e+00
5.3056e+00
5.2824e+00
5.2685e+00
5.2546e+00
5.2453e+00
5.2267e+00
5.2174e+00
5.1989e+00
5.1757e+00
5.1664e+00
5.1478e+00
5.1339e+00
5.1106e+00
5.0967e+00
5.0828e+00
5.0596e+00
5.0456e+00
5.0270e+00
5.0131e+00
5.0038e+00
4.9899e+00
4.9713e+00
4.9573e+00
4.9387e+00
4.9201e+00
4.9108e+00
4.8969e+00
4.8783e+00
4.8597e+00
4.8457e+00
4.8318e+00
4.8085e+00
4.7992e+00
4.7760e+00
4.7667e+00
4.7480e+00
4.7341e+00
4.7201e+00
4.7015e+00
4.6875e+00
4.6689e+00
4.6596e+00
4.6410e+00
4.6270e+00
4.6084e+00
4.5898e+00
4.5758e+00
4.5572e+00
4.5432e+00
4.5199e+00
4.5106e+00
4.4920e+00
4.4687e+00
4.4640e+00
4.4500e+00
4.4360e+00
4.4127e+00
4.3941e+00
4.3754e+00
4.3615e+00
4.3521e+00
4.3335e+00
4.3148e+00
4.3008e+00
4.2868e+00
4.2682e+00
4.2495e+00
4.2402e+00
4.2309e+00
4.2075e+00
4.1889e+00
4.1795e+00
4.1609e+00
4.1702e+00
4.1189e+00
4.1189e+00
4.1002e+00
4.0862e+00
4.0628e+00
4.0488e+00
4.0395e+00
4.0161e+00
4.0068e+00
3.9881e+00
3.9694e+00
3.9507e+00
3.9320e+00
3.9133e+00
3.8993e+00
3.8900e+00
3.8666e+00
3.8526e+00
3.8339e+00
3.8105e+00
3.8011e+00
3.7871e+00
3.7731e+00
3.7450e+00
3.7403e+00
3.7263e+00
3.7076e+00
3.6936e+00
3.6749e+00
3.6608e+00
3.6327e+00
3.6187e+00
3.6093e+00
3.5953e+00
3.5719e+00
3.5578e+00
3.5438e+00
3.5157e+00
3.5063e+00
3.4923e+00
3.4736e+00
3.4548e+00
3.4361e+00
3.4220e+00
3.4033e+00
3.3845e+00
3.3705e+00
3.3658e+00
3.3424e+00
3.3236e+00
3.3142e+00
3.2908e+00
3.2861e+00
3.2674e+00
3.2533e+00
3.2298e+00
3.2158e+00
3.2017e+00
3.1923e+00
3.1782e+00
3.1595e+00
3.1454e+00
3.1313e+00
3.1126e+00
3.0844e+00
3.0703e+00
3.0562e+00
3.0281e+00
3.0187e+00
2.9858e+00
2.9905e+00
2.9623e+00
2.9435e+00
2.9295e+00
2.9154e+00
2.9060e+00
2.8825e+00
2.8637e+00
2.8449e+00
2.8308e+00
2.8167e+00
2.7979e+00
2.7932e+00
2.7697e+00
2.7603e+00
2.7462e+00
2.7415e+00
2.7227e+00
2.7086e+00
2.6945e+00
2.6898e+00
2.6709e+00
2.6568e+00
2.6474e+00
2.6333e+00
2.6239e+00
2.6051e+00
2.6004e+00
2.5863e+00
2.5769e+00
2.5769e+00
2.5674e+00
2.5580e+00
2.5533e+00
2.5486e+00
2.5345e+00
2.5204e+00
2.5157e+00
2.5063e+00
2.5063e+00
2.4968e+00
2.4968e+00
2.4921e+00
2.4921e+00
2.4874e+00
2.4827e+00
2.4733e+00
2.4733e+00
2.4733e+00
2.4639e+00
2.4592e+00
2.4451e+00
2.4262e+00
2.4215e+00
2.4121e+00
2.3980e+00
2.3838e+00
2.3838e+00
2.3697e+00
2.3603e+00
2.3461e+00
2.3320e+00
2.3273e+00
2.3132e+00
2.2990e+00
2.2849e+00
2.2755e+00
2.2566e+00
2.2330e+00
2.2283e+00
2.2095e+00
2.1906e+00
2.1717e+00
2.1623e+00
2.1576e+00
2.1387e+00
2.1293e+00
2.1057e+00
2.0963e+00
2.0821e+00
2.0727e+00
2.0633e+00
2.0491e+00
2.0350e+00
2.0255e+00
2.0114e+00
1.9925e+00
1.9878e+00
1.9689e+00
1.9594e+00
1.9406e+00
1.9358e+00
1.9217e+00
1.9122e+00
1.9075e+00
1.9028e+00
1.9075e+00
1.9075e+00
1.8933e+00
1.9075e+00
1.9028e+00
1.9217e+00
1.9169e+00
1.9358e+00
1.9406e+00
1.9830e+00
2.0019e+00
2.0397e+00
2.0727e+00
2.1340e+00
2.1812e+00
2.2283e+00
2.2660e+00
2.2990e+00
2.3367e+00
2.3980e+00
2.4356e+00
2.4827e+00
2.5204e+00
2.5722e+00
2.6145e+00
2.6662e+00
2.7180e+00
2.7556e+00
2.8026e+00
2.8496e+00
2.9013e+00
2.9342e+00
2.9811e+00
3.0046e+00
3.0422e+00
3.0656e+00
3.0985e+00
3.1219e+00
3.1501e+00
3.1689e+00
3.1829e+00
3.1923e+00
3.2064e+00
3.2111e+00
3.2298e+00
3.2298e+00
3.2298e+00
3.2205e+00
3.2251e+00
3.2111e+00
3.2064e+00
3.2064e+00
3.2064e+00
3.1923e+00
3.1689e+00
3.1501e+00
3.1266e+00
3.1032e+00
3.0844e+00
3.0562e+00
3.0328e+00
2.9999e+00
2.9811e+00
2.9482e+00
2.9248e+00
2.8919e+00
2.8637e+00
2.8308e+00
2.8026e+00
2.7697e+00
2.7368e+00
2.7133e+00
2.6851e+00
2.6568e+00
2.6333e+00
2.5957e+00
2.5722e+00
2.5392e+00
2.5251e+00
2.4968e+00
2.4686e+00
2.4356e+00
2.4121e+00
2.3838e+00
2.3509e+00
2.3179e+00
2.2849e+00
2.2613e+00
2.2378e+00
2.2000e+00
2.1812e+00
2.1482e+00
2.1293e+00
2.0963e+00
2.0821e+00
2.0538e+00
2.0208e+00
2.0019e+00
1.9689e+00
1.9406e+00
1.9169e+00
1.9028e+00
1.8744e+00
1.8508e+00
1.8272e+00
1.8083e+00
1.7941e+00
1.7658e+00
1.7469e+00
1.7233e+00
1.7091e+00
1.6902e+00
1.6760e+00
1.6524e+00
1.6287e+00
1.6098e+00
1.5862e+00
1.5720e+00
1.5578e+00
1.5483e+00
1.5341e+00
1.5152e+00
1.5105e+00
1.4963e+00
1.4868e+00
1.4726e+00
1.4584e+00
1.4489e+00
1.4442e+00
1.4253e+00
1.4063e+00
1.3921e+00
1.3827e+00
1.3732e+00
1.3543e+00
1.3353e+00
1.3211e+00
1.3164e+00
1.3069e+00
1.3022e+00
1.3069e+00
1.3069e+00
1.2927e+00
1.2880e+00
1.2832e+00
1.2832e+00
1.2880e+00
1.2880e+00
1.2785e+00
1.2927e+00
1.2785e+00
1.2880e+00
1.2785e+00
1.2832e+00
1.2832e+00
1.2880e+00
1.2880e+00
1.2832e+00
1.2832e+00
1.2832e+00
1.2737e+00
1.2785e+00
1.2737e+00
1.2785e+00
1.2595e+00
1.2595e+00
1.2548e+00
1.2548e+00
1.2453e+00
1.2406e+00
1.2358e+00
1.2264e+00
1.2169e+00
1.2074e+00
1.2121e+00
1.2074e+00
1.2027e+00
1.1979e+00
1.1932e+00
1.2027e+00
1.1932e+00
1.1932e+00
1.1790e+00
1.1600e+00
1.1553e+00
1.1411e+00
1.1316e+00
1.1079e+00
1.1031e+00
1.0889e+00
1.0842e+00
1.0557e+00
1.0462e+00
1.0272e+00
1.0035e+00
9.8930e-01
9.7032e-01
9.6083e-01
9.3711e-01
9.2287e-01
9.0863e-01
8.8965e-01
8.7541e-01
8.6116e-01
8.6591e-01
8.4217e-01
8.3268e-01
8.1843e-01
7.9944e-01
7.9469e-01
7.7569e-01
7.6619e-01
7.4245e-01
7.3769e-01
7.2344e-01
7.1869e-01
7.1394e-01
7.0919e-01
7.0919e-01
7.0444e-01
6.9018e-01
6.9018e-01
6.9494e-01
6.8543e-01
6.8543e-01
6.9969e-01
6.9494e-01
6.9018e-01
6.7593e-01
6.8543e-01
6.8543e-01
6.8543e-01
6.7593e-01
6.7593e-01
6.8543e-01
6.7118e-01
6.8068e-01
6.7593e-01
6.7593e-01
6.6643e-01
6.5692e-01
6.5217e-01
6.3316e-01
6.1890e-01
6.0939e-01
6.0939e-01
6.1415e-01
6.0939e-01
6.0939e-01
5.9513e-01
5.9513e-01
5.8563e-01
5.8563e-01
5.7612e-01
5.7612e-01
5.7136e-01
5.7136e-01
5.7136e-01
5.6185e-01
5.5234e-01
5.5710e-01
5.7136e-01
5.6661e-01
5.7612e-01
5.8087e-01
5.9038e-01
6.0464e-01
6.0939e-01
6.2841e-01
6.3791e-01
6.4742e-01
6.4742e-01
6.3791e-01
6.2365e-01
6.1890e-01
6.0939e-01
5.9038e-01
5.7136e-01
5.6185e-01
5.4759e-01
5.3332e-01
5.1906e-01
5.1430e-01
4.9052e-01
4.8576e-01
4.6674e-01
4.5247e-01
4.2868e-01
4.2392e-01
4.0965e-01
3.8109e-01
3.7158e-01
3.5730e-01
3.3350e-01
3.1446e-01
2.9541e-01
2.8113e-01
2.7161e-01
2.6684e-01
2.4780e-01
2.4303e-01
2.2875e-01
2.0969e-01
2.0493e-01
1.9540e-01
1.8588e-01
1.6206e-01
1.5729e-01
1.3823e-01
1.2870e-01
1.2870e-01
1.2394e-01
1.1917e-01
1.0964e-01
1.1441e-01
1.0487e-01
1.0011e-01
9.0577e-02
8.5811e-02
7.1512e-02
6.6745e-02
5.7212e-02
5.7212e-02
5.7212e-02
6.1979e-02
6.1979e-02
6.6745e-02
5.7212e-02
6.6745e-02
6.1979e-02
6.6745e-02
6.1979e-02
5.7212e-02
6.1979e-02
6.1979e-02
5.2445e-02
5.7212e-02
5.2445e-02
5.2445e-02
5.2445e-02
4.7678e-02
4.7678e-02
4.7678e-02
4.2910e-02
4.2910e-02
3.8143e-02
4.2910e-02
3.8143e-02
4.2910e-02
3.8143e-02
3.3376e-02
2.8608e-02
2.3840e-02
1.9073e-02
1.4305e-02
1.4305e-02
0000
9.5370e-03
9.5370e-03
9.5370e-03
1.9073e-02
4.7678e-02
6.1979e-02
7.6278e-02
9.0577e-02
1.0487e-01
1.0964e-01
1.3347e-01
1.4776e-01
1.6206e-01
1.7635e-01
2.1922e-01
2.2875e-01
2.6208e-01
2.8589e-01
3.0970e-01
3.4302e-01
3.7158e-01
4.0965e-01
4.5722e-01
5.0479e-01
5.6185e-01
6.2365e-01
7.0919e-01
7.8994e-01
8.9439e-01
9.8930e-01
1.1174e+00
1.2358e+00
1.4016e+00
1.5625e+00
1.7327e+00
1.9075e+00
2.1057e+00
2.3179e+00
2.5439e+00
2.7932e+00
3.0515e+00
3.3517e+00
3.6421e+00
3.9647e+00
4.3241e+00
4.7155e+00
5.0363e+00
5.3474e+00
5.6486e+00
5.8986e+00
6.1759e+00
6.4159e+00
6.6510e+00
6.8537e+00
7.0561e+00
7.2399e+00
7.4235e+00
7.6070e+00
7.7948e+00
7.9825e+00
8.1883e+00
8.3711e+00
8.5171e+00
8.6631e+00
8.7770e+00
8.9000e+00
8.9956e+00
9.1093e+00
9.1912e+00
9.2866e+00
9.3593e+00
9.4411e+00
9.5001e+00
9.5636e+00
9.6181e+00
