7.5489e+00
7.6271e+00
7.6956e+00
7.7509e+00
7.8031e+00
7.8616e+00
7.9040e+00
7.9593e+00
7.9853e+00
8.0211e+00
8.0471e+00
8.0861e+00
8.0926e+00
8.1186e+00
8.1088e+00
8.1348e+00
8.1413e+00
8.1673e+00
8.1608e+00
8.1706e+00
8.1511e+00
8.1608e+00
8.1316e+00
8.1218e+00
8.0893e+00
8.0796e+00
8.0503e+00
8.0341e+00
7.9820e+00
7.9462e+00
7.8844e+00
7.8551e+00
7.7998e+00
7.7672e+00
7.7151e+00
7.6858e+00
7.6304e+00
7.6043e+00
7.5782e+00
7.5815e+00
7.5848e+00
7.5848e+00
7.5619e+00
7.5456e+00
7.5293e+00
7.5522e+00
7.5522e+00
7.5685e+00
7.5489e+00
7.5261e+00
7.4837e+00
7.4412e+00
7.3792e+00
7.3368e+00
7.2845e+00
7.2355e+00
7.1865e+00
7.1375e+00
7.0819e+00
7.0132e+00
6.9477e+00
6.8921e+00
6.8299e+00
6.7873e+00
6.7348e+00
6.6922e+00
6.6430e+00
6.6070e+00
6.5545e+00
6.5085e+00
6.4626e+00
6.4133e+00
6.3673e+00
6.3246e+00
6.2819e+00
6.2425e+00
6.2063e+00
6.1701e+00
6.1274e+00
6.0846e+00
6.0418e+00
6.0089e+00
5.9661e+00
5.9266e+00
5.9002e+00
5.8607e+00
5.8277e+00
5.7849e+00
5.7618e+00
5.7288e+00
5.6991e+00
5.6661e+00
5.6364e+00
5.5902e+00
5.5671e+00
5.5341e+00
5.5077e+00
5.4879e+00
5.4780e+00
5.4515e+00
5.4383e+00
5.4218e+00
5.4185e+00
5.4053e+00
5.4086e+00
5.3921e+00
5.3987e+00
5.3954e+00
5.3954e+00
5.3921e+00
5.3954e+00
5.3921e+00
5.3921e+00
5.3855e+00
5.3954e+00
5.3822e+00
5.3855e+00
5.3788e+00
5.3855e+00
5.3722e+00
5.3855e+00
5.3822e+00
5.3954e+00
5.3822e+00
5.4020e+00
5.3921e+00
5.4053e+00
5.4119e+00
5.4515e+00
5.4879e+00
5.5176e+00
5.5473e+00
5.6067e+00
5.6298e+00
5.6562e+00
5.6727e+00
5.6991e+00
5.7123e+00
5.7387e+00
5.7585e+00
5.7816e+00
5.7948e+00
5.8145e+00
5.8343e+00
5.8508e+00
5.8738e+00
5.8969e+00
5.9035e+00
5.9068e+00
5.9134e+00
5.9134e+00
5.9167e+00
5.9167e+00
5.9035e+00
5.8936e+00
5.8738e+00
5.8541e+00
5.8310e+00
5.8145e+00
5.8046e+00
5.7816e+00
5.7651e+00
5.7420e+00
5.7255e+00
5.7057e+00
5.6760e+00
5.6496e+00
5.6331e+00
5.6067e+00
5.5869e+00
5.5704e+00
5.5572e+00
5.5341e+00
5.5242e+00
5.5044e+00
5.5044e+00
5.4879e+00
5.4714e+00
5.4449e+00
5.4317e+00
5.4119e+00
5.3921e+00
5.3656e+00
5.3392e+00
5.3193e+00
5.2764e+00
5.2400e+00
5.2069e+00
5.1771e+00
5.1473e+00
5.1043e+00
5.0877e+00
5.0579e+00
5.0315e+00
4.9983e+00
4.9751e+00
4.9519e+00
4.9221e+00
4.8923e+00
4.8624e+00
4.8392e+00
4.8160e+00
4.7928e+00
4.7696e+00
4.7397e+00
4.7165e+00
4.6999e+00
4.6800e+00
4.6634e+00
4.6501e+00
4.6368e+00
4.6169e+00
4.5903e+00
4.5538e+00
4.5272e+00
4.4874e+00
4.4674e+00
4.4442e+00
4.4309e+00
4.4209e+00
4.4142e+00
4.4009e+00
4.3677e+00
4.3477e+00
4.3278e+00
4.3078e+00
4.2712e+00
4.2413e+00
4.2113e+00
4.1780e+00
4.1480e+00
4.1214e+00
4.0981e+00
4.0681e+00
4.0481e+00
4.0281e+00
4.0015e+00
3.9715e+00
3.9381e+00
3.9081e+00
3.8748e+00
3.8314e+00
3.7913e+00
3.7546e+00
3.7212e+00
3.6845e+00
3.6545e+00
3.6277e+00
3.6010e+00
3.5642e+00
3.5408e+00
3.5108e+00
3.4840e+00
3.4606e+00
3.4339e+00
3.4104e+00
3.3803e+00
3.3603e+00
3.3469e+00
3.3201e+00
3.3000e+00
3.2766e+00
3.2498e+00
3.2264e+00
3.2197e+00
3.1929e+00
3.1761e+00
3.1426e+00
3.1259e+00
3.1024e+00
3.0923e+00
3.0890e+00
3.0990e+00
3.0957e+00
3.1259e+00
3.1393e+00
3.1828e+00
3.2197e+00
3.2799e+00
3.3368e+00
3.4339e+00
3.5442e+00
3.6645e+00
3.7947e+00
3.9348e+00
4.0948e+00
4.2612e+00
4.4442e+00
4.6501e+00
4.8591e+00
5.0414e+00
5.2532e+00
5.4317e+00
5.6331e+00
5.8178e+00
6.0352e+00
6.2359e+00
6.4659e+00
6.6758e+00
6.9281e+00
7.1604e+00
7.4282e+00
7.7184e+00
7.9983e+00
8.3004e+00
8.5955e+00
8.9063e+00
9.2100e+00
9.5227e+00
9.8092e+00
1.0118e+01
1.0384e+01
1.0662e+01
1.0896e+01
1.1144e+01
1.1355e+01
1.1593e+01
1.1784e+01
1.1971e+01
1.2130e+01
1.2285e+01
1.2393e+01
1.2529e+01
1.2627e+01
1.2718e+01
1.2797e+01
1.2870e+01
1.2930e+01
1.2987e+01
1.3046e+01
1.3094e+01
1.3144e+01
1.3198e+01
1.3251e+01
1.3305e+01
1.3345e+01
1.3374e+01
1.3396e+01
1.3405e+01
1.3402e+01
1.3393e+01
1.3380e+01
1.3336e+01
1.3317e+01
1.3283e+01
1.3261e+01
1.3220e+01
1.3204e+01
1.3166e+01
1.3135e+01
1.3091e+01
1.3053e+01
1.3002e+01
1.2974e+01
1.2923e+01
1.2895e+01
1.2845e+01
1.2845e+01
1.2797e+01
1.2804e+01
1.2759e+01
1.2763e+01
1.2728e+01
1.2718e+01
1.2690e+01
1.2699e+01
1.2680e+01
1.2709e+01
1.2706e+01
1.2731e+01
1.2722e+01
1.2740e+01
1.2737e+01
1.2753e+01
1.2772e+01
1.2804e+01
1.2813e+01
1.2848e+01
1.2854e+01
1.2889e+01
1.2905e+01
1.2930e+01
1.2942e+01
1.2958e+01
1.2974e+01
1.2983e+01
1.2987e+01
1.2999e+01
1.3015e+01
1.3021e+01
1.3028e+01
1.3028e+01
1.3050e+01
1.3059e+01
1.3075e+01
1.3081e+01
1.3094e+01
1.3113e+01
1.3125e+01
1.3141e+01
1.3147e+01
1.3163e+01
1.3169e+01
1.3191e+01
1.3220e+01
1.3242e+01
1.3267e+01
1.3257e+01
1.3264e+01
1.3273e+01
1.3305e+01
1.3330e+01
1.3358e+01
1.3386e+01
1.3408e+01
1.3380e+01
1.3377e+01
1.3342e+01
1.3317e+01
1.3292e+01
1.3261e+01
1.3229e+01
1.3201e+01
1.3157e+01
1.3113e+01
1.3059e+01
1.3018e+01
1.2980e+01
1.2939e+01
1.2901e+01
1.2876e+01
1.2835e+01
1.2800e+01
1.2778e+01
1.2756e+01
1.2731e+01
1.2722e+01
1.2703e+01
1.2703e+01
1.2687e+01
1.2696e+01
1.2703e+01
1.2718e+01
1.2712e+01
1.2699e+01
1.2687e+01
1.2668e+01
1.2646e+01
1.2624e+01
1.2598e+01
1.2583e+01
1.2560e+01
1.2551e+01
1.2535e+01
1.2535e+01
1.2535e+01
1.2538e+01
1.2554e+01
1.2567e+01
1.2592e+01
1.2611e+01
1.2643e+01
1.2668e+01
1.2699e+01
1.2731e+01
1.2766e+01
1.2804e+01
1.2848e+01
1.2898e+01
1.2952e+01
1.3009e+01
1.3075e+01
1.3131e+01
1.3188e+01
1.3248e+01
1.3311e+01
1.3364e+01
1.3421e+01
1.3481e+01
1.3544e+01
1.3606e+01
1.3657e+01
1.3729e+01
1.3760e+01
1.3832e+01
1.3860e+01
1.3954e+01
1.3989e+01
1.4092e+01
1.4117e+01
1.4242e+01
1.4277e+01
1.4355e+01
1.4383e+01
1.4427e+01
1.4442e+01
1.4449e+01
1.4458e+01
1.4461e+01
1.4461e+01
1.4449e+01
1.4452e+01
1.4442e+01
1.4433e+01
1.4414e+01
1.4405e+01
1.4380e+01
1.4374e+01
1.4349e+01
1.4342e+01
1.4327e+01
1.4299e+01
1.4274e+01
1.4242e+01
1.4186e+01
1.4142e+01
1.4073e+01
1.4039e+01
1.3964e+01
1.3923e+01
1.3860e+01
1.3826e+01
1.3763e+01
1.3741e+01
1.3688e+01
1.3647e+01
1.3591e+01
1.3553e+01
1.3509e+01
1.3474e+01
1.3421e+01
1.3383e+01
1.3349e+01
1.3314e+01
1.3276e+01
1.3242e+01
1.3201e+01
1.3172e+01
1.3131e+01
1.3116e+01
1.3065e+01
1.3043e+01
1.3012e+01
1.2977e+01
1.2936e+01
1.2898e+01
1.2860e+01
1.2813e+01
1.2772e+01
1.2737e+01
1.2699e+01
1.2668e+01
1.2633e+01
1.2611e+01
1.2573e+01
1.2545e+01
1.2488e+01
1.2437e+01
1.2415e+01
1.2409e+01
1.2393e+01
1.2409e+01
1.2431e+01
1.2466e+01
1.2462e+01
1.2453e+01
1.2440e+01
1.2434e+01
1.2421e+01
1.2409e+01
1.2399e+01
1.2390e+01
1.2383e+01
1.2371e+01
1.2361e+01
1.2345e+01
1.2330e+01
1.2292e+01
1.2273e+01
1.2225e+01
1.2209e+01
1.2181e+01
1.2165e+01
1.2133e+01
1.2117e+01
1.2095e+01
1.2076e+01
1.2057e+01
1.2038e+01
1.2016e+01
1.2003e+01
1.1981e+01
1.1962e+01
1.1933e+01
1.1921e+01
1.1902e+01
1.1889e+01
1.1864e+01
1.1851e+01
1.1832e+01
1.1806e+01
1.1787e+01
1.1768e+01
1.1752e+01
1.1730e+01
1.1708e+01
1.1686e+01
1.1670e+01
1.1648e+01
1.1619e+01
1.1600e+01
1.1565e+01
1.1546e+01
1.1524e+01
1.1498e+01
1.1482e+01
1.1469e+01
1.1466e+01
1.1447e+01
1.1431e+01
1.1415e+01
1.1409e+01
1.1396e+01
1.1387e+01
1.1371e+01
1.1371e+01
1.1355e+01
1.1342e+01
1.1336e+01
1.1333e+01
1.1329e+01
1.1329e+01
1.1323e+01
1.1333e+01
1.1323e+01
1.1329e+01
1.1329e+01
1.1329e+01
1.1320e+01
1.1297e+01
1.1278e+01
1.1266e+01
1.1243e+01
1.1231e+01
1.1224e+01
1.1215e+01
1.1202e+01
1.1189e+01
1.1176e+01
1.1170e+01
1.1151e+01
1.1135e+01
1.1119e+01
1.1113e+01
1.1100e+01
1.1087e+01
1.1068e+01
1.1049e+01
1.1036e+01
1.1026e+01
1.1017e+01
1.0995e+01
1.0979e+01
1.0969e+01
1.0953e+01
1.0940e+01
1.0931e+01
1.0908e+01
1.0883e+01
1.0851e+01
1.0828e+01
1.0793e+01
1.0774e+01
1.0742e+01
1.0733e+01
1.0710e+01
1.0701e+01
1.0685e+01
1.0672e+01
1.0646e+01
1.0630e+01
1.0614e+01
1.0601e+01
1.0592e+01
1.0579e+01
1.0573e+01
1.0573e+01
1.0563e+01
1.0566e+01
1.0563e+01
1.0573e+01
1.0573e+01
1.0598e+01
1.0598e+01
1.0614e+01
1.0621e+01
1.0646e+01
1.0659e+01
1.0688e+01
1.0688e+01
1.0717e+01
1.0723e+01
1.0749e+01
1.0777e+01
1.0813e+01
1.0835e+01
1.0867e+01
1.0886e+01
1.0918e+01
1.0953e+01
1.0988e+01
1.1017e+01
1.1042e+01
1.1090e+01
1.1125e+01
1.1167e+01
1.1202e+01
1.1253e+01
1.1291e+01
1.1336e+01
1.1380e+01
1.1425e+01
1.1457e+01
1.1495e+01
1.1530e+01
1.1574e+01
1.1600e+01
1.1635e+01
1.1660e+01
1.1705e+01
1.1721e+01
1.1746e+01
1.1749e+01
1.1771e+01
1.1771e+01
1.1803e+01
1.1813e+01
1.1841e+01
1.1851e+01
1.1860e+01
1.1876e+01
1.1892e+01
1.1898e+01
1.1914e+01
1.1927e+01
1.1946e+01
1.1959e+01
1.1978e+01
1.1997e+01
1.2013e+01
1.2038e+01
1.2057e+01
1.2079e+01
1.2108e+01
1.2140e+01
1.2159e+01
1.2181e+01
1.2216e+01
1.2235e+01
1.2276e+01
1.2295e+01
1.2314e+01
1.2326e+01
1.2342e+01
1.2358e+01
1.2380e+01
1.2405e+01
1.2440e+01
1.2481e+01
1.2526e+01
1.2583e+01
1.2633e+01
1.2693e+01
1.2756e+01
1.2819e+01
1.2873e+01
1.2936e+01
1.2987e+01
1.3046e+01
1.3103e+01
1.3157e+01
1.3198e+01
1.3261e+01
1.3301e+01
1.3364e+01
1.3412e+01
1.3481e+01
1.3522e+01
1.3578e+01
1.3603e+01
1.3657e+01
1.3685e+01
1.3729e+01
1.3754e+01
1.3788e+01
1.3807e+01
1.3820e+01
1.3823e+01
1.3838e+01
1.3848e+01
1.3854e+01
1.3860e+01
1.3882e+01
1.3879e+01
1.3895e+01
1.3898e+01
1.3895e+01
1.3911e+01
1.3911e+01
1.3920e+01
1.3920e+01
1.3933e+01
1.3933e+01
1.3948e+01
1.3933e+01
1.3936e+01
1.3917e+01
1.3917e+01
1.3892e+01
1.3879e+01
1.3867e+01
1.3854e+01
1.3823e+01
1.3817e+01
1.3795e+01
1.3776e+01
1.3751e+01
1.3719e+01
1.3694e+01
1.3660e+01
1.3616e+01
1.3581e+01
1.3540e+01
1.3509e+01
1.3468e+01
1.3440e+01
1.3399e+01
1.3377e+01
1.3345e+01
1.3327e+01
1.3292e+01
1.3267e+01
1.3239e+01
1.3226e+01
1.3185e+01
1.3163e+01
1.3131e+01
1.3094e+01
1.3046e+01
1.3015e+01
1.2999e+01
1.2968e+01
1.2930e+01
1.2898e+01
1.2867e+01
1.2841e+01
1.2800e+01
1.2756e+01
1.2715e+01
1.2671e+01
1.2627e+01
1.2579e+01
1.2541e+01
1.2494e+01
1.2456e+01
1.2418e+01
1.2386e+01
1.2345e+01
1.2311e+01
1.2269e+01
1.2238e+01
1.2216e+01
1.2184e+01
1.2155e+01
1.2124e+01
1.2095e+01
1.2063e+01
1.2035e+01
1.2010e+01
1.1981e+01
1.1952e+01
1.1921e+01
1.1902e+01
1.1879e+01
1.1851e+01
1.1819e+01
1.1797e+01
1.1787e+01
1.1759e+01
1.1730e+01
1.1702e+01
1.1670e+01
1.1635e+01
1.1606e+01
1.1581e+01
1.1562e+01
1.1530e+01
1.1508e+01
1.1492e+01
1.1466e+01
1.1447e+01
1.1422e+01
1.1396e+01
1.1377e+01
1.1361e+01
1.1342e+01
1.1323e+01
1.1307e+01
1.1288e+01
1.1272e+01
1.1262e+01
1.1243e+01
1.1218e+01
1.1196e+01
1.1186e+01
1.1167e+01
1.1167e+01
1.1154e+01
1.1151e+01
1.1141e+01
1.1138e+01
1.1119e+01
1.1109e+01
1.1078e+01
1.1055e+01
1.1036e+01
1.1017e+01
1.0991e+01
1.0982e+01
1.0966e+01
1.0953e+01
1.0934e+01
1.0928e+01
1.0908e+01
1.0896e+01
1.0886e+01
1.0873e+01
1.0860e+01
1.0848e+01
1.0838e+01
1.0822e+01
1.0803e+01
1.0793e+01
1.0777e+01
1.0761e+01
1.0742e+01
1.0729e+01
1.0704e+01
1.0691e+01
1.0681e+01
1.0665e+01
1.0649e+01
1.0637e+01
1.0617e+01
1.0598e+01
1.0573e+01
1.0569e+01
1.0557e+01
1.0560e+01
1.0553e+01
1.0553e+01
1.0544e+01
1.0534e+01
1.0521e+01
1.0521e+01
1.0521e+01
1.0525e+01
1.0518e+01
1.0509e+01
1.0505e+01
1.0499e+01
1.0486e+01
1.0470e+01
1.0473e+01
1.0457e+01
1.0448e+01
1.0441e+01
1.0429e+01
1.0409e+01
1.0400e+01
1.0393e+01
1.0381e+01
1.0368e+01
1.0361e+01
1.0339e+01
1.0316e+01
1.0291e+01
1.0268e+01
1.0249e+01
1.0233e+01
1.0214e+01
1.0198e+01
1.0175e+01
1.0166e+01
1.0150e+01
1.0124e+01
1.0102e+01
1.0082e+01
1.0057e+01
1.0050e+01
1.0031e+01
1.0012e+01
9.9924e+00
9.9763e+00
9.9570e+00
9.9378e+00
9.9217e+00
9.8992e+00
9.8799e+00
9.8606e+00
9.8445e+00
9.8285e+00
9.8124e+00
9.7995e+00
9.7770e+00
9.7577e+00
9.7384e+00
9.7159e+00
9.6902e+00
9.6548e+00
9.6290e+00
9.6000e+00
9.5646e+00
9.5421e+00
9.5195e+00
9.4970e+00
9.4776e+00
9.4486e+00
9.4261e+00
9.4003e+00
9.3745e+00
9.3551e+00
9.3358e+00
9.3197e+00
9.2939e+00
9.2745e+00
9.2584e+00
9.2422e+00
9.2164e+00
9.2003e+00
9.1874e+00
9.1648e+00
9.1486e+00
9.1293e+00
9.1131e+00
9.0970e+00
9.0808e+00
9.0647e+00
9.0323e+00
9.0033e+00
8.9742e+00
8.9419e+00
8.9095e+00
8.8869e+00
8.8675e+00
8.8448e+00
8.8254e+00
8.8028e+00
8.7801e+00
8.7575e+00
8.7348e+00
8.7219e+00
8.7024e+00
8.6765e+00
8.6571e+00
8.6539e+00
8.6344e+00
8.6150e+00
8.5955e+00
8.5793e+00
8.5599e+00
8.5372e+00
8.5210e+00
8.5016e+00
8.4918e+00
8.4789e+00
8.4594e+00
8.4432e+00
8.4237e+00
8.4173e+00
8.4010e+00
8.3816e+00
8.3459e+00
8.3102e+00
8.2842e+00
8.2550e+00
8.2225e+00
8.2030e+00
8.1835e+00
8.1608e+00
8.1348e+00
8.1088e+00
8.0958e+00
8.0698e+00
8.0373e+00
8.0113e+00
7.9918e+00
7.9788e+00
7.9560e+00
7.9430e+00
7.9332e+00
7.9202e+00
7.9007e+00
7.8877e+00
7.8682e+00
7.8486e+00
7.8356e+00
7.8161e+00
7.8063e+00
7.7868e+00
7.7672e+00
7.7575e+00
7.7444e+00
7.7249e+00
7.7053e+00
7.6760e+00
7.6434e+00
7.5978e+00
7.5685e+00
7.5424e+00
7.5163e+00
7.4934e+00
7.4804e+00
7.4576e+00
7.4380e+00
7.4184e+00
7.3988e+00
7.3825e+00
7.3596e+00
7.3368e+00
7.3205e+00
7.3041e+00
7.2911e+00
7.2715e+00
7.2584e+00
7.2421e+00
7.2290e+00
7.2094e+00
7.1930e+00
7.1800e+00
7.1669e+00
7.1506e+00
7.1375e+00
7.1244e+00
7.1080e+00
7.0950e+00
7.0786e+00
7.0459e+00
7.0230e+00
6.9837e+00
6.9674e+00
6.9379e+00
6.9281e+00
6.9117e+00
6.9183e+00
6.9019e+00
6.9052e+00
6.9019e+00
6.9117e+00
6.9117e+00
6.9216e+00
6.9314e+00
6.9510e+00
6.9641e+00
6.9903e+00
7.0099e+00
7.0426e+00
7.0721e+00
7.0982e+00
7.1277e+00
7.1538e+00
7.1832e+00
7.2159e+00
7.2421e+00
7.2584e+00
7.2878e+00
7.2976e+00
7.3303e+00
7.3531e+00
7.3727e+00
7.3760e+00
7.3727e+00
7.3694e+00
7.3760e+00
7.3825e+00
7.3858e+00
7.3923e+00
7.4086e+00
7.4119e+00
7.4217e+00
7.4151e+00
7.4184e+00
7.4119e+00
7.4184e+00
7.4086e+00
7.4021e+00
7.3955e+00
7.3890e+00
7.3760e+00
7.3694e+00
7.3564e+00
7.3466e+00
7.3368e+00
7.3303e+00
7.3139e+00
7.2976e+00
7.2813e+00
7.2649e+00
7.2388e+00
7.2323e+00
7.2094e+00
7.1898e+00
7.1669e+00
7.1342e+00
7.0950e+00
7.0492e+00
7.0099e+00
6.9641e+00
6.9346e+00
6.9085e+00
6.8888e+00
6.8692e+00
6.8331e+00
6.8069e+00
6.7807e+00
6.7545e+00
6.7283e+00
6.7053e+00
6.6791e+00
6.6594e+00
6.6332e+00
6.6168e+00
6.6037e+00
6.5807e+00
6.5578e+00
6.5381e+00
6.5249e+00
6.5151e+00
6.4856e+00
6.4757e+00
6.4560e+00
6.4494e+00
6.4265e+00
6.3936e+00
6.3608e+00
6.3213e+00
6.2983e+00
6.2622e+00
6.2359e+00
6.2162e+00
6.2030e+00
6.1833e+00
6.1668e+00
6.1537e+00
6.1339e+00
6.1208e+00
6.1076e+00
6.0879e+00
6.0714e+00
6.0583e+00
6.0484e+00
6.0319e+00
6.0155e+00
5.9990e+00
5.9990e+00
5.9825e+00
5.9694e+00
5.9463e+00
5.9430e+00
5.9397e+00
5.9266e+00
5.9167e+00
5.9035e+00
5.8969e+00
5.8771e+00
5.8541e+00
5.8277e+00
5.7882e+00
5.7684e+00
5.7387e+00
5.7156e+00
5.6958e+00
5.6892e+00
5.6661e+00
5.6463e+00
5.6298e+00
5.6067e+00
5.5869e+00
5.5770e+00
5.5638e+00
5.5572e+00
5.5407e+00
5.5341e+00
5.5110e+00
5.5077e+00
5.4912e+00
5.4879e+00
5.4714e+00
5.4714e+00
5.4615e+00
5.4582e+00
5.4548e+00
5.4449e+00
5.4548e+00
5.4515e+00
5.4416e+00
5.4317e+00
5.4152e+00
5.4086e+00
5.3987e+00
5.3954e+00
5.3921e+00
5.3954e+00
5.3954e+00
5.3921e+00
5.3954e+00
5.4020e+00
5.4086e+00
5.4053e+00
5.4185e+00
5.4251e+00
5.4383e+00
5.4449e+00
5.4582e+00
5.4582e+00
5.4648e+00
5.4648e+00
5.4548e+00
5.4615e+00
5.4615e+00
5.4515e+00
5.4482e+00
5.4449e+00
5.4416e+00
5.4251e+00
5.4086e+00
5.3987e+00
5.3921e+00
5.3822e+00
5.3722e+00
5.3590e+00
5.3458e+00
5.3293e+00
5.3127e+00
5.2962e+00
5.2896e+00
5.2797e+00
5.2697e+00
5.2598e+00
5.2400e+00
5.2201e+00
5.2069e+00
5.1937e+00
5.1870e+00
5.1606e+00
5.1407e+00
5.1209e+00
5.0944e+00
5.0844e+00
5.0712e+00
5.0546e+00
5.0381e+00
5.0215e+00
5.0083e+00
4.9785e+00
4.9387e+00
4.9089e+00
4.8790e+00
4.8525e+00
4.8293e+00
4.7994e+00
4.7729e+00
4.7497e+00
4.7231e+00
4.6999e+00
4.6634e+00
4.6402e+00
4.6136e+00
4.5903e+00
4.5671e+00
4.5438e+00
4.5173e+00
4.4907e+00
4.4707e+00
4.4475e+00
4.4309e+00
4.4076e+00
4.3843e+00
4.3544e+00
4.3244e+00
4.3111e+00
4.2845e+00
4.2745e+00
4.2546e+00
4.2346e+00
4.1980e+00
4.1813e+00
4.1547e+00
4.1247e+00
4.0948e+00
4.0781e+00
4.0581e+00
4.0415e+00
4.0248e+00
4.0081e+00
3.9815e+00
3.9681e+00
3.9448e+00
3.9415e+00
3.9148e+00
3.9081e+00
3.8848e+00
3.8781e+00
3.8714e+00
3.8581e+00
3.8414e+00
3.8280e+00
3.8147e+00
3.8114e+00
3.7947e+00
3.7880e+00
3.7713e+00
3.7680e+00
3.7479e+00
3.7379e+00
3.7112e+00
3.6979e+00
3.6712e+00
3.6511e+00
3.6311e+00
3.6110e+00
3.5910e+00
3.5743e+00
3.5576e+00
3.5442e+00
3.5275e+00
3.5174e+00
3.4940e+00
3.4773e+00
3.4573e+00
3.4539e+00
3.4405e+00
3.4238e+00
3.4104e+00
3.3937e+00
3.3870e+00
3.3669e+00
3.3736e+00
3.3569e+00
3.3636e+00
3.3502e+00
3.3669e+00
3.3636e+00
3.3937e+00
3.3971e+00
3.4071e+00
3.3971e+00
3.3703e+00
3.3435e+00
3.3167e+00
3.2866e+00
3.2598e+00
3.2230e+00
3.2130e+00
3.1929e+00
3.1795e+00
3.1627e+00
3.1493e+00
3.1292e+00
3.1057e+00
3.0890e+00
3.0823e+00
3.0722e+00
3.0622e+00
3.0588e+00
3.0588e+00
3.0488e+00
3.0488e+00
3.0488e+00
3.0521e+00
3.0387e+00
3.0387e+00
3.0286e+00
3.0253e+00
3.0152e+00
3.0119e+00
3.0052e+00
2.9951e+00
2.9851e+00
2.9649e+00
2.9414e+00
2.9180e+00
2.8911e+00
2.8777e+00
2.8475e+00
2.8374e+00
2.8206e+00
2.8106e+00
2.7871e+00
2.7669e+00
2.7468e+00
2.7333e+00
2.7132e+00
2.6863e+00
2.6728e+00
2.6527e+00
2.6258e+00
2.6090e+00
2.5922e+00
2.5686e+00
2.5451e+00
2.5317e+00
2.5047e+00
2.4879e+00
2.4677e+00
2.4408e+00
2.4240e+00
2.4004e+00
2.3836e+00
2.3533e+00
2.3230e+00
2.2927e+00
2.2691e+00
2.2253e+00
2.1849e+00
2.1579e+00
2.1208e+00
2.1040e+00
2.0770e+00
2.0500e+00
2.0230e+00
2.0028e+00
1.9758e+00
1.9420e+00
1.9218e+00
1.8948e+00
1.8745e+00
1.8543e+00
1.8306e+00
1.8104e+00
1.7901e+00
1.7732e+00
1.7597e+00
1.7394e+00
1.7158e+00
1.6955e+00
1.6819e+00
1.6583e+00
1.6414e+00
1.6143e+00
1.6042e+00
1.5839e+00
1.5737e+00
1.5534e+00
1.5331e+00
1.4959e+00
1.4756e+00
1.4451e+00
1.4282e+00
1.4113e+00
1.4045e+00
1.3910e+00
1.3876e+00
1.3673e+00
1.3673e+00
1.3402e+00
1.3402e+00
1.3266e+00
1.3402e+00
1.3300e+00
1.3435e+00
1.3435e+00
1.3537e+00
1.3639e+00
1.3842e+00
1.3977e+00
1.4350e+00
1.4519e+00
1.4824e+00
1.5061e+00
1.5230e+00
1.5433e+00
1.5670e+00
1.6008e+00
1.6448e+00
1.6752e+00
1.7056e+00
1.7394e+00
1.7664e+00
1.8171e+00
1.8475e+00
1.9015e+00
1.9420e+00
1.9994e+00
2.0466e+00
2.1107e+00
2.1748e+00
2.2287e+00
2.2860e+00
2.3466e+00
2.4139e+00
2.4711e+00
2.5317e+00
2.5888e+00
2.6527e+00
2.7031e+00
2.7669e+00
2.8273e+00
2.8878e+00
2.9280e+00
2.9851e+00
3.0253e+00
3.0789e+00
3.1158e+00
3.1661e+00
3.2029e+00
3.2364e+00
3.2464e+00
3.2766e+00
3.2866e+00
3.3067e+00
3.3201e+00
3.3402e+00
3.3569e+00
3.3837e+00
3.3937e+00
3.4138e+00
3.4238e+00
3.4439e+00
3.4539e+00
3.4773e+00
3.4874e+00
3.5174e+00
3.5342e+00
3.5542e+00
3.5676e+00
3.5843e+00
3.6043e+00
3.6311e+00
3.6411e+00
3.6678e+00
3.6778e+00
3.7146e+00
3.7346e+00
3.7580e+00
3.7713e+00
3.7780e+00
3.7747e+00
3.7546e+00
3.7179e+00
3.6845e+00
3.6645e+00
3.6344e+00
3.6077e+00
3.5743e+00
3.5542e+00
3.5241e+00
3.5007e+00
3.4673e+00
3.4439e+00
3.4071e+00
3.3736e+00
3.3435e+00
3.3101e+00
3.2766e+00
3.2498e+00
3.2096e+00
3.1828e+00
3.1560e+00
3.1225e+00
3.0957e+00
3.0756e+00
3.0488e+00
3.0286e+00
3.0052e+00
2.9783e+00
2.9448e+00
2.9079e+00
2.8777e+00
2.8273e+00
2.7803e+00
2.7434e+00
2.7031e+00
2.6796e+00
2.6392e+00
2.6090e+00
2.5720e+00
2.5417e+00
2.4980e+00
2.4677e+00
2.4307e+00
2.4004e+00
2.3735e+00
2.3432e+00
2.3163e+00
2.2994e+00
2.2725e+00
2.2489e+00
2.2186e+00
2.1984e+00
2.1714e+00
2.1512e+00
2.1141e+00
2.0905e+00
2.0635e+00
2.0500e+00
2.0129e+00
1.9724e+00
1.9387e+00
1.8982e+00
1.8543e+00
1.8272e+00
1.7901e+00
1.7563e+00
1.7259e+00
1.7056e+00
1.6650e+00
1.6414e+00
1.6109e+00
1.5873e+00
1.5568e+00
1.5331e+00
1.4993e+00
1.4756e+00
1.4485e+00
1.4147e+00
1.3910e+00
1.3673e+00
1.3334e+00
1.3063e+00
1.2792e+00
1.2588e+00
1.2283e+00
1.2148e+00
1.1775e+00
1.1571e+00
1.1334e+00
1.0927e+00
1.0553e+00
1.0180e+00
9.8407e-01
9.5351e-01
9.2295e-01
8.9238e-01
8.6860e-01
8.4142e-01
8.1763e-01
8.0064e-01
7.7345e-01
7.4965e-01
7.1905e-01
6.9525e-01
6.6804e-01
6.5103e-01
6.2721e-01
5.9999e-01
5.7277e-01
5.4554e-01
5.3192e-01
5.0469e-01
4.8085e-01
4.6723e-01
4.4339e-01
4.2976e-01
4.0932e-01
3.8888e-01
3.5821e-01
3.2413e-01
2.9004e-01
2.4572e-01
2.2184e-01
2.0138e-01
1.8432e-01
1.5361e-01
1.3655e-01
1.1949e-01
1.0243e-01
7.8532e-02
6.8290e-02
5.1220e-02
4.0977e-02
2.3905e-02
2.0490e-02
1.3660e-02
1.7075e-02
6.8300e-03
1.3660e-02
0000
2.3905e-02
1.3660e-02
4.7806e-02
6.4877e-02
1.0925e-01
1.3655e-01
1.8432e-01
2.2525e-01
2.7640e-01
3.2413e-01
3.9569e-01
4.8085e-01
5.7277e-01
7.4625e-01
8.9917e-01
1.1062e+00
1.2283e+00
1.3774e+00
1.5061e+00
1.6346e+00
1.7462e+00
1.8813e+00
1.9960e+00
2.1276e+00
2.2624e+00
2.4105e+00
2.5686e+00
2.7367e+00
2.8911e+00
3.0756e+00
3.2598e+00
3.4539e+00
3.6444e+00
3.8381e+00
4.0215e+00
4.2346e+00
4.4275e+00
4.6368e+00
4.8260e+00
5.0381e+00
5.2433e+00
5.4548e+00
5.6562e+00
5.8541e+00
6.0484e+00
6.2195e+00
6.3936e+00
6.5676e+00
6.7381e+00
6.8823e+00
7.0361e+00
7.1702e+00
7.3139e+00
7.4282e+00
7.5815e+00
7.6956e+00
7.8324e+00
7.9788e+00
8.1153e+00
8.1933e+00
8.2680e+00
8.3264e+00
8.3848e+00
8.4270e+00
8.4659e+00
8.4724e+00
8.4756e+00
8.4918e+00
8.5113e+00
8.5145e+00
8.5016e+00
8.4821e+00
8.4432e+00
8.4043e+00
8.3653e+00
8.3199e+00
8.2680e+00
8.2160e+00
8.1608e+00
8.1023e+00
8.0471e+00
7.9950e+00
7.9625e+00
7.9040e+00
7.8421e+00
7.7868e+00
7.7281e+00
7.6662e+00
7.5880e+00
7.5326e+00
7.4739e+00
7.4086e+00
7.3466e+00
7.2911e+00
7.2257e+00
7.1669e+00
7.1113e+00
7.0492e+00
6.9772e+00
6.9019e+00
6.8430e+00
6.7840e+00
6.7348e+00
6.6824e+00
6.6266e+00
6.5807e+00
6.5381e+00
6.4954e+00
6.4626e+00
6.4100e+00
6.3838e+00
6.3509e+00
6.3345e+00
6.3016e+00
6.2885e+00
6.2721e+00
6.2622e+00
6.2392e+00
6.2195e+00
6.1997e+00
6.1866e+00
6.1603e+00
6.1405e+00
6.1043e+00
6.0846e+00
6.0517e+00
6.0352e+00
5.9957e+00
5.9694e+00
5.9266e+00
5.8870e+00
5.8343e+00
