2.7876e+01
2.7829e+01
2.7784e+01
2.7742e+01
2.7690e+01
2.7652e+01
2.7619e+01
2.7577e+01
2.7530e+01
2.7478e+01
2.7433e+01
2.7391e+01
2.7335e+01
2.7283e+01
2.7224e+01
2.7181e+01
2.7117e+01
2.7058e+01
2.6995e+01
2.6938e+01
2.6881e+01
2.6822e+01
2.6761e+01
2.6697e+01
2.6640e+01
2.6573e+01
2.6509e+01
2.6448e+01
2.6381e+01
2.6317e+01
2.6255e+01
2.6194e+01
2.6139e+01
2.6080e+01
2.6027e+01
2.5968e+01
2.5908e+01
2.5853e+01
2.5808e+01
2.5741e+01
2.5694e+01
2.5639e+01
2.5582e+01
2.5527e+01
2.5484e+01
2.5436e+01
2.5381e+01
2.5326e+01
2.5271e+01
2.5211e+01
2.5158e+01
2.5108e+01
2.5065e+01
2.5005e+01
2.4959e+01
2.4909e+01
2.4861e+01
2.4808e+01
2.4763e+01
2.4715e+01
2.4671e+01
2.4623e+01
2.4570e+01
2.4517e+01
2.4484e+01
2.4438e+01
2.4392e+01
2.4356e+01
2.4308e+01
2.4265e+01
2.4231e+01
2.4197e+01
2.4154e+01
2.4110e+01
2.4069e+01
2.4031e+01
2.3994e+01
2.3956e+01
2.3915e+01
2.3876e+01
2.3830e+01
2.3796e+01
2.3758e+01
2.3724e+01
2.3695e+01
2.3661e+01
2.3629e+01
2.3595e+01
2.3566e+01
2.3540e+01
2.3508e+01
2.3484e+01
2.3450e+01
2.3426e+01
2.3387e+01
2.3368e+01
2.3331e+01
2.3317e+01
2.3290e+01
2.3268e+01
2.3246e+01
2.3244e+01
2.3224e+01
2.3232e+01
2.3222e+01
2.3244e+01
2.3249e+01
2.3285e+01
2.3295e+01
2.3346e+01
2.3370e+01
2.3431e+01
2.3450e+01
2.3513e+01
2.3552e+01
2.3627e+01
2.3678e+01
2.3767e+01
2.3833e+01
2.3922e+01
2.3994e+01
2.4084e+01
2.4156e+01
2.4250e+01
2.4318e+01
2.4392e+01
2.4445e+01
2.4522e+01
2.4582e+01
2.4650e+01
2.4707e+01
2.4765e+01
2.4818e+01
2.4871e+01
2.4916e+01
2.4969e+01
2.5017e+01
2.5053e+01
2.5094e+01
2.5120e+01
2.5137e+01
2.5156e+01
2.5168e+01
2.5185e+01
2.5189e+01
2.5197e+01
2.5204e+01
2.5209e+01
2.5216e+01
2.5216e+01
2.5233e+01
2.5230e+01
2.5240e+01
2.5233e+01
2.5221e+01
2.5211e+01
2.5199e+01
2.5180e+01
2.5161e+01
2.5137e+01
2.5115e+01
2.5091e+01
2.5065e+01
2.5034e+01
2.5010e+01
2.4971e+01
2.4935e+01
2.4899e+01
2.4871e+01
2.4827e+01
2.4791e+01
2.4751e+01
2.4707e+01
2.4664e+01
2.4623e+01
2.4578e+01
2.4544e+01
2.4503e+01
2.4462e+01
2.4426e+01
2.4400e+01
2.4363e+01
2.4332e+01
2.4296e+01
2.4267e+01
2.4231e+01
2.4200e+01
2.4168e+01
2.4147e+01
2.4110e+01
2.4079e+01
2.4045e+01
2.4021e+01
2.3987e+01
2.3968e+01
2.3944e+01
2.3922e+01
2.3888e+01
2.3869e+01
2.3842e+01
2.3825e+01
2.3804e+01
2.3794e+01
2.3772e+01
2.3760e+01
2.3746e+01
2.3733e+01
2.3726e+01
2.3738e+01
2.3755e+01
2.3770e+01
2.3775e+01
2.3794e+01
2.3808e+01
2.3816e+01
2.3830e+01
2.3833e+01
2.3840e+01
2.3840e+01
2.3849e+01
2.3852e+01
2.3874e+01
2.3886e+01
2.3905e+01
2.3910e+01
2.3917e+01
2.3905e+01
2.3898e+01
2.3886e+01
2.3871e+01
2.3852e+01
2.3840e+01
2.3840e+01
2.3828e+01
2.3804e+01
2.3794e+01
2.3779e+01
2.3762e+01
2.3743e+01
2.3731e+01
2.3716e+01
2.3702e+01
2.3685e+01
2.3663e+01
2.3651e+01
2.3629e+01
2.3612e+01
2.3591e+01
2.3571e+01
2.3545e+01
2.3518e+01
2.3491e+01
2.3462e+01
2.3433e+01
2.3389e+01
2.3353e+01
2.3324e+01
2.3290e+01
2.3266e+01
2.3232e+01
2.3200e+01
2.3166e+01
2.3135e+01
2.3105e+01
2.3079e+01
2.3047e+01
2.3011e+01
2.2981e+01
2.2945e+01
2.2911e+01
2.2882e+01
2.2852e+01
2.2823e+01
2.2792e+01
2.2762e+01
2.2736e+01
2.2711e+01
2.2677e+01
2.2648e+01
2.2616e+01
2.2577e+01
2.2548e+01
2.2509e+01
2.2479e+01
2.2450e+01
2.2426e+01
2.2389e+01
2.2367e+01
2.2352e+01
2.2345e+01
2.2318e+01
2.2299e+01
2.2277e+01
2.2255e+01
2.2240e+01
2.2223e+01
2.2203e+01
2.2191e+01
2.2176e+01
2.2169e+01
2.2154e+01
2.2142e+01
2.2127e+01
2.2123e+01
2.2110e+01
2.2105e+01
2.2096e+01
2.2074e+01
2.2064e+01
2.2061e+01
2.2049e+01
2.2032e+01
2.2025e+01
2.2012e+01
2.1993e+01
2.1978e+01
2.1961e+01
2.1946e+01
2.1939e+01
2.1929e+01
2.1924e+01
2.1924e+01
2.1929e+01
2.1924e+01
2.1912e+01
2.1892e+01
2.1887e+01
2.1878e+01
2.1863e+01
2.1843e+01
2.1831e+01
2.1816e+01
2.1804e+01
2.1792e+01
2.1770e+01
2.1757e+01
2.1743e+01
2.1728e+01
2.1723e+01
2.1713e+01
2.1711e+01
2.1716e+01
2.1721e+01
2.1721e+01
2.1723e+01
2.1726e+01
2.1721e+01
2.1728e+01
2.1723e+01
2.1726e+01
2.1730e+01
2.1745e+01
2.1750e+01
2.1767e+01
2.1784e+01
2.1802e+01
2.1821e+01
2.1858e+01
2.1890e+01
2.1929e+01
2.1963e+01
2.2005e+01
2.2039e+01
2.2091e+01
2.2108e+01
2.2149e+01
2.2184e+01
2.2225e+01
2.2250e+01
2.2291e+01
2.2323e+01
2.2360e+01
2.2396e+01
2.2426e+01
2.2445e+01
2.2472e+01
2.2492e+01
2.2516e+01
2.2528e+01
2.2540e+01
2.2550e+01
2.2570e+01
2.2584e+01
2.2597e+01
2.2597e+01
2.2609e+01
2.2626e+01
2.2638e+01
2.2645e+01
2.2658e+01
2.2667e+01
2.2682e+01
2.2694e+01
2.2714e+01
2.2731e+01
2.2745e+01
2.2748e+01
2.2770e+01
2.2789e+01
2.2811e+01
2.2831e+01
2.2860e+01
2.2879e+01
2.2896e+01
2.2925e+01
2.2942e+01
2.2967e+01
2.2979e+01
2.2991e+01
2.2996e+01
2.3008e+01
2.3013e+01
2.3032e+01
2.3037e+01
2.3052e+01
2.3052e+01
2.3054e+01
2.3052e+01
2.3057e+01
2.3052e+01
2.3052e+01
2.3037e+01
2.3037e+01
2.3030e+01
2.3030e+01
2.3018e+01
2.2998e+01
2.2984e+01
2.2962e+01
2.2955e+01
2.2938e+01
2.2921e+01
2.2899e+01
2.2889e+01
2.2874e+01
2.2852e+01
2.2835e+01
2.2813e+01
2.2784e+01
2.2765e+01
2.2738e+01
2.2706e+01
2.2679e+01
2.2655e+01
2.2621e+01
2.2599e+01
2.2567e+01
2.2540e+01
2.2514e+01
2.2482e+01
2.2453e+01
2.2426e+01
2.2387e+01
2.2350e+01
2.2323e+01
2.2286e+01
2.2260e+01
2.2223e+01
2.2176e+01
2.2145e+01
2.2103e+01
2.2074e+01
2.2047e+01
2.2022e+01
2.1990e+01
2.1966e+01
2.1949e+01
2.1924e+01
2.1909e+01
2.1895e+01
2.1880e+01
2.1860e+01
2.1851e+01
2.1838e+01
2.1829e+01
2.1816e+01
2.1804e+01
2.1797e+01
2.1789e+01
2.1780e+01
2.1780e+01
2.1762e+01
2.1755e+01
2.1755e+01
2.1762e+01
2.1757e+01
2.1770e+01
2.1760e+01
2.1757e+01
2.1757e+01
2.1753e+01
2.1743e+01
2.1735e+01
2.1728e+01
2.1713e+01
2.1703e+01
2.1696e+01
2.1681e+01
2.1669e+01
2.1654e+01
2.1654e+01
2.1637e+01
2.1625e+01
2.1608e+01
2.1590e+01
2.1573e+01
2.1554e+01
2.1536e+01
2.1519e+01
2.1504e+01
2.1487e+01
2.1465e+01
2.1443e+01
2.1418e+01
2.1404e+01
2.1379e+01
2.1362e+01
2.1332e+01
2.1305e+01
2.1278e+01
2.1261e+01
2.1231e+01
2.1187e+01
2.1155e+01
2.1125e+01
2.1096e+01
2.1064e+01
2.1042e+01
2.1017e+01
2.0985e+01
2.0953e+01
2.0926e+01
2.0896e+01
2.0869e+01
2.0847e+01
2.0822e+01
2.0792e+01
2.0760e+01
2.0730e+01
2.0708e+01
2.0679e+01
2.0654e+01
2.0629e+01
2.0607e+01
2.0572e+01
2.0540e+01
2.0518e+01
2.0493e+01
2.0473e+01
2.0451e+01
2.0426e+01
2.0399e+01
2.0364e+01
2.0337e+01
2.0302e+01
2.0275e+01
2.0250e+01
2.0220e+01
2.0198e+01
2.0171e+01
2.0143e+01
2.0126e+01
2.0101e+01
2.0079e+01
2.0054e+01
2.0027e+01
2.0007e+01
1.9979e+01
1.9957e+01
1.9937e+01
1.9912e+01
1.9895e+01
1.9873e+01
1.9858e+01
1.9843e+01
1.9833e+01
1.9815e+01
1.9803e+01
1.9791e+01
1.9776e+01
1.9761e+01
1.9736e+01
1.9711e+01
1.9698e+01
1.9666e+01
1.9649e+01
1.9629e+01
1.9609e+01
1.9576e+01
1.9564e+01
1.9536e+01
1.9517e+01
1.9497e+01
1.9474e+01
1.9452e+01
1.9429e+01
1.9402e+01
1.9379e+01
1.9364e+01
1.9352e+01
1.9334e+01
1.9322e+01
1.9309e+01
1.9289e+01
1.9267e+01
1.9247e+01
1.9232e+01
1.9212e+01
1.9195e+01
1.9182e+01
1.9177e+01
1.9147e+01
1.9130e+01
1.9120e+01
1.9095e+01
1.9072e+01
1.9057e+01
1.9037e+01
1.9012e+01
1.8992e+01
1.8972e+01
1.8954e+01
1.8934e+01
1.8907e+01
1.8892e+01
1.8877e+01
1.8854e+01
1.8829e+01
1.8814e+01
1.8807e+01
1.8792e+01
1.8769e+01
1.8747e+01
1.8734e+01
1.8714e+01
1.8701e+01
1.8681e+01
1.8671e+01
1.8651e+01
1.8636e+01
1.8621e+01
1.8601e+01
1.8576e+01
1.8558e+01
1.8536e+01
1.8516e+01
1.8501e+01
1.8486e+01
1.8471e+01
1.8463e+01
1.8443e+01
1.8425e+01
1.8408e+01
1.8400e+01
1.8385e+01
1.8373e+01
1.8360e+01
1.8347e+01
1.8342e+01
1.8327e+01
1.8315e+01
1.8297e+01
1.8282e+01
1.8277e+01
1.8264e+01
1.8252e+01
1.8237e+01
1.8229e+01
1.8217e+01
1.8207e+01
1.8184e+01
1.8164e+01
1.8134e+01
1.8113e+01
1.8101e+01
1.8083e+01
1.8063e+01
1.8045e+01
1.8035e+01
1.8015e+01
1.7992e+01
1.7972e+01
1.7947e+01
1.7932e+01
1.7912e+01
1.7904e+01
1.7879e+01
1.7859e+01
1.7841e+01
1.7826e+01
1.7811e+01
1.7793e+01
1.7776e+01
1.7758e+01
1.7740e+01
1.7723e+01
1.7705e+01
1.7695e+01
1.7677e+01
1.7662e+01
1.7632e+01
1.7616e+01
1.7594e+01
1.7571e+01
1.7551e+01
1.7528e+01
1.7513e+01
1.7488e+01
1.7472e+01
1.7442e+01
1.7422e+01
1.7409e+01
1.7389e+01
1.7371e+01
1.7346e+01
1.7328e+01
1.7313e+01
1.7295e+01
1.7272e+01
1.7252e+01
1.7237e+01
1.7217e+01
1.7201e+01
1.7184e+01
1.7166e+01
1.7148e+01
1.7133e+01
1.7115e+01
1.7095e+01
1.7075e+01
1.7054e+01
1.7037e+01
1.7011e+01
1.6999e+01
1.6981e+01
1.6966e+01
1.6961e+01
1.6950e+01
1.6935e+01
1.6922e+01
1.6912e+01
1.6917e+01
1.6920e+01
1.6917e+01
1.6912e+01
1.6910e+01
1.6905e+01
1.6907e+01
1.6900e+01
1.6887e+01
1.6877e+01
1.6861e+01
1.6846e+01
1.6826e+01
1.6808e+01
1.6795e+01
1.6783e+01
1.6755e+01
1.6737e+01
1.6724e+01
1.6701e+01
1.6681e+01
1.6658e+01
1.6643e+01
1.6620e+01
1.6602e+01
1.6587e+01
1.6574e+01
1.6551e+01
1.6546e+01
1.6533e+01
1.6523e+01
1.6518e+01
1.6526e+01
1.6521e+01
1.6544e+01
1.6536e+01
1.6528e+01
1.6510e+01
1.6508e+01
1.6490e+01
1.6470e+01
1.6454e+01
1.6454e+01
1.6437e+01
1.6432e+01
1.6421e+01
1.6411e+01
1.6398e+01
1.6393e+01
1.6386e+01
1.6388e+01
1.6373e+01
1.6365e+01
1.6347e+01
1.6332e+01
1.6327e+01
1.6317e+01
1.6304e+01
1.6296e+01
1.6286e+01
1.6279e+01
1.6273e+01
1.6258e+01
1.6245e+01
1.6233e+01
1.6220e+01
1.6205e+01
1.6187e+01
1.6176e+01
1.6164e+01
1.6148e+01
1.6133e+01
1.6115e+01
1.6097e+01
1.6079e+01
1.6067e+01
1.6049e+01
1.6033e+01
1.6008e+01
1.5987e+01
1.5962e+01
1.5934e+01
1.5908e+01
1.5883e+01
1.5862e+01
1.5837e+01
1.5816e+01
1.5798e+01
1.5778e+01
1.5755e+01
1.5734e+01
1.5721e+01
1.5696e+01
1.5673e+01
1.5639e+01
1.5622e+01
1.5606e+01
1.5586e+01
1.5563e+01
1.5534e+01
1.5522e+01
1.5498e+01
1.5475e+01
1.5455e+01
1.5445e+01
1.5424e+01
1.5404e+01
1.5393e+01
1.5375e+01
1.5357e+01
1.5342e+01
1.5321e+01
1.5303e+01
1.5275e+01
1.5257e+01
1.5237e+01
1.5221e+01
1.5193e+01
1.5180e+01
1.5165e+01
1.5157e+01
1.5144e+01
1.5124e+01
1.5103e+01
1.5090e+01
1.5080e+01
1.5064e+01
1.5049e+01
1.5039e+01
1.5021e+01
1.5003e+01
1.4985e+01
1.4969e+01
1.4943e+01
1.4923e+01
1.4907e+01
1.4895e+01
1.4869e+01
1.4846e+01
1.4830e+01
1.4809e+01
1.4791e+01
1.4768e+01
1.4750e+01
1.4730e+01
1.4701e+01
1.4683e+01
1.4665e+01
1.4650e+01
1.4619e+01
1.4601e+01
1.4583e+01
1.4559e+01
1.4533e+01
1.4513e+01
1.4497e+01
1.4477e+01
1.4456e+01
1.4435e+01
1.4417e+01
1.4391e+01
1.4363e+01
1.4358e+01
1.4342e+01
1.4322e+01
1.4298e+01
1.4288e+01
1.4272e+01
1.4247e+01
1.4234e+01
1.4218e+01
1.4197e+01
1.4179e+01
1.4159e+01
1.4135e+01
1.4115e+01
1.4094e+01
1.4071e+01
1.4052e+01
1.4032e+01
1.4014e+01
1.3990e+01
1.3972e+01
1.3951e+01
1.3931e+01
1.3912e+01
1.3889e+01
1.3871e+01
1.3850e+01
1.3832e+01
1.3817e+01
1.3796e+01
1.3778e+01
1.3762e+01
1.3746e+01
1.3728e+01
1.3715e+01
1.3692e+01
1.3684e+01
1.3669e+01
1.3656e+01
1.3643e+01
1.3627e+01
1.3611e+01
1.3596e+01
1.3583e+01
1.3578e+01
1.3565e+01
1.3559e+01
1.3546e+01
1.3539e+01
1.3526e+01
1.3526e+01
1.3515e+01
1.3523e+01
1.3505e+01
1.3502e+01
1.3497e+01
1.3489e+01
1.3487e+01
1.3481e+01
1.3471e+01
1.3466e+01
1.3455e+01
1.3455e+01
1.3448e+01
1.3445e+01
1.3429e+01
1.3422e+01
1.3409e+01
1.3406e+01
1.3396e+01
1.3380e+01
1.3367e+01
1.3351e+01
1.3333e+01
1.3320e+01
1.3312e+01
1.3294e+01
1.3271e+01
1.3263e+01
1.3250e+01
1.3234e+01
1.3213e+01
1.3203e+01
1.3185e+01
1.3174e+01
1.3159e+01
1.3143e+01
1.3130e+01
1.3112e+01
1.3101e+01
1.3083e+01
1.3062e+01
1.3052e+01
1.3044e+01
1.3036e+01
1.3012e+01
1.3012e+01
1.2994e+01
1.2979e+01
1.2963e+01
1.2947e+01
1.2924e+01
1.2903e+01
1.2890e+01
1.2877e+01
1.2872e+01
1.2858e+01
1.2843e+01
1.2822e+01
1.2806e+01
1.2793e+01
1.2780e+01
1.2764e+01
1.2743e+01
1.2728e+01
1.2707e+01
1.2681e+01
1.2673e+01
1.2655e+01
1.2636e+01
1.2610e+01
1.2589e+01
1.2560e+01
1.2547e+01
1.2521e+01
1.2503e+01
1.2479e+01
1.2445e+01
1.2411e+01
1.2380e+01
1.2356e+01
1.2327e+01
1.2293e+01
1.2270e+01
1.2249e+01
1.2230e+01
1.2201e+01
1.2178e+01
1.2151e+01
1.2125e+01
1.2096e+01
1.2070e+01
1.2054e+01
1.2031e+01
1.2010e+01
1.1989e+01
1.1981e+01
1.1968e+01
1.1962e+01
1.1957e+01
1.1968e+01
1.1973e+01
1.1981e+01
1.1983e+01
1.2010e+01
1.2025e+01
1.2062e+01
1.2086e+01
1.2128e+01
1.2172e+01
1.2241e+01
1.2301e+01
1.2382e+01
1.2453e+01
1.2532e+01
1.2613e+01
1.2689e+01
1.2770e+01
1.2858e+01
1.2952e+01
1.3049e+01
1.3145e+01
1.3255e+01
1.3356e+01
1.3458e+01
1.3559e+01
1.3661e+01
1.3770e+01
1.3879e+01
1.3993e+01
1.4102e+01
1.4221e+01
1.4337e+01
1.4466e+01
1.4590e+01
1.4735e+01
1.4887e+01
1.5039e+01
1.5188e+01
1.5345e+01
1.5496e+01
1.5665e+01
1.5837e+01
1.6013e+01
1.6159e+01
1.6317e+01
1.6467e+01
1.6635e+01
1.6790e+01
1.6961e+01
1.7103e+01
1.7252e+01
1.7371e+01
1.7493e+01
1.7589e+01
1.7695e+01
1.7783e+01
1.7879e+01
1.7960e+01
1.8033e+01
1.8091e+01
1.8144e+01
1.8191e+01
1.8239e+01
1.8279e+01
1.8327e+01
1.8352e+01
1.8388e+01
1.8410e+01
1.8440e+01
1.8453e+01
1.8463e+01
1.8476e+01
1.8478e+01
1.8468e+01
1.8463e+01
1.8455e+01
1.8440e+01
1.8418e+01
1.8398e+01
1.8383e+01
1.8370e+01
1.8330e+01
1.8295e+01
1.8269e+01
1.8239e+01
1.8196e+01
1.8154e+01
1.8111e+01
1.8068e+01
1.8015e+01
1.7962e+01
1.7912e+01
1.7861e+01
1.7803e+01
1.7748e+01
1.7695e+01
1.7634e+01
1.7576e+01
1.7518e+01
1.7462e+01
1.7404e+01
1.7351e+01
1.7295e+01
1.7237e+01
1.7181e+01
1.7128e+01
1.7070e+01
1.7024e+01
1.6973e+01
1.6915e+01
1.6869e+01
1.6816e+01
1.6767e+01
1.6727e+01
1.6684e+01
1.6643e+01
1.6600e+01
1.6561e+01
1.6516e+01
1.6470e+01
1.6416e+01
1.6378e+01
1.6330e+01
1.6286e+01
1.6243e+01
1.6210e+01
1.6169e+01
1.6125e+01
1.6087e+01
1.6046e+01
1.6008e+01
1.5970e+01
1.5924e+01
1.5890e+01
1.5855e+01
1.5814e+01
1.5770e+01
1.5742e+01
1.5706e+01
1.5665e+01
1.5639e+01
1.5596e+01
1.5557e+01
1.5527e+01
1.5491e+01
1.5457e+01
1.5429e+01
1.5393e+01
1.5365e+01
1.5329e+01
1.5288e+01
1.5255e+01
1.5216e+01
1.5185e+01
1.5147e+01
1.5113e+01
1.5088e+01
1.5054e+01
1.5018e+01
1.4985e+01
1.4959e+01
1.4923e+01
1.4892e+01
1.4861e+01
1.4830e+01
1.4802e+01
1.4771e+01
1.4740e+01
1.4712e+01
1.4688e+01
1.4657e+01
1.4629e+01
1.4603e+01
1.4577e+01
1.4552e+01
1.4518e+01
1.4490e+01
1.4461e+01
1.4441e+01
1.4410e+01
1.4381e+01
1.4353e+01
1.4319e+01
1.4293e+01
1.4254e+01
1.4226e+01
1.4195e+01
1.4164e+01
1.4138e+01
1.4109e+01
1.4086e+01
1.4060e+01
1.4032e+01
1.3995e+01
1.3967e+01
1.3938e+01
1.3910e+01
1.3884e+01
1.3858e+01
1.3835e+01
1.3814e+01
1.3788e+01
1.3765e+01
1.3739e+01
1.3715e+01
1.3697e+01
1.3679e+01
1.3650e+01
1.3627e+01
1.3601e+01
1.3583e+01
1.3552e+01
1.3526e+01
1.3500e+01
1.3474e+01
1.3450e+01
1.3422e+01
1.3396e+01
1.3375e+01
1.3354e+01
1.3328e+01
1.3312e+01
1.3302e+01
1.3284e+01
1.3263e+01
1.3247e+01
1.3237e+01
1.3226e+01
1.3211e+01
1.3200e+01
1.3179e+01
1.3177e+01
1.3164e+01
1.3164e+01
1.3148e+01
1.3148e+01
1.3140e+01
1.3138e+01
1.3132e+01
1.3130e+01
1.3114e+01
1.3101e+01
1.3086e+01
1.3075e+01
1.3052e+01
1.3041e+01
1.3026e+01
1.3020e+01
1.2999e+01
1.2994e+01
1.2984e+01
1.2981e+01
1.2971e+01
1.2971e+01
1.2963e+01
1.2968e+01
1.2958e+01
1.2952e+01
1.2955e+01
1.2963e+01
1.2958e+01
1.2958e+01
1.2950e+01
1.2952e+01
1.2942e+01
1.2929e+01
1.2919e+01
1.2916e+01
1.2908e+01
1.2895e+01
1.2887e+01
1.2861e+01
1.2848e+01
1.2838e+01
1.2819e+01
1.2793e+01
1.2775e+01
1.2751e+01
1.2728e+01
1.2715e+01
1.2691e+01
1.2668e+01
1.2647e+01
1.2623e+01
1.2602e+01
1.2587e+01
1.2563e+01
1.2542e+01
1.2529e+01
1.2500e+01
1.2474e+01
1.2445e+01
1.2422e+01
1.2398e+01
1.2380e+01
1.2356e+01
1.2325e+01
1.2306e+01
1.2288e+01
1.2256e+01
1.2233e+01
1.2201e+01
1.2188e+01
1.2146e+01
1.2120e+01
1.2091e+01
1.2067e+01
1.2033e+01
1.2012e+01
1.1978e+01
1.1947e+01
1.1926e+01
1.1899e+01
1.1870e+01
1.1841e+01
1.1810e+01
1.1791e+01
1.1762e+01
1.1736e+01
1.1710e+01
1.1691e+01
1.1665e+01
1.1636e+01
1.1604e+01
1.1581e+01
1.1552e+01
1.1523e+01
1.1491e+01
1.1467e+01
1.1436e+01
1.1407e+01
1.1378e+01
1.1346e+01
1.1322e+01
1.1296e+01
1.1267e+01
1.1248e+01
1.1222e+01
1.1190e+01
1.1161e+01
1.1137e+01
1.1114e+01
1.1090e+01
1.1061e+01
1.1034e+01
1.1010e+01
1.0989e+01
1.0965e+01
1.0934e+01
1.0912e+01
1.0902e+01
1.0875e+01
1.0854e+01
1.0825e+01
1.0807e+01
1.0783e+01
1.0761e+01
1.0738e+01
1.0711e+01
1.0682e+01
1.0653e+01
1.0626e+01
1.0600e+01
1.0573e+01
1.0544e+01
1.0520e+01
1.0502e+01
1.0475e+01
1.0456e+01
1.0430e+01
1.0409e+01
1.0382e+01
1.0347e+01
1.0321e+01
1.0297e+01
1.0270e+01
1.0244e+01
1.0223e+01
1.0201e+01
1.0180e+01
1.0161e+01
1.0140e+01
1.0119e+01
1.0095e+01
1.0073e+01
1.0039e+01
1.0018e+01
9.9962e+00
9.9669e+00
9.9509e+00
9.9163e+00
9.8896e+00
9.8550e+00
9.8390e+00
9.8150e+00
9.7990e+00
9.7776e+00
9.7563e+00
9.7323e+00
9.7162e+00
9.7002e+00
9.6789e+00
9.6602e+00
9.6415e+00
9.6148e+00
9.5987e+00
9.5747e+00
9.5667e+00
9.5400e+00
9.5213e+00
9.4972e+00
9.4812e+00
9.4624e+00
9.4491e+00
9.4330e+00
9.4143e+00
9.4009e+00
9.3715e+00
9.3501e+00
9.3421e+00
9.3180e+00
9.3046e+00
9.2966e+00
9.2966e+00
9.2752e+00
9.2564e+00
9.2323e+00
9.2162e+00
9.1975e+00
9.1707e+00
9.1493e+00
9.1278e+00
9.1117e+00
9.0876e+00
9.0715e+00
9.0528e+00
9.0367e+00
9.0206e+00
9.0072e+00
8.9938e+00
8.9830e+00
8.9750e+00
8.9562e+00
8.9428e+00
8.9321e+00
8.9267e+00
8.9213e+00
8.9079e+00
8.9052e+00
8.8864e+00
8.8623e+00
8.8408e+00
8.8247e+00
8.8086e+00
8.7898e+00
8.7817e+00
8.7629e+00
8.7522e+00
8.7414e+00
8.7253e+00
8.7145e+00
8.6957e+00
8.6850e+00
8.6715e+00
8.6662e+00
8.6420e+00
8.6339e+00
8.6231e+00
8.5962e+00
8.5747e+00
8.5613e+00
8.5451e+00
8.5182e+00
8.4994e+00
8.4778e+00
8.4536e+00
8.4401e+00
8.4213e+00
8.4159e+00
8.3890e+00
8.3647e+00
8.3351e+00
8.3135e+00
8.2947e+00
8.2758e+00
8.2596e+00
8.2354e+00
8.2192e+00
8.2003e+00
8.1814e+00
8.1599e+00
8.1437e+00
8.1329e+00
8.1059e+00
8.0897e+00
8.0708e+00
8.0627e+00
8.0438e+00
8.0249e+00
8.0087e+00
7.9979e+00
7.9844e+00
7.9601e+00
7.9358e+00
7.9142e+00
7.8979e+00
7.8817e+00
7.8574e+00
7.8358e+00
7.8114e+00
7.7925e+00
7.7655e+00
7.7438e+00
7.7195e+00
7.6897e+00
7.6653e+00
7.6410e+00
7.6193e+00
7.5922e+00
7.5652e+00
7.5408e+00
7.5218e+00
7.4974e+00
7.4730e+00
7.4568e+00
7.4351e+00
7.4107e+00
7.3727e+00
7.3510e+00
7.3320e+00
7.3076e+00
7.2805e+00
7.2615e+00
7.2370e+00
7.2072e+00
7.1855e+00
7.1664e+00
7.1366e+00
7.1094e+00
7.0904e+00
7.0605e+00
7.0279e+00
7.0088e+00
6.9898e+00
6.9680e+00
6.9354e+00
6.9082e+00
6.8892e+00
6.8647e+00
6.8320e+00
6.8048e+00
6.7830e+00
6.7585e+00
6.7367e+00
6.7095e+00
6.6822e+00
6.6659e+00
6.6441e+00
6.6359e+00
6.6141e+00
6.5895e+00
6.5541e+00
6.5404e+00
6.5186e+00
6.4913e+00
6.4668e+00
6.4477e+00
6.4286e+00
6.3985e+00
6.3794e+00
6.3630e+00
6.3357e+00
6.3112e+00
6.2811e+00
6.2538e+00
6.2237e+00
6.2073e+00
6.1800e+00
6.1499e+00
6.1280e+00
6.1061e+00
6.0842e+00
6.0569e+00
6.0323e+00
6.0076e+00
5.9857e+00
5.9693e+00
5.9501e+00
5.9282e+00
5.9063e+00
5.8844e+00
5.8542e+00
5.8433e+00
5.8241e+00
5.8022e+00
5.7775e+00
5.7473e+00
5.7281e+00
5.7062e+00
5.6870e+00
5.6650e+00
5.6431e+00
5.6074e+00
5.5855e+00
5.5690e+00
5.5443e+00
5.5196e+00
5.4921e+00
5.4811e+00
5.4591e+00
5.4344e+00
5.4069e+00
5.3822e+00
5.3657e+00
5.3409e+00
5.3162e+00
5.2942e+00
5.2722e+00
5.2502e+00
5.2227e+00
5.2034e+00
5.1786e+00
5.1566e+00
5.1346e+00
5.1125e+00
5.0905e+00
5.0685e+00
5.0464e+00
5.0216e+00
5.0078e+00
4.9913e+00
4.9665e+00
4.9417e+00
4.9141e+00
4.8893e+00
4.8672e+00
4.8369e+00
4.8120e+00
4.7955e+00
4.7734e+00
4.7513e+00
4.7265e+00
4.7071e+00
4.6851e+00
4.6547e+00
4.6353e+00
4.6132e+00
4.5884e+00
4.5690e+00
4.5497e+00
4.5275e+00
4.5054e+00
4.4944e+00
4.4695e+00
4.4501e+00
4.4252e+00
4.4058e+00
4.3865e+00
4.3616e+00
4.3422e+00
4.3200e+00
4.2951e+00
4.2702e+00
4.2480e+00
4.2231e+00
4.1954e+00
4.1705e+00
4.1400e+00
4.1150e+00
4.0956e+00
4.0790e+00
4.0512e+00
4.0346e+00
4.0041e+00
3.9846e+00
3.9652e+00
3.9375e+00
3.9236e+00
3.8986e+00
3.8736e+00
3.8514e+00
3.8375e+00
3.8181e+00
3.7931e+00
3.7792e+00
3.7625e+00
3.7458e+00
3.7236e+00
3.7069e+00
3.6874e+00
3.6652e+00
3.6429e+00
3.6207e+00
3.5984e+00
3.5706e+00
3.5511e+00
3.5261e+00
3.5038e+00
3.4815e+00
3.4593e+00
3.4398e+00
3.4175e+00
3.3980e+00
3.3729e+00
3.3478e+00
3.3227e+00
3.3032e+00
3.2837e+00
3.2586e+00
3.2419e+00
3.2168e+00
3.1973e+00
3.1722e+00
3.1498e+00
3.1359e+00
3.1191e+00
3.0996e+00
3.0717e+00
3.0521e+00
3.0326e+00
3.0102e+00
2.9879e+00
2.9683e+00
2.9488e+00
2.9153e+00
2.8929e+00
2.8621e+00
2.8286e+00
2.8006e+00
2.7754e+00
2.7503e+00
2.7279e+00
2.7083e+00
2.6803e+00
2.6579e+00
2.6299e+00
2.6131e+00
2.5907e+00
2.5683e+00
2.5515e+00
2.5235e+00
2.5122e+00
2.4954e+00
2.4786e+00
2.4534e+00
2.4310e+00
2.4113e+00
2.4029e+00
2.3833e+00
2.3636e+00
2.3496e+00
2.3412e+00
2.3244e+00
2.3131e+00
2.3019e+00
2.2907e+00
2.2682e+00
2.2626e+00
2.2430e+00
2.2374e+00
2.2317e+00
2.2261e+00
2.2177e+00
2.2121e+00
2.2093e+00
2.2009e+00
2.1952e+00
2.1896e+00
2.1756e+00
2.1756e+00
2.1672e+00
2.1531e+00
2.1447e+00
2.1391e+00
2.1278e+00
2.1194e+00
2.1110e+00
2.0997e+00
2.0913e+00
2.0772e+00
2.0660e+00
2.0491e+00
2.0323e+00
2.0154e+00
2.0013e+00
1.9873e+00
1.9563e+00
1.9338e+00
1.9113e+00
1.8888e+00
1.8691e+00
1.8494e+00
1.8325e+00
1.8156e+00
1.8016e+00
1.7734e+00
1.7537e+00
1.7283e+00
1.7142e+00
1.6889e+00
1.6607e+00
1.6410e+00
1.6128e+00
1.5846e+00
1.5648e+00
1.5451e+00
1.5169e+00
1.4971e+00
1.4746e+00
1.4492e+00
1.4294e+00
1.3984e+00
1.3786e+00
1.3532e+00
1.3391e+00
1.2995e+00
1.2656e+00
1.2373e+00
1.2006e+00
1.1723e+00
1.1469e+00
1.1243e+00
1.0988e+00
1.0733e+00
1.0507e+00
1.0252e+00
1.0026e+00
9.7427e-01
9.5728e-01
9.2047e-01
9.0064e-01
8.7514e-01
8.4681e-01
8.2130e-01
7.9579e-01
7.7312e-01
7.5043e-01
7.2208e-01
6.9655e-01
6.7102e-01
6.4832e-01
6.2278e-01
6.0575e-01
5.7453e-01
5.6034e-01
5.2910e-01
5.0070e-01
4.6662e-01
4.3252e-01
4.0411e-01
3.7284e-01
3.4441e-01
3.2167e-01
2.9607e-01
2.6478e-01
2.4202e-01
2.2211e-01
1.9080e-01
1.7373e-01
1.4526e-01
1.1964e-01
9.4009e-02
7.4072e-02
5.1285e-02
2.5645e-02
0000
