1.8083e+01
1.8086e+01
1.8076e+01
1.8073e+01
1.8069e+01
1.8049e+01
1.8046e+01
1.8036e+01
1.8029e+01
1.8009e+01
1.7992e+01
1.7972e+01
1.7952e+01
1.7931e+01
1.7915e+01
1.7891e+01
1.7878e+01
1.7847e+01
1.7830e+01
1.7810e+01
1.7783e+01
1.7763e+01
1.7753e+01
1.7733e+01
1.7723e+01
1.7703e+01
1.7689e+01
1.7662e+01
1.7645e+01
1.7618e+01
1.7612e+01
1.7588e+01
1.7588e+01
1.7591e+01
1.7622e+01
1.7639e+01
1.7676e+01
1.7686e+01
1.7696e+01
1.7689e+01
1.7686e+01
1.7669e+01
1.7655e+01
1.7628e+01
1.7608e+01
1.7581e+01
1.7561e+01
1.7534e+01
1.7507e+01
1.7477e+01
1.7443e+01
1.7419e+01
1.7389e+01
1.7355e+01
1.7332e+01
1.7298e+01
1.7264e+01
1.7230e+01
1.7203e+01
1.7170e+01
1.7149e+01
1.7112e+01
1.7075e+01
1.7045e+01
1.7011e+01
1.6980e+01
1.6946e+01
1.6916e+01
1.6889e+01
1.6862e+01
1.6825e+01
1.6791e+01
1.6760e+01
1.6726e+01
1.6699e+01
1.6669e+01
1.6642e+01
1.6611e+01
1.6587e+01
1.6560e+01
1.6537e+01
1.6520e+01
1.6489e+01
1.6482e+01
1.6462e+01
1.6452e+01
1.6435e+01
1.6431e+01
1.6418e+01
1.6421e+01
1.6414e+01
1.6411e+01
1.6408e+01
1.6414e+01
1.6421e+01
1.6425e+01
1.6425e+01
1.6448e+01
1.6462e+01
1.6486e+01
1.6489e+01
1.6499e+01
1.6499e+01
1.6520e+01
1.6537e+01
1.6554e+01
1.6577e+01
1.6584e+01
1.6611e+01
1.6635e+01
1.6655e+01
1.6682e+01
1.6716e+01
1.6754e+01
1.6787e+01
1.6825e+01
1.6842e+01
1.6875e+01
1.6902e+01
1.6936e+01
1.6957e+01
1.6987e+01
1.7021e+01
1.7041e+01
1.7072e+01
1.7095e+01
1.7126e+01
1.7159e+01
1.7197e+01
1.7220e+01
1.7234e+01
1.7247e+01
1.7244e+01
1.7247e+01
1.7230e+01
1.7217e+01
1.7210e+01
1.7193e+01
1.7183e+01
1.7166e+01
1.7153e+01
1.7132e+01
1.7112e+01
1.7095e+01
1.7075e+01
1.7061e+01
1.7031e+01
1.7011e+01
1.6990e+01
1.6974e+01
1.6923e+01
1.6919e+01
1.6906e+01
1.6882e+01
1.6858e+01
1.6838e+01
1.6811e+01
1.6787e+01
1.6767e+01
1.6737e+01
1.6709e+01
1.6682e+01
1.6659e+01
1.6638e+01
1.6611e+01
1.6591e+01
1.6564e+01
1.6526e+01
1.6503e+01
1.6472e+01
1.6448e+01
1.6421e+01
1.6398e+01
1.6370e+01
1.6347e+01
1.6330e+01
1.6309e+01
1.6279e+01
1.6245e+01
1.6228e+01
1.6201e+01
1.6184e+01
1.6170e+01
1.6146e+01
1.6129e+01
1.6105e+01
1.6092e+01
1.6065e+01
1.6044e+01
1.6017e+01
1.5997e+01
1.5973e+01
1.5945e+01
1.5932e+01
1.5911e+01
1.5891e+01
1.5864e+01
1.5843e+01
1.5819e+01
1.5799e+01
1.5775e+01
1.5751e+01
1.5741e+01
1.5721e+01
1.5700e+01
1.5683e+01
1.5673e+01
1.5659e+01
1.5635e+01
1.5629e+01
1.5615e+01
1.5612e+01
1.5608e+01
1.5615e+01
1.5618e+01
1.5629e+01
1.5642e+01
1.5652e+01
1.5670e+01
1.5676e+01
1.5693e+01
1.5704e+01
1.5721e+01
1.5734e+01
1.5741e+01
1.5755e+01
1.5762e+01
1.5779e+01
1.5785e+01
1.5789e+01
1.5792e+01
1.5802e+01
1.5802e+01
1.5792e+01
1.5789e+01
1.5789e+01
1.5792e+01
1.5789e+01
1.5785e+01
1.5785e+01
1.5768e+01
1.5772e+01
1.5758e+01
1.5748e+01
1.5741e+01
1.5724e+01
1.5714e+01
1.5714e+01
1.5707e+01
1.5690e+01
1.5683e+01
1.5670e+01
1.5656e+01
1.5642e+01
1.5632e+01
1.5615e+01
1.5601e+01
1.5595e+01
1.5584e+01
1.5574e+01
1.5560e+01
1.5550e+01
1.5543e+01
1.5519e+01
1.5516e+01
1.5519e+01
1.5506e+01
1.5489e+01
1.5479e+01
1.5458e+01
1.5441e+01
1.5414e+01
1.5386e+01
1.5376e+01
1.5349e+01
1.5332e+01
1.5315e+01
1.5291e+01
1.5270e+01
1.5246e+01
1.5229e+01
1.5202e+01
1.5178e+01
1.5140e+01
1.5120e+01
1.5092e+01
1.5065e+01
1.5031e+01
1.4993e+01
1.4969e+01
1.4945e+01
1.4914e+01
1.4890e+01
1.4870e+01
1.4842e+01
1.4812e+01
1.4781e+01
1.4750e+01
1.4722e+01
1.4692e+01
1.4671e+01
1.4630e+01
1.4602e+01
1.4578e+01
1.4548e+01
1.4523e+01
1.4496e+01
1.4472e+01
1.4441e+01
1.4420e+01
1.4400e+01
1.4369e+01
1.4352e+01
1.4328e+01
1.4307e+01
1.4280e+01
1.4262e+01
1.4235e+01
1.4211e+01
1.4197e+01
1.4173e+01
1.4152e+01
1.4128e+01
1.4104e+01
1.4087e+01
1.4070e+01
1.4046e+01
1.4025e+01
1.4018e+01
1.3994e+01
1.3970e+01
1.3942e+01
1.3925e+01
1.3897e+01
1.3873e+01
1.3853e+01
1.3832e+01
1.3808e+01
1.3784e+01
1.3766e+01
1.3746e+01
1.3729e+01
1.3708e+01
1.3687e+01
1.3673e+01
1.3642e+01
1.3625e+01
1.3601e+01
1.3584e+01
1.3563e+01
1.3549e+01
1.3532e+01
1.3508e+01
1.3487e+01
1.3459e+01
1.3442e+01
1.3425e+01
1.3404e+01
1.3394e+01
1.3373e+01
1.3349e+01
1.3331e+01
1.3331e+01
1.3324e+01
1.3311e+01
1.3293e+01
1.3283e+01
1.3266e+01
1.3245e+01
1.3231e+01
1.3210e+01
1.3190e+01
1.3162e+01
1.3141e+01
1.3127e+01
1.3106e+01
1.3086e+01
1.3058e+01
1.3051e+01
1.3030e+01
1.3003e+01
1.2982e+01
1.2961e+01
1.2933e+01
1.2912e+01
1.2899e+01
1.2871e+01
1.2850e+01
1.2833e+01
1.2812e+01
1.2788e+01
1.2774e+01
1.2756e+01
1.2729e+01
1.2711e+01
1.2684e+01
1.2656e+01
1.2635e+01
1.2614e+01
1.2597e+01
1.2569e+01
1.2548e+01
1.2531e+01
1.2506e+01
1.2493e+01
1.2479e+01
1.2458e+01
1.2440e+01
1.2423e+01
1.2402e+01
1.2392e+01
1.2371e+01
1.2360e+01
1.2350e+01
1.2336e+01
1.2322e+01
1.2312e+01
1.2312e+01
1.2298e+01
1.2298e+01
1.2291e+01
1.2287e+01
1.2291e+01
1.2291e+01
1.2291e+01
1.2298e+01
1.2301e+01
1.2305e+01
1.2319e+01
1.2329e+01
1.2329e+01
1.2343e+01
1.2353e+01
1.2374e+01
1.2381e+01
1.2406e+01
1.2420e+01
1.2440e+01
1.2461e+01
1.2479e+01
1.2510e+01
1.2524e+01
1.2552e+01
1.2565e+01
1.2590e+01
1.2607e+01
1.2631e+01
1.2652e+01
1.2666e+01
1.2680e+01
1.2694e+01
1.2711e+01
1.2725e+01
1.2732e+01
1.2746e+01
1.2749e+01
1.2756e+01
1.2763e+01
1.2774e+01
1.2774e+01
1.2770e+01
1.2763e+01
1.2760e+01
1.2756e+01
1.2749e+01
1.2746e+01
1.2736e+01
1.2729e+01
1.2718e+01
1.2711e+01
1.2701e+01
1.2690e+01
1.2680e+01
1.2663e+01
1.2649e+01
1.2635e+01
1.2625e+01
1.2604e+01
1.2586e+01
1.2565e+01
1.2538e+01
1.2520e+01
1.2499e+01
1.2479e+01
1.2454e+01
1.2433e+01
1.2416e+01
1.2399e+01
1.2381e+01
1.2350e+01
1.2319e+01
1.2284e+01
1.2260e+01
1.2232e+01
1.2204e+01
1.2179e+01
1.2159e+01
1.2141e+01
1.2103e+01
1.2082e+01
1.2065e+01
1.2040e+01
1.2019e+01
1.1995e+01
1.1981e+01
1.1950e+01
1.1939e+01
1.1918e+01
1.1894e+01
1.1869e+01
1.1845e+01
1.1824e+01
1.1803e+01
1.1786e+01
1.1758e+01
1.1740e+01
1.1719e+01
1.1698e+01
1.1688e+01
1.1660e+01
1.1635e+01
1.1618e+01
1.1604e+01
1.1576e+01
1.1559e+01
1.1548e+01
1.1524e+01
1.1510e+01
1.1492e+01
1.1485e+01
1.1468e+01
1.1461e+01
1.1443e+01
1.1436e+01
1.1429e+01
1.1422e+01
1.1415e+01
1.1408e+01
1.1412e+01
1.1412e+01
1.1412e+01
1.1422e+01
1.1436e+01
1.1450e+01
1.1457e+01
1.1478e+01
1.1482e+01
1.1492e+01
1.1499e+01
1.1520e+01
1.1531e+01
1.1541e+01
1.1545e+01
1.1552e+01
1.1552e+01
1.1552e+01
1.1555e+01
1.1559e+01
1.1562e+01
1.1562e+01
1.1562e+01
1.1573e+01
1.1569e+01
1.1573e+01
1.1576e+01
1.1580e+01
1.1583e+01
1.1576e+01
1.1580e+01
1.1583e+01
1.1580e+01
1.1573e+01
1.1573e+01
1.1569e+01
1.1569e+01
1.1559e+01
1.1545e+01
1.1545e+01
1.1538e+01
1.1531e+01
1.1524e+01
1.1517e+01
1.1499e+01
1.1478e+01
1.1461e+01
1.1436e+01
1.1426e+01
1.1412e+01
1.1398e+01
1.1384e+01
1.1370e+01
1.1352e+01
1.1328e+01
1.1310e+01
1.1296e+01
1.1275e+01
1.1254e+01
1.1233e+01
1.1219e+01
1.1195e+01
1.1184e+01
1.1160e+01
1.1135e+01
1.1114e+01
1.1086e+01
1.1051e+01
1.1027e+01
1.1009e+01
1.0981e+01
1.0953e+01
1.0928e+01
1.0900e+01
1.0862e+01
1.0837e+01
1.0813e+01
1.0784e+01
1.0763e+01
1.0739e+01
1.0721e+01
1.0697e+01
1.0672e+01
1.0647e+01
1.0626e+01
1.0612e+01
1.0584e+01
1.0570e+01
1.0549e+01
1.0528e+01
1.0507e+01
1.0486e+01
1.0472e+01
1.0451e+01
1.0433e+01
1.0412e+01
1.0387e+01
1.0366e+01
1.0349e+01
1.0324e+01
1.0299e+01
1.0278e+01
1.0243e+01
1.0222e+01
1.0201e+01
1.0172e+01
1.0144e+01
1.0123e+01
1.0105e+01
1.0081e+01
1.0067e+01
1.0049e+01
1.0028e+01
1.0010e+01
9.9891e+00
9.9609e+00
9.9433e+00
9.9292e+00
9.9009e+00
9.8868e+00
9.8692e+00
9.8515e+00
9.8268e+00
9.8127e+00
9.7950e+00
9.7773e+00
9.7562e+00
9.7350e+00
9.7279e+00
9.6996e+00
9.6820e+00
9.6607e+00
9.6360e+00
9.6148e+00
9.5900e+00
9.5724e+00
9.5547e+00
9.5299e+00
9.5087e+00
9.4875e+00
9.4698e+00
9.4485e+00
9.4309e+00
9.4096e+00
9.3955e+00
9.3636e+00
9.3459e+00
9.3282e+00
9.3034e+00
9.2821e+00
9.2680e+00
9.2396e+00
9.2077e+00
9.1865e+00
9.1723e+00
9.1475e+00
9.1262e+00
9.1049e+00
9.0978e+00
9.0695e+00
9.0517e+00
9.0304e+00
9.0162e+00
8.9985e+00
8.9772e+00
8.9559e+00
8.9382e+00
8.9382e+00
8.9204e+00
8.9062e+00
8.8920e+00
8.8920e+00
8.8920e+00
8.8814e+00
8.8743e+00
8.8778e+00
8.8707e+00
8.8672e+00
8.8636e+00
8.8636e+00
8.8601e+00
8.8601e+00
8.8565e+00
8.8601e+00
8.8494e+00
8.8565e+00
8.8636e+00
8.8672e+00
8.8601e+00
8.8672e+00
8.8636e+00
8.8636e+00
8.8601e+00
8.8565e+00
8.8601e+00
8.8707e+00
8.8814e+00
8.9062e+00
8.9169e+00
8.9559e+00
8.9772e+00
9.0162e+00
9.0482e+00
9.0872e+00
9.1085e+00
9.1439e+00
9.1794e+00
9.2184e+00
9.2538e+00
9.2928e+00
9.3282e+00
9.3636e+00
9.3990e+00
9.4450e+00
9.4804e+00
9.5335e+00
9.5724e+00
9.6183e+00
9.6678e+00
9.7244e+00
9.7738e+00
9.8056e+00
9.8444e+00
9.8974e+00
9.9397e+00
9.9785e+00
1.0024e+01
1.0074e+01
1.0120e+01
1.0169e+01
1.0211e+01
1.0271e+01
1.0317e+01
1.0373e+01
1.0426e+01
1.0489e+01
1.0556e+01
1.0616e+01
1.0683e+01
1.0767e+01
1.0865e+01
1.0942e+01
1.1002e+01
1.1065e+01
1.1118e+01
1.1163e+01
1.1198e+01
1.1244e+01
1.1282e+01
1.1317e+01
1.1345e+01
1.1370e+01
1.1384e+01
1.1401e+01
1.1426e+01
1.1436e+01
1.1447e+01
1.1450e+01
1.1464e+01
1.1468e+01
1.1464e+01
1.1471e+01
1.1475e+01
1.1468e+01
1.1461e+01
1.1457e+01
1.1457e+01
1.1450e+01
1.1447e+01
1.1436e+01
1.1426e+01
1.1408e+01
1.1398e+01
1.1380e+01
1.1377e+01
1.1366e+01
1.1349e+01
1.1338e+01
1.1321e+01
1.1300e+01
1.1275e+01
1.1258e+01
1.1237e+01
1.1212e+01
1.1191e+01
1.1174e+01
1.1163e+01
1.1142e+01
1.1125e+01
1.1118e+01
1.1107e+01
1.1111e+01
1.1114e+01
1.1132e+01
1.1139e+01
1.1160e+01
1.1191e+01
1.1237e+01
1.1286e+01
1.1345e+01
1.1412e+01
1.1492e+01
1.1569e+01
1.1660e+01
1.1751e+01
1.1848e+01
1.1967e+01
1.2085e+01
1.2214e+01
1.2353e+01
1.2499e+01
1.2663e+01
1.2836e+01
1.3048e+01
1.3300e+01
1.3549e+01
1.3777e+01
1.3984e+01
1.4163e+01
1.4321e+01
1.4465e+01
1.4602e+01
1.4746e+01
1.4887e+01
1.5021e+01
1.5144e+01
1.5270e+01
1.5383e+01
1.5496e+01
1.5598e+01
1.5707e+01
1.5806e+01
1.5894e+01
1.5983e+01
1.6075e+01
1.6156e+01
1.6251e+01
1.6326e+01
1.6411e+01
1.6462e+01
1.6506e+01
1.6547e+01
1.6577e+01
1.6611e+01
1.6645e+01
1.6669e+01
1.6703e+01
1.6726e+01
1.6760e+01
1.6781e+01
1.6828e+01
1.6869e+01
1.6892e+01
1.6886e+01
1.6882e+01
1.6862e+01
1.6842e+01
1.6808e+01
1.6777e+01
1.6750e+01
1.6713e+01
1.6679e+01
1.6645e+01
1.6594e+01
1.6547e+01
1.6499e+01
1.6455e+01
1.6404e+01
1.6350e+01
1.6296e+01
1.6238e+01
1.6184e+01
1.6126e+01
1.6078e+01
1.6024e+01
1.5976e+01
1.5925e+01
1.5884e+01
1.5847e+01
1.5809e+01
1.5765e+01
1.5731e+01
1.5690e+01
1.5649e+01
1.5615e+01
1.5581e+01
1.5540e+01
1.5509e+01
1.5468e+01
1.5438e+01
1.5407e+01
1.5379e+01
1.5339e+01
1.5315e+01
1.5274e+01
1.5246e+01
1.5215e+01
1.5188e+01
1.5154e+01
1.5120e+01
1.5079e+01
1.5051e+01
1.5010e+01
1.4973e+01
1.4942e+01
1.4921e+01
1.4887e+01
1.4860e+01
1.4822e+01
1.4794e+01
1.4770e+01
1.4743e+01
1.4722e+01
1.4695e+01
1.4674e+01
1.4647e+01
1.4630e+01
1.4606e+01
1.4589e+01
1.4558e+01
1.4544e+01
1.4520e+01
1.4503e+01
1.4479e+01
1.4455e+01
1.4434e+01
1.4417e+01
1.4390e+01
1.4379e+01
1.4355e+01
1.4335e+01
1.4300e+01
1.4273e+01
1.4235e+01
1.4211e+01
1.4176e+01
1.4152e+01
1.4125e+01
1.4094e+01
1.4063e+01
1.4042e+01
1.4004e+01
1.3977e+01
1.3946e+01
1.3922e+01
1.3884e+01
1.3863e+01
1.3832e+01
1.3815e+01
1.3780e+01
1.3756e+01
1.3722e+01
1.3694e+01
1.3670e+01
1.3642e+01
1.3611e+01
1.3584e+01
1.3546e+01
1.3521e+01
1.3490e+01
1.3456e+01
1.3425e+01
1.3397e+01
1.3356e+01
1.3328e+01
1.3290e+01
1.3262e+01
1.3231e+01
1.3203e+01
1.3169e+01
1.3134e+01
1.3103e+01
1.3075e+01
1.3044e+01
1.3006e+01
1.2982e+01
1.2961e+01
1.2930e+01
1.2902e+01
1.2874e+01
1.2843e+01
1.2815e+01
1.2788e+01
1.2756e+01
1.2725e+01
1.2704e+01
1.2673e+01
1.2642e+01
1.2618e+01
1.2590e+01
1.2555e+01
1.2538e+01
1.2513e+01
1.2475e+01
1.2451e+01
1.2423e+01
1.2399e+01
1.2367e+01
1.2343e+01
1.2322e+01
1.2298e+01
1.2273e+01
1.2249e+01
1.2232e+01
1.2204e+01
1.2179e+01
1.2159e+01
1.2148e+01
1.2131e+01
1.2113e+01
1.2092e+01
1.2082e+01
1.2065e+01
1.2047e+01
1.2030e+01
1.2026e+01
1.2009e+01
1.1995e+01
1.1988e+01
1.1988e+01
1.1970e+01
1.1967e+01
1.1960e+01
1.1963e+01
1.1953e+01
1.1946e+01
1.1936e+01
1.1932e+01
1.1932e+01
1.1932e+01
1.1932e+01
1.1932e+01
1.1925e+01
1.1925e+01
1.1922e+01
1.1915e+01
1.1908e+01
1.1904e+01
1.1890e+01
1.1880e+01
1.1873e+01
1.1866e+01
1.1852e+01
1.1841e+01
1.1841e+01
1.1827e+01
1.1810e+01
1.1796e+01
1.1779e+01
1.1765e+01
1.1751e+01
1.1730e+01
1.1705e+01
1.1695e+01
1.1677e+01
1.1653e+01
1.1639e+01
1.1621e+01
1.1594e+01
1.1573e+01
1.1559e+01
1.1538e+01
1.1520e+01
1.1489e+01
1.1464e+01
1.1447e+01
1.1429e+01
1.1405e+01
1.1377e+01
1.1356e+01
1.1335e+01
1.1317e+01
1.1289e+01
1.1261e+01
1.1240e+01
1.1219e+01
1.1202e+01
1.1170e+01
1.1149e+01
1.1121e+01
1.1097e+01
1.1069e+01
1.1034e+01
1.1020e+01
1.0984e+01
1.0960e+01
1.0939e+01
1.0918e+01
1.0904e+01
1.0890e+01
1.0883e+01
1.0872e+01
1.0865e+01
1.0869e+01
1.0869e+01
1.0879e+01
1.0876e+01
1.0897e+01
1.0904e+01
1.0932e+01
1.0956e+01
1.0991e+01
1.1016e+01
1.1055e+01
1.1100e+01
1.1146e+01
1.1195e+01
1.1244e+01
1.1314e+01
1.1373e+01
1.1440e+01
1.1513e+01
1.1580e+01
1.1646e+01
1.1705e+01
1.1779e+01
1.1841e+01
1.1911e+01
1.1967e+01
1.2037e+01
1.2085e+01
1.2120e+01
1.2155e+01
1.2176e+01
1.2197e+01
1.2218e+01
1.2235e+01
1.2246e+01
1.2263e+01
1.2280e+01
1.2298e+01
1.2308e+01
1.2315e+01
1.2329e+01
1.2343e+01
1.2350e+01
1.2357e+01
1.2340e+01
1.2340e+01
1.2336e+01
1.2326e+01
1.2301e+01
1.2287e+01
1.2270e+01
1.2235e+01
1.2207e+01
1.2173e+01
1.2148e+01
1.2117e+01
1.2085e+01
1.2054e+01
1.2019e+01
1.1991e+01
1.1953e+01
1.1918e+01
1.1880e+01
1.1845e+01
1.1793e+01
1.1761e+01
1.1719e+01
1.1681e+01
1.1649e+01
1.1607e+01
1.1566e+01
1.1524e+01
1.1492e+01
1.1461e+01
1.1422e+01
1.1391e+01
1.1359e+01
1.1335e+01
1.1300e+01
1.1275e+01
1.1240e+01
1.1212e+01
1.1181e+01
1.1153e+01
1.1125e+01
1.1090e+01
1.1055e+01
1.1027e+01
1.1002e+01
1.0977e+01
1.0953e+01
1.0928e+01
1.0900e+01
1.0876e+01
1.0844e+01
1.0823e+01
1.0791e+01
1.0767e+01
1.0746e+01
1.0725e+01
1.0697e+01
1.0669e+01
1.0647e+01
1.0623e+01
1.0602e+01
1.0581e+01
1.0553e+01
1.0521e+01
1.0503e+01
1.0489e+01
1.0458e+01
1.0440e+01
1.0408e+01
1.0377e+01
1.0352e+01
1.0320e+01
1.0299e+01
1.0271e+01
1.0243e+01
1.0215e+01
1.0194e+01
1.0169e+01
1.0144e+01
1.0116e+01
1.0088e+01
1.0070e+01
1.0042e+01
1.0021e+01
9.9962e+00
9.9715e+00
9.9433e+00
9.9186e+00
9.8939e+00
9.8656e+00
9.8480e+00
9.8233e+00
9.7915e+00
9.7632e+00
9.7385e+00
9.7173e+00
9.6926e+00
9.6678e+00
9.6395e+00
9.6254e+00
9.5936e+00
9.5582e+00
9.5370e+00
9.5016e+00
9.4698e+00
9.4379e+00
9.4167e+00
9.3884e+00
9.3671e+00
9.3353e+00
9.3176e+00
9.2928e+00
9.2644e+00
9.2396e+00
9.2077e+00
9.1829e+00
9.1652e+00
9.1404e+00
9.1120e+00
9.0907e+00
9.0695e+00
9.0446e+00
9.0127e+00
8.9843e+00
8.9701e+00
8.9382e+00
8.9204e+00
8.9027e+00
8.8743e+00
8.8530e+00
8.8245e+00
8.8032e+00
8.7784e+00
8.7499e+00
8.7251e+00
8.6966e+00
8.6717e+00
8.6433e+00
8.6148e+00
8.5935e+00
8.5757e+00
8.5473e+00
8.5295e+00
8.5081e+00
8.4832e+00
8.4654e+00
8.4476e+00
8.4298e+00
8.4049e+00
8.3835e+00
8.3550e+00
8.3301e+00
8.3158e+00
8.2980e+00
8.2838e+00
8.2553e+00
8.2410e+00
8.2196e+00
8.2018e+00
8.1768e+00
8.1554e+00
8.1376e+00
8.1162e+00
8.0984e+00
8.0698e+00
8.0449e+00
8.0234e+00
7.9985e+00
7.9806e+00
7.9556e+00
7.9378e+00
7.9056e+00
7.8878e+00
7.8771e+00
7.8592e+00
7.8378e+00
7.8199e+00
7.8092e+00
7.7913e+00
7.7699e+00
7.7448e+00
7.7377e+00
7.7198e+00
7.6948e+00
7.6805e+00
7.6590e+00
7.6411e+00
7.6197e+00
7.6018e+00
7.5839e+00
7.5624e+00
7.5445e+00
7.5195e+00
7.4980e+00
7.4765e+00
7.4514e+00
7.4264e+00
7.4085e+00
7.3834e+00
7.3547e+00
7.3368e+00
7.3153e+00
7.2938e+00
7.2687e+00
7.2544e+00
7.2329e+00
7.2149e+00
7.1898e+00
7.1683e+00
7.1575e+00
7.1432e+00
7.1253e+00
7.1037e+00
7.0822e+00
7.0607e+00
7.0499e+00
7.0355e+00
7.0032e+00
6.9925e+00
6.9745e+00
6.9565e+00
6.9314e+00
6.9206e+00
6.8955e+00
6.8703e+00
6.8595e+00
6.8380e+00
6.8200e+00
6.7984e+00
6.7805e+00
6.7625e+00
6.7445e+00
6.7265e+00
6.7050e+00
6.6906e+00
6.6654e+00
6.6438e+00
6.6222e+00
6.6042e+00
6.5790e+00
6.5646e+00
6.5502e+00
6.5250e+00
6.5142e+00
6.4962e+00
6.4818e+00
6.4602e+00
6.4386e+00
6.4134e+00
6.3953e+00
6.3773e+00
6.3557e+00
6.3341e+00
6.3016e+00
6.2800e+00
6.2584e+00
6.2403e+00
6.2223e+00
6.1970e+00
6.1790e+00
6.1537e+00
6.1393e+00
6.1140e+00
6.0816e+00
6.0671e+00
6.0455e+00
6.0238e+00
6.0057e+00
5.9913e+00
5.9768e+00
5.9515e+00
5.9299e+00
5.9118e+00
5.8937e+00
5.8720e+00
5.8576e+00
5.8359e+00
5.8142e+00
5.7961e+00
5.7708e+00
5.7527e+00
5.7310e+00
5.7129e+00
5.6985e+00
5.6912e+00
5.6550e+00
5.6333e+00
5.6152e+00
5.5971e+00
5.5790e+00
5.5537e+00
5.5392e+00
5.5175e+00
5.5030e+00
5.4849e+00
5.4595e+00
5.4450e+00
5.4196e+00
5.4015e+00
5.3725e+00
5.3508e+00
5.3326e+00
5.3181e+00
5.3036e+00
5.2855e+00
5.2710e+00
5.2565e+00
5.2420e+00
5.2202e+00
5.2093e+00
5.1912e+00
5.1621e+00
5.1440e+00
5.1295e+00
5.1186e+00
5.0895e+00
5.0786e+00
5.0641e+00
5.0423e+00
5.0169e+00
4.9987e+00
4.9842e+00
4.9696e+00
4.9515e+00
4.9224e+00
4.9079e+00
4.9006e+00
4.8788e+00
4.8570e+00
4.8388e+00
4.8206e+00
4.7951e+00
4.7806e+00
4.7660e+00
4.7515e+00
4.7369e+00
4.7115e+00
4.7042e+00
4.6860e+00
4.6714e+00
4.6496e+00
4.6277e+00
4.6132e+00
4.6059e+00
4.5840e+00
4.5658e+00
4.5585e+00
4.5367e+00
4.5112e+00
4.4966e+00
4.4857e+00
4.4675e+00
4.4529e+00
4.4346e+00
4.4164e+00
4.3982e+00
4.3763e+00
4.3544e+00
4.3362e+00
4.3180e+00
4.2997e+00
4.2742e+00
4.2669e+00
4.2486e+00
4.2267e+00
4.2121e+00
4.1975e+00
4.1793e+00
4.1610e+00
4.1501e+00
4.1355e+00
4.1245e+00
4.1026e+00
4.0880e+00
4.0771e+00
4.0624e+00
4.0478e+00
4.0259e+00
4.0040e+00
3.9894e+00
3.9784e+00
3.9528e+00
3.9382e+00
3.9236e+00
3.9016e+00
3.8943e+00
3.8760e+00
3.8577e+00
3.8358e+00
3.8138e+00
3.7956e+00
3.7736e+00
3.7590e+00
3.7333e+00
3.7114e+00
3.6967e+00
3.6821e+00
3.6675e+00
3.6491e+00
3.6308e+00
3.6162e+00
3.6052e+00
3.5759e+00
3.5649e+00
3.5429e+00
3.5283e+00
3.5099e+00
3.4953e+00
3.4806e+00
3.4623e+00
3.4440e+00
3.4220e+00
3.4110e+00
3.3926e+00
3.3816e+00
3.3743e+00
3.3559e+00
3.3413e+00
3.3193e+00
3.3082e+00
3.2862e+00
3.2679e+00
3.2495e+00
3.2312e+00
3.2091e+00
3.1908e+00
3.1798e+00
3.1614e+00
3.1430e+00
3.1247e+00
3.1100e+00
3.0953e+00
3.0769e+00
3.0549e+00
3.0365e+00
3.0292e+00
3.0108e+00
2.9961e+00
2.9740e+00
2.9556e+00
2.9409e+00
2.9225e+00
2.9189e+00
2.8931e+00
2.8784e+00
2.8637e+00
2.8416e+00
2.8269e+00
2.8232e+00
2.8122e+00
2.7864e+00
2.7791e+00
2.7533e+00
2.7275e+00
2.7128e+00
2.6944e+00
2.6723e+00
2.6539e+00
2.6465e+00
2.6207e+00
2.5986e+00
2.5839e+00
2.5618e+00
2.5397e+00
2.5249e+00
2.5102e+00
2.4954e+00
2.4844e+00
2.4586e+00
2.4512e+00
2.4327e+00
2.4143e+00
2.3995e+00
2.3774e+00
2.3627e+00
2.3442e+00
2.3331e+00
2.3110e+00
2.2888e+00
2.2741e+00
2.2556e+00
2.2445e+00
2.2298e+00
2.2224e+00
2.1965e+00
2.1781e+00
2.1596e+00
2.1338e+00
2.1079e+00
2.0857e+00
2.0783e+00
2.0598e+00
2.0451e+00
2.0266e+00
2.0118e+00
1.9970e+00
1.9785e+00
1.9674e+00
1.9378e+00
1.9267e+00
1.9082e+00
1.8934e+00
1.8786e+00
1.8601e+00
1.8453e+00
1.8268e+00
1.8157e+00
1.8009e+00
1.7898e+00
1.7676e+00
1.7528e+00
1.7417e+00
1.7269e+00
1.7158e+00
1.6973e+00
1.6936e+00
1.6676e+00
1.6417e+00
1.6158e+00
1.5972e+00
1.5824e+00
1.5602e+00
1.5490e+00
1.5305e+00
1.5120e+00
1.5008e+00
1.4860e+00
1.4675e+00
1.4526e+00
1.4526e+00
1.4341e+00
1.4155e+00
1.4044e+00
1.3970e+00
1.3784e+00
1.3636e+00
1.3562e+00
1.3376e+00
1.3302e+00
1.3153e+00
1.3079e+00
1.2931e+00
1.2819e+00
1.2745e+00
1.2708e+00
1.2634e+00
1.2522e+00
1.2522e+00
1.2411e+00
1.2188e+00
1.2077e+00
1.1965e+00
1.1928e+00
1.1854e+00
1.1891e+00
1.1817e+00
1.1854e+00
1.1779e+00
1.1928e+00
1.1965e+00
1.2039e+00
1.2077e+00
1.2188e+00
1.2337e+00
1.2597e+00
1.2671e+00
1.2856e+00
1.3005e+00
1.3302e+00
1.3450e+00
1.3821e+00
1.4007e+00
1.4415e+00
1.4675e+00
1.5083e+00
1.5490e+00
1.5935e+00
1.6269e+00
1.6676e+00
1.6936e+00
1.7306e+00
1.7602e+00
1.8046e+00
1.8379e+00
1.8712e+00
1.8971e+00
1.9341e+00
1.9563e+00
1.9933e+00
2.0192e+00
2.0451e+00
2.0709e+00
2.0968e+00
2.1264e+00
2.1559e+00
2.1855e+00
2.2039e+00
2.2298e+00
2.2482e+00
2.2667e+00
2.2925e+00
2.3110e+00
2.3331e+00
2.3442e+00
2.3590e+00
2.3700e+00
2.3811e+00
2.3959e+00
2.3959e+00
2.3959e+00
2.4032e+00
2.4106e+00
2.4032e+00
2.4032e+00
2.3922e+00
2.3885e+00
2.3885e+00
2.3811e+00
2.3700e+00
2.3516e+00
2.3405e+00
2.3258e+00
2.3147e+00
2.3073e+00
2.2925e+00
2.2815e+00
2.2630e+00
2.2482e+00
2.2298e+00
2.2113e+00
2.1818e+00
2.1670e+00
2.1485e+00
2.1153e+00
2.0857e+00
2.0598e+00
2.0377e+00
2.0044e+00
1.9748e+00
1.9452e+00
1.9008e+00
1.8712e+00
1.8453e+00
1.8231e+00
1.7861e+00
1.7602e+00
1.7306e+00
1.7010e+00
1.6787e+00
1.6491e+00
1.6195e+00
1.5972e+00
1.5676e+00
1.5379e+00
1.5157e+00
1.4860e+00
1.4638e+00
1.4415e+00
1.4044e+00
1.3747e+00
1.3487e+00
1.3302e+00
1.3005e+00
1.2708e+00
1.2485e+00
1.2262e+00
1.2077e+00
1.1742e+00
1.1519e+00
1.1222e+00
1.0925e+00
1.0665e+00
1.0442e+00
1.0218e+00
9.9581e-01
9.7722e-01
9.5490e-01
9.3630e-01
9.1026e-01
8.9165e-01
8.7305e-01
8.5444e-01
8.3583e-01
8.0605e-01
7.8743e-01
7.7254e-01
7.5392e-01
7.4274e-01
7.2412e-01
7.0550e-01
6.8687e-01
6.7569e-01
6.4588e-01
6.3843e-01
6.2725e-01
6.0489e-01
5.8625e-01
5.6761e-01
5.4897e-01
5.2287e-01
5.0795e-01
4.8930e-01
4.5946e-01
4.4454e-01
4.2588e-01
4.0722e-01
3.8857e-01
3.7737e-01
3.6244e-01
3.4378e-01
3.2511e-01
3.1391e-01
2.9524e-01
2.7657e-01
2.7283e-01
2.5790e-01
2.4669e-01
2.3175e-01
2.2428e-01
2.1681e-01
2.0934e-01
2.0560e-01
1.9813e-01
1.9066e-01
1.8692e-01
1.7571e-01
1.6824e-01
1.6824e-01
1.6076e-01
1.4581e-01
1.4581e-01
1.3460e-01
1.2339e-01
1.1218e-01
1.0844e-01
9.3485e-02
7.8531e-02
7.4792e-02
6.3575e-02
5.6097e-02
3.7400e-02
2.6181e-02
1.4961e-02
1.1221e-02
0000
