1.1741e+01
1.1705e+01
1.1664e+01
1.1610e+01
1.1572e+01
1.1531e+01
1.1484e+01
1.1446e+01
1.1405e+01
1.1361e+01
1.1323e+01
1.1282e+01
1.1246e+01
1.1210e+01
1.1169e+01
1.1123e+01
1.1079e+01
1.1041e+01
1.0999e+01
1.0961e+01
1.0934e+01
1.0898e+01
1.0857e+01
1.0818e+01
1.0780e+01
1.0741e+01
1.0708e+01
1.0673e+01
1.0631e+01
1.0596e+01
1.0563e+01
1.0516e+01
1.0469e+01
1.0430e+01
1.0389e+01
1.0348e+01
1.0306e+01
1.0279e+01
1.0238e+01
1.0202e+01
1.0163e+01
1.0130e+01
1.0097e+01
1.0064e+01
1.0039e+01
1.0022e+01
9.9947e+00
9.9781e+00
9.9588e+00
9.9560e+00
9.9394e+00
9.9532e+00
9.9284e+00
9.9422e+00
9.9366e+00
9.9588e+00
9.9588e+00
9.9753e+00
9.9809e+00
1.0011e+01
1.0011e+01
1.0036e+01
1.0047e+01
1.0072e+01
1.0083e+01
1.0116e+01
1.0130e+01
1.0166e+01
1.0188e+01
1.0224e+01
1.0238e+01
1.0276e+01
1.0301e+01
1.0323e+01
1.0342e+01
1.0370e+01
1.0392e+01
1.0417e+01
1.0430e+01
1.0450e+01
1.0466e+01
1.0477e+01
1.0480e+01
1.0494e+01
1.0494e+01
1.0507e+01
1.0502e+01
1.0513e+01
1.0516e+01
1.0530e+01
1.0530e+01
1.0532e+01
1.0541e+01
1.0557e+01
1.0565e+01
1.0579e+01
1.0587e+01
1.0596e+01
1.0604e+01
1.0620e+01
1.0626e+01
1.0637e+01
1.0651e+01
1.0662e+01
1.0678e+01
1.0692e+01
1.0703e+01
1.0722e+01
1.0744e+01
1.0758e+01
1.0777e+01
1.0788e+01
1.0804e+01
1.0810e+01
1.0821e+01
1.0840e+01
1.0862e+01
1.0876e+01
1.0895e+01
1.0923e+01
1.0947e+01
1.0980e+01
1.1013e+01
1.1049e+01
1.1087e+01
1.1123e+01
1.1161e+01
1.1199e+01
1.1232e+01
1.1276e+01
1.1312e+01
1.1350e+01
1.1375e+01
1.1421e+01
1.1454e+01
1.1498e+01
1.1528e+01
1.1566e+01
1.1588e+01
1.1618e+01
1.1637e+01
1.1670e+01
1.1697e+01
1.1716e+01
1.1744e+01
1.1763e+01
1.1771e+01
1.1790e+01
1.1790e+01
1.1809e+01
1.1826e+01
1.1842e+01
1.1853e+01
1.1858e+01
1.1869e+01
1.1886e+01
1.1891e+01
1.1896e+01
1.1896e+01
1.1894e+01
1.1891e+01
1.1891e+01
1.1880e+01
1.1875e+01
1.1858e+01
1.1847e+01
1.1831e+01
1.1823e+01
1.1804e+01
1.1790e+01
1.1787e+01
1.1768e+01
1.1757e+01
1.1738e+01
1.1719e+01
1.1686e+01
1.1664e+01
1.1637e+01
1.1610e+01
1.1569e+01
1.1547e+01
1.1514e+01
1.1479e+01
1.1446e+01
1.1424e+01
1.1386e+01
1.1356e+01
1.1317e+01
1.1290e+01
1.1243e+01
1.1208e+01
1.1169e+01
1.1142e+01
1.1095e+01
1.1051e+01
1.1005e+01
1.0977e+01
1.0934e+01
1.0898e+01
1.0851e+01
1.0815e+01
1.0771e+01
1.0741e+01
1.0703e+01
1.0678e+01
1.0634e+01
1.0609e+01
1.0574e+01
1.0552e+01
1.0519e+01
1.0488e+01
1.0463e+01
1.0444e+01
1.0414e+01
1.0392e+01
1.0375e+01
1.0353e+01
1.0337e+01
1.0326e+01
1.0320e+01
1.0323e+01
1.0331e+01
1.0337e+01
1.0342e+01
1.0359e+01
1.0378e+01
1.0395e+01
1.0408e+01
1.0428e+01
1.0439e+01
1.0450e+01
1.0463e+01
1.0477e+01
1.0488e+01
1.0505e+01
1.0505e+01
1.0510e+01
1.0516e+01
1.0516e+01
1.0516e+01
1.0527e+01
1.0524e+01
1.0527e+01
1.0524e+01
1.0519e+01
1.0513e+01
1.0502e+01
1.0494e+01
1.0494e+01
1.0480e+01
1.0474e+01
1.0463e+01
1.0455e+01
1.0436e+01
1.0433e+01
1.0411e+01
1.0392e+01
1.0367e+01
1.0351e+01
1.0326e+01
1.0306e+01
1.0273e+01
1.0249e+01
1.0224e+01
1.0199e+01
1.0163e+01
1.0141e+01
1.0105e+01
1.0077e+01
1.0042e+01
1.0017e+01
9.9947e+00
9.9753e+00
9.9615e+00
9.9394e+00
9.9339e+00
9.9145e+00
9.9145e+00
9.9173e+00
9.9366e+00
9.9449e+00
9.9643e+00
9.9891e+00
1.0031e+01
1.0061e+01
1.0116e+01
1.0169e+01
1.0229e+01
1.0284e+01
1.0362e+01
1.0430e+01
1.0510e+01
1.0585e+01
1.0670e+01
1.0750e+01
1.0846e+01
1.0925e+01
1.1013e+01
1.1084e+01
1.1142e+01
1.1210e+01
1.1262e+01
1.1309e+01
1.1364e+01
1.1402e+01
1.1440e+01
1.1487e+01
1.1536e+01
1.1583e+01
1.1629e+01
1.1673e+01
1.1716e+01
1.1768e+01
1.1812e+01
1.1847e+01
1.1869e+01
1.1902e+01
1.1918e+01
1.1940e+01
1.1943e+01
1.1976e+01
1.1986e+01
1.2019e+01
1.2025e+01
1.2038e+01
1.2044e+01
1.2055e+01
1.2065e+01
1.2087e+01
1.2106e+01
1.2147e+01
1.2185e+01
1.2229e+01
1.2291e+01
1.2357e+01
1.2438e+01
1.2530e+01
1.2647e+01
1.2758e+01
1.2880e+01
1.2999e+01
1.3140e+01
1.3275e+01
1.3429e+01
1.3594e+01
1.3755e+01
1.3930e+01
1.4108e+01
1.4295e+01
1.4486e+01
1.4705e+01
1.4908e+01
1.5106e+01
1.5314e+01
1.5495e+01
1.5689e+01
1.5870e+01
1.6053e+01
1.6225e+01
1.6389e+01
1.6558e+01
1.6714e+01
1.6888e+01
1.7020e+01
1.7159e+01
1.7283e+01
1.7430e+01
1.7543e+01
1.7666e+01
1.7773e+01
1.7883e+01
1.7962e+01
1.8053e+01
1.8105e+01
1.8179e+01
1.8233e+01
1.8301e+01
1.8348e+01
1.8398e+01
1.8419e+01
1.8460e+01
1.8479e+01
1.8481e+01
1.8479e+01
1.8479e+01
1.8471e+01
1.8463e+01
1.8445e+01
1.8406e+01
1.8364e+01
1.8333e+01
1.8299e+01
1.8252e+01
1.8205e+01
1.8150e+01
1.8087e+01
1.8038e+01
1.7977e+01
1.7915e+01
1.7844e+01
1.7778e+01
1.7718e+01
1.7653e+01
1.7598e+01
1.7535e+01
1.7466e+01
1.7398e+01
1.7346e+01
1.7285e+01
1.7219e+01
1.7162e+01
1.7093e+01
1.7043e+01
1.6980e+01
1.6935e+01
1.6885e+01
1.6832e+01
1.6767e+01
1.6719e+01
1.6669e+01
1.6616e+01
1.6566e+01
1.6518e+01
1.6473e+01
1.6436e+01
1.6394e+01
1.6357e+01
1.6315e+01
1.6283e+01
1.6251e+01
1.6225e+01
1.6188e+01
1.6167e+01
1.6140e+01
1.6114e+01
1.6082e+01
1.6053e+01
1.6026e+01
1.6000e+01
1.5978e+01
1.5939e+01
1.5912e+01
1.5888e+01
1.5848e+01
1.5819e+01
1.5790e+01
1.5761e+01
1.5732e+01
1.5710e+01
1.5692e+01
1.5662e+01
1.5633e+01
1.5601e+01
1.5569e+01
1.5543e+01
1.5524e+01
1.5503e+01
1.5476e+01
1.5450e+01
1.5442e+01
1.5434e+01
1.5420e+01
1.5402e+01
1.5386e+01
1.5378e+01
1.5367e+01
1.5351e+01
1.5343e+01
1.5330e+01
1.5330e+01
1.5319e+01
1.5319e+01
1.5317e+01
1.5317e+01
1.5309e+01
1.5317e+01
1.5311e+01
1.5306e+01
1.5301e+01
1.5301e+01
1.5309e+01
1.5309e+01
1.5303e+01
1.5311e+01
1.5306e+01
1.5298e+01
1.5295e+01
1.5290e+01
1.5282e+01
1.5274e+01
1.5271e+01
1.5258e+01
1.5247e+01
1.5237e+01
1.5231e+01
1.5221e+01
1.5205e+01
1.5183e+01
1.5159e+01
1.5151e+01
1.5138e+01
1.5111e+01
1.5085e+01
1.5074e+01
1.5055e+01
1.5031e+01
1.5010e+01
1.4983e+01
1.4954e+01
1.4924e+01
1.4903e+01
1.4874e+01
1.4847e+01
1.4818e+01
1.4786e+01
1.4756e+01
1.4727e+01
1.4695e+01
1.4662e+01
1.4630e+01
1.4593e+01
1.4553e+01
1.4526e+01
1.4496e+01
1.4464e+01
1.4429e+01
1.4405e+01
1.4360e+01
1.4328e+01
1.4298e+01
1.4266e+01
1.4226e+01
1.4196e+01
1.4159e+01
1.4124e+01
1.4094e+01
1.4056e+01
1.4027e+01
1.3987e+01
1.3949e+01
1.3917e+01
1.3879e+01
1.3849e+01
1.3812e+01
1.3785e+01
1.3747e+01
1.3718e+01
1.3688e+01
1.3653e+01
1.3618e+01
1.3588e+01
1.3556e+01
1.3526e+01
1.3497e+01
1.3470e+01
1.3437e+01
1.3410e+01
1.3380e+01
1.3345e+01
1.3310e+01
1.3286e+01
1.3267e+01
1.3243e+01
1.3210e+01
1.3183e+01
1.3156e+01
1.3124e+01
1.3099e+01
1.3072e+01
1.3045e+01
1.3018e+01
1.2986e+01
1.2964e+01
1.2937e+01
1.2913e+01
1.2886e+01
1.2859e+01
1.2837e+01
1.2813e+01
1.2791e+01
1.2764e+01
1.2750e+01
1.2728e+01
1.2715e+01
1.2691e+01
1.2669e+01
1.2650e+01
1.2636e+01
1.2620e+01
1.2604e+01
1.2582e+01
1.2560e+01
1.2544e+01
1.2522e+01
1.2511e+01
1.2490e+01
1.2484e+01
1.2473e+01
1.2444e+01
1.2430e+01
1.2419e+01
1.2403e+01
1.2389e+01
1.2373e+01
1.2365e+01
1.2348e+01
1.2340e+01
1.2321e+01
1.2316e+01
1.2297e+01
1.2283e+01
1.2261e+01
1.2248e+01
1.2226e+01
1.2221e+01
1.2207e+01
1.2202e+01
1.2180e+01
1.2177e+01
1.2153e+01
1.2142e+01
1.2128e+01
1.2120e+01
1.2095e+01
1.2076e+01
1.2060e+01
1.2044e+01
1.2022e+01
1.1995e+01
1.1989e+01
1.1951e+01
1.1924e+01
1.1905e+01
1.1886e+01
1.1869e+01
1.1836e+01
1.1812e+01
1.1793e+01
1.1776e+01
1.1746e+01
1.1730e+01
1.1700e+01
1.1675e+01
1.1651e+01
1.1629e+01
1.1607e+01
1.1574e+01
1.1552e+01
1.1528e+01
1.1503e+01
1.1481e+01
1.1460e+01
1.1438e+01
1.1416e+01
1.1394e+01
1.1372e+01
1.1345e+01
1.1325e+01
1.1295e+01
1.1271e+01
1.1243e+01
1.1224e+01
1.1189e+01
1.1167e+01
1.1139e+01
1.1117e+01
1.1095e+01
1.1079e+01
1.1057e+01
1.1038e+01
1.1010e+01
1.0988e+01
1.0972e+01
1.0944e+01
1.0923e+01
1.0906e+01
1.0879e+01
1.0859e+01
1.0832e+01
1.0813e+01
1.0793e+01
1.0777e+01
1.0761e+01
1.0750e+01
1.0733e+01
1.0714e+01
1.0700e+01
1.0689e+01
1.0667e+01
1.0667e+01
1.0645e+01
1.0651e+01
1.0642e+01
1.0656e+01
1.0656e+01
1.0673e+01
1.0681e+01
1.0706e+01
1.0719e+01
1.0752e+01
1.0780e+01
1.0818e+01
1.0846e+01
1.0881e+01
1.0920e+01
1.0958e+01
1.0991e+01
1.1035e+01
1.1073e+01
1.1109e+01
1.1134e+01
1.1169e+01
1.1199e+01
1.1235e+01
1.1257e+01
1.1282e+01
1.1312e+01
1.1339e+01
1.1350e+01
1.1367e+01
1.1380e+01
1.1388e+01
1.1408e+01
1.1421e+01
1.1429e+01
1.1440e+01
1.1446e+01
1.1460e+01
1.1465e+01
1.1470e+01
1.1473e+01
1.1484e+01
1.1492e+01
1.1495e+01
1.1503e+01
1.1506e+01
1.1509e+01
1.1514e+01
1.1525e+01
1.1520e+01
1.1514e+01
1.1511e+01
1.1509e+01
1.1503e+01
1.1487e+01
1.1470e+01
1.1460e+01
1.1438e+01
1.1424e+01
1.1408e+01
1.1386e+01
1.1356e+01
1.1331e+01
1.1301e+01
1.1276e+01
1.1243e+01
1.1213e+01
1.1186e+01
1.1153e+01
1.1120e+01
1.1087e+01
1.1060e+01
1.1024e+01
1.0991e+01
1.0961e+01
1.0928e+01
1.0909e+01
1.0879e+01
1.0846e+01
1.0821e+01
1.0802e+01
1.0766e+01
1.0730e+01
1.0708e+01
1.0684e+01
1.0662e+01
1.0631e+01
1.0607e+01
1.0582e+01
1.0552e+01
1.0524e+01
1.0499e+01
1.0483e+01
1.0461e+01
1.0444e+01
1.0425e+01
1.0408e+01
1.0397e+01
1.0375e+01
1.0364e+01
1.0351e+01
1.0342e+01
1.0342e+01
1.0353e+01
1.0348e+01
1.0356e+01
1.0364e+01
1.0375e+01
1.0386e+01
1.0411e+01
1.0425e+01
1.0447e+01
1.0463e+01
1.0494e+01
1.0513e+01
1.0543e+01
1.0568e+01
1.0593e+01
1.0620e+01
1.0662e+01
1.0689e+01
1.0730e+01
1.0766e+01
1.0799e+01
1.0829e+01
1.0865e+01
1.0906e+01
1.0942e+01
1.0986e+01
1.1030e+01
1.1071e+01
1.1115e+01
1.1161e+01
1.1219e+01
1.1271e+01
1.1328e+01
1.1383e+01
1.1446e+01
1.1501e+01
1.1550e+01
1.1599e+01
1.1640e+01
1.1681e+01
1.1719e+01
1.1752e+01
1.1779e+01
1.1806e+01
1.1823e+01
1.1834e+01
1.1839e+01
1.1842e+01
1.1842e+01
1.1828e+01
1.1815e+01
1.1804e+01
1.1793e+01
1.1790e+01
1.1768e+01
1.1752e+01
1.1735e+01
1.1716e+01
1.1689e+01
1.1662e+01
1.1645e+01
1.1621e+01
1.1593e+01
1.1572e+01
1.1547e+01
1.1517e+01
1.1492e+01
1.1465e+01
1.1438e+01
1.1413e+01
1.1372e+01
1.1342e+01
1.1312e+01
1.1273e+01
1.1238e+01
1.1213e+01
1.1186e+01
1.1136e+01
1.1101e+01
1.1057e+01
1.1027e+01
1.0988e+01
1.0947e+01
1.0912e+01
1.0879e+01
1.0848e+01
1.0810e+01
1.0771e+01
1.0736e+01
1.0700e+01
1.0667e+01
1.0637e+01
1.0620e+01
1.0574e+01
1.0546e+01
1.0521e+01
1.0513e+01
1.0485e+01
1.0480e+01
1.0466e+01
1.0472e+01
1.0458e+01
1.0463e+01
1.0461e+01
1.0477e+01
1.0480e+01
1.0505e+01
1.0507e+01
1.0530e+01
1.0557e+01
1.0590e+01
1.0618e+01
1.0653e+01
1.0692e+01
1.0730e+01
1.0777e+01
1.0821e+01
1.0873e+01
1.0917e+01
1.0975e+01
1.1027e+01
1.1082e+01
1.1128e+01
1.1194e+01
1.1252e+01
1.1312e+01
1.1356e+01
1.1405e+01
1.1462e+01
1.1520e+01
1.1561e+01
1.1607e+01
1.1637e+01
1.1667e+01
1.1686e+01
1.1725e+01
1.1749e+01
1.1774e+01
1.1790e+01
1.1817e+01
1.1836e+01
1.1850e+01
1.1866e+01
1.1886e+01
1.1902e+01
1.1913e+01
1.1921e+01
1.1937e+01
1.1951e+01
1.1965e+01
1.1976e+01
1.1984e+01
1.1978e+01
1.1976e+01
1.1978e+01
1.1976e+01
1.1962e+01
1.1967e+01
1.1962e+01
1.1948e+01
1.1935e+01
1.1921e+01
1.1913e+01
1.1886e+01
1.1866e+01
1.1842e+01
1.1820e+01
1.1815e+01
1.1793e+01
1.1766e+01
1.1749e+01
1.1722e+01
1.1697e+01
1.1675e+01
1.1654e+01
1.1626e+01
1.1615e+01
1.1591e+01
1.1580e+01
1.1563e+01
1.1544e+01
1.1531e+01
1.1525e+01
1.1520e+01
1.1506e+01
1.1498e+01
1.1495e+01
1.1492e+01
1.1503e+01
1.1506e+01
1.1517e+01
1.1533e+01
1.1544e+01
1.1552e+01
1.1577e+01
1.1583e+01
1.1599e+01
1.1621e+01
1.1629e+01
1.1651e+01
1.1667e+01
1.1697e+01
1.1727e+01
1.1752e+01
1.1785e+01
1.1815e+01
1.1847e+01
1.1875e+01
1.1910e+01
1.1926e+01
1.1956e+01
1.1992e+01
1.2008e+01
1.2038e+01
1.2060e+01
1.2087e+01
1.2104e+01
1.2133e+01
1.2150e+01
1.2169e+01
1.2177e+01
1.2196e+01
1.2212e+01
1.2218e+01
1.2218e+01
1.2226e+01
1.2234e+01
1.2231e+01
1.2221e+01
1.2226e+01
1.2215e+01
1.2212e+01
1.2199e+01
1.2188e+01
1.2180e+01
1.2177e+01
1.2155e+01
1.2139e+01
1.2128e+01
1.2106e+01
1.2087e+01
1.2071e+01
1.2055e+01
1.2033e+01
1.2005e+01
1.1992e+01
1.1973e+01
1.1946e+01
1.1924e+01
1.1902e+01
1.1872e+01
1.1845e+01
1.1817e+01
1.1785e+01
1.1763e+01
1.1725e+01
1.1703e+01
1.1664e+01
1.1640e+01
1.1610e+01
1.1572e+01
1.1544e+01
1.1517e+01
1.1484e+01
1.1454e+01
1.1432e+01
1.1397e+01
1.1361e+01
1.1339e+01
1.1309e+01
1.1282e+01
1.1246e+01
1.1210e+01
1.1189e+01
1.1161e+01
1.1136e+01
1.1104e+01
1.1079e+01
1.1051e+01
1.1027e+01
1.0997e+01
1.0969e+01
1.0947e+01
1.0920e+01
1.0898e+01
1.0865e+01
1.0843e+01
1.0818e+01
1.0791e+01
1.0766e+01
1.0747e+01
1.0722e+01
1.0697e+01
1.0675e+01
1.0648e+01
1.0626e+01
1.0601e+01
1.0579e+01
1.0563e+01
1.0541e+01
1.0521e+01
1.0502e+01
1.0491e+01
1.0466e+01
1.0452e+01
1.0436e+01
1.0422e+01
1.0411e+01
1.0400e+01
1.0392e+01
1.0381e+01
1.0375e+01
1.0362e+01
1.0356e+01
1.0345e+01
1.0337e+01
1.0326e+01
1.0312e+01
1.0298e+01
1.0282e+01
1.0273e+01
1.0265e+01
1.0254e+01
1.0235e+01
1.0221e+01
1.0207e+01
1.0191e+01
1.0174e+01
1.0152e+01
1.0144e+01
1.0124e+01
1.0102e+01
1.0089e+01
1.0066e+01
1.0053e+01
1.0036e+01
1.0020e+01
9.9974e+00
9.9809e+00
9.9643e+00
9.9422e+00
9.9228e+00
9.9063e+00
9.8897e+00
9.8676e+00
9.8482e+00
9.8261e+00
9.8067e+00
9.7791e+00
9.7597e+00
9.7459e+00
9.7237e+00
9.6961e+00
9.6712e+00
9.6573e+00
9.6324e+00
9.6158e+00
9.6019e+00
9.5687e+00
9.5493e+00
9.5327e+00
9.5133e+00
9.4911e+00
9.4662e+00
9.4385e+00
9.4191e+00
9.3997e+00
9.3802e+00
9.3608e+00
9.3386e+00
9.3220e+00
9.3026e+00
9.2831e+00
9.2693e+00
9.2498e+00
9.2332e+00
9.2165e+00
9.1971e+00
9.1693e+00
9.1499e+00
9.1360e+00
9.1193e+00
9.1026e+00
9.0804e+00
9.0665e+00
9.0498e+00
9.0304e+00
9.0081e+00
8.9887e+00
8.9664e+00
8.9470e+00
8.9303e+00
8.9025e+00
8.8913e+00
8.8746e+00
8.8496e+00
8.8384e+00
8.8162e+00
8.7939e+00
8.7772e+00
8.7605e+00
8.7410e+00
8.7271e+00
8.7104e+00
8.7048e+00
8.6936e+00
8.6881e+00
8.6713e+00
8.6658e+00
8.6630e+00
8.6686e+00
8.6574e+00
8.6686e+00
8.6630e+00
8.6769e+00
8.6769e+00
8.6992e+00
8.7131e+00
8.7438e+00
8.7521e+00
8.7772e+00
8.7967e+00
8.8329e+00
8.8663e+00
8.9108e+00
8.9386e+00
8.9803e+00
9.0054e+00
9.0471e+00
9.0693e+00
9.1138e+00
9.1332e+00
9.1610e+00
9.1888e+00
9.2221e+00
9.2471e+00
9.2637e+00
9.2859e+00
9.2998e+00
9.3164e+00
9.3220e+00
9.3248e+00
9.3386e+00
9.3470e+00
9.3470e+00
9.3442e+00
9.3414e+00
9.3414e+00
9.3497e+00
9.3331e+00
9.3275e+00
9.3248e+00
9.3248e+00
9.3220e+00
9.3164e+00
9.3053e+00
9.3026e+00
9.2915e+00
9.2693e+00
9.2443e+00
9.2249e+00
9.2082e+00
9.1999e+00
9.1832e+00
9.1721e+00
9.1554e+00
9.1527e+00
9.1360e+00
9.1082e+00
9.0888e+00
9.0693e+00
9.0471e+00
9.0165e+00
8.9970e+00
8.9692e+00
8.9386e+00
8.9164e+00
8.8997e+00
8.8691e+00
8.8412e+00
8.8273e+00
8.7939e+00
8.7633e+00
8.7438e+00
8.7271e+00
8.7048e+00
8.6797e+00
8.6602e+00
8.6323e+00
8.6045e+00
8.5905e+00
8.5738e+00
8.5515e+00
8.5264e+00
8.5013e+00
8.4762e+00
8.4538e+00
8.4315e+00
8.4092e+00
8.3924e+00
8.3701e+00
8.3450e+00
8.3226e+00
8.3087e+00
8.2863e+00
8.2556e+00
8.2416e+00
8.2276e+00
8.2136e+00
8.1997e+00
8.1745e+00
8.1493e+00
8.1410e+00
8.1186e+00
8.0990e+00
8.0766e+00
8.0598e+00
8.0458e+00
8.0291e+00
8.0207e+00
8.0291e+00
8.0179e+00
8.0207e+00
8.0207e+00
8.0123e+00
8.0039e+00
8.0039e+00
7.9927e+00
7.9787e+00
7.9703e+00
7.9563e+00
7.9339e+00
7.9143e+00
7.9003e+00
7.8835e+00
7.8694e+00
7.8470e+00
7.8274e+00
7.8134e+00
7.7938e+00
7.7854e+00
7.7714e+00
7.7545e+00
7.7265e+00
7.7125e+00
7.7013e+00
7.6900e+00
7.6676e+00
7.6536e+00
7.6395e+00
7.6115e+00
7.5974e+00
7.5750e+00
7.5553e+00
7.5329e+00
7.5132e+00
7.5020e+00
7.4823e+00
7.4683e+00
7.4430e+00
7.4346e+00
7.4233e+00
7.3980e+00
7.3896e+00
7.3756e+00
7.3643e+00
7.3446e+00
7.3334e+00
7.3193e+00
7.3053e+00
7.2912e+00
7.2771e+00
7.2687e+00
7.2546e+00
7.2434e+00
7.2153e+00
7.2012e+00
7.1927e+00
7.1730e+00
7.1533e+00
7.1421e+00
7.1336e+00
7.1139e+00
7.1027e+00
7.0829e+00
7.0660e+00
7.0491e+00
7.0379e+00
7.0266e+00
7.0210e+00
7.0125e+00
7.0069e+00
6.9956e+00
6.9928e+00
6.9843e+00
6.9787e+00
6.9674e+00
6.9562e+00
6.9505e+00
6.9449e+00
6.9308e+00
6.9308e+00
6.9223e+00
6.9082e+00
6.9054e+00
6.8913e+00
6.8885e+00
6.8800e+00
6.8857e+00
6.8772e+00
6.8688e+00
6.8631e+00
6.8631e+00
6.8547e+00
6.8349e+00
6.8236e+00
6.8180e+00
6.8039e+00
6.7926e+00
6.7757e+00
6.7672e+00
6.7559e+00
6.7503e+00
6.7305e+00
6.7305e+00
6.7136e+00
6.6994e+00
6.6881e+00
6.6740e+00
6.6656e+00
6.6514e+00
6.6401e+00
6.6317e+00
6.6119e+00
6.5921e+00
6.5695e+00
6.5638e+00
6.5441e+00
6.5328e+00
6.5158e+00
6.4988e+00
6.4790e+00
6.4649e+00
6.4479e+00
6.4281e+00
6.4055e+00
6.3885e+00
6.3659e+00
6.3433e+00
6.3234e+00
6.3008e+00
6.2781e+00
6.2612e+00
6.2413e+00
6.2243e+00
6.2045e+00
6.1875e+00
6.1648e+00
6.1507e+00
6.1308e+00
6.1138e+00
6.0997e+00
6.0855e+00
6.0628e+00
6.0373e+00
6.0288e+00
6.0089e+00
5.9806e+00
5.9692e+00
5.9493e+00
5.9352e+00
5.9210e+00
5.9039e+00
5.8926e+00
5.8727e+00
5.8585e+00
5.8500e+00
5.8244e+00
5.8046e+00
5.7960e+00
5.7761e+00
5.7563e+00
5.7421e+00
5.7222e+00
5.7136e+00
5.6966e+00
5.6909e+00
5.6738e+00
5.6625e+00
5.6511e+00
5.6426e+00
5.6369e+00
5.6369e+00
5.6198e+00
5.6113e+00
5.6141e+00
5.6084e+00
5.5914e+00
5.5914e+00
5.5800e+00
5.5772e+00
5.5715e+00
5.5772e+00
5.5658e+00
5.5686e+00
5.5658e+00
5.5686e+00
5.5601e+00
5.5572e+00
5.5515e+00
5.5515e+00
5.5345e+00
5.5288e+00
5.5202e+00
5.5202e+00
5.5089e+00
5.5060e+00
5.4889e+00
5.4861e+00
5.4747e+00
5.4690e+00
5.4576e+00
5.4491e+00
5.4377e+00
5.4320e+00
5.4206e+00
5.4092e+00
5.3978e+00
5.3921e+00
5.3807e+00
5.3722e+00
5.3551e+00
5.3466e+00
5.3323e+00
5.3238e+00
5.3152e+00
5.3010e+00
5.2896e+00
5.2810e+00
5.2668e+00
5.2554e+00
5.2468e+00
5.2326e+00
5.2155e+00
5.2012e+00
5.1812e+00
5.1698e+00
5.1527e+00
5.1327e+00
5.1128e+00
5.1013e+00
5.0842e+00
5.0728e+00
5.0557e+00
5.0386e+00
5.0300e+00
5.0100e+00
4.9843e+00
4.9586e+00
4.9472e+00
4.9300e+00
4.9157e+00
4.8986e+00
4.8729e+00
4.8500e+00
4.8300e+00
4.8186e+00
4.7957e+00
4.7785e+00
4.7671e+00
4.7442e+00
4.7414e+00
4.7213e+00
4.6956e+00
4.6784e+00
4.6555e+00
4.6441e+00
4.6269e+00
4.5983e+00
4.5782e+00
4.5610e+00
4.5439e+00
4.5295e+00
4.5095e+00
4.4808e+00
4.4665e+00
4.4407e+00
4.4235e+00
4.4035e+00
4.3834e+00
4.3633e+00
4.3490e+00
4.3260e+00
4.3060e+00
4.2830e+00
4.2600e+00
4.2342e+00
4.2141e+00
4.1912e+00
4.1711e+00
4.1567e+00
4.1395e+00
4.1194e+00
4.1108e+00
4.0878e+00
4.0677e+00
4.0418e+00
4.0217e+00
4.0073e+00
3.9843e+00
3.9556e+00
3.9354e+00
3.9153e+00
3.8952e+00
3.8808e+00
3.8635e+00
3.8434e+00
3.8319e+00
3.8089e+00
3.7945e+00
3.7743e+00
3.7599e+00
3.7398e+00
3.7254e+00
3.7052e+00
3.6879e+00
3.6735e+00
3.6505e+00
3.6303e+00
3.6073e+00
3.5929e+00
3.5784e+00
3.5583e+00
3.5410e+00
3.5237e+00
3.5064e+00
3.4833e+00
3.4689e+00
3.4544e+00
3.4343e+00
3.4054e+00
3.3823e+00
3.3679e+00
3.3390e+00
3.3246e+00
3.3072e+00
3.2899e+00
3.2697e+00
3.2553e+00
3.2350e+00
3.2148e+00
3.2004e+00
3.1744e+00
3.1541e+00
3.1368e+00
3.1165e+00
3.0963e+00
3.0818e+00
3.0616e+00
3.0414e+00
3.0269e+00
3.0009e+00
2.9806e+00
2.9603e+00
2.9401e+00
2.9314e+00
2.9111e+00
2.8909e+00
2.8793e+00
2.8590e+00
2.8358e+00
2.8127e+00
2.7866e+00
2.7634e+00
2.7460e+00
2.7344e+00
2.7141e+00
2.6880e+00
2.6677e+00
2.6445e+00
2.6271e+00
2.6097e+00
2.5981e+00
2.5865e+00
2.5662e+00
2.5488e+00
2.5256e+00
2.5024e+00
2.4850e+00
2.4646e+00
2.4472e+00
2.4298e+00
2.4153e+00
2.3920e+00
2.3775e+00
2.3601e+00
2.3397e+00
2.3281e+00
2.3078e+00
2.2961e+00
2.2729e+00
2.2554e+00
2.2380e+00
2.2176e+00
2.1973e+00
2.1769e+00
2.1565e+00
2.1303e+00
2.1100e+00
2.0896e+00
2.0809e+00
2.0634e+00
2.0401e+00
2.0285e+00
2.0110e+00
1.9935e+00
1.9819e+00
1.9673e+00
1.9498e+00
1.9352e+00
1.9207e+00
1.9003e+00
1.8945e+00
1.8740e+00
1.8624e+00
1.8449e+00
1.8361e+00
1.8274e+00
1.8187e+00
1.8012e+00
1.7895e+00
1.7837e+00
1.7749e+00
1.7632e+00
1.7516e+00
1.7370e+00
1.7341e+00
1.7195e+00
1.7166e+00
1.6961e+00
1.6815e+00
1.6669e+00
1.6611e+00
1.6524e+00
1.6494e+00
1.6319e+00
1.6202e+00
1.6115e+00
1.5998e+00
1.5940e+00
1.5764e+00
1.5706e+00
1.5648e+00
1.5560e+00
1.5472e+00
1.5355e+00
1.5297e+00
1.5268e+00
1.5239e+00
1.5180e+00
1.5034e+00
1.5034e+00
1.4976e+00
1.4976e+00
1.4917e+00
1.4859e+00
1.4800e+00
1.4742e+00
1.4566e+00
1.4391e+00
1.4333e+00
1.4216e+00
1.4128e+00
1.3982e+00
1.3894e+00
1.3777e+00
1.3631e+00
1.3543e+00
1.3485e+00
1.3426e+00
1.3221e+00
1.3134e+00
1.2958e+00
1.2841e+00
1.2636e+00
1.2490e+00
1.2314e+00
1.2139e+00
1.1992e+00
1.1846e+00
1.1670e+00
1.1494e+00
1.1348e+00
1.1260e+00
1.1114e+00
1.0996e+00
1.0791e+00
1.0645e+00
1.0528e+00
1.0381e+00
1.0235e+00
1.0059e+00
1.0000e+00
9.8827e-01
9.7361e-01
9.5895e-01
9.5309e-01
9.4429e-01
9.3256e-01
9.2376e-01
9.1496e-01
9.1789e-01
9.0029e-01
8.9443e-01
8.8269e-01
8.7682e-01
8.6802e-01
8.6802e-01
8.6215e-01
8.4748e-01
8.4455e-01
8.3868e-01
8.2694e-01
8.1813e-01
8.0639e-01
8.0052e-01
7.9171e-01
7.8584e-01
7.6529e-01
7.5648e-01
7.4474e-01
7.3593e-01
7.3299e-01
7.0950e-01
6.9187e-01
6.7718e-01
6.5956e-01
6.3899e-01
6.3017e-01
6.1842e-01
6.0078e-01
5.8902e-01
5.6845e-01
5.5669e-01
5.3610e-01
5.2140e-01
5.0670e-01
4.9199e-01
4.7434e-01
4.5963e-01
4.4198e-01
4.1844e-01
4.0667e-01
3.9195e-01
3.7724e-01
3.5663e-01
3.4485e-01
3.3013e-01
3.1835e-01
3.1246e-01
2.9185e-01
2.8007e-01
2.5945e-01
2.4177e-01
2.2999e-01
2.0936e-01
1.9168e-01
1.7694e-01
1.6515e-01
1.4747e-01
1.3568e-01
1.1209e-01
9.4395e-02
7.9650e-02
6.1953e-02
4.7205e-02
5.0155e-02
3.8355e-02
2.6554e-02
1.1802e-02
1.4753e-02
5.9010e-03
8.8520e-03
0000
2.0654e-02
1.4753e-02
4.4255e-02
5.3104e-02
9.4395e-02
1.1209e-01
1.5631e-01
1.9463e-01
2.5356e-01
2.9479e-01
3.5957e-01
4.0961e-01
4.8023e-01
5.3316e-01
6.0666e-01
6.6837e-01
7.4767e-01
8.0933e-01
8.8856e-01
9.5602e-01
1.0469e+00
1.1172e+00
1.2021e+00
1.2782e+00
1.3660e+00
1.4420e+00
1.5209e+00
1.5969e+00
1.6757e+00
1.7487e+00
1.8245e+00
1.8799e+00
1.9469e+00
2.0110e+00
2.0663e+00
2.1274e+00
2.1798e+00
2.2234e+00
2.2641e+00
2.3078e+00
2.3339e+00
2.3717e+00
2.3891e+00
