1.7926e+01
1.7903e+01
1.7878e+01
1.7861e+01
1.7830e+01
1.7807e+01
1.7787e+01
1.7776e+01
1.7759e+01
1.7745e+01
1.7725e+01
1.7708e+01
1.7688e+01
1.7666e+01
1.7651e+01
1.7632e+01
1.7612e+01
1.7592e+01
1.7583e+01
1.7566e+01
1.7544e+01
1.7527e+01
1.7507e+01
1.7487e+01
1.7467e+01
1.7447e+01
1.7427e+01
1.7405e+01
1.7382e+01
1.7359e+01
1.7337e+01
1.7311e+01
1.7297e+01
1.7271e+01
1.7251e+01
1.7232e+01
1.7214e+01
1.7189e+01
1.7169e+01
1.7149e+01
1.7118e+01
1.7095e+01
1.7072e+01
1.7052e+01
1.7033e+01
1.7013e+01
1.6996e+01
1.6970e+01
1.6956e+01
1.6936e+01
1.6922e+01
1.6893e+01
1.6879e+01
1.6856e+01
1.6828e+01
1.6810e+01
1.6790e+01
1.6765e+01
1.6736e+01
1.6714e+01
1.6688e+01
1.6656e+01
1.6628e+01
1.6605e+01
1.6591e+01
1.6562e+01
1.6540e+01
1.6511e+01
1.6497e+01
1.6482e+01
1.6460e+01
1.6445e+01
1.6428e+01
1.6408e+01
1.6397e+01
1.6377e+01
1.6354e+01
1.6325e+01
1.6308e+01
1.6285e+01
1.6262e+01
1.6240e+01
1.6220e+01
1.6199e+01
1.6179e+01
1.6162e+01
1.6137e+01
1.6108e+01
1.6082e+01
1.6062e+01
1.6031e+01
1.6005e+01
1.5979e+01
1.5956e+01
1.5933e+01
1.5907e+01
1.5896e+01
1.5864e+01
1.5836e+01
1.5816e+01
1.5793e+01
1.5773e+01
1.5755e+01
1.5735e+01
1.5701e+01
1.5681e+01
1.5658e+01
1.5635e+01
1.5612e+01
1.5589e+01
1.5575e+01
1.5557e+01
1.5546e+01
1.5520e+01
1.5494e+01
1.5468e+01
1.5448e+01
1.5425e+01
1.5399e+01
1.5385e+01
1.5353e+01
1.5336e+01
1.5310e+01
1.5290e+01
1.5264e+01
1.5241e+01
1.5218e+01
1.5201e+01
1.5192e+01
1.5178e+01
1.5155e+01
1.5143e+01
1.5129e+01
1.5117e+01
1.5106e+01
1.5103e+01
1.5080e+01
1.5074e+01
1.5057e+01
1.5051e+01
1.5036e+01
1.5031e+01
1.5016e+01
1.5010e+01
1.5005e+01
1.5008e+01
1.4987e+01
1.4979e+01
1.4982e+01
1.4985e+01
1.4970e+01
1.4970e+01
1.4961e+01
1.4964e+01
1.4950e+01
1.4956e+01
1.4959e+01
1.4964e+01
1.4976e+01
1.4987e+01
1.5008e+01
1.5013e+01
1.5028e+01
1.5051e+01
1.5068e+01
1.5100e+01
1.5117e+01
1.5149e+01
1.5178e+01
1.5209e+01
1.5235e+01
1.5267e+01
1.5301e+01
1.5330e+01
1.5356e+01
1.5391e+01
1.5434e+01
1.5465e+01
1.5506e+01
1.5537e+01
1.5575e+01
1.5612e+01
1.5632e+01
1.5666e+01
1.5689e+01
1.5724e+01
1.5747e+01
1.5773e+01
1.5798e+01
1.5827e+01
1.5847e+01
1.5870e+01
1.5896e+01
1.5916e+01
1.5942e+01
1.5959e+01
1.5988e+01
1.6016e+01
1.6033e+01
1.6051e+01
1.6065e+01
1.6079e+01
1.6085e+01
1.6088e+01
1.6096e+01
1.6102e+01
1.6108e+01
1.6108e+01
1.6105e+01
1.6105e+01
1.6096e+01
1.6091e+01
1.6079e+01
1.6071e+01
1.6054e+01
1.6036e+01
1.6016e+01
1.6011e+01
1.5991e+01
1.5976e+01
1.5962e+01
1.5950e+01
1.5930e+01
1.5910e+01
1.5896e+01
1.5873e+01
1.5862e+01
1.5844e+01
1.5836e+01
1.5813e+01
1.5793e+01
1.5773e+01
1.5753e+01
1.5735e+01
1.5710e+01
1.5692e+01
1.5675e+01
1.5643e+01
1.5632e+01
1.5609e+01
1.5589e+01
1.5566e+01
1.5549e+01
1.5529e+01
1.5503e+01
1.5477e+01
1.5445e+01
1.5428e+01
1.5399e+01
1.5379e+01
1.5359e+01
1.5345e+01
1.5327e+01
1.5307e+01
1.5307e+01
1.5287e+01
1.5276e+01
1.5276e+01
1.5261e+01
1.5255e+01
1.5241e+01
1.5241e+01
1.5241e+01
1.5250e+01
1.5247e+01
1.5261e+01
1.5270e+01
1.5287e+01
1.5296e+01
1.5316e+01
1.5345e+01
1.5370e+01
1.5393e+01
1.5422e+01
1.5442e+01
1.5468e+01
1.5500e+01
1.5540e+01
1.5575e+01
1.5621e+01
1.5664e+01
1.5730e+01
1.5790e+01
1.5856e+01
1.5922e+01
1.5993e+01
1.6065e+01
1.6134e+01
1.6222e+01
1.6305e+01
1.6402e+01
1.6502e+01
1.6645e+01
1.6768e+01
1.6870e+01
1.6961e+01
1.7047e+01
1.7124e+01
1.7200e+01
1.7277e+01
1.7351e+01
1.7419e+01
1.7487e+01
1.7566e+01
1.7629e+01
1.7700e+01
1.7768e+01
1.7872e+01
1.7943e+01
1.8011e+01
1.8059e+01
1.8107e+01
1.8152e+01
1.8192e+01
1.8220e+01
1.8265e+01
1.8310e+01
1.8347e+01
1.8383e+01
1.8409e+01
1.8431e+01
1.8454e+01
1.8471e+01
1.8488e+01
1.8502e+01
1.8502e+01
1.8513e+01
1.8522e+01
1.8522e+01
1.8527e+01
1.8538e+01
1.8541e+01
1.8538e+01
1.8530e+01
1.8522e+01
1.8507e+01
1.8485e+01
1.8457e+01
1.8434e+01
1.8412e+01
1.8392e+01
1.8369e+01
1.8336e+01
1.8307e+01
1.8273e+01
1.8240e+01
1.8211e+01
1.8186e+01
1.8152e+01
1.8121e+01
1.8098e+01
1.8062e+01
1.8033e+01
1.8000e+01
1.7968e+01
1.7937e+01
1.7903e+01
1.7869e+01
1.7835e+01
1.7802e+01
1.7762e+01
1.7736e+01
1.7708e+01
1.7683e+01
1.7651e+01
1.7626e+01
1.7606e+01
1.7578e+01
1.7547e+01
1.7530e+01
1.7496e+01
1.7467e+01
1.7430e+01
1.7410e+01
1.7382e+01
1.7413e+01
1.7399e+01
1.7416e+01
1.7408e+01
1.7419e+01
1.7413e+01
1.7402e+01
1.7382e+01
1.7359e+01
1.7342e+01
1.7311e+01
1.7280e+01
1.7249e+01
1.7220e+01
1.7192e+01
1.7160e+01
1.7135e+01
1.7098e+01
1.7081e+01
1.7058e+01
1.7050e+01
1.7024e+01
1.7010e+01
1.6993e+01
1.6967e+01
1.6944e+01
1.6924e+01
1.6893e+01
1.6865e+01
1.6845e+01
1.6822e+01
1.6790e+01
1.6773e+01
1.6753e+01
1.6731e+01
1.6699e+01
1.6682e+01
1.6665e+01
1.6634e+01
1.6614e+01
1.6588e+01
1.6568e+01
1.6540e+01
1.6514e+01
1.6485e+01
1.6462e+01
1.6431e+01
1.6405e+01
1.6385e+01
1.6360e+01
1.6328e+01
1.6305e+01
1.6277e+01
1.6254e+01
1.6222e+01
1.6199e+01
1.6171e+01
1.6145e+01
1.6119e+01
1.6091e+01
1.6056e+01
1.6028e+01
1.5993e+01
1.5970e+01
1.5942e+01
1.5919e+01
1.5893e+01
1.5862e+01
1.5836e+01
1.5807e+01
1.5778e+01
1.5755e+01
1.5721e+01
1.5704e+01
1.5675e+01
1.5649e+01
1.5623e+01
1.5595e+01
1.5560e+01
1.5534e+01
1.5514e+01
1.5488e+01
1.5468e+01
1.5448e+01
1.5419e+01
1.5393e+01
1.5362e+01
1.5339e+01
1.5313e+01
1.5287e+01
1.5252e+01
1.5224e+01
1.5198e+01
1.5166e+01
1.5140e+01
1.5108e+01
1.5083e+01
1.5048e+01
1.5025e+01
1.5002e+01
1.4979e+01
1.4953e+01
1.4918e+01
1.4892e+01
1.4863e+01
1.4840e+01
1.4814e+01
1.4785e+01
1.4754e+01
1.4731e+01
1.4707e+01
1.4676e+01
1.4653e+01
1.4629e+01
1.4603e+01
1.4572e+01
1.4551e+01
1.4534e+01
1.4508e+01
1.4488e+01
1.4450e+01
1.4421e+01
1.4389e+01
1.4360e+01
1.4331e+01
1.4305e+01
1.4285e+01
1.4256e+01
1.4233e+01
1.4204e+01
1.4184e+01
1.4160e+01
1.4131e+01
1.4102e+01
1.4073e+01
1.4056e+01
1.4027e+01
1.4001e+01
1.3975e+01
1.3949e+01
1.3917e+01
1.3896e+01
1.3876e+01
1.3844e+01
1.3815e+01
1.3789e+01
1.3766e+01
1.3745e+01
1.3722e+01
1.3702e+01
1.3678e+01
1.3655e+01
1.3617e+01
1.3588e+01
1.3559e+01
1.3539e+01
1.3513e+01
1.3480e+01
1.3463e+01
1.3434e+01
1.3411e+01
1.3384e+01
1.3361e+01
1.3344e+01
1.3317e+01
1.3291e+01
1.3265e+01
1.3247e+01
1.3221e+01
1.3204e+01
1.3177e+01
1.3157e+01
1.3134e+01
1.3104e+01
1.3081e+01
1.3055e+01
1.3031e+01
1.3011e+01
1.2990e+01
1.2958e+01
1.2932e+01
1.2906e+01
1.2879e+01
1.2865e+01
1.2830e+01
1.2803e+01
1.2783e+01
1.2759e+01
1.2727e+01
1.2704e+01
1.2675e+01
1.2645e+01
1.2625e+01
1.2601e+01
1.2581e+01
1.2557e+01
1.2537e+01
1.2511e+01
1.2484e+01
1.2461e+01
1.2431e+01
1.2414e+01
1.2387e+01
1.2370e+01
1.2340e+01
1.2323e+01
1.2302e+01
1.2264e+01
1.2241e+01
1.2211e+01
1.2188e+01
1.2164e+01
1.2135e+01
1.2108e+01
1.2082e+01
1.2064e+01
1.2035e+01
1.2011e+01
1.1988e+01
1.1967e+01
1.1944e+01
1.1926e+01
1.1897e+01
1.1867e+01
1.1850e+01
1.1826e+01
1.1800e+01
1.1779e+01
1.1755e+01
1.1732e+01
1.1699e+01
1.1679e+01
1.1655e+01
1.1635e+01
1.1608e+01
1.1585e+01
1.1564e+01
1.1534e+01
1.1499e+01
1.1472e+01
1.1458e+01
1.1437e+01
1.1413e+01
1.1393e+01
1.1372e+01
1.1351e+01
1.1322e+01
1.1295e+01
1.1269e+01
1.1248e+01
1.1224e+01
1.1195e+01
1.1171e+01
1.1159e+01
1.1136e+01
1.1109e+01
1.1085e+01
1.1062e+01
1.1038e+01
1.1020e+01
1.1005e+01
1.0982e+01
1.0952e+01
1.0937e+01
1.0914e+01
1.0887e+01
1.0863e+01
1.0837e+01
1.0813e+01
1.0786e+01
1.0769e+01
1.0739e+01
1.0727e+01
1.0700e+01
1.0677e+01
1.0656e+01
1.0635e+01
1.0623e+01
1.0591e+01
1.0573e+01
1.0546e+01
1.0531e+01
1.0504e+01
1.0478e+01
1.0463e+01
1.0442e+01
1.0421e+01
1.0398e+01
1.0377e+01
1.0353e+01
1.0332e+01
1.0311e+01
1.0291e+01
1.0264e+01
1.0234e+01
1.0213e+01
1.0189e+01
1.0172e+01
1.0148e+01
1.0130e+01
1.0106e+01
1.0079e+01
1.0064e+01
1.0035e+01
1.0020e+01
1.0002e+01
9.9810e+00
9.9571e+00
9.9333e+00
9.9184e+00
9.9035e+00
9.8856e+00
9.8588e+00
9.8468e+00
9.8319e+00
9.8110e+00
9.7931e+00
9.7723e+00
9.7603e+00
9.7424e+00
9.7275e+00
9.7066e+00
9.6887e+00
9.6648e+00
9.6529e+00
9.6409e+00
9.6170e+00
9.5991e+00
9.5902e+00
9.5812e+00
9.5543e+00
9.5334e+00
9.5214e+00
9.5065e+00
9.4945e+00
9.4766e+00
9.4557e+00
9.4407e+00
9.4318e+00
9.4108e+00
9.3929e+00
9.3779e+00
9.3660e+00
9.3540e+00
9.3301e+00
9.3211e+00
9.3001e+00
9.2792e+00
9.2612e+00
9.2403e+00
9.2283e+00
9.2103e+00
9.1954e+00
9.1714e+00
9.1504e+00
9.1325e+00
9.1115e+00
9.0935e+00
9.0695e+00
9.0516e+00
9.0276e+00
9.0096e+00
8.9856e+00
8.9676e+00
8.9466e+00
8.9166e+00
8.8986e+00
8.8776e+00
8.8566e+00
8.8266e+00
8.8056e+00
8.7876e+00
8.7575e+00
8.7455e+00
8.7245e+00
8.6945e+00
8.6704e+00
8.6584e+00
8.6344e+00
8.6103e+00
8.5802e+00
8.5562e+00
8.5351e+00
8.5021e+00
8.4780e+00
8.4449e+00
8.4178e+00
8.3967e+00
8.3727e+00
8.3486e+00
8.3185e+00
8.3034e+00
8.2763e+00
8.2582e+00
8.2341e+00
8.2070e+00
8.1889e+00
8.1678e+00
8.1437e+00
8.1196e+00
8.1015e+00
8.0803e+00
8.0653e+00
8.0441e+00
8.0230e+00
8.0140e+00
7.9928e+00
7.9747e+00
7.9415e+00
7.9264e+00
7.9174e+00
7.9023e+00
7.8842e+00
7.8570e+00
7.8449e+00
7.8207e+00
7.8026e+00
7.7905e+00
7.7814e+00
7.7603e+00
7.7422e+00
7.7331e+00
7.7270e+00
7.7180e+00
7.7089e+00
7.6998e+00
7.6938e+00
7.6847e+00
7.6787e+00
7.6666e+00
7.6696e+00
7.6514e+00
7.6575e+00
7.6454e+00
7.6393e+00
7.6303e+00
7.6363e+00
7.6333e+00
7.6333e+00
7.6393e+00
7.6303e+00
7.6303e+00
7.6272e+00
7.6091e+00
7.6030e+00
7.6030e+00
7.5970e+00
7.5849e+00
7.5879e+00
7.5758e+00
7.5698e+00
7.5577e+00
7.5546e+00
7.5455e+00
7.5395e+00
7.5304e+00
7.5183e+00
7.5122e+00
7.5032e+00
7.4911e+00
7.4759e+00
7.4668e+00
7.4517e+00
7.4426e+00
7.4305e+00
7.4153e+00
7.3972e+00
7.3850e+00
7.3729e+00
7.3517e+00
7.3366e+00
7.3214e+00
7.3002e+00
7.2941e+00
7.2759e+00
7.2608e+00
7.2426e+00
7.2214e+00
7.2001e+00
7.1728e+00
7.1607e+00
7.1425e+00
7.1243e+00
7.1030e+00
7.0787e+00
7.0636e+00
7.0393e+00
7.0271e+00
6.9998e+00
6.9846e+00
6.9633e+00
6.9451e+00
6.9299e+00
6.9026e+00
6.8843e+00
6.8630e+00
6.8448e+00
6.8266e+00
6.7992e+00
6.7809e+00
6.7657e+00
6.7475e+00
6.7140e+00
6.6927e+00
6.6745e+00
6.6562e+00
6.6288e+00
6.6136e+00
6.5953e+00
6.5679e+00
6.5374e+00
6.5161e+00
6.4978e+00
6.4734e+00
6.4521e+00
6.4338e+00
6.4064e+00
6.3911e+00
6.3637e+00
6.3515e+00
6.3210e+00
6.2996e+00
6.2783e+00
6.2600e+00
6.2417e+00
6.2142e+00
6.1959e+00
6.1745e+00
6.1531e+00
6.1379e+00
6.1104e+00
6.0981e+00
6.0829e+00
6.0676e+00
6.0462e+00
6.0309e+00
6.0095e+00
5.9942e+00
5.9698e+00
5.9423e+00
5.9209e+00
5.8964e+00
5.8811e+00
5.8536e+00
5.8383e+00
5.8199e+00
5.7924e+00
5.7771e+00
5.7617e+00
5.7464e+00
5.7189e+00
5.7005e+00
5.6791e+00
5.6637e+00
5.6423e+00
5.6209e+00
5.6025e+00
5.5810e+00
5.5596e+00
5.5381e+00
5.5197e+00
5.5013e+00
5.4798e+00
5.4584e+00
5.4369e+00
5.4216e+00
5.3970e+00
5.3786e+00
5.3571e+00
5.3356e+00
5.3049e+00
5.2926e+00
5.2773e+00
5.2435e+00
5.2220e+00
5.2005e+00
5.1882e+00
5.1605e+00
5.1483e+00
5.1267e+00
5.1021e+00
5.0898e+00
5.0622e+00
5.0499e+00
5.0253e+00
5.0037e+00
4.9822e+00
4.9637e+00
4.9360e+00
4.9176e+00
4.9022e+00
4.8806e+00
4.8560e+00
4.8344e+00
4.8190e+00
4.8098e+00
4.7821e+00
4.7605e+00
4.7389e+00
4.7266e+00
4.7020e+00
4.6866e+00
4.6650e+00
4.6372e+00
4.6187e+00
4.5971e+00
4.5755e+00
4.5509e+00
4.5323e+00
4.5077e+00
4.4861e+00
4.4706e+00
4.4490e+00
4.4305e+00
4.4058e+00
4.3811e+00
4.3533e+00
4.3378e+00
4.3162e+00
4.2946e+00
4.2699e+00
4.2482e+00
4.2297e+00
4.1988e+00
4.1740e+00
4.1555e+00
4.1338e+00
4.1121e+00
4.0843e+00
4.0626e+00
4.0317e+00
4.0100e+00
3.9791e+00
3.9543e+00
3.9233e+00
3.9078e+00
3.8861e+00
3.8613e+00
3.8397e+00
3.8149e+00
3.7870e+00
3.7684e+00
3.7529e+00
3.7280e+00
3.7001e+00
3.6846e+00
3.6691e+00
3.6536e+00
3.6257e+00
3.6101e+00
3.5791e+00
3.5543e+00
3.5419e+00
3.5170e+00
3.4891e+00
3.4611e+00
3.4518e+00
3.4394e+00
3.4114e+00
3.3834e+00
3.3648e+00
3.3523e+00
3.3306e+00
3.3119e+00
3.2870e+00
3.2653e+00
3.2466e+00
3.2217e+00
3.1937e+00
3.1719e+00
3.1595e+00
3.1315e+00
3.1097e+00
3.0879e+00
3.0661e+00
3.0567e+00
3.0349e+00
3.0100e+00
2.9820e+00
2.9664e+00
2.9414e+00
2.9165e+00
2.8884e+00
2.8635e+00
2.8323e+00
2.8074e+00
2.7793e+00
2.7512e+00
2.7231e+00
2.6856e+00
2.6575e+00
2.6326e+00
2.6045e+00
2.5795e+00
2.5513e+00
2.5326e+00
2.5076e+00
2.4795e+00
2.4607e+00
2.4357e+00
2.4107e+00
2.3794e+00
2.3638e+00
2.3356e+00
2.3137e+00
2.2918e+00
2.2699e+00
2.2574e+00
2.2323e+00
2.2104e+00
2.1979e+00
2.1822e+00
2.1603e+00
2.1446e+00
2.1227e+00
2.0945e+00
2.0726e+00
2.0475e+00
2.0349e+00
2.0036e+00
1.9848e+00
1.9628e+00
1.9440e+00
1.9252e+00
1.9001e+00
1.8844e+00
1.8656e+00
1.8467e+00
1.8154e+00
1.7902e+00
1.7620e+00
1.7369e+00
1.7212e+00
1.6992e+00
1.6835e+00
1.6552e+00
1.6332e+00
1.6080e+00
1.5986e+00
1.5766e+00
1.5640e+00
1.5514e+00
1.5420e+00
1.5326e+00
1.5231e+00
1.5106e+00
1.5043e+00
1.4917e+00
1.4948e+00
1.4948e+00
1.5011e+00
1.5137e+00
1.5389e+00
1.5672e+00
1.6049e+00
1.6552e+00
1.7180e+00
1.7997e+00
1.8813e+00
1.9848e+00
2.0976e+00
2.2323e+00
2.3950e+00
2.5670e+00
2.7512e+00
2.9414e+00
3.1688e+00
3.4176e+00
3.6629e+00
3.8830e+00
4.1586e+00
4.4459e+00
4.8221e+00
5.1913e+00
5.5105e+00
5.8536e+00
6.1745e+00
6.5496e+00
6.8843e+00
7.2365e+00
7.5667e+00
7.8751e+00
8.1889e+00
8.4960e+00
8.7996e+00
9.0995e+00
9.3989e+00
9.7514e+00
1.0058e+01
1.0406e+01
1.0724e+01
1.1041e+01
1.1325e+01
1.1611e+01
1.1885e+01
1.2155e+01
1.2428e+01
1.2677e+01
1.2914e+01
1.3136e+01
1.3349e+01
1.3568e+01
1.3774e+01
1.3972e+01
1.4143e+01
1.4300e+01
1.4441e+01
1.4589e+01
1.4710e+01
1.4832e+01
1.4947e+01
1.5057e+01
1.5143e+01
1.5212e+01
1.5290e+01
1.5347e+01
1.5388e+01
1.5425e+01
1.5451e+01
1.5465e+01
1.5471e+01
1.5471e+01
1.5474e+01
1.5462e+01
1.5445e+01
1.5437e+01
1.5419e+01
1.5388e+01
1.5356e+01
1.5322e+01
1.5290e+01
1.5250e+01
1.5204e+01
1.5155e+01
1.5114e+01
1.5054e+01
1.5005e+01
1.4953e+01
1.4898e+01
1.4840e+01
1.4777e+01
1.4719e+01
1.4670e+01
1.4612e+01
1.4554e+01
1.4496e+01
1.4444e+01
1.4381e+01
1.4329e+01
1.4276e+01
1.4230e+01
1.4184e+01
1.4137e+01
1.4085e+01
1.4033e+01
1.3986e+01
1.3937e+01
1.3882e+01
1.3838e+01
1.3783e+01
1.3737e+01
1.3681e+01
1.3632e+01
1.3585e+01
1.3545e+01
1.3498e+01
1.3457e+01
1.3411e+01
1.3367e+01
1.3320e+01
1.3274e+01
1.3230e+01
1.3183e+01
1.3134e+01
1.3093e+01
1.3046e+01
1.3008e+01
1.2961e+01
1.2923e+01
1.2879e+01
1.2841e+01
1.2806e+01
1.2765e+01
1.2721e+01
1.2692e+01
1.2657e+01
1.2613e+01
1.2572e+01
1.2543e+01
1.2499e+01
1.2455e+01
1.2417e+01
1.2379e+01
1.2338e+01
1.2311e+01
1.2270e+01
1.2235e+01
1.2197e+01
1.2155e+01
1.2123e+01
1.2088e+01
1.2053e+01
1.2006e+01
1.1979e+01
1.1944e+01
1.1906e+01
1.1870e+01
1.1829e+01
1.1791e+01
1.1750e+01
1.1708e+01
1.1667e+01
1.1629e+01
1.1599e+01
1.1561e+01
1.1526e+01
1.1484e+01
1.1458e+01
1.1422e+01
1.1393e+01
1.1357e+01
1.1325e+01
1.1280e+01
1.1251e+01
1.1221e+01
1.1192e+01
1.1162e+01
1.1133e+01
1.1112e+01
1.1097e+01
1.1071e+01
1.1053e+01
1.1047e+01
1.1041e+01
1.1026e+01
1.1023e+01
1.1026e+01
1.1029e+01
1.1035e+01
1.1035e+01
1.1062e+01
1.1062e+01
1.1091e+01
1.1109e+01
1.1145e+01
1.1186e+01
1.1218e+01
1.1260e+01
1.1304e+01
1.1343e+01
1.1378e+01
1.1416e+01
1.1455e+01
1.1487e+01
1.1523e+01
1.1555e+01
1.1590e+01
1.1629e+01
1.1670e+01
1.1697e+01
1.1726e+01
1.1761e+01
1.1797e+01
1.1838e+01
1.1867e+01
1.1906e+01
1.1932e+01
1.1956e+01
1.1982e+01
1.2014e+01
1.2038e+01
1.2056e+01
1.2079e+01
1.2091e+01
1.2111e+01
1.2126e+01
1.2138e+01
1.2155e+01
1.2170e+01
1.2194e+01
1.2202e+01
1.2208e+01
1.2208e+01
1.2214e+01
1.2205e+01
1.2191e+01
1.2179e+01
1.2158e+01
1.2147e+01
1.2129e+01
1.2108e+01
1.2091e+01
1.2073e+01
1.2044e+01
1.2029e+01
1.2006e+01
1.1979e+01
1.1941e+01
1.1914e+01
1.1888e+01
1.1861e+01
1.1820e+01
1.1800e+01
1.1776e+01
1.1744e+01
1.1702e+01
1.1676e+01
1.1632e+01
1.1593e+01
1.1555e+01
1.1523e+01
1.1484e+01
1.1449e+01
1.1416e+01
1.1378e+01
1.1334e+01
1.1295e+01
1.1260e+01
1.1227e+01
1.1186e+01
1.1156e+01
1.1103e+01
1.1062e+01
1.1029e+01
1.0997e+01
1.0952e+01
1.0911e+01
1.0878e+01
1.0837e+01
1.0798e+01
1.0757e+01
1.0715e+01
1.0671e+01
1.0635e+01
1.0599e+01
1.0564e+01
1.0522e+01
1.0481e+01
1.0439e+01
1.0392e+01
1.0359e+01
1.0326e+01
1.0276e+01
1.0243e+01
1.0201e+01
1.0166e+01
1.0130e+01
1.0097e+01
1.0064e+01
1.0032e+01
9.9929e+00
9.9512e+00
9.9273e+00
9.8945e+00
9.8647e+00
9.8319e+00
9.8021e+00
9.7723e+00
9.7454e+00
9.7186e+00
9.6827e+00
9.6618e+00
9.6409e+00
9.6111e+00
9.5812e+00
9.5573e+00
9.5364e+00
9.5065e+00
9.4886e+00
9.4587e+00
9.4288e+00
9.3959e+00
9.3690e+00
9.3510e+00
9.3211e+00
9.2942e+00
9.2642e+00
9.2523e+00
9.2253e+00
9.2044e+00
9.1714e+00
9.1534e+00
9.1295e+00
9.1085e+00
9.0845e+00
9.0576e+00
9.0366e+00
9.0096e+00
8.9826e+00
8.9646e+00
8.9346e+00
8.9106e+00
8.8896e+00
8.8716e+00
8.8356e+00
8.8146e+00
8.7936e+00
8.7635e+00
8.7305e+00
8.7155e+00
8.6914e+00
8.6614e+00
8.6313e+00
8.6013e+00
8.5802e+00
8.5502e+00
8.5111e+00
8.4930e+00
8.4629e+00
8.4449e+00
8.4178e+00
8.3967e+00
8.3666e+00
8.3395e+00
8.3124e+00
8.2853e+00
8.2642e+00
8.2401e+00
8.2100e+00
8.1889e+00
8.1618e+00
8.1407e+00
8.1165e+00
8.0954e+00
8.0683e+00
8.0532e+00
8.0140e+00
7.9928e+00
7.9657e+00
7.9415e+00
7.9113e+00
7.8902e+00
7.8630e+00
7.8389e+00
7.8117e+00
7.7814e+00
7.7512e+00
7.7210e+00
7.6938e+00
7.6666e+00
7.6363e+00
7.6121e+00
7.5819e+00
7.5607e+00
7.5395e+00
7.5001e+00
7.4759e+00
7.4547e+00
7.4275e+00
7.4032e+00
7.3790e+00
7.3547e+00
7.3275e+00
7.3002e+00
7.2790e+00
7.2547e+00
7.2274e+00
7.2062e+00
7.1789e+00
7.1485e+00
7.1243e+00
7.1000e+00
7.0757e+00
7.0514e+00
7.0302e+00
7.0059e+00
6.9816e+00
6.9542e+00
6.9330e+00
6.9086e+00
6.8813e+00
6.8630e+00
6.8448e+00
6.8266e+00
6.7992e+00
6.7749e+00
6.7505e+00
6.7231e+00
6.7079e+00
6.6775e+00
6.6562e+00
6.6349e+00
6.6105e+00
6.5923e+00
6.5709e+00
6.5557e+00
6.5435e+00
6.5222e+00
6.4978e+00
6.4795e+00
6.4613e+00
6.4369e+00
6.4155e+00
6.3942e+00
6.3789e+00
6.3606e+00
6.3454e+00
6.3149e+00
6.2966e+00
6.2691e+00
6.2478e+00
6.2325e+00
6.2142e+00
6.1928e+00
6.1745e+00
6.1623e+00
6.1470e+00
6.1317e+00
6.1104e+00
6.0920e+00
6.0798e+00
6.0676e+00
6.0584e+00
6.0462e+00
6.0462e+00
6.0401e+00
6.0401e+00
6.0340e+00
6.0340e+00
6.0340e+00
6.0279e+00
6.0248e+00
6.0156e+00
6.0095e+00
6.0218e+00
6.0156e+00
6.0095e+00
5.9942e+00
5.9973e+00
5.9942e+00
5.9912e+00
5.9759e+00
5.9759e+00
5.9698e+00
5.9576e+00
5.9576e+00
5.9484e+00
5.9453e+00
5.9453e+00
5.9392e+00
5.9300e+00
5.9178e+00
5.9147e+00
5.8964e+00
5.8903e+00
5.8842e+00
5.8750e+00
5.8719e+00
5.8566e+00
5.8505e+00
5.8413e+00
5.8383e+00
5.8230e+00
5.8077e+00
5.7954e+00
5.7740e+00
5.7556e+00
5.7526e+00
5.7434e+00
5.7219e+00
5.7158e+00
5.6944e+00
5.6791e+00
5.6576e+00
5.6484e+00
5.6362e+00
5.6147e+00
5.6025e+00
5.5871e+00
5.5780e+00
5.5657e+00
5.5442e+00
5.5320e+00
5.5105e+00
5.4921e+00
5.4737e+00
5.4645e+00
5.4553e+00
5.4400e+00
5.4216e+00
5.4031e+00
5.3878e+00
5.3725e+00
5.3602e+00
5.3356e+00
5.3141e+00
5.2926e+00
5.2742e+00
5.2558e+00
5.2374e+00
5.2189e+00
5.1974e+00
5.1790e+00
5.1513e+00
5.1329e+00
5.1175e+00
5.0898e+00
5.0745e+00
5.0591e+00
5.0468e+00
5.0253e+00
5.0068e+00
4.9822e+00
4.9730e+00
4.9545e+00
4.9360e+00
4.9176e+00
4.9022e+00
4.8868e+00
4.8776e+00
4.8622e+00
4.8591e+00
4.8437e+00
4.8344e+00
4.8160e+00
4.8160e+00
4.8006e+00
4.7913e+00
4.7698e+00
4.7636e+00
4.7513e+00
4.7297e+00
4.7143e+00
4.6927e+00
4.6742e+00
4.6650e+00
4.6403e+00
4.6280e+00
4.6218e+00
4.6156e+00
4.5940e+00
4.5848e+00
4.5725e+00
4.5663e+00
4.5509e+00
4.5323e+00
4.5231e+00
4.5138e+00
4.5138e+00
4.4984e+00
4.4953e+00
4.4830e+00
4.4799e+00
4.4706e+00
4.4552e+00
4.4428e+00
4.4336e+00
4.4243e+00
4.4181e+00
4.4089e+00
4.3965e+00
4.3903e+00
4.3780e+00
4.3626e+00
4.3533e+00
4.3317e+00
4.3162e+00
4.3008e+00
4.2791e+00
4.2606e+00
4.2513e+00
4.2389e+00
4.2173e+00
4.2018e+00
4.1833e+00
4.1616e+00
4.1369e+00
4.1121e+00
4.0967e+00
4.0688e+00
4.0503e+00
4.0286e+00
4.0100e+00
3.9822e+00
3.9605e+00
3.9357e+00
3.9078e+00
3.8830e+00
3.8490e+00
3.8273e+00
3.7994e+00
3.7746e+00
3.7405e+00
3.7063e+00
3.6722e+00
3.6443e+00
3.6133e+00
3.5729e+00
3.5325e+00
3.5108e+00
3.4766e+00
3.4456e+00
3.4176e+00
3.3958e+00
3.3617e+00
3.3337e+00
3.2995e+00
3.2684e+00
3.2435e+00
3.2155e+00
3.1813e+00
3.1470e+00
3.1315e+00
3.1034e+00
3.0754e+00
3.0536e+00
3.0256e+00
3.0038e+00
2.9726e+00
2.9477e+00
2.9227e+00
2.9009e+00
2.8760e+00
2.8604e+00
2.8354e+00
2.8105e+00
2.7793e+00
2.7481e+00
2.7231e+00
2.6888e+00
2.6607e+00
2.6294e+00
2.6013e+00
2.5795e+00
2.5513e+00
2.5357e+00
2.5045e+00
2.4826e+00
2.4513e+00
2.4263e+00
2.3982e+00
2.3700e+00
2.3481e+00
2.3168e+00
2.3012e+00
2.2730e+00
2.2511e+00
2.2292e+00
2.2073e+00
2.1853e+00
2.1509e+00
2.1258e+00
2.1070e+00
2.0851e+00
2.0569e+00
2.0349e+00
2.0067e+00
1.9879e+00
1.9722e+00
1.9409e+00
1.9189e+00
1.8875e+00
1.8624e+00
1.8342e+00
1.8091e+00
1.7840e+00
1.7651e+00
1.7526e+00
1.7306e+00
1.6992e+00
1.6803e+00
1.6552e+00
1.6206e+00
1.5955e+00
1.5766e+00
1.5483e+00
1.5389e+00
1.5200e+00
1.4917e+00
1.4728e+00
1.4634e+00
1.4445e+00
1.4225e+00
1.4036e+00
1.3816e+00
1.3595e+00
1.3438e+00
1.3217e+00
1.3028e+00
1.2839e+00
1.2650e+00
1.2493e+00
1.2335e+00
1.2020e+00
1.1926e+00
1.1737e+00
1.1579e+00
1.1264e+00
1.1012e+00
1.0854e+00
1.0602e+00
1.0444e+00
1.0286e+00
9.9707e-01
9.7182e-01
9.5288e-01
9.3079e-01
8.9922e-01
8.8659e-01
8.6448e-01
8.3922e-01
8.1711e-01
8.0447e-01
7.8235e-01
7.6024e-01
7.4443e-01
7.1599e-01
7.0018e-01
6.8121e-01
6.5592e-01
6.4327e-01
6.1797e-01
5.9899e-01
5.8317e-01
5.6102e-01
5.3571e-01
5.1672e-01
4.8823e-01
4.7241e-01
4.5658e-01
4.3441e-01
4.1541e-01
3.9641e-01
3.8057e-01
3.6790e-01
3.5206e-01
3.2988e-01
3.0136e-01
2.8551e-01
2.6967e-01
2.5699e-01
2.4113e-01
2.2528e-01
2.0626e-01
1.8723e-01
1.7454e-01
1.5551e-01
1.3648e-01
1.1427e-01
1.0157e-01
7.6187e-02
6.0318e-02
4.1273e-02
2.2225e-02
0000
