4.3210e+00
4.3090e+00
4.2891e+00
4.2653e+00
4.2454e+00
4.2175e+00
4.1976e+00
4.1697e+00
4.1498e+00
4.1379e+00
4.1259e+00
4.1060e+00
4.0940e+00
4.0741e+00
4.0542e+00
4.0422e+00
4.0183e+00
4.0064e+00
3.9864e+00
3.9705e+00
3.9546e+00
3.9346e+00
3.9187e+00
3.8987e+00
3.8947e+00
3.8748e+00
3.8628e+00
3.8469e+00
3.8389e+00
3.8309e+00
3.8150e+00
3.8030e+00
3.7870e+00
3.7671e+00
3.7551e+00
3.7431e+00
3.7391e+00
3.7192e+00
3.7072e+00
3.7032e+00
3.7032e+00
3.6912e+00
3.6952e+00
3.6872e+00
3.6832e+00
3.6752e+00
3.6792e+00
3.6712e+00
3.6673e+00
3.6633e+00
3.6593e+00
3.6513e+00
3.6473e+00
3.6353e+00
3.6313e+00
3.6273e+00
3.6273e+00
3.6113e+00
3.6113e+00
3.6033e+00
3.5914e+00
3.5834e+00
3.5674e+00
3.5514e+00
3.5354e+00
3.5274e+00
3.5114e+00
3.4915e+00
3.4835e+00
3.4675e+00
3.4595e+00
3.4395e+00
3.4355e+00
3.4155e+00
3.4115e+00
3.4075e+00
3.3995e+00
3.3955e+00
3.3915e+00
3.3955e+00
3.3955e+00
3.3915e+00
3.3915e+00
3.3955e+00
3.4075e+00
3.4035e+00
3.4155e+00
3.4235e+00
3.4355e+00
3.4355e+00
3.4435e+00
3.4595e+00
3.4675e+00
3.4675e+00
3.4835e+00
3.4915e+00
3.4995e+00
3.5034e+00
3.5154e+00
3.5234e+00
3.5474e+00
3.5594e+00
3.5834e+00
3.5874e+00
3.6033e+00
3.6073e+00
3.6193e+00
3.6273e+00
3.6353e+00
3.6433e+00
3.6393e+00
3.6433e+00
3.6473e+00
3.6473e+00
3.6433e+00
3.6473e+00
3.6433e+00
3.6313e+00
3.6353e+00
3.6393e+00
3.6233e+00
3.6113e+00
3.5994e+00
3.5834e+00
3.5674e+00
3.5594e+00
3.5434e+00
3.5394e+00
3.5314e+00
3.5354e+00
3.5354e+00
3.5434e+00
3.5594e+00
3.5674e+00
3.5874e+00
3.5914e+00
3.6073e+00
3.6153e+00
3.6273e+00
3.6433e+00
3.6473e+00
3.6752e+00
3.6832e+00
3.7032e+00
3.7152e+00
3.7351e+00
3.7471e+00
3.7711e+00
3.7790e+00
3.7950e+00
3.8070e+00
3.8150e+00
3.8349e+00
3.8469e+00
3.8548e+00
3.8788e+00
3.8907e+00
3.9147e+00
3.9346e+00
3.9546e+00
3.9665e+00
3.9984e+00
4.0183e+00
4.0422e+00
4.0622e+00
4.0781e+00
4.1020e+00
4.1179e+00
4.1458e+00
4.1697e+00
4.1817e+00
4.2016e+00
4.2255e+00
4.2414e+00
4.2454e+00
4.2653e+00
4.2772e+00
4.2852e+00
4.2891e+00
4.3011e+00
4.3130e+00
4.3130e+00
4.3409e+00
4.3528e+00
4.3767e+00
4.3807e+00
4.3846e+00
4.3886e+00
4.3966e+00
4.3886e+00
4.3846e+00
4.3846e+00
4.3807e+00
4.3807e+00
4.3767e+00
4.3687e+00
4.3647e+00
4.3568e+00
4.3409e+00
4.3289e+00
4.3329e+00
4.3170e+00
4.3130e+00
4.3051e+00
4.2891e+00
4.2812e+00
4.2653e+00
4.2493e+00
4.2255e+00
4.2095e+00
4.1896e+00
4.1657e+00
4.1458e+00
4.1259e+00
4.1060e+00
4.0901e+00
4.0701e+00
4.0502e+00
4.0303e+00
4.0183e+00
3.9984e+00
3.9785e+00
3.9506e+00
3.9386e+00
3.9147e+00
3.8987e+00
3.8748e+00
3.8588e+00
3.8349e+00
3.8150e+00
3.7990e+00
3.7790e+00
3.7631e+00
3.7471e+00
3.7271e+00
3.7192e+00
3.7072e+00
3.6952e+00
3.6872e+00
3.6832e+00
3.6832e+00
3.6832e+00
3.6792e+00
3.6712e+00
3.6712e+00
3.6712e+00
3.6752e+00
3.6712e+00
3.6872e+00
3.6832e+00
3.7032e+00
3.7152e+00
3.7511e+00
3.7750e+00
3.8150e+00
3.8429e+00
3.8868e+00
3.9067e+00
3.9306e+00
3.9466e+00
3.9665e+00
3.9665e+00
3.9864e+00
3.9825e+00
4.0024e+00
4.0064e+00
4.0064e+00
4.0064e+00
4.0104e+00
4.0143e+00
4.0183e+00
4.0223e+00
4.0183e+00
4.0263e+00
4.0183e+00
4.0223e+00
4.0303e+00
4.0263e+00
4.0223e+00
4.0143e+00
4.0104e+00
4.0024e+00
3.9904e+00
3.9705e+00
3.9546e+00
3.9466e+00
3.9227e+00
3.9067e+00
3.8788e+00
3.8628e+00
3.8389e+00
3.8150e+00
3.7870e+00
3.7671e+00
3.7351e+00
3.7072e+00
3.6792e+00
3.6393e+00
3.5994e+00
3.5714e+00
3.5354e+00
3.5274e+00
3.4955e+00
3.4755e+00
3.4395e+00
3.4195e+00
3.3875e+00
3.3555e+00
3.3275e+00
3.3075e+00
3.2835e+00
3.2675e+00
3.2435e+00
3.2234e+00
3.2034e+00
3.1834e+00
3.1554e+00
3.1393e+00
3.1153e+00
3.0993e+00
3.0712e+00
3.0512e+00
3.0232e+00
2.9991e+00
2.9710e+00
2.9550e+00
2.9310e+00
2.9029e+00
2.8748e+00
2.8427e+00
2.8227e+00
2.7986e+00
2.7785e+00
2.7665e+00
2.7424e+00
2.7344e+00
2.7103e+00
2.6862e+00
2.6661e+00
2.6541e+00
2.6380e+00
2.6179e+00
2.6018e+00
2.5818e+00
2.5697e+00
2.5576e+00
2.5496e+00
2.5376e+00
2.5255e+00
2.5255e+00
2.5255e+00
2.5134e+00
2.5094e+00
2.5014e+00
2.5054e+00
2.5014e+00
2.5134e+00
2.5014e+00
2.5094e+00
2.4974e+00
2.5094e+00
2.5014e+00
2.5175e+00
2.5255e+00
2.5496e+00
2.5536e+00
2.5777e+00
2.5858e+00
2.6099e+00
2.6179e+00
2.6460e+00
2.6581e+00
2.6942e+00
2.7063e+00
2.7384e+00
2.7464e+00
2.7785e+00
2.7865e+00
2.8227e+00
2.8427e+00
2.8748e+00
2.9029e+00
2.9350e+00
2.9710e+00
3.0071e+00
3.0592e+00
3.1193e+00
3.1754e+00
3.2034e+00
3.2234e+00
3.2394e+00
3.2475e+00
3.2635e+00
3.2635e+00
3.2715e+00
3.2755e+00
3.2795e+00
3.2875e+00
3.2875e+00
3.2955e+00
3.2915e+00
3.2995e+00
3.2995e+00
3.2995e+00
3.2955e+00
3.2995e+00
3.2875e+00
3.2875e+00
3.2875e+00
3.2875e+00
3.2715e+00
3.2755e+00
3.2675e+00
3.2675e+00
3.2595e+00
3.2595e+00
3.2394e+00
3.2354e+00
3.2234e+00
3.2234e+00
3.1994e+00
3.1834e+00
3.1754e+00
3.1554e+00
3.1393e+00
3.1313e+00
3.1153e+00
3.1153e+00
3.1033e+00
3.0953e+00
3.0833e+00
3.0793e+00
3.0632e+00
3.0592e+00
3.0512e+00
3.0432e+00
3.0352e+00
3.0232e+00
3.0272e+00
3.0232e+00
3.0272e+00
3.0191e+00
3.0151e+00
3.0071e+00
2.9951e+00
2.9871e+00
2.9751e+00
2.9670e+00
2.9470e+00
2.9269e+00
2.9109e+00
2.8908e+00
2.8748e+00
2.8547e+00
2.8507e+00
2.8347e+00
2.8347e+00
2.8227e+00
2.8227e+00
2.8267e+00
2.8387e+00
2.8467e+00
2.8668e+00
2.8828e+00
2.9069e+00
2.9269e+00
2.9590e+00
2.9951e+00
3.0352e+00
3.0512e+00
3.0833e+00
3.1073e+00
3.1514e+00
3.1834e+00
3.2354e+00
3.2835e+00
3.3315e+00
3.3595e+00
3.4035e+00
3.4395e+00
3.4675e+00
3.4955e+00
3.5274e+00
3.5514e+00
3.5834e+00
3.5994e+00
3.6113e+00
3.6273e+00
3.6513e+00
3.6752e+00
3.6952e+00
3.7152e+00
3.7271e+00
3.7431e+00
3.7551e+00
3.7750e+00
3.7870e+00
3.8070e+00
3.8030e+00
3.8110e+00
3.8110e+00
3.8030e+00
3.7950e+00
3.7870e+00
3.7711e+00
3.7511e+00
3.7311e+00
3.7072e+00
3.6752e+00
3.6673e+00
3.6393e+00
3.6153e+00
3.5794e+00
3.5554e+00
3.5194e+00
3.4955e+00
3.4595e+00
3.4235e+00
3.3955e+00
3.3675e+00
3.3275e+00
3.2955e+00
3.2635e+00
3.2314e+00
3.1994e+00
3.1674e+00
3.1273e+00
3.1073e+00
3.0632e+00
3.0392e+00
2.9991e+00
2.9550e+00
2.9229e+00
2.8828e+00
2.8467e+00
2.8186e+00
2.7946e+00
2.7665e+00
2.7544e+00
2.7303e+00
2.7143e+00
2.7063e+00
2.6982e+00
2.6862e+00
2.6782e+00
2.6741e+00
2.6822e+00
2.6822e+00
2.6942e+00
2.7063e+00
2.7303e+00
2.7424e+00
2.7745e+00
2.7865e+00
2.8026e+00
2.8227e+00
2.8467e+00
2.8748e+00
2.8908e+00
2.9029e+00
2.9149e+00
2.9350e+00
2.9510e+00
2.9751e+00
2.9791e+00
2.9911e+00
3.0071e+00
3.0111e+00
3.0151e+00
3.0232e+00
3.0312e+00
3.0432e+00
3.0432e+00
3.0512e+00
3.0472e+00
3.0552e+00
3.0432e+00
3.0512e+00
3.0432e+00
3.0392e+00
3.0272e+00
3.0151e+00
2.9951e+00
2.9831e+00
2.9670e+00
2.9590e+00
2.9350e+00
2.9189e+00
2.9029e+00
2.8748e+00
2.8387e+00
2.8106e+00
2.7825e+00
2.7665e+00
2.7344e+00
2.7022e+00
2.6701e+00
2.6380e+00
2.6099e+00
2.5818e+00
2.5496e+00
2.5215e+00
2.4853e+00
2.4491e+00
2.4170e+00
2.3928e+00
2.3566e+00
2.3325e+00
2.2963e+00
2.2721e+00
2.2399e+00
2.2077e+00
2.1675e+00
2.1433e+00
2.1030e+00
2.0748e+00
2.0506e+00
2.0103e+00
1.9620e+00
1.9337e+00
1.9055e+00
1.8773e+00
1.8450e+00
1.8329e+00
1.8006e+00
1.7804e+00
1.7603e+00
1.7401e+00
1.7078e+00
1.6755e+00
1.6553e+00
1.6391e+00
1.6270e+00
1.6109e+00
1.6028e+00
1.5907e+00
1.5866e+00
1.5705e+00
1.5624e+00
1.5543e+00
1.5624e+00
1.5583e+00
1.5705e+00
1.5664e+00
1.5785e+00
1.5664e+00
1.5826e+00
1.5785e+00
1.6028e+00
1.5987e+00
1.6311e+00
1.6472e+00
1.6795e+00
1.6876e+00
1.7037e+00
1.7199e+00
1.7360e+00
1.7401e+00
1.7603e+00
1.7603e+00
1.7764e+00
1.7804e+00
1.8006e+00
1.8087e+00
1.8289e+00
1.8369e+00
1.8531e+00
1.8571e+00
1.8773e+00
1.8974e+00
1.9176e+00
1.9418e+00
1.9579e+00
1.9861e+00
2.0063e+00
2.0184e+00
2.0305e+00
2.0667e+00
2.1191e+00
2.2037e+00
2.2520e+00
2.2842e+00
2.3204e+00
2.3446e+00
2.3647e+00
2.3888e+00
2.4129e+00
2.4290e+00
2.4330e+00
2.4531e+00
2.4652e+00
2.4813e+00
2.4933e+00
2.5014e+00
2.5014e+00
2.5134e+00
2.5255e+00
2.5255e+00
2.5255e+00
2.5295e+00
2.5295e+00
2.5335e+00
2.5255e+00
2.5215e+00
2.5054e+00
2.4853e+00
2.4612e+00
2.4411e+00
2.4210e+00
2.3968e+00
2.3767e+00
2.3486e+00
2.3325e+00
2.3164e+00
2.2922e+00
2.2641e+00
2.2399e+00
2.2198e+00
2.1916e+00
2.1675e+00
2.1393e+00
2.1231e+00
2.0990e+00
2.0708e+00
2.0426e+00
2.0224e+00
2.0063e+00
1.9821e+00
1.9700e+00
1.9458e+00
1.9418e+00
1.9257e+00
1.9257e+00
1.9136e+00
1.9015e+00
1.8894e+00
1.8894e+00
1.8894e+00
1.8934e+00
1.8853e+00
1.9055e+00
1.9095e+00
1.9337e+00
1.9458e+00
1.9861e+00
2.0023e+00
2.0385e+00
2.0708e+00
2.1231e+00
2.1634e+00
2.2117e+00
2.2641e+00
2.3204e+00
2.3888e+00
2.4612e+00
2.5737e+00
2.6701e+00
2.7544e+00
2.8427e+00
2.9229e+00
2.9991e+00
3.0712e+00
3.1393e+00
3.2074e+00
3.2755e+00
3.3275e+00
3.3795e+00
3.4395e+00
3.4835e+00
3.5354e+00
3.5634e+00
3.6073e+00
3.6473e+00
3.6992e+00
3.7351e+00
3.7511e+00
3.7790e+00
3.8030e+00
3.8189e+00
3.8509e+00
3.8509e+00
3.8628e+00
3.8628e+00
3.8708e+00
3.8708e+00
3.8788e+00
3.8748e+00
3.8828e+00
3.8828e+00
3.8708e+00
3.8509e+00
3.8349e+00
3.8150e+00
3.7870e+00
3.7591e+00
3.7271e+00
3.6872e+00
3.6433e+00
3.5794e+00
3.5314e+00
3.4795e+00
3.4475e+00
3.4035e+00
3.3635e+00
3.3155e+00
3.2675e+00
3.2194e+00
3.1714e+00
3.1273e+00
3.0793e+00
3.0392e+00
2.9951e+00
2.9470e+00
2.9109e+00
2.8748e+00
2.8427e+00
2.7946e+00
2.7625e+00
2.7344e+00
2.6942e+00
2.6581e+00
2.6300e+00
2.6059e+00
2.5818e+00
2.5657e+00
2.5295e+00
2.5054e+00
2.4732e+00
2.4451e+00
2.4210e+00
2.4129e+00
2.3968e+00
2.4009e+00
2.4049e+00
2.4129e+00
2.4089e+00
2.4089e+00
2.4009e+00
2.3968e+00
2.3808e+00
2.3767e+00
2.3687e+00
2.3606e+00
2.3486e+00
2.3446e+00
2.3446e+00
2.3486e+00
2.3446e+00
2.3405e+00
2.3566e+00
2.3727e+00
2.3767e+00
2.3928e+00
2.4089e+00
2.4290e+00
2.4451e+00
2.4692e+00
2.4692e+00
2.4853e+00
2.4813e+00
2.4853e+00
2.4974e+00
2.5134e+00
2.5255e+00
2.5416e+00
2.5576e+00
2.5818e+00
2.5978e+00
2.6139e+00
2.6219e+00
2.6300e+00
2.6460e+00
2.6621e+00
2.6701e+00
2.6862e+00
2.6982e+00
2.7022e+00
2.7223e+00
2.7344e+00
2.7464e+00
2.7544e+00
2.7825e+00
2.7906e+00
2.8066e+00
2.8186e+00
2.8427e+00
2.8547e+00
2.8708e+00
2.8828e+00
2.8828e+00
2.8788e+00
2.8668e+00
2.8467e+00
2.8307e+00
2.8106e+00
2.7946e+00
2.7665e+00
2.7625e+00
2.7344e+00
2.7143e+00
2.6942e+00
2.6741e+00
2.6460e+00
2.6179e+00
2.5898e+00
2.5657e+00
2.5456e+00
2.5255e+00
2.5014e+00
2.4773e+00
2.4451e+00
2.4250e+00
2.3928e+00
2.3647e+00
2.3365e+00
2.3204e+00
2.2882e+00
2.2560e+00
2.2278e+00
2.1956e+00
2.1634e+00
2.1272e+00
2.0909e+00
2.0506e+00
2.0103e+00
1.9700e+00
1.9418e+00
1.9176e+00
1.8773e+00
1.8531e+00
1.8248e+00
1.8006e+00
1.7683e+00
1.7441e+00
1.7159e+00
1.6997e+00
1.6714e+00
1.6472e+00
1.6270e+00
1.6068e+00
1.5785e+00
1.5624e+00
1.5381e+00
1.5179e+00
1.4896e+00
1.4735e+00
1.4533e+00
1.4330e+00
1.4088e+00
1.3886e+00
1.3643e+00
1.3400e+00
1.3157e+00
1.2955e+00
1.2712e+00
1.2429e+00
1.2267e+00
1.2024e+00
1.1660e+00
1.1498e+00
1.1295e+00
1.1093e+00
1.0850e+00
1.0688e+00
1.0525e+00
1.0282e+00
1.0080e+00
9.8770e-01
9.6744e-01
9.4717e-01
9.3500e-01
9.2284e-01
9.0662e-01
8.9445e-01
8.7823e-01
8.6606e-01
8.4578e-01
8.3766e-01
8.0926e-01
7.9709e-01
7.8086e-01
7.5245e-01
7.3621e-01
7.2403e-01
7.0373e-01
6.9156e-01
6.7937e-01
6.6313e-01
6.3877e-01
6.1846e-01
5.9815e-01
5.8190e-01
5.6158e-01
5.5346e-01
5.2907e-01
5.1282e-01
4.9656e-01
4.8030e-01
4.6404e-01
4.4371e-01
4.3152e-01
4.1932e-01
4.0712e-01
3.9492e-01
3.7865e-01
3.6645e-01
3.5424e-01
3.4611e-01
3.2170e-01
3.1356e-01
3.0543e-01
2.9322e-01
2.8101e-01
2.6473e-01
2.5659e-01
2.4438e-01
2.2810e-01
2.0775e-01
1.9553e-01
1.7517e-01
1.5481e-01
1.3445e-01
1.1816e-01
1.1816e-01
9.7793e-02
8.9645e-02
7.7424e-02
6.5201e-02
4.8903e-02
4.4828e-02
3.6679e-02
2.0378e-02
1.2227e-02
4.0760e-03
4.0760e-03
0000
4.0760e-03
0000
4.0760e-03
4.0760e-03
2.0378e-02
2.0378e-02
3.6679e-02
4.4828e-02
6.9275e-02
7.3349e-02
1.0594e-01
1.0187e-01
1.3852e-01
1.3852e-01
1.7110e-01
1.8332e-01
2.1182e-01
2.2810e-01
2.6066e-01
2.7287e-01
2.9729e-01
3.1356e-01
3.3390e-01
3.4204e-01
3.6238e-01
3.7865e-01
3.9492e-01
4.1118e-01
4.3152e-01
4.3965e-01
4.5998e-01
4.8030e-01
4.9250e-01
5.1282e-01
5.3314e-01
5.6158e-01
5.7783e-01
6.1033e-01
6.3064e-01
6.5501e-01
6.7937e-01
6.9968e-01
7.2809e-01
7.4027e-01
7.7274e-01
7.8897e-01
8.1738e-01
8.4172e-01
8.9039e-01
9.2689e-01
9.7149e-01
1.0282e+00
1.0809e+00
1.1295e+00
1.1822e+00
1.2308e+00
1.2874e+00
1.3481e+00
1.4047e+00
1.4452e+00
1.5058e+00
1.5583e+00
1.6068e+00
1.6714e+00
1.7482e+00
1.8127e+00
1.8652e+00
1.9257e+00
1.9579e+00
2.0023e+00
2.0385e+00
2.0587e+00
2.0748e+00
2.0909e+00
2.1070e+00
2.1231e+00
2.1433e+00
2.1513e+00
2.1795e+00
2.1956e+00
2.2077e+00
2.2158e+00
2.2198e+00
2.2278e+00
2.2278e+00
2.2359e+00
2.2399e+00
2.2439e+00
2.2560e+00
2.2520e+00
2.2480e+00
2.2439e+00
2.2520e+00
2.2439e+00
2.2439e+00
2.2319e+00
2.2319e+00
2.2238e+00
2.2117e+00
2.2077e+00
2.1876e+00
2.1675e+00
2.1513e+00
2.1352e+00
2.1151e+00
2.1070e+00
2.0950e+00
2.0869e+00
2.0788e+00
2.0829e+00
2.0788e+00
2.1191e+00
2.1675e+00
2.2117e+00
2.2319e+00
2.2761e+00
2.3083e+00
2.3566e+00
2.4089e+00
2.4572e+00
2.4974e+00
2.5295e+00
2.5496e+00
2.5737e+00
2.5898e+00
2.6179e+00
2.6300e+00
2.6621e+00
2.6661e+00
2.6782e+00
2.6782e+00
2.6701e+00
2.6541e+00
2.6420e+00
2.6340e+00
2.6380e+00
2.6300e+00
2.6300e+00
2.6219e+00
2.6139e+00
2.5978e+00
2.5818e+00
2.5617e+00
2.5456e+00
2.5255e+00
2.5134e+00
2.4974e+00
2.4773e+00
2.4572e+00
2.4371e+00
2.4210e+00
2.4049e+00
2.3928e+00
2.3566e+00
2.3405e+00
2.3204e+00
2.3083e+00
2.2802e+00
2.2641e+00
2.2359e+00
2.2158e+00
2.1795e+00
2.1473e+00
2.1272e+00
2.0950e+00
2.0667e+00
2.0385e+00
2.0184e+00
1.9942e+00
1.9660e+00
1.9418e+00
1.9136e+00
1.8894e+00
1.8732e+00
1.8652e+00
1.8450e+00
1.8289e+00
1.8208e+00
1.8047e+00
1.7966e+00
1.7845e+00
1.7764e+00
1.7522e+00
1.7401e+00
1.7401e+00
1.7239e+00
1.7118e+00
1.7078e+00
1.7078e+00
1.6876e+00
1.6755e+00
1.6593e+00
1.6432e+00
1.6311e+00
1.6149e+00
1.5987e+00
1.5826e+00
1.5705e+00
1.5583e+00
1.5543e+00
1.5422e+00
1.5341e+00
1.5179e+00
1.5058e+00
1.4977e+00
1.4896e+00
1.4775e+00
1.4694e+00
1.4694e+00
1.4613e+00
1.4492e+00
1.4330e+00
1.4088e+00
1.4088e+00
1.3845e+00
1.3724e+00
1.3481e+00
1.3319e+00
1.3117e+00
1.2996e+00
1.2753e+00
1.2550e+00
1.2388e+00
1.2146e+00
1.1903e+00
1.1700e+00
1.1457e+00
1.1255e+00
1.0931e+00
1.0809e+00
1.0525e+00
1.0363e+00
1.0120e+00
9.8770e-01
9.6744e-01
9.5122e-01
9.3095e-01
9.0662e-01
9.0256e-01
8.9851e-01
8.8634e-01
8.7011e-01
8.6606e-01
8.4983e-01
8.4172e-01
8.3766e-01
8.2143e-01
8.0520e-01
8.1332e-01
8.0926e-01
8.0926e-01
8.0520e-01
8.0520e-01
7.8491e-01
7.8897e-01
7.7274e-01
7.6868e-01
7.4433e-01
7.3621e-01
7.2403e-01
6.9156e-01
6.8750e-01
6.7937e-01
6.5907e-01
6.5095e-01
6.4689e-01
6.3470e-01
6.2658e-01
6.2658e-01
6.1033e-01
5.9815e-01
5.9408e-01
5.9002e-01
5.7783e-01
5.8596e-01
5.8596e-01
5.8190e-01
5.9815e-01
6.0221e-01
5.9815e-01
6.1033e-01
6.2252e-01
6.4283e-01
6.4689e-01
6.6719e-01
6.7531e-01
7.0373e-01
7.0373e-01
7.1997e-01
7.2809e-01
7.5245e-01
7.6462e-01
7.8897e-01
8.1332e-01
8.4172e-01
8.7011e-01
9.1067e-01
9.3095e-01
9.6744e-01
9.9581e-01
1.0323e+00
1.0566e+00
1.1012e+00
1.1336e+00
1.1660e+00
1.1984e+00
1.2267e+00
1.2510e+00
1.2793e+00
1.3036e+00
1.3076e+00
1.3360e+00
1.3562e+00
1.3845e+00
1.3966e+00
1.4128e+00
1.4169e+00
1.4290e+00
1.4290e+00
1.4371e+00
1.4330e+00
1.4290e+00
1.4209e+00
1.4209e+00
1.4088e+00
1.4047e+00
1.4007e+00
1.4169e+00
1.4169e+00
1.4330e+00
1.4492e+00
1.4613e+00
1.4775e+00
1.5018e+00
1.5179e+00
1.5381e+00
1.5503e+00
1.5785e+00
1.5987e+00
1.6189e+00
1.6270e+00
1.6513e+00
1.6634e+00
1.6836e+00
1.6957e+00
1.7159e+00
1.7280e+00
1.7482e+00
1.7643e+00
1.7885e+00
1.8087e+00
1.8369e+00
1.8732e+00
1.8974e+00
1.9297e+00
1.9700e+00
2.0224e+00
2.0667e+00
2.1151e+00
2.1513e+00
2.1956e+00
2.2439e+00
2.2963e+00
2.3285e+00
2.3727e+00
2.4129e+00
2.4491e+00
2.4773e+00
2.5175e+00
2.5576e+00
2.5777e+00
2.6059e+00
2.6219e+00
2.6460e+00
2.6661e+00
2.6782e+00
2.6862e+00
2.7103e+00
2.7464e+00
2.7785e+00
2.7946e+00
2.8026e+00
2.8026e+00
2.8146e+00
2.8186e+00
2.8347e+00
2.8427e+00
2.8788e+00
2.9350e+00
3.0071e+00
3.0592e+00
3.1153e+00
3.1714e+00
3.2234e+00
3.2555e+00
3.2875e+00
3.3115e+00
3.3515e+00
3.4275e+00
3.4755e+00
3.4755e+00
3.4755e+00
3.4635e+00
3.4515e+00
3.4235e+00
3.4075e+00
3.3755e+00
3.3555e+00
3.3195e+00
3.2955e+00
3.2595e+00
3.2114e+00
3.1754e+00
3.1393e+00
3.1073e+00
3.0833e+00
3.0472e+00
3.0151e+00
2.9831e+00
2.9590e+00
2.9229e+00
2.8949e+00
2.8588e+00
2.8307e+00
2.7946e+00
2.7705e+00
2.7424e+00
2.7143e+00
2.6902e+00
2.6581e+00
2.6300e+00
2.5978e+00
2.5777e+00
2.5536e+00
2.5175e+00
2.4974e+00
2.4692e+00
2.4531e+00
2.4170e+00
2.3888e+00
2.3486e+00
2.3164e+00
2.2882e+00
2.2560e+00
2.2319e+00
2.2077e+00
2.1836e+00
2.1554e+00
2.1312e+00
2.1111e+00
2.0869e+00
2.0748e+00
2.0466e+00
2.0345e+00
2.0184e+00
2.0023e+00
1.9781e+00
1.9579e+00
1.9337e+00
1.9136e+00
1.9055e+00
1.8773e+00
1.8571e+00
1.8369e+00
1.8127e+00
1.7966e+00
1.7724e+00
1.7522e+00
1.7199e+00
1.6876e+00
1.6634e+00
1.6391e+00
1.6068e+00
1.5866e+00
1.5624e+00
1.5341e+00
1.5179e+00
1.4937e+00
1.4735e+00
1.4533e+00
1.4371e+00
1.4169e+00
1.3926e+00
1.3805e+00
1.3602e+00
1.3481e+00
1.3279e+00
1.3157e+00
1.2874e+00
1.2631e+00
1.2429e+00
1.2227e+00
1.2105e+00
1.1903e+00
1.1822e+00
1.1660e+00
1.1417e+00
1.1174e+00
1.1052e+00
1.0890e+00
1.0769e+00
1.0647e+00
1.0607e+00
1.0485e+00
1.0607e+00
1.0607e+00
1.0688e+00
1.0607e+00
1.0769e+00
1.0809e+00
1.1093e+00
1.1174e+00
1.1457e+00
1.1457e+00
1.1741e+00
1.1822e+00
1.2065e+00
1.2267e+00
1.2550e+00
1.2672e+00
1.3036e+00
1.3198e+00
1.3481e+00
1.3643e+00
1.3886e+00
1.4007e+00
1.4250e+00
1.4209e+00
1.4371e+00
1.4452e+00
1.4654e+00
1.4735e+00
1.4816e+00
1.4896e+00
1.4937e+00
1.5058e+00
1.5018e+00
1.5018e+00
1.5058e+00
1.5018e+00
1.5098e+00
1.5058e+00
1.5098e+00
1.5098e+00
1.5260e+00
1.5381e+00
1.5543e+00
1.5745e+00
1.5907e+00
1.6230e+00
1.6553e+00
1.6836e+00
1.7118e+00
1.7643e+00
1.8168e+00
1.9095e+00
1.9781e+00
2.0305e+00
2.0829e+00
2.1393e+00
2.1916e+00
2.2480e+00
2.3083e+00
2.3888e+00
2.4572e+00
2.5376e+00
2.6059e+00
2.6982e+00
2.7906e+00
2.8989e+00
3.0191e+00
3.1353e+00
3.2755e+00
3.4035e+00
3.5674e+00
3.7311e+00
3.9187e+00
4.0980e+00
4.2732e+00
4.4761e+00
4.6708e+00
4.9128e+00
5.1387e+00
5.4276e+00
5.6884e+00
5.9764e+00
6.2403e+00
6.5156e+00
6.7552e+00
7.0141e+00
7.2373e+00
7.4524e+00
7.6634e+00
7.8585e+00
8.0846e+00
8.2793e+00
8.4698e+00
8.6485e+00
8.7960e+00
8.9473e+00
9.1022e+00
9.2455e+00
9.3963e+00
9.5084e+00
9.6436e+00
9.7401e+00
9.8713e+00
9.9715e+00
1.0083e+01
1.0179e+01
1.0276e+01
1.0353e+01
1.0433e+01
1.0479e+01
1.0541e+01
1.0602e+01
1.0652e+01
1.0695e+01
1.0725e+01
1.0729e+01
1.0737e+01
1.0737e+01
1.0729e+01
1.0725e+01
1.0702e+01
1.0687e+01
1.0664e+01
1.0633e+01
1.0591e+01
1.0556e+01
1.0514e+01
1.0472e+01
1.0418e+01
1.0387e+01
1.0341e+01
1.0303e+01
1.0256e+01
1.0218e+01
1.0187e+01
1.0156e+01
1.0114e+01
1.0079e+01
1.0045e+01
1.0014e+01
9.9946e+00
9.9715e+00
9.9754e+00
9.9599e+00
1.0018e+01
1.0025e+01
1.0014e+01
9.9869e+00
9.9599e+00
9.9214e+00
9.8906e+00
9.8558e+00
9.8404e+00
9.8289e+00
9.8173e+00
9.8019e+00
9.7748e+00
9.7556e+00
9.7247e+00
9.7054e+00
9.6706e+00
9.6475e+00
9.6127e+00
9.5818e+00
9.5509e+00
9.5239e+00
9.4930e+00
9.4737e+00
9.4389e+00
9.4118e+00
9.3731e+00
9.3461e+00
9.3151e+00
9.2881e+00
9.2416e+00
9.2145e+00
9.1836e+00
9.1487e+00
9.1061e+00
9.0674e+00
9.0170e+00
8.9666e+00
8.9163e+00
8.8697e+00
8.8348e+00
8.7960e+00
8.7611e+00
8.7301e+00
8.6912e+00
8.6641e+00
8.6214e+00
8.5903e+00
8.5514e+00
8.5204e+00
8.4893e+00
8.4621e+00
8.4310e+00
8.3960e+00
8.3610e+00
8.3337e+00
8.3026e+00
8.2754e+00
8.2443e+00
8.2326e+00
8.2209e+00
8.1975e+00
8.1742e+00
8.1625e+00
8.1430e+00
8.1314e+00
8.1041e+00
8.0963e+00
8.0846e+00
8.0612e+00
8.0340e+00
8.0262e+00
8.0184e+00
8.0184e+00
8.0184e+00
8.0379e+00
8.0457e+00
8.0573e+00
8.0612e+00
8.0690e+00
8.0690e+00
8.0729e+00
8.0690e+00
8.0651e+00
8.0651e+00
8.0573e+00
8.0496e+00
8.0418e+00
8.0301e+00
8.0301e+00
8.0106e+00
8.0028e+00
7.9911e+00
7.9833e+00
7.9677e+00
7.9560e+00
7.9443e+00
7.9365e+00
7.9209e+00
7.8936e+00
7.8780e+00
7.8468e+00
7.8234e+00
7.8000e+00
7.8039e+00
7.8078e+00
7.8234e+00
7.8390e+00
7.8429e+00
7.8507e+00
7.8546e+00
7.8663e+00
7.8663e+00
7.8546e+00
7.8390e+00
7.8234e+00
7.8117e+00
7.7961e+00
7.7766e+00
7.7532e+00
7.7415e+00
7.7259e+00
7.7103e+00
7.6868e+00
7.6790e+00
7.6673e+00
7.6595e+00
7.6439e+00
7.6478e+00
7.6400e+00
7.6478e+00
7.6439e+00
7.6439e+00
7.6283e+00
7.6439e+00
7.6439e+00
7.6595e+00
7.6868e+00
7.7181e+00
7.7454e+00
7.7610e+00
7.7766e+00
7.7844e+00
7.7961e+00
7.7922e+00
7.7883e+00
7.7805e+00
7.7766e+00
7.7805e+00
7.7688e+00
7.7649e+00
7.7649e+00
7.7493e+00
7.7337e+00
7.7298e+00
7.7259e+00
7.7142e+00
7.7064e+00
7.6907e+00
7.6829e+00
7.6634e+00
7.6478e+00
7.6322e+00
7.6048e+00
7.5892e+00
7.5697e+00
7.5580e+00
7.5423e+00
7.5267e+00
7.5150e+00
7.5072e+00
7.4915e+00
7.4798e+00
7.4681e+00
7.4485e+00
7.4407e+00
7.4329e+00
7.4251e+00
7.4055e+00
7.3821e+00
7.3703e+00
7.3586e+00
7.3508e+00
7.3351e+00
7.3351e+00
7.3234e+00
7.3156e+00
7.3077e+00
7.2999e+00
7.2921e+00
7.2725e+00
7.2412e+00
7.2177e+00
7.1864e+00
7.1590e+00
7.1394e+00
7.1198e+00
7.1081e+00
7.1003e+00
7.0885e+00
7.0767e+00
7.0611e+00
7.0376e+00
7.0180e+00
7.0062e+00
6.9905e+00
6.9631e+00
6.9435e+00
6.9317e+00
6.9121e+00
6.8808e+00
6.8611e+00
6.8611e+00
6.8337e+00
6.8180e+00
6.8062e+00
6.7905e+00
6.7748e+00
6.7631e+00
6.7395e+00
6.7120e+00
6.6767e+00
6.6492e+00
6.6257e+00
6.6021e+00
6.5785e+00
6.5628e+00
6.5392e+00
6.5235e+00
6.4999e+00
6.4881e+00
6.4685e+00
6.4488e+00
6.4370e+00
6.4134e+00
6.3938e+00
