1.8441e+01
1.8413e+01
1.8384e+01
1.8362e+01
1.8340e+01
1.8318e+01
1.8286e+01
1.8273e+01
1.8254e+01
1.8238e+01
1.8213e+01
1.8184e+01
1.8162e+01
1.8140e+01
1.8118e+01
1.8086e+01
1.8070e+01
1.8054e+01
1.8019e+01
1.7991e+01
1.7965e+01
1.7940e+01
1.7908e+01
1.7879e+01
1.7851e+01
1.7825e+01
1.7797e+01
1.7771e+01
1.7746e+01
1.7720e+01
1.7698e+01
1.7669e+01
1.7644e+01
1.7625e+01
1.7602e+01
1.7583e+01
1.7564e+01
1.7545e+01
1.7519e+01
1.7494e+01
1.7468e+01
1.7446e+01
1.7427e+01
1.7401e+01
1.7376e+01
1.7350e+01
1.7322e+01
1.7296e+01
1.7271e+01
1.7245e+01
1.7223e+01
1.7200e+01
1.7172e+01
1.7143e+01
1.7111e+01
1.7082e+01
1.7050e+01
1.7021e+01
1.6992e+01
1.6967e+01
1.6928e+01
1.6900e+01
1.6871e+01
1.6836e+01
1.6810e+01
1.6778e+01
1.6749e+01
1.6727e+01
1.6691e+01
1.6675e+01
1.6643e+01
1.6621e+01
1.6586e+01
1.6563e+01
1.6538e+01
1.6515e+01
1.6489e+01
1.6461e+01
1.6432e+01
1.6409e+01
1.6390e+01
1.6361e+01
1.6339e+01
1.6319e+01
1.6290e+01
1.6265e+01
1.6236e+01
1.6207e+01
1.6184e+01
1.6152e+01
1.6126e+01
1.6104e+01
1.6081e+01
1.6059e+01
1.6040e+01
1.6014e+01
1.5991e+01
1.5962e+01
1.5943e+01
1.5924e+01
1.5895e+01
1.5869e+01
1.5850e+01
1.5830e+01
1.5814e+01
1.5792e+01
1.5769e+01
1.5746e+01
1.5727e+01
1.5705e+01
1.5695e+01
1.5675e+01
1.5663e+01
1.5646e+01
1.5634e+01
1.5617e+01
1.5598e+01
1.5579e+01
1.5566e+01
1.5537e+01
1.5511e+01
1.5495e+01
1.5482e+01
1.5459e+01
1.5450e+01
1.5443e+01
1.5430e+01
1.5411e+01
1.5408e+01
1.5395e+01
1.5385e+01
1.5378e+01
1.5366e+01
1.5359e+01
1.5359e+01
1.5353e+01
1.5343e+01
1.5343e+01
1.5346e+01
1.5330e+01
1.5327e+01
1.5324e+01
1.5324e+01
1.5314e+01
1.5311e+01
1.5304e+01
1.5304e+01
1.5301e+01
1.5288e+01
1.5285e+01
1.5275e+01
1.5259e+01
1.5246e+01
1.5236e+01
1.5223e+01
1.5210e+01
1.5194e+01
1.5181e+01
1.5165e+01
1.5149e+01
1.5136e+01
1.5120e+01
1.5107e+01
1.5097e+01
1.5074e+01
1.5065e+01
1.5049e+01
1.5039e+01
1.5023e+01
1.5019e+01
1.5006e+01
1.4987e+01
1.4961e+01
1.4945e+01
1.4935e+01
1.4919e+01
1.4909e+01
1.4893e+01
1.4880e+01
1.4870e+01
1.4854e+01
1.4835e+01
1.4819e+01
1.4799e+01
1.4776e+01
1.4754e+01
1.4744e+01
1.4724e+01
1.4711e+01
1.4689e+01
1.4676e+01
1.4656e+01
1.4647e+01
1.4630e+01
1.4624e+01
1.4611e+01
1.4595e+01
1.4588e+01
1.4578e+01
1.4582e+01
1.4582e+01
1.4578e+01
1.4578e+01
1.4582e+01
1.4588e+01
1.4588e+01
1.4598e+01
1.4608e+01
1.4624e+01
1.4637e+01
1.4653e+01
1.4669e+01
1.4692e+01
1.4705e+01
1.4731e+01
1.4757e+01
1.4793e+01
1.4815e+01
1.4854e+01
1.4887e+01
1.4922e+01
1.4945e+01
1.4987e+01
1.5010e+01
1.5055e+01
1.5091e+01
1.5129e+01
1.5165e+01
1.5201e+01
1.5236e+01
1.5269e+01
1.5301e+01
1.5340e+01
1.5375e+01
1.5408e+01
1.5440e+01
1.5479e+01
1.5508e+01
1.5543e+01
1.5563e+01
1.5585e+01
1.5608e+01
1.5630e+01
1.5646e+01
1.5666e+01
1.5688e+01
1.5705e+01
1.5721e+01
1.5740e+01
1.5756e+01
1.5769e+01
1.5772e+01
1.5792e+01
1.5792e+01
1.5798e+01
1.5801e+01
1.5811e+01
1.5814e+01
1.5817e+01
1.5814e+01
1.5814e+01
1.5808e+01
1.5804e+01
1.5801e+01
1.5788e+01
1.5779e+01
1.5769e+01
1.5753e+01
1.5743e+01
1.5717e+01
1.5708e+01
1.5695e+01
1.5675e+01
1.5656e+01
1.5640e+01
1.5637e+01
1.5617e+01
1.5595e+01
1.5572e+01
1.5553e+01
1.5527e+01
1.5508e+01
1.5482e+01
1.5453e+01
1.5420e+01
1.5395e+01
1.5369e+01
1.5343e+01
1.5311e+01
1.5288e+01
1.5262e+01
1.5236e+01
1.5214e+01
1.5191e+01
1.5168e+01
1.5139e+01
1.5126e+01
1.5110e+01
1.5097e+01
1.5087e+01
1.5087e+01
1.5087e+01
1.5100e+01
1.5110e+01
1.5139e+01
1.5152e+01
1.5191e+01
1.5233e+01
1.5282e+01
1.5327e+01
1.5375e+01
1.5437e+01
1.5488e+01
1.5546e+01
1.5611e+01
1.5672e+01
1.5734e+01
1.5798e+01
1.5859e+01
1.5930e+01
1.5994e+01
1.6065e+01
1.6123e+01
1.6194e+01
1.6255e+01
1.6313e+01
1.6361e+01
1.6419e+01
1.6470e+01
1.6528e+01
1.6576e+01
1.6624e+01
1.6659e+01
1.6688e+01
1.6711e+01
1.6736e+01
1.6765e+01
1.6788e+01
1.6816e+01
1.6845e+01
1.6864e+01
1.6890e+01
1.6900e+01
1.6922e+01
1.6932e+01
1.6941e+01
1.6944e+01
1.6954e+01
1.6954e+01
1.6954e+01
1.6951e+01
1.6925e+01
1.6906e+01
1.6884e+01
1.6858e+01
1.6839e+01
1.6807e+01
1.6772e+01
1.6733e+01
1.6701e+01
1.6656e+01
1.6621e+01
1.6586e+01
1.6538e+01
1.6509e+01
1.6470e+01
1.6432e+01
1.6390e+01
1.6351e+01
1.6306e+01
1.6261e+01
1.6220e+01
1.6184e+01
1.6142e+01
1.6104e+01
1.6069e+01
1.6023e+01
1.5982e+01
1.5949e+01
1.5914e+01
1.5875e+01
1.5833e+01
1.5788e+01
1.5759e+01
1.5724e+01
1.5685e+01
1.5643e+01
1.5605e+01
1.5566e+01
1.5530e+01
1.5498e+01
1.5462e+01
1.5424e+01
1.5391e+01
1.5353e+01
1.5324e+01
1.5294e+01
1.5259e+01
1.5236e+01
1.5207e+01
1.5178e+01
1.5149e+01
1.5123e+01
1.5104e+01
1.5084e+01
1.5068e+01
1.5052e+01
1.5042e+01
1.5019e+01
1.5010e+01
1.4997e+01
1.4987e+01
1.4974e+01
1.4961e+01
1.4951e+01
1.4935e+01
1.4925e+01
1.4913e+01
1.4900e+01
1.4890e+01
1.4877e+01
1.4870e+01
1.4864e+01
1.4848e+01
1.4828e+01
1.4822e+01
1.4812e+01
1.4796e+01
1.4776e+01
1.4760e+01
1.4741e+01
1.4718e+01
1.4702e+01
1.4692e+01
1.4676e+01
1.4663e+01
1.4640e+01
1.4627e+01
1.4608e+01
1.4591e+01
1.4562e+01
1.4543e+01
1.4517e+01
1.4494e+01
1.4471e+01
1.4452e+01
1.4426e+01
1.4396e+01
1.4377e+01
1.4354e+01
1.4322e+01
1.4302e+01
1.4279e+01
1.4250e+01
1.4221e+01
1.4198e+01
1.4172e+01
1.4143e+01
1.4113e+01
1.4081e+01
1.4051e+01
1.4025e+01
1.3993e+01
1.3967e+01
1.3937e+01
1.3915e+01
1.3888e+01
1.3859e+01
1.3820e+01
1.3797e+01
1.3768e+01
1.3742e+01
1.3712e+01
1.3686e+01
1.3667e+01
1.3640e+01
1.3611e+01
1.3578e+01
1.3552e+01
1.3529e+01
1.3510e+01
1.3480e+01
1.3461e+01
1.3438e+01
1.3408e+01
1.3389e+01
1.3376e+01
1.3359e+01
1.3336e+01
1.3310e+01
1.3284e+01
1.3258e+01
1.3245e+01
1.3222e+01
1.3212e+01
1.3192e+01
1.3182e+01
1.3160e+01
1.3153e+01
1.3137e+01
1.3127e+01
1.3120e+01
1.3104e+01
1.3097e+01
1.3091e+01
1.3074e+01
1.3058e+01
1.3045e+01
1.3042e+01
1.3028e+01
1.3025e+01
1.3012e+01
1.2996e+01
1.2983e+01
1.2976e+01
1.2966e+01
1.2960e+01
1.2943e+01
1.2933e+01
1.2930e+01
1.2910e+01
1.2901e+01
1.2897e+01
1.2874e+01
1.2858e+01
1.2835e+01
1.2832e+01
1.2815e+01
1.2805e+01
1.2786e+01
1.2766e+01
1.2753e+01
1.2740e+01
1.2723e+01
1.2710e+01
1.2697e+01
1.2671e+01
1.2658e+01
1.2648e+01
1.2635e+01
1.2618e+01
1.2605e+01
1.2592e+01
1.2572e+01
1.2556e+01
1.2539e+01
1.2526e+01
1.2513e+01
1.2496e+01
1.2480e+01
1.2460e+01
1.2444e+01
1.2431e+01
1.2421e+01
1.2404e+01
1.2378e+01
1.2361e+01
1.2335e+01
1.2322e+01
1.2296e+01
1.2282e+01
1.2269e+01
1.2250e+01
1.2230e+01
1.2217e+01
1.2203e+01
1.2187e+01
1.2167e+01
1.2147e+01
1.2134e+01
1.2118e+01
1.2101e+01
1.2088e+01
1.2068e+01
1.2058e+01
1.2039e+01
1.2019e+01
1.2006e+01
1.1992e+01
1.1982e+01
1.1969e+01
1.1956e+01
1.1943e+01
1.1933e+01
1.1920e+01
1.1903e+01
1.1890e+01
1.1874e+01
1.1854e+01
1.1834e+01
1.1821e+01
1.1798e+01
1.1774e+01
1.1758e+01
1.1741e+01
1.1722e+01
1.1705e+01
1.1692e+01
1.1672e+01
1.1652e+01
1.1629e+01
1.1616e+01
1.1603e+01
1.1586e+01
1.1569e+01
1.1546e+01
1.1530e+01
1.1510e+01
1.1497e+01
1.1477e+01
1.1467e+01
1.1454e+01
1.1437e+01
1.1424e+01
1.1407e+01
1.1394e+01
1.1384e+01
1.1377e+01
1.1367e+01
1.1358e+01
1.1358e+01
1.1341e+01
1.1344e+01
1.1331e+01
1.1338e+01
1.1331e+01
1.1344e+01
1.1344e+01
1.1361e+01
1.1364e+01
1.1371e+01
1.1384e+01
1.1397e+01
1.1414e+01
1.1424e+01
1.1437e+01
1.1457e+01
1.1473e+01
1.1500e+01
1.1523e+01
1.1546e+01
1.1563e+01
1.1596e+01
1.1629e+01
1.1662e+01
1.1685e+01
1.1708e+01
1.1735e+01
1.1761e+01
1.1784e+01
1.1811e+01
1.1824e+01
1.1847e+01
1.1870e+01
1.1890e+01
1.1893e+01
1.1907e+01
1.1910e+01
1.1913e+01
1.1916e+01
1.1916e+01
1.1926e+01
1.1920e+01
1.1920e+01
1.1913e+01
1.1907e+01
1.1900e+01
1.1893e+01
1.1883e+01
1.1867e+01
1.1857e+01
1.1844e+01
1.1834e+01
1.1817e+01
1.1807e+01
1.1794e+01
1.1781e+01
1.1771e+01
1.1755e+01
1.1738e+01
1.1712e+01
1.1695e+01
1.1675e+01
1.1652e+01
1.1626e+01
1.1612e+01
1.1583e+01
1.1550e+01
1.1526e+01
1.1497e+01
1.1470e+01
1.1454e+01
1.1420e+01
1.1394e+01
1.1367e+01
1.1348e+01
1.1321e+01
1.1301e+01
1.1288e+01
1.1271e+01
1.1255e+01
1.1245e+01
1.1228e+01
1.1202e+01
1.1182e+01
1.1165e+01
1.1149e+01
1.1126e+01
1.1099e+01
1.1079e+01
1.1059e+01
1.1039e+01
1.1009e+01
1.0993e+01
1.0976e+01
1.0999e+01
1.1023e+01
1.1019e+01
1.1006e+01
1.0986e+01
1.0966e+01
1.0940e+01
1.0923e+01
1.0903e+01
1.0880e+01
1.0860e+01
1.0833e+01
1.0813e+01
1.0783e+01
1.0760e+01
1.0740e+01
1.0717e+01
1.0700e+01
1.0680e+01
1.0654e+01
1.0634e+01
1.0617e+01
1.0604e+01
1.0584e+01
1.0571e+01
1.0557e+01
1.0537e+01
1.0511e+01
1.0501e+01
1.0477e+01
1.0457e+01
1.0441e+01
1.0421e+01
1.0401e+01
1.0381e+01
1.0357e+01
1.0334e+01
1.0314e+01
1.0287e+01
1.0264e+01
1.0244e+01
1.0221e+01
1.0201e+01
1.0177e+01
1.0157e+01
1.0141e+01
1.0124e+01
1.0101e+01
1.0081e+01
1.0060e+01
1.0040e+01
1.0027e+01
1.0004e+01
9.9870e+00
9.9670e+00
9.9503e+00
9.9369e+00
9.9135e+00
9.8968e+00
9.8767e+00
9.8600e+00
9.8366e+00
9.8166e+00
9.7965e+00
9.7697e+00
9.7530e+00
9.7363e+00
9.7162e+00
9.6995e+00
9.6827e+00
9.6526e+00
9.6325e+00
9.6191e+00
9.5990e+00
9.5790e+00
9.5522e+00
9.5421e+00
9.5254e+00
9.5120e+00
9.4919e+00
9.4651e+00
9.4483e+00
9.4315e+00
9.4081e+00
9.3880e+00
9.3745e+00
9.3611e+00
9.3410e+00
9.3242e+00
9.3041e+00
9.2873e+00
9.2773e+00
9.2639e+00
9.2471e+00
9.2303e+00
9.2169e+00
9.2034e+00
9.1867e+00
9.1699e+00
9.1632e+00
9.1430e+00
9.1329e+00
9.1229e+00
9.1161e+00
9.0960e+00
9.0859e+00
9.0792e+00
9.0758e+00
9.0691e+00
9.0624e+00
9.0557e+00
9.0456e+00
9.0355e+00
9.0389e+00
9.0288e+00
9.0355e+00
9.0322e+00
9.0355e+00
9.0355e+00
9.0355e+00
9.0355e+00
9.0355e+00
9.0322e+00
9.0355e+00
9.0355e+00
9.0389e+00
9.0389e+00
9.0456e+00
9.0355e+00
9.0355e+00
9.0288e+00
9.0322e+00
9.0288e+00
9.0355e+00
9.0322e+00
9.0355e+00
9.0288e+00
9.0221e+00
9.0187e+00
9.0154e+00
9.0120e+00
9.0120e+00
9.0053e+00
9.0086e+00
8.9986e+00
8.9885e+00
8.9784e+00
8.9818e+00
8.9683e+00
8.9515e+00
8.9481e+00
8.9414e+00
8.9212e+00
8.9044e+00
8.8943e+00
8.8809e+00
8.8641e+00
8.8473e+00
8.8237e+00
8.8035e+00
8.7800e+00
8.7665e+00
8.7497e+00
8.7328e+00
8.7059e+00
8.6924e+00
8.6823e+00
8.6520e+00
8.6285e+00
8.6082e+00
8.5813e+00
8.5510e+00
8.5341e+00
8.5105e+00
8.4903e+00
8.4701e+00
8.4532e+00
8.4397e+00
8.4161e+00
8.3959e+00
8.3723e+00
8.3554e+00
8.3351e+00
8.3149e+00
8.2980e+00
8.2778e+00
8.2609e+00
8.2339e+00
8.2204e+00
8.2035e+00
8.1832e+00
8.1562e+00
8.1359e+00
8.1157e+00
8.1021e+00
8.0853e+00
8.0684e+00
8.0481e+00
8.0312e+00
8.0109e+00
7.9940e+00
7.9737e+00
7.9635e+00
7.9432e+00
7.9263e+00
7.9128e+00
7.8891e+00
7.8790e+00
7.8722e+00
7.8620e+00
7.8451e+00
7.8350e+00
7.8248e+00
7.8214e+00
7.8147e+00
7.8214e+00
7.8181e+00
7.8248e+00
7.8282e+00
7.8248e+00
7.8282e+00
7.8417e+00
7.8451e+00
7.8587e+00
7.8722e+00
7.8891e+00
7.9094e+00
7.9365e+00
7.9602e+00
8.0041e+00
8.0312e+00
8.0684e+00
8.1123e+00
8.1528e+00
8.1967e+00
8.2373e+00
8.2811e+00
8.3216e+00
8.3588e+00
8.3959e+00
8.4296e+00
8.4633e+00
8.4937e+00
8.5206e+00
8.5442e+00
8.5611e+00
8.5847e+00
8.6049e+00
8.6318e+00
8.6487e+00
8.6655e+00
8.6756e+00
8.6958e+00
8.6992e+00
8.6992e+00
8.7093e+00
8.7160e+00
8.7227e+00
8.7227e+00
8.7295e+00
8.7328e+00
8.7227e+00
8.7227e+00
8.7194e+00
8.7126e+00
8.6992e+00
8.6992e+00
8.6857e+00
8.6756e+00
8.6588e+00
8.6419e+00
8.6251e+00
8.6015e+00
8.5847e+00
8.5611e+00
8.5341e+00
8.5206e+00
8.4970e+00
8.4701e+00
8.4532e+00
8.4363e+00
8.4060e+00
8.3824e+00
8.3588e+00
8.3318e+00
8.2980e+00
8.2778e+00
8.2440e+00
8.2102e+00
8.1900e+00
8.1630e+00
8.1359e+00
8.1055e+00
8.0751e+00
8.0481e+00
8.0244e+00
7.9974e+00
7.9669e+00
7.9432e+00
7.9230e+00
7.8925e+00
7.8722e+00
7.8451e+00
7.8282e+00
7.7977e+00
7.7842e+00
7.7605e+00
7.7503e+00
7.7300e+00
7.7266e+00
7.7165e+00
7.7199e+00
7.7063e+00
7.6995e+00
7.6995e+00
7.7131e+00
7.7131e+00
7.7334e+00
7.7503e+00
7.8011e+00
7.8282e+00
7.8891e+00
7.9263e+00
7.9906e+00
8.0244e+00
8.0819e+00
8.1190e+00
8.1900e+00
8.2406e+00
8.3115e+00
8.3756e+00
8.4566e+00
8.5307e+00
8.6184e+00
8.6992e+00
8.8002e+00
8.8943e+00
8.9986e+00
9.0826e+00
9.1867e+00
9.2873e+00
9.3880e+00
9.4919e+00
9.6024e+00
9.7062e+00
9.7965e+00
9.8968e+00
9.9837e+00
1.0087e+01
1.0177e+01
1.0277e+01
1.0364e+01
1.0454e+01
1.0537e+01
1.0630e+01
1.0704e+01
1.0780e+01
1.0853e+01
1.0923e+01
1.0983e+01
1.1062e+01
1.1116e+01
1.1182e+01
1.1232e+01
1.1291e+01
1.1331e+01
1.1371e+01
1.1397e+01
1.1414e+01
1.1430e+01
1.1447e+01
1.1460e+01
1.1460e+01
1.1464e+01
1.1473e+01
1.1464e+01
1.1454e+01
1.1444e+01
1.1437e+01
1.1420e+01
1.1401e+01
1.1394e+01
1.1374e+01
1.1358e+01
1.1334e+01
1.1321e+01
1.1305e+01
1.1298e+01
1.1285e+01
1.1281e+01
1.1271e+01
1.1268e+01
1.1248e+01
1.1255e+01
1.1255e+01
1.1255e+01
1.1245e+01
1.1252e+01
1.1255e+01
1.1258e+01
1.1261e+01
1.1278e+01
1.1311e+01
1.1321e+01
1.1348e+01
1.1371e+01
1.1401e+01
1.1414e+01
1.1450e+01
1.1467e+01
1.1510e+01
1.1536e+01
1.1589e+01
1.1612e+01
1.1672e+01
1.1695e+01
1.1771e+01
1.1804e+01
1.1864e+01
1.1910e+01
1.1949e+01
1.2009e+01
1.2048e+01
1.2098e+01
1.2134e+01
1.2174e+01
1.2223e+01
1.2253e+01
1.2296e+01
1.2322e+01
1.2352e+01
1.2375e+01
1.2391e+01
1.2394e+01
1.2401e+01
1.2414e+01
1.2388e+01
1.2391e+01
1.2378e+01
1.2365e+01
1.2345e+01
1.2335e+01
1.2315e+01
1.2299e+01
1.2273e+01
1.2246e+01
1.2210e+01
1.2193e+01
1.2157e+01
1.2137e+01
1.2098e+01
1.2078e+01
1.2042e+01
1.2025e+01
1.1976e+01
1.1953e+01
1.1916e+01
1.1887e+01
1.1844e+01
1.1811e+01
1.1774e+01
1.1745e+01
1.1702e+01
1.1672e+01
1.1636e+01
1.1616e+01
1.1569e+01
1.1536e+01
1.1507e+01
1.1477e+01
1.1440e+01
1.1414e+01
1.1384e+01
1.1358e+01
1.1331e+01
1.1305e+01
1.1275e+01
1.1245e+01
1.1225e+01
1.1198e+01
1.1165e+01
1.1139e+01
1.1106e+01
1.1082e+01
1.1059e+01
1.1033e+01
1.1006e+01
1.0973e+01
1.0950e+01
1.0920e+01
1.0896e+01
1.0870e+01
1.0850e+01
1.0813e+01
1.0780e+01
1.0750e+01
1.0724e+01
1.0697e+01
1.0670e+01
1.0637e+01
1.0604e+01
1.0567e+01
1.0531e+01
1.0504e+01
1.0471e+01
1.0431e+01
1.0404e+01
1.0367e+01
1.0341e+01
1.0307e+01
1.0274e+01
1.0237e+01
1.0201e+01
1.0167e+01
1.0134e+01
1.0101e+01
1.0074e+01
1.0040e+01
1.0007e+01
9.9770e+00
9.9503e+00
9.9168e+00
9.8968e+00
9.8634e+00
9.8366e+00
9.8065e+00
9.7798e+00
9.7463e+00
9.7162e+00
9.6861e+00
9.6593e+00
9.6258e+00
9.6057e+00
9.5756e+00
9.5421e+00
9.5120e+00
9.4885e+00
9.4583e+00
9.4416e+00
9.4081e+00
9.3846e+00
9.3611e+00
9.3377e+00
9.3175e+00
9.2974e+00
9.2672e+00
9.2504e+00
9.2269e+00
9.2169e+00
9.1900e+00
9.1699e+00
9.1430e+00
9.1262e+00
9.0960e+00
9.0826e+00
9.0557e+00
9.0422e+00
9.0154e+00
9.0053e+00
8.9851e+00
8.9616e+00
8.9481e+00
8.9313e+00
8.9212e+00
8.8943e+00
8.8775e+00
8.8573e+00
8.8372e+00
8.8136e+00
8.8069e+00
8.8002e+00
8.7766e+00
8.7631e+00
8.7530e+00
8.7328e+00
8.7227e+00
8.6992e+00
8.6857e+00
8.6621e+00
8.6588e+00
8.6352e+00
8.6251e+00
8.6150e+00
8.5981e+00
8.5779e+00
8.5644e+00
8.5476e+00
8.5274e+00
8.5173e+00
8.5072e+00
8.4937e+00
8.4734e+00
8.4532e+00
8.4363e+00
8.4161e+00
8.3959e+00
8.3689e+00
8.3520e+00
8.3216e+00
8.3014e+00
8.2778e+00
8.2474e+00
8.2305e+00
8.2102e+00
8.1900e+00
8.1630e+00
8.1393e+00
8.1224e+00
8.1021e+00
8.0785e+00
8.0548e+00
8.0346e+00
8.0075e+00
7.9872e+00
7.9703e+00
7.9466e+00
7.9331e+00
7.8993e+00
7.8688e+00
7.8485e+00
7.8350e+00
7.8181e+00
7.8045e+00
7.7842e+00
7.7673e+00
7.7469e+00
7.7266e+00
7.7029e+00
7.6792e+00
7.6589e+00
7.6385e+00
7.6148e+00
7.5945e+00
7.5708e+00
7.5572e+00
7.5402e+00
7.5199e+00
7.4962e+00
7.4690e+00
7.4555e+00
7.4385e+00
7.4215e+00
7.4012e+00
7.3842e+00
7.3638e+00
7.3469e+00
7.3265e+00
7.3061e+00
7.2959e+00
7.2722e+00
7.2450e+00
7.2212e+00
7.2042e+00
7.1804e+00
7.1600e+00
7.1464e+00
7.1227e+00
7.0989e+00
7.0751e+00
7.0581e+00
7.0308e+00
7.0104e+00
6.9900e+00
6.9662e+00
6.9492e+00
6.9254e+00
6.9084e+00
6.8879e+00
6.8607e+00
6.8369e+00
6.8198e+00
6.7994e+00
6.7756e+00
6.7653e+00
6.7415e+00
6.7279e+00
6.7074e+00
6.6904e+00
6.6733e+00
6.6529e+00
6.6461e+00
6.6324e+00
6.6188e+00
6.5949e+00
6.5813e+00
6.5676e+00
6.5506e+00
6.5301e+00
6.5130e+00
6.5028e+00
6.4755e+00
6.4584e+00
6.4380e+00
6.4209e+00
6.4107e+00
6.3970e+00
6.3868e+00
6.3663e+00
6.3458e+00
6.3287e+00
6.3150e+00
6.2979e+00
6.2843e+00
6.2774e+00
6.2535e+00
6.2399e+00
6.2228e+00
6.2194e+00
6.2057e+00
6.1920e+00
6.1749e+00
6.1578e+00
6.1510e+00
6.1339e+00
6.1134e+00
6.0997e+00
6.0826e+00
6.0621e+00
6.0449e+00
6.0313e+00
6.0039e+00
5.9868e+00
5.9628e+00
5.9491e+00
5.9251e+00
5.9114e+00
5.8977e+00
5.8806e+00
5.8601e+00
5.8395e+00
5.8224e+00
5.8053e+00
5.7950e+00
5.7778e+00
5.7539e+00
5.7264e+00
5.7024e+00
5.6887e+00
5.6681e+00
5.6544e+00
5.6304e+00
5.6133e+00
5.6030e+00
5.5824e+00
5.5687e+00
5.5412e+00
5.5275e+00
5.5069e+00
5.4931e+00
5.4794e+00
5.4657e+00
5.4416e+00
5.4142e+00
5.3901e+00
5.3661e+00
5.3558e+00
5.3386e+00
5.3248e+00
5.3111e+00
5.2973e+00
5.2836e+00
5.2733e+00
5.2561e+00
5.2389e+00
5.2320e+00
5.2252e+00
5.2045e+00
5.1976e+00
5.1908e+00
5.1804e+00
5.1632e+00
5.1529e+00
5.1392e+00
5.1323e+00
5.1220e+00
5.1048e+00
5.0910e+00
5.0807e+00
5.0772e+00
5.0669e+00
5.0531e+00
5.0428e+00
5.0290e+00
5.0084e+00
4.9877e+00
4.9774e+00
4.9636e+00
4.9464e+00
4.9223e+00
4.9085e+00
4.8982e+00
4.8913e+00
4.8740e+00
4.8499e+00
4.8327e+00
4.8155e+00
4.7982e+00
4.7844e+00
4.7637e+00
4.7465e+00
4.7362e+00
4.7189e+00
4.7017e+00
4.6913e+00
4.6741e+00
4.6603e+00
4.6465e+00
4.6327e+00
4.6223e+00
4.6120e+00
4.5947e+00
4.5774e+00
4.5705e+00
4.5567e+00
4.5429e+00
4.5256e+00
4.5015e+00
4.4877e+00
4.4738e+00
4.4566e+00
4.4393e+00
4.4289e+00
4.4220e+00
4.4013e+00
4.3944e+00
4.3806e+00
4.3736e+00
4.3564e+00
4.3494e+00
4.3356e+00
4.3322e+00
4.3218e+00
4.3114e+00
4.3010e+00
4.2907e+00
4.2838e+00
4.2768e+00
4.2630e+00
4.2595e+00
4.2561e+00
4.2457e+00
4.2319e+00
4.2284e+00
4.2111e+00
4.2042e+00
4.1973e+00
4.1834e+00
4.1661e+00
4.1454e+00
4.1281e+00
4.1108e+00
4.0934e+00
4.0796e+00
4.0623e+00
4.0415e+00
4.0242e+00
4.0103e+00
3.9930e+00
3.9792e+00
3.9584e+00
3.9480e+00
3.9272e+00
3.9099e+00
3.9064e+00
3.8891e+00
3.8717e+00
3.8509e+00
3.8371e+00
3.8197e+00
3.8128e+00
3.8058e+00
3.7920e+00
3.7816e+00
3.7746e+00
3.7677e+00
3.7503e+00
3.7399e+00
3.7295e+00
3.7191e+00
3.7052e+00
3.6844e+00
3.6740e+00
3.6567e+00
3.6428e+00
3.6324e+00
3.6219e+00
3.6046e+00
3.5942e+00
3.5837e+00
3.5629e+00
3.5525e+00
3.5351e+00
3.5212e+00
3.5073e+00
3.4969e+00
3.4795e+00
3.4622e+00
3.4552e+00
3.4378e+00
3.4204e+00
3.3996e+00
3.3822e+00
3.3648e+00
3.3509e+00
3.3440e+00
3.3231e+00
3.3127e+00
3.2918e+00
3.2779e+00
3.2466e+00
3.2257e+00
3.2048e+00
3.1839e+00
3.1700e+00
3.1491e+00
3.1386e+00
3.1247e+00
3.1038e+00
3.0899e+00
3.0760e+00
3.0725e+00
3.0516e+00
3.0411e+00
3.0237e+00
3.0132e+00
2.9958e+00
2.9889e+00
2.9714e+00
2.9505e+00
2.9435e+00
2.9296e+00
2.9087e+00
2.8982e+00
2.8843e+00
2.8668e+00
2.8494e+00
2.8424e+00
2.8319e+00
2.8215e+00
2.8040e+00
2.7901e+00
2.7726e+00
2.7447e+00
2.7308e+00
2.7098e+00
2.6924e+00
2.6714e+00
2.6609e+00
2.6435e+00
2.6225e+00
2.6085e+00
2.5806e+00
2.5701e+00
2.5526e+00
2.5387e+00
2.5107e+00
2.4932e+00
2.4758e+00
2.4583e+00
2.4408e+00
2.4198e+00
2.4058e+00
2.3813e+00
2.3639e+00
2.3464e+00
2.3219e+00
2.3044e+00
2.2869e+00
2.2694e+00
2.2484e+00
2.2344e+00
2.2134e+00
2.1959e+00
2.1748e+00
2.1433e+00
2.1223e+00
2.0978e+00
2.0697e+00
2.0487e+00
2.0347e+00
2.0137e+00
1.9891e+00
1.9681e+00
1.9435e+00
1.9330e+00
1.9120e+00
1.8944e+00
1.8769e+00
1.8594e+00
1.8383e+00
1.8243e+00
1.8067e+00
1.7892e+00
1.7751e+00
1.7576e+00
1.7470e+00
1.7260e+00
1.7014e+00
1.6873e+00
1.6698e+00
1.6557e+00
1.6346e+00
1.6171e+00
1.5890e+00
1.5679e+00
1.5503e+00
1.5327e+00
1.5151e+00
1.4835e+00
1.4659e+00
1.4554e+00
1.4448e+00
1.4237e+00
1.4096e+00
1.3920e+00
1.3815e+00
1.3674e+00
1.3533e+00
1.3428e+00
1.3287e+00
1.3181e+00
1.3111e+00
1.3041e+00
1.3076e+00
1.2935e+00
1.2970e+00
1.2829e+00
1.2900e+00
1.2865e+00
1.2900e+00
1.2900e+00
1.2970e+00
1.3005e+00
1.3005e+00
1.3076e+00
1.3146e+00
1.3146e+00
1.3181e+00
1.3181e+00
1.3217e+00
1.3181e+00
1.3252e+00
1.3322e+00
1.3322e+00
1.3322e+00
1.3357e+00
1.3428e+00
1.3533e+00
1.3639e+00
1.3709e+00
1.3780e+00
1.3780e+00
1.3920e+00
1.3956e+00
1.4026e+00
1.4026e+00
1.3920e+00
1.3956e+00
1.3956e+00
1.3920e+00
1.3815e+00
1.3850e+00
1.3815e+00
1.3709e+00
1.3674e+00
1.3569e+00
1.3569e+00
1.3393e+00
1.3287e+00
1.3146e+00
1.2970e+00
1.2900e+00
1.2794e+00
1.2618e+00
1.2512e+00
1.2477e+00
1.2336e+00
1.2231e+00
1.2090e+00
1.1914e+00
1.1878e+00
1.1738e+00
1.1667e+00
1.1420e+00
1.1279e+00
1.1174e+00
1.1068e+00
1.0821e+00
1.0575e+00
1.0469e+00
1.0328e+00
1.0187e+00
1.0010e+00
9.8693e-01
9.7987e-01
9.6576e-01
9.4813e-01
9.3049e-01
9.1990e-01
9.0226e-01
8.8108e-01
8.6697e-01
8.5638e-01
8.4226e-01
8.3520e-01
8.2814e-01
8.1755e-01
8.0695e-01
7.9283e-01
7.8577e-01
7.7164e-01
7.5752e-01
7.5398e-01
7.4692e-01
7.4339e-01
7.3632e-01
7.2926e-01
7.1866e-01
7.0806e-01
7.0453e-01
6.9040e-01
6.8333e-01
6.6920e-01
6.5860e-01
6.4446e-01
6.4092e-01
6.3386e-01
6.2325e-01
6.1265e-01
5.9851e-01
5.9144e-01
5.7730e-01
5.6315e-01
5.5962e-01
5.4547e-01
5.2779e-01
5.1718e-01
5.0657e-01
4.8888e-01
4.7473e-01
4.5350e-01
4.3935e-01
4.2873e-01
4.1104e-01
4.0042e-01
3.8626e-01
3.8272e-01
3.6502e-01
3.4732e-01
3.2962e-01
3.1546e-01
2.9775e-01
2.8004e-01
2.6233e-01
2.4462e-01
2.3045e-01
2.1273e-01
1.9856e-01
1.8084e-01
1.5957e-01
1.4185e-01
1.2413e-01
1.0640e-01
8.5125e-02
7.4487e-02
6.7394e-02
4.9662e-02
3.9021e-02
2.4833e-02
2.4833e-02
7.0960e-03
1.4191e-02
0000
1.4191e-02
1.0643e-02
2.4833e-02
2.8380e-02
5.3208e-02
6.0301e-02
7.8033e-02
9.5763e-02
1.2767e-01
1.4540e-01
1.7730e-01
2.0565e-01
2.4816e-01
2.7296e-01
3.1900e-01
3.4732e-01
3.8626e-01
4.1104e-01
4.5704e-01
4.9242e-01
5.3486e-01
5.7730e-01
6.1972e-01
6.5506e-01
7.0100e-01
7.3279e-01
7.7871e-01
8.1402e-01
8.5991e-01
9.0579e-01
9.5165e-01
9.9046e-01
