6.9637e+00
6.9293e+00
6.8959e+00
6.8603e+00
6.8269e+00
6.7848e+00
6.7492e+00
6.7157e+00
6.6704e+00
6.6315e+00
6.6023e+00
6.5753e+00
6.5342e+00
6.4963e+00
6.4595e+00
6.4271e+00
6.3935e+00
6.3621e+00
6.3230e+00
6.2927e+00
6.2591e+00
6.2374e+00
6.2102e+00
6.1853e+00
6.1646e+00
6.1440e+00
6.1168e+00
6.0929e+00
6.0658e+00
6.0451e+00
6.0201e+00
5.9951e+00
5.9668e+00
5.9450e+00
5.9167e+00
5.9004e+00
5.8753e+00
5.8612e+00
5.8230e+00
5.7969e+00
5.7707e+00
5.7423e+00
5.7183e+00
5.6878e+00
5.6703e+00
5.6507e+00
5.6223e+00
5.6015e+00
5.5665e+00
5.5414e+00
5.5250e+00
5.5053e+00
5.4856e+00
5.4648e+00
5.4484e+00
5.4222e+00
5.3970e+00
5.3740e+00
5.3554e+00
5.3302e+00
5.3104e+00
5.2951e+00
5.2743e+00
5.2622e+00
5.2315e+00
5.2271e+00
5.2030e+00
5.1854e+00
5.1766e+00
5.1580e+00
5.1371e+00
5.1294e+00
5.1075e+00
5.0844e+00
5.0723e+00
5.0569e+00
5.0448e+00
5.0262e+00
5.0130e+00
4.9965e+00
4.9866e+00
4.9734e+00
4.9635e+00
4.9525e+00
4.9426e+00
4.9349e+00
4.9239e+00
4.9184e+00
4.9074e+00
4.9096e+00
4.9019e+00
4.8942e+00
4.8942e+00
4.8931e+00
4.8820e+00
4.8743e+00
4.8721e+00
4.8710e+00
4.8666e+00
4.8655e+00
4.8633e+00
4.8644e+00
4.8622e+00
4.8677e+00
4.8600e+00
4.8567e+00
4.8589e+00
4.8600e+00
4.8479e+00
4.8512e+00
4.8402e+00
4.8303e+00
4.8270e+00
4.8270e+00
4.8182e+00
4.8193e+00
4.8083e+00
4.8050e+00
4.7972e+00
4.7917e+00
4.7884e+00
4.7807e+00
4.7708e+00
4.7653e+00
4.7531e+00
4.7443e+00
4.7344e+00
4.7300e+00
4.7201e+00
4.7135e+00
4.7024e+00
4.6958e+00
4.6859e+00
4.6771e+00
4.6693e+00
4.6616e+00
4.6417e+00
4.6329e+00
4.6241e+00
4.6152e+00
4.6053e+00
4.5876e+00
4.5744e+00
4.5644e+00
4.5423e+00
4.5313e+00
4.5247e+00
4.5103e+00
4.4948e+00
4.4860e+00
4.4694e+00
4.4539e+00
4.4417e+00
4.4251e+00
4.4074e+00
4.3953e+00
4.3787e+00
4.3676e+00
4.3543e+00
4.3355e+00
4.3233e+00
4.3100e+00
4.2945e+00
4.2812e+00
4.2613e+00
4.2469e+00
4.2347e+00
4.2203e+00
4.2025e+00
4.1881e+00
4.1737e+00
4.1526e+00
4.1382e+00
4.1238e+00
4.1082e+00
4.0938e+00
4.0793e+00
4.0616e+00
4.0471e+00
4.0294e+00
4.0171e+00
4.0027e+00
3.9927e+00
3.9782e+00
3.9605e+00
3.9460e+00
3.9315e+00
3.9249e+00
3.9060e+00
3.8904e+00
3.8759e+00
3.8581e+00
3.8459e+00
3.8303e+00
3.8136e+00
3.8002e+00
3.7902e+00
3.7768e+00
3.7679e+00
3.7523e+00
3.7378e+00
3.7200e+00
3.7089e+00
3.6955e+00
3.6799e+00
3.6631e+00
3.6553e+00
3.6486e+00
3.6364e+00
3.6118e+00
3.5906e+00
3.5806e+00
3.5728e+00
3.5594e+00
3.5460e+00
3.5370e+00
3.5259e+00
3.5125e+00
3.4968e+00
3.4789e+00
3.4599e+00
3.4510e+00
3.4421e+00
3.4309e+00
3.4197e+00
3.4074e+00
3.3929e+00
3.3794e+00
3.3727e+00
3.3604e+00
3.3403e+00
3.3268e+00
3.3268e+00
3.3112e+00
3.2910e+00
3.2888e+00
3.2843e+00
3.2709e+00
3.2518e+00
3.2373e+00
3.2283e+00
3.2137e+00
3.2025e+00
3.1969e+00
3.1868e+00
3.1745e+00
3.1566e+00
3.1454e+00
3.1353e+00
3.1330e+00
3.1184e+00
3.1005e+00
3.0881e+00
3.0803e+00
3.0668e+00
3.0534e+00
3.0421e+00
3.0388e+00
3.0219e+00
3.0062e+00
2.9950e+00
2.9871e+00
2.9792e+00
2.9702e+00
2.9646e+00
2.9545e+00
2.9399e+00
2.9320e+00
2.9242e+00
2.9163e+00
2.9039e+00
2.8904e+00
2.8781e+00
2.8725e+00
2.8612e+00
2.8545e+00
2.8398e+00
2.8353e+00
2.8263e+00
2.8162e+00
2.8083e+00
2.8005e+00
2.7836e+00
2.7678e+00
2.7599e+00
2.7532e+00
2.7385e+00
2.7216e+00
2.7137e+00
2.7059e+00
2.6912e+00
2.6845e+00
2.6788e+00
2.6721e+00
2.6653e+00
2.6518e+00
2.6337e+00
2.6236e+00
2.6146e+00
2.6044e+00
2.5954e+00
2.5864e+00
2.5751e+00
2.5683e+00
2.5536e+00
2.5480e+00
2.5367e+00
2.5187e+00
2.5119e+00
2.5006e+00
2.4927e+00
2.4870e+00
2.4780e+00
2.4678e+00
2.4543e+00
2.4464e+00
2.4351e+00
2.4227e+00
2.4102e+00
2.4023e+00
2.3876e+00
2.3865e+00
2.3774e+00
2.3695e+00
2.3605e+00
2.3492e+00
2.3413e+00
2.3277e+00
2.3186e+00
2.3119e+00
2.2971e+00
2.2847e+00
2.2723e+00
2.2700e+00
2.2564e+00
2.2440e+00
2.2338e+00
2.2270e+00
2.2179e+00
2.2077e+00
2.1964e+00
2.1885e+00
2.1873e+00
2.1737e+00
2.1579e+00
2.1545e+00
2.1431e+00
2.1318e+00
2.1261e+00
2.1148e+00
2.1080e+00
2.1012e+00
2.0933e+00
2.0842e+00
2.0853e+00
2.0785e+00
2.0763e+00
2.0649e+00
2.0604e+00
2.0592e+00
2.0547e+00
2.0490e+00
2.0513e+00
2.0468e+00
2.0445e+00
2.0456e+00
2.0513e+00
2.0513e+00
2.0615e+00
2.0672e+00
2.0751e+00
2.0785e+00
2.0910e+00
2.1001e+00
2.1080e+00
2.1125e+00
2.1193e+00
2.1431e+00
2.1533e+00
2.1635e+00
2.1681e+00
2.1794e+00
2.1930e+00
2.1998e+00
2.2088e+00
2.2145e+00
2.2315e+00
2.2383e+00
2.2485e+00
2.2598e+00
2.2677e+00
2.2677e+00
2.2824e+00
2.2870e+00
2.2915e+00
2.2949e+00
2.2994e+00
2.3073e+00
2.3243e+00
2.3232e+00
2.3243e+00
2.3198e+00
2.3288e+00
2.3333e+00
2.3356e+00
2.3424e+00
2.3458e+00
2.3492e+00
2.3560e+00
2.3548e+00
2.3514e+00
2.3503e+00
2.3492e+00
2.3480e+00
2.3447e+00
2.3413e+00
2.3367e+00
2.3379e+00
2.3345e+00
2.3266e+00
2.3198e+00
2.3175e+00
2.3107e+00
2.3051e+00
2.3017e+00
2.2971e+00
2.2870e+00
2.2858e+00
2.2824e+00
2.2734e+00
2.2655e+00
2.2541e+00
2.2428e+00
2.2360e+00
2.2236e+00
2.2168e+00
2.2100e+00
2.2021e+00
2.1907e+00
2.1760e+00
2.1658e+00
2.1590e+00
2.1431e+00
2.1363e+00
2.1159e+00
2.1035e+00
2.0921e+00
2.0842e+00
2.0672e+00
2.0513e+00
2.0388e+00
2.0275e+00
2.0116e+00
2.0002e+00
1.9889e+00
1.9832e+00
1.9662e+00
1.9560e+00
1.9401e+00
1.9230e+00
1.9105e+00
1.8935e+00
1.8753e+00
1.8696e+00
1.8560e+00
1.8457e+00
1.8332e+00
1.8219e+00
1.8116e+00
1.7969e+00
1.7730e+00
1.7661e+00
1.7536e+00
1.7457e+00
1.7309e+00
1.7149e+00
1.7001e+00
1.6887e+00
1.6648e+00
1.6546e+00
1.6398e+00
1.6318e+00
1.6204e+00
1.6044e+00
1.5873e+00
1.5805e+00
1.5748e+00
1.5657e+00
1.5531e+00
1.5394e+00
1.5246e+00
1.5109e+00
1.4938e+00
1.4835e+00
1.4778e+00
1.4664e+00
1.4550e+00
1.4413e+00
1.4333e+00
1.4276e+00
1.4105e+00
1.4036e+00
1.4025e+00
1.3933e+00
1.3796e+00
1.3705e+00
1.3545e+00
1.3431e+00
1.3305e+00
1.3168e+00
1.3065e+00
1.2916e+00
1.2802e+00
1.2768e+00
1.2630e+00
1.2562e+00
1.2493e+00
1.2402e+00
1.2367e+00
1.2253e+00
1.2127e+00
1.2001e+00
1.1887e+00
1.1818e+00
1.1761e+00
1.1692e+00
1.1566e+00
1.1463e+00
1.1360e+00
1.1280e+00
1.1119e+00
1.1074e+00
1.1028e+00
1.0959e+00
1.0856e+00
1.0741e+00
1.0661e+00
1.0627e+00
1.0512e+00
1.0420e+00
1.0317e+00
1.0202e+00
1.0076e+00
1.0019e+00
9.9846e-01
9.8813e-01
9.8010e-01
9.7437e-01
9.5945e-01
9.4798e-01
9.3994e-01
9.3535e-01
9.2273e-01
9.1240e-01
9.1010e-01
9.0665e-01
8.9862e-01
8.8025e-01
8.7221e-01
8.6532e-01
8.4579e-01
8.3660e-01
8.3660e-01
8.3085e-01
8.2166e-01
8.0902e-01
7.9753e-01
7.9638e-01
7.8603e-01
7.7224e-01
7.6534e-01
7.5729e-01
7.4579e-01
7.3659e-01
7.2279e-01
7.1474e-01
7.1013e-01
6.9863e-01
6.8367e-01
6.7907e-01
6.6871e-01
6.6065e-01
6.5835e-01
6.4569e-01
6.3763e-01
6.3302e-01
6.2151e-01
6.0884e-01
6.0078e-01
5.9041e-01
5.8005e-01
5.7544e-01
5.5931e-01
5.5355e-01
5.4433e-01
5.3511e-01
5.2819e-01
5.1667e-01
5.0629e-01
5.0399e-01
4.9130e-01
4.8092e-01
4.7747e-01
4.6132e-01
4.5324e-01
4.4632e-01
4.3363e-01
4.3017e-01
4.1979e-01
4.0478e-01
3.9901e-01
3.9901e-01
3.8747e-01
3.7939e-01
3.7016e-01
3.6323e-01
3.5745e-01
3.4706e-01
3.3205e-01
3.2396e-01
3.2165e-01
3.0895e-01
2.9508e-01
2.8815e-01
2.7082e-01
2.6504e-01
2.6388e-01
2.5579e-01
2.5001e-01
2.3961e-01
2.2342e-01
2.1301e-01
2.0839e-01
2.0492e-01
1.9914e-01
1.8757e-01
1.7600e-01
1.6790e-01
1.6096e-01
1.5402e-01
1.4592e-01
1.3898e-01
1.2624e-01
1.1814e-01
1.1235e-01
1.0425e-01
9.8462e-02
8.9199e-02
7.7619e-02
7.1829e-02
6.3722e-02
5.4456e-02
4.7506e-02
3.8238e-02
2.6653e-02
3.0128e-02
2.7811e-02
1.5066e-02
1.2748e-02
1.7383e-02
8.1130e-03
0000
3.4770e-03
6.9540e-03
6.9540e-03
1.1589e-02
2.0859e-02
2.8970e-02
3.2446e-02
4.7506e-02
6.0247e-02
6.9513e-02
8.4567e-02
1.0888e-01
1.2624e-01
1.4939e-01
1.6675e-01
1.9798e-01
2.2458e-01
2.5695e-01
2.9046e-01
3.3436e-01
3.6438e-01
4.0363e-01
4.3709e-01
4.8092e-01
5.2012e-01
5.6853e-01
6.1115e-01
6.6411e-01
7.1128e-01
7.6419e-01
8.0787e-01
8.6072e-01
8.9862e-01
9.3535e-01
9.8010e-01
1.0329e+00
1.0730e+00
1.1177e+00
1.1623e+00
1.1990e+00
1.2436e+00
1.2791e+00
1.3134e+00
1.3476e+00
1.3876e+00
1.4196e+00
1.4562e+00
1.4835e+00
1.5223e+00
1.5429e+00
1.5725e+00
1.5896e+00
1.6204e+00
1.6443e+00
1.6648e+00
1.6808e+00
1.7013e+00
1.7172e+00
1.7320e+00
1.7502e+00
1.7661e+00
1.7832e+00
1.8037e+00
1.8105e+00
1.8230e+00
1.8332e+00
1.8492e+00
1.8514e+00
1.8628e+00
1.8628e+00
1.8708e+00
1.8719e+00
1.8764e+00
1.8810e+00
1.8821e+00
1.8730e+00
1.8810e+00
1.8844e+00
1.8889e+00
1.8764e+00
1.8776e+00
1.8787e+00
1.8810e+00
1.8730e+00
1.8719e+00
1.8583e+00
1.8548e+00
1.8457e+00
1.8435e+00
1.8264e+00
1.8162e+00
1.8116e+00
1.8094e+00
1.7934e+00
1.7889e+00
1.7843e+00
1.7821e+00
1.7707e+00
1.7661e+00
1.7604e+00
1.7548e+00
1.7536e+00
1.7593e+00
1.7604e+00
1.7661e+00
1.7616e+00
1.7650e+00
1.7661e+00
1.7764e+00
1.7832e+00
1.7912e+00
1.7991e+00
1.8105e+00
1.8253e+00
1.8401e+00
1.8480e+00
1.8537e+00
1.8639e+00
1.8889e+00
1.9003e+00
1.9071e+00
1.9230e+00
1.9412e+00
1.9514e+00
1.9639e+00
1.9787e+00
2.0025e+00
2.0139e+00
2.0320e+00
2.0490e+00
2.0581e+00
2.0774e+00
2.0921e+00
2.1023e+00
2.1216e+00
2.1363e+00
2.1499e+00
2.1567e+00
2.1703e+00
2.1817e+00
2.1998e+00
2.2077e+00
2.2156e+00
2.2281e+00
2.2462e+00
2.2530e+00
2.2711e+00
2.2734e+00
2.2858e+00
2.2960e+00
2.3096e+00
2.3039e+00
2.3209e+00
2.3266e+00
2.3413e+00
2.3379e+00
2.3390e+00
2.3356e+00
2.3424e+00
2.3447e+00
2.3582e+00
2.3480e+00
2.3774e+00
2.3627e+00
2.4215e+00
2.4147e+00
2.4328e+00
2.4407e+00
2.4520e+00
2.4588e+00
2.4656e+00
2.4656e+00
2.4678e+00
2.4633e+00
2.4599e+00
2.4543e+00
2.4520e+00
2.4419e+00
2.4419e+00
2.4328e+00
2.4294e+00
2.4215e+00
2.4125e+00
2.3978e+00
2.3888e+00
2.3752e+00
2.3616e+00
2.3492e+00
2.3390e+00
2.3209e+00
2.3039e+00
2.2915e+00
2.2779e+00
2.2632e+00
2.2440e+00
2.2258e+00
2.2224e+00
2.2055e+00
2.1873e+00
2.1647e+00
2.1488e+00
2.1250e+00
2.1046e+00
2.0876e+00
2.0706e+00
2.0536e+00
2.0309e+00
2.0139e+00
2.0036e+00
1.9878e+00
1.9616e+00
1.9469e+00
1.9332e+00
1.9083e+00
1.8923e+00
1.8764e+00
1.8594e+00
1.8389e+00
1.8162e+00
1.8003e+00
1.7775e+00
1.7593e+00
1.7445e+00
1.7252e+00
1.7081e+00
1.6944e+00
1.6796e+00
1.6603e+00
1.6420e+00
1.6306e+00
1.6158e+00
1.6056e+00
1.5896e+00
1.5714e+00
1.5600e+00
1.5486e+00
1.5326e+00
1.5201e+00
1.5018e+00
1.4915e+00
1.4756e+00
1.4653e+00
1.4539e+00
1.4436e+00
1.4276e+00
1.4230e+00
1.4128e+00
1.3945e+00
1.3785e+00
1.3636e+00
1.3465e+00
1.3385e+00
1.3248e+00
1.3156e+00
1.3008e+00
1.2859e+00
1.2733e+00
1.2630e+00
1.2516e+00
1.2425e+00
1.2276e+00
1.2241e+00
1.2104e+00
1.1944e+00
1.1841e+00
1.1807e+00
1.1681e+00
1.1543e+00
1.1394e+00
1.1326e+00
1.1154e+00
1.1005e+00
1.0936e+00
1.0844e+00
1.0673e+00
1.0604e+00
1.0535e+00
1.0386e+00
1.0191e+00
1.0122e+00
1.0008e+00
9.8584e-01
9.7437e-01
9.6634e-01
9.5371e-01
9.4568e-01
9.3306e-01
9.1928e-01
9.0436e-01
9.0321e-01
8.9288e-01
8.8139e-01
8.6876e-01
8.6417e-01
8.6187e-01
8.4809e-01
8.3545e-01
8.3315e-01
8.2970e-01
8.2626e-01
8.1936e-01
8.1821e-01
8.1362e-01
8.2166e-01
8.2626e-01
8.3889e-01
8.4923e-01
8.6761e-01
8.7565e-01
8.8714e-01
8.9977e-01
9.2732e-01
9.4339e-01
9.7322e-01
9.9846e-01
1.0237e+00
1.0489e+00
1.0810e+00
1.1062e+00
1.1440e+00
1.1772e+00
1.2138e+00
1.2482e+00
1.2882e+00
1.3145e+00
1.3511e+00
1.3911e+00
1.4345e+00
1.4687e+00
1.5018e+00
1.5280e+00
1.5611e+00
1.5942e+00
1.6295e+00
1.6580e+00
1.6876e+00
1.7161e+00
1.7388e+00
1.7661e+00
1.7912e+00
1.8150e+00
1.8332e+00
1.8651e+00
1.8844e+00
1.9003e+00
1.9242e+00
1.9423e+00
1.9582e+00
1.9741e+00
1.9843e+00
1.9946e+00
2.0070e+00
2.0218e+00
2.0331e+00
2.0479e+00
2.0581e+00
2.0672e+00
2.0672e+00
2.0774e+00
2.0853e+00
2.0967e+00
2.1023e+00
2.1080e+00
2.1125e+00
2.1171e+00
2.1205e+00
2.1261e+00
2.1239e+00
2.1239e+00
2.1261e+00
2.1295e+00
2.1409e+00
2.1465e+00
2.1556e+00
2.1647e+00
2.1771e+00
2.1896e+00
2.2066e+00
2.2134e+00
2.2315e+00
2.2496e+00
2.2711e+00
2.2904e+00
2.3186e+00
2.3458e+00
2.3707e+00
2.4012e+00
2.4396e+00
2.4667e+00
2.5017e+00
2.5446e+00
2.5886e+00
2.6292e+00
2.6664e+00
2.7171e+00
2.7622e+00
2.8072e+00
2.8567e+00
2.9118e+00
2.9579e+00
3.0096e+00
3.0668e+00
3.1263e+00
3.1723e+00
3.2305e+00
3.2832e+00
3.3403e+00
3.3973e+00
3.4566e+00
3.5125e+00
3.5672e+00
3.6208e+00
3.6821e+00
3.7423e+00
3.7857e+00
3.8303e+00
3.8871e+00
3.9315e+00
3.9716e+00
4.0083e+00
4.0571e+00
4.0882e+00
4.1160e+00
4.1393e+00
4.1704e+00
4.1936e+00
4.2169e+00
4.2325e+00
4.2469e+00
4.2579e+00
4.2823e+00
4.2989e+00
4.3078e+00
4.3156e+00
4.3322e+00
4.3255e+00
4.3311e+00
4.3289e+00
4.3366e+00
4.3366e+00
4.3488e+00
4.3399e+00
4.3410e+00
4.3355e+00
4.3333e+00
4.3122e+00
4.3078e+00
4.3012e+00
4.2845e+00
4.2712e+00
4.2602e+00
4.2402e+00
4.2258e+00
4.2014e+00
4.1781e+00
4.1593e+00
4.1426e+00
4.1215e+00
4.1027e+00
4.0805e+00
4.0605e+00
4.0205e+00
3.9960e+00
3.9682e+00
3.9438e+00
3.9227e+00
3.8993e+00
3.8715e+00
3.8425e+00
3.8136e+00
3.7913e+00
3.7657e+00
3.7456e+00
3.7167e+00
3.6899e+00
3.6531e+00
3.6353e+00
3.6085e+00
3.5828e+00
3.5571e+00
3.5337e+00
3.5091e+00
3.4879e+00
3.4655e+00
3.4421e+00
3.4163e+00
3.3940e+00
3.3682e+00
3.3481e+00
3.3201e+00
3.2933e+00
3.2697e+00
3.2406e+00
3.2126e+00
3.1902e+00
3.1678e+00
3.1420e+00
3.1229e+00
3.1050e+00
3.0881e+00
3.0657e+00
3.0444e+00
3.0208e+00
3.0006e+00
2.9792e+00
2.9579e+00
2.9377e+00
2.9219e+00
2.9006e+00
2.8815e+00
2.8646e+00
2.8455e+00
2.8263e+00
2.8072e+00
2.7881e+00
2.7791e+00
2.7543e+00
2.7419e+00
2.7228e+00
2.7036e+00
2.6833e+00
2.6721e+00
2.6563e+00
2.6405e+00
2.6225e+00
2.6055e+00
2.5886e+00
2.5796e+00
2.5615e+00
2.5491e+00
2.5367e+00
2.5130e+00
2.4983e+00
2.4882e+00
2.4735e+00
2.4622e+00
2.4419e+00
2.4340e+00
2.4204e+00
2.4080e+00
2.3888e+00
2.3741e+00
2.3639e+00
2.3492e+00
2.3322e+00
2.3232e+00
2.3051e+00
2.2926e+00
2.2734e+00
2.2632e+00
2.2575e+00
2.2428e+00
2.2213e+00
2.2134e+00
2.2032e+00
2.1885e+00
2.1737e+00
2.1635e+00
2.1545e+00
2.1431e+00
2.1273e+00
2.1137e+00
2.1012e+00
2.0921e+00
2.0808e+00
2.0694e+00
2.0558e+00
2.0479e+00
2.0422e+00
2.0286e+00
2.0161e+00
2.0105e+00
2.0002e+00
1.9889e+00
1.9764e+00
1.9673e+00
1.9503e+00
1.9401e+00
1.9276e+00
1.9276e+00
1.9128e+00
1.9014e+00
1.8958e+00
1.8889e+00
1.8742e+00
1.8617e+00
1.8571e+00
1.8526e+00
1.8423e+00
1.8344e+00
1.8241e+00
1.8139e+00
1.8060e+00
1.7980e+00
1.7878e+00
1.7798e+00
1.7661e+00
1.7593e+00
1.7491e+00
1.7400e+00
1.7331e+00
1.7343e+00
1.7218e+00
1.7161e+00
1.7126e+00
1.6796e+00
1.7115e+00
1.7001e+00
1.7001e+00
1.7001e+00
1.7001e+00
1.6921e+00
1.6853e+00
1.6899e+00
1.6887e+00
1.6910e+00
1.6921e+00
1.6842e+00
1.6830e+00
1.6887e+00
1.6842e+00
1.6830e+00
1.6830e+00
1.6921e+00
1.6990e+00
1.7013e+00
1.6967e+00
1.7013e+00
1.7001e+00
1.6990e+00
1.7035e+00
1.7126e+00
1.7138e+00
1.7092e+00
1.7115e+00
1.7229e+00
1.7274e+00
1.7274e+00
1.7240e+00
1.7229e+00
1.7286e+00
1.7343e+00
1.7365e+00
1.7365e+00
1.7297e+00
1.7195e+00
1.7183e+00
1.7218e+00
1.7309e+00
1.7343e+00
1.7297e+00
1.7286e+00
1.7320e+00
1.7274e+00
1.7229e+00
1.7218e+00
1.7274e+00
1.7206e+00
1.7206e+00
1.7161e+00
1.7172e+00
1.7161e+00
1.7104e+00
1.7058e+00
1.7013e+00
1.6978e+00
1.6944e+00
1.6956e+00
1.6910e+00
1.6853e+00
1.6819e+00
1.6808e+00
1.6728e+00
1.6614e+00
1.6637e+00
1.6500e+00
1.6432e+00
1.6398e+00
1.6306e+00
1.6204e+00
1.6135e+00
1.6033e+00
1.5930e+00
1.5896e+00
1.5839e+00
1.5702e+00
1.5634e+00
1.5486e+00
1.5406e+00
1.5337e+00
1.5189e+00
1.5121e+00
1.4961e+00
1.4904e+00
1.4767e+00
1.4687e+00
1.4619e+00
1.4470e+00
1.4367e+00
1.4288e+00
1.4139e+00
1.4048e+00
1.3933e+00
1.3808e+00
1.3728e+00
1.3614e+00
1.3556e+00
1.3442e+00
1.3282e+00
1.3179e+00
1.3076e+00
1.3042e+00
1.2905e+00
1.2756e+00
1.2665e+00
1.2550e+00
1.2447e+00
1.2344e+00
1.2207e+00
1.2150e+00
1.2035e+00
1.2035e+00
1.1807e+00
1.1692e+00
1.1543e+00
1.1509e+00
1.1268e+00
1.1211e+00
1.1028e+00
1.0936e+00
1.0810e+00
1.0695e+00
1.0604e+00
1.0569e+00
1.0443e+00
1.0352e+00
1.0191e+00
1.0122e+00
1.0030e+00
9.9960e-01
9.8240e-01
9.7437e-01
9.6060e-01
9.5142e-01
9.4568e-01
9.3880e-01
9.2961e-01
9.1928e-01
9.1354e-01
9.1010e-01
8.9173e-01
8.8484e-01
8.7565e-01
8.6187e-01
8.5038e-01
8.4234e-01
8.3430e-01
8.2855e-01
8.1477e-01
8.0557e-01
8.0212e-01
7.9293e-01
7.8488e-01
7.7799e-01
7.7224e-01
7.6189e-01
7.5614e-01
7.4119e-01
7.3429e-01
7.2624e-01
7.1359e-01
7.0553e-01
6.9748e-01
6.9172e-01
6.7792e-01
6.7101e-01
6.5835e-01
6.4914e-01
6.4799e-01
6.3878e-01
6.2036e-01
6.1460e-01
6.0539e-01
6.0078e-01
5.9157e-01
5.8350e-01
5.7659e-01
5.6737e-01
5.5931e-01
5.5700e-01
5.4548e-01
5.3280e-01
5.2474e-01
5.1436e-01
5.1321e-01
5.1206e-01
4.9937e-01
4.8554e-01
4.8554e-01
4.8208e-01
4.7401e-01
4.6363e-01
4.4978e-01
4.4632e-01
4.3709e-01
4.3363e-01
4.2209e-01
4.1748e-01
4.1517e-01
4.1517e-01
3.9786e-01
3.9440e-01
3.9324e-01
3.8285e-01
3.7477e-01
3.7246e-01
3.6554e-01
3.6092e-01
3.5168e-01
3.4591e-01
3.4706e-01
3.4244e-01
3.3782e-01
3.3436e-01
3.3436e-01
3.3782e-01
3.4360e-01
3.4244e-01
3.5861e-01
3.5168e-01
3.5515e-01
3.5976e-01
3.6438e-01
3.7593e-01
3.8401e-01
3.8978e-01
4.0017e-01
4.1171e-01
4.2094e-01
4.3594e-01
4.5324e-01
4.5670e-01
4.7170e-01
4.8669e-01
4.9822e-01
5.0629e-01
5.3165e-01
5.4202e-01
5.6161e-01
5.7890e-01
6.0078e-01
6.0078e-01
6.1921e-01
6.3417e-01
6.5144e-01
6.6641e-01
6.8367e-01
6.9633e-01
7.1819e-01
7.3774e-01
7.4694e-01
7.6764e-01
7.8833e-01
8.0097e-01
8.1936e-01
8.3315e-01
8.4923e-01
8.6532e-01
8.8599e-01
9.0551e-01
9.2847e-01
9.3880e-01
9.5142e-01
9.7207e-01
9.9272e-01
1.0122e+00
1.0260e+00
1.0478e+00
1.0695e+00
1.0867e+00
1.1085e+00
1.1291e+00
1.1497e+00
1.1658e+00
1.1829e+00
1.2081e+00
1.2276e+00
1.2470e+00
1.2733e+00
1.2939e+00
1.3145e+00
1.3351e+00
1.3659e+00
1.3945e+00
1.4219e+00
1.4402e+00
1.4744e+00
1.4950e+00
1.5394e+00
1.5623e+00
1.5999e+00
1.6249e+00
1.6671e+00
1.6899e+00
1.7297e+00
1.7582e+00
1.8060e+00
1.8344e+00
1.8742e+00
1.9037e+00
1.9457e+00
1.9809e+00
2.0263e+00
2.0502e+00
2.0876e+00
2.1193e+00
2.1647e+00
2.1998e+00
2.2451e+00
2.2790e+00
2.3232e+00
2.3548e+00
2.4001e+00
2.4385e+00
2.4803e+00
2.5130e+00
2.5548e+00
2.5886e+00
2.6168e+00
2.6394e+00
2.6709e+00
2.6890e+00
2.7092e+00
2.7216e+00
2.7419e+00
2.7498e+00
2.7565e+00
2.7644e+00
2.7813e+00
2.7869e+00
2.7959e+00
2.7959e+00
2.8083e+00
2.8038e+00
2.8128e+00
2.8117e+00
2.8151e+00
2.8151e+00
2.8173e+00
2.8140e+00
2.8128e+00
2.8083e+00
2.7993e+00
2.7948e+00
2.7892e+00
2.7836e+00
2.7779e+00
2.7667e+00
2.7577e+00
2.7475e+00
2.7340e+00
2.7149e+00
2.7059e+00
2.6991e+00
2.6856e+00
2.6608e+00
2.6506e+00
2.6349e+00
2.6123e+00
2.5897e+00
2.5683e+00
2.5536e+00
2.5322e+00
2.4995e+00
2.4837e+00
2.4690e+00
2.4498e+00
2.4272e+00
2.4023e+00
2.3729e+00
2.3548e+00
2.3300e+00
2.3051e+00
2.2858e+00
2.2666e+00
2.2428e+00
2.2168e+00
2.1930e+00
2.1692e+00
2.1522e+00
2.1318e+00
2.1035e+00
2.0751e+00
2.0570e+00
2.0354e+00
2.0093e+00
1.9900e+00
1.9707e+00
1.9423e+00
1.9196e+00
1.8958e+00
1.8764e+00
1.8537e+00
1.8344e+00
1.8162e+00
1.7991e+00
1.7741e+00
1.7559e+00
1.7354e+00
1.7206e+00
1.6956e+00
1.6796e+00
1.6637e+00
1.6455e+00
1.6227e+00
1.6124e+00
1.5919e+00
1.5714e+00
1.5531e+00
1.5417e+00
1.5201e+00
1.5098e+00
1.4915e+00
1.4813e+00
1.4630e+00
1.4550e+00
1.4390e+00
1.4230e+00
1.4082e+00
1.3922e+00
1.3762e+00
1.3636e+00
1.3442e+00
1.3339e+00
1.3191e+00
1.3145e+00
1.2951e+00
1.2779e+00
1.2630e+00
1.2619e+00
1.2436e+00
1.2333e+00
1.2230e+00
1.2104e+00
1.1921e+00
1.1807e+00
1.1658e+00
1.1578e+00
1.1371e+00
1.1245e+00
1.1165e+00
1.1039e+00
1.0902e+00
1.0822e+00
1.0615e+00
1.0558e+00
1.0489e+00
1.0397e+00
1.0248e+00
1.0157e+00
1.0053e+00
9.9272e-01
9.8125e-01
9.6863e-01
9.5601e-01
9.4683e-01
9.3076e-01
9.2847e-01
9.2387e-01
9.1240e-01
9.0092e-01
8.9058e-01
8.8369e-01
8.7565e-01
8.6302e-01
8.5957e-01
8.5383e-01
8.4694e-01
8.4234e-01
8.3430e-01
8.3660e-01
8.3200e-01
8.3200e-01
8.3200e-01
8.3085e-01
8.3200e-01
8.3660e-01
8.4119e-01
8.5153e-01
8.5038e-01
8.5842e-01
8.6302e-01
8.7680e-01
8.8484e-01
8.9977e-01
9.0895e-01
9.2847e-01
9.3994e-01
9.6863e-01
9.9616e-01
1.0225e+00
1.0512e+00
1.0810e+00
1.1062e+00
1.1417e+00
1.1715e+00
1.2127e+00
1.2527e+00
1.2962e+00
1.3248e+00
1.3785e+00
1.4208e+00
1.4744e+00
1.5121e+00
1.5759e+00
1.6192e+00
1.6819e+00
1.7218e+00
1.7866e+00
1.8355e+00
1.8992e+00
1.9378e+00
2.0059e+00
2.0468e+00
2.1103e+00
2.1511e+00
2.2088e+00
2.2485e+00
2.3073e+00
2.3469e+00
2.3955e+00
2.4340e+00
2.4769e+00
2.5096e+00
2.5446e+00
2.5762e+00
2.6112e+00
2.6315e+00
2.6687e+00
2.6980e+00
2.7216e+00
2.7430e+00
2.7678e+00
2.7813e+00
2.8083e+00
2.8241e+00
2.8443e+00
2.8578e+00
2.8691e+00
2.8826e+00
2.8994e+00
2.9107e+00
2.9219e+00
2.9264e+00
2.9422e+00
2.9568e+00
2.9635e+00
2.9680e+00
2.9725e+00
2.9792e+00
2.9770e+00
2.9781e+00
2.9815e+00
2.9837e+00
2.9792e+00
2.9826e+00
2.9826e+00
2.9849e+00
2.9770e+00
2.9781e+00
2.9680e+00
2.9579e+00
2.9455e+00
2.9309e+00
2.9208e+00
2.9141e+00
2.8972e+00
2.8871e+00
2.8770e+00
2.8623e+00
2.8432e+00
2.8297e+00
2.8162e+00
2.8038e+00
2.7847e+00
2.7723e+00
2.7543e+00
2.7340e+00
2.7160e+00
2.7025e+00
2.6901e+00
2.6698e+00
2.6461e+00
2.6394e+00
2.6157e+00
2.6067e+00
2.5852e+00
2.5661e+00
2.5424e+00
2.5266e+00
2.5074e+00
2.4916e+00
2.4701e+00
2.4464e+00
2.4249e+00
2.4068e+00
2.3865e+00
2.3639e+00
2.3458e+00
2.3333e+00
2.3073e+00
2.2870e+00
2.2700e+00
2.2473e+00
2.2360e+00
2.2156e+00
2.2021e+00
2.1862e+00
2.1669e+00
2.1488e+00
2.1261e+00
2.1069e+00
2.0865e+00
2.0660e+00
2.0490e+00
2.0275e+00
2.0070e+00
1.9912e+00
1.9775e+00
1.9639e+00
1.9389e+00
1.9242e+00
1.9128e+00
1.8923e+00
1.8764e+00
1.8503e+00
1.8378e+00
1.8230e+00
1.8071e+00
1.7832e+00
1.7718e+00
1.7548e+00
1.7297e+00
1.7149e+00
1.7024e+00
1.6899e+00
1.6808e+00
1.6660e+00
1.6500e+00
1.6318e+00
1.6113e+00
1.5953e+00
1.5794e+00
1.5657e+00
1.5474e+00
1.5337e+00
1.5223e+00
1.5098e+00
