7.3135e+00
7.3020e+00
7.2893e+00
7.2882e+00
7.2848e+00
7.2767e+00
7.2744e+00
7.2756e+00
7.2733e+00
7.2710e+00
7.2675e+00
7.2664e+00
7.2698e+00
7.2675e+00
7.2733e+00
7.2744e+00
7.2664e+00
7.2606e+00
7.2641e+00
7.2629e+00
7.2595e+00
7.2549e+00
7.2572e+00
7.2572e+00
7.2618e+00
7.2618e+00
7.2618e+00
7.2652e+00
7.2664e+00
7.2641e+00
7.2606e+00
7.2675e+00
7.2744e+00
7.2767e+00
7.2687e+00
7.2721e+00
7.2813e+00
7.2744e+00
7.2698e+00
7.2779e+00
7.2790e+00
7.2813e+00
7.2859e+00
7.2916e+00
7.2939e+00
7.2951e+00
7.3031e+00
7.3020e+00
7.3112e+00
7.3089e+00
7.3123e+00
7.3123e+00
7.3157e+00
7.3146e+00
7.3146e+00
7.3089e+00
7.3146e+00
7.3112e+00
7.3123e+00
7.3066e+00
7.3089e+00
7.3089e+00
7.3054e+00
7.3043e+00
7.3008e+00
7.2916e+00
7.2916e+00
7.2790e+00
7.2721e+00
7.2629e+00
7.2583e+00
7.2434e+00
7.2377e+00
7.2296e+00
7.2170e+00
7.2055e+00
7.1986e+00
7.1940e+00
7.1848e+00
7.1768e+00
7.1595e+00
7.1446e+00
7.1388e+00
7.1285e+00
7.1124e+00
7.1078e+00
7.0951e+00
7.0824e+00
7.0640e+00
7.0491e+00
7.0422e+00
7.0284e+00
7.0076e+00
6.9915e+00
6.9788e+00
6.9685e+00
6.9546e+00
6.9397e+00
6.9293e+00
6.9143e+00
6.8959e+00
6.8866e+00
6.8682e+00
6.8497e+00
6.8290e+00
6.8186e+00
6.8013e+00
6.7909e+00
6.7817e+00
6.7690e+00
6.7482e+00
6.7332e+00
6.7181e+00
6.7078e+00
6.6846e+00
6.6742e+00
6.6604e+00
6.6442e+00
6.6269e+00
6.6165e+00
6.5968e+00
6.5887e+00
6.5760e+00
6.5621e+00
6.5528e+00
6.5343e+00
6.5262e+00
6.5181e+00
6.4996e+00
6.4869e+00
6.4741e+00
6.4695e+00
6.4568e+00
6.4452e+00
6.4266e+00
6.4208e+00
6.4023e+00
6.3872e+00
6.3756e+00
6.3675e+00
6.3513e+00
6.3397e+00
6.3281e+00
6.3188e+00
6.2991e+00
6.2922e+00
6.2794e+00
6.2608e+00
6.2492e+00
6.2399e+00
6.2225e+00
6.2121e+00
6.2016e+00
6.1912e+00
6.1703e+00
6.1563e+00
6.1528e+00
6.1424e+00
6.1249e+00
6.1203e+00
6.1087e+00
6.0924e+00
6.0831e+00
6.0738e+00
6.0552e+00
6.0470e+00
6.0366e+00
6.0261e+00
6.0145e+00
6.0075e+00
6.0005e+00
5.9982e+00
5.9854e+00
5.9772e+00
5.9749e+00
5.9737e+00
5.9656e+00
5.9563e+00
5.9563e+00
5.9551e+00
5.9458e+00
5.9446e+00
5.9423e+00
5.9435e+00
5.9400e+00
5.9353e+00
5.9353e+00
5.9377e+00
5.9400e+00
5.9400e+00
5.9411e+00
5.9411e+00
5.9423e+00
5.9400e+00
5.9400e+00
5.9423e+00
5.9435e+00
5.9505e+00
5.9446e+00
5.9505e+00
5.9481e+00
5.9481e+00
5.9435e+00
5.9470e+00
5.9446e+00
5.9481e+00
5.9423e+00
5.9435e+00
5.9388e+00
5.9388e+00
5.9365e+00
5.9318e+00
5.9342e+00
5.9353e+00
5.9260e+00
5.9225e+00
5.9179e+00
5.9085e+00
5.8992e+00
5.9027e+00
5.8969e+00
5.8969e+00
5.8922e+00
5.8829e+00
5.8701e+00
5.8631e+00
5.8573e+00
5.8491e+00
5.8456e+00
5.8398e+00
5.8235e+00
5.8141e+00
5.8060e+00
5.7990e+00
5.7897e+00
5.7850e+00
5.7652e+00
5.7593e+00
5.7547e+00
5.7430e+00
5.7313e+00
5.7232e+00
5.7138e+00
5.7021e+00
5.6928e+00
5.6835e+00
5.6753e+00
5.6613e+00
5.6461e+00
5.6344e+00
5.6274e+00
5.6169e+00
5.6005e+00
5.5900e+00
5.5853e+00
5.5760e+00
5.5655e+00
5.5515e+00
5.5398e+00
5.5234e+00
5.5117e+00
5.5094e+00
5.4977e+00
5.4918e+00
5.4789e+00
5.4637e+00
5.4544e+00
5.4403e+00
5.4310e+00
5.4216e+00
5.4111e+00
5.3958e+00
5.3876e+00
5.3771e+00
5.3654e+00
5.3595e+00
5.3502e+00
5.3384e+00
5.3314e+00
5.3220e+00
5.3056e+00
5.2927e+00
5.2834e+00
5.2763e+00
5.2658e+00
5.2552e+00
5.2494e+00
5.2376e+00
5.2282e+00
5.2259e+00
5.2153e+00
5.2013e+00
5.1860e+00
5.1860e+00
5.1719e+00
5.1602e+00
5.1508e+00
5.1355e+00
5.1273e+00
5.1250e+00
5.1132e+00
5.1062e+00
5.0956e+00
5.0886e+00
5.0839e+00
5.0768e+00
5.0686e+00
5.0568e+00
5.0439e+00
5.0380e+00
5.0310e+00
5.0180e+00
5.0039e+00
5.0028e+00
4.9934e+00
4.9910e+00
4.9851e+00
4.9757e+00
4.9687e+00
4.9569e+00
4.9498e+00
4.9510e+00
4.9416e+00
4.9381e+00
4.9334e+00
4.9287e+00
4.9181e+00
4.9122e+00
4.9087e+00
4.8969e+00
4.8886e+00
4.8934e+00
4.8863e+00
4.8792e+00
4.8781e+00
4.8722e+00
4.8616e+00
4.8651e+00
4.8592e+00
4.8486e+00
4.8451e+00
4.8439e+00
4.8392e+00
4.8345e+00
4.8298e+00
4.8251e+00
4.8180e+00
4.8109e+00
4.8074e+00
4.8109e+00
4.8003e+00
4.7991e+00
4.7944e+00
4.7874e+00
4.7862e+00
4.7803e+00
4.7791e+00
4.7768e+00
4.7673e+00
4.7661e+00
4.7579e+00
4.7461e+00
4.7379e+00
4.7296e+00
4.7296e+00
4.7249e+00
4.7131e+00
4.7131e+00
4.7025e+00
4.7001e+00
4.6942e+00
4.6895e+00
4.6871e+00
4.6801e+00
4.6706e+00
4.6659e+00
4.6659e+00
4.6577e+00
4.6435e+00
4.6459e+00
4.6400e+00
4.6329e+00
4.6246e+00
4.6211e+00
4.6175e+00
4.6093e+00
4.5986e+00
4.5998e+00
4.5986e+00
4.5821e+00
4.5786e+00
4.5750e+00
4.5762e+00
4.5762e+00
4.5762e+00
4.5668e+00
4.5609e+00
4.5573e+00
4.5538e+00
4.5538e+00
4.5526e+00
4.5514e+00
4.5549e+00
4.5526e+00
4.5490e+00
4.5431e+00
4.5467e+00
4.5467e+00
4.5479e+00
4.5443e+00
4.5384e+00
4.5408e+00
4.5420e+00
4.5349e+00
4.5360e+00
4.5337e+00
4.5325e+00
4.5337e+00
4.5313e+00
4.5290e+00
4.5313e+00
4.5278e+00
4.5231e+00
4.5242e+00
4.5231e+00
4.5160e+00
4.5124e+00
4.5148e+00
4.5160e+00
4.5112e+00
4.5101e+00
4.5101e+00
4.5053e+00
4.5041e+00
4.5077e+00
4.5030e+00
4.4994e+00
4.4982e+00
4.4971e+00
4.4911e+00
4.4876e+00
4.4829e+00
4.4758e+00
4.4734e+00
4.4758e+00
4.4722e+00
4.4675e+00
4.4675e+00
4.4628e+00
4.4604e+00
4.4592e+00
4.4545e+00
4.4439e+00
4.4403e+00
4.4368e+00
4.4320e+00
4.4285e+00
4.4178e+00
4.4143e+00
4.4048e+00
4.3989e+00
4.3906e+00
4.3871e+00
4.3764e+00
4.3705e+00
4.3610e+00
4.3504e+00
4.3445e+00
4.3350e+00
4.3255e+00
4.3161e+00
4.3018e+00
4.2865e+00
4.2782e+00
4.2628e+00
4.2580e+00
4.2474e+00
4.2320e+00
4.2225e+00
4.2130e+00
4.1976e+00
4.1869e+00
4.1715e+00
4.1596e+00
4.1478e+00
4.1359e+00
4.1240e+00
4.1181e+00
4.1027e+00
4.0896e+00
4.0683e+00
4.0588e+00
4.0505e+00
4.0410e+00
4.0279e+00
4.0160e+00
4.0053e+00
3.9958e+00
3.9828e+00
3.9744e+00
3.9578e+00
3.9471e+00
3.9376e+00
3.9352e+00
3.9114e+00
3.9043e+00
3.8960e+00
3.8889e+00
3.8734e+00
3.8686e+00
3.8555e+00
3.8532e+00
3.8460e+00
3.8341e+00
3.8175e+00
3.8103e+00
3.8008e+00
3.7984e+00
3.7841e+00
3.7782e+00
3.7699e+00
3.7675e+00
3.7627e+00
3.7579e+00
3.7579e+00
3.7663e+00
3.7603e+00
3.7687e+00
3.7651e+00
3.7770e+00
3.7853e+00
3.7972e+00
3.8020e+00
3.8187e+00
3.8175e+00
3.8460e+00
3.8567e+00
3.8758e+00
3.8877e+00
3.9138e+00
3.9328e+00
3.9637e+00
3.9756e+00
4.0101e+00
4.0279e+00
4.0564e+00
4.0801e+00
4.1134e+00
4.1347e+00
4.1656e+00
4.1881e+00
4.2189e+00
4.2367e+00
4.2628e+00
4.2853e+00
4.3113e+00
4.3314e+00
4.3587e+00
4.3776e+00
4.3989e+00
4.4190e+00
4.4403e+00
4.4592e+00
4.4781e+00
4.4923e+00
4.5124e+00
4.5325e+00
4.5502e+00
4.5632e+00
4.5727e+00
4.5833e+00
4.5927e+00
4.6045e+00
4.6128e+00
4.6258e+00
4.6317e+00
4.6400e+00
4.6506e+00
4.6647e+00
4.6647e+00
4.6718e+00
4.6789e+00
4.6860e+00
4.6813e+00
4.6871e+00
4.6848e+00
4.6860e+00
4.6883e+00
4.6919e+00
4.6848e+00
4.6942e+00
4.6907e+00
4.6919e+00
4.6860e+00
4.6836e+00
4.6860e+00
4.6754e+00
4.6612e+00
4.6636e+00
4.6541e+00
4.6494e+00
4.6270e+00
4.6234e+00
4.6211e+00
4.6140e+00
4.5986e+00
4.5916e+00
4.5762e+00
4.5620e+00
4.5502e+00
4.5420e+00
4.5219e+00
4.5124e+00
4.4947e+00
4.4793e+00
4.4651e+00
4.4545e+00
4.4368e+00
4.4226e+00
4.4084e+00
4.3954e+00
4.3776e+00
4.3670e+00
4.3480e+00
4.3386e+00
4.3303e+00
4.3125e+00
4.2995e+00
4.2829e+00
4.2699e+00
4.2545e+00
4.2438e+00
4.2237e+00
4.2130e+00
4.1964e+00
4.1845e+00
4.1679e+00
4.1644e+00
4.1525e+00
4.1264e+00
4.1146e+00
4.1134e+00
4.0944e+00
4.0837e+00
4.0742e+00
4.0647e+00
4.0481e+00
4.0398e+00
4.0220e+00
4.0065e+00
3.9935e+00
3.9839e+00
3.9721e+00
3.9578e+00
3.9376e+00
3.9245e+00
3.9186e+00
3.9067e+00
3.8972e+00
3.8817e+00
3.8674e+00
3.8567e+00
3.8341e+00
3.8198e+00
3.8032e+00
3.7949e+00
3.7758e+00
3.7591e+00
3.7425e+00
3.7317e+00
3.7222e+00
3.7031e+00
3.6865e+00
3.6745e+00
3.6710e+00
3.6579e+00
3.6412e+00
3.6280e+00
3.6114e+00
3.5947e+00
3.5803e+00
3.5648e+00
3.5529e+00
3.5374e+00
3.5243e+00
3.5111e+00
3.5028e+00
3.4908e+00
3.4741e+00
3.4538e+00
3.4383e+00
3.4299e+00
3.4156e+00
3.4000e+00
3.3869e+00
3.3701e+00
3.3594e+00
3.3426e+00
3.3259e+00
3.3151e+00
3.3056e+00
3.2852e+00
3.2804e+00
3.2661e+00
3.2457e+00
3.2337e+00
3.2182e+00
3.2014e+00
3.1882e+00
3.1799e+00
3.1715e+00
3.1571e+00
3.1367e+00
3.1283e+00
3.1127e+00
3.0984e+00
3.0864e+00
3.0792e+00
3.0732e+00
3.0576e+00
3.0468e+00
3.0408e+00
3.0324e+00
3.0168e+00
3.0024e+00
2.9880e+00
2.9772e+00
2.9640e+00
2.9472e+00
2.9388e+00
2.9292e+00
2.9123e+00
2.8979e+00
2.8871e+00
2.8823e+00
2.8763e+00
2.8619e+00
2.8523e+00
2.8487e+00
2.8354e+00
2.8270e+00
2.8150e+00
2.8006e+00
2.7909e+00
2.7777e+00
2.7657e+00
2.7537e+00
2.7452e+00
2.7368e+00
2.7320e+00
2.7236e+00
2.7115e+00
2.6995e+00
2.6887e+00
2.6790e+00
2.6658e+00
2.6598e+00
2.6525e+00
2.6441e+00
2.6345e+00
2.6224e+00
2.6116e+00
2.5971e+00
2.5863e+00
2.5778e+00
2.5730e+00
2.5573e+00
2.5441e+00
2.5405e+00
2.5296e+00
2.5188e+00
2.5103e+00
2.4946e+00
2.4789e+00
2.4669e+00
2.4657e+00
2.4548e+00
2.4464e+00
2.4355e+00
2.4222e+00
2.4114e+00
2.3981e+00
2.3824e+00
2.3727e+00
2.3643e+00
2.3534e+00
2.3449e+00
2.3341e+00
2.3244e+00
2.3159e+00
2.3051e+00
2.2930e+00
2.2797e+00
2.2712e+00
2.2591e+00
2.2506e+00
2.2398e+00
2.2277e+00
2.2144e+00
2.2107e+00
2.2035e+00
2.1914e+00
2.1853e+00
2.1805e+00
2.1611e+00
2.1514e+00
2.1405e+00
2.1272e+00
2.1224e+00
2.1151e+00
2.1054e+00
2.0982e+00
2.0885e+00
2.0800e+00
2.0679e+00
2.0606e+00
2.0533e+00
2.0545e+00
2.0509e+00
2.0351e+00
2.0267e+00
2.0206e+00
2.0133e+00
2.0036e+00
2.0000e+00
1.9939e+00
1.9806e+00
1.9709e+00
1.9624e+00
1.9539e+00
1.9454e+00
1.9345e+00
1.9260e+00
1.9224e+00
1.9127e+00
1.9030e+00
1.8969e+00
1.8896e+00
1.8738e+00
1.8641e+00
1.8580e+00
1.8483e+00
1.8362e+00
1.8338e+00
1.8216e+00
1.8131e+00
1.8046e+00
1.7997e+00
1.7912e+00
1.7815e+00
1.7706e+00
1.7645e+00
1.7596e+00
1.7536e+00
1.7451e+00
1.7414e+00
1.7305e+00
1.7171e+00
1.7110e+00
1.7037e+00
1.6976e+00
1.6940e+00
1.6855e+00
1.6770e+00
1.6636e+00
1.6587e+00
1.6502e+00
1.6417e+00
1.6344e+00
1.6319e+00
1.6271e+00
1.6161e+00
1.6039e+00
1.5991e+00
1.5942e+00
1.5869e+00
1.5772e+00
1.5699e+00
1.5601e+00
1.5504e+00
1.5479e+00
1.5504e+00
1.5455e+00
1.5358e+00
1.5272e+00
1.5248e+00
1.5236e+00
1.5224e+00
1.5187e+00
1.5138e+00
1.5090e+00
1.5077e+00
1.5016e+00
1.4992e+00
1.4955e+00
1.5029e+00
1.5029e+00
1.5065e+00
1.4931e+00
1.4907e+00
1.4943e+00
1.4943e+00
1.4931e+00
1.4931e+00
1.4858e+00
1.4821e+00
1.4785e+00
1.4821e+00
1.4821e+00
1.4858e+00
1.4882e+00
1.4907e+00
1.4992e+00
1.5114e+00
1.5126e+00
1.5175e+00
1.5260e+00
1.5345e+00
1.5358e+00
1.5431e+00
1.5613e+00
1.5784e+00
1.5820e+00
1.6039e+00
1.6210e+00
1.6380e+00
1.6587e+00
1.6843e+00
1.7074e+00
1.7365e+00
1.7681e+00
1.7961e+00
1.8240e+00
1.8617e+00
1.8932e+00
1.9333e+00
1.9733e+00
2.0145e+00
2.0509e+00
2.0873e+00
2.1272e+00
2.1611e+00
2.1926e+00
2.2373e+00
2.2833e+00
2.3159e+00
2.3570e+00
2.3957e+00
2.4319e+00
2.4633e+00
2.5055e+00
2.5489e+00
2.5754e+00
2.6031e+00
2.6369e+00
2.6646e+00
2.6995e+00
2.7200e+00
2.7488e+00
2.7777e+00
2.8006e+00
2.8270e+00
2.8523e+00
2.8703e+00
2.8943e+00
2.9123e+00
2.9340e+00
2.9472e+00
2.9664e+00
2.9808e+00
3.0024e+00
3.0132e+00
3.0276e+00
3.0348e+00
3.0468e+00
3.0552e+00
3.0696e+00
3.0756e+00
3.0852e+00
3.0924e+00
3.0972e+00
3.1055e+00
3.1103e+00
3.1139e+00
3.1199e+00
3.1163e+00
3.1199e+00
3.1199e+00
3.1319e+00
3.1211e+00
3.1199e+00
3.1223e+00
3.1211e+00
3.1115e+00
3.1115e+00
3.1103e+00
3.1055e+00
3.0936e+00
3.0888e+00
3.0828e+00
3.0720e+00
3.0612e+00
3.0540e+00
3.0348e+00
3.0228e+00
3.0036e+00
2.9892e+00
2.9832e+00
2.9628e+00
2.9460e+00
2.9256e+00
2.9123e+00
2.8955e+00
2.8787e+00
2.8655e+00
2.8511e+00
2.8282e+00
2.8150e+00
2.7934e+00
2.7729e+00
2.7549e+00
2.7308e+00
2.7103e+00
2.6959e+00
2.6718e+00
2.6561e+00
2.6417e+00
2.6176e+00
2.5995e+00
2.5839e+00
2.5658e+00
2.5513e+00
2.5296e+00
2.5091e+00
2.4886e+00
2.4741e+00
2.4560e+00
2.4427e+00
2.4210e+00
2.3957e+00
2.3788e+00
2.3715e+00
2.3522e+00
2.3341e+00
2.3171e+00
2.2978e+00
2.2785e+00
2.2712e+00
2.2531e+00
2.2349e+00
2.2156e+00
2.2047e+00
2.1914e+00
2.1744e+00
2.1611e+00
2.1430e+00
2.1272e+00
2.1175e+00
2.1054e+00
2.0945e+00
2.0824e+00
2.0763e+00
2.0642e+00
2.0533e+00
2.0424e+00
2.0376e+00
2.0303e+00
2.0291e+00
2.0145e+00
2.0121e+00
2.0024e+00
1.9976e+00
2.0012e+00
2.0048e+00
1.9976e+00
1.9964e+00
2.0024e+00
2.0073e+00
2.0121e+00
2.0158e+00
2.0206e+00
2.0158e+00
2.0121e+00
2.0145e+00
2.0182e+00
2.0170e+00
2.0218e+00
2.0291e+00
2.0339e+00
2.0279e+00
2.0364e+00
2.0388e+00
2.0473e+00
2.0412e+00
2.0461e+00
2.0521e+00
2.0509e+00
2.0436e+00
2.0521e+00
2.0509e+00
2.0545e+00
2.0582e+00
2.0654e+00
2.0606e+00
2.0667e+00
2.0654e+00
2.0667e+00
2.0618e+00
2.0751e+00
2.0739e+00
2.0739e+00
2.0691e+00
2.0715e+00
2.0715e+00
2.0703e+00
2.0594e+00
2.0557e+00
2.0582e+00
2.0545e+00
2.0436e+00
2.0485e+00
2.0473e+00
2.0412e+00
2.0327e+00
2.0315e+00
2.0206e+00
2.0085e+00
2.0073e+00
2.0000e+00
1.9939e+00
1.9867e+00
1.9697e+00
1.9551e+00
1.9503e+00
1.9503e+00
1.9454e+00
1.9357e+00
1.9272e+00
1.9175e+00
1.9017e+00
1.8884e+00
1.8823e+00
1.8750e+00
1.8641e+00
1.8495e+00
1.8325e+00
1.8252e+00
1.8192e+00
1.8082e+00
1.7912e+00
1.7779e+00
1.7742e+00
1.7621e+00
1.7414e+00
1.7256e+00
1.7268e+00
1.7086e+00
1.6952e+00
1.6879e+00
1.6745e+00
1.6563e+00
1.6417e+00
1.6283e+00
1.6173e+00
1.6088e+00
1.5930e+00
1.5796e+00
1.5699e+00
1.5516e+00
1.5431e+00
1.5309e+00
1.5187e+00
1.5053e+00
1.4882e+00
1.4700e+00
1.4578e+00
1.4444e+00
1.4395e+00
1.4212e+00
1.4078e+00
1.4017e+00
1.3895e+00
1.3736e+00
1.3577e+00
1.3431e+00
1.3309e+00
1.3187e+00
1.3126e+00
1.2955e+00
1.2833e+00
1.2662e+00
1.2503e+00
1.2417e+00
1.2307e+00
1.2173e+00
1.2112e+00
1.1990e+00
1.1880e+00
1.1721e+00
1.1562e+00
1.1452e+00
1.1366e+00
1.1256e+00
1.1122e+00
1.1024e+00
1.0877e+00
1.0779e+00
1.0718e+00
1.0522e+00
1.0424e+00
1.0338e+00
1.0302e+00
1.0191e+00
1.0044e+00
9.9341e-01
9.8851e-01
9.7626e-01
9.6279e-01
9.5666e-01
9.5176e-01
9.4808e-01
9.4318e-01
9.3828e-01
9.3950e-01
9.4196e-01
9.4563e-01
9.5053e-01
9.6156e-01
9.6769e-01
9.7381e-01
9.8606e-01
1.0020e+00
1.0142e+00
1.0387e+00
1.0595e+00
1.0901e+00
1.1146e+00
1.1501e+00
1.1733e+00
1.2100e+00
1.2466e+00
1.2869e+00
1.3199e+00
1.3651e+00
1.4004e+00
1.4517e+00
1.5029e+00
1.5516e+00
1.5906e+00
1.6356e+00
1.6794e+00
1.7293e+00
1.7779e+00
1.8289e+00
1.8775e+00
1.9333e+00
1.9867e+00
2.0376e+00
2.0994e+00
2.1369e+00
2.1914e+00
2.2361e+00
2.2881e+00
2.3244e+00
2.3763e+00
2.4198e+00
2.4717e+00
2.5091e+00
2.5489e+00
2.5863e+00
2.6272e+00
2.6513e+00
2.6887e+00
2.7163e+00
2.7524e+00
2.7729e+00
2.7946e+00
2.8162e+00
2.8426e+00
2.8535e+00
2.8703e+00
2.8823e+00
2.8979e+00
2.9063e+00
2.9256e+00
2.9340e+00
2.9484e+00
2.9520e+00
2.9700e+00
2.9820e+00
3.0192e+00
2.9940e+00
3.0288e+00
3.0408e+00
3.0516e+00
3.0612e+00
3.0684e+00
3.0672e+00
3.0720e+00
3.0684e+00
3.0732e+00
3.0720e+00
3.0696e+00
3.0612e+00
3.0564e+00
3.0456e+00
3.0408e+00
3.0348e+00
3.0288e+00
3.0120e+00
2.9964e+00
2.9856e+00
2.9724e+00
2.9532e+00
2.9340e+00
2.9268e+00
2.9111e+00
2.8859e+00
2.8751e+00
2.8655e+00
2.8475e+00
2.8282e+00
2.8078e+00
2.7934e+00
2.7741e+00
2.7512e+00
2.7308e+00
2.7079e+00
2.6863e+00
2.6634e+00
2.6465e+00
2.6309e+00
2.6056e+00
2.5875e+00
2.5598e+00
2.5465e+00
2.5260e+00
2.5067e+00
2.4886e+00
2.4681e+00
2.4355e+00
2.4138e+00
2.4053e+00
2.3872e+00
2.3618e+00
2.3437e+00
2.3256e+00
2.3038e+00
2.2845e+00
2.2700e+00
2.2446e+00
2.2252e+00
2.2059e+00
2.1926e+00
2.1696e+00
2.1563e+00
2.1369e+00
2.1163e+00
2.0957e+00
2.0751e+00
2.0545e+00
2.0424e+00
2.0206e+00
1.9951e+00
1.9770e+00
1.9624e+00
1.9442e+00
1.9260e+00
1.9102e+00
1.8908e+00
1.8726e+00
1.8495e+00
1.8301e+00
1.8082e+00
1.7937e+00
1.7791e+00
1.7584e+00
1.7426e+00
1.7293e+00
1.7110e+00
1.6964e+00
1.6757e+00
1.6551e+00
1.6417e+00
1.6259e+00
1.6076e+00
1.6003e+00
1.5833e+00
1.5686e+00
1.5540e+00
1.5370e+00
1.5297e+00
1.5114e+00
1.4992e+00
1.4846e+00
1.4700e+00
1.4602e+00
1.4529e+00
1.4468e+00
1.4309e+00
1.4163e+00
1.4078e+00
1.4017e+00
1.3931e+00
1.3809e+00
1.3687e+00
1.3663e+00
1.3590e+00
1.3431e+00
1.3333e+00
1.3285e+00
1.3162e+00
1.3028e+00
1.2894e+00
1.2821e+00
1.2759e+00
1.2723e+00
1.2588e+00
1.2515e+00
1.2466e+00
1.2344e+00
1.2307e+00
1.2259e+00
1.2173e+00
1.2136e+00
1.2112e+00
1.1990e+00
1.1892e+00
1.1770e+00
1.1745e+00
1.1757e+00
1.1709e+00
1.1696e+00
1.1672e+00
1.1586e+00
1.1537e+00
1.1476e+00
1.1464e+00
1.1403e+00
1.1329e+00
1.1305e+00
1.1268e+00
1.1170e+00
1.1109e+00
1.1048e+00
1.1036e+00
1.0926e+00
1.0865e+00
1.0816e+00
1.0730e+00
1.0644e+00
1.0644e+00
1.0583e+00
1.0534e+00
1.0448e+00
1.0412e+00
1.0350e+00
1.0326e+00
1.0253e+00
1.0179e+00
1.0093e+00
1.0020e+00
9.9831e-01
1.0020e+00
9.9341e-01
9.9341e-01
9.8851e-01
9.8851e-01
9.8729e-01
9.7994e-01
9.7014e-01
9.7136e-01
9.6524e-01
9.6891e-01
9.6156e-01
9.6034e-01
9.5789e-01
9.5053e-01
9.3950e-01
9.4318e-01
9.3583e-01
9.3705e-01
9.3705e-01
9.3338e-01
9.2112e-01
9.2235e-01
9.1989e-01
9.1867e-01
9.1009e-01
9.0641e-01
8.9660e-01
8.8925e-01
8.8557e-01
8.7821e-01
8.7331e-01
8.7453e-01
8.6595e-01
8.6472e-01
8.5491e-01
8.5000e-01
8.4019e-01
8.3528e-01
8.3405e-01
8.3160e-01
8.2424e-01
8.1565e-01
8.1074e-01
8.0952e-01
7.9479e-01
7.8620e-01
7.8251e-01
7.7392e-01
7.7269e-01
7.6656e-01
7.5673e-01
7.5305e-01
7.3954e-01
7.2972e-01
7.2235e-01
7.1252e-01
7.0884e-01
7.0270e-01
6.9287e-01
6.8181e-01
6.7321e-01
6.6338e-01
6.6092e-01
6.5109e-01
6.4371e-01
6.3634e-01
6.3019e-01
6.2404e-01
6.1421e-01
6.0560e-01
5.9822e-01
5.8962e-01
5.8101e-01
5.7363e-01
5.6748e-01
5.5640e-01
5.5025e-01
5.4410e-01
5.3303e-01
5.2441e-01
5.1580e-01
5.1334e-01
5.0841e-01
4.9733e-01
4.8748e-01
4.8010e-01
4.7764e-01
4.6779e-01
4.6040e-01
4.5424e-01
4.4069e-01
4.2468e-01
4.2221e-01
4.1975e-01
4.1236e-01
4.0620e-01
3.9511e-01
3.8525e-01
3.8402e-01
3.7662e-01
3.6430e-01
3.5320e-01
3.4087e-01
3.3348e-01
3.2731e-01
3.2114e-01
3.0881e-01
2.9895e-01
2.9278e-01
2.8661e-01
2.7551e-01
2.6687e-01
2.6194e-01
2.5453e-01
2.4466e-01
2.3355e-01
2.2121e-01
2.1010e-01
2.0763e-01
2.0763e-01
1.9405e-01
1.7676e-01
1.7058e-01
1.6811e-01
1.6194e-01
1.5700e-01
1.4588e-01
1.3600e-01
1.2982e-01
1.1746e-01
1.1005e-01
1.0387e-01
9.5216e-02
9.0272e-02
7.7911e-02
7.5439e-02
6.9257e-02
5.9366e-02
5.4420e-02
4.4528e-02
4.3291e-02
3.3398e-02
2.3503e-02
1.9792e-02
1.4845e-02
1.1134e-02
3.7110e-03
0000
4.9480e-03
7.4220e-03
4.9480e-03
4.9480e-03
7.4220e-03
1.7319e-02
1.9792e-02
3.7108e-02
4.9474e-02
6.5548e-02
8.4092e-02
1.1005e-01
1.2858e-01
1.6564e-01
1.9405e-01
2.3972e-01
2.6564e-01
3.1251e-01
3.5320e-01
4.0866e-01
4.5301e-01
5.1826e-01
5.6502e-01
6.2159e-01
6.7444e-01
7.4691e-01
8.0461e-01
8.7698e-01
9.4318e-01
1.0204e+00
1.0926e+00
1.1660e+00
1.2466e+00
1.3236e+00
1.3944e+00
1.4736e+00
1.5565e+00
1.6234e+00
1.6940e+00
1.7572e+00
1.8252e+00
1.8908e+00
1.9685e+00
2.0279e+00
2.0945e+00
2.1539e+00
2.2204e+00
2.2724e+00
2.3401e+00
2.3932e+00
2.4512e+00
2.5043e+00
2.5670e+00
2.6092e+00
2.6670e+00
2.7043e+00
2.7609e+00
2.8030e+00
2.8535e+00
2.8907e+00
2.9400e+00
2.9748e+00
3.0192e+00
3.0516e+00
3.0912e+00
3.1127e+00
3.1535e+00
3.1775e+00
3.2086e+00
3.2302e+00
3.2529e+00
3.2685e+00
3.2936e+00
3.3079e+00
3.3235e+00
3.3343e+00
3.3546e+00
3.3630e+00
3.3737e+00
3.3821e+00
3.3917e+00
3.3940e+00
3.4048e+00
3.4108e+00
3.4144e+00
3.4156e+00
3.4239e+00
3.4287e+00
3.4251e+00
3.4287e+00
3.4311e+00
3.4323e+00
3.4371e+00
3.4430e+00
3.4466e+00
3.4538e+00
3.4657e+00
3.4717e+00
3.4705e+00
3.4717e+00
3.4777e+00
3.4801e+00
3.4825e+00
3.4825e+00
3.4813e+00
3.4813e+00
3.4813e+00
3.4777e+00
3.4765e+00
3.4765e+00
3.4801e+00
3.4717e+00
3.4777e+00
3.4801e+00
3.4908e+00
3.4884e+00
3.4825e+00
3.4801e+00
3.4837e+00
3.4777e+00
3.4813e+00
3.4813e+00
3.4908e+00
3.4872e+00
3.4860e+00
3.4920e+00
3.4992e+00
3.4944e+00
3.4992e+00
3.4992e+00
3.5051e+00
3.5051e+00
3.5028e+00
3.5004e+00
3.5040e+00
3.4980e+00
3.4932e+00
3.4872e+00
3.4813e+00
3.4669e+00
3.4574e+00
3.4418e+00
3.4287e+00
3.4120e+00
3.3952e+00
3.3785e+00
3.3642e+00
3.3426e+00
3.3199e+00
3.3020e+00
3.2852e+00
3.2601e+00
3.2373e+00
3.2194e+00
3.1990e+00
3.1799e+00
3.1583e+00
3.1379e+00
3.1199e+00
3.1008e+00
3.0912e+00
3.0696e+00
3.0468e+00
3.0360e+00
3.0264e+00
3.0060e+00
2.9976e+00
2.9880e+00
2.9724e+00
2.9592e+00
2.9508e+00
2.9340e+00
2.9232e+00
2.9063e+00
2.8907e+00
2.8775e+00
2.8691e+00
2.8667e+00
2.8559e+00
2.8438e+00
2.8366e+00
2.8282e+00
2.8210e+00
2.8114e+00
2.8030e+00
2.7970e+00
2.7825e+00
2.7717e+00
2.7669e+00
2.7645e+00
2.7597e+00
2.7549e+00
2.7549e+00
2.7561e+00
2.7549e+00
2.7573e+00
2.7561e+00
2.7621e+00
2.7729e+00
2.7825e+00
2.7825e+00
2.7982e+00
2.8006e+00
2.8162e+00
2.8342e+00
2.8511e+00
2.8631e+00
2.8787e+00
2.9015e+00
2.9196e+00
2.9376e+00
2.9580e+00
2.9748e+00
2.9928e+00
3.0192e+00
3.0456e+00
3.0768e+00
3.1008e+00
3.1247e+00
3.1475e+00
3.1703e+00
3.1906e+00
3.2254e+00
3.2553e+00
3.2864e+00
3.3139e+00
3.3426e+00
3.3642e+00
3.3905e+00
3.4275e+00
3.4562e+00
3.4813e+00
3.5111e+00
3.5326e+00
3.5553e+00
3.5780e+00
3.5947e+00
3.6102e+00
3.6292e+00
3.6424e+00
3.6555e+00
3.6710e+00
3.6865e+00
3.7031e+00
3.7174e+00
3.7305e+00
3.7437e+00
3.7615e+00
3.7710e+00
3.7818e+00
3.7913e+00
3.7901e+00
3.7996e+00
3.8056e+00
3.8044e+00
3.8127e+00
3.8210e+00
3.8234e+00
3.8187e+00
3.8210e+00
3.8198e+00
3.8163e+00
3.8187e+00
3.8222e+00
3.8163e+00
3.8127e+00
3.8163e+00
3.8115e+00
3.8056e+00
3.8008e+00
3.8020e+00
3.7960e+00
3.7949e+00
3.7853e+00
3.7782e+00
3.7687e+00
3.7663e+00
3.7568e+00
3.7508e+00
3.7365e+00
3.7174e+00
3.7079e+00
3.6948e+00
3.6805e+00
3.6674e+00
3.6519e+00
3.6316e+00
3.6161e+00
3.5994e+00
3.5756e+00
3.5589e+00
3.5398e+00
3.5123e+00
3.4944e+00
3.4705e+00
3.4478e+00
3.4335e+00
3.4168e+00
3.3893e+00
3.3713e+00
3.3474e+00
3.3199e+00
3.2960e+00
3.2744e+00
3.2565e+00
3.2361e+00
3.2026e+00
3.1846e+00
