8.5160e+00
8.5251e+00
8.5342e+00
8.5324e+00
8.5360e+00
8.5378e+00
8.5433e+00
8.5324e+00
8.5324e+00
8.5342e+00
8.5306e+00
8.5215e+00
8.5269e+00
8.5233e+00
8.5142e+00
8.5124e+00
8.5105e+00
8.5032e+00
8.5014e+00
8.4814e+00
8.4832e+00
8.4778e+00
8.4614e+00
8.4431e+00
8.4413e+00
8.4286e+00
8.4213e+00
8.3994e+00
8.3976e+00
8.3739e+00
8.3648e+00
8.3484e+00
8.3411e+00
8.3229e+00
8.3064e+00
8.2845e+00
8.2754e+00
8.2554e+00
8.2335e+00
8.2134e+00
8.2024e+00
8.1842e+00
8.1750e+00
8.1495e+00
8.1349e+00
8.1184e+00
8.1111e+00
8.0819e+00
8.0673e+00
8.0545e+00
8.0472e+00
8.0289e+00
8.0161e+00
7.9978e+00
7.9868e+00
7.9722e+00
7.9631e+00
7.9429e+00
7.9320e+00
7.9100e+00
7.8990e+00
7.8881e+00
7.8716e+00
7.8551e+00
7.8350e+00
7.8203e+00
7.8112e+00
7.7874e+00
7.7654e+00
7.7471e+00
7.7324e+00
7.7141e+00
7.6939e+00
7.6811e+00
7.6664e+00
7.6462e+00
7.6297e+00
7.6059e+00
7.5930e+00
7.5802e+00
7.5655e+00
7.5508e+00
7.5343e+00
7.5178e+00
7.5049e+00
7.4848e+00
7.4701e+00
7.4535e+00
7.4388e+00
7.4278e+00
7.4150e+00
7.4039e+00
7.3892e+00
7.3727e+00
7.3635e+00
7.3525e+00
7.3414e+00
7.3286e+00
7.3175e+00
7.3083e+00
7.2918e+00
7.2826e+00
7.2716e+00
7.2624e+00
7.2568e+00
7.2495e+00
7.2403e+00
7.2256e+00
7.2182e+00
7.2182e+00
7.2108e+00
7.1998e+00
7.1906e+00
7.1795e+00
7.1740e+00
7.1703e+00
7.1611e+00
7.1538e+00
7.1446e+00
7.1354e+00
7.1354e+00
7.1280e+00
7.1133e+00
7.1225e+00
7.1225e+00
7.1169e+00
7.1151e+00
7.1151e+00
7.1169e+00
7.1225e+00
7.1280e+00
7.1262e+00
7.1188e+00
7.1206e+00
7.1243e+00
7.1169e+00
7.1169e+00
7.1169e+00
7.1151e+00
7.1133e+00
7.1114e+00
7.1059e+00
7.1059e+00
7.1040e+00
7.0948e+00
7.0948e+00
7.0893e+00
7.0912e+00
7.0819e+00
7.0746e+00
7.0727e+00
7.0635e+00
7.0580e+00
7.0598e+00
7.0525e+00
7.0451e+00
7.0451e+00
7.0432e+00
7.0359e+00
7.0322e+00
7.0285e+00
7.0267e+00
7.0211e+00
7.0138e+00
7.0101e+00
7.0138e+00
7.0082e+00
6.9972e+00
6.9935e+00
6.9972e+00
6.9935e+00
6.9843e+00
6.9861e+00
6.9879e+00
6.9806e+00
6.9806e+00
6.9843e+00
6.9806e+00
6.9806e+00
6.9806e+00
6.9714e+00
6.9806e+00
6.9824e+00
6.9806e+00
6.9843e+00
6.9861e+00
6.9898e+00
7.0009e+00
7.0027e+00
7.0138e+00
7.0211e+00
7.0248e+00
7.0359e+00
7.0432e+00
7.0469e+00
7.0617e+00
7.0635e+00
7.0764e+00
7.0838e+00
7.0893e+00
7.0985e+00
7.1096e+00
7.1206e+00
7.1354e+00
7.1390e+00
7.1519e+00
7.1667e+00
7.1869e+00
7.1924e+00
7.1980e+00
7.2053e+00
7.2182e+00
7.2256e+00
7.2366e+00
7.2458e+00
7.2587e+00
7.2642e+00
7.2716e+00
7.2826e+00
7.2936e+00
7.3083e+00
7.3231e+00
7.3286e+00
7.3341e+00
7.3470e+00
7.3598e+00
7.3690e+00
7.3708e+00
7.3764e+00
7.3874e+00
7.3947e+00
7.3984e+00
7.4003e+00
7.4058e+00
7.4076e+00
7.4168e+00
7.4241e+00
7.4352e+00
7.4370e+00
7.4333e+00
7.4352e+00
7.4388e+00
7.4443e+00
7.4480e+00
7.4499e+00
7.4572e+00
7.4535e+00
7.4572e+00
7.4572e+00
7.4590e+00
7.4609e+00
7.4664e+00
7.4682e+00
7.4719e+00
7.4774e+00
7.4792e+00
7.4884e+00
7.4903e+00
7.4884e+00
7.4848e+00
7.4848e+00
7.4774e+00
7.4774e+00
7.4756e+00
7.4737e+00
7.4664e+00
7.4646e+00
7.4609e+00
7.4517e+00
7.4517e+00
7.4535e+00
7.4462e+00
7.4425e+00
7.4333e+00
7.4352e+00
7.4315e+00
7.4223e+00
7.4131e+00
7.4058e+00
7.3966e+00
7.3966e+00
7.3911e+00
7.3782e+00
7.3745e+00
7.3782e+00
7.3690e+00
7.3617e+00
7.3525e+00
7.3414e+00
7.3341e+00
7.3341e+00
7.3249e+00
7.3139e+00
7.2991e+00
7.2936e+00
7.2826e+00
7.2771e+00
7.2624e+00
7.2532e+00
7.2440e+00
7.2366e+00
7.2256e+00
7.2200e+00
7.2108e+00
7.1980e+00
7.1888e+00
7.1777e+00
7.1611e+00
7.1482e+00
7.1409e+00
7.1262e+00
7.1114e+00
7.1040e+00
7.0930e+00
7.0856e+00
7.0709e+00
7.0635e+00
7.0469e+00
7.0414e+00
7.0303e+00
7.0230e+00
7.0082e+00
6.9990e+00
6.9916e+00
6.9787e+00
6.9621e+00
6.9529e+00
6.9437e+00
6.9326e+00
6.9179e+00
6.9105e+00
6.9013e+00
6.8939e+00
6.8865e+00
6.8791e+00
6.8607e+00
6.8570e+00
6.8496e+00
6.8404e+00
6.8311e+00
6.8200e+00
6.8090e+00
6.8053e+00
6.7960e+00
6.7850e+00
6.7720e+00
6.7683e+00
6.7609e+00
6.7499e+00
6.7388e+00
6.7314e+00
6.7240e+00
6.7148e+00
6.6981e+00
6.6889e+00
6.6870e+00
6.6778e+00
6.6685e+00
6.6575e+00
6.6445e+00
6.6371e+00
6.6260e+00
6.6149e+00
6.6094e+00
6.5983e+00
6.5909e+00
6.5853e+00
6.5687e+00
6.5650e+00
6.5557e+00
6.5409e+00
6.5391e+00
6.5280e+00
6.5150e+00
6.5095e+00
6.5002e+00
6.4909e+00
6.4798e+00
6.4761e+00
6.4669e+00
6.4576e+00
6.4502e+00
6.4410e+00
6.4335e+00
6.4243e+00
6.4169e+00
6.4076e+00
6.3965e+00
6.3817e+00
6.3761e+00
6.3761e+00
6.3631e+00
6.3502e+00
6.3483e+00
6.3428e+00
6.3316e+00
6.3242e+00
6.3131e+00
6.3075e+00
6.3001e+00
6.2927e+00
6.2834e+00
6.2704e+00
6.2612e+00
6.2630e+00
6.2519e+00
6.2445e+00
6.2389e+00
6.2315e+00
6.2204e+00
6.2092e+00
6.2055e+00
6.2018e+00
6.1925e+00
6.1814e+00
6.1814e+00
6.1777e+00
6.1702e+00
6.1591e+00
6.1498e+00
6.1443e+00
6.1387e+00
6.1294e+00
6.1220e+00
6.1145e+00
6.1034e+00
6.0997e+00
6.0941e+00
6.0904e+00
6.0830e+00
6.0774e+00
6.0737e+00
6.0644e+00
6.0551e+00
6.0532e+00
6.0458e+00
6.0365e+00
6.0272e+00
6.0217e+00
6.0161e+00
6.0105e+00
6.0012e+00
5.9901e+00
5.9882e+00
5.9826e+00
5.9752e+00
5.9659e+00
5.9566e+00
5.9510e+00
5.9399e+00
5.9417e+00
5.9361e+00
5.9250e+00
5.9250e+00
5.9175e+00
5.9008e+00
5.8989e+00
5.8934e+00
5.8822e+00
5.8710e+00
5.8710e+00
5.8729e+00
5.8599e+00
5.8487e+00
5.8412e+00
5.8338e+00
5.8282e+00
5.8208e+00
5.8115e+00
5.8022e+00
5.7910e+00
5.7835e+00
5.7761e+00
5.7724e+00
5.7649e+00
5.7593e+00
5.7537e+00
5.7426e+00
5.7370e+00
5.7295e+00
5.7202e+00
5.7165e+00
5.7146e+00
5.7034e+00
5.7016e+00
5.6960e+00
5.6867e+00
5.6774e+00
5.6774e+00
5.6755e+00
5.6662e+00
5.6662e+00
5.6587e+00
5.6513e+00
5.6494e+00
5.6513e+00
5.6494e+00
5.6382e+00
5.6326e+00
5.6252e+00
5.6214e+00
5.6177e+00
5.6102e+00
5.6046e+00
5.6028e+00
5.6009e+00
5.5972e+00
5.5897e+00
5.5841e+00
5.5785e+00
5.5729e+00
5.5711e+00
5.5729e+00
5.5711e+00
5.5711e+00
5.5617e+00
5.5543e+00
5.5450e+00
5.5450e+00
5.5450e+00
5.5394e+00
5.5356e+00
5.5300e+00
5.5207e+00
5.5207e+00
5.5076e+00
5.5114e+00
5.5095e+00
5.5039e+00
5.4983e+00
5.4946e+00
5.4852e+00
5.4834e+00
5.4796e+00
5.4778e+00
5.4684e+00
5.4666e+00
5.4591e+00
5.4535e+00
5.4460e+00
5.4404e+00
5.4330e+00
5.4292e+00
5.4292e+00
5.4292e+00
5.4199e+00
5.4068e+00
5.3993e+00
5.3993e+00
5.3919e+00
5.3825e+00
5.3750e+00
5.3732e+00
5.3694e+00
5.3638e+00
5.3508e+00
5.3508e+00
5.3433e+00
5.3395e+00
5.3339e+00
5.3227e+00
5.3115e+00
5.3152e+00
5.3115e+00
5.3003e+00
5.2984e+00
5.2891e+00
5.2760e+00
5.2666e+00
5.2592e+00
5.2554e+00
5.2535e+00
5.2442e+00
5.2348e+00
5.2348e+00
5.2217e+00
5.2161e+00
5.2161e+00
5.2049e+00
5.2012e+00
5.1937e+00
5.1825e+00
5.1750e+00
5.1637e+00
5.1600e+00
5.1506e+00
5.1432e+00
5.1375e+00
5.1319e+00
5.1282e+00
5.1188e+00
5.1169e+00
5.1057e+00
5.0945e+00
5.0907e+00
5.0851e+00
5.0757e+00
5.0720e+00
5.0626e+00
5.0626e+00
5.0551e+00
5.0495e+00
5.0439e+00
5.0364e+00
5.0420e+00
5.0252e+00
5.0158e+00
5.0177e+00
5.0083e+00
4.9933e+00
4.9821e+00
4.9783e+00
4.9746e+00
4.9633e+00
4.9614e+00
4.9539e+00
4.9389e+00
4.9333e+00
4.9296e+00
4.9277e+00
4.9202e+00
4.9146e+00
4.9108e+00
4.9033e+00
4.8958e+00
4.8864e+00
4.8789e+00
4.8677e+00
4.8602e+00
4.8527e+00
4.8489e+00
4.8452e+00
4.8395e+00
4.8358e+00
4.8301e+00
4.8264e+00
4.8264e+00
4.8245e+00
4.8189e+00
4.8114e+00
4.8076e+00
4.8057e+00
4.7982e+00
4.7870e+00
4.7795e+00
4.7757e+00
4.7663e+00
4.7644e+00
4.7644e+00
4.7569e+00
4.7513e+00
4.7438e+00
4.7363e+00
4.7325e+00
4.7288e+00
4.7231e+00
4.7137e+00
4.7100e+00
4.7025e+00
4.6949e+00
4.6893e+00
4.6818e+00
4.6724e+00
4.6705e+00
4.6743e+00
4.6630e+00
4.6555e+00
4.6536e+00
4.6461e+00
4.6348e+00
4.6311e+00
4.6254e+00
4.6198e+00
4.6104e+00
4.6047e+00
4.5972e+00
4.5935e+00
4.5897e+00
4.5765e+00
4.5671e+00
4.5615e+00
4.5540e+00
4.5502e+00
4.5427e+00
4.5333e+00
4.5257e+00
4.5239e+00
4.5145e+00
4.5088e+00
4.5032e+00
4.4919e+00
4.4881e+00
4.4881e+00
4.4825e+00
4.4731e+00
4.4674e+00
4.4636e+00
4.4523e+00
4.4467e+00
4.4411e+00
4.4316e+00
4.4260e+00
4.4203e+00
4.4166e+00
4.4128e+00
4.4034e+00
4.3996e+00
4.3883e+00
4.3751e+00
4.3751e+00
4.3676e+00
4.3582e+00
4.3544e+00
4.3469e+00
4.3450e+00
4.3412e+00
4.3337e+00
4.3243e+00
4.3167e+00
4.3111e+00
4.3017e+00
4.2960e+00
4.2885e+00
4.2866e+00
4.2828e+00
4.2734e+00
4.2696e+00
4.2621e+00
4.2583e+00
4.2489e+00
4.2413e+00
4.2413e+00
4.2376e+00
4.2319e+00
4.2300e+00
4.2206e+00
4.2112e+00
4.2093e+00
4.2055e+00
4.1979e+00
4.1904e+00
4.1866e+00
4.1810e+00
4.1696e+00
4.1621e+00
4.1564e+00
4.1508e+00
4.1451e+00
4.1451e+00
4.1357e+00
4.1319e+00
4.1319e+00
4.1244e+00
4.1149e+00
4.1093e+00
4.1074e+00
4.0960e+00
4.0904e+00
4.0866e+00
4.0790e+00
4.0696e+00
4.0639e+00
4.0621e+00
4.0583e+00
4.0469e+00
4.0413e+00
4.0432e+00
4.0318e+00
4.0243e+00
4.0224e+00
4.0167e+00
4.0129e+00
4.0073e+00
4.0035e+00
3.9922e+00
3.9865e+00
3.9808e+00
3.9714e+00
3.9657e+00
3.9581e+00
3.9563e+00
3.9544e+00
3.9468e+00
3.9449e+00
3.9411e+00
3.9336e+00
3.9260e+00
3.9222e+00
3.9184e+00
3.9071e+00
3.8976e+00
3.8995e+00
3.8920e+00
3.8825e+00
3.8806e+00
3.8768e+00
3.8693e+00
3.8598e+00
3.8598e+00
3.8579e+00
3.8447e+00
3.8371e+00
3.8390e+00
3.8333e+00
3.8201e+00
3.8182e+00
3.8106e+00
3.8031e+00
3.7993e+00
3.7993e+00
3.7917e+00
3.7803e+00
3.7785e+00
3.7822e+00
3.7728e+00
3.7633e+00
3.7576e+00
3.7595e+00
3.7520e+00
3.7406e+00
3.7368e+00
3.7311e+00
3.7254e+00
3.7254e+00
3.7160e+00
3.7103e+00
3.7103e+00
3.7008e+00
3.6970e+00
3.6932e+00
3.6895e+00
3.6819e+00
3.6762e+00
3.6743e+00
3.6705e+00
3.6610e+00
3.6535e+00
3.6497e+00
3.6440e+00
3.6440e+00
3.6345e+00
3.6383e+00
3.6345e+00
3.6194e+00
3.6212e+00
3.6194e+00
3.6099e+00
3.6118e+00
3.6061e+00
3.6004e+00
3.5928e+00
3.5909e+00
3.5871e+00
3.5795e+00
3.5758e+00
3.5758e+00
3.5663e+00
3.5625e+00
3.5568e+00
3.5511e+00
3.5492e+00
3.5397e+00
3.5302e+00
3.5340e+00
3.5302e+00
3.5246e+00
3.5170e+00
3.5094e+00
3.5075e+00
3.5037e+00
3.4961e+00
3.4961e+00
3.4866e+00
3.4809e+00
3.4790e+00
3.4752e+00
3.4733e+00
3.4695e+00
3.4619e+00
3.4581e+00
3.4563e+00
3.4525e+00
3.4487e+00
3.4487e+00
3.4373e+00
3.4278e+00
3.4259e+00
3.4240e+00
3.4221e+00
3.4145e+00
3.4069e+00
3.4069e+00
3.3993e+00
3.3917e+00
3.3936e+00
3.3860e+00
3.3784e+00
3.3746e+00
3.3708e+00
3.3651e+00
3.3613e+00
3.3518e+00
3.3423e+00
3.3442e+00
3.3366e+00
3.3271e+00
3.3252e+00
3.3252e+00
3.3214e+00
3.3119e+00
3.3081e+00
3.3062e+00
3.3024e+00
3.2986e+00
3.2967e+00
3.2910e+00
3.2796e+00
3.2796e+00
3.2739e+00
3.2701e+00
3.2606e+00
3.2511e+00
3.2530e+00
3.2511e+00
3.2454e+00
3.2416e+00
3.2397e+00
3.2340e+00
3.2321e+00
3.2245e+00
3.2188e+00
3.2207e+00
3.2131e+00
3.2036e+00
3.1979e+00
3.1941e+00
3.1941e+00
3.1865e+00
3.1770e+00
3.1693e+00
3.1713e+00
3.1636e+00
3.1617e+00
3.1598e+00
3.1693e+00
3.1503e+00
3.1503e+00
3.1446e+00
3.1408e+00
3.1370e+00
3.1351e+00
3.1237e+00
3.1142e+00
3.1161e+00
3.1104e+00
3.1066e+00
3.0989e+00
3.0932e+00
3.0894e+00
3.0837e+00
3.0818e+00
3.0761e+00
3.0723e+00
3.0742e+00
3.0609e+00
3.0533e+00
3.0495e+00
3.0456e+00
3.0361e+00
3.0323e+00
3.0380e+00
3.0342e+00
3.0323e+00
3.0304e+00
3.0190e+00
3.0171e+00
3.0133e+00
3.0018e+00
2.9980e+00
2.9942e+00
2.9904e+00
2.9847e+00
2.9790e+00
2.9714e+00
2.9695e+00
2.9618e+00
2.9580e+00
2.9542e+00
2.9485e+00
2.9504e+00
2.9504e+00
2.9447e+00
2.9409e+00
2.9313e+00
2.9237e+00
2.9180e+00
2.9142e+00
2.9085e+00
2.9028e+00
2.9008e+00
2.8970e+00
2.8913e+00
2.8818e+00
2.8799e+00
2.8856e+00
2.8818e+00
2.8742e+00
2.8703e+00
2.8608e+00
2.8627e+00
2.8608e+00
2.8513e+00
2.8475e+00
2.8436e+00
2.8360e+00
2.8322e+00
2.8227e+00
2.8227e+00
2.8188e+00
2.8188e+00
2.8169e+00
2.8169e+00
2.8093e+00
2.8112e+00
2.8112e+00
2.8112e+00
2.8074e+00
2.8017e+00
2.8036e+00
2.8017e+00
2.7921e+00
2.7883e+00
2.7921e+00
2.7960e+00
2.7921e+00
2.7883e+00
2.7845e+00
2.7807e+00
2.7788e+00
2.7788e+00
2.7826e+00
2.7807e+00
2.7692e+00
2.7635e+00
2.7654e+00
2.7673e+00
2.7616e+00
2.7597e+00
2.7559e+00
2.7482e+00
2.7444e+00
2.7482e+00
2.7482e+00
2.7425e+00
2.7406e+00
2.7406e+00
2.7349e+00
2.7387e+00
2.7368e+00
2.7272e+00
2.7196e+00
2.7196e+00
2.7196e+00
2.7158e+00
2.7043e+00
2.7043e+00
2.7005e+00
2.7024e+00
2.6986e+00
2.6891e+00
2.6910e+00
2.6891e+00
2.6833e+00
2.6814e+00
2.6776e+00
2.6700e+00
2.6680e+00
2.6700e+00
2.6642e+00
2.6547e+00
2.6509e+00
2.6528e+00
2.6489e+00
2.6432e+00
2.6413e+00
2.6432e+00
2.6337e+00
2.6298e+00
2.6298e+00
2.6298e+00
2.6260e+00
2.6184e+00
2.6146e+00
2.6088e+00
2.6031e+00
2.5993e+00
2.6012e+00
2.6031e+00
2.5840e+00
2.5821e+00
2.5821e+00
2.5725e+00
2.5725e+00
2.5725e+00
2.5668e+00
2.5630e+00
2.5515e+00
2.5477e+00
2.5477e+00
2.5400e+00
2.5305e+00
2.5362e+00
2.5324e+00
2.5305e+00
2.5266e+00
2.5266e+00
2.5209e+00
2.5171e+00
2.5132e+00
2.5132e+00
2.5056e+00
2.5075e+00
2.5113e+00
2.5152e+00
2.5056e+00
2.5056e+00
2.5056e+00
2.5113e+00
2.5037e+00
2.5094e+00
2.5152e+00
2.5209e+00
2.5228e+00
2.5266e+00
2.5266e+00
2.5343e+00
2.5343e+00
2.5477e+00
2.5458e+00
2.5534e+00
2.5591e+00
2.5668e+00
2.5725e+00
2.5802e+00
2.5821e+00
2.5916e+00
2.5897e+00
2.5993e+00
2.6031e+00
2.6146e+00
2.6203e+00
2.6318e+00
2.6337e+00
2.6394e+00
2.6394e+00
2.6470e+00
2.6413e+00
2.6470e+00
2.6585e+00
2.6642e+00
2.6623e+00
2.6680e+00
2.6700e+00
2.6776e+00
2.6795e+00
2.6814e+00
2.6814e+00
2.6910e+00
2.6986e+00
2.6910e+00
2.6891e+00
2.6948e+00
2.6910e+00
2.6967e+00
2.6967e+00
2.6986e+00
2.7005e+00
2.7024e+00
2.6986e+00
2.6967e+00
2.7082e+00
2.7101e+00
2.7005e+00
2.7082e+00
2.7082e+00
2.7120e+00
2.7120e+00
2.7062e+00
2.7082e+00
2.7082e+00
2.7043e+00
2.7043e+00
2.7043e+00
2.7043e+00
2.7043e+00
2.6986e+00
2.7005e+00
2.7024e+00
2.7005e+00
2.6986e+00
2.6986e+00
2.6891e+00
2.6871e+00
2.6891e+00
2.6852e+00
2.6814e+00
2.6757e+00
2.6757e+00
2.6719e+00
2.6661e+00
2.6623e+00
2.6604e+00
2.6642e+00
2.6604e+00
2.6509e+00
2.6489e+00
2.6489e+00
2.6432e+00
2.6413e+00
2.6298e+00
2.6298e+00
2.6241e+00
2.6203e+00
2.6184e+00
2.6126e+00
2.5993e+00
2.5916e+00
2.5974e+00
2.5897e+00
2.5782e+00
2.5744e+00
2.5706e+00
2.5649e+00
2.5591e+00
2.5572e+00
2.5515e+00
2.5381e+00
2.5285e+00
2.5228e+00
2.5132e+00
2.5132e+00
2.5113e+00
2.5056e+00
2.4922e+00
2.4903e+00
2.4865e+00
2.4769e+00
2.4693e+00
2.4654e+00
2.4520e+00
2.4463e+00
2.4386e+00
2.4310e+00
2.4272e+00
2.4233e+00
2.4138e+00
2.4061e+00
2.3965e+00
2.3889e+00
2.3870e+00
2.3870e+00
2.3774e+00
2.3736e+00
2.3678e+00
2.3621e+00
2.3525e+00
2.3429e+00
2.3391e+00
2.3372e+00
2.3295e+00
2.3276e+00
2.3199e+00
2.3161e+00
2.3123e+00
2.3104e+00
2.2970e+00
2.2989e+00
2.2931e+00
2.2893e+00
2.2855e+00
2.2816e+00
2.2759e+00
2.2701e+00
2.2625e+00
2.2606e+00
2.2491e+00
2.2414e+00
2.2395e+00
2.2356e+00
2.2356e+00
2.2299e+00
2.2222e+00
2.2184e+00
2.2126e+00
2.2069e+00
2.2069e+00
2.1973e+00
2.1858e+00
2.1800e+00
2.1762e+00
2.1685e+00
2.1609e+00
2.1590e+00
2.1532e+00
2.1455e+00
2.1398e+00
2.1359e+00
2.1302e+00
2.1244e+00
2.1129e+00
2.1091e+00
2.1052e+00
2.1014e+00
2.0956e+00
2.0880e+00
2.0803e+00
2.0707e+00
2.0688e+00
2.0669e+00
2.0573e+00
2.0553e+00
2.0515e+00
2.0419e+00
2.0323e+00
2.0304e+00
2.0285e+00
2.0189e+00
2.0131e+00
2.0150e+00
2.0054e+00
1.9958e+00
1.9920e+00
1.9881e+00
1.9805e+00
1.9747e+00
1.9651e+00
1.9651e+00
1.9574e+00
1.9517e+00
1.9459e+00
1.9401e+00
1.9382e+00
1.9324e+00
1.9228e+00
1.9190e+00
1.9209e+00
1.9171e+00
1.9055e+00
1.8998e+00
1.8940e+00
1.8902e+00
1.8882e+00
1.8786e+00
1.8729e+00
1.8748e+00
1.8748e+00
1.8690e+00
1.8671e+00
1.8633e+00
1.8594e+00
1.8633e+00
1.8575e+00
1.8556e+00
1.8517e+00
1.8440e+00
1.8402e+00
1.8460e+00
1.8421e+00
1.8402e+00
1.8363e+00
1.8363e+00
1.8363e+00
1.8286e+00
1.8210e+00
1.8267e+00
1.8190e+00
1.8094e+00
1.8017e+00
1.7979e+00
1.7883e+00
1.7883e+00
1.7844e+00
1.7767e+00
1.7671e+00
1.7652e+00
1.7652e+00
1.7613e+00
1.7517e+00
1.7479e+00
1.7517e+00
1.7402e+00
1.7363e+00
1.7325e+00
1.7267e+00
1.7171e+00
1.7074e+00
1.7094e+00
1.6997e+00
1.6959e+00
1.6959e+00
1.6901e+00
1.6824e+00
1.6805e+00
1.6863e+00
1.6805e+00
1.6709e+00
1.6689e+00
1.6632e+00
1.6574e+00
1.6516e+00
1.6458e+00
1.6439e+00
1.6381e+00
1.6324e+00
1.6246e+00
1.6285e+00
1.6266e+00
1.6208e+00
1.6189e+00
1.6131e+00
1.6092e+00
1.6073e+00
1.6054e+00
1.5996e+00
1.5900e+00
1.5919e+00
1.5842e+00
1.5746e+00
1.5688e+00
1.5649e+00
1.5591e+00
1.5553e+00
1.5514e+00
1.5514e+00
1.5476e+00
1.5379e+00
1.5360e+00
1.5302e+00
1.5167e+00
1.5187e+00
1.5167e+00
1.5052e+00
1.4994e+00
1.4955e+00
1.4878e+00
1.4859e+00
1.4859e+00
1.4840e+00
1.4782e+00
1.4724e+00
1.4627e+00
1.4627e+00
1.4608e+00
1.4570e+00
1.4512e+00
1.4454e+00
1.4396e+00
1.4319e+00
1.4319e+00
1.4261e+00
1.4261e+00
1.4261e+00
1.4242e+00
1.4203e+00
1.4184e+00
1.4126e+00
1.4010e+00
1.3991e+00
1.4049e+00
1.3972e+00
1.3933e+00
1.3894e+00
1.3875e+00
1.3836e+00
1.3779e+00
1.3721e+00
1.3701e+00
1.3701e+00
1.3624e+00
1.3605e+00
1.3566e+00
1.3547e+00
1.3470e+00
1.3412e+00
1.3393e+00
1.3412e+00
1.3315e+00
1.3238e+00
1.3238e+00
1.3180e+00
1.3122e+00
1.3103e+00
1.3006e+00
1.3045e+00
1.3006e+00
1.2929e+00
1.2852e+00
1.2755e+00
1.2755e+00
1.2775e+00
1.2717e+00
1.2697e+00
1.2659e+00
1.2620e+00
1.2601e+00
1.2523e+00
1.2408e+00
1.2408e+00
1.2311e+00
1.2253e+00
1.2195e+00
1.2272e+00
1.2195e+00
1.2118e+00
1.2098e+00
1.2079e+00
1.2040e+00
1.2079e+00
1.2060e+00
1.1944e+00
1.1924e+00
1.1886e+00
1.1847e+00
1.1789e+00
1.1712e+00
1.1712e+00
1.1692e+00
1.1635e+00
1.1615e+00
1.1615e+00
1.1538e+00
1.1538e+00
1.1480e+00
1.1460e+00
1.1402e+00
1.1306e+00
1.1286e+00
1.1248e+00
1.1151e+00
1.1170e+00
1.1151e+00
1.1151e+00
1.1151e+00
1.1093e+00
1.1074e+00
1.1035e+00
1.0938e+00
1.0900e+00
1.0861e+00
1.0861e+00
1.0880e+00
1.0861e+00
1.0764e+00
1.0726e+00
1.0706e+00
1.0706e+00
1.0648e+00
1.0648e+00
1.0609e+00
1.0493e+00
1.0435e+00
1.0416e+00
1.0435e+00
1.0416e+00
1.0358e+00
1.0339e+00
1.0280e+00
1.0222e+00
1.0126e+00
1.0126e+00
1.0145e+00
1.0087e+00
1.0048e+00
1.0029e+00
9.9708e-01
9.8933e-01
9.8740e-01
9.8933e-01
9.8740e-01
9.7772e-01
9.7384e-01
9.7578e-01
9.7191e-01
9.6804e-01
9.6610e-01
9.6029e-01
9.5642e-01
9.5061e-01
9.4480e-01
9.4673e-01
9.4286e-01
9.4286e-01
9.4286e-01
9.3899e-01
9.3318e-01
9.2349e-01
9.1962e-01
9.1574e-01
9.1381e-01
9.0800e-01
9.0800e-01
8.9831e-01
8.9443e-01
8.9250e-01
8.9056e-01
8.8862e-01
8.9056e-01
8.8668e-01
8.7506e-01
8.7118e-01
8.6537e-01
8.6149e-01
8.5762e-01
8.5374e-01
8.4793e-01
8.3824e-01
8.4211e-01
8.3824e-01
8.2660e-01
8.2660e-01
8.3048e-01
8.2467e-01
8.1885e-01
8.0722e-01
8.0334e-01
8.0528e-01
7.9752e-01
7.8977e-01
7.8783e-01
7.8201e-01
7.7425e-01
7.7038e-01
7.6456e-01
7.6262e-01
7.6262e-01
7.5098e-01
7.4710e-01
7.4516e-01
7.3740e-01
7.3352e-01
7.2964e-01
7.2964e-01
7.2188e-01
7.1994e-01
7.1606e-01
7.1024e-01
7.0248e-01
6.9666e-01
6.8695e-01
6.8307e-01
6.8695e-01
6.7337e-01
6.5978e-01
6.6754e-01
6.7143e-01
6.5784e-01
6.5202e-01
6.5202e-01
6.4619e-01
6.3843e-01
6.3843e-01
6.3649e-01
6.2872e-01
6.2095e-01
6.2289e-01
6.2095e-01
6.0930e-01
5.9765e-01
5.9571e-01
5.9571e-01
5.9182e-01
5.8988e-01
5.8405e-01
5.8017e-01
5.7628e-01
5.7046e-01
5.6851e-01
5.6074e-01
5.5492e-01
5.5297e-01
5.5103e-01
5.3937e-01
5.3354e-01
5.3354e-01
5.2577e-01
5.2577e-01
5.2966e-01
5.2383e-01
5.1800e-01
5.1411e-01
5.1411e-01
5.1800e-01
5.1605e-01
5.1411e-01
5.0828e-01
5.1217e-01
5.0828e-01
5.1023e-01
5.1217e-01
5.1411e-01
5.1800e-01
5.2771e-01
5.2577e-01
5.2189e-01
5.2577e-01
5.2966e-01
5.3549e-01
5.4132e-01
5.4520e-01
5.5492e-01
5.5686e-01
5.5686e-01
5.5686e-01
5.6074e-01
5.6657e-01
5.7046e-01
5.7628e-01
5.8017e-01
5.8988e-01
5.9765e-01
5.9765e-01
6.0348e-01
6.1318e-01
6.1901e-01
6.2289e-01
6.2678e-01
6.3260e-01
6.4231e-01
6.4619e-01
6.4813e-01
6.5590e-01
6.6172e-01
6.6172e-01
6.6366e-01
6.6948e-01
6.7531e-01
6.7725e-01
6.8307e-01
6.8889e-01
6.9278e-01
6.9472e-01
6.9860e-01
7.0248e-01
7.0248e-01
6.9860e-01
7.0248e-01
7.0830e-01
7.0636e-01
7.1024e-01
7.1218e-01
7.0636e-01
7.1218e-01
7.1606e-01
7.1800e-01
7.1606e-01
7.1606e-01
7.1606e-01
7.1800e-01
7.1412e-01
7.1218e-01
7.1024e-01
7.0248e-01
7.0636e-01
7.0248e-01
7.0054e-01
7.0636e-01
7.1412e-01
7.1218e-01
7.1024e-01
7.1024e-01
7.0636e-01
6.9860e-01
6.9666e-01
7.0248e-01
6.9860e-01
6.9083e-01
6.8889e-01
6.8695e-01
6.8307e-01
6.8113e-01
6.8113e-01
6.8113e-01
6.7919e-01
6.8113e-01
6.8307e-01
6.7725e-01
6.7143e-01
6.7337e-01
6.6754e-01
6.6172e-01
6.6366e-01
6.5590e-01
6.4619e-01
6.4425e-01
6.4425e-01
6.3843e-01
6.3454e-01
6.3260e-01
6.3260e-01
6.2872e-01
6.2095e-01
6.1513e-01
6.1513e-01
6.0930e-01
6.0153e-01
5.9765e-01
5.8405e-01
5.8405e-01
5.8211e-01
5.7434e-01
5.6463e-01
5.5492e-01
5.5103e-01
5.5103e-01
5.4715e-01
5.3743e-01
5.3160e-01
5.2771e-01
5.2966e-01
5.2383e-01
5.1217e-01
5.0439e-01
5.0245e-01
4.9856e-01
4.8885e-01
4.8107e-01
4.7524e-01
4.6163e-01
4.6163e-01
4.6163e-01
4.5385e-01
4.4413e-01
4.4608e-01
4.4219e-01
4.3052e-01
4.2274e-01
4.2079e-01
4.1690e-01
4.0524e-01
4.0524e-01
4.0134e-01
3.9162e-01
3.8578e-01
3.7022e-01
3.6438e-01
3.6243e-01
3.5854e-01
3.5076e-01
3.4492e-01
3.4103e-01
3.4103e-01
3.3908e-01
3.2741e-01
3.1962e-01
3.1378e-01
3.0405e-01
3.0016e-01
2.9237e-01
2.8263e-01
2.7290e-01
2.7679e-01
2.7290e-01
2.6900e-01
2.5927e-01
2.5732e-01
2.5343e-01
2.5148e-01
2.4564e-01
2.3200e-01
2.2616e-01
2.2226e-01
2.1447e-01
2.1058e-01
2.0668e-01
2.0473e-01
2.0083e-01
1.9499e-01
1.9499e-01
1.8914e-01
1.7940e-01
1.7745e-01
1.7356e-01
1.6576e-01
1.6186e-01
1.5991e-01
1.5407e-01
1.4627e-01
1.3457e-01
1.3847e-01
1.3457e-01
1.2093e-01
1.1703e-01
1.1313e-01
1.0728e-01
1.0728e-01
1.0728e-01
1.0338e-01
1.0143e-01
9.1683e-02
8.3883e-02
8.1933e-02
7.6082e-02
6.6331e-02
6.2430e-02
5.8529e-02
5.2677e-02
5.0727e-02
3.9022e-02
3.5121e-02
3.7072e-02
3.3170e-02
3.5121e-02
3.1219e-02
3.1219e-02
2.7317e-02
2.1464e-02
1.5611e-02
7.8060e-03
5.8550e-03
0000
