9.3868e+00
9.3613e+00
9.3337e+00
9.3011e+00
9.2786e+00
9.2490e+00
9.2296e+00
9.2050e+00
9.1713e+00
9.1488e+00
9.1192e+00
9.0967e+00
9.0731e+00
9.0455e+00
9.0096e+00
8.9871e+00
8.9594e+00
8.9400e+00
8.9123e+00
8.8877e+00
8.8723e+00
8.8456e+00
8.8179e+00
8.7984e+00
8.7728e+00
8.7399e+00
8.7204e+00
8.7008e+00
8.6793e+00
8.6505e+00
8.6289e+00
8.6021e+00
8.5826e+00
8.5651e+00
8.5414e+00
8.5177e+00
8.5085e+00
8.4868e+00
8.4662e+00
8.4436e+00
8.4271e+00
8.4023e+00
8.3827e+00
8.3631e+00
8.3466e+00
8.3260e+00
8.3095e+00
8.2857e+00
8.2692e+00
8.2548e+00
8.2290e+00
8.2114e+00
8.1938e+00
8.1732e+00
8.1556e+00
8.1359e+00
8.1183e+00
8.1059e+00
8.0832e+00
8.0635e+00
8.0480e+00
8.0325e+00
8.0180e+00
8.0035e+00
7.9931e+00
7.9734e+00
7.9506e+00
7.9372e+00
7.9289e+00
7.9164e+00
7.8978e+00
7.8885e+00
7.8843e+00
7.8646e+00
7.8490e+00
7.8324e+00
7.8241e+00
7.8158e+00
7.8003e+00
7.7920e+00
7.7837e+00
7.7650e+00
7.7567e+00
7.7432e+00
7.7359e+00
7.7328e+00
7.7255e+00
7.7182e+00
7.7245e+00
7.7099e+00
7.7016e+00
7.7027e+00
7.7016e+00
7.6975e+00
7.6964e+00
7.6829e+00
7.6850e+00
7.6808e+00
7.6808e+00
7.6819e+00
7.6860e+00
7.6829e+00
7.6912e+00
7.6850e+00
7.6840e+00
7.6829e+00
7.6871e+00
7.6819e+00
7.6777e+00
7.6756e+00
7.6819e+00
7.6767e+00
7.6756e+00
7.6725e+00
7.6746e+00
7.6756e+00
7.6767e+00
7.6788e+00
7.6871e+00
7.6891e+00
7.6954e+00
7.6985e+00
7.7120e+00
7.7151e+00
7.7162e+00
7.7255e+00
7.7380e+00
7.7515e+00
7.7660e+00
7.7774e+00
7.7992e+00
7.8169e+00
7.8376e+00
7.8573e+00
7.8833e+00
7.9133e+00
7.9361e+00
7.9600e+00
7.9807e+00
7.9973e+00
8.0200e+00
8.0470e+00
8.0646e+00
8.0873e+00
8.1018e+00
8.1297e+00
8.1504e+00
8.1711e+00
8.1928e+00
8.2176e+00
8.2393e+00
8.2682e+00
8.2816e+00
8.2961e+00
8.3023e+00
8.3219e+00
8.3332e+00
8.3497e+00
8.3559e+00
8.3776e+00
8.3879e+00
8.3931e+00
8.4044e+00
8.4281e+00
8.4291e+00
8.4405e+00
8.4477e+00
8.4590e+00
8.4662e+00
8.4683e+00
8.4704e+00
8.4714e+00
8.4683e+00
8.4724e+00
8.4652e+00
8.4652e+00
8.4662e+00
8.4662e+00
8.4601e+00
8.4570e+00
8.4508e+00
8.4487e+00
8.4477e+00
8.4425e+00
8.4374e+00
8.4333e+00
8.4240e+00
8.4157e+00
8.4044e+00
8.3982e+00
8.3941e+00
8.3848e+00
8.3745e+00
8.3580e+00
8.3528e+00
8.3343e+00
8.3147e+00
8.3064e+00
8.2940e+00
8.2806e+00
8.2651e+00
8.2475e+00
8.2279e+00
8.2176e+00
8.2062e+00
8.1866e+00
8.1680e+00
8.1556e+00
8.1401e+00
8.1183e+00
8.1039e+00
8.0873e+00
8.0728e+00
8.0563e+00
8.0459e+00
8.0304e+00
8.0128e+00
7.9993e+00
7.9869e+00
7.9662e+00
7.9548e+00
7.9403e+00
7.9268e+00
7.9061e+00
7.8885e+00
7.8719e+00
7.8605e+00
7.8407e+00
7.8304e+00
7.8148e+00
7.8013e+00
7.7847e+00
7.7691e+00
7.7515e+00
7.7349e+00
7.7203e+00
7.7079e+00
7.6871e+00
7.6725e+00
7.6580e+00
7.6403e+00
7.6237e+00
7.6091e+00
7.5873e+00
7.5789e+00
7.5675e+00
7.5508e+00
7.5383e+00
7.5248e+00
7.5113e+00
7.5082e+00
7.4946e+00
7.4925e+00
7.4852e+00
7.4769e+00
7.4655e+00
7.4613e+00
7.4571e+00
7.4571e+00
7.4540e+00
7.4561e+00
7.4519e+00
7.4592e+00
7.4602e+00
7.4613e+00
7.4613e+00
7.4613e+00
7.4634e+00
7.4727e+00
7.4790e+00
7.4863e+00
7.4873e+00
7.4967e+00
7.5050e+00
7.5113e+00
7.5175e+00
7.5300e+00
7.5394e+00
7.5436e+00
7.5550e+00
7.5633e+00
7.5737e+00
7.5779e+00
7.5716e+00
7.5800e+00
7.5925e+00
7.5893e+00
7.5966e+00
7.5987e+00
7.5997e+00
7.5977e+00
7.6039e+00
7.6060e+00
7.6060e+00
7.6029e+00
7.6081e+00
7.6018e+00
7.5987e+00
7.5956e+00
7.5966e+00
7.5935e+00
7.5935e+00
7.5904e+00
7.5893e+00
7.5873e+00
7.5789e+00
7.5675e+00
7.5696e+00
7.5633e+00
7.5602e+00
7.5571e+00
7.5467e+00
7.5436e+00
7.5394e+00
7.5269e+00
7.5196e+00
7.5102e+00
7.4967e+00
7.4915e+00
7.4852e+00
7.4707e+00
7.4550e+00
7.4425e+00
7.4238e+00
7.4113e+00
7.3946e+00
7.3842e+00
7.3664e+00
7.3550e+00
7.3466e+00
7.3299e+00
7.3091e+00
7.3070e+00
7.2934e+00
7.2704e+00
7.2464e+00
7.2318e+00
7.2161e+00
7.2005e+00
7.1817e+00
7.1639e+00
7.1440e+00
7.1294e+00
7.1095e+00
7.0907e+00
7.0708e+00
7.0562e+00
7.0374e+00
7.0237e+00
7.0028e+00
6.9871e+00
6.9630e+00
6.9463e+00
6.9326e+00
6.9180e+00
6.8970e+00
6.8834e+00
6.8666e+00
6.8551e+00
6.8351e+00
6.8184e+00
6.8079e+00
6.7984e+00
6.7743e+00
6.7533e+00
6.7396e+00
6.7302e+00
6.7144e+00
6.6976e+00
6.6798e+00
6.6619e+00
6.6503e+00
6.6356e+00
6.6199e+00
6.6041e+00
6.5904e+00
6.5809e+00
6.5610e+00
6.5536e+00
6.5420e+00
6.5262e+00
6.5126e+00
6.4989e+00
6.4831e+00
6.4704e+00
6.4578e+00
6.4546e+00
6.4378e+00
6.4241e+00
6.4136e+00
6.4062e+00
6.3956e+00
6.3893e+00
6.3777e+00
6.3682e+00
6.3587e+00
6.3387e+00
6.3282e+00
6.3197e+00
6.3102e+00
6.3018e+00
6.2891e+00
6.2754e+00
6.2596e+00
6.2511e+00
6.2469e+00
6.2300e+00
6.2195e+00
6.2057e+00
6.1962e+00
6.1867e+00
6.1730e+00
6.1698e+00
6.1592e+00
6.1518e+00
6.1381e+00
6.1180e+00
6.1096e+00
6.1053e+00
6.0927e+00
6.0852e+00
6.0747e+00
6.0609e+00
6.0514e+00
6.0535e+00
6.0440e+00
6.0228e+00
6.0123e+00
6.0070e+00
5.9995e+00
5.9879e+00
5.9837e+00
5.9731e+00
5.9614e+00
5.9498e+00
5.9328e+00
5.9286e+00
5.9222e+00
5.9106e+00
5.9032e+00
5.8979e+00
5.8883e+00
5.8820e+00
5.8703e+00
5.8629e+00
5.8481e+00
5.8364e+00
5.8290e+00
5.8226e+00
5.8152e+00
5.8141e+00
5.8131e+00
5.8046e+00
5.8003e+00
5.7961e+00
5.7887e+00
5.7844e+00
5.7770e+00
5.7770e+00
5.7706e+00
5.7685e+00
5.7590e+00
5.7611e+00
5.7568e+00
5.7558e+00
5.7536e+00
5.7473e+00
5.7452e+00
5.7505e+00
5.7441e+00
5.7409e+00
5.7377e+00
5.7367e+00
5.7324e+00
5.7229e+00
5.7207e+00
5.7207e+00
5.7165e+00
5.7176e+00
5.7101e+00
5.7027e+00
5.6953e+00
5.6942e+00
5.6878e+00
5.6825e+00
5.6740e+00
5.6740e+00
5.6719e+00
5.6655e+00
5.6602e+00
5.6538e+00
5.6517e+00
5.6400e+00
5.6294e+00
5.6241e+00
5.6230e+00
5.6198e+00
5.6103e+00
5.5975e+00
5.5922e+00
5.5869e+00
5.5773e+00
5.5741e+00
5.5656e+00
5.5613e+00
5.5582e+00
5.5496e+00
5.5369e+00
5.5305e+00
5.5230e+00
5.5145e+00
5.5092e+00
5.5039e+00
5.4954e+00
5.4837e+00
5.4688e+00
5.4613e+00
5.4592e+00
5.4485e+00
5.4390e+00
5.4421e+00
5.4347e+00
5.4230e+00
5.4145e+00
5.4017e+00
5.3985e+00
5.3963e+00
5.3772e+00
5.3633e+00
5.3601e+00
5.3527e+00
5.3484e+00
5.3345e+00
5.3239e+00
5.3207e+00
5.3068e+00
5.2983e+00
5.2908e+00
5.2812e+00
5.2748e+00
5.2673e+00
5.2599e+00
5.2556e+00
5.2471e+00
5.2311e+00
5.2214e+00
5.2172e+00
5.2129e+00
5.2054e+00
5.1926e+00
5.1851e+00
5.1766e+00
5.1691e+00
5.1627e+00
5.1531e+00
5.1467e+00
5.1403e+00
5.1371e+00
5.1253e+00
5.1168e+00
5.1061e+00
5.1093e+00
5.1018e+00
5.0890e+00
5.0804e+00
5.0719e+00
5.0708e+00
5.0644e+00
5.0505e+00
5.0473e+00
5.0473e+00
5.0377e+00
5.0355e+00
5.0323e+00
5.0270e+00
5.0280e+00
5.0280e+00
5.0173e+00
5.0184e+00
5.0205e+00
5.0184e+00
5.0163e+00
5.0227e+00
5.0173e+00
5.0184e+00
5.0152e+00
5.0227e+00
5.0205e+00
5.0152e+00
5.0152e+00
5.0173e+00
5.0163e+00
5.0238e+00
5.0302e+00
5.0302e+00
5.0270e+00
5.0355e+00
5.0387e+00
5.0430e+00
5.0462e+00
5.0548e+00
5.0612e+00
5.0697e+00
5.0729e+00
5.0804e+00
5.0868e+00
5.0933e+00
5.0997e+00
5.1061e+00
5.1136e+00
5.1307e+00
5.1371e+00
5.1403e+00
5.1499e+00
5.1616e+00
5.1745e+00
5.1894e+00
5.1948e+00
5.2022e+00
5.2150e+00
5.2257e+00
5.2289e+00
5.2407e+00
5.2503e+00
5.2716e+00
5.2759e+00
5.2887e+00
5.2919e+00
5.2993e+00
5.3015e+00
5.3036e+00
5.3025e+00
5.3100e+00
5.3121e+00
5.3143e+00
5.3164e+00
5.3121e+00
5.3132e+00
5.3217e+00
5.3143e+00
5.3068e+00
5.3079e+00
5.3025e+00
5.2940e+00
5.2940e+00
5.2961e+00
5.2908e+00
5.2812e+00
5.2769e+00
5.2737e+00
5.2737e+00
5.2727e+00
5.2652e+00
5.2599e+00
5.2503e+00
5.2385e+00
5.2353e+00
5.2279e+00
5.2225e+00
5.2118e+00
5.1980e+00
5.1980e+00
5.1926e+00
5.1777e+00
5.1755e+00
5.1670e+00
5.1499e+00
5.1435e+00
5.1392e+00
5.1296e+00
5.1178e+00
5.1104e+00
5.1029e+00
5.0890e+00
5.0762e+00
5.0708e+00
5.0633e+00
5.0516e+00
5.0377e+00
5.0291e+00
5.0227e+00
5.0077e+00
4.9991e+00
4.9927e+00
4.9884e+00
4.9852e+00
4.9745e+00
4.9713e+00
4.9660e+00
4.9628e+00
4.9617e+00
4.9628e+00
4.9606e+00
4.9563e+00
4.9585e+00
4.9660e+00
4.9745e+00
4.9799e+00
4.9895e+00
4.9991e+00
5.0131e+00
5.0312e+00
5.0441e+00
5.0612e+00
5.0719e+00
5.0965e+00
5.1178e+00
5.1403e+00
5.1595e+00
5.1916e+00
5.2076e+00
5.2268e+00
5.2535e+00
5.2801e+00
5.3015e+00
5.3292e+00
5.3505e+00
5.3804e+00
5.3995e+00
5.4294e+00
5.4443e+00
5.4741e+00
5.4901e+00
5.5113e+00
5.5284e+00
5.5507e+00
5.5560e+00
5.5773e+00
5.5858e+00
5.6039e+00
5.6103e+00
5.6315e+00
5.6368e+00
5.6506e+00
5.6570e+00
5.6793e+00
5.6825e+00
5.6857e+00
5.6814e+00
5.7069e+00
5.6963e+00
5.7367e+00
5.7335e+00
5.7483e+00
5.7653e+00
5.7791e+00
5.7770e+00
5.7791e+00
5.7727e+00
5.7781e+00
5.7802e+00
5.7834e+00
5.7802e+00
5.7770e+00
5.7727e+00
5.7696e+00
5.7621e+00
5.7643e+00
5.7632e+00
5.7579e+00
5.7452e+00
5.7398e+00
5.7282e+00
5.7292e+00
5.7197e+00
5.7218e+00
5.7091e+00
5.7038e+00
5.6942e+00
5.6804e+00
5.6740e+00
5.6666e+00
5.6560e+00
5.6443e+00
5.6273e+00
5.6156e+00
5.6018e+00
5.5879e+00
5.5752e+00
5.5592e+00
5.5422e+00
5.5294e+00
5.5209e+00
5.4975e+00
5.4815e+00
5.4688e+00
5.4560e+00
5.4294e+00
5.4155e+00
5.3974e+00
5.3814e+00
5.3590e+00
5.3388e+00
5.3207e+00
5.3025e+00
5.2823e+00
5.2695e+00
5.2535e+00
5.2364e+00
5.2172e+00
5.1969e+00
5.1766e+00
5.1681e+00
5.1456e+00
5.1264e+00
5.1082e+00
5.0954e+00
5.0794e+00
5.0601e+00
5.0537e+00
5.0344e+00
5.0163e+00
5.0045e+00
4.9852e+00
4.9735e+00
4.9563e+00
4.9499e+00
4.9360e+00
4.9178e+00
4.8996e+00
4.8899e+00
4.8760e+00
4.8696e+00
4.8567e+00
4.8492e+00
4.8310e+00
4.8213e+00
4.8074e+00
4.8031e+00
4.7902e+00
4.7817e+00
4.7699e+00
4.7624e+00
4.7538e+00
4.7495e+00
4.7345e+00
4.7291e+00
4.7141e+00
4.7055e+00
4.6990e+00
4.6905e+00
4.6765e+00
4.6733e+00
4.6658e+00
4.6572e+00
4.6400e+00
4.6292e+00
4.6271e+00
4.6260e+00
4.6099e+00
4.5992e+00
4.5895e+00
4.5755e+00
4.5615e+00
4.5529e+00
4.5433e+00
4.5336e+00
4.5196e+00
4.5174e+00
4.5078e+00
4.4981e+00
4.4830e+00
4.4776e+00
4.4701e+00
4.4561e+00
4.4453e+00
4.4378e+00
4.4270e+00
4.4217e+00
4.4077e+00
4.3958e+00
4.3861e+00
4.3807e+00
4.3710e+00
4.3603e+00
4.3484e+00
4.3409e+00
4.3301e+00
4.3204e+00
4.3128e+00
4.3042e+00
4.2870e+00
4.2740e+00
4.2676e+00
4.2579e+00
4.2428e+00
4.2341e+00
4.2266e+00
4.2223e+00
4.2125e+00
4.2017e+00
4.1931e+00
4.1812e+00
4.1694e+00
4.1575e+00
4.1478e+00
4.1434e+00
4.1337e+00
4.1197e+00
4.1110e+00
4.1067e+00
4.0873e+00
4.0721e+00
4.0721e+00
4.0657e+00
4.0516e+00
4.0419e+00
4.0354e+00
4.0289e+00
4.0127e+00
4.0084e+00
4.0062e+00
3.9910e+00
3.9781e+00
3.9737e+00
3.9662e+00
3.9575e+00
3.9489e+00
3.9391e+00
3.9240e+00
3.9196e+00
3.9099e+00
3.9045e+00
3.8947e+00
3.8828e+00
3.8774e+00
3.8676e+00
3.8601e+00
3.8590e+00
3.8579e+00
3.8460e+00
3.8319e+00
3.8319e+00
3.8200e+00
3.8081e+00
3.8016e+00
3.7907e+00
3.7831e+00
3.7788e+00
3.7658e+00
3.7647e+00
3.7614e+00
3.7506e+00
3.7408e+00
3.7311e+00
3.7235e+00
3.7105e+00
3.7007e+00
3.6931e+00
3.6855e+00
3.6736e+00
3.6692e+00
3.6681e+00
3.6573e+00
3.6508e+00
3.6453e+00
3.6345e+00
3.6280e+00
3.6182e+00
3.6095e+00
3.6030e+00
3.5899e+00
3.5856e+00
3.5780e+00
3.5671e+00
3.5563e+00
3.5454e+00
3.5400e+00
3.5302e+00
3.5149e+00
3.5084e+00
3.5019e+00
3.4954e+00
3.4889e+00
3.4823e+00
3.4704e+00
3.4671e+00
3.4551e+00
3.4486e+00
3.4442e+00
3.4301e+00
3.4214e+00
3.4138e+00
3.4072e+00
3.4018e+00
3.3953e+00
3.3877e+00
3.3800e+00
3.3768e+00
3.3746e+00
3.3637e+00
3.3561e+00
3.3484e+00
3.3332e+00
3.3310e+00
3.3256e+00
3.3190e+00
3.3125e+00
3.3070e+00
3.2972e+00
3.2940e+00
3.2874e+00
3.2842e+00
3.2765e+00
3.2754e+00
3.2754e+00
3.2645e+00
3.2580e+00
3.2602e+00
3.2525e+00
3.2406e+00
3.2373e+00
3.2373e+00
3.2329e+00
3.2318e+00
3.2242e+00
3.2198e+00
3.2187e+00
3.2220e+00
3.2209e+00
3.2122e+00
3.2089e+00
3.2089e+00
3.2046e+00
3.2013e+00
3.2035e+00
3.2002e+00
3.1958e+00
3.1915e+00
3.1860e+00
3.1871e+00
3.1816e+00
3.1838e+00
3.1773e+00
3.1686e+00
3.1696e+00
3.1795e+00
3.1740e+00
3.1696e+00
3.1718e+00
3.1707e+00
3.1675e+00
3.1642e+00
3.1642e+00
3.1631e+00
3.1653e+00
3.1675e+00
3.1609e+00
3.1565e+00
3.1620e+00
3.1522e+00
3.1533e+00
3.1565e+00
3.1576e+00
3.1576e+00
3.1500e+00
3.1467e+00
3.1533e+00
3.1500e+00
3.1445e+00
3.1434e+00
3.1369e+00
3.1325e+00
3.1303e+00
3.1260e+00
3.1194e+00
3.1183e+00
3.1172e+00
3.1140e+00
3.1052e+00
3.0921e+00
3.0889e+00
3.0899e+00
3.0801e+00
3.0703e+00
3.0681e+00
3.0604e+00
3.0539e+00
3.0528e+00
3.0462e+00
3.0364e+00
3.0320e+00
3.0244e+00
3.0178e+00
3.0135e+00
3.0102e+00
2.9992e+00
2.9894e+00
2.9828e+00
2.9763e+00
2.9686e+00
2.9653e+00
2.9577e+00
2.9446e+00
2.9369e+00
2.9336e+00
2.9282e+00
2.9205e+00
2.9063e+00
2.8964e+00
2.8899e+00
2.8822e+00
2.8745e+00
2.8691e+00
2.8669e+00
2.8625e+00
2.8614e+00
2.8559e+00
2.8548e+00
2.8482e+00
2.8384e+00
2.8406e+00
2.8450e+00
2.8417e+00
2.8461e+00
2.8450e+00
2.8406e+00
2.8450e+00
2.8526e+00
2.8570e+00
2.8592e+00
2.8526e+00
2.8636e+00
2.8581e+00
2.8636e+00
2.8701e+00
2.8767e+00
2.8778e+00
2.8844e+00
2.8866e+00
2.8931e+00
2.8953e+00
2.9030e+00
2.9085e+00
2.9139e+00
2.9128e+00
2.9205e+00
2.9194e+00
2.9227e+00
2.9216e+00
2.9271e+00
2.9292e+00
2.9358e+00
2.9303e+00
2.9369e+00
2.9369e+00
2.9424e+00
2.9468e+00
2.9478e+00
2.9424e+00
2.9336e+00
2.9292e+00
2.9238e+00
2.9150e+00
2.9139e+00
2.9085e+00
2.9030e+00
2.8931e+00
2.8866e+00
2.8866e+00
2.8833e+00
2.8756e+00
2.8701e+00
2.8614e+00
2.8603e+00
2.8592e+00
2.8439e+00
2.8362e+00
2.8351e+00
2.8296e+00
2.8198e+00
2.8110e+00
2.8011e+00
2.8022e+00
2.7957e+00
2.7825e+00
2.7792e+00
2.7705e+00
2.7562e+00
2.7529e+00
2.7464e+00
2.7387e+00
2.7277e+00
2.7157e+00
2.7102e+00
2.7014e+00
2.6948e+00
2.6806e+00
2.6685e+00
2.6641e+00
2.6487e+00
2.6301e+00
2.6191e+00
2.6048e+00
2.5840e+00
2.5752e+00
2.5631e+00
2.5510e+00
2.5455e+00
2.5312e+00
2.5213e+00
2.5082e+00
2.4917e+00
2.4807e+00
2.4653e+00
2.4598e+00
2.4554e+00
2.4389e+00
2.4213e+00
2.4180e+00
2.4081e+00
2.3872e+00
2.3795e+00
2.3718e+00
2.3641e+00
2.3454e+00
2.3377e+00
2.3277e+00
2.3156e+00
2.3024e+00
2.2881e+00
2.2804e+00
2.2793e+00
2.2639e+00
2.2539e+00
2.2495e+00
2.2374e+00
2.2242e+00
2.2176e+00
2.2098e+00
2.1977e+00
2.1933e+00
2.1867e+00
2.1735e+00
2.1613e+00
2.1492e+00
2.1448e+00
2.1370e+00
2.1282e+00
2.1227e+00
2.1183e+00
2.1073e+00
2.0973e+00
2.0907e+00
2.0830e+00
2.0763e+00
2.0697e+00
2.0675e+00
2.0609e+00
2.0543e+00
2.0454e+00
2.0399e+00
2.0311e+00
2.0266e+00
2.0189e+00
2.0145e+00
2.0090e+00
2.0045e+00
1.9979e+00
1.9880e+00
1.9858e+00
1.9835e+00
1.9791e+00
1.9747e+00
1.9670e+00
1.9592e+00
1.9537e+00
1.9493e+00
1.9426e+00
1.9349e+00
1.9338e+00
1.9305e+00
1.9216e+00
1.9183e+00
1.9106e+00
1.9006e+00
1.9006e+00
1.8918e+00
1.8885e+00
1.8829e+00
1.8785e+00
1.8708e+00
1.8674e+00
1.8608e+00
1.8497e+00
1.8442e+00
1.8375e+00
1.8287e+00
1.8243e+00
1.8209e+00
1.8110e+00
1.8054e+00
1.8021e+00
1.7966e+00
1.7888e+00
1.7910e+00
1.7866e+00
1.7744e+00
1.7700e+00
1.7634e+00
1.7556e+00
1.7456e+00
1.7379e+00
1.7345e+00
1.7312e+00
1.7212e+00
1.7102e+00
1.6991e+00
1.6969e+00
1.6913e+00
1.6880e+00
1.6836e+00
1.6780e+00
1.6680e+00
1.6658e+00
1.6592e+00
1.6470e+00
1.6425e+00
1.6359e+00
1.6292e+00
1.6248e+00
1.6226e+00
1.6148e+00
1.6092e+00
1.6015e+00
1.5993e+00
1.5959e+00
1.5848e+00
1.5771e+00
1.5704e+00
1.5626e+00
1.5560e+00
1.5460e+00
1.5360e+00
1.5371e+00
1.5338e+00
1.5238e+00
1.5160e+00
1.5138e+00
1.5071e+00
1.5004e+00
1.4949e+00
1.4838e+00
1.4738e+00
1.4682e+00
1.4638e+00
1.4560e+00
1.4460e+00
1.4360e+00
1.4360e+00
1.4315e+00
1.4238e+00
1.4193e+00
1.4160e+00
1.4115e+00
1.4037e+00
1.3982e+00
1.3993e+00
1.3982e+00
1.3893e+00
1.3826e+00
1.3815e+00
1.3782e+00
1.3682e+00
1.3615e+00
1.3526e+00
1.3537e+00
1.3470e+00
1.3470e+00
1.3415e+00
1.3370e+00
1.3314e+00
1.3259e+00
1.3225e+00
1.3170e+00
1.3103e+00
1.3092e+00
1.3036e+00
1.3025e+00
1.2936e+00
1.2891e+00
1.2847e+00
1.2791e+00
1.2780e+00
1.2769e+00
1.2658e+00
1.2568e+00
1.2524e+00
1.2502e+00
1.2479e+00
1.2357e+00
1.2234e+00
1.2190e+00
1.2089e+00
1.2034e+00
1.1911e+00
1.1811e+00
1.1800e+00
1.1766e+00
1.1699e+00
1.1644e+00
1.1476e+00
1.1421e+00
1.1376e+00
1.1276e+00
1.1186e+00
1.1153e+00
1.1086e+00
1.0986e+00
1.0907e+00
1.0818e+00
1.0707e+00
1.0695e+00
1.0628e+00
1.0573e+00
1.0439e+00
1.0394e+00
1.0316e+00
1.0260e+00
1.0204e+00
1.0126e+00
1.0037e+00
9.9363e-01
9.8469e-01
9.8134e-01
9.7352e-01
9.7017e-01
9.6123e-01
9.6012e-01
9.5229e-01
9.4335e-01
9.3330e-01
9.1988e-01
9.1765e-01
9.1206e-01
9.0200e-01
9.0088e-01
8.9753e-01
8.8970e-01
8.7964e-01
8.7293e-01
8.6510e-01
8.5615e-01
8.4497e-01
8.3602e-01
8.2259e-01
8.2035e-01
8.1811e-01
8.1140e-01
8.0357e-01
7.9126e-01
7.8230e-01
7.7894e-01
7.7335e-01
7.6663e-01
7.5655e-01
7.5207e-01
7.5207e-01
7.4312e-01
7.3080e-01
7.2408e-01
7.1288e-01
7.0727e-01
7.0167e-01
7.0167e-01
7.0055e-01
6.9159e-01
6.8038e-01
6.8038e-01
6.7926e-01
6.7926e-01
6.8038e-01
6.7366e-01
6.7030e-01
6.6806e-01
6.6470e-01
6.6470e-01
6.6470e-01
6.5797e-01
6.5461e-01
6.5685e-01
6.5797e-01
6.5685e-01
6.4564e-01
6.4676e-01
6.5461e-01
6.5237e-01
6.5012e-01
6.5012e-01
6.4676e-01
6.4228e-01
6.4228e-01
6.3667e-01
6.3779e-01
6.4452e-01
6.3779e-01
6.3331e-01
6.3443e-01
6.2994e-01
6.2770e-01
6.2322e-01
6.1873e-01
6.1761e-01
6.2097e-01
6.1761e-01
6.1649e-01
6.1873e-01
6.0752e-01
6.0079e-01
5.9518e-01
5.9294e-01
5.8172e-01
5.7723e-01
5.7723e-01
5.7275e-01
5.6938e-01
5.6826e-01
5.5592e-01
5.4806e-01
5.4806e-01
5.4582e-01
5.4133e-01
5.3123e-01
5.2562e-01
5.2001e-01
5.1552e-01
5.0990e-01
5.0429e-01
4.9531e-01
4.8969e-01
4.8520e-01
4.8296e-01
4.8183e-01
4.7734e-01
4.6948e-01
4.6611e-01
4.5937e-01
4.5263e-01
4.4252e-01
4.3803e-01
4.3129e-01
4.2230e-01
4.1219e-01
4.0657e-01
4.0657e-01
4.0994e-01
3.9870e-01
3.9083e-01
3.8521e-01
3.7847e-01
3.7510e-01
3.6723e-01
3.5598e-01
3.4586e-01
3.4474e-01
3.4024e-01
3.2449e-01
3.1550e-01
3.1100e-01
3.0312e-01
2.9299e-01
2.8962e-01
2.7724e-01
2.7049e-01
2.6936e-01
2.6374e-01
2.5248e-01
2.5023e-01
2.4235e-01
2.3222e-01
2.2208e-01
2.1758e-01
2.1307e-01
2.0970e-01
1.9843e-01
1.9393e-01
1.8604e-01
1.7816e-01
1.7253e-01
1.6464e-01
1.5788e-01
1.5224e-01
1.4097e-01
1.3759e-01
1.3196e-01
1.2294e-01
1.1505e-01
1.1054e-01
1.0829e-01
1.0152e-01
9.4758e-02
9.1376e-02
8.3483e-02
7.8972e-02
7.7844e-02
7.4461e-02
6.7694e-02
5.9799e-02
5.5287e-02
5.5287e-02
5.3031e-02
4.5135e-02
3.8366e-02
2.9340e-02
2.8211e-02
3.1596e-02
2.1441e-02
1.1285e-02
1.3542e-02
1.0157e-02
4.5140e-03
0000
5.6430e-03
4.5140e-03
6.7710e-03
7.9000e-03
1.2414e-02
2.0313e-02
2.4826e-02
3.4981e-02
4.1750e-02
4.9647e-02
5.4159e-02
6.5438e-02
7.8972e-02
9.4758e-02
1.0716e-01
1.2181e-01
1.4097e-01
1.6464e-01
1.8154e-01
1.9731e-01
2.1420e-01
2.4010e-01
2.6036e-01
2.8624e-01
3.0312e-01
3.2674e-01
3.4474e-01
3.7060e-01
3.9533e-01
4.2567e-01
4.4365e-01
4.7397e-01
4.9082e-01
5.2562e-01
5.4694e-01
5.7275e-01
5.9182e-01
6.2546e-01
6.4116e-01
6.6582e-01
6.8150e-01
7.0279e-01
7.1624e-01
7.3080e-01
7.3752e-01
7.5543e-01
7.6663e-01
7.8454e-01
7.9014e-01
8.0916e-01
8.1140e-01
8.2595e-01
8.3490e-01
8.4832e-01
8.5168e-01
8.5503e-01
8.5951e-01
8.7069e-01
8.7516e-01
8.8299e-01
8.8411e-01
8.8970e-01
8.8746e-01
8.8858e-01
8.7964e-01
8.8970e-01
8.8858e-01
8.8970e-01
8.8746e-01
8.9082e-01
8.8299e-01
8.7740e-01
8.6957e-01
8.7405e-01
8.6845e-01
8.6174e-01
8.5727e-01
8.5168e-01
8.4049e-01
8.3825e-01
8.3378e-01
8.2707e-01
8.1811e-01
8.1028e-01
8.0245e-01
8.0021e-01
7.9014e-01
7.8230e-01
7.7670e-01
7.7111e-01
7.5767e-01
7.4983e-01
7.4648e-01
7.3752e-01
7.3192e-01
7.3416e-01
7.3752e-01
7.4536e-01
7.5207e-01
7.5543e-01
7.6663e-01
7.7782e-01
7.9573e-01
8.1476e-01
8.3602e-01
8.5503e-01
8.8075e-01
9.0200e-01
9.3777e-01
9.7352e-01
1.0104e+00
1.0528e+00
1.0974e+00
1.1443e+00
1.1911e+00
1.2424e+00
1.2958e+00
1.3559e+00
1.4160e+00
1.4827e+00
1.5515e+00
1.6348e+00
1.7190e+00
1.8243e+00
1.9161e+00
2.0101e+00
2.0852e+00
2.1635e+00
2.2429e+00
2.3167e+00
2.3806e+00
2.4466e+00
2.5148e+00
2.5829e+00
2.6421e+00
2.6948e+00
2.7562e+00
2.8011e+00
2.8581e+00
2.9096e+00
2.9555e+00
3.0014e+00
3.0484e+00
3.0987e+00
3.1456e+00
3.1882e+00
3.2329e+00
3.2722e+00
3.3223e+00
3.3626e+00
3.4072e+00
3.4377e+00
3.4856e+00
3.5302e+00
3.5747e+00
3.6106e+00
3.6497e+00
3.6714e+00
3.6953e+00
3.7246e+00
3.7549e+00
3.7755e+00
3.7961e+00
3.8102e+00
3.8265e+00
3.8373e+00
3.8492e+00
3.8579e+00
3.8676e+00
3.8720e+00
3.8774e+00
3.8774e+00
3.8763e+00
3.8774e+00
3.8687e+00
3.8741e+00
3.8666e+00
3.8622e+00
3.8546e+00
3.8579e+00
3.8492e+00
3.8427e+00
3.8135e+00
3.8557e+00
3.8297e+00
3.8297e+00
3.8254e+00
3.8113e+00
3.7940e+00
3.7842e+00
3.7614e+00
3.7506e+00
3.7300e+00
3.7191e+00
3.6942e+00
3.6725e+00
3.6486e+00
3.6269e+00
3.5986e+00
3.5802e+00
3.5486e+00
3.5247e+00
3.4997e+00
3.4747e+00
3.4421e+00
3.4181e+00
3.3866e+00
3.3561e+00
3.3288e+00
3.3103e+00
3.2765e+00
3.2482e+00
3.2275e+00
3.2013e+00
3.1653e+00
3.1402e+00
3.1151e+00
3.0856e+00
3.0561e+00
3.0266e+00
2.9894e+00
2.9653e+00
2.9347e+00
2.9052e+00
2.8712e+00
2.8362e+00
2.8088e+00
2.7858e+00
2.7507e+00
2.7244e+00
2.6926e+00
2.6641e+00
2.6367e+00
2.6092e+00
2.5840e+00
2.5532e+00
2.5235e+00
2.4972e+00
2.4708e+00
2.4510e+00
2.4235e+00
2.3982e+00
2.3696e+00
2.3421e+00
2.3211e+00
2.2991e+00
2.2727e+00
2.2506e+00
2.2253e+00
2.2010e+00
2.1823e+00
2.1613e+00
2.1426e+00
2.1139e+00
2.0885e+00
2.0697e+00
2.0565e+00
2.0355e+00
2.0167e+00
2.0012e+00
1.9747e+00
1.9526e+00
1.9327e+00
1.9117e+00
1.8896e+00
1.8685e+00
1.8475e+00
1.8287e+00
1.8088e+00
1.7888e+00
1.7667e+00
1.7512e+00
1.7423e+00
1.7201e+00
1.7046e+00
1.6847e+00
1.6625e+00
1.6492e+00
1.6403e+00
1.6192e+00
1.6048e+00
1.5848e+00
1.5671e+00
1.5515e+00
1.5360e+00
1.5138e+00
1.5016e+00
1.4860e+00
1.4727e+00
1.4538e+00
1.4427e+00
1.4327e+00
1.4182e+00
1.4037e+00
1.3904e+00
1.3759e+00
1.3615e+00
1.3392e+00
1.3281e+00
1.3136e+00
1.3014e+00
1.2847e+00
1.2702e+00
1.2580e+00
1.2446e+00
1.2290e+00
1.2112e+00
1.2023e+00
