9.1547e+00
9.1154e+00
9.0671e+00
9.0301e+00
8.9840e+00
8.9593e+00
8.8974e+00
8.8659e+00
8.8152e+00
8.7792e+00
8.7307e+00
8.6946e+00
8.6506e+00
8.6100e+00
8.5592e+00
8.5242e+00
8.4767e+00
8.4496e+00
8.4134e+00
8.3772e+00
8.3286e+00
8.2946e+00
8.2425e+00
8.2051e+00
8.1586e+00
8.1257e+00
8.0849e+00
8.0417e+00
7.9895e+00
7.9588e+00
7.9168e+00
7.8838e+00
7.8360e+00
7.8019e+00
7.7643e+00
7.7290e+00
7.6868e+00
7.6526e+00
7.6150e+00
7.5785e+00
7.5306e+00
7.4975e+00
7.4643e+00
7.4392e+00
7.3935e+00
7.3661e+00
7.3329e+00
7.3020e+00
7.2619e+00
7.2402e+00
7.2036e+00
7.1680e+00
7.1314e+00
7.0981e+00
7.0591e+00
7.0316e+00
6.9960e+00
6.9650e+00
6.9237e+00
6.8938e+00
6.8524e+00
6.8237e+00
6.7869e+00
6.7569e+00
6.7167e+00
6.6902e+00
6.6556e+00
6.6222e+00
6.5819e+00
6.5577e+00
6.5196e+00
6.4861e+00
6.4492e+00
6.4157e+00
6.3880e+00
6.3684e+00
6.3314e+00
6.3013e+00
6.2724e+00
6.2389e+00
6.2076e+00
6.1810e+00
6.1613e+00
6.1324e+00
6.1080e+00
6.0883e+00
6.0721e+00
6.0443e+00
6.0188e+00
5.9875e+00
5.9538e+00
5.9329e+00
5.9051e+00
5.8749e+00
5.8458e+00
5.8226e+00
5.7889e+00
5.7680e+00
5.7436e+00
5.7226e+00
5.6959e+00
5.6784e+00
5.6540e+00
5.6447e+00
5.6214e+00
5.5957e+00
5.5771e+00
5.5561e+00
5.5340e+00
5.5142e+00
5.4862e+00
5.4687e+00
5.4477e+00
5.4220e+00
5.4069e+00
5.3859e+00
5.3707e+00
5.3508e+00
5.3392e+00
5.3088e+00
5.2948e+00
5.2749e+00
5.2621e+00
5.2445e+00
5.2293e+00
5.2130e+00
5.1954e+00
5.1896e+00
5.1709e+00
5.1638e+00
5.1568e+00
5.1428e+00
5.1311e+00
5.1252e+00
5.1030e+00
5.0983e+00
5.0936e+00
5.0866e+00
5.0725e+00
5.0714e+00
5.0667e+00
5.0632e+00
5.0585e+00
5.0655e+00
5.0538e+00
5.0503e+00
5.0468e+00
5.0433e+00
5.0386e+00
5.0374e+00
5.0245e+00
5.0292e+00
5.0187e+00
5.0175e+00
5.0163e+00
5.0116e+00
5.0116e+00
5.0140e+00
5.0104e+00
5.0116e+00
5.0151e+00
5.0140e+00
5.0116e+00
5.0151e+00
5.0069e+00
5.0034e+00
5.0058e+00
4.9987e+00
4.9917e+00
4.9905e+00
4.9800e+00
4.9694e+00
4.9647e+00
4.9565e+00
4.9472e+00
4.9436e+00
4.9366e+00
4.9178e+00
4.9108e+00
4.9002e+00
4.8909e+00
4.8803e+00
4.8662e+00
4.8592e+00
4.8439e+00
4.8333e+00
4.8134e+00
4.7993e+00
4.7899e+00
4.7770e+00
4.7664e+00
4.7594e+00
4.7500e+00
4.7347e+00
4.7265e+00
4.7135e+00
4.7029e+00
4.6841e+00
4.6700e+00
4.6536e+00
4.6453e+00
4.6347e+00
4.6136e+00
4.5983e+00
4.5889e+00
4.5771e+00
4.5653e+00
4.5547e+00
4.5406e+00
4.5323e+00
4.5170e+00
4.4994e+00
4.4829e+00
4.4699e+00
4.4558e+00
4.4381e+00
4.4228e+00
4.4063e+00
4.3992e+00
4.3803e+00
4.3614e+00
4.3520e+00
4.3426e+00
4.3284e+00
4.3166e+00
4.3024e+00
4.2836e+00
4.2682e+00
4.2588e+00
4.2470e+00
4.2351e+00
4.2269e+00
4.2056e+00
4.1891e+00
4.1820e+00
4.1666e+00
4.1560e+00
4.1418e+00
4.1347e+00
4.1158e+00
4.1063e+00
4.0921e+00
4.0791e+00
4.0649e+00
4.0495e+00
4.0412e+00
4.0329e+00
4.0116e+00
3.9998e+00
3.9868e+00
3.9761e+00
3.9595e+00
3.9489e+00
3.9323e+00
3.9216e+00
3.9109e+00
3.8991e+00
3.8884e+00
3.8683e+00
3.8529e+00
3.8422e+00
3.8280e+00
3.8161e+00
3.8090e+00
3.7924e+00
3.7757e+00
3.7615e+00
3.7520e+00
3.7378e+00
3.7200e+00
3.7128e+00
3.7045e+00
3.6879e+00
3.6808e+00
3.6701e+00
3.6594e+00
3.6439e+00
3.6309e+00
3.6249e+00
3.6130e+00
3.5976e+00
3.5821e+00
3.5690e+00
3.5607e+00
3.5476e+00
3.5369e+00
3.5179e+00
3.5072e+00
3.5012e+00
3.4857e+00
3.4738e+00
3.4691e+00
3.4536e+00
3.4393e+00
3.4262e+00
3.4155e+00
3.4060e+00
3.3940e+00
3.3762e+00
3.3678e+00
3.3559e+00
3.3440e+00
3.3356e+00
3.3213e+00
3.3082e+00
3.2975e+00
3.2915e+00
3.2796e+00
3.2689e+00
3.2522e+00
3.2426e+00
3.2343e+00
3.2223e+00
3.2104e+00
3.1996e+00
3.1841e+00
3.1734e+00
3.1650e+00
3.1495e+00
3.1411e+00
3.1268e+00
3.1196e+00
3.1136e+00
3.1065e+00
3.0909e+00
3.0826e+00
3.0706e+00
3.0587e+00
3.0443e+00
3.0312e+00
3.0228e+00
3.0168e+00
3.0061e+00
2.9929e+00
2.9857e+00
2.9737e+00
2.9582e+00
2.9474e+00
2.9438e+00
2.9331e+00
2.9235e+00
2.9151e+00
2.9055e+00
2.8959e+00
2.8888e+00
2.8804e+00
2.8624e+00
2.8492e+00
2.8372e+00
2.8241e+00
2.8145e+00
2.8085e+00
2.7977e+00
2.7881e+00
2.7797e+00
2.7677e+00
2.7545e+00
2.7521e+00
2.7425e+00
2.7305e+00
2.7257e+00
2.7149e+00
2.7017e+00
2.6957e+00
2.6885e+00
2.6741e+00
2.6609e+00
2.6465e+00
2.6357e+00
2.6285e+00
2.6249e+00
2.6117e+00
2.6033e+00
2.5949e+00
2.5817e+00
2.5769e+00
2.5661e+00
2.5589e+00
2.5480e+00
2.5384e+00
2.5264e+00
2.5180e+00
2.5024e+00
2.4963e+00
2.4867e+00
2.4771e+00
2.4675e+00
2.4579e+00
2.4543e+00
2.4494e+00
2.4458e+00
2.4374e+00
2.4266e+00
2.4170e+00
2.4061e+00
2.4001e+00
2.3965e+00
2.3857e+00
2.3736e+00
2.3616e+00
2.3519e+00
2.3411e+00
2.3339e+00
2.3279e+00
2.3206e+00
2.3110e+00
2.3002e+00
2.2953e+00
2.2857e+00
2.2700e+00
2.2616e+00
2.2580e+00
2.2532e+00
2.2471e+00
2.2375e+00
2.2242e+00
2.2182e+00
2.2085e+00
2.1977e+00
2.1905e+00
2.1844e+00
2.1760e+00
2.1736e+00
2.1687e+00
2.1579e+00
2.1458e+00
2.1325e+00
2.1277e+00
2.1205e+00
2.1132e+00
2.1024e+00
2.0927e+00
2.0843e+00
2.0734e+00
2.0673e+00
2.0625e+00
2.0529e+00
2.0444e+00
2.0359e+00
2.0263e+00
2.0166e+00
2.0106e+00
2.0021e+00
1.9949e+00
1.9828e+00
1.9731e+00
1.9695e+00
1.9586e+00
1.9453e+00
1.9344e+00
1.9259e+00
1.9187e+00
1.9126e+00
1.9090e+00
1.9066e+00
1.8909e+00
1.8812e+00
1.8727e+00
1.8594e+00
1.8497e+00
1.8425e+00
1.8316e+00
1.8207e+00
1.8146e+00
1.8049e+00
1.7928e+00
1.7868e+00
1.7759e+00
1.7662e+00
1.7553e+00
1.7480e+00
1.7395e+00
1.7262e+00
1.7201e+00
1.7080e+00
1.6935e+00
1.6838e+00
1.6777e+00
1.6631e+00
1.6510e+00
1.6450e+00
1.6340e+00
1.6243e+00
1.6122e+00
1.6025e+00
1.5928e+00
1.5807e+00
1.5685e+00
1.5588e+00
1.5527e+00
1.5406e+00
1.5248e+00
1.5139e+00
1.5078e+00
1.4969e+00
1.4847e+00
1.4726e+00
1.4580e+00
1.4495e+00
1.4434e+00
1.4300e+00
1.4179e+00
1.4106e+00
1.4057e+00
1.3960e+00
1.3875e+00
1.3741e+00
1.3644e+00
1.3534e+00
1.3461e+00
1.3388e+00
1.3279e+00
1.3096e+00
1.3011e+00
1.2926e+00
1.2768e+00
1.2719e+00
1.2670e+00
1.2524e+00
1.2463e+00
1.2451e+00
1.2366e+00
1.2207e+00
1.2098e+00
1.2037e+00
1.1939e+00
1.1793e+00
1.1744e+00
1.1696e+00
1.1574e+00
1.1549e+00
1.1489e+00
1.1391e+00
1.1330e+00
1.1306e+00
1.1232e+00
1.1098e+00
1.1037e+00
1.0989e+00
1.0915e+00
1.0830e+00
1.0745e+00
1.0720e+00
1.0635e+00
1.0513e+00
1.0391e+00
1.0354e+00
1.0244e+00
1.0147e+00
1.0122e+00
1.0025e+00
1.0025e+00
9.9147e-01
9.8171e-01
9.7682e-01
9.6950e-01
9.6339e-01
9.5728e-01
9.4873e-01
9.3407e-01
9.2308e-01
9.1819e-01
9.1452e-01
9.0719e-01
9.0597e-01
9.0353e-01
8.9986e-01
8.9131e-01
8.8519e-01
8.7908e-01
8.7542e-01
8.6319e-01
8.6931e-01
8.5586e-01
8.4852e-01
8.3507e-01
8.3629e-01
8.2896e-01
8.1795e-01
8.1061e-01
8.0816e-01
8.0327e-01
7.9960e-01
7.9593e-01
7.9104e-01
7.8247e-01
7.7513e-01
7.7391e-01
7.7024e-01
7.6167e-01
7.5922e-01
7.5310e-01
7.4331e-01
7.4086e-01
7.3474e-01
7.2862e-01
7.2372e-01
7.1515e-01
7.1026e-01
7.1026e-01
7.0046e-01
6.9311e-01
6.9434e-01
6.8821e-01
6.8699e-01
6.7964e-01
6.8332e-01
6.7842e-01
6.8087e-01
6.7842e-01
6.7474e-01
6.7597e-01
6.8087e-01
6.8087e-01
6.7719e-01
6.8577e-01
6.9311e-01
6.8699e-01
6.8944e-01
6.9066e-01
6.9556e-01
6.9801e-01
7.0291e-01
7.0413e-01
7.1148e-01
7.1148e-01
7.1883e-01
7.2495e-01
7.2740e-01
7.3229e-01
7.3474e-01
7.2862e-01
7.2985e-01
7.3229e-01
7.3841e-01
7.3964e-01
7.4209e-01
7.4086e-01
7.4453e-01
7.4331e-01
7.4576e-01
7.3964e-01
7.4086e-01
7.4453e-01
7.3719e-01
7.3719e-01
7.3719e-01
7.3597e-01
7.3719e-01
7.3964e-01
7.3964e-01
7.3474e-01
7.2985e-01
7.2617e-01
7.2617e-01
7.2372e-01
7.2005e-01
7.2005e-01
7.1271e-01
7.0169e-01
7.0046e-01
6.9924e-01
6.9434e-01
6.9311e-01
6.8944e-01
6.8209e-01
6.7229e-01
6.6494e-01
6.6494e-01
6.6127e-01
6.5637e-01
6.4657e-01
6.3799e-01
6.3064e-01
6.2328e-01
6.1716e-01
6.1225e-01
6.1225e-01
6.1348e-01
6.0122e-01
5.9264e-01
5.8896e-01
5.8161e-01
5.7180e-01
5.6567e-01
5.5586e-01
5.4850e-01
5.4114e-01
5.3501e-01
5.2397e-01
5.1784e-01
5.0679e-01
5.0434e-01
4.9698e-01
4.8839e-01
4.7857e-01
4.6630e-01
4.6139e-01
4.5525e-01
4.4911e-01
4.4174e-01
4.2210e-01
4.1350e-01
4.1227e-01
4.0736e-01
3.9876e-01
3.9385e-01
3.8648e-01
3.8034e-01
3.6805e-01
3.6682e-01
3.6437e-01
3.5822e-01
3.5208e-01
3.4348e-01
3.3241e-01
3.2996e-01
3.2381e-01
3.1644e-01
3.0537e-01
2.9676e-01
2.9062e-01
2.8324e-01
2.7955e-01
2.8447e-01
2.8201e-01
2.7463e-01
2.7955e-01
2.7586e-01
2.7709e-01
2.7586e-01
2.8201e-01
2.8816e-01
3.0045e-01
3.1152e-01
3.2012e-01
3.2996e-01
3.5331e-01
3.6559e-01
3.8034e-01
3.9999e-01
4.2824e-01
4.5034e-01
4.7734e-01
5.0434e-01
5.3378e-01
5.6199e-01
5.9387e-01
6.2451e-01
6.5759e-01
6.9066e-01
7.2617e-01
7.6167e-01
7.9838e-01
8.3018e-01
8.6686e-01
9.0475e-01
9.4385e-01
9.7926e-01
1.0208e+00
1.0537e+00
1.0915e+00
1.1281e+00
1.1647e+00
1.1988e+00
1.2427e+00
1.2731e+00
1.3060e+00
1.3388e+00
1.3741e+00
1.4082e+00
1.4458e+00
1.4689e+00
1.5054e+00
1.5333e+00
1.5637e+00
1.5891e+00
1.6158e+00
1.6389e+00
1.6668e+00
1.6862e+00
1.7153e+00
1.7347e+00
1.7601e+00
1.7734e+00
1.7952e+00
1.8122e+00
1.8352e+00
1.8461e+00
1.8703e+00
1.8872e+00
1.9042e+00
1.9175e+00
1.9332e+00
1.9417e+00
1.9610e+00
1.9695e+00
1.9840e+00
1.9912e+00
2.0069e+00
2.0094e+00
2.0227e+00
2.0251e+00
2.0335e+00
2.0408e+00
2.0492e+00
2.0516e+00
2.0589e+00
2.0637e+00
2.0722e+00
2.0758e+00
2.0734e+00
2.0710e+00
2.0806e+00
2.0758e+00
2.0782e+00
2.0673e+00
2.0722e+00
2.0722e+00
2.0661e+00
2.0577e+00
2.0565e+00
2.0529e+00
2.0468e+00
2.0323e+00
2.0251e+00
2.0227e+00
2.0154e+00
2.0021e+00
1.9900e+00
1.9840e+00
1.9767e+00
1.9634e+00
1.9525e+00
1.9429e+00
1.9405e+00
1.9284e+00
1.9114e+00
1.9018e+00
1.8981e+00
1.8897e+00
1.8800e+00
1.8667e+00
1.8582e+00
1.8509e+00
1.8364e+00
1.8219e+00
1.8037e+00
1.7928e+00
1.7831e+00
1.7734e+00
1.7577e+00
1.7468e+00
1.7274e+00
1.7165e+00
1.7044e+00
1.6922e+00
1.6753e+00
1.6644e+00
1.6510e+00
1.6474e+00
1.6353e+00
1.6207e+00
1.6037e+00
1.5867e+00
1.5770e+00
1.5685e+00
1.5564e+00
1.5503e+00
1.5382e+00
1.5260e+00
1.5054e+00
1.4969e+00
1.4823e+00
1.4762e+00
1.4641e+00
1.4507e+00
1.4349e+00
1.4240e+00
1.4118e+00
1.4069e+00
1.3960e+00
1.3887e+00
1.3778e+00
1.3668e+00
1.3510e+00
1.3388e+00
1.3291e+00
1.3218e+00
1.3060e+00
1.3023e+00
1.2914e+00
1.2853e+00
1.2804e+00
1.2646e+00
1.2463e+00
1.2451e+00
1.2402e+00
1.2317e+00
1.2098e+00
1.2013e+00
1.1891e+00
1.1805e+00
1.1696e+00
1.1623e+00
1.1501e+00
1.1403e+00
1.1245e+00
1.1184e+00
1.1098e+00
1.1025e+00
1.0903e+00
1.0830e+00
1.0696e+00
1.0586e+00
1.0452e+00
1.0391e+00
1.0318e+00
1.0318e+00
1.0232e+00
1.0134e+00
1.0000e+00
9.9025e-01
9.8415e-01
9.7316e-01
9.6095e-01
9.5484e-01
9.3774e-01
9.2797e-01
9.2186e-01
9.1819e-01
9.0475e-01
8.9742e-01
8.8764e-01
8.7542e-01
8.6686e-01
8.5586e-01
8.4974e-01
8.3752e-01
8.3018e-01
8.1917e-01
8.1061e-01
8.0082e-01
7.9226e-01
7.8859e-01
7.7758e-01
7.6901e-01
7.6289e-01
7.6045e-01
7.5066e-01
7.4086e-01
7.2985e-01
7.1760e-01
7.1271e-01
7.0903e-01
7.0536e-01
6.9434e-01
6.8087e-01
6.7597e-01
6.5759e-01
6.5024e-01
6.4779e-01
6.3922e-01
6.2819e-01
6.1961e-01
6.1593e-01
6.1225e-01
6.0735e-01
6.0245e-01
5.9264e-01
5.8651e-01
5.7793e-01
5.6935e-01
5.6690e-01
5.6322e-01
5.5463e-01
5.4605e-01
5.4237e-01
5.3501e-01
5.2274e-01
5.2029e-01
5.1661e-01
5.0189e-01
4.9698e-01
4.9207e-01
4.8593e-01
4.8593e-01
4.7980e-01
4.6752e-01
4.5770e-01
4.5402e-01
4.4174e-01
4.3315e-01
4.2333e-01
4.2087e-01
4.1473e-01
4.0736e-01
4.0122e-01
3.9139e-01
3.8279e-01
3.7665e-01
3.6805e-01
3.6191e-01
3.5699e-01
3.5085e-01
3.4593e-01
3.3733e-01
3.3118e-01
3.2381e-01
3.0906e-01
3.0291e-01
2.9799e-01
2.9430e-01
2.8693e-01
2.7586e-01
2.7217e-01
2.6971e-01
2.6233e-01
2.5741e-01
2.4757e-01
2.4880e-01
2.4142e-01
2.3281e-01
2.2542e-01
2.2050e-01
2.1066e-01
1.9835e-01
1.9343e-01
1.8974e-01
1.8112e-01
1.7373e-01
1.7127e-01
1.6388e-01
1.5896e-01
1.5650e-01
1.4665e-01
1.3679e-01
1.3679e-01
1.2941e-01
1.2201e-01
1.1832e-01
1.1093e-01
1.0354e-01
9.9841e-02
9.1217e-02
8.6289e-02
8.3824e-02
7.2734e-02
6.4107e-02
5.7945e-02
5.5480e-02
5.0550e-02
4.4386e-02
3.6990e-02
2.9593e-02
2.7127e-02
2.0963e-02
1.1099e-02
8.6320e-03
8.6320e-03
4.9330e-03
0000
6.1660e-03
8.6320e-03
8.6320e-03
1.2332e-02
2.8360e-02
4.3154e-02
5.4247e-02
6.2875e-02
8.2592e-02
1.0354e-01
1.2941e-01
1.6142e-01
1.9835e-01
2.2665e-01
2.5864e-01
2.9676e-01
3.3979e-01
3.7911e-01
4.3192e-01
4.7243e-01
5.2274e-01
5.7916e-01
6.4044e-01
6.8944e-01
7.4821e-01
8.0572e-01
8.6197e-01
9.1819e-01
9.7926e-01
1.0379e+00
1.1074e+00
1.1684e+00
1.2256e+00
1.2841e+00
1.3486e+00
1.4021e+00
1.4616e+00
1.5199e+00
1.5758e+00
1.6316e+00
1.6825e+00
1.7347e+00
1.7843e+00
1.8316e+00
1.8872e+00
1.9296e+00
1.9779e+00
2.0311e+00
2.0698e+00
2.1132e+00
2.1446e+00
2.1868e+00
2.2266e+00
2.2580e+00
2.3038e+00
2.3351e+00
2.3592e+00
2.3905e+00
2.4206e+00
2.4458e+00
2.4651e+00
2.4939e+00
2.5180e+00
2.5432e+00
2.5540e+00
2.5745e+00
2.5889e+00
2.5997e+00
2.6153e+00
2.6357e+00
2.6525e+00
2.6609e+00
2.6765e+00
2.6801e+00
2.6909e+00
2.6969e+00
2.7053e+00
2.7125e+00
2.7209e+00
2.7269e+00
2.7341e+00
2.7449e+00
2.7593e+00
2.7737e+00
2.7953e+00
2.8085e+00
2.8360e+00
2.8612e+00
2.8911e+00
2.9223e+00
2.9737e+00
3.0156e+00
3.0718e+00
3.1292e+00
3.1913e+00
3.2593e+00
3.3452e+00
3.4202e+00
3.5060e+00
3.6023e+00
3.7045e+00
3.8078e+00
3.9240e+00
4.0519e+00
4.1702e+00
4.3131e+00
4.4534e+00
4.5947e+00
4.7347e+00
4.8979e+00
5.0397e+00
5.1919e+00
5.3287e+00
5.4839e+00
5.6214e+00
5.7970e+00
5.9364e+00
6.0814e+00
6.2238e+00
6.3568e+00
6.4815e+00
6.6026e+00
6.7293e+00
6.8421e+00
6.9604e+00
7.0694e+00
7.1795e+00
7.2642e+00
7.3695e+00
7.4529e+00
7.5363e+00
7.6105e+00
7.6857e+00
7.7541e+00
7.8349e+00
7.8986e+00
7.9611e+00
8.0190e+00
8.0769e+00
8.1223e+00
8.1779e+00
8.2244e+00
8.2538e+00
8.2991e+00
8.3455e+00
8.3806e+00
8.4123e+00
8.4496e+00
8.4813e+00
8.5106e+00
8.5355e+00
8.5603e+00
8.5829e+00
8.5999e+00
8.6224e+00
8.6427e+00
8.6574e+00
8.6664e+00
8.6743e+00
8.6845e+00
8.6856e+00
8.6924e+00
8.6901e+00
8.6980e+00
8.6845e+00
8.6766e+00
8.6721e+00
8.6563e+00
8.6348e+00
8.6269e+00
8.6078e+00
8.5863e+00
8.5603e+00
8.5378e+00
8.5073e+00
8.4779e+00
8.4451e+00
8.4112e+00
8.3738e+00
8.3331e+00
8.2957e+00
8.2640e+00
8.2164e+00
8.1688e+00
8.1314e+00
8.0962e+00
8.0497e+00
8.0088e+00
7.9634e+00
7.9190e+00
7.8747e+00
7.8280e+00
7.7791e+00
7.7324e+00
7.6800e+00
7.6333e+00
7.5785e+00
7.5306e+00
7.4860e+00
7.4404e+00
7.3946e+00
7.3512e+00
7.3100e+00
7.2677e+00
7.2219e+00
7.1818e+00
7.1325e+00
7.0924e+00
7.0499e+00
7.0075e+00
6.9627e+00
6.9202e+00
6.8823e+00
6.8524e+00
6.8133e+00
6.7754e+00
6.7328e+00
6.7017e+00
6.6648e+00
6.6360e+00
6.6003e+00
6.5634e+00
6.5288e+00
6.5023e+00
6.4757e+00
6.4457e+00
6.4157e+00
6.3868e+00
6.3499e+00
6.3233e+00
6.2932e+00
6.2689e+00
6.2412e+00
6.2122e+00
6.1868e+00
6.1648e+00
6.1358e+00
6.1080e+00
6.0756e+00
6.0443e+00
6.0211e+00
5.9979e+00
5.9643e+00
5.9411e+00
5.9051e+00
5.8795e+00
5.8505e+00
5.8307e+00
5.8121e+00
5.7831e+00
5.7575e+00
5.7238e+00
5.7052e+00
5.6784e+00
5.6551e+00
5.6249e+00
5.5992e+00
5.5794e+00
5.5596e+00
5.5328e+00
5.5130e+00
5.4897e+00
5.4722e+00
5.4454e+00
5.4174e+00
5.3999e+00
5.3649e+00
5.3368e+00
5.3158e+00
5.2901e+00
5.2632e+00
5.2434e+00
5.2048e+00
5.1919e+00
5.1650e+00
5.1393e+00
5.1334e+00
5.0936e+00
5.0854e+00
5.0550e+00
5.0362e+00
5.0210e+00
4.9917e+00
4.9788e+00
4.9542e+00
4.9354e+00
4.9108e+00
4.8932e+00
4.8662e+00
4.8427e+00
4.8275e+00
4.8063e+00
4.7793e+00
4.7641e+00
4.7382e+00
4.7253e+00
4.7053e+00
4.6935e+00
4.6712e+00
4.6559e+00
4.6383e+00
4.6218e+00
4.5983e+00
4.5889e+00
4.5724e+00
4.5547e+00
4.5406e+00
4.5217e+00
4.5088e+00
4.4994e+00
4.4817e+00
4.4652e+00
4.4511e+00
4.4405e+00
4.4192e+00
4.4098e+00
4.3957e+00
4.3803e+00
4.3638e+00
4.3473e+00
4.3343e+00
4.3237e+00
4.3060e+00
4.2895e+00
4.2753e+00
4.2647e+00
4.2540e+00
4.2410e+00
4.2281e+00
4.2162e+00
4.2068e+00
4.1938e+00
4.1855e+00
4.1749e+00
4.1607e+00
4.1430e+00
4.1300e+00
4.1240e+00
4.1110e+00
4.0968e+00
4.0886e+00
4.0791e+00
4.0744e+00
4.0590e+00
4.0436e+00
4.0400e+00
4.0270e+00
4.0140e+00
4.0069e+00
3.9951e+00
3.9856e+00
3.9785e+00
3.9631e+00
3.9477e+00
3.9358e+00
3.9264e+00
3.9169e+00
3.9157e+00
3.9015e+00
3.8920e+00
3.8884e+00
3.8789e+00
3.8742e+00
3.8718e+00
3.8552e+00
3.8434e+00
3.8410e+00
3.8327e+00
3.8268e+00
3.8220e+00
3.8102e+00
3.8007e+00
3.7900e+00
3.7876e+00
3.7817e+00
3.7769e+00
3.7769e+00
3.7698e+00
3.7627e+00
3.7615e+00
3.7496e+00
3.7390e+00
3.7366e+00
3.7330e+00
3.7176e+00
3.7211e+00
3.7188e+00
3.7021e+00
3.6914e+00
3.6938e+00
3.6938e+00
3.6831e+00
3.6772e+00
3.6748e+00
3.6701e+00
3.6701e+00
3.6641e+00
3.6558e+00
3.6451e+00
3.6439e+00
3.6332e+00
3.6166e+00
3.6130e+00
3.6047e+00
3.5928e+00
3.5940e+00
3.5904e+00
3.5857e+00
3.5762e+00
3.5738e+00
3.5666e+00
3.5619e+00
3.5524e+00
3.5524e+00
3.5464e+00
3.5357e+00
3.5310e+00
3.5381e+00
3.5417e+00
3.5322e+00
3.5262e+00
3.5250e+00
3.5250e+00
3.5250e+00
3.5298e+00
3.5417e+00
3.5381e+00
3.5381e+00
3.5512e+00
3.5559e+00
3.5536e+00
3.5559e+00
3.5643e+00
3.5738e+00
3.5845e+00
3.5964e+00
3.6035e+00
3.6166e+00
3.6261e+00
3.6427e+00
3.6522e+00
3.6665e+00
3.6808e+00
3.6998e+00
3.7081e+00
3.7295e+00
3.7461e+00
3.7568e+00
3.7674e+00
3.7841e+00
3.7959e+00
3.8149e+00
3.8208e+00
3.8398e+00
3.8457e+00
3.8600e+00
3.8683e+00
3.8825e+00
3.8979e+00
3.9109e+00
3.9228e+00
3.9358e+00
3.9441e+00
3.9501e+00
3.9560e+00
3.9690e+00
3.9714e+00
3.9749e+00
3.9773e+00
3.9832e+00
3.9820e+00
3.9927e+00
3.9986e+00
4.0022e+00
4.0033e+00
4.0116e+00
4.0093e+00
4.0093e+00
4.0022e+00
4.0022e+00
4.0022e+00
4.0010e+00
3.9903e+00
3.9797e+00
3.9726e+00
3.9643e+00
3.9678e+00
3.9524e+00
3.9501e+00
3.9418e+00
3.9406e+00
3.9311e+00
3.9228e+00
3.9098e+00
3.9027e+00
3.8908e+00
3.8849e+00
3.8730e+00
3.8730e+00
3.8671e+00
3.8600e+00
3.8529e+00
3.8588e+00
3.8623e+00
3.8600e+00
3.8564e+00
3.8683e+00
3.8683e+00
3.8789e+00
3.8861e+00
3.9015e+00
3.9145e+00
3.9335e+00
3.9560e+00
3.9820e+00
4.0093e+00
4.0436e+00
4.0779e+00
4.1181e+00
4.1548e+00
4.1985e+00
4.2410e+00
4.2942e+00
4.3567e+00
4.4110e+00
4.4735e+00
4.5300e+00
4.5912e+00
4.6489e+00
4.7182e+00
4.7805e+00
4.8521e+00
4.9143e+00
4.9823e+00
5.0526e+00
5.1159e+00
5.1802e+00
5.2480e+00
5.3076e+00
5.3719e+00
5.4337e+00
5.4897e+00
5.5445e+00
5.5992e+00
5.6493e+00
5.7040e+00
5.7529e+00
5.7901e+00
5.8365e+00
5.8842e+00
5.9271e+00
5.9666e+00
6.0014e+00
6.0443e+00
6.0802e+00
6.1092e+00
6.1520e+00
6.1798e+00
6.2053e+00
6.2296e+00
6.2597e+00
6.2805e+00
6.2955e+00
6.3117e+00
6.3383e+00
6.3580e+00
6.3776e+00
6.3891e+00
6.4076e+00
6.4157e+00
6.4261e+00
6.4342e+00
6.4527e+00
6.4527e+00
6.4584e+00
6.4619e+00
6.4711e+00
6.4677e+00
6.4769e+00
6.4700e+00
6.4734e+00
6.4642e+00
6.4700e+00
6.4607e+00
6.4596e+00
6.4515e+00
6.4515e+00
6.4330e+00
6.4215e+00
6.4042e+00
6.3903e+00
6.3695e+00
6.3545e+00
6.3348e+00
6.3094e+00
6.2886e+00
6.2724e+00
6.2400e+00
6.2134e+00
6.1856e+00
6.1729e+00
6.1497e+00
6.1196e+00
6.0825e+00
6.0582e+00
6.0292e+00
5.9967e+00
5.9689e+00
5.9422e+00
5.9004e+00
5.8691e+00
5.8424e+00
5.8098e+00
5.7738e+00
5.7412e+00
5.7075e+00
5.6784e+00
5.6447e+00
5.6027e+00
5.5736e+00
5.5363e+00
5.4990e+00
5.4640e+00
5.4372e+00
5.4010e+00
5.3590e+00
5.3298e+00
5.3006e+00
5.2667e+00
5.2340e+00
5.2013e+00
5.1685e+00
5.1381e+00
5.1100e+00
5.0749e+00
5.0386e+00
5.0093e+00
4.9823e+00
4.9565e+00
4.9249e+00
4.8979e+00
4.8662e+00
4.8333e+00
4.8028e+00
4.7758e+00
4.7464e+00
4.7182e+00
4.6935e+00
4.6641e+00
4.6430e+00
4.6218e+00
4.5983e+00
4.5665e+00
4.5406e+00
4.5170e+00
4.4947e+00
4.4687e+00
4.4452e+00
4.4251e+00
4.3957e+00
4.3697e+00
4.3520e+00
4.3272e+00
4.3095e+00
4.2859e+00
4.2658e+00
4.2422e+00
4.2245e+00
4.2080e+00
4.1879e+00
4.1678e+00
4.1512e+00
4.1264e+00
4.1039e+00
4.0815e+00
4.0637e+00
4.0412e+00
4.0258e+00
4.0045e+00
3.9832e+00
3.9643e+00
3.9453e+00
3.9275e+00
3.9169e+00
3.9003e+00
3.8861e+00
3.8671e+00
3.8552e+00
3.8398e+00
3.8185e+00
3.8019e+00
3.7852e+00
3.7734e+00
3.7556e+00
3.7390e+00
3.7235e+00
3.7128e+00
3.6962e+00
3.6772e+00
3.6689e+00
3.6499e+00
3.6249e+00
3.6190e+00
3.6071e+00
3.5797e+00
3.5702e+00
3.5548e+00
3.5345e+00
3.5214e+00
3.5107e+00
3.4965e+00
3.4810e+00
3.4679e+00
3.4619e+00
3.4429e+00
3.4298e+00
3.4214e+00
3.4060e+00
3.3929e+00
3.3833e+00
3.3714e+00
3.3619e+00
3.3523e+00
3.3392e+00
3.3297e+00
3.3190e+00
3.3034e+00
3.2868e+00
3.2736e+00
3.2617e+00
3.2534e+00
3.2414e+00
3.2271e+00
3.2187e+00
3.2044e+00
3.1925e+00
3.1805e+00
3.1722e+00
3.1567e+00
3.1447e+00
3.1340e+00
3.1172e+00
3.1041e+00
3.0921e+00
3.0862e+00
3.0790e+00
3.0658e+00
3.0551e+00
3.0419e+00
3.0324e+00
3.0204e+00
3.0108e+00
3.0037e+00
2.9953e+00
2.9785e+00
2.9785e+00
2.9666e+00
2.9486e+00
2.9462e+00
2.9295e+00
2.9187e+00
2.9079e+00
2.8971e+00
2.8900e+00
2.8804e+00
2.8684e+00
2.8648e+00
2.8576e+00
2.8516e+00
2.8432e+00
2.8229e+00
2.8109e+00
2.8037e+00
2.7929e+00
2.7797e+00
2.7737e+00
2.7641e+00
2.7569e+00
2.7497e+00
2.7449e+00
2.7293e+00
2.7209e+00
2.7125e+00
2.7053e+00
2.6933e+00
2.6825e+00
2.6765e+00
2.6633e+00
2.6513e+00
2.6369e+00
2.6201e+00
2.6165e+00
2.6093e+00
2.6033e+00
2.5925e+00
2.5829e+00
2.5721e+00
2.5625e+00
2.5601e+00
2.5528e+00
2.5408e+00
2.5324e+00
2.5228e+00
2.5048e+00
2.4939e+00
2.4879e+00
2.4843e+00
2.4747e+00
2.4663e+00
2.4555e+00
2.4446e+00
2.4398e+00
2.4350e+00
2.4242e+00
2.4133e+00
2.4037e+00
2.3953e+00
2.3857e+00
2.3760e+00
2.3664e+00
2.3532e+00
2.3399e+00
2.3279e+00
2.3255e+00
2.3146e+00
2.3002e+00
2.2905e+00
2.2857e+00
2.2809e+00
2.2700e+00
2.2580e+00
2.2568e+00
2.2495e+00
2.2375e+00
2.2315e+00
2.2206e+00
2.2110e+00
2.2013e+00
2.1868e+00
2.1712e+00
2.1627e+00
2.1531e+00
2.1482e+00
2.1386e+00
2.1374e+00
2.1229e+00
2.1108e+00
2.1036e+00
2.0939e+00
2.0867e+00
2.0794e+00
2.0686e+00
2.0577e+00
2.0456e+00
2.0335e+00
2.0251e+00
2.0082e+00
2.0021e+00
