5.0515e-01
5.0285e-01
4.9980e-01
4.9521e-01
4.9445e-01
4.8451e-01
4.7687e-01
4.7687e-01
4.7152e-01
4.6846e-01
4.7228e-01
4.6311e-01
4.6082e-01
4.6464e-01
4.6158e-01
4.5164e-01
4.4400e-01
4.4247e-01
4.4017e-01
4.3176e-01
4.2870e-01
4.1723e-01
4.1646e-01
4.1111e-01
4.0499e-01
4.0269e-01
3.9657e-01
3.9122e-01
3.8356e-01
3.7132e-01
3.6902e-01
3.6060e-01
3.5142e-01
3.4606e-01
3.3687e-01
3.3074e-01
3.2462e-01
3.1236e-01
3.1236e-01
3.0241e-01
2.9628e-01
2.8785e-01
2.7636e-01
2.6793e-01
2.5950e-01
2.4953e-01
2.4110e-01
2.2960e-01
2.1733e-01
2.0582e-01
2.0199e-01
1.9125e-01
1.7821e-01
1.6209e-01
1.5749e-01
1.4214e-01
1.2755e-01
1.2141e-01
1.1066e-01
1.0221e-01
9.9139e-02
8.6850e-02
7.7631e-02
6.5339e-02
5.6886e-02
4.2284e-02
3.0754e-02
2.5373e-02
2.2298e-02
1.3072e-02
6.1520e-03
1.5380e-03
7.6900e-04
7.6900e-04
0000
6.1520e-03
1.1534e-02
2.1529e-02
3.3060e-02
5.0738e-02
6.2265e-02
9.0691e-02
1.2141e-01
1.6209e-01
1.9509e-01
2.3803e-01
2.7559e-01
3.2998e-01
3.7897e-01
4.4094e-01
4.8910e-01
5.6090e-01
6.1891e-01
6.9974e-01
7.4926e-01
8.3148e-01
8.8701e-01
9.6528e-01
1.0162e+00
1.1004e+00
1.1534e+00
1.2322e+00
1.2829e+00
1.3608e+00
1.4091e+00
1.4801e+00
1.5269e+00
1.5924e+00
1.6421e+00
1.7046e+00
1.7467e+00
1.8001e+00
1.8354e+00
1.8827e+00
1.9158e+00
1.9608e+00
1.9893e+00
2.0260e+00
2.0440e+00
2.0769e+00
2.1016e+00
2.1278e+00
2.1473e+00
2.1847e+00
2.2235e+00
2.2654e+00
2.2997e+00
2.3266e+00
2.3482e+00
2.3602e+00
2.3736e+00
2.3833e+00
2.3990e+00
2.4019e+00
2.4012e+00
2.4057e+00
2.4087e+00
2.4012e+00
2.3975e+00
2.3922e+00
2.3870e+00
2.3796e+00
2.3669e+00
2.3490e+00
2.3333e+00
2.3169e+00
2.3042e+00
2.2818e+00
2.2624e+00
2.2407e+00
2.2243e+00
2.1944e+00
2.1727e+00
2.1473e+00
2.1241e+00
2.0919e+00
2.0657e+00
2.0417e+00
2.0230e+00
1.9930e+00
1.9638e+00
1.9278e+00
1.9000e+00
1.8662e+00
1.8377e+00
1.8076e+00
1.7821e+00
1.7392e+00
1.7152e+00
1.6858e+00
1.6625e+00
1.6346e+00
1.6083e+00
1.5766e+00
1.5585e+00
1.5246e+00
1.5005e+00
1.4748e+00
1.4514e+00
1.4227e+00
1.3963e+00
1.3661e+00
1.3449e+00
1.3063e+00
1.2806e+00
1.2640e+00
1.2413e+00
1.2057e+00
1.1852e+00
1.1648e+00
1.1443e+00
1.1201e+00
1.0973e+00
1.0738e+00
1.0556e+00
1.0313e+00
1.0116e+00
9.8806e-01
9.6604e-01
9.3945e-01
9.2121e-01
9.0297e-01
8.8701e-01
8.7256e-01
8.5583e-01
8.3681e-01
8.2463e-01
7.9876e-01
7.7820e-01
7.6069e-01
7.4622e-01
7.2870e-01
7.1269e-01
6.8983e-01
6.7611e-01
6.5857e-01
6.4484e-01
6.2425e-01
6.1204e-01
6.0288e-01
5.9754e-01
5.8228e-01
5.7388e-01
5.6319e-01
5.5785e-01
5.4334e-01
5.3876e-01
5.3647e-01
5.3570e-01
5.3036e-01
5.3876e-01
5.3188e-01
5.4639e-01
5.4945e-01
5.5174e-01
5.5021e-01
5.5708e-01
5.6548e-01
5.7235e-01
5.8533e-01
5.9373e-01
6.0746e-01
6.2349e-01
6.4637e-01
6.6467e-01
6.9135e-01
7.0965e-01
7.4469e-01
7.7059e-01
8.0865e-01
8.3909e-01
8.8168e-01
9.1133e-01
9.5920e-01
9.9110e-01
1.0458e+00
1.0951e+00
1.1519e+00
1.1913e+00
1.2519e+00
1.2950e+00
1.3434e+00
1.3804e+00
1.4310e+00
1.4605e+00
1.5050e+00
1.5465e+00
1.5924e+00
1.6165e+00
1.6602e+00
1.6851e+00
1.7279e+00
1.7565e+00
1.7821e+00
1.8016e+00
1.8189e+00
1.8497e+00
1.8797e+00
1.8970e+00
1.9135e+00
1.9300e+00
1.9405e+00
1.9585e+00
1.9728e+00
1.9840e+00
1.9990e+00
2.0147e+00
2.0327e+00
2.0432e+00
2.0567e+00
2.0687e+00
2.0807e+00
2.0941e+00
2.1031e+00
2.1181e+00
2.1330e+00
2.1480e+00
2.1652e+00
2.1847e+00
2.1959e+00
2.2123e+00
2.2273e+00
2.2459e+00
2.2624e+00
2.2743e+00
2.2833e+00
2.2930e+00
2.3027e+00
2.3117e+00
2.3296e+00
2.3356e+00
2.3430e+00
2.3490e+00
2.3460e+00
2.3557e+00
2.3535e+00
2.3557e+00
2.3550e+00
2.3505e+00
2.3415e+00
2.3348e+00
2.3199e+00
2.3221e+00
2.3169e+00
2.3087e+00
2.2915e+00
2.2908e+00
2.2691e+00
2.2527e+00
2.2422e+00
2.2250e+00
2.2093e+00
2.1944e+00
2.1772e+00
2.1637e+00
2.1480e+00
2.1241e+00
2.1113e+00
2.0807e+00
2.0619e+00
2.0387e+00
2.0200e+00
2.0042e+00
1.9795e+00
1.9608e+00
1.9270e+00
1.9045e+00
1.8812e+00
1.8685e+00
1.8392e+00
1.8227e+00
1.7934e+00
1.7678e+00
1.7467e+00
1.7249e+00
1.6971e+00
1.6768e+00
1.6572e+00
1.6316e+00
1.6037e+00
1.5834e+00
1.5563e+00
1.5487e+00
1.5238e+00
1.5005e+00
1.4695e+00
1.4552e+00
1.4363e+00
1.4137e+00
1.3940e+00
1.3812e+00
1.3608e+00
1.3472e+00
1.3283e+00
1.3071e+00
1.2965e+00
1.2897e+00
1.2776e+00
1.2655e+00
1.2496e+00
1.2466e+00
1.2420e+00
1.2337e+00
1.2307e+00
1.2337e+00
1.2345e+00
1.2428e+00
1.2473e+00
1.2625e+00
1.2731e+00
1.2799e+00
1.2874e+00
1.3071e+00
1.3200e+00
1.3404e+00
1.3593e+00
1.3789e+00
1.4023e+00
1.4197e+00
1.4401e+00
1.4710e+00
1.4967e+00
1.5193e+00
1.5465e+00
1.5661e+00
1.5947e+00
1.6135e+00
1.6421e+00
1.6662e+00
1.6873e+00
1.7024e+00
1.7212e+00
1.7325e+00
1.7603e+00
1.7723e+00
1.7896e+00
1.8039e+00
1.8242e+00
1.8354e+00
1.8474e+00
1.8474e+00
1.8580e+00
1.8602e+00
1.8647e+00
1.8767e+00
1.8880e+00
1.8887e+00
1.9067e+00
1.8940e+00
1.9022e+00
1.9105e+00
1.9128e+00
1.9150e+00
1.9195e+00
1.9150e+00
1.9180e+00
1.9173e+00
1.9233e+00
1.9248e+00
1.9225e+00
1.9195e+00
1.9210e+00
1.9135e+00
1.9030e+00
1.8970e+00
1.8895e+00
1.8805e+00
1.8685e+00
1.8587e+00
1.8467e+00
1.8287e+00
1.8106e+00
1.7971e+00
1.7783e+00
1.7633e+00
1.7445e+00
1.7257e+00
1.7076e+00
1.6933e+00
1.6677e+00
1.6572e+00
1.6376e+00
1.6098e+00
1.5924e+00
1.5796e+00
1.5593e+00
1.5397e+00
1.5208e+00
1.5020e+00
1.4839e+00
1.4657e+00
1.4499e+00
1.4310e+00
1.4182e+00
1.3985e+00
1.3714e+00
1.3577e+00
1.3336e+00
1.3268e+00
1.3079e+00
1.2920e+00
1.2768e+00
1.2655e+00
1.2526e+00
1.2504e+00
1.2390e+00
1.2405e+00
1.2367e+00
1.2254e+00
1.2186e+00
1.2208e+00
1.2148e+00
1.2171e+00
1.2171e+00
1.2171e+00
1.2087e+00
1.2012e+00
1.1913e+00
1.1966e+00
1.1943e+00
1.1921e+00
1.2019e+00
1.2034e+00
1.1928e+00
1.1981e+00
1.1966e+00
1.1921e+00
1.1883e+00
1.1890e+00
1.1860e+00
1.1799e+00
1.1701e+00
1.1693e+00
1.1610e+00
1.1580e+00
1.1512e+00
1.1428e+00
1.1360e+00
1.1345e+00
1.1337e+00
1.1299e+00
1.1216e+00
1.1186e+00
1.1072e+00
1.1133e+00
1.1117e+00
1.1102e+00
1.1019e+00
1.1079e+00
1.1087e+00
1.1125e+00
1.1117e+00
1.1095e+00
1.1049e+00
1.1087e+00
1.1087e+00
1.1163e+00
1.1208e+00
1.1193e+00
1.1140e+00
1.1224e+00
1.1178e+00
1.1277e+00
1.1322e+00
1.1368e+00
1.1383e+00
1.1466e+00
1.1474e+00
1.1549e+00
1.1527e+00
1.1436e+00
1.1496e+00
1.1572e+00
1.1489e+00
1.1466e+00
1.1466e+00
1.1481e+00
1.1474e+00
1.1504e+00
1.1527e+00
1.1534e+00
1.1527e+00
1.1504e+00
1.1504e+00
1.1527e+00
1.1542e+00
1.1527e+00
1.1512e+00
1.1512e+00
1.1602e+00
1.1565e+00
1.1618e+00
1.1678e+00
1.1716e+00
1.1799e+00
1.1898e+00
1.1943e+00
1.2049e+00
1.2087e+00
1.2155e+00
1.2314e+00
1.2511e+00
1.2587e+00
1.2768e+00
1.2844e+00
1.2942e+00
1.3086e+00
1.3260e+00
1.3260e+00
1.3373e+00
1.3472e+00
1.3683e+00
1.3691e+00
1.3850e+00
1.3895e+00
1.4038e+00
1.4084e+00
1.4242e+00
1.4288e+00
1.4363e+00
1.4408e+00
1.4590e+00
1.4567e+00
1.4642e+00
1.4703e+00
1.4778e+00
1.4869e+00
1.5140e+00
1.5314e+00
1.5397e+00
1.5623e+00
1.5902e+00
1.6128e+00
1.6467e+00
1.6692e+00
1.7099e+00
1.7325e+00
1.7753e+00
1.8091e+00
1.8587e+00
1.8910e+00
1.9405e+00
1.9728e+00
2.0260e+00
2.0619e+00
2.1166e+00
2.1555e+00
2.2011e+00
2.2415e+00
2.2938e+00
2.3318e+00
2.3848e+00
2.4213e+00
2.4787e+00
2.5159e+00
2.5576e+00
2.5948e+00
2.6365e+00
2.6662e+00
2.6989e+00
2.7293e+00
2.7687e+00
2.8095e+00
2.8339e+00
2.8621e+00
2.8918e+00
2.9221e+00
2.9421e+00
2.9740e+00
2.9962e+00
3.0139e+00
3.0287e+00
3.0420e+00
3.0553e+00
3.0709e+00
3.0790e+00
3.0856e+00
3.0945e+00
3.1019e+00
3.1137e+00
3.1226e+00
3.1307e+00
3.1381e+00
3.1410e+00
3.1470e+00
3.1543e+00
3.1529e+00
3.1506e+00
3.1506e+00
3.1477e+00
3.1418e+00
3.1410e+00
3.1329e+00
3.1292e+00
3.1285e+00
3.1278e+00
3.1278e+00
3.1263e+00
3.1270e+00
3.1344e+00
3.1329e+00
3.1374e+00
3.1484e+00
3.1580e+00
3.1713e+00
3.1831e+00
3.1935e+00
3.2127e+00
3.2340e+00
3.2665e+00
3.2997e+00
3.3402e+00
3.3682e+00
3.4190e+00
3.4631e+00
3.5102e+00
3.5520e+00
3.6152e+00
3.6592e+00
3.7259e+00
3.7838e+00
3.8577e+00
3.9170e+00
4.0032e+00
4.0740e+00
4.1491e+00
4.2271e+00
4.3282e+00
4.4096e+00
4.4975e+00
4.5772e+00
4.6656e+00
4.7416e+00
4.8211e+00
4.8890e+00
4.9611e+00
5.0325e+00
5.0973e+00
5.1577e+00
5.2016e+00
5.2540e+00
5.2971e+00
5.3409e+00
5.3904e+00
5.4392e+00
5.4707e+00
5.5251e+00
5.5552e+00
5.5866e+00
5.6210e+00
5.6595e+00
5.6810e+00
5.7053e+00
5.7203e+00
5.7452e+00
5.7488e+00
5.7624e+00
5.7738e+00
5.7838e+00
5.7816e+00
5.7852e+00
5.7838e+00
5.7823e+00
5.7688e+00
5.7659e+00
5.7538e+00
5.7431e+00
5.7260e+00
5.7138e+00
5.6874e+00
5.6703e+00
5.6467e+00
5.6267e+00
5.6067e+00
5.5816e+00
5.5423e+00
5.5158e+00
5.4915e+00
5.4607e+00
5.4306e+00
5.4126e+00
5.3825e+00
5.3502e+00
5.3215e+00
5.3000e+00
5.2770e+00
5.2526e+00
5.2260e+00
5.2030e+00
5.1815e+00
5.1700e+00
5.1441e+00
5.1160e+00
5.0980e+00
5.0822e+00
5.0606e+00
5.0375e+00
5.0209e+00
5.0044e+00
4.9914e+00
4.9755e+00
4.9669e+00
4.9575e+00
4.9416e+00
4.9294e+00
4.9186e+00
4.9063e+00
4.8940e+00
4.8832e+00
4.8702e+00
4.8565e+00
4.8370e+00
4.8261e+00
4.8146e+00
4.7886e+00
4.7662e+00
4.7611e+00
4.7401e+00
4.7242e+00
4.7047e+00
4.6859e+00
4.6656e+00
4.6453e+00
4.6294e+00
4.6156e+00
4.5924e+00
4.5714e+00
4.5526e+00
4.5330e+00
4.5112e+00
4.4967e+00
4.4750e+00
4.4532e+00
4.4343e+00
4.4220e+00
4.3914e+00
4.3660e+00
4.3471e+00
4.3268e+00
4.3057e+00
4.2846e+00
4.2649e+00
4.2482e+00
4.2191e+00
4.2001e+00
4.1797e+00
4.1666e+00
4.1426e+00
4.1200e+00
4.1083e+00
4.0922e+00
4.0740e+00
4.0733e+00
4.0572e+00
4.0390e+00
4.0280e+00
4.0193e+00
4.0083e+00
4.0010e+00
3.9952e+00
3.9828e+00
3.9798e+00
3.9755e+00
3.9674e+00
3.9630e+00
3.9586e+00
3.9513e+00
3.9565e+00
3.9535e+00
3.9550e+00
3.9557e+00
3.9535e+00
3.9543e+00
3.9638e+00
3.9608e+00
3.9762e+00
3.9849e+00
3.9937e+00
4.0010e+00
4.0178e+00
4.0280e+00
4.0456e+00
4.0580e+00
4.0740e+00
4.0886e+00
4.1076e+00
4.1251e+00
4.1447e+00
4.1601e+00
4.1754e+00
4.1965e+00
4.2205e+00
4.2424e+00
4.2656e+00
4.2780e+00
4.2933e+00
4.3028e+00
4.3282e+00
4.3420e+00
4.3551e+00
4.3660e+00
4.3835e+00
4.3980e+00
4.4053e+00
4.4154e+00
4.4314e+00
4.4387e+00
4.4445e+00
4.4546e+00
4.4626e+00
4.4728e+00
4.4742e+00
4.4793e+00
4.4815e+00
4.4771e+00
4.4757e+00
4.4844e+00
4.4793e+00
4.4728e+00
4.4662e+00
4.4735e+00
4.4677e+00
4.4670e+00
4.4583e+00
4.4488e+00
4.4452e+00
4.4481e+00
4.4408e+00
4.4256e+00
4.4132e+00
4.4125e+00
4.4002e+00
4.3878e+00
4.3835e+00
4.3820e+00
4.3558e+00
4.3457e+00
4.3377e+00
4.3195e+00
4.3108e+00
4.3020e+00
4.2933e+00
4.2744e+00
4.2664e+00
4.2511e+00
4.2329e+00
4.2110e+00
4.2016e+00
4.1914e+00
4.1681e+00
4.1491e+00
4.1382e+00
4.1287e+00
4.1025e+00
4.0820e+00
4.0704e+00
4.0470e+00
4.0207e+00
4.0090e+00
3.9879e+00
3.9660e+00
3.9528e+00
3.9404e+00
3.9228e+00
3.9046e+00
3.8782e+00
3.8577e+00
3.8373e+00
3.8241e+00
3.8029e+00
3.7867e+00
3.7736e+00
3.7633e+00
3.7413e+00
3.7245e+00
3.7120e+00
3.6885e+00
3.6643e+00
3.6497e+00
3.6379e+00
3.6152e+00
3.5888e+00
3.5682e+00
3.5469e+00
3.5381e+00
3.5168e+00
3.4940e+00
3.4800e+00
3.4690e+00
3.4425e+00
3.4278e+00
3.4160e+00
3.3962e+00
3.3733e+00
3.3601e+00
3.3395e+00
3.3151e+00
3.3026e+00
3.2901e+00
3.2672e+00
3.2576e+00
3.2399e+00
3.2193e+00
3.2053e+00
3.1898e+00
3.1728e+00
3.1639e+00
3.1492e+00
3.1322e+00
3.1100e+00
3.0930e+00
3.0768e+00
3.0605e+00
3.0428e+00
3.0280e+00
3.0154e+00
3.0028e+00
2.9858e+00
2.9769e+00
2.9584e+00
2.9577e+00
2.9384e+00
2.9258e+00
2.9110e+00
2.8947e+00
2.8829e+00
2.8710e+00
2.8658e+00
2.8547e+00
2.8377e+00
2.8117e+00
2.8058e+00
2.7939e+00
2.7843e+00
2.7702e+00
2.7642e+00
2.7509e+00
2.7397e+00
2.7338e+00
2.7174e+00
2.7071e+00
2.6885e+00
2.6840e+00
2.6729e+00
2.6528e+00
2.6380e+00
2.6261e+00
2.6186e+00
2.6127e+00
2.5978e+00
2.5941e+00
2.5814e+00
2.5725e+00
2.5569e+00
2.5480e+00
2.5398e+00
2.5323e+00
2.5264e+00
2.5189e+00
2.5033e+00
2.4899e+00
2.4780e+00
2.4720e+00
2.4608e+00
2.4497e+00
2.4407e+00
2.4280e+00
2.4161e+00
2.4101e+00
2.4042e+00
2.3952e+00
2.3848e+00
2.3766e+00
2.3669e+00
2.3594e+00
2.3542e+00
2.3512e+00
2.3438e+00
2.3385e+00
2.3378e+00
2.3385e+00
2.3296e+00
2.3236e+00
2.3259e+00
2.3266e+00
2.3184e+00
2.3169e+00
2.3147e+00
2.3191e+00
2.3109e+00
2.3147e+00
2.3139e+00
2.3109e+00
2.3079e+00
2.3035e+00
2.2967e+00
2.2990e+00
2.2967e+00
2.2938e+00
2.2826e+00
2.2728e+00
2.2684e+00
2.2631e+00
2.2639e+00
2.2624e+00
2.2519e+00
2.2519e+00
2.2452e+00
2.2407e+00
2.2325e+00
2.2228e+00
2.2138e+00
2.2108e+00
2.1974e+00
2.1899e+00
2.1884e+00
2.1839e+00
2.1779e+00
2.1697e+00
2.1630e+00
2.1540e+00
2.1503e+00
2.1450e+00
2.1428e+00
2.1330e+00
2.1353e+00
2.1323e+00
2.1263e+00
2.1226e+00
2.1241e+00
2.1196e+00
2.1360e+00
2.1398e+00
2.1555e+00
2.1660e+00
2.1832e+00
2.1929e+00
2.2108e+00
2.2280e+00
2.2542e+00
2.2713e+00
2.2982e+00
2.3161e+00
2.3542e+00
2.3803e+00
2.4139e+00
2.4497e+00
2.4921e+00
2.5197e+00
2.5532e+00
2.5844e+00
2.6305e+00
2.6595e+00
2.6944e+00
2.7256e+00
2.7627e+00
2.7924e+00
2.8236e+00
2.8517e+00
2.8836e+00
2.9058e+00
2.9355e+00
2.9584e+00
2.9858e+00
3.0073e+00
3.0280e+00
3.0494e+00
3.0694e+00
3.0849e+00
3.1041e+00
3.1196e+00
3.1300e+00
3.1447e+00
3.1558e+00
3.1617e+00
3.1662e+00
3.1765e+00
3.1809e+00
3.1861e+00
3.1927e+00
3.1913e+00
3.1876e+00
3.1890e+00
3.1868e+00
3.1942e+00
3.1913e+00
3.1883e+00
3.1794e+00
3.1713e+00
3.1639e+00
3.1536e+00
3.1440e+00
3.1374e+00
3.1189e+00
3.1085e+00
3.0938e+00
3.0834e+00
3.0672e+00
3.0590e+00
3.0457e+00
3.0317e+00
3.0073e+00
2.9932e+00
2.9762e+00
2.9555e+00
2.9332e+00
2.9221e+00
2.9007e+00
2.8784e+00
2.8592e+00
2.8458e+00
2.8206e+00
2.8035e+00
2.7783e+00
2.7568e+00
2.7338e+00
2.7197e+00
2.6959e+00
2.6766e+00
2.6506e+00
2.6335e+00
2.6090e+00
2.5978e+00
2.5747e+00
2.5517e+00
2.5271e+00
2.5130e+00
2.4973e+00
2.4802e+00
2.4578e+00
2.4549e+00
2.4392e+00
2.4258e+00
2.4116e+00
2.4034e+00
2.3848e+00
2.3714e+00
2.3557e+00
2.3467e+00
2.3303e+00
2.3259e+00
2.3139e+00
2.3064e+00
2.2960e+00
2.2915e+00
2.2811e+00
2.2684e+00
2.2624e+00
2.2564e+00
2.2430e+00
2.2430e+00
2.2340e+00
2.2183e+00
2.2086e+00
2.2048e+00
2.1959e+00
2.1862e+00
2.1734e+00
2.1630e+00
2.1570e+00
2.1525e+00
2.1428e+00
2.1398e+00
2.1248e+00
2.1151e+00
2.1098e+00
2.1009e+00
2.0941e+00
2.0814e+00
2.0694e+00
2.0664e+00
2.0529e+00
2.0484e+00
2.0402e+00
2.0260e+00
2.0155e+00
1.9997e+00
1.9900e+00
1.9878e+00
1.9818e+00
1.9743e+00
1.9570e+00
1.9480e+00
1.9420e+00
1.9345e+00
1.9203e+00
1.9158e+00
1.9120e+00
1.9000e+00
1.8850e+00
1.8722e+00
1.8572e+00
1.8504e+00
1.8429e+00
1.8309e+00
1.8196e+00
1.8054e+00
1.7911e+00
1.7881e+00
1.7791e+00
1.7648e+00
1.7498e+00
1.7430e+00
1.7370e+00
1.7257e+00
1.7106e+00
1.7016e+00
1.6994e+00
1.6896e+00
1.6805e+00
1.6640e+00
1.6444e+00
1.6429e+00
1.6346e+00
1.6263e+00
1.6158e+00
1.6067e+00
1.6000e+00
1.5879e+00
1.5796e+00
1.5706e+00
1.5532e+00
1.5502e+00
1.5412e+00
1.5351e+00
1.5238e+00
1.5163e+00
1.5035e+00
1.4959e+00
1.4876e+00
1.4816e+00
1.4733e+00
1.4695e+00
1.4597e+00
1.4650e+00
1.4597e+00
1.4612e+00
1.4522e+00
1.4469e+00
1.4386e+00
1.4378e+00
1.4371e+00
1.4408e+00
1.4378e+00
1.4378e+00
1.4303e+00
1.4303e+00
1.4318e+00
1.4356e+00
1.4303e+00
1.4272e+00
1.4242e+00
1.4310e+00
1.4235e+00
1.4265e+00
1.4197e+00
1.4167e+00
1.4152e+00
1.4144e+00
1.4084e+00
1.4137e+00
1.4061e+00
1.4016e+00
1.3985e+00
1.3918e+00
1.3887e+00
1.3872e+00
1.3774e+00
1.3751e+00
1.3698e+00
1.3638e+00
1.3570e+00
1.3547e+00
1.3509e+00
1.3464e+00
1.3479e+00
1.3419e+00
1.3290e+00
1.3245e+00
1.3162e+00
1.3101e+00
1.3079e+00
1.3079e+00
1.3094e+00
1.2988e+00
1.2874e+00
1.2829e+00
1.2731e+00
1.2662e+00
1.2655e+00
1.2617e+00
1.2541e+00
1.2488e+00
1.2496e+00
1.2405e+00
1.2382e+00
1.2329e+00
1.2224e+00
1.2208e+00
1.2186e+00
1.2140e+00
1.2049e+00
1.2004e+00
1.1921e+00
1.1898e+00
1.1701e+00
1.1595e+00
1.1534e+00
1.1481e+00
1.1527e+00
1.1527e+00
1.1489e+00
1.1489e+00
1.1466e+00
1.1474e+00
1.1549e+00
1.1671e+00
1.1807e+00
1.1981e+00
1.2133e+00
1.2231e+00
1.2458e+00
1.2746e+00
1.2958e+00
1.3222e+00
1.3487e+00
1.3865e+00
1.4235e+00
1.4522e+00
1.4959e+00
1.5193e+00
1.5578e+00
1.5970e+00
1.6467e+00
1.6820e+00
1.7302e+00
1.7625e+00
1.8106e+00
1.8497e+00
1.9083e+00
1.9450e+00
1.9975e+00
2.0387e+00
2.0821e+00
2.1046e+00
2.1495e+00
2.1779e+00
2.2183e+00
2.2347e+00
2.2624e+00
2.2923e+00
2.3124e+00
2.3385e+00
2.3684e+00
2.3885e+00
2.4109e+00
2.4310e+00
2.4497e+00
2.4646e+00
2.4832e+00
2.4981e+00
2.5107e+00
2.5197e+00
2.5316e+00
2.5420e+00
2.5502e+00
2.5554e+00
2.5584e+00
2.5695e+00
2.5762e+00
2.5762e+00
2.5822e+00
2.5904e+00
2.5941e+00
2.6045e+00
2.5971e+00
2.6023e+00
2.6082e+00
2.6142e+00
2.6082e+00
2.6067e+00
2.6112e+00
2.6082e+00
2.6015e+00
2.5971e+00
2.5866e+00
2.5874e+00
2.5829e+00
2.5814e+00
2.5651e+00
2.5621e+00
2.5472e+00
2.5442e+00
2.5308e+00
2.5219e+00
2.5100e+00
2.5011e+00
2.4854e+00
2.4802e+00
2.4675e+00
2.4541e+00
2.4325e+00
2.4318e+00
2.4139e+00
2.4131e+00
2.3885e+00
2.3714e+00
2.3624e+00
2.3505e+00
2.3303e+00
2.3169e+00
2.2975e+00
2.2870e+00
2.2826e+00
2.2684e+00
2.2459e+00
2.2355e+00
2.2183e+00
2.2056e+00
2.1944e+00
2.1839e+00
2.1749e+00
2.1607e+00
2.1495e+00
2.1428e+00
2.1323e+00
2.1271e+00
2.1211e+00
2.1098e+00
2.1091e+00
2.1039e+00
2.1039e+00
2.1009e+00
2.0949e+00
2.0889e+00
2.0859e+00
2.0754e+00
2.0754e+00
2.0724e+00
2.0732e+00
2.0732e+00
2.0739e+00
2.0664e+00
2.0627e+00
2.0597e+00
2.0544e+00
2.0440e+00
2.0425e+00
2.0380e+00
2.0365e+00
2.0357e+00
2.0365e+00
2.0350e+00
2.0327e+00
2.0245e+00
2.0162e+00
2.0065e+00
1.9982e+00
1.9960e+00
1.9870e+00
1.9848e+00
1.9810e+00
1.9795e+00
1.9743e+00
1.9690e+00
1.9615e+00
1.9578e+00
1.9458e+00
1.9345e+00
1.9218e+00
1.9188e+00
1.9067e+00
1.9000e+00
1.8902e+00
1.8805e+00
1.8670e+00
1.8557e+00
1.8392e+00
1.8302e+00
1.8181e+00
1.8099e+00
1.7941e+00
1.7858e+00
1.7701e+00
1.7610e+00
1.7437e+00
1.7332e+00
1.7242e+00
1.7106e+00
1.6941e+00
1.6813e+00
1.6625e+00
1.6534e+00
1.6361e+00
1.6256e+00
1.6113e+00
1.6007e+00
1.5864e+00
1.5781e+00
1.5600e+00
1.5495e+00
1.5404e+00
1.5314e+00
1.5155e+00
1.5065e+00
1.4952e+00
1.4831e+00
1.4680e+00
1.4522e+00
1.4499e+00
1.4408e+00
1.4250e+00
1.4235e+00
1.4174e+00
1.4076e+00
1.4001e+00
1.3887e+00
1.3812e+00
1.3729e+00
1.3608e+00
1.3570e+00
1.3434e+00
1.3381e+00
1.3343e+00
1.3252e+00
1.3237e+00
1.3192e+00
1.3139e+00
1.3169e+00
1.3041e+00
1.2905e+00
1.2889e+00
1.2806e+00
1.2708e+00
1.2625e+00
1.2557e+00
1.2557e+00
1.2473e+00
1.2458e+00
1.2360e+00
1.2314e+00
1.2314e+00
1.2246e+00
1.2171e+00
1.2171e+00
1.2049e+00
1.2004e+00
1.1928e+00
1.1860e+00
1.1769e+00
1.1701e+00
1.1693e+00
1.1656e+00
1.1565e+00
1.1549e+00
1.1421e+00
1.1345e+00
1.1299e+00
1.1330e+00
1.1239e+00
1.1178e+00
1.1095e+00
1.1034e+00
1.0905e+00
1.0822e+00
1.0738e+00
1.0685e+00
1.0617e+00
1.0602e+00
1.0526e+00
1.0420e+00
1.0344e+00
1.0329e+00
1.0275e+00
1.0237e+00
1.0162e+00
1.0101e+00
9.9718e-01
9.9338e-01
9.8579e-01
9.7971e-01
9.7060e-01
9.6756e-01
9.6528e-01
9.5009e-01
9.4249e-01
9.3337e-01
9.2425e-01
9.2121e-01
9.0981e-01
9.0373e-01
9.0221e-01
8.9385e-01
8.8244e-01
8.6952e-01
8.6267e-01
8.5583e-01
8.5126e-01
8.4061e-01
8.2844e-01
8.2692e-01
8.1626e-01
8.1626e-01
8.0256e-01
7.8810e-01
7.8201e-01
7.7592e-01
7.6754e-01
7.5840e-01
7.4926e-01
7.4241e-01
7.3555e-01
7.2870e-01
7.2260e-01
7.2184e-01
7.1346e-01
7.0203e-01
6.9898e-01
6.8602e-01
6.7306e-01
6.7001e-01
6.6543e-01
6.5705e-01
6.5323e-01
6.4484e-01
6.3417e-01
6.2959e-01
6.2349e-01
6.1891e-01
6.1586e-01
6.0517e-01
5.9296e-01
5.9373e-01
5.8151e-01
5.7693e-01
5.8075e-01
5.7312e-01
5.7235e-01
5.5937e-01
5.5174e-01
5.5021e-01
5.4563e-01
5.4258e-01
5.3570e-01
5.2883e-01
5.2119e-01
5.1584e-01
5.0744e-01
5.0973e-01
5.0056e-01
4.9368e-01
4.9139e-01
4.8833e-01
4.7687e-01
4.7305e-01
4.6464e-01
4.5241e-01
4.4705e-01
4.4247e-01
4.3023e-01
4.2335e-01
4.1570e-01
4.0269e-01
3.9734e-01
3.9122e-01
3.9045e-01
3.8203e-01
3.6673e-01
3.6290e-01
3.5678e-01
3.4453e-01
3.3304e-01
3.2155e-01
3.1926e-01
3.2002e-01
3.1390e-01
2.9858e-01
2.9245e-01
2.9245e-01
2.7942e-01
2.7252e-01
2.6639e-01
2.5950e-01
2.5106e-01
2.4953e-01
2.3803e-01
2.2960e-01
2.2576e-01
2.1886e-01
2.0966e-01
2.0122e-01
1.9815e-01
1.9585e-01
1.8511e-01
1.8204e-01
1.7744e-01
1.6977e-01
1.6286e-01
1.6056e-01
1.5288e-01
1.4981e-01
1.4367e-01
1.4444e-01
1.3984e-01
1.4367e-01
1.4674e-01
1.5058e-01
1.3830e-01
1.4521e-01
1.5058e-01
1.5749e-01
1.6209e-01
1.6670e-01
1.6133e-01
1.8281e-01
1.8741e-01
1.9662e-01
2.0736e-01
2.2193e-01
2.3573e-01
2.5183e-01
2.6793e-01
3.0394e-01
3.2692e-01
3.3917e-01
3.6979e-01
3.9963e-01
4.2947e-01
4.6005e-01
4.9598e-01
5.1508e-01
5.6090e-01
5.9296e-01
6.3264e-01
6.6162e-01
7.1041e-01
7.4698e-01
7.9800e-01
8.3300e-01
8.8320e-01
9.2121e-01
9.8579e-01
1.0237e+00
1.0814e+00
1.1170e+00
1.1784e+00
1.2163e+00
1.2746e+00
1.3131e+00
1.3729e+00
1.4038e+00
1.4635e+00
1.5020e+00
1.5540e+00
1.5894e+00
1.6474e+00
1.6828e+00
1.7385e+00
1.7640e+00
1.8324e+00
1.8685e+00
1.9338e+00
1.9750e+00
2.0312e+00
2.0732e+00
2.1368e+00
2.1824e+00
2.2489e+00
2.3049e+00
2.3893e+00
2.4526e+00
2.5405e+00
2.6127e+00
2.7108e+00
2.7924e+00
2.9051e+00
3.0013e+00
3.1351e+00
3.2281e+00
3.3741e+00
3.4668e+00
3.6086e+00
3.7098e+00
3.8438e+00
3.9382e+00
4.0572e+00
4.1520e+00
4.2795e+00
4.3617e+00
4.4742e+00
4.5605e+00
4.6714e+00
4.7474e+00
4.8521e+00
4.9315e+00
5.0462e+00
5.1289e+00
5.2311e+00
5.3043e+00
5.3861e+00
5.4564e+00
5.5358e+00
5.6124e+00
5.6788e+00
5.7338e+00
5.8102e+00
5.8672e+00
5.9178e+00
5.9519e+00
5.9854e+00
6.0138e+00
6.0394e+00
6.0608e+00
6.0743e+00
6.0799e+00
6.0828e+00
6.0942e+00
6.0849e+00
6.0913e+00
6.0807e+00
6.0785e+00
6.0558e+00
6.0501e+00
6.0266e+00
6.0181e+00
5.9939e+00
5.9726e+00
5.9420e+00
5.9235e+00
5.8907e+00
5.8722e+00
5.8308e+00
5.8023e+00
5.7602e+00
5.7324e+00
5.6860e+00
5.6581e+00
5.6217e+00
5.5909e+00
5.5351e+00
