1.0029e+01
1.0007e+01
9.9854e+00
9.9694e+00
9.9525e+00
9.9323e+00
9.9137e+00
9.8934e+00
9.8740e+00
9.8520e+00
9.8309e+00
9.8072e+00
9.7929e+00
9.7692e+00
9.7539e+00
9.7413e+00
9.7176e+00
9.6930e+00
9.6786e+00
9.6617e+00
9.6439e+00
9.6354e+00
9.6176e+00
9.5897e+00
9.5795e+00
9.5591e+00
9.5473e+00
9.5218e+00
9.5040e+00
9.4870e+00
9.4700e+00
9.4607e+00
9.4480e+00
9.4310e+00
9.4182e+00
9.4080e+00
9.3953e+00
9.3724e+00
9.3579e+00
9.3384e+00
9.3179e+00
9.3009e+00
9.2907e+00
9.2848e+00
9.2720e+00
9.2507e+00
9.2294e+00
9.2184e+00
9.2090e+00
9.1886e+00
9.1783e+00
9.1613e+00
9.1485e+00
9.1281e+00
9.1102e+00
9.0922e+00
9.0777e+00
9.0650e+00
9.0581e+00
9.0462e+00
9.0300e+00
9.0137e+00
9.0052e+00
8.9992e+00
8.9813e+00
8.9668e+00
8.9557e+00
8.9386e+00
8.9215e+00
8.9018e+00
8.8907e+00
8.8839e+00
8.8676e+00
8.8591e+00
8.8488e+00
8.8394e+00
8.8215e+00
8.8026e+00
8.7924e+00
8.7838e+00
8.7735e+00
8.7624e+00
8.7573e+00
8.7436e+00
8.7341e+00
8.7239e+00
8.7136e+00
8.7024e+00
8.6973e+00
8.6853e+00
8.6862e+00
8.6810e+00
8.6759e+00
8.6742e+00
8.6673e+00
8.6630e+00
8.6664e+00
8.6562e+00
8.6562e+00
8.6553e+00
8.6639e+00
8.6682e+00
8.6716e+00
8.6750e+00
8.6819e+00
8.6922e+00
8.6982e+00
8.6939e+00
8.7127e+00
8.7221e+00
8.7281e+00
8.7256e+00
8.7453e+00
8.7615e+00
8.7710e+00
8.7778e+00
8.7906e+00
8.7949e+00
8.8112e+00
8.8163e+00
8.8249e+00
8.8266e+00
8.8428e+00
8.8471e+00
8.8617e+00
8.8651e+00
8.8694e+00
8.8676e+00
8.8779e+00
8.8813e+00
8.8865e+00
8.8942e+00
8.9027e+00
8.8950e+00
8.8984e+00
8.9010e+00
8.9001e+00
8.8942e+00
8.8924e+00
8.8822e+00
8.8890e+00
8.8830e+00
8.8805e+00
8.8788e+00
8.8736e+00
8.8659e+00
8.8651e+00
8.8540e+00
8.8454e+00
8.8411e+00
8.8334e+00
8.8232e+00
8.8155e+00
8.8078e+00
8.7949e+00
8.7915e+00
8.7787e+00
8.7650e+00
8.7633e+00
8.7538e+00
8.7401e+00
8.7290e+00
8.7213e+00
8.7076e+00
8.6870e+00
8.6776e+00
8.6742e+00
8.6596e+00
8.6424e+00
8.6244e+00
8.6124e+00
8.6056e+00
8.5901e+00
8.5721e+00
8.5558e+00
8.5412e+00
8.5292e+00
8.5146e+00
8.5025e+00
8.4905e+00
8.4785e+00
8.4665e+00
8.4519e+00
8.4398e+00
8.4312e+00
8.4114e+00
8.3925e+00
8.3822e+00
8.3779e+00
8.3693e+00
8.3521e+00
8.3340e+00
8.3237e+00
8.3082e+00
8.2918e+00
8.2815e+00
8.2694e+00
8.2565e+00
8.2462e+00
8.2281e+00
8.2186e+00
8.2126e+00
8.1979e+00
8.1824e+00
8.1755e+00
8.1669e+00
8.1479e+00
8.1324e+00
8.1255e+00
8.1091e+00
8.0970e+00
8.0910e+00
8.0780e+00
8.0676e+00
8.0607e+00
8.0486e+00
8.0409e+00
8.0305e+00
8.0193e+00
8.0029e+00
7.9873e+00
7.9804e+00
7.9743e+00
7.9657e+00
7.9519e+00
7.9346e+00
7.9294e+00
7.9147e+00
7.9017e+00
7.8965e+00
7.8861e+00
7.8792e+00
7.8757e+00
7.8636e+00
7.8472e+00
7.8342e+00
7.8247e+00
7.8160e+00
7.8073e+00
7.7969e+00
7.7874e+00
7.7805e+00
7.7701e+00
7.7606e+00
7.7528e+00
7.7450e+00
7.7363e+00
7.7276e+00
7.7172e+00
7.7085e+00
7.7025e+00
7.6886e+00
7.6747e+00
7.6634e+00
7.6582e+00
7.6426e+00
7.6348e+00
7.6244e+00
7.6157e+00
7.6131e+00
7.6070e+00
7.5966e+00
7.5923e+00
7.5784e+00
7.5679e+00
7.5584e+00
7.5436e+00
7.5367e+00
7.5349e+00
7.5210e+00
7.5115e+00
7.5054e+00
7.5036e+00
7.4967e+00
7.4880e+00
7.4828e+00
7.4749e+00
7.4654e+00
7.4575e+00
7.4497e+00
7.4462e+00
7.4410e+00
7.4288e+00
7.4167e+00
7.4106e+00
7.3975e+00
7.3958e+00
7.3905e+00
7.3801e+00
7.3670e+00
7.3618e+00
7.3575e+00
7.3461e+00
7.3400e+00
7.3305e+00
7.3217e+00
7.3139e+00
7.3113e+00
7.3104e+00
7.3017e+00
7.2878e+00
7.2834e+00
7.2843e+00
7.2808e+00
7.2764e+00
7.2721e+00
7.2677e+00
7.2581e+00
7.2494e+00
7.2485e+00
7.2538e+00
7.2424e+00
7.2346e+00
7.2354e+00
7.2328e+00
7.2180e+00
7.2154e+00
7.2180e+00
7.2171e+00
7.2136e+00
7.2154e+00
7.2163e+00
7.2154e+00
7.2128e+00
7.2163e+00
7.2145e+00
7.2206e+00
7.2285e+00
7.2224e+00
7.2232e+00
7.2320e+00
7.2232e+00
7.2302e+00
7.2372e+00
7.2337e+00
7.2354e+00
7.2416e+00
7.2363e+00
7.2468e+00
7.2477e+00
7.2477e+00
7.2555e+00
7.2529e+00
7.2546e+00
7.2529e+00
7.2459e+00
7.2485e+00
7.2538e+00
7.2485e+00
7.2468e+00
7.2416e+00
7.2363e+00
7.2346e+00
7.2363e+00
7.2354e+00
7.2232e+00
7.2224e+00
7.2241e+00
7.2206e+00
7.2119e+00
7.2067e+00
7.2110e+00
7.2067e+00
7.1936e+00
7.1857e+00
7.1910e+00
7.1866e+00
7.1779e+00
7.1718e+00
7.1744e+00
7.1726e+00
7.1648e+00
7.1578e+00
7.1552e+00
7.1534e+00
7.1438e+00
7.1412e+00
7.1447e+00
7.1395e+00
7.1412e+00
7.1403e+00
7.1290e+00
7.1255e+00
7.1255e+00
7.1159e+00
7.1115e+00
7.1141e+00
7.1168e+00
7.1168e+00
7.1124e+00
7.1063e+00
7.1054e+00
7.1071e+00
7.1106e+00
7.1019e+00
7.0967e+00
7.1054e+00
7.0984e+00
7.0984e+00
7.1028e+00
7.1002e+00
7.1045e+00
7.1080e+00
7.1071e+00
7.1141e+00
7.1211e+00
7.1220e+00
7.1316e+00
7.1360e+00
7.1333e+00
7.1386e+00
7.1403e+00
7.1377e+00
7.1290e+00
7.1255e+00
7.1264e+00
7.1159e+00
7.1028e+00
7.1010e+00
7.1010e+00
7.0949e+00
7.0897e+00
7.0818e+00
7.0818e+00
7.0792e+00
7.0670e+00
7.0626e+00
7.0600e+00
7.0495e+00
7.0416e+00
7.0337e+00
7.0206e+00
7.0206e+00
7.0093e+00
7.0014e+00
6.9909e+00
6.9795e+00
6.9699e+00
6.9655e+00
6.9559e+00
6.9480e+00
6.9445e+00
6.9340e+00
6.9183e+00
6.9104e+00
6.9008e+00
6.9008e+00
6.8902e+00
6.8815e+00
6.8622e+00
6.8517e+00
6.8465e+00
6.8333e+00
6.8193e+00
6.8132e+00
6.7982e+00
6.7921e+00
6.7860e+00
6.7790e+00
6.7728e+00
6.7614e+00
6.7518e+00
6.7404e+00
6.7167e+00
6.7079e+00
6.7035e+00
6.6921e+00
6.6807e+00
6.6745e+00
6.6702e+00
6.6605e+00
6.6456e+00
6.6368e+00
6.6306e+00
6.6254e+00
6.6078e+00
6.5920e+00
6.5849e+00
6.5805e+00
6.5770e+00
6.5665e+00
6.5577e+00
6.5454e+00
6.5243e+00
6.5208e+00
6.5137e+00
6.5032e+00
6.4970e+00
6.4864e+00
6.4750e+00
6.4653e+00
6.4600e+00
6.4495e+00
6.4354e+00
6.4275e+00
6.4160e+00
6.4063e+00
6.4019e+00
6.3958e+00
6.3834e+00
6.3781e+00
6.3684e+00
6.3596e+00
6.3526e+00
6.3455e+00
6.3350e+00
6.3297e+00
6.3200e+00
6.3156e+00
6.3085e+00
6.2926e+00
6.2873e+00
6.2873e+00
6.2768e+00
6.2697e+00
6.2653e+00
6.2556e+00
6.2459e+00
6.2406e+00
6.2318e+00
6.2238e+00
6.2097e+00
6.2009e+00
6.1991e+00
6.1920e+00
6.1788e+00
6.1726e+00
6.1682e+00
6.1585e+00
6.1479e+00
6.1443e+00
6.1373e+00
6.1275e+00
6.1240e+00
6.1205e+00
6.1054e+00
6.0993e+00
6.0939e+00
6.0860e+00
6.0754e+00
6.0683e+00
6.0595e+00
6.0506e+00
6.0435e+00
6.0365e+00
6.0329e+00
6.0267e+00
6.0223e+00
6.0108e+00
6.0108e+00
6.0099e+00
6.0011e+00
5.9975e+00
6.0055e+00
6.0064e+00
6.0135e+00
6.0179e+00
6.0126e+00
6.0250e+00
6.0462e+00
6.0480e+00
6.0692e+00
6.0851e+00
6.1072e+00
6.1267e+00
6.1434e+00
6.1629e+00
6.1903e+00
6.2053e+00
6.2335e+00
6.2547e+00
6.2803e+00
6.3103e+00
6.3447e+00
6.3658e+00
6.3914e+00
6.4160e+00
6.4460e+00
6.4724e+00
6.4944e+00
6.5155e+00
6.5419e+00
6.5630e+00
6.5876e+00
6.6122e+00
6.6254e+00
6.6508e+00
6.6666e+00
6.6807e+00
6.7000e+00
6.7149e+00
6.7263e+00
6.7360e+00
6.7465e+00
6.7562e+00
6.7684e+00
6.7851e+00
6.8000e+00
6.8053e+00
6.8123e+00
6.8210e+00
6.8280e+00
6.8324e+00
6.8342e+00
6.8403e+00
6.8394e+00
6.8412e+00
6.8473e+00
6.8491e+00
6.8438e+00
6.8456e+00
6.8482e+00
6.8429e+00
6.8333e+00
6.8342e+00
6.8324e+00
6.8228e+00
6.8202e+00
6.8132e+00
6.8132e+00
6.8026e+00
6.7939e+00
6.7877e+00
6.7702e+00
6.7605e+00
6.7570e+00
6.7509e+00
6.7386e+00
6.7290e+00
6.7211e+00
6.7097e+00
6.6912e+00
6.6789e+00
6.6684e+00
6.6526e+00
6.6403e+00
6.6210e+00
6.6113e+00
6.5964e+00
6.5700e+00
6.5577e+00
6.5401e+00
6.5216e+00
6.5093e+00
6.4961e+00
6.4820e+00
6.4680e+00
6.4486e+00
6.4292e+00
6.4160e+00
6.4002e+00
6.3870e+00
6.3702e+00
6.3517e+00
6.3332e+00
6.3173e+00
6.3059e+00
6.2873e+00
6.2732e+00
6.2635e+00
6.2450e+00
6.2282e+00
6.2167e+00
6.2044e+00
6.1823e+00
6.1708e+00
6.1655e+00
6.1514e+00
6.1346e+00
6.1231e+00
6.1063e+00
6.0904e+00
6.0825e+00
6.0612e+00
6.0400e+00
6.0365e+00
6.0232e+00
6.0028e+00
5.9922e+00
5.9816e+00
5.9630e+00
5.9471e+00
5.9355e+00
5.9276e+00
5.9116e+00
5.8939e+00
5.8806e+00
5.8664e+00
5.8585e+00
5.8496e+00
5.8363e+00
5.8239e+00
5.8070e+00
5.7964e+00
5.7866e+00
5.7742e+00
5.7662e+00
5.7591e+00
5.7476e+00
5.7280e+00
5.7191e+00
5.7129e+00
5.6987e+00
5.6872e+00
5.6783e+00
5.6650e+00
5.6525e+00
5.6445e+00
5.6374e+00
5.6241e+00
5.6205e+00
5.6072e+00
5.5947e+00
5.5823e+00
5.5734e+00
5.5654e+00
5.5547e+00
5.5494e+00
5.5414e+00
5.5307e+00
5.5244e+00
5.5173e+00
5.5040e+00
5.4906e+00
5.4862e+00
5.4746e+00
5.4612e+00
5.4470e+00
5.4381e+00
5.4283e+00
5.4229e+00
5.4158e+00
5.4033e+00
5.3989e+00
5.3846e+00
5.3641e+00
5.3552e+00
5.3507e+00
5.3400e+00
5.3373e+00
5.3338e+00
5.3222e+00
5.3150e+00
5.3070e+00
5.2981e+00
5.2874e+00
5.2793e+00
5.2749e+00
5.2641e+00
5.2490e+00
5.2383e+00
5.2293e+00
5.2204e+00
5.2150e+00
5.2097e+00
5.1972e+00
5.1909e+00
5.1784e+00
5.1686e+00
5.1632e+00
5.1596e+00
5.1471e+00
5.1426e+00
5.1400e+00
5.1319e+00
5.1256e+00
5.1167e+00
5.1024e+00
5.0988e+00
5.0926e+00
5.0836e+00
5.0791e+00
5.0729e+00
5.0693e+00
5.0693e+00
5.0630e+00
5.0603e+00
5.0550e+00
5.0469e+00
5.0496e+00
5.0433e+00
5.0362e+00
5.0362e+00
5.0308e+00
5.0254e+00
5.0156e+00
5.0030e+00
4.9968e+00
4.9986e+00
4.9959e+00
4.9923e+00
4.9896e+00
4.9851e+00
4.9806e+00
4.9815e+00
4.9780e+00
4.9708e+00
4.9681e+00
4.9681e+00
4.9645e+00
4.9636e+00
4.9609e+00
4.9600e+00
4.9591e+00
4.9591e+00
4.9582e+00
4.9582e+00
4.9538e+00
4.9529e+00
4.9591e+00
4.9600e+00
4.9565e+00
4.9529e+00
4.9502e+00
4.9511e+00
4.9457e+00
4.9466e+00
4.9394e+00
4.9332e+00
4.9349e+00
4.9332e+00
4.9260e+00
4.9287e+00
4.9233e+00
4.9134e+00
4.9090e+00
4.9098e+00
4.9152e+00
4.9063e+00
4.8982e+00
4.8973e+00
4.8928e+00
4.8901e+00
4.8892e+00
4.8803e+00
4.8704e+00
4.8704e+00
4.8659e+00
4.8596e+00
4.8516e+00
4.8453e+00
4.8399e+00
4.8336e+00
4.8192e+00
4.8121e+00
4.8049e+00
4.7950e+00
4.7851e+00
4.7797e+00
4.7788e+00
4.7672e+00
4.7555e+00
4.7501e+00
4.7393e+00
4.7303e+00
4.7178e+00
4.7106e+00
4.7115e+00
4.7052e+00
4.6908e+00
4.6827e+00
4.6791e+00
4.6665e+00
4.6611e+00
4.6557e+00
4.6431e+00
4.6288e+00
4.6207e+00
4.6117e+00
4.5991e+00
4.5937e+00
4.5856e+00
4.5730e+00
4.5622e+00
4.5595e+00
4.5532e+00
4.5433e+00
4.5379e+00
4.5261e+00
4.5063e+00
4.4991e+00
4.4973e+00
4.4883e+00
4.4811e+00
4.4739e+00
4.4658e+00
4.4550e+00
4.4505e+00
4.4432e+00
4.4279e+00
4.4180e+00
4.4171e+00
4.4090e+00
4.4000e+00
4.3955e+00
4.3846e+00
4.3774e+00
4.3675e+00
4.3603e+00
4.3558e+00
4.3494e+00
4.3413e+00
4.3350e+00
4.3305e+00
4.3215e+00
4.3115e+00
4.3088e+00
4.2980e+00
4.2908e+00
4.2853e+00
4.2781e+00
4.2664e+00
4.2573e+00
4.2564e+00
4.2492e+00
4.2347e+00
4.2257e+00
4.2212e+00
4.2149e+00
4.2058e+00
4.2004e+00
4.1977e+00
4.1895e+00
4.1769e+00
4.1696e+00
4.1651e+00
4.1579e+00
4.1488e+00
4.1398e+00
4.1362e+00
4.1298e+00
4.1235e+00
4.1154e+00
4.1018e+00
4.0973e+00
4.0909e+00
4.0810e+00
4.0728e+00
4.0656e+00
4.0583e+00
4.0565e+00
4.0484e+00
4.0411e+00
4.0303e+00
4.0212e+00
4.0139e+00
4.0031e+00
3.9949e+00
3.9913e+00
3.9868e+00
3.9840e+00
3.9741e+00
3.9641e+00
3.9523e+00
3.9469e+00
3.9487e+00
3.9478e+00
3.9360e+00
3.9251e+00
3.9233e+00
3.9160e+00
3.9006e+00
3.8970e+00
3.8870e+00
3.8788e+00
3.8707e+00
3.8652e+00
3.8534e+00
3.8471e+00
3.8434e+00
3.8334e+00
3.8298e+00
3.8235e+00
3.8126e+00
3.8089e+00
3.8098e+00
3.8062e+00
3.7971e+00
3.7917e+00
3.7844e+00
3.7799e+00
3.7735e+00
3.7662e+00
3.7490e+00
3.7435e+00
3.7471e+00
3.7381e+00
3.7271e+00
3.7317e+00
3.7290e+00
3.7181e+00
3.7053e+00
3.6971e+00
3.6899e+00
3.6880e+00
3.6671e+00
3.6617e+00
3.6553e+00
3.6517e+00
3.6480e+00
3.6407e+00
3.6371e+00
3.6316e+00
3.6243e+00
3.6180e+00
3.6089e+00
3.5952e+00
3.5898e+00
3.5898e+00
3.5788e+00
3.5715e+00
3.5670e+00
3.5588e+00
3.5542e+00
3.5488e+00
3.5378e+00
3.5287e+00
3.5251e+00
3.5160e+00
3.5105e+00
3.5023e+00
3.4968e+00
3.4886e+00
3.4740e+00
3.4713e+00
3.4585e+00
3.4521e+00
3.4421e+00
3.4339e+00
3.4275e+00
3.4230e+00
3.4193e+00
3.4065e+00
3.3992e+00
3.3910e+00
3.3855e+00
3.3819e+00
3.3773e+00
3.3655e+00
3.3554e+00
3.3536e+00
3.3444e+00
3.3298e+00
3.3216e+00
3.3234e+00
3.3170e+00
3.3070e+00
3.3079e+00
3.3024e+00
3.2906e+00
3.2860e+00
3.2741e+00
3.2686e+00
3.2622e+00
3.2558e+00
3.2467e+00
3.2421e+00
3.2339e+00
3.2266e+00
3.2202e+00
3.2165e+00
3.2119e+00
3.2055e+00
3.1955e+00
3.1891e+00
3.1900e+00
3.1845e+00
3.1735e+00
3.1735e+00
3.1717e+00
3.1616e+00
3.1561e+00
3.1515e+00
3.1488e+00
3.1424e+00
3.1287e+00
3.1250e+00
3.1232e+00
3.1177e+00
3.1177e+00
3.1113e+00
3.1021e+00
3.0929e+00
3.0829e+00
3.0746e+00
3.0700e+00
3.0645e+00
3.0526e+00
3.0508e+00
3.0435e+00
3.0316e+00
3.0251e+00
3.0224e+00
3.0132e+00
2.9995e+00
3.0004e+00
2.9967e+00
2.9876e+00
2.9839e+00
2.9802e+00
2.9775e+00
2.9683e+00
2.9591e+00
2.9573e+00
2.9536e+00
2.9435e+00
2.9353e+00
2.9325e+00
2.9224e+00
2.9142e+00
2.9087e+00
2.8976e+00
2.8921e+00
2.8875e+00
2.8857e+00
2.8793e+00
2.8701e+00
2.8673e+00
2.8627e+00
2.8536e+00
2.8453e+00
2.8389e+00
2.8315e+00
2.8242e+00
2.8159e+00
2.8085e+00
2.8030e+00
2.7948e+00
2.7856e+00
2.7764e+00
2.7699e+00
2.7727e+00
2.7709e+00
2.7580e+00
2.7543e+00
2.7479e+00
2.7368e+00
2.7249e+00
2.7240e+00
2.7194e+00
2.7074e+00
2.6936e+00
2.6826e+00
2.6734e+00
2.6651e+00
2.6595e+00
2.6540e+00
2.6503e+00
2.6402e+00
2.6273e+00
2.6236e+00
2.6209e+00
2.6144e+00
2.6025e+00
2.5969e+00
2.5905e+00
2.5831e+00
2.5803e+00
2.5757e+00
2.5647e+00
2.5555e+00
2.5499e+00
2.5435e+00
2.5407e+00
2.5333e+00
2.5241e+00
2.5158e+00
2.5094e+00
2.5066e+00
2.4992e+00
2.4918e+00
2.4780e+00
2.4715e+00
2.4679e+00
2.4651e+00
2.4623e+00
2.4559e+00
2.4485e+00
2.4429e+00
2.4439e+00
2.4365e+00
2.4226e+00
2.4162e+00
2.4134e+00
2.4097e+00
2.4023e+00
2.3977e+00
2.3940e+00
2.3866e+00
2.3839e+00
2.3783e+00
2.3755e+00
2.3663e+00
2.3635e+00
2.3589e+00
2.3488e+00
2.3497e+00
2.3414e+00
2.3340e+00
2.3229e+00
2.3136e+00
2.3127e+00
2.3062e+00
2.2989e+00
2.2933e+00
2.2822e+00
2.2794e+00
2.2822e+00
2.2776e+00
2.2693e+00
2.2720e+00
2.2665e+00
2.2582e+00
2.2609e+00
2.2554e+00
2.2498e+00
2.2526e+00
2.2369e+00
2.2286e+00
2.2304e+00
2.2286e+00
2.2286e+00
2.2165e+00
2.2119e+00
2.2119e+00
2.2017e+00
2.1971e+00
2.1943e+00
2.1916e+00
2.1841e+00
2.1795e+00
2.1823e+00
2.1758e+00
2.1721e+00
2.1703e+00
2.1638e+00
2.1601e+00
2.1564e+00
2.1517e+00
2.1443e+00
2.1453e+00
2.1443e+00
2.1314e+00
2.1314e+00
2.1267e+00
2.1193e+00
2.1203e+00
2.1175e+00
2.1138e+00
2.1091e+00
2.1017e+00
2.0989e+00
2.0906e+00
2.0767e+00
2.0776e+00
2.0674e+00
2.0609e+00
2.0554e+00
2.0526e+00
2.0396e+00
2.0378e+00
2.0406e+00
2.0285e+00
2.0183e+00
2.0183e+00
2.0127e+00
2.0053e+00
1.9988e+00
1.9914e+00
1.9858e+00
1.9793e+00
1.9691e+00
1.9580e+00
1.9543e+00
1.9478e+00
1.9413e+00
1.9348e+00
1.9227e+00
1.9125e+00
1.9097e+00
1.9051e+00
1.9014e+00
1.9004e+00
1.8902e+00
1.8763e+00
1.8688e+00
1.8605e+00
1.8549e+00
1.8484e+00
1.8345e+00
1.8270e+00
1.8215e+00
1.8122e+00
1.8075e+00
1.8019e+00
1.7945e+00
1.7908e+00
1.7871e+00
1.7778e+00
1.7722e+00
1.7619e+00
1.7564e+00
1.7508e+00
1.7433e+00
1.7322e+00
1.7275e+00
1.7182e+00
1.7033e+00
1.7033e+00
1.7024e+00
1.6931e+00
1.6894e+00
1.6847e+00
1.6754e+00
1.6661e+00
1.6586e+00
1.6540e+00
1.6484e+00
1.6400e+00
1.6260e+00
1.6158e+00
1.6130e+00
1.6065e+00
1.5953e+00
1.5906e+00
1.5915e+00
1.5832e+00
1.5720e+00
1.5757e+00
1.5720e+00
1.5552e+00
1.5440e+00
1.5421e+00
1.5459e+00
1.5309e+00
1.5197e+00
1.5197e+00
1.5123e+00
1.5039e+00
1.4983e+00
1.4899e+00
1.4862e+00
1.4778e+00
1.4712e+00
1.4712e+00
1.4619e+00
1.4591e+00
1.4516e+00
1.4432e+00
1.4404e+00
1.4386e+00
1.4367e+00
1.4302e+00
1.4217e+00
1.4208e+00
1.4199e+00
1.4227e+00
1.4180e+00
1.4143e+00
1.4208e+00
1.4255e+00
1.4255e+00
1.4245e+00
1.4236e+00
1.4283e+00
1.4283e+00
1.4320e+00
1.4302e+00
1.4330e+00
1.4367e+00
1.4358e+00
1.4376e+00
1.4442e+00
1.4432e+00
1.4442e+00
1.4460e+00
1.4535e+00
1.4526e+00
1.4554e+00
1.4554e+00
1.4591e+00
1.4582e+00
1.4638e+00
1.4666e+00
1.4666e+00
1.4628e+00
1.4656e+00
1.4675e+00
1.4647e+00
1.4638e+00
1.4666e+00
1.4600e+00
1.4638e+00
1.4619e+00
1.4572e+00
1.4544e+00
1.4638e+00
1.4582e+00
1.5002e+00
1.5011e+00
1.5132e+00
1.5197e+00
1.5142e+00
1.5132e+00
1.5076e+00
1.5030e+00
1.4946e+00
1.4936e+00
1.4918e+00
1.4880e+00
1.4796e+00
1.4768e+00
1.4703e+00
1.4582e+00
1.4572e+00
1.4526e+00
1.4488e+00
1.4488e+00
1.4470e+00
1.4442e+00
1.4348e+00
1.4274e+00
1.4189e+00
1.4236e+00
1.4227e+00
1.4180e+00
1.4133e+00
1.4087e+00
1.4105e+00
1.4059e+00
1.3965e+00
1.3909e+00
1.3853e+00
1.3778e+00
1.3741e+00
1.3676e+00
1.3666e+00
1.3629e+00
1.3554e+00
1.3470e+00
1.3405e+00
1.3405e+00
1.3349e+00
1.3311e+00
1.3264e+00
1.3190e+00
1.3115e+00
1.3059e+00
1.3003e+00
1.2900e+00
1.2844e+00
1.2816e+00
1.2787e+00
1.2741e+00
1.2694e+00
1.2600e+00
1.2544e+00
1.2507e+00
1.2460e+00
1.2385e+00
1.2366e+00
1.2282e+00
1.2198e+00
1.2161e+00
1.2198e+00
1.2086e+00
1.1992e+00
1.1945e+00
1.1898e+00
1.1870e+00
1.1861e+00
1.1823e+00
1.1758e+00
1.1674e+00
1.1627e+00
1.1599e+00
1.1608e+00
1.1561e+00
1.1486e+00
1.1430e+00
1.1421e+00
1.1383e+00
1.1289e+00
1.1243e+00
1.1224e+00
1.1177e+00
1.1158e+00
1.1140e+00
1.1055e+00
1.1008e+00
1.0990e+00
1.0886e+00
1.0821e+00
1.0774e+00
1.0699e+00
1.0690e+00
1.0652e+00
1.0558e+00
1.0455e+00
1.0408e+00
1.0361e+00
1.0268e+00
1.0221e+00
1.0239e+00
1.0211e+00
1.0127e+00
1.0052e+00
1.0042e+00
9.9766e-01
9.9297e-01
9.8922e-01
9.8734e-01
9.7702e-01
9.6857e-01
9.6857e-01
9.7044e-01
9.6857e-01
9.5824e-01
9.5542e-01
9.6106e-01
9.5730e-01
9.4603e-01
9.4322e-01
9.3946e-01
9.3570e-01
9.3007e-01
9.2349e-01
9.1786e-01
9.1598e-01
9.1410e-01
9.0471e-01
9.0095e-01
9.0095e-01
8.9531e-01
8.8779e-01
8.8873e-01
8.8122e-01
8.7558e-01
8.6994e-01
8.6900e-01
8.6618e-01
8.6712e-01
8.6242e-01
8.5114e-01
8.4174e-01
8.3704e-01
8.3140e-01
8.2482e-01
8.1729e-01
8.1165e-01
8.0224e-01
7.9190e-01
7.8625e-01
7.8249e-01
7.7590e-01
7.7120e-01
7.6649e-01
7.6273e-01
7.5050e-01
7.3826e-01
7.2697e-01
7.2320e-01
7.2132e-01
7.1284e-01
7.1002e-01
7.1002e-01
7.0437e-01
6.9495e-01
6.8930e-01
6.8365e-01
6.7988e-01
6.7235e-01
6.6481e-01
6.5539e-01
6.5633e-01
6.5916e-01
6.5162e-01
6.4220e-01
6.4220e-01
6.3937e-01
6.3372e-01
6.3749e-01
6.4691e-01
6.3466e-01
6.3372e-01
6.3372e-01
6.3843e-01
6.3937e-01
6.4314e-01
6.4503e-01
6.4691e-01
6.4408e-01
6.4691e-01
6.4597e-01
6.4691e-01
6.4974e-01
6.5162e-01
6.5162e-01
6.5445e-01
6.6104e-01
6.5916e-01
6.6104e-01
6.6669e-01
6.6293e-01
6.6198e-01
6.6858e-01
6.7141e-01
6.6669e-01
6.7046e-01
6.6481e-01
6.5351e-01
6.5916e-01
6.5822e-01
6.5162e-01
6.4691e-01
6.4503e-01
6.4597e-01
6.4597e-01
6.4314e-01
6.3654e-01
6.3749e-01
6.3749e-01
6.3183e-01
6.2712e-01
6.2523e-01
6.2052e-01
6.1298e-01
6.0921e-01
6.0261e-01
5.9978e-01
5.9413e-01
5.9036e-01
5.8753e-01
5.8375e-01
5.7432e-01
5.7527e-01
5.7055e-01
5.6395e-01
5.5829e-01
5.4886e-01
5.4131e-01
5.3942e-01
5.2527e-01
5.2244e-01
5.1867e-01
5.0451e-01
4.9979e-01
4.9318e-01
4.8374e-01
4.7147e-01
4.6958e-01
4.6392e-01
4.5353e-01
4.4975e-01
4.3842e-01
4.2614e-01
4.2236e-01
4.2047e-01
4.1008e-01
3.9968e-01
3.9118e-01
3.8551e-01
3.7889e-01
3.6944e-01
3.6282e-01
3.5148e-01
3.4297e-01
3.3919e-01
3.2689e-01
3.1838e-01
3.1933e-01
3.1081e-01
3.0135e-01
2.9189e-01
2.8054e-01
2.7202e-01
2.5972e-01
2.4836e-01
2.4931e-01
2.4268e-01
2.2753e-01
2.1996e-01
2.1333e-01
2.0197e-01
1.9818e-01
1.9439e-01
1.8871e-01
1.8302e-01
1.7450e-01
1.6692e-01
1.5934e-01
1.5365e-01
1.4796e-01
1.4133e-01
1.3659e-01
1.3849e-01
1.3659e-01
1.3280e-01
1.3375e-01
1.2711e-01
1.1763e-01
1.2332e-01
1.1763e-01
1.1194e-01
1.1289e-01
1.0626e-01
1.0531e-01
1.0531e-01
1.0815e-01
1.0151e-01
9.7723e-02
9.3930e-02
8.7291e-02
8.8240e-02
9.0136e-02
9.0136e-02
8.8240e-02
8.9188e-02
9.3930e-02
9.4878e-02
9.0136e-02
8.5395e-02
8.5395e-02
8.4446e-02
8.0653e-02
7.7807e-02
7.5910e-02
6.8322e-02
7.1168e-02
7.4014e-02
7.4014e-02
7.4014e-02
7.6859e-02
8.0653e-02
8.2550e-02
8.2550e-02
8.5395e-02
8.1601e-02
8.6343e-02
9.2981e-02
1.0151e-01
1.1100e-01
1.1858e-01
1.2048e-01
1.2711e-01
1.2901e-01
1.3849e-01
1.5460e-01
1.5839e-01
1.6313e-01
1.7734e-01
1.8776e-01
1.9249e-01
2.0481e-01
2.0954e-01
2.1522e-01
2.2280e-01
2.3700e-01
2.4741e-01
2.5499e-01
2.6351e-01
2.7581e-01
2.8527e-01
2.9946e-01
3.0608e-01
3.1649e-01
3.2973e-01
3.4013e-01
3.4770e-01
3.6661e-01
3.7511e-01
3.9212e-01
4.0535e-01
4.1764e-01
4.2425e-01
4.4503e-01
4.6675e-01
4.9130e-01
5.0545e-01
5.2716e-01
5.4226e-01
5.7055e-01
5.8753e-01
6.1015e-01
6.2335e-01
6.4031e-01
6.4879e-01
6.7611e-01
6.8648e-01
7.0154e-01
7.1002e-01
7.2885e-01
7.3732e-01
7.5238e-01
7.6649e-01
7.8437e-01
7.9284e-01
8.0695e-01
8.1071e-01
8.2293e-01
8.3328e-01
8.4738e-01
8.5396e-01
8.7276e-01
8.8404e-01
8.9907e-01
9.0565e-01
9.2068e-01
9.3007e-01
9.3476e-01
9.4134e-01
9.4979e-01
9.4791e-01
9.6106e-01
9.7044e-01
9.7326e-01
9.7232e-01
9.7138e-01
9.7702e-01
9.8171e-01
9.7420e-01
9.7795e-01
9.7608e-01
9.7326e-01
9.7420e-01
9.6857e-01
9.6387e-01
9.5636e-01
9.5167e-01
9.4697e-01
9.3758e-01
9.3852e-01
9.2349e-01
9.1128e-01
9.1410e-01
9.0846e-01
9.0095e-01
8.9155e-01
8.8498e-01
8.7934e-01
8.6994e-01
8.8216e-01
8.8498e-01
8.8686e-01
8.8310e-01
8.7088e-01
8.7182e-01
8.6524e-01
8.5396e-01
8.4268e-01
8.3892e-01
8.2952e-01
8.2011e-01
8.0507e-01
8.0130e-01
7.8625e-01
7.7026e-01
7.5897e-01
7.4861e-01
7.3355e-01
7.2226e-01
7.1284e-01
6.9778e-01
6.8271e-01
6.7046e-01
6.5727e-01
6.4785e-01
6.3749e-01
6.3089e-01
6.1298e-01
5.9978e-01
5.8753e-01
5.7998e-01
5.6206e-01
5.4131e-01
5.3282e-01
5.2905e-01
5.1772e-01
4.9979e-01
4.8658e-01
4.7147e-01
4.5447e-01
4.4597e-01
4.3275e-01
4.2425e-01
3.9590e-01
3.8267e-01
3.7511e-01
3.6188e-01
3.4581e-01
3.3257e-01
3.1838e-01
3.0892e-01
3.0041e-01
2.9095e-01
2.7675e-01
2.5877e-01
2.4268e-01
2.3227e-01
2.2185e-01
2.1049e-01
1.9912e-01
1.9344e-01
1.7639e-01
1.5744e-01
1.4986e-01
1.3849e-01
1.1953e-01
1.1763e-01
1.1574e-01
1.0436e-01
8.6343e-02
7.6859e-02
6.8322e-02
5.5042e-02
4.9349e-02
3.9861e-02
1.9933e-02
1.2340e-02
0000
