5.8385e+00
5.8185e+00
5.8024e+00
5.7843e+00
5.7748e+00
5.7548e+00
5.7396e+00
5.7225e+00
5.7063e+00
5.6978e+00
5.6797e+00
5.6645e+00
5.6473e+00
5.6407e+00
5.6264e+00
5.6121e+00
5.6016e+00
5.5845e+00
5.5635e+00
5.5569e+00
5.5340e+00
5.5264e+00
5.5092e+00
5.4997e+00
5.4806e+00
5.4711e+00
5.4596e+00
5.4405e+00
5.4329e+00
5.4186e+00
5.4062e+00
5.3871e+00
5.3795e+00
5.3623e+00
5.3537e+00
5.3384e+00
5.3241e+00
5.3107e+00
5.2906e+00
5.2877e+00
5.2763e+00
5.2686e+00
5.2552e+00
5.2409e+00
5.2304e+00
5.2199e+00
5.2093e+00
5.1998e+00
5.1816e+00
5.1701e+00
5.1548e+00
5.1404e+00
5.1299e+00
5.1175e+00
5.1002e+00
5.0906e+00
5.0801e+00
5.0629e+00
5.0552e+00
5.0494e+00
5.0322e+00
5.0283e+00
5.0197e+00
5.0111e+00
4.9967e+00
4.9881e+00
4.9823e+00
4.9794e+00
4.9727e+00
4.9631e+00
4.9507e+00
4.9401e+00
4.9344e+00
4.9315e+00
4.9132e+00
4.9056e+00
4.9008e+00
4.8892e+00
4.8758e+00
4.8633e+00
4.8575e+00
4.8556e+00
4.8403e+00
4.8326e+00
4.8306e+00
4.8191e+00
4.8028e+00
4.7980e+00
4.7941e+00
4.7912e+00
4.7874e+00
4.7826e+00
4.7749e+00
4.7653e+00
4.7634e+00
4.7605e+00
4.7509e+00
4.7461e+00
4.7441e+00
4.7384e+00
4.7307e+00
4.7316e+00
4.7230e+00
4.7114e+00
4.7085e+00
4.7066e+00
4.6980e+00
4.6883e+00
4.6874e+00
4.6855e+00
4.6710e+00
4.6614e+00
4.6518e+00
4.6508e+00
4.6479e+00
4.6469e+00
4.6373e+00
4.6335e+00
4.6296e+00
4.6325e+00
4.6335e+00
4.6306e+00
4.6315e+00
4.6306e+00
4.6325e+00
4.6296e+00
4.6248e+00
4.6277e+00
4.6219e+00
4.6306e+00
4.6296e+00
4.6373e+00
4.6402e+00
4.6450e+00
4.6441e+00
4.6537e+00
4.6623e+00
4.6739e+00
4.6681e+00
4.6768e+00
4.6720e+00
4.6845e+00
4.6951e+00
4.6989e+00
4.7066e+00
4.7124e+00
4.7162e+00
4.7220e+00
4.7230e+00
4.7355e+00
4.7364e+00
4.7374e+00
4.7355e+00
4.7432e+00
4.7461e+00
4.7528e+00
4.7489e+00
4.7489e+00
4.7480e+00
4.7547e+00
4.7518e+00
4.7489e+00
4.7461e+00
4.7451e+00
4.7412e+00
4.7422e+00
4.7374e+00
4.7326e+00
4.7259e+00
4.7259e+00
4.7268e+00
4.7201e+00
4.7191e+00
4.7143e+00
4.7105e+00
4.7047e+00
4.6931e+00
4.6922e+00
4.6806e+00
4.6710e+00
4.6681e+00
4.6710e+00
4.6585e+00
4.6508e+00
4.6421e+00
4.6354e+00
4.6296e+00
4.6335e+00
4.6229e+00
4.6132e+00
4.6036e+00
4.5949e+00
4.5921e+00
4.5805e+00
4.5603e+00
4.5564e+00
4.5487e+00
4.5390e+00
4.5323e+00
4.5227e+00
4.5101e+00
4.4966e+00
4.4841e+00
4.4802e+00
4.4725e+00
4.4667e+00
4.4590e+00
4.4455e+00
4.4243e+00
4.4127e+00
4.4098e+00
4.3953e+00
4.3827e+00
4.3741e+00
4.3654e+00
4.3567e+00
4.3480e+00
4.3364e+00
4.3209e+00
4.3132e+00
4.3006e+00
4.2929e+00
4.2813e+00
4.2697e+00
4.2581e+00
4.2503e+00
4.2387e+00
4.2233e+00
4.2136e+00
4.2029e+00
4.1971e+00
4.1942e+00
4.1797e+00
4.1710e+00
4.1642e+00
4.1613e+00
4.1516e+00
4.1429e+00
4.1352e+00
4.1420e+00
4.1458e+00
4.1420e+00
4.1458e+00
4.1526e+00
4.1584e+00
4.1623e+00
4.1700e+00
4.1797e+00
4.1913e+00
4.2165e+00
4.2329e+00
4.2503e+00
4.2765e+00
4.3055e+00
4.3257e+00
4.3615e+00
4.3963e+00
4.4329e+00
4.4706e+00
4.5034e+00
4.5400e+00
4.5786e+00
4.6152e+00
4.6633e+00
4.7095e+00
4.7586e+00
4.8095e+00
4.8470e+00
4.8931e+00
4.9459e+00
4.9823e+00
5.0331e+00
5.0791e+00
5.1270e+00
5.1625e+00
5.1969e+00
5.2285e+00
5.2725e+00
5.3116e+00
5.3479e+00
5.3690e+00
5.3995e+00
5.4272e+00
5.4568e+00
5.4844e+00
5.5073e+00
5.5283e+00
5.5521e+00
5.5693e+00
5.5959e+00
5.6150e+00
5.6331e+00
5.6445e+00
5.6531e+00
5.6683e+00
5.6787e+00
5.6873e+00
5.6949e+00
5.7101e+00
5.7235e+00
5.7301e+00
5.7358e+00
5.7482e+00
5.7567e+00
5.7624e+00
5.7710e+00
5.7795e+00
5.7872e+00
5.7900e+00
5.7995e+00
5.8043e+00
5.8128e+00
5.8185e+00
5.8214e+00
5.8309e+00
5.8290e+00
5.8394e+00
5.8574e+00
5.8555e+00
5.8574e+00
5.8593e+00
5.8631e+00
5.8726e+00
5.8688e+00
5.8660e+00
5.8622e+00
5.8650e+00
5.8622e+00
5.8584e+00
5.8508e+00
5.8432e+00
5.8423e+00
5.8394e+00
5.8328e+00
5.8214e+00
5.8119e+00
5.8033e+00
5.7986e+00
5.7767e+00
5.7615e+00
5.7548e+00
5.7387e+00
5.7244e+00
5.7073e+00
5.6940e+00
5.6721e+00
5.6569e+00
5.6407e+00
5.6312e+00
5.6054e+00
5.5835e+00
5.5721e+00
5.5483e+00
5.5254e+00
5.5102e+00
5.4911e+00
5.4663e+00
5.4425e+00
5.4253e+00
5.4043e+00
5.3823e+00
5.3604e+00
5.3403e+00
5.3193e+00
5.3011e+00
5.2849e+00
5.2610e+00
5.2342e+00
5.2170e+00
5.1998e+00
5.1787e+00
5.1548e+00
5.1328e+00
5.1146e+00
5.0916e+00
5.0648e+00
5.0494e+00
5.0226e+00
5.0015e+00
4.9756e+00
4.9583e+00
4.9401e+00
4.9219e+00
4.9008e+00
4.8816e+00
4.8604e+00
4.8460e+00
4.8210e+00
4.8009e+00
4.7826e+00
4.7663e+00
4.7451e+00
4.7249e+00
4.7085e+00
4.6893e+00
4.6720e+00
4.6508e+00
4.6229e+00
4.6113e+00
4.5949e+00
4.5757e+00
4.5603e+00
4.5429e+00
4.5284e+00
4.5121e+00
4.4870e+00
4.4696e+00
4.4503e+00
4.4368e+00
4.4107e+00
4.3943e+00
4.3779e+00
4.3615e+00
4.3470e+00
4.3344e+00
4.3248e+00
4.3132e+00
4.2919e+00
4.2765e+00
4.2639e+00
4.2494e+00
4.2358e+00
4.2300e+00
4.2184e+00
4.2087e+00
4.1933e+00
4.1758e+00
4.1758e+00
4.1816e+00
4.1739e+00
4.1662e+00
4.1652e+00
4.1652e+00
4.1603e+00
4.1652e+00
4.1671e+00
4.1720e+00
4.1671e+00
4.1787e+00
4.1884e+00
4.1962e+00
4.2136e+00
4.2320e+00
4.2378e+00
4.2465e+00
4.2600e+00
4.2803e+00
4.2919e+00
4.3064e+00
4.3199e+00
4.3373e+00
4.3586e+00
4.3683e+00
4.3760e+00
4.3934e+00
4.4040e+00
4.4146e+00
4.4339e+00
4.4378e+00
4.4474e+00
4.4629e+00
4.4773e+00
4.4802e+00
4.4899e+00
4.5072e+00
4.5149e+00
4.5178e+00
4.5236e+00
4.5342e+00
4.5400e+00
4.5439e+00
4.5448e+00
4.5477e+00
4.5525e+00
4.5458e+00
4.5429e+00
4.5429e+00
4.5429e+00
4.5362e+00
4.5333e+00
4.5294e+00
4.5284e+00
4.5169e+00
4.5043e+00
4.4995e+00
4.4966e+00
4.4879e+00
4.4783e+00
4.4629e+00
4.4532e+00
4.4455e+00
4.4291e+00
4.4165e+00
4.4078e+00
4.3924e+00
4.3760e+00
4.3712e+00
4.3605e+00
4.3470e+00
4.3335e+00
4.3113e+00
4.3016e+00
4.2784e+00
4.2590e+00
4.2503e+00
4.2397e+00
4.2126e+00
4.1913e+00
4.1749e+00
4.1613e+00
4.1468e+00
4.1255e+00
4.1100e+00
4.0887e+00
4.0703e+00
4.0586e+00
4.0489e+00
4.0247e+00
4.0053e+00
3.9869e+00
3.9675e+00
3.9471e+00
3.9316e+00
3.9151e+00
3.9015e+00
3.8772e+00
3.8636e+00
3.8442e+00
3.8315e+00
3.8140e+00
3.8004e+00
3.7839e+00
3.7645e+00
3.7470e+00
3.7314e+00
3.7168e+00
3.7051e+00
3.6856e+00
3.6701e+00
3.6603e+00
3.6496e+00
3.6311e+00
3.6224e+00
3.6097e+00
3.5970e+00
3.5834e+00
3.5697e+00
3.5522e+00
3.5444e+00
3.5307e+00
3.5171e+00
3.5034e+00
3.4888e+00
3.4810e+00
3.4644e+00
3.4478e+00
3.4381e+00
3.4244e+00
3.4185e+00
3.4049e+00
3.3961e+00
3.3853e+00
3.3785e+00
3.3668e+00
3.3541e+00
3.3424e+00
3.3287e+00
3.3150e+00
3.3081e+00
3.3003e+00
3.2837e+00
3.2788e+00
3.2720e+00
3.2573e+00
3.2456e+00
3.2456e+00
3.2368e+00
3.2240e+00
3.2172e+00
3.2103e+00
3.2035e+00
3.1996e+00
3.1859e+00
3.1712e+00
3.1614e+00
3.1536e+00
3.1487e+00
3.1447e+00
3.1320e+00
3.1222e+00
3.1222e+00
3.1193e+00
3.1085e+00
3.1016e+00
3.0987e+00
3.0889e+00
3.0830e+00
3.0820e+00
3.0654e+00
3.0575e+00
3.0497e+00
3.0428e+00
3.0350e+00
3.0301e+00
3.0213e+00
3.0154e+00
3.0036e+00
2.9948e+00
2.9909e+00
2.9810e+00
2.9820e+00
2.9752e+00
2.9614e+00
2.9545e+00
2.9447e+00
2.9398e+00
2.9330e+00
2.9251e+00
2.9133e+00
2.9074e+00
2.9005e+00
2.8917e+00
2.8858e+00
2.8780e+00
2.8760e+00
2.8662e+00
2.8613e+00
2.8603e+00
2.8495e+00
2.8406e+00
2.8308e+00
2.8288e+00
2.8180e+00
2.8082e+00
2.8043e+00
2.7993e+00
2.7866e+00
2.7807e+00
2.7748e+00
2.7649e+00
2.7561e+00
2.7541e+00
2.7443e+00
2.7334e+00
2.7246e+00
2.7207e+00
2.7128e+00
2.7098e+00
2.7039e+00
2.6931e+00
2.6832e+00
2.6714e+00
2.6695e+00
2.6606e+00
2.6488e+00
2.6488e+00
2.6419e+00
2.6389e+00
2.6340e+00
2.6222e+00
2.6123e+00
2.6025e+00
2.5976e+00
2.5946e+00
2.5857e+00
2.5759e+00
2.5690e+00
2.5631e+00
2.5522e+00
2.5414e+00
2.5335e+00
2.5276e+00
2.5217e+00
2.5098e+00
2.5088e+00
2.5029e+00
2.4940e+00
2.4911e+00
2.4861e+00
2.4792e+00
2.4674e+00
2.4605e+00
2.4555e+00
2.4477e+00
2.4378e+00
2.4279e+00
2.4190e+00
2.4180e+00
2.4161e+00
2.4101e+00
2.4032e+00
2.3933e+00
2.3963e+00
2.3914e+00
2.3884e+00
2.3854e+00
2.3805e+00
2.3785e+00
2.3746e+00
2.3667e+00
2.3667e+00
2.3637e+00
2.3617e+00
2.3548e+00
2.3519e+00
2.3538e+00
2.3528e+00
2.3469e+00
2.3469e+00
2.3400e+00
2.3410e+00
2.3449e+00
2.3479e+00
2.3459e+00
2.3410e+00
2.3400e+00
2.3360e+00
2.3341e+00
2.3341e+00
2.3311e+00
2.3341e+00
2.3360e+00
2.3311e+00
2.3360e+00
2.3351e+00
2.3420e+00
2.3410e+00
2.3400e+00
2.3331e+00
2.3331e+00
2.3271e+00
2.3311e+00
2.3301e+00
2.3301e+00
2.3370e+00
2.3420e+00
2.3380e+00
2.3380e+00
2.3410e+00
2.3499e+00
2.3489e+00
2.3578e+00
2.3509e+00
2.3519e+00
2.3578e+00
2.3588e+00
2.3588e+00
2.3637e+00
2.3607e+00
2.3617e+00
2.3657e+00
2.3647e+00
2.3657e+00
2.3686e+00
2.3637e+00
2.3617e+00
2.3637e+00
2.3647e+00
2.3598e+00
2.3568e+00
2.3598e+00
2.3528e+00
2.3469e+00
2.3459e+00
2.3380e+00
2.3321e+00
2.3301e+00
2.3222e+00
2.3182e+00
2.3153e+00
2.3133e+00
2.3123e+00
2.3024e+00
2.2985e+00
2.2955e+00
2.2896e+00
2.2777e+00
2.2698e+00
2.2639e+00
2.2510e+00
2.2500e+00
2.2391e+00
2.2401e+00
2.2411e+00
2.2273e+00
2.2253e+00
2.2233e+00
2.2124e+00
2.2075e+00
2.2045e+00
2.2065e+00
2.1916e+00
2.1936e+00
2.1887e+00
2.1877e+00
2.1807e+00
2.1738e+00
2.1629e+00
2.1669e+00
2.1570e+00
2.1580e+00
2.1441e+00
2.1441e+00
2.1352e+00
2.1322e+00
2.1233e+00
2.1164e+00
2.1104e+00
2.1104e+00
2.1015e+00
2.0985e+00
2.0837e+00
2.0807e+00
2.0767e+00
2.0658e+00
2.0579e+00
2.0579e+00
2.0430e+00
2.0381e+00
2.0301e+00
2.0182e+00
2.0113e+00
2.0024e+00
1.9904e+00
1.9875e+00
1.9825e+00
1.9696e+00
1.9577e+00
1.9448e+00
1.9329e+00
1.9249e+00
1.9230e+00
1.9190e+00
1.9110e+00
1.8981e+00
1.8942e+00
1.8942e+00
1.8812e+00
1.8783e+00
1.8683e+00
1.8574e+00
1.8485e+00
1.8435e+00
1.8316e+00
1.8196e+00
1.8117e+00
1.8037e+00
1.7908e+00
1.7858e+00
1.7759e+00
1.7709e+00
1.7659e+00
1.7570e+00
1.7431e+00
1.7421e+00
1.7351e+00
1.7241e+00
1.7172e+00
1.7023e+00
1.7013e+00
1.6933e+00
1.6833e+00
1.6764e+00
1.6634e+00
1.6574e+00
1.6525e+00
1.6395e+00
1.6325e+00
1.6316e+00
1.6266e+00
1.6166e+00
1.6076e+00
1.5977e+00
1.5947e+00
1.5857e+00
1.5728e+00
1.5618e+00
1.5458e+00
1.5389e+00
1.5319e+00
1.5259e+00
1.5219e+00
1.5199e+00
1.5159e+00
1.5129e+00
1.5000e+00
1.4910e+00
1.4910e+00
1.4820e+00
1.4670e+00
1.4590e+00
1.4551e+00
1.4461e+00
1.4381e+00
1.4361e+00
1.4291e+00
1.4201e+00
1.4131e+00
1.4051e+00
1.3971e+00
1.3872e+00
1.3812e+00
1.3822e+00
1.3782e+00
1.3612e+00
1.3552e+00
1.3512e+00
1.3352e+00
1.3312e+00
1.3262e+00
1.3312e+00
1.3202e+00
1.3102e+00
1.3032e+00
1.2942e+00
1.2942e+00
1.2872e+00
1.2742e+00
1.2622e+00
1.2632e+00
1.2652e+00
1.2612e+00
1.2502e+00
1.2402e+00
1.2382e+00
1.2342e+00
1.2322e+00
1.2262e+00
1.2202e+00
1.2072e+00
1.2142e+00
1.2042e+00
1.2002e+00
1.1982e+00
1.2042e+00
1.1852e+00
1.1872e+00
1.1761e+00
1.1731e+00
1.1651e+00
1.1601e+00
1.1601e+00
1.1551e+00
1.1371e+00
1.1411e+00
1.1371e+00
1.1341e+00
1.1291e+00
1.1251e+00
1.1130e+00
1.1110e+00
1.1100e+00
1.1040e+00
1.1070e+00
1.1030e+00
1.0990e+00
1.1010e+00
1.0960e+00
1.0910e+00
1.0890e+00
1.0930e+00
1.0900e+00
1.0940e+00
1.0950e+00
1.0930e+00
1.0890e+00
1.0890e+00
1.0860e+00
1.0960e+00
1.1020e+00
1.1010e+00
1.0980e+00
1.1100e+00
1.1110e+00
1.1070e+00
1.1110e+00
1.1231e+00
1.1291e+00
1.1251e+00
1.1191e+00
1.1301e+00
1.1321e+00
1.1321e+00
1.1321e+00
1.1381e+00
1.1401e+00
1.1441e+00
1.1451e+00
1.1451e+00
1.1431e+00
1.1441e+00
1.1391e+00
1.1381e+00
1.1421e+00
1.1381e+00
1.1401e+00
1.1491e+00
1.1531e+00
1.1551e+00
1.1571e+00
1.1661e+00
1.1621e+00
1.1681e+00
1.1731e+00
1.1741e+00
1.1882e+00
1.2002e+00
1.2052e+00
1.2122e+00
1.2212e+00
1.2332e+00
1.2452e+00
1.2492e+00
1.2662e+00
1.2792e+00
1.2932e+00
1.3062e+00
1.3192e+00
1.3272e+00
1.3392e+00
1.3462e+00
1.3602e+00
1.3642e+00
1.3812e+00
1.3912e+00
1.4081e+00
1.4151e+00
1.4321e+00
1.4391e+00
1.4551e+00
1.4670e+00
1.4800e+00
1.4820e+00
1.5050e+00
1.5089e+00
1.5189e+00
1.5209e+00
1.5259e+00
1.5259e+00
1.5299e+00
1.5319e+00
1.5369e+00
1.5359e+00
1.5339e+00
1.5309e+00
1.5359e+00
1.5379e+00
1.5359e+00
1.5309e+00
1.5249e+00
1.5249e+00
1.5259e+00
1.5199e+00
1.5109e+00
1.5099e+00
1.5030e+00
1.5020e+00
1.4960e+00
1.4910e+00
1.4930e+00
1.4850e+00
1.4810e+00
1.4830e+00
1.4730e+00
1.4660e+00
1.4590e+00
1.4541e+00
1.4531e+00
1.4391e+00
1.4311e+00
1.4311e+00
1.4181e+00
1.4071e+00
1.4051e+00
1.3981e+00
1.3912e+00
1.3812e+00
1.3802e+00
1.3682e+00
1.3562e+00
1.3492e+00
1.3402e+00
1.3292e+00
1.3202e+00
1.3102e+00
1.3042e+00
1.2902e+00
1.2872e+00
1.2822e+00
1.2742e+00
1.2652e+00
1.2702e+00
1.2622e+00
1.2552e+00
1.2432e+00
1.2402e+00
1.2392e+00
1.2272e+00
1.2232e+00
1.2222e+00
1.2112e+00
1.2052e+00
1.1972e+00
1.1912e+00
1.1791e+00
1.1751e+00
1.1691e+00
1.1581e+00
1.1521e+00
1.1451e+00
1.1381e+00
1.1281e+00
1.1281e+00
1.1221e+00
1.1130e+00
1.1140e+00
1.1120e+00
1.1050e+00
1.1110e+00
1.1080e+00
1.1040e+00
1.1010e+00
1.1030e+00
1.0960e+00
1.0890e+00
1.0910e+00
1.0950e+00
1.0890e+00
1.0880e+00
1.0890e+00
1.0830e+00
1.0800e+00
1.0850e+00
1.0810e+00
1.0790e+00
1.0780e+00
1.0800e+00
1.0790e+00
1.0709e+00
1.0629e+00
1.0699e+00
1.0699e+00
1.0619e+00
1.0599e+00
1.0559e+00
1.0489e+00
1.0409e+00
1.0399e+00
1.0449e+00
1.0379e+00
1.0258e+00
1.0248e+00
1.0248e+00
1.0208e+00
1.0168e+00
1.0098e+00
1.0068e+00
1.0048e+00
9.9473e-01
9.9273e-01
9.8972e-01
9.8369e-01
9.7567e-01
9.7667e-01
9.7065e-01
9.6764e-01
9.5559e-01
9.5660e-01
9.5660e-01
9.4054e-01
9.3351e-01
9.3251e-01
9.2046e-01
9.1544e-01
9.1343e-01
9.1142e-01
9.0037e-01
9.0138e-01
8.9836e-01
8.9334e-01
8.8631e-01
8.7928e-01
8.6622e-01
8.7024e-01
8.6120e-01
8.5919e-01
8.5718e-01
8.5617e-01
8.4813e-01
8.4411e-01
8.3507e-01
8.3004e-01
8.2502e-01
8.1999e-01
8.1396e-01
8.0893e-01
7.9586e-01
7.8681e-01
7.7876e-01
7.6971e-01
7.6167e-01
7.5664e-01
7.5060e-01
7.4356e-01
7.3350e-01
7.2645e-01
7.1538e-01
7.1337e-01
7.0633e-01
6.9223e-01
6.7814e-01
6.7915e-01
6.6908e-01
6.6303e-01
6.6303e-01
6.5699e-01
6.4893e-01
6.5095e-01
6.4591e-01
6.3081e-01
6.2577e-01
6.1972e-01
6.0663e-01
6.0259e-01
6.0058e-01
5.9554e-01
5.8143e-01
5.7236e-01
5.6429e-01
5.5925e-01
5.5421e-01
5.4211e-01
5.3001e-01
5.2699e-01
5.1589e-01
5.1085e-01
5.0379e-01
4.9370e-01
4.8563e-01
4.8058e-01
4.7856e-01
4.7049e-01
4.6141e-01
4.5636e-01
4.4728e-01
4.4324e-01
4.3314e-01
4.2810e-01
4.2507e-01
4.1598e-01
4.1093e-01
4.0285e-01
3.9275e-01
3.8770e-01
3.8265e-01
3.7861e-01
3.7053e-01
3.6447e-01
3.5436e-01
3.4628e-01
3.4123e-01
3.3516e-01
3.2809e-01
3.2404e-01
3.1494e-01
3.1191e-01
3.0888e-01
3.0382e-01
2.9270e-01
2.8664e-01
2.8057e-01
2.7248e-01
2.7349e-01
2.7045e-01
2.6034e-01
2.5933e-01
2.5629e-01
2.4719e-01
2.4517e-01
2.4314e-01
2.3707e-01
2.3201e-01
2.1785e-01
2.0975e-01
2.0671e-01
1.9862e-01
1.9558e-01
1.8242e-01
1.7533e-01
1.7331e-01
1.7027e-01
1.6723e-01
1.5913e-01
1.5407e-01
1.5103e-01
1.3584e-01
1.2874e-01
1.2672e-01
1.2165e-01
1.1254e-01
1.1355e-01
1.0139e-01
9.4295e-02
8.6188e-02
8.0107e-02
7.1998e-02
6.9971e-02
6.7943e-02
6.3888e-02
5.3751e-02
4.3611e-02
4.7667e-02
4.1584e-02
2.9415e-02
2.6372e-02
1.6230e-02
8.1160e-03
9.1300e-03
7.1010e-03
0000
2.0290e-03
4.0580e-03
7.1010e-03
1.0150e-03
1.0150e-03
3.0440e-03
3.0440e-03
8.1160e-03
1.0144e-02
9.1300e-03
2.0287e-02
2.2316e-02
1.7245e-02
1.6230e-02
3.0429e-02
3.0429e-02
3.0429e-02
4.4625e-02
4.9695e-02
5.3751e-02
6.1861e-02
5.9833e-02
6.6930e-02
6.5916e-02
6.9971e-02
7.4025e-02
8.0107e-02
7.7066e-02
8.1120e-02
8.7201e-02
9.4295e-02
9.0242e-02
8.9228e-02
9.5309e-02
9.5309e-02
9.1255e-02
9.8349e-02
1.0544e-01
1.0443e-01
1.0038e-01
1.0342e-01
1.0544e-01
1.1051e-01
1.1659e-01
1.1254e-01
1.2267e-01
1.2773e-01
1.2368e-01
1.3077e-01
1.3077e-01
1.2570e-01
1.2874e-01
1.3584e-01
1.3482e-01
1.3077e-01
1.4090e-01
1.3989e-01
1.3989e-01
1.3584e-01
1.3482e-01
1.3989e-01
1.3685e-01
1.2368e-01
1.2570e-01
1.2976e-01
1.3077e-01
1.2570e-01
1.2672e-01
1.2672e-01
1.3178e-01
1.2267e-01
1.1152e-01
1.1456e-01
1.1254e-01
1.0240e-01
1.0443e-01
9.7336e-02
9.0242e-02
8.8215e-02
8.1120e-02
8.1120e-02
8.6188e-02
7.8080e-02
8.2134e-02
8.9228e-02
8.9228e-02
8.8215e-02
1.0139e-01
1.0443e-01
1.0949e-01
1.1355e-01
1.2267e-01
1.3584e-01
1.5508e-01
1.6318e-01
1.8444e-01
2.0671e-01
2.2594e-01
2.4517e-01
2.7450e-01
2.8765e-01
3.0989e-01
3.3112e-01
3.6144e-01
3.8366e-01
4.0487e-01
4.2103e-01
4.5031e-01
4.7352e-01
5.1387e-01
5.3304e-01
5.5220e-01
5.7437e-01
6.0461e-01
6.2375e-01
6.5196e-01
6.6807e-01
6.9123e-01
7.0029e-01
7.2343e-01
7.4155e-01
7.6066e-01
7.6971e-01
7.8983e-01
7.9687e-01
8.0189e-01
8.0893e-01
8.1697e-01
8.1999e-01
8.3004e-01
8.3708e-01
8.5316e-01
8.5517e-01
8.4914e-01
8.5517e-01
8.6120e-01
8.5517e-01
8.5919e-01
8.6521e-01
8.6320e-01
8.6019e-01
8.6120e-01
8.5617e-01
8.5416e-01
8.4512e-01
8.4210e-01
8.3909e-01
8.2703e-01
8.2502e-01
8.2602e-01
8.1496e-01
7.9988e-01
7.9586e-01
7.8681e-01
7.7374e-01
7.6468e-01
7.5764e-01
7.4457e-01
7.2847e-01
7.1236e-01
7.0331e-01
6.8821e-01
6.7210e-01
6.5498e-01
6.4793e-01
6.2778e-01
6.1267e-01
5.9856e-01
5.8546e-01
5.6933e-01
5.5522e-01
5.4413e-01
5.2497e-01
5.0278e-01
4.9067e-01
4.7755e-01
4.6141e-01
4.3617e-01
4.2507e-01
4.0992e-01
4.0487e-01
3.8770e-01
3.7760e-01
3.7255e-01
3.6245e-01
3.4325e-01
3.3617e-01
3.2707e-01
3.2303e-01
3.1191e-01
3.1090e-01
2.9472e-01
2.9776e-01
2.9068e-01
2.9371e-01
2.8765e-01
2.8057e-01
2.7551e-01
2.7753e-01
2.7045e-01
2.6742e-01
2.6337e-01
2.6034e-01
2.5427e-01
2.5124e-01
2.4415e-01
2.3909e-01
2.3302e-01
2.3201e-01
2.2898e-01
2.2898e-01
2.2189e-01
2.1683e-01
2.1380e-01
2.0874e-01
2.0772e-01
2.0469e-01
1.9862e-01
2.0368e-01
2.0570e-01
2.2088e-01
2.2594e-01
2.2898e-01
2.3201e-01
2.4011e-01
2.4517e-01
2.4618e-01
2.6135e-01
2.7248e-01
2.8158e-01
2.9877e-01
3.1494e-01
3.2101e-01
3.3819e-01
3.4628e-01
3.6144e-01
3.7760e-01
3.9275e-01
3.9982e-01
4.1699e-01
4.3112e-01
4.4122e-01
4.4627e-01
4.6040e-01
4.7554e-01
4.9773e-01
5.0681e-01
5.2799e-01
5.4615e-01
5.6933e-01
5.9453e-01
6.2073e-01
6.4692e-01
6.9223e-01
7.3048e-01
7.7876e-01
8.2502e-01
8.7828e-01
9.3853e-01
1.0058e+00
1.0689e+00
1.1561e+00
1.2382e+00
1.3322e+00
1.4281e+00
1.5339e+00
1.6325e+00
1.7401e+00
1.8445e+00
1.9646e+00
2.0797e+00
2.2144e+00
2.3262e+00
2.4585e+00
2.5818e+00
2.7226e+00
2.8446e+00
2.9791e+00
3.0928e+00
3.2152e+00
3.3140e+00
3.4371e+00
3.5259e+00
3.6409e+00
3.7421e+00
3.8558e+00
3.9481e+00
4.0518e+00
4.1429e+00
4.2349e+00
4.3248e+00
4.4136e+00
4.4918e+00
4.5660e+00
4.6344e+00
4.7008e+00
4.7566e+00
4.8191e+00
4.8729e+00
4.9219e+00
4.9871e+00
5.0274e+00
5.0791e+00
5.1155e+00
5.1596e+00
5.1931e+00
5.2380e+00
5.2524e+00
5.2897e+00
5.3059e+00
5.3537e+00
5.3642e+00
5.3957e+00
5.3976e+00
5.4119e+00
5.4138e+00
5.4253e+00
5.4234e+00
5.4281e+00
5.4262e+00
5.4272e+00
5.4148e+00
5.4119e+00
5.4033e+00
5.3880e+00
5.3747e+00
5.3518e+00
5.3336e+00
5.3021e+00
5.2753e+00
5.2466e+00
5.2246e+00
5.1892e+00
5.1653e+00
5.1404e+00
5.1021e+00
5.0705e+00
5.0351e+00
5.0034e+00
4.9622e+00
4.9305e+00
4.8921e+00
4.8412e+00
4.8047e+00
4.7624e+00
4.7191e+00
4.6768e+00
4.6325e+00
4.5901e+00
4.5468e+00
4.4966e+00
4.4494e+00
4.3924e+00
4.3528e+00
4.3026e+00
4.2658e+00
4.2242e+00
4.1797e+00
4.1303e+00
4.0916e+00
4.0354e+00
3.9966e+00
3.9461e+00
3.9054e+00
3.8597e+00
3.8189e+00
3.7752e+00
3.7372e+00
3.6866e+00
3.6477e+00
3.6077e+00
3.5668e+00
3.5239e+00
3.4878e+00
3.4498e+00
3.4156e+00
3.3736e+00
3.3394e+00
3.3023e+00
3.2661e+00
3.2338e+00
3.2064e+00
3.1702e+00
3.1379e+00
3.1016e+00
3.0615e+00
3.0399e+00
3.0056e+00
2.9752e+00
2.9487e+00
2.9222e+00
2.8947e+00
2.8681e+00
2.8377e+00
2.8170e+00
2.7915e+00
2.7639e+00
2.7354e+00
2.7098e+00
2.6842e+00
2.6626e+00
2.6330e+00
2.6074e+00
2.5897e+00
2.5650e+00
2.5453e+00
2.5217e+00
2.5009e+00
2.4871e+00
2.4674e+00
2.4447e+00
2.4180e+00
2.3973e+00
2.3766e+00
2.3578e+00
2.3430e+00
2.3232e+00
2.3044e+00
2.2817e+00
2.2569e+00
2.2362e+00
2.2213e+00
2.2035e+00
2.1827e+00
2.1659e+00
2.1520e+00
2.1292e+00
2.1094e+00
2.0975e+00
2.0737e+00
2.0509e+00
2.0430e+00
2.0232e+00
2.0043e+00
1.9895e+00
1.9726e+00
1.9537e+00
1.9339e+00
1.9180e+00
1.9071e+00
1.8822e+00
1.8614e+00
1.8465e+00
1.8316e+00
1.8147e+00
1.7968e+00
1.7789e+00
1.7649e+00
1.7460e+00
1.7371e+00
1.7222e+00
1.7082e+00
1.6843e+00
1.6744e+00
1.6555e+00
1.6435e+00
1.6325e+00
1.6146e+00
1.6086e+00
1.5957e+00
1.5797e+00
1.5638e+00
1.5478e+00
1.5369e+00
1.5369e+00
1.5209e+00
1.5119e+00
1.5050e+00
1.4890e+00
1.4760e+00
1.4630e+00
1.4610e+00
1.4551e+00
1.4431e+00
1.4281e+00
1.4111e+00
1.4071e+00
1.4021e+00
1.3912e+00
1.3792e+00
1.3662e+00
1.3632e+00
1.3572e+00
1.3432e+00
1.3342e+00
1.3202e+00
1.3062e+00
1.3022e+00
1.2982e+00
1.2892e+00
1.2832e+00
1.2712e+00
1.2662e+00
1.2482e+00
1.2352e+00
1.2272e+00
1.2202e+00
1.2082e+00
1.2042e+00
1.1942e+00
1.1862e+00
1.1761e+00
1.1611e+00
1.1531e+00
1.1421e+00
1.1261e+00
1.1130e+00
1.1000e+00
1.0930e+00
1.0750e+00
1.0720e+00
1.0629e+00
1.0469e+00
1.0328e+00
1.0268e+00
1.0168e+00
1.0038e+00
9.8972e-01
9.8369e-01
9.7466e-01
9.6262e-01
9.5359e-01
9.4656e-01
9.3351e-01
9.2648e-01
9.1142e-01
9.0238e-01
8.9234e-01
8.8129e-01
8.6823e-01
8.5617e-01
8.4914e-01
8.4311e-01
8.2803e-01
8.1798e-01
8.0491e-01
7.9586e-01
7.8480e-01
7.7776e-01
7.6670e-01
7.5060e-01
7.4255e-01
7.3652e-01
7.1840e-01
7.1740e-01
7.1337e-01
6.9827e-01
6.8116e-01
6.7411e-01
6.6908e-01
6.6505e-01
6.5599e-01
6.4692e-01
6.3987e-01
6.3383e-01
6.2476e-01
6.1670e-01
6.0763e-01
5.9655e-01
5.8445e-01
5.7639e-01
5.6933e-01
5.5724e-01
5.4413e-01
5.3707e-01
5.3001e-01
5.2699e-01
5.1589e-01
5.0681e-01
4.9874e-01
4.9168e-01
4.7957e-01
4.7352e-01
4.6746e-01
4.5737e-01
4.4425e-01
4.3314e-01
4.2608e-01
4.1295e-01
4.0184e-01
4.0083e-01
3.9578e-01
3.8669e-01
3.7962e-01
3.7457e-01
3.7053e-01
3.5941e-01
3.5032e-01
3.3819e-01
3.2202e-01
3.1798e-01
3.1191e-01
3.0281e-01
2.9472e-01
2.8967e-01
2.8664e-01
2.7854e-01
2.6236e-01
2.5528e-01
2.4719e-01
