2.8092e+01
2.8084e+01
2.8060e+01
2.8056e+01
2.8044e+01
2.8024e+01
2.7996e+01
2.7984e+01
2.7968e+01
2.7948e+01
2.7920e+01
2.7896e+01
2.7864e+01
2.7840e+01
2.7820e+01
2.7796e+01
2.7768e+01
2.7744e+01
2.7712e+01
2.7696e+01
2.7656e+01
2.7625e+01
2.7593e+01
2.7581e+01
2.7545e+01
2.7513e+01
2.7488e+01
2.7448e+01
2.7412e+01
2.7380e+01
2.7348e+01
2.7316e+01
2.7280e+01
2.7240e+01
2.7192e+01
2.7164e+01
2.7128e+01
2.7088e+01
2.7052e+01
2.7020e+01
2.6976e+01
2.6943e+01
2.6911e+01
2.6859e+01
2.6823e+01
2.6783e+01
2.6739e+01
2.6702e+01
2.6666e+01
2.6622e+01
2.6578e+01
2.6529e+01
2.6501e+01
2.6461e+01
2.6413e+01
2.6360e+01
2.6328e+01
2.6288e+01
2.6252e+01
2.6207e+01
2.6167e+01
2.6131e+01
2.6086e+01
2.6042e+01
2.5990e+01
2.5953e+01
2.5921e+01
2.5885e+01
2.5844e+01
2.5808e+01
2.5763e+01
2.5723e+01
2.5683e+01
2.5646e+01
2.5602e+01
2.5569e+01
2.5521e+01
2.5493e+01
2.5444e+01
2.5420e+01
2.5383e+01
2.5355e+01
2.5318e+01
2.5290e+01
2.5266e+01
2.5229e+01
2.5193e+01
2.5152e+01
2.5140e+01
2.5112e+01
2.5091e+01
2.5055e+01
2.5043e+01
2.5006e+01
2.5002e+01
2.4986e+01
2.4966e+01
2.4941e+01
2.4913e+01
2.4901e+01
2.4889e+01
2.4864e+01
2.4840e+01
2.4820e+01
2.4807e+01
2.4791e+01
2.4767e+01
2.4746e+01
2.4738e+01
2.4726e+01
2.4694e+01
2.4681e+01
2.4661e+01
2.4641e+01
2.4624e+01
2.4620e+01
2.4592e+01
2.4563e+01
2.4547e+01
2.4531e+01
2.4515e+01
2.4490e+01
2.4474e+01
2.4462e+01
2.4433e+01
2.4413e+01
2.4388e+01
2.4368e+01
2.4348e+01
2.4323e+01
2.4311e+01
2.4291e+01
2.4258e+01
2.4254e+01
2.4234e+01
2.4226e+01
2.4209e+01
2.4185e+01
2.4168e+01
2.4156e+01
2.4136e+01
2.4128e+01
2.4120e+01
2.4107e+01
2.4111e+01
2.4128e+01
2.4128e+01
2.4144e+01
2.4152e+01
2.4164e+01
2.4173e+01
2.4193e+01
2.4217e+01
2.4238e+01
2.4258e+01
2.4283e+01
2.4307e+01
2.4340e+01
2.4376e+01
2.4409e+01
2.4454e+01
2.4478e+01
2.4515e+01
2.4563e+01
2.4592e+01
2.4629e+01
2.4665e+01
2.4722e+01
2.4763e+01
2.4783e+01
2.4828e+01
2.4868e+01
2.4905e+01
2.4929e+01
2.4970e+01
2.5002e+01
2.5031e+01
2.5051e+01
2.5071e+01
2.5108e+01
2.5140e+01
2.5144e+01
2.5152e+01
2.5181e+01
2.5205e+01
2.5205e+01
2.5217e+01
2.5221e+01
2.5229e+01
2.5233e+01
2.5246e+01
2.5250e+01
2.5250e+01
2.5262e+01
2.5258e+01
2.5258e+01
2.5254e+01
2.5246e+01
2.5237e+01
2.5237e+01
2.5237e+01
2.5229e+01
2.5217e+01
2.5213e+01
2.5225e+01
2.5205e+01
2.5189e+01
2.5181e+01
2.5177e+01
2.5156e+01
2.5148e+01
2.5132e+01
2.5116e+01
2.5108e+01
2.5100e+01
2.5079e+01
2.5055e+01
2.5043e+01
2.5027e+01
2.5002e+01
2.4990e+01
2.4958e+01
2.4933e+01
2.4921e+01
2.4901e+01
2.4876e+01
2.4852e+01
2.4820e+01
2.4803e+01
2.4783e+01
2.4742e+01
2.4718e+01
2.4694e+01
2.4665e+01
2.4637e+01
2.4608e+01
2.4568e+01
2.4535e+01
2.4511e+01
2.4474e+01
2.4445e+01
2.4417e+01
2.4388e+01
2.4348e+01
2.4307e+01
2.4270e+01
2.4238e+01
2.4209e+01
2.4168e+01
2.4124e+01
2.4083e+01
2.4054e+01
2.4009e+01
2.3969e+01
2.3932e+01
2.3895e+01
2.3854e+01
2.3818e+01
2.3781e+01
2.3744e+01
2.3695e+01
2.3658e+01
2.3613e+01
2.3572e+01
2.3536e+01
2.3507e+01
2.3466e+01
2.3437e+01
2.3400e+01
2.3364e+01
2.3335e+01
2.3306e+01
2.3278e+01
2.3261e+01
2.3233e+01
2.3216e+01
2.3212e+01
2.3196e+01
2.3196e+01
2.3200e+01
2.3216e+01
2.3220e+01
2.3233e+01
2.3265e+01
2.3306e+01
2.3331e+01
2.3376e+01
2.3409e+01
2.3482e+01
2.3523e+01
2.3597e+01
2.3675e+01
2.3756e+01
2.3813e+01
2.3924e+01
2.3993e+01
2.4099e+01
2.4177e+01
2.4287e+01
2.4372e+01
2.4486e+01
2.4568e+01
2.4673e+01
2.4775e+01
2.4905e+01
2.4994e+01
2.5108e+01
2.5197e+01
2.5314e+01
2.5408e+01
2.5517e+01
2.5606e+01
2.5715e+01
2.5796e+01
2.5893e+01
2.5977e+01
2.6054e+01
2.6123e+01
2.6215e+01
2.6268e+01
2.6344e+01
2.6409e+01
2.6465e+01
2.6525e+01
2.6590e+01
2.6642e+01
2.6686e+01
2.6727e+01
2.6787e+01
2.6811e+01
2.6847e+01
2.6871e+01
2.6899e+01
2.6923e+01
2.6963e+01
2.6988e+01
2.6996e+01
2.7016e+01
2.7036e+01
2.7048e+01
2.7056e+01
2.7072e+01
2.7084e+01
2.7088e+01
2.7092e+01
2.7108e+01
2.7120e+01
2.7120e+01
2.7112e+01
2.7120e+01
2.7124e+01
2.7132e+01
2.7116e+01
2.7112e+01
2.7112e+01
2.7108e+01
2.7088e+01
2.7088e+01
2.7084e+01
2.7076e+01
2.7076e+01
2.7060e+01
2.7044e+01
2.7036e+01
2.7016e+01
2.7004e+01
2.6980e+01
2.6972e+01
2.6951e+01
2.6931e+01
2.6891e+01
2.6867e+01
2.6839e+01
2.6811e+01
2.6775e+01
2.6743e+01
2.6706e+01
2.6674e+01
2.6634e+01
2.6602e+01
2.6566e+01
2.6521e+01
2.6465e+01
2.6425e+01
2.6385e+01
2.6344e+01
2.6296e+01
2.6240e+01
2.6191e+01
2.6143e+01
2.6090e+01
2.6054e+01
2.5990e+01
2.5937e+01
2.5889e+01
2.5848e+01
2.5796e+01
2.5739e+01
2.5691e+01
2.5650e+01
2.5610e+01
2.5561e+01
2.5509e+01
2.5460e+01
2.5395e+01
2.5367e+01
2.5343e+01
2.5290e+01
2.5241e+01
2.5197e+01
2.5160e+01
2.5120e+01
2.5067e+01
2.5018e+01
2.4974e+01
2.4941e+01
2.4897e+01
2.4852e+01
2.4799e+01
2.4767e+01
2.4734e+01
2.4685e+01
2.4641e+01
2.4604e+01
2.4563e+01
2.4523e+01
2.4474e+01
2.4433e+01
2.4388e+01
2.4352e+01
2.4319e+01
2.4274e+01
2.4238e+01
2.4189e+01
2.4148e+01
2.4115e+01
2.4058e+01
2.4009e+01
2.3965e+01
2.3936e+01
2.3891e+01
2.3842e+01
2.3801e+01
2.3764e+01
2.3720e+01
2.3679e+01
2.3626e+01
2.3597e+01
2.3560e+01
2.3515e+01
2.3466e+01
2.3421e+01
2.3392e+01
2.3360e+01
2.3323e+01
2.3286e+01
2.3245e+01
2.3212e+01
2.3171e+01
2.3130e+01
2.3081e+01
2.3052e+01
2.3019e+01
2.2982e+01
2.2937e+01
2.2904e+01
2.2868e+01
2.2835e+01
2.2794e+01
2.2769e+01
2.2736e+01
2.2695e+01
2.2658e+01
2.2621e+01
2.2592e+01
2.2559e+01
2.2514e+01
2.2489e+01
2.2456e+01
2.2419e+01
2.2370e+01
2.2341e+01
2.2312e+01
2.2284e+01
2.2259e+01
2.2230e+01
2.2168e+01
2.2156e+01
2.2127e+01
2.2086e+01
2.2053e+01
2.2024e+01
2.1983e+01
2.1962e+01
2.1925e+01
2.1896e+01
2.1859e+01
2.1817e+01
2.1789e+01
2.1768e+01
2.1727e+01
2.1685e+01
2.1665e+01
2.1632e+01
2.1603e+01
2.1578e+01
2.1553e+01
2.1528e+01
2.1499e+01
2.1454e+01
2.1425e+01
2.1387e+01
2.1346e+01
2.1321e+01
2.1288e+01
2.1259e+01
2.1226e+01
2.1185e+01
2.1143e+01
2.1118e+01
2.1073e+01
2.1048e+01
2.1010e+01
2.0977e+01
2.0936e+01
2.0903e+01
2.0878e+01
2.0836e+01
2.0790e+01
2.0774e+01
2.0741e+01
2.0691e+01
2.0649e+01
2.0612e+01
2.0562e+01
2.0533e+01
2.0504e+01
2.0470e+01
2.0425e+01
2.0391e+01
2.0337e+01
2.0308e+01
2.0275e+01
2.0233e+01
2.0196e+01
2.0162e+01
2.0125e+01
2.0091e+01
2.0066e+01
2.0029e+01
1.9987e+01
1.9950e+01
1.9920e+01
1.9891e+01
1.9854e+01
1.9820e+01
1.9804e+01
1.9774e+01
1.9753e+01
1.9728e+01
1.9707e+01
1.9691e+01
1.9674e+01
1.9653e+01
1.9641e+01
1.9628e+01
1.9607e+01
1.9586e+01
1.9595e+01
1.9574e+01
1.9582e+01
1.9565e+01
1.9574e+01
1.9557e+01
1.9557e+01
1.9549e+01
1.9561e+01
1.9553e+01
1.9565e+01
1.9565e+01
1.9574e+01
1.9565e+01
1.9578e+01
1.9574e+01
1.9586e+01
1.9582e+01
1.9595e+01
1.9595e+01
1.9611e+01
1.9607e+01
1.9603e+01
1.9607e+01
1.9620e+01
1.9616e+01
1.9620e+01
1.9616e+01
1.9616e+01
1.9620e+01
1.9620e+01
1.9611e+01
1.9611e+01
1.9599e+01
1.9595e+01
1.9582e+01
1.9586e+01
1.9570e+01
1.9565e+01
1.9553e+01
1.9549e+01
1.9528e+01
1.9515e+01
1.9511e+01
1.9498e+01
1.9482e+01
1.9473e+01
1.9461e+01
1.9452e+01
1.9440e+01
1.9436e+01
1.9423e+01
1.9411e+01
1.9402e+01
1.9390e+01
1.9373e+01
1.9365e+01
1.9348e+01
1.9327e+01
1.9319e+01
1.9310e+01
1.9306e+01
1.9281e+01
1.9281e+01
1.9260e+01
1.9252e+01
1.9226e+01
1.9231e+01
1.9218e+01
1.9201e+01
1.9189e+01
1.9176e+01
1.9159e+01
1.9151e+01
1.9134e+01
1.9117e+01
1.9105e+01
1.9084e+01
1.9067e+01
1.9050e+01
1.9021e+01
1.9000e+01
1.8987e+01
1.8962e+01
1.8929e+01
1.8908e+01
1.8878e+01
1.8853e+01
1.8836e+01
1.8815e+01
1.8790e+01
1.8765e+01
1.8740e+01
1.8710e+01
1.8685e+01
1.8656e+01
1.8635e+01
1.8614e+01
1.8589e+01
1.8559e+01
1.8534e+01
1.8509e+01
1.8500e+01
1.8475e+01
1.8454e+01
1.8441e+01
1.8404e+01
1.8382e+01
1.8349e+01
1.8324e+01
1.8298e+01
1.8260e+01
1.8227e+01
1.8218e+01
1.8180e+01
1.8155e+01
1.8130e+01
1.8105e+01
1.8079e+01
1.8067e+01
1.8037e+01
1.8016e+01
1.7982e+01
1.7965e+01
1.7944e+01
1.7915e+01
1.7894e+01
1.7856e+01
1.7839e+01
1.7818e+01
1.7805e+01
1.7771e+01
1.7746e+01
1.7716e+01
1.7678e+01
1.7670e+01
1.7649e+01
1.7619e+01
1.7585e+01
1.7564e+01
1.7543e+01
1.7518e+01
1.7497e+01
1.7467e+01
1.7442e+01
1.7416e+01
1.7399e+01
1.7370e+01
1.7349e+01
1.7315e+01
1.7285e+01
1.7260e+01
1.7239e+01
1.7209e+01
1.7175e+01
1.7154e+01
1.7128e+01
1.7107e+01
1.7082e+01
1.7048e+01
1.7018e+01
1.6997e+01
1.6972e+01
1.6929e+01
1.6904e+01
1.6874e+01
1.6844e+01
1.6819e+01
1.6781e+01
1.6755e+01
1.6725e+01
1.6696e+01
1.6675e+01
1.6653e+01
1.6611e+01
1.6585e+01
1.6551e+01
1.6513e+01
1.6483e+01
1.6454e+01
1.6420e+01
1.6390e+01
1.6351e+01
1.6322e+01
1.6296e+01
1.6262e+01
1.6232e+01
1.6198e+01
1.6156e+01
1.6130e+01
1.6100e+01
1.6075e+01
1.6041e+01
1.6002e+01
1.5985e+01
1.5955e+01
1.5913e+01
1.5896e+01
1.5857e+01
1.5832e+01
1.5806e+01
1.5776e+01
1.5742e+01
1.5712e+01
1.5691e+01
1.5652e+01
1.5618e+01
1.5593e+01
1.5558e+01
1.5528e+01
1.5499e+01
1.5464e+01
1.5439e+01
1.5409e+01
1.5366e+01
1.5345e+01
1.5323e+01
1.5285e+01
1.5255e+01
1.5229e+01
1.5203e+01
1.5191e+01
1.5143e+01
1.5118e+01
1.5096e+01
1.5053e+01
1.5028e+01
1.5023e+01
1.4993e+01
1.4955e+01
1.4925e+01
1.4899e+01
1.4873e+01
1.4856e+01
1.4848e+01
1.4831e+01
1.4809e+01
1.4800e+01
1.4779e+01
1.4762e+01
1.4753e+01
1.4749e+01
1.4745e+01
1.4740e+01
1.4736e+01
1.4740e+01
1.4745e+01
1.4745e+01
1.4732e+01
1.4740e+01
1.4758e+01
1.4770e+01
1.4766e+01
1.4775e+01
1.4783e+01
1.4805e+01
1.4809e+01
1.4822e+01
1.4839e+01
1.4865e+01
1.4882e+01
1.4891e+01
1.4895e+01
1.4921e+01
1.4925e+01
1.4955e+01
1.4976e+01
1.4985e+01
1.4998e+01
1.5015e+01
1.5032e+01
1.5045e+01
1.5062e+01
1.5075e+01
1.5083e+01
1.5096e+01
1.5122e+01
1.5126e+01
1.5135e+01
1.5152e+01
1.5173e+01
1.5182e+01
1.5186e+01
1.5203e+01
1.5203e+01
1.5208e+01
1.5229e+01
1.5229e+01
1.5233e+01
1.5246e+01
1.5238e+01
1.5242e+01
1.5242e+01
1.5238e+01
1.5233e+01
1.5238e+01
1.5238e+01
1.5225e+01
1.5212e+01
1.5216e+01
1.5212e+01
1.5199e+01
1.5195e+01
1.5195e+01
1.5186e+01
1.5173e+01
1.5156e+01
1.5148e+01
1.5126e+01
1.5118e+01
1.5101e+01
1.5092e+01
1.5079e+01
1.5062e+01
1.5041e+01
1.5032e+01
1.5006e+01
1.4998e+01
1.4981e+01
1.4963e+01
1.4938e+01
1.4925e+01
1.4912e+01
1.4882e+01
1.4856e+01
1.4848e+01
1.4818e+01
1.4788e+01
1.4766e+01
1.4745e+01
1.4728e+01
1.4706e+01
1.4680e+01
1.4663e+01
1.4637e+01
1.4612e+01
1.4594e+01
1.4577e+01
1.4556e+01
1.4551e+01
1.4526e+01
1.4496e+01
1.4478e+01
1.4474e+01
1.4448e+01
1.4440e+01
1.4431e+01
1.4418e+01
1.4410e+01
1.4392e+01
1.4384e+01
1.4371e+01
1.4367e+01
1.4341e+01
1.4328e+01
1.4315e+01
1.4306e+01
1.4298e+01
1.4302e+01
1.4289e+01
1.4276e+01
1.4281e+01
1.4272e+01
1.4259e+01
1.4263e+01
1.4250e+01
1.4242e+01
1.4242e+01
1.4246e+01
1.4250e+01
1.4255e+01
1.4255e+01
1.4272e+01
1.4281e+01
1.4285e+01
1.4302e+01
1.4332e+01
1.4349e+01
1.4380e+01
1.4397e+01
1.4435e+01
1.4461e+01
1.4496e+01
1.4521e+01
1.4564e+01
1.4590e+01
1.4637e+01
1.4676e+01
1.4740e+01
1.4770e+01
1.4826e+01
1.4865e+01
1.4899e+01
1.4951e+01
1.4993e+01
1.5028e+01
1.5066e+01
1.5092e+01
1.5139e+01
1.5182e+01
1.5212e+01
1.5246e+01
1.5285e+01
1.5315e+01
1.5362e+01
1.5383e+01
1.5413e+01
1.5434e+01
1.5477e+01
1.5499e+01
1.5520e+01
1.5541e+01
1.5567e+01
1.5584e+01
1.5605e+01
1.5622e+01
1.5640e+01
1.5661e+01
1.5665e+01
1.5674e+01
1.5674e+01
1.5678e+01
1.5699e+01
1.5687e+01
1.5695e+01
1.5695e+01
1.5687e+01
1.5674e+01
1.5674e+01
1.5661e+01
1.5652e+01
1.5635e+01
1.5627e+01
1.5605e+01
1.5597e+01
1.5571e+01
1.5550e+01
1.5528e+01
1.5520e+01
1.5503e+01
1.5477e+01
1.5460e+01
1.5434e+01
1.5413e+01
1.5404e+01
1.5370e+01
1.5349e+01
1.5327e+01
1.5298e+01
1.5272e+01
1.5259e+01
1.5229e+01
1.5216e+01
1.5191e+01
1.5156e+01
1.5139e+01
1.5122e+01
1.5092e+01
1.5079e+01
1.5062e+01
1.5036e+01
1.5011e+01
1.4993e+01
1.4972e+01
1.4938e+01
1.4929e+01
1.4908e+01
1.4869e+01
1.4839e+01
1.4818e+01
1.4800e+01
1.4770e+01
1.4745e+01
1.4719e+01
1.4697e+01
1.4667e+01
1.4642e+01
1.4607e+01
1.4594e+01
1.4556e+01
1.4530e+01
1.4504e+01
1.4474e+01
1.4448e+01
1.4431e+01
1.4397e+01
1.4367e+01
1.4341e+01
1.4306e+01
1.4281e+01
1.4255e+01
1.4225e+01
1.4186e+01
1.4151e+01
1.4134e+01
1.4108e+01
1.4074e+01
1.4031e+01
1.4005e+01
1.3971e+01
1.3940e+01
1.3902e+01
1.3863e+01
1.3833e+01
1.3802e+01
1.3772e+01
1.3733e+01
1.3703e+01
1.3677e+01
1.3638e+01
1.3595e+01
1.3574e+01
1.3539e+01
1.3500e+01
1.3466e+01
1.3440e+01
1.3401e+01
1.3375e+01
1.3336e+01
1.3306e+01
1.3284e+01
1.3245e+01
1.3202e+01
1.3180e+01
1.3146e+01
1.3120e+01
1.3085e+01
1.3059e+01
1.3016e+01
1.2990e+01
1.2955e+01
1.2925e+01
1.2899e+01
1.2873e+01
1.2847e+01
1.2825e+01
1.2808e+01
1.2782e+01
1.2742e+01
1.2716e+01
1.2669e+01
1.2647e+01
1.2612e+01
1.2582e+01
1.2547e+01
1.2517e+01
1.2482e+01
1.2452e+01
1.2421e+01
1.2391e+01
1.2347e+01
1.2330e+01
1.2308e+01
1.2286e+01
1.2260e+01
1.2230e+01
1.2195e+01
1.2182e+01
1.2156e+01
1.2143e+01
1.2121e+01
1.2108e+01
1.2091e+01
1.2073e+01
1.2060e+01
1.2047e+01
1.2043e+01
1.2069e+01
1.2095e+01
1.2143e+01
1.2165e+01
1.2169e+01
1.2165e+01
1.2165e+01
1.2143e+01
1.2125e+01
1.2108e+01
1.2091e+01
1.2064e+01
1.2047e+01
1.2030e+01
1.1999e+01
1.1969e+01
1.1951e+01
1.1929e+01
1.1899e+01
1.1868e+01
1.1855e+01
1.1838e+01
1.1799e+01
1.1768e+01
1.1751e+01
1.1738e+01
1.1729e+01
1.1694e+01
1.1659e+01
1.1646e+01
1.1624e+01
1.1589e+01
1.1572e+01
1.1550e+01
1.1511e+01
1.1502e+01
1.1476e+01
1.1436e+01
1.1415e+01
1.1397e+01
1.1375e+01
1.1349e+01
1.1332e+01
1.1301e+01
1.1270e+01
1.1248e+01
1.1227e+01
1.1205e+01
1.1183e+01
1.1152e+01
1.1126e+01
1.1095e+01
1.1078e+01
1.1065e+01
1.1034e+01
1.1017e+01
1.0995e+01
1.0960e+01
1.0938e+01
1.0916e+01
1.0889e+01
1.0872e+01
1.0841e+01
1.0811e+01
1.0784e+01
1.0767e+01
1.0732e+01
1.0701e+01
1.0675e+01
1.0640e+01
1.0622e+01
1.0591e+01
1.0569e+01
1.0547e+01
1.0512e+01
1.0486e+01
1.0455e+01
1.0429e+01
1.0402e+01
1.0385e+01
1.0350e+01
1.0323e+01
1.0297e+01
1.0262e+01
1.0235e+01
1.0200e+01
1.0169e+01
1.0143e+01
1.0108e+01
1.0073e+01
1.0046e+01
1.0020e+01
9.9847e+00
9.9671e+00
9.9318e+00
9.9054e+00
9.8834e+00
9.8658e+00
9.8393e+00
9.8129e+00
9.7864e+00
9.7600e+00
9.7379e+00
9.7115e+00
9.6806e+00
9.6586e+00
9.6365e+00
9.6101e+00
9.5836e+00
9.5659e+00
9.5483e+00
9.5350e+00
9.5041e+00
9.4821e+00
9.4644e+00
9.4423e+00
9.4247e+00
9.4026e+00
9.3805e+00
9.3673e+00
9.3407e+00
9.3187e+00
9.3054e+00
9.2789e+00
9.2524e+00
9.2391e+00
9.2214e+00
9.1993e+00
9.1861e+00
9.1595e+00
9.1374e+00
9.1241e+00
9.1153e+00
9.0843e+00
9.0711e+00
9.0534e+00
9.0357e+00
9.0135e+00
8.9914e+00
8.9693e+00
8.9516e+00
8.9250e+00
8.9117e+00
8.8896e+00
8.8719e+00
8.8541e+00
8.8231e+00
8.8054e+00
8.7921e+00
8.7700e+00
8.7567e+00
8.7345e+00
8.7168e+00
8.6946e+00
8.6724e+00
8.6503e+00
8.6370e+00
8.6148e+00
8.5882e+00
8.5704e+00
8.5527e+00
8.5305e+00
8.5172e+00
8.5039e+00
8.4728e+00
8.4462e+00
8.4284e+00
8.4018e+00
8.3840e+00
8.3574e+00
8.3396e+00
8.3130e+00
8.2908e+00
8.2685e+00
8.2463e+00
8.2286e+00
8.2019e+00
8.1752e+00
8.1619e+00
8.1441e+00
8.1174e+00
8.0952e+00
8.0863e+00
8.0551e+00
8.0285e+00
8.0062e+00
7.9840e+00
7.9662e+00
7.9484e+00
7.9306e+00
7.9038e+00
7.8860e+00
7.8638e+00
7.8282e+00
7.8014e+00
7.7792e+00
7.7569e+00
7.7257e+00
7.6990e+00
7.6767e+00
7.6499e+00
7.6232e+00
7.5964e+00
7.5697e+00
7.5518e+00
7.5251e+00
7.5028e+00
7.4760e+00
7.4581e+00
7.4314e+00
7.4135e+00
7.3912e+00
7.3555e+00
7.3287e+00
7.3198e+00
7.3019e+00
7.2796e+00
7.2394e+00
7.2125e+00
7.1947e+00
7.1679e+00
7.1410e+00
7.1142e+00
7.0829e+00
7.0695e+00
7.0516e+00
7.0293e+00
6.9935e+00
6.9756e+00
6.9532e+00
6.9308e+00
6.9129e+00
6.8950e+00
6.8682e+00
6.8637e+00
6.8458e+00
6.8145e+00
6.7921e+00
6.7697e+00
6.7473e+00
6.7294e+00
6.7025e+00
6.6846e+00
6.6711e+00
6.6487e+00
6.6263e+00
6.6084e+00
6.5994e+00
6.5770e+00
6.5636e+00
6.5456e+00
6.5232e+00
6.5097e+00
6.4963e+00
6.4784e+00
6.4694e+00
6.4469e+00
6.4335e+00
6.4335e+00
6.4155e+00
6.4111e+00
6.3931e+00
6.4021e+00
6.3886e+00
6.3796e+00
6.3796e+00
6.3796e+00
6.3752e+00
6.3617e+00
6.3482e+00
6.3617e+00
6.3482e+00
6.3527e+00
6.3482e+00
6.3572e+00
6.3527e+00
6.3572e+00
6.3617e+00
6.3662e+00
6.3662e+00
6.3841e+00
6.3931e+00
6.3931e+00
6.4111e+00
6.4290e+00
6.4335e+00
6.4469e+00
6.4514e+00
6.4649e+00
6.4873e+00
6.5008e+00
6.5142e+00
6.5322e+00
6.5501e+00
6.5725e+00
6.5860e+00
6.6084e+00
6.6218e+00
6.6398e+00
6.6577e+00
6.6846e+00
6.7025e+00
6.7339e+00
6.7473e+00
6.7786e+00
6.8010e+00
6.8234e+00
6.8458e+00
6.8727e+00
6.8950e+00
6.9264e+00
6.9577e+00
6.9801e+00
6.9980e+00
7.0203e+00
7.0472e+00
7.0695e+00
7.0963e+00
7.1232e+00
7.1410e+00
7.1545e+00
7.1857e+00
7.2036e+00
7.2170e+00
7.2394e+00
7.2662e+00
7.2840e+00
7.2930e+00
7.3064e+00
7.3287e+00
7.3421e+00
7.3599e+00
7.3733e+00
7.4001e+00
7.4001e+00
7.4448e+00
7.4492e+00
7.4804e+00
7.4894e+00
7.5295e+00
7.5518e+00
7.5786e+00
7.6053e+00
7.6499e+00
7.6722e+00
7.7123e+00
7.7391e+00
7.7925e+00
7.8192e+00
7.8771e+00
7.9038e+00
7.9617e+00
7.9929e+00
8.0551e+00
8.0907e+00
8.1574e+00
8.1930e+00
8.2463e+00
8.2908e+00
8.3707e+00
8.4196e+00
8.4817e+00
8.5305e+00
8.5926e+00
8.6281e+00
8.6813e+00
8.7301e+00
8.7921e+00
8.8231e+00
8.8674e+00
8.8851e+00
8.9471e+00
8.9693e+00
8.9870e+00
9.0135e+00
9.0534e+00
9.0666e+00
9.0976e+00
9.1330e+00
9.1463e+00
9.1639e+00
9.1949e+00
9.2082e+00
9.2170e+00
9.2347e+00
9.2391e+00
9.2524e+00
9.2612e+00
9.2745e+00
9.2700e+00
9.2877e+00
9.2877e+00
9.2833e+00
9.2966e+00
9.2921e+00
9.2966e+00
9.2921e+00
9.2877e+00
9.2745e+00
9.2700e+00
9.2612e+00
9.2524e+00
9.2347e+00
9.2170e+00
9.2082e+00
9.1993e+00
9.1861e+00
9.1595e+00
9.1418e+00
9.1330e+00
9.1153e+00
9.0888e+00
9.0888e+00
9.0578e+00
9.0312e+00
9.0091e+00
8.9958e+00
8.9737e+00
8.9516e+00
8.9161e+00
8.8851e+00
8.8453e+00
8.8187e+00
8.7833e+00
8.7522e+00
8.7212e+00
8.6902e+00
8.6458e+00
8.6059e+00
8.5793e+00
8.5527e+00
8.5083e+00
8.4728e+00
8.4373e+00
8.4240e+00
8.3796e+00
8.3352e+00
8.3041e+00
8.2730e+00
8.2286e+00
8.2019e+00
8.1441e+00
8.1174e+00
8.0818e+00
8.0551e+00
8.0151e+00
7.9662e+00
7.9261e+00
7.8905e+00
7.8371e+00
7.8014e+00
7.7569e+00
7.7212e+00
7.6767e+00
7.6365e+00
7.5964e+00
7.5652e+00
7.5161e+00
7.4715e+00
7.4269e+00
7.4001e+00
7.3644e+00
7.3242e+00
7.2751e+00
7.2394e+00
7.1947e+00
7.1634e+00
7.1142e+00
7.0874e+00
7.0472e+00
7.0114e+00
6.9801e+00
6.9443e+00
6.8995e+00
6.8682e+00
6.8324e+00
6.8010e+00
6.7697e+00
6.7518e+00
6.7025e+00
6.6801e+00
6.6398e+00
6.6129e+00
6.5770e+00
6.5501e+00
6.5232e+00
6.4918e+00
6.4604e+00
6.4380e+00
6.3931e+00
6.3707e+00
6.3437e+00
6.3123e+00
6.2854e+00
6.2539e+00
6.2180e+00
6.1911e+00
6.1641e+00
6.1282e+00
6.0967e+00
6.0832e+00
6.0473e+00
6.0158e+00
5.9843e+00
5.9618e+00
5.9393e+00
5.9078e+00
5.8853e+00
5.8583e+00
5.8313e+00
5.8043e+00
5.7683e+00
5.7458e+00
5.7053e+00
5.6827e+00
5.6647e+00
5.6377e+00
5.5926e+00
5.5746e+00
5.5566e+00
5.5250e+00
5.4935e+00
5.4619e+00
5.4348e+00
5.4033e+00
5.3717e+00
5.3582e+00
5.3311e+00
5.2950e+00
5.2589e+00
5.2363e+00
5.2047e+00
5.1866e+00
5.1550e+00
5.1234e+00
5.0827e+00
5.0556e+00
5.0285e+00
5.0104e+00
4.9742e+00
4.9562e+00
4.9290e+00
4.9019e+00
4.8747e+00
4.8431e+00
4.8159e+00
4.7933e+00
4.7752e+00
4.7435e+00
4.7118e+00
4.6847e+00
4.6439e+00
4.6213e+00
4.5986e+00
4.5669e+00
4.5442e+00
4.5170e+00
4.4853e+00
4.4627e+00
4.4400e+00
4.4219e+00
4.3901e+00
4.3720e+00
4.3538e+00
4.3357e+00
4.3039e+00
4.2903e+00
4.2767e+00
4.2585e+00
4.2268e+00
4.2086e+00
4.1814e+00
4.1678e+00
4.1496e+00
4.1133e+00
4.0996e+00
4.0769e+00
4.0542e+00
4.0360e+00
4.0179e+00
3.9997e+00
3.9724e+00
3.9542e+00
3.9315e+00
3.9179e+00
3.8997e+00
3.8860e+00
3.8633e+00
3.8406e+00
3.8360e+00
3.8042e+00
3.7860e+00
3.7587e+00
3.7587e+00
3.7268e+00
3.7177e+00
3.6950e+00
3.6859e+00
3.6586e+00
3.6403e+00
3.6130e+00
3.6039e+00
3.5811e+00
3.5584e+00
3.5356e+00
3.5128e+00
3.4946e+00
3.4718e+00
3.4490e+00
3.4262e+00
3.4171e+00
3.3943e+00
3.3761e+00
3.3442e+00
3.3305e+00
3.3031e+00
3.2894e+00
3.2621e+00
3.2484e+00
3.2210e+00
3.2028e+00
3.1799e+00
3.1617e+00
3.1389e+00
3.1115e+00
3.0886e+00
3.0749e+00
3.0521e+00
3.0247e+00
2.9973e+00
2.9699e+00
2.9425e+00
2.9379e+00
2.9059e+00
2.8831e+00
2.8648e+00
2.8465e+00
2.8190e+00
2.7916e+00
2.7733e+00
2.7504e+00
2.7321e+00
2.7001e+00
2.6772e+00
2.6589e+00
2.6223e+00
2.6132e+00
2.5811e+00
2.5582e+00
2.5262e+00
2.5124e+00
2.4666e+00
2.4529e+00
2.4300e+00
2.4162e+00
2.3933e+00
2.3612e+00
2.3292e+00
2.2971e+00
2.2741e+00
2.2466e+00
2.2283e+00
2.2007e+00
2.1778e+00
2.1503e+00
2.1227e+00
2.0952e+00
2.0677e+00
2.0539e+00
2.0309e+00
2.0126e+00
1.9896e+00
1.9666e+00
1.9437e+00
1.9345e+00
1.9253e+00
1.8931e+00
1.8656e+00
1.8518e+00
1.8380e+00
1.8288e+00
1.8012e+00
1.7874e+00
1.7874e+00
1.7736e+00
1.7507e+00
1.7415e+00
1.7231e+00
1.7093e+00
1.7047e+00
1.6909e+00
1.6679e+00
1.6587e+00
1.6403e+00
1.6403e+00
1.6219e+00
1.6081e+00
1.6035e+00
1.5897e+00
1.5851e+00
1.5804e+00
1.5758e+00
1.5620e+00
1.5528e+00
1.5482e+00
1.5482e+00
1.5344e+00
1.5206e+00
1.5206e+00
1.5206e+00
1.5068e+00
1.4792e+00
1.4792e+00
1.4700e+00
1.4515e+00
1.4377e+00
1.4377e+00
1.4331e+00
1.4101e+00
1.3963e+00
1.3778e+00
1.3594e+00
1.3456e+00
1.3410e+00
1.3226e+00
1.3087e+00
1.2949e+00
1.2811e+00
1.2534e+00
1.2350e+00
1.2257e+00
1.2027e+00
1.1842e+00
1.1658e+00
1.1474e+00
1.1289e+00
1.1058e+00
1.0828e+00
1.0643e+00
1.0458e+00
1.0228e+00
9.9507e-01
9.7661e-01
9.4890e-01
9.2582e-01
9.0273e-01
8.8425e-01
8.3344e-01
8.2419e-01
7.9647e-01
7.6874e-01
7.4563e-01
7.2252e-01
6.9940e-01
6.6241e-01
6.3466e-01
6.1154e-01
5.8378e-01
5.6528e-01
5.3752e-01
5.1438e-01
4.9124e-01
4.6346e-01
4.4032e-01
4.1254e-01
3.8012e-01
3.5234e-01
3.3381e-01
3.1065e-01
2.8748e-01
2.7358e-01
2.5041e-01
2.2260e-01
1.9943e-01
1.9016e-01
1.6698e-01
1.4843e-01
1.2988e-01
1.2524e-01
1.0206e-01
7.4229e-02
5.1036e-02
3.7118e-02
1.8560e-02
0000
