5.5347e+01
5.5455e+01
5.5650e+01
5.5820e+01
5.6073e+01
5.6277e+01
5.6580e+01
5.6820e+01
5.7161e+01
5.7435e+01
5.7792e+01
5.8102e+01
5.8465e+01
5.8786e+01
5.9149e+01
5.9439e+01
5.9774e+01
6.0072e+01
6.0363e+01
6.0647e+01
6.0908e+01
6.1174e+01
6.1428e+01
6.1646e+01
6.1886e+01
6.2095e+01
6.2307e+01
6.2486e+01
6.2671e+01
6.2829e+01
6.2953e+01
6.3066e+01
6.3167e+01
6.3246e+01
6.3319e+01
6.3377e+01
6.3437e+01
6.3484e+01
6.3497e+01
6.3521e+01
6.3541e+01
6.3565e+01
6.3595e+01
6.3631e+01
6.3652e+01
6.3646e+01
6.3648e+01
6.3669e+01
6.3715e+01
6.3731e+01
6.3734e+01
6.3704e+01
6.3648e+01
6.3555e+01
6.3440e+01
6.3313e+01
6.3170e+01
6.3041e+01
6.2889e+01
6.2738e+01
6.2577e+01
6.2431e+01
6.2276e+01
6.2127e+01
6.1982e+01
6.1834e+01
6.1653e+01
6.1515e+01
6.1372e+01
6.1219e+01
6.1054e+01
6.0917e+01
6.0768e+01
6.0623e+01
6.0484e+01
6.0363e+01
6.0198e+01
6.0068e+01
5.9899e+01
5.9781e+01
5.9652e+01
5.9523e+01
5.9384e+01
5.9253e+01
5.9128e+01
5.9002e+01
5.8869e+01
5.8733e+01
5.8601e+01
5.8469e+01
5.8344e+01
5.8200e+01
5.8071e+01
5.7944e+01
5.7809e+01
5.7694e+01
5.7541e+01
5.7411e+01
5.7265e+01
5.7109e+01
5.6964e+01
5.6805e+01
5.6658e+01
5.6518e+01
5.6354e+01
5.6204e+01
5.6050e+01
5.5897e+01
5.5748e+01
5.5594e+01
5.5445e+01
5.5306e+01
5.5151e+01
5.5015e+01
5.4862e+01
5.4718e+01
5.4568e+01
5.4430e+01
5.4293e+01
5.4175e+01
5.4036e+01
5.3916e+01
5.3782e+01
5.3675e+01
5.3545e+01
5.3438e+01
5.3310e+01
5.3216e+01
5.3081e+01
5.2983e+01
5.2874e+01
5.2793e+01
5.2693e+01
5.2621e+01
5.2537e+01
5.2471e+01
5.2398e+01
5.2349e+01
5.2276e+01
5.2237e+01
5.2193e+01
5.2158e+01
5.2115e+01
5.2086e+01
5.2069e+01
5.2052e+01
5.2025e+01
5.2009e+01
5.1980e+01
5.1976e+01
5.1953e+01
5.1943e+01
5.1943e+01
5.1924e+01
5.1908e+01
5.1897e+01
5.1877e+01
5.1864e+01
5.1835e+01
5.1825e+01
5.1788e+01
5.1769e+01
5.1741e+01
5.1724e+01
5.1679e+01
5.1662e+01
5.1623e+01
5.1580e+01
5.1522e+01
5.1473e+01
5.1415e+01
5.1362e+01
5.1294e+01
5.1238e+01
5.1162e+01
5.1091e+01
5.1019e+01
5.0953e+01
5.0873e+01
5.0798e+01
5.0722e+01
5.0658e+01
5.0585e+01
5.0501e+01
5.0434e+01
5.0375e+01
5.0318e+01
5.0263e+01
5.0222e+01
5.0177e+01
5.0145e+01
5.0104e+01
5.0081e+01
5.0057e+01
5.0043e+01
5.0018e+01
5.0014e+01
5.0006e+01
4.9996e+01
4.9986e+01
4.9996e+01
4.9982e+01
4.9992e+01
4.9986e+01
5.0002e+01
5.0000e+01
5.0008e+01
4.9998e+01
4.9996e+01
4.9988e+01
4.9964e+01
4.9953e+01
4.9949e+01
4.9925e+01
4.9892e+01
4.9854e+01
4.9819e+01
4.9781e+01
4.9740e+01
4.9683e+01
4.9645e+01
4.9582e+01
4.9519e+01
4.9463e+01
4.9418e+01
4.9341e+01
4.9270e+01
4.9222e+01
4.9137e+01
4.9081e+01
4.8980e+01
4.8929e+01
4.8839e+01
4.8782e+01
4.8670e+01
4.8609e+01
4.8515e+01
4.8439e+01
4.8340e+01
4.8248e+01
4.8156e+01
4.8074e+01
4.7976e+01
4.7864e+01
4.7768e+01
4.7662e+01
4.7541e+01
4.7443e+01
4.7332e+01
4.7232e+01
4.7097e+01
4.7000e+01
4.6881e+01
4.6788e+01
4.6673e+01
4.6578e+01
4.6471e+01
4.6372e+01
4.6260e+01
4.6167e+01
4.6064e+01
4.5964e+01
4.5869e+01
4.5773e+01
4.5659e+01
4.5561e+01
4.5449e+01
4.5351e+01
4.5255e+01
4.5157e+01
4.5042e+01
4.4954e+01
4.4858e+01
4.4768e+01
4.4663e+01
4.4583e+01
4.4488e+01
4.4421e+01
4.4334e+01
4.4254e+01
4.4178e+01
4.4112e+01
4.4027e+01
4.3969e+01
4.3907e+01
4.3837e+01
4.3775e+01
4.3715e+01
4.3666e+01
4.3620e+01
4.3566e+01
4.3523e+01
4.3483e+01
4.3432e+01
4.3386e+01
4.3340e+01
4.3295e+01
4.3264e+01
4.3226e+01
4.3193e+01
4.3158e+01
4.3129e+01
4.3102e+01
4.3060e+01
4.3019e+01
4.2996e+01
4.2958e+01
4.2919e+01
4.2877e+01
4.2838e+01
4.2792e+01
4.2746e+01
4.2696e+01
4.2644e+01
4.2596e+01
4.2546e+01
4.2479e+01
4.2431e+01
4.2377e+01
4.2328e+01
4.2282e+01
4.2236e+01
4.2180e+01
4.2136e+01
4.2063e+01
4.2025e+01
4.1975e+01
4.1916e+01
4.1847e+01
4.1801e+01
4.1746e+01
4.1691e+01
4.1635e+01
4.1582e+01
4.1519e+01
4.1464e+01
4.1401e+01
4.1338e+01
4.1262e+01
4.1197e+01
4.1136e+01
4.1068e+01
4.0996e+01
4.0935e+01
4.0865e+01
4.0793e+01
4.0734e+01
4.0673e+01
4.0607e+01
4.0548e+01
4.0482e+01
4.0418e+01
4.0353e+01
4.0291e+01
4.0230e+01
4.0170e+01
4.0108e+01
4.0055e+01
3.9991e+01
3.9934e+01
3.9878e+01
3.9800e+01
3.9729e+01
3.9663e+01
3.9580e+01
3.9518e+01
3.9447e+01
3.9392e+01
3.9308e+01
3.9251e+01
3.9180e+01
3.9109e+01
3.9041e+01
3.8981e+01
3.8910e+01
3.8850e+01
3.8781e+01
3.8725e+01
3.8639e+01
3.8588e+01
3.8521e+01
3.8456e+01
3.8387e+01
3.8331e+01
3.8258e+01
3.8196e+01
3.8126e+01
3.8066e+01
3.7988e+01
3.7921e+01
3.7848e+01
3.7785e+01
3.7709e+01
3.7653e+01
3.7588e+01
3.7510e+01
3.7436e+01
3.7371e+01
3.7295e+01
3.7230e+01
3.7154e+01
3.7088e+01
3.7008e+01
3.6945e+01
3.6864e+01
3.6809e+01
3.6724e+01
3.6652e+01
3.6578e+01
3.6521e+01
3.6445e+01
3.6375e+01
3.6305e+01
3.6241e+01
3.6160e+01
3.6092e+01
3.6018e+01
3.5947e+01
3.5879e+01
3.5822e+01
3.5756e+01
3.5695e+01
3.5622e+01
3.5574e+01
3.5506e+01
3.5448e+01
3.5378e+01
3.5331e+01
3.5263e+01
3.5210e+01
3.5151e+01
3.5109e+01
3.5053e+01
3.5005e+01
3.4947e+01
3.4892e+01
3.4841e+01
3.4790e+01
3.4726e+01
3.4666e+01
3.4613e+01
3.4560e+01
3.4491e+01
3.4440e+01
3.4380e+01
3.4333e+01
3.4276e+01
3.4224e+01
3.4167e+01
3.4127e+01
3.4058e+01
3.4011e+01
3.3957e+01
3.3910e+01
3.3848e+01
3.3810e+01
3.3757e+01
3.3703e+01
3.3654e+01
3.3607e+01
3.3549e+01
3.3502e+01
3.3448e+01
3.3404e+01
3.3345e+01
3.3289e+01
3.3220e+01
3.3177e+01
3.3117e+01
3.3061e+01
3.3007e+01
3.2955e+01
3.2902e+01
3.2852e+01
3.2785e+01
3.2740e+01
3.2684e+01
3.2639e+01
3.2580e+01
3.2535e+01
3.2476e+01
3.2418e+01
3.2357e+01
3.2305e+01
3.2251e+01
3.2204e+01
3.2138e+01
3.2088e+01
3.2032e+01
3.1984e+01
3.1926e+01
3.1876e+01
3.1808e+01
3.1754e+01
3.1690e+01
3.1634e+01
3.1581e+01
3.1525e+01
3.1473e+01
3.1420e+01
3.1357e+01
3.1314e+01
3.1257e+01
3.1202e+01
3.1150e+01
3.1104e+01
3.1057e+01
3.1009e+01
3.0956e+01
3.0913e+01
3.0854e+01
3.0804e+01
3.0756e+01
3.0719e+01
3.0658e+01
3.0614e+01
3.0559e+01
3.0507e+01
3.0452e+01
3.0402e+01
3.0338e+01
3.0285e+01
3.0228e+01
3.0186e+01
3.0131e+01
3.0086e+01
3.0028e+01
2.9980e+01
2.9920e+01
2.9874e+01
2.9819e+01
2.9766e+01
2.9718e+01
2.9672e+01
2.9617e+01
2.9569e+01
2.9509e+01
2.9465e+01
2.9414e+01
2.9373e+01
2.9315e+01
2.9276e+01
2.9232e+01
2.9186e+01
2.9133e+01
2.9091e+01
2.9029e+01
2.8985e+01
2.8939e+01
2.8895e+01
2.8860e+01
2.8816e+01
2.8765e+01
2.8717e+01
2.8666e+01
2.8617e+01
2.8566e+01
2.8536e+01
2.8489e+01
2.8441e+01
2.8390e+01
2.8355e+01
2.8301e+01
2.8250e+01
2.8204e+01
2.8162e+01
2.8108e+01
2.8062e+01
2.8015e+01
2.7973e+01
2.7922e+01
2.7871e+01
2.7813e+01
2.7768e+01
2.7717e+01
2.7668e+01
2.7605e+01
2.7563e+01
2.7509e+01
2.7458e+01
2.7399e+01
2.7357e+01
2.7308e+01
2.7271e+01
2.7210e+01
2.7161e+01
2.7114e+01
2.7069e+01
2.7013e+01
2.6973e+01
2.6926e+01
2.6888e+01
2.6837e+01
2.6787e+01
2.6736e+01
2.6698e+01
2.6651e+01
2.6599e+01
2.6536e+01
2.6496e+01
2.6442e+01
2.6399e+01
2.6347e+01
2.6298e+01
2.6253e+01
2.6215e+01
2.6164e+01
2.6116e+01
2.6062e+01
2.6010e+01
2.5965e+01
2.5925e+01
2.5871e+01
2.5830e+01
2.5785e+01
2.5745e+01
2.5695e+01
2.5653e+01
2.5608e+01
2.5565e+01
2.5511e+01
2.5473e+01
2.5411e+01
2.5354e+01
2.5297e+01
2.5250e+01
2.5188e+01
2.5136e+01
2.5078e+01
2.5036e+01
2.4976e+01
2.4926e+01
2.4871e+01
2.4826e+01
2.4771e+01
2.4724e+01
2.4664e+01
2.4621e+01
2.4571e+01
2.4523e+01
2.4468e+01
2.4423e+01
2.4368e+01
2.4322e+01
2.4267e+01
2.4215e+01
2.4164e+01
2.4114e+01
2.4081e+01
2.4028e+01
2.3982e+01
2.3934e+01
2.3889e+01
2.3846e+01
2.3795e+01
2.3759e+01
2.3723e+01
2.3687e+01
2.3639e+01
2.3605e+01
2.3557e+01
2.3521e+01
2.3488e+01
2.3451e+01
2.3423e+01
2.3391e+01
2.3353e+01
2.3321e+01
2.3278e+01
2.3254e+01
2.3218e+01
2.3191e+01
2.3153e+01
2.3114e+01
2.3073e+01
2.3037e+01
2.2993e+01
2.2955e+01
2.2909e+01
2.2873e+01
2.2841e+01
2.2803e+01
2.2761e+01
2.2730e+01
2.2679e+01
2.2655e+01
2.2614e+01
2.2578e+01
2.2534e+01
2.2502e+01
2.2454e+01
2.2415e+01
2.2379e+01
2.2338e+01
2.2291e+01
2.2255e+01
2.2206e+01
2.2170e+01
2.2129e+01
2.2083e+01
2.2029e+01
2.1985e+01
2.1937e+01
2.1890e+01
2.1844e+01
2.1800e+01
2.1759e+01
2.1715e+01
2.1664e+01
2.1625e+01
2.1581e+01
2.1540e+01
2.1493e+01
2.1449e+01
2.1403e+01
2.1374e+01
2.1327e+01
2.1276e+01
2.1237e+01
2.1198e+01
2.1144e+01
2.1107e+01
2.1056e+01
2.1011e+01
2.0963e+01
2.0916e+01
2.0864e+01
2.0820e+01
2.0769e+01
2.0732e+01
2.0690e+01
2.0644e+01
2.0592e+01
2.0553e+01
2.0506e+01
2.0467e+01
2.0418e+01
2.0386e+01
2.0334e+01
2.0285e+01
2.0245e+01
2.0208e+01
2.0169e+01
2.0122e+01
2.0075e+01
2.0041e+01
1.9991e+01
1.9949e+01
1.9905e+01
1.9856e+01
1.9801e+01
1.9747e+01
1.9693e+01
1.9646e+01
1.9591e+01
1.9544e+01
1.9490e+01
1.9440e+01
1.9398e+01
1.9341e+01
1.9299e+01
1.9254e+01
1.9212e+01
1.9162e+01
1.9115e+01
1.9081e+01
1.9038e+01
1.8996e+01
1.8951e+01
1.8914e+01
1.8879e+01
1.8839e+01
1.8797e+01
1.8755e+01
1.8728e+01
1.8680e+01
1.8643e+01
1.8605e+01
1.8571e+01
1.8538e+01
1.8506e+01
1.8471e+01
1.8438e+01
1.8416e+01
1.8384e+01
1.8354e+01
1.8326e+01
1.8301e+01
1.8274e+01
1.8239e+01
1.8206e+01
1.8186e+01
1.8166e+01
1.8141e+01
1.8111e+01
1.8089e+01
1.8054e+01
1.8029e+01
1.8001e+01
1.7966e+01
1.7934e+01
1.7899e+01
1.7864e+01
1.7826e+01
1.7801e+01
1.7778e+01
1.7753e+01
1.7733e+01
1.7703e+01
1.7678e+01
1.7658e+01
1.7643e+01
1.7620e+01
1.7610e+01
1.7593e+01
1.7580e+01
1.7590e+01
1.7593e+01
1.7605e+01
1.7620e+01
1.7656e+01
1.7683e+01
1.7743e+01
1.7786e+01
1.7881e+01
1.7946e+01
1.8074e+01
1.8191e+01
1.8309e+01
1.8446e+01
1.8600e+01
1.8752e+01
1.8927e+01
1.9108e+01
1.9309e+01
1.9502e+01
1.9730e+01
1.9954e+01
2.0184e+01
2.0405e+01
2.0653e+01
2.0884e+01
2.1124e+01
2.1354e+01
2.1588e+01
2.1805e+01
2.2056e+01
2.2267e+01
2.2500e+01
2.2737e+01
2.2945e+01
2.3155e+01
2.3350e+01
2.3524e+01
2.3663e+01
2.3805e+01
2.3934e+01
2.4061e+01
2.4176e+01
2.4298e+01
2.4380e+01
2.4485e+01
2.4552e+01
2.4645e+01
2.4705e+01
2.4762e+01
2.4843e+01
2.4893e+01
2.4909e+01
2.4948e+01
2.4952e+01
2.4974e+01
2.4967e+01
2.4964e+01
2.4921e+01
2.4909e+01
2.4864e+01
2.4831e+01
2.4771e+01
2.4724e+01
2.4671e+01
2.4609e+01
2.4521e+01
2.4463e+01
2.4375e+01
2.4308e+01
2.4220e+01
2.4143e+01
2.4057e+01
2.3987e+01
2.3874e+01
2.3793e+01
2.3685e+01
2.3593e+01
2.3483e+01
2.3384e+01
2.3268e+01
2.3167e+01
2.3051e+01
2.2943e+01
2.2822e+01
2.2720e+01
2.2590e+01
2.2500e+01
2.2391e+01
2.2291e+01
2.2170e+01
2.2080e+01
2.1973e+01
2.1886e+01
2.1781e+01
2.1691e+01
2.1598e+01
2.1513e+01
2.1413e+01
2.1330e+01
2.1242e+01
2.1166e+01
2.1083e+01
2.1007e+01
2.0916e+01
2.0845e+01
2.0764e+01
2.0678e+01
2.0597e+01
2.0531e+01
2.0440e+01
2.0358e+01
2.0285e+01
2.0216e+01
2.0137e+01
2.0068e+01
1.9991e+01
1.9927e+01
1.9858e+01
1.9789e+01
1.9722e+01
1.9655e+01
1.9584e+01
1.9534e+01
1.9460e+01
1.9396e+01
1.9324e+01
1.9262e+01
1.9197e+01
1.9140e+01
1.9071e+01
1.9006e+01
1.8939e+01
1.8882e+01
1.8810e+01
1.8755e+01
1.8693e+01
1.8630e+01
1.8568e+01
1.8511e+01
1.8446e+01
1.8386e+01
1.8341e+01
1.8284e+01
1.8229e+01
1.8171e+01
1.8116e+01
1.8071e+01
1.8011e+01
1.7964e+01
1.7911e+01
1.7856e+01
1.7808e+01
1.7756e+01
1.7696e+01
1.7653e+01
1.7605e+01
1.7550e+01
1.7492e+01
1.7442e+01
1.7384e+01
1.7332e+01
1.7269e+01
1.7221e+01
1.7171e+01
1.7120e+01
1.7050e+01
1.6997e+01
1.6946e+01
1.6901e+01
1.6841e+01
1.6795e+01
1.6740e+01
1.6692e+01
1.6644e+01
1.6588e+01
1.6527e+01
1.6489e+01
1.6439e+01
1.6383e+01
1.6338e+01
1.6289e+01
1.6239e+01
1.6193e+01
1.6137e+01
1.6089e+01
1.6041e+01
1.5985e+01
1.5929e+01
1.5884e+01
1.5830e+01
1.5785e+01
1.5731e+01
1.5688e+01
1.5640e+01
1.5591e+01
1.5538e+01
1.5497e+01
1.5454e+01
1.5418e+01
1.5372e+01
1.5339e+01
1.5288e+01
1.5250e+01
1.5207e+01
1.5166e+01
1.5120e+01
1.5087e+01
1.5043e+01
1.5005e+01
1.4956e+01
1.4918e+01
1.4869e+01
1.4823e+01
1.4782e+01
1.4744e+01
1.4695e+01
1.4657e+01
1.4621e+01
1.4580e+01
1.4531e+01
1.4488e+01
1.4441e+01
1.4403e+01
1.4365e+01
1.4326e+01
1.4280e+01
1.4236e+01
1.4195e+01
1.4156e+01
1.4108e+01
1.4061e+01
1.4028e+01
1.3997e+01
1.3951e+01
1.3904e+01
1.3861e+01
1.3822e+01
1.3783e+01
1.3737e+01
1.3685e+01
1.3639e+01
1.3598e+01
1.3556e+01
1.3505e+01
1.3461e+01
1.3417e+01
1.3378e+01
1.3329e+01
1.3280e+01
1.3238e+01
1.3202e+01
1.3158e+01
1.3114e+01
1.3080e+01
1.3044e+01
1.3000e+01
1.2959e+01
1.2925e+01
1.2891e+01
1.2852e+01
1.2813e+01
1.2772e+01
1.2754e+01
1.2720e+01
1.2681e+01
1.2645e+01
1.2606e+01
1.2569e+01
1.2533e+01
1.2486e+01
1.2442e+01
1.2411e+01
1.2372e+01
1.2325e+01
1.2296e+01
1.2257e+01
1.2215e+01
1.2174e+01
1.2135e+01
1.2093e+01
1.2049e+01
1.2002e+01
1.1976e+01
1.1934e+01
1.1889e+01
1.1855e+01
1.1816e+01
1.1772e+01
1.1735e+01
1.1691e+01
1.1652e+01
1.1610e+01
1.1565e+01
1.1518e+01
1.1476e+01
1.1429e+01
1.1395e+01
1.1358e+01
1.1311e+01
1.1267e+01
1.1230e+01
1.1193e+01
1.1156e+01
1.1120e+01
1.1080e+01
1.1043e+01
1.1015e+01
1.0978e+01
1.0938e+01
1.0907e+01
1.0883e+01
1.0849e+01
1.0825e+01
1.0788e+01
1.0759e+01
1.0728e+01
1.0688e+01
1.0641e+01
1.0612e+01
1.0583e+01
1.0551e+01
1.0520e+01
1.0491e+01
1.0451e+01
1.0420e+01
1.0383e+01
1.0348e+01
1.0322e+01
1.0288e+01
1.0256e+01
1.0222e+01
1.0193e+01
1.0153e+01
1.0124e+01
1.0087e+01
1.0055e+01
1.0018e+01
9.9916e+00
9.9598e+00
9.9228e+00
9.8883e+00
9.8486e+00
9.8115e+00
9.7797e+00
9.7373e+00
9.6976e+00
9.6684e+00
9.6366e+00
9.5995e+00
9.5650e+00
9.5358e+00
9.4986e+00
9.4694e+00
9.4322e+00
9.3977e+00
9.3605e+00
9.3259e+00
9.2994e+00
9.2701e+00
9.2435e+00
9.2143e+00
9.1850e+00
9.1584e+00
9.1371e+00
9.0998e+00
9.0785e+00
9.0519e+00
9.0413e+00
9.0200e+00
9.0066e+00
8.9933e+00
8.9907e+00
8.9720e+00
8.9720e+00
8.9614e+00
8.9587e+00
8.9480e+00
8.9454e+00
8.9294e+00
8.9240e+00
8.9160e+00
8.9187e+00
8.9054e+00
8.9054e+00
8.8921e+00
8.8894e+00
8.8841e+00
8.8787e+00
8.8654e+00
8.8574e+00
8.8387e+00
8.8147e+00
8.7987e+00
8.7827e+00
8.7640e+00
8.7480e+00
8.7213e+00
8.7053e+00
8.6866e+00
8.6653e+00
8.6413e+00
8.6145e+00
8.5905e+00
8.5665e+00
8.5531e+00
8.5264e+00
8.5050e+00
8.4729e+00
8.4328e+00
8.4061e+00
8.3686e+00
8.3338e+00
8.3044e+00
8.2642e+00
8.2187e+00
8.1839e+00
8.1464e+00
8.1089e+00
8.0713e+00
8.0284e+00
7.9963e+00
7.9560e+00
7.9131e+00
7.8836e+00
7.8406e+00
7.8057e+00
7.7573e+00
7.7251e+00
7.6848e+00
7.6418e+00
7.6122e+00
7.5665e+00
7.5207e+00
7.4777e+00
7.4481e+00
7.3996e+00
7.3592e+00
7.3134e+00
7.2784e+00
7.2244e+00
7.1732e+00
7.1273e+00
7.0842e+00
7.0410e+00
7.0005e+00
6.9518e+00
6.9140e+00
6.8654e+00
6.8248e+00
6.7789e+00
6.7410e+00
6.6977e+00
6.6652e+00
6.6138e+00
6.5786e+00
6.5325e+00
6.5027e+00
6.4567e+00
6.4133e+00
6.3753e+00
6.3374e+00
6.2939e+00
6.2614e+00
6.2207e+00
6.1826e+00
6.1446e+00
6.1093e+00
6.0658e+00
6.0278e+00
5.9870e+00
5.9408e+00
5.8945e+00
5.8646e+00
5.8210e+00
5.7775e+00
5.7394e+00
5.7039e+00
5.6658e+00
5.6304e+00
5.5949e+00
5.5649e+00
5.5213e+00
5.4858e+00
5.4449e+00
5.4203e+00
5.3848e+00
5.3466e+00
5.3002e+00
5.2537e+00
5.2237e+00
5.1854e+00
5.1444e+00
5.1061e+00
5.0623e+00
5.0185e+00
4.9747e+00
4.9337e+00
4.8789e+00
4.8487e+00
4.8049e+00
4.7638e+00
4.7199e+00
4.6788e+00
4.6294e+00
4.5827e+00
4.5415e+00
4.5031e+00
4.4619e+00
4.4289e+00
4.3849e+00
4.3547e+00
4.3134e+00
4.2804e+00
4.2392e+00
4.1979e+00
4.1676e+00
4.1208e+00
4.0905e+00
4.0382e+00
4.0079e+00
3.9610e+00
3.9307e+00
3.8893e+00
3.8507e+00
3.8148e+00
3.7762e+00
3.7458e+00
3.7072e+00
3.6796e+00
3.6464e+00
3.6133e+00
3.5829e+00
3.5469e+00
3.5193e+00
3.4889e+00
3.4529e+00
3.4142e+00
3.3865e+00
3.3506e+00
3.3229e+00
3.2980e+00
3.2592e+00
3.2287e+00
3.2010e+00
3.1622e+00
3.1317e+00
3.0901e+00
3.0541e+00
3.0180e+00
2.9931e+00
2.9570e+00
2.9209e+00
2.8848e+00
2.8570e+00
2.8182e+00
2.7904e+00
2.7570e+00
2.7265e+00
2.6987e+00
2.6709e+00
2.6319e+00
2.6013e+00
2.5707e+00
2.5373e+00
2.5039e+00
2.4761e+00
2.4399e+00
2.4120e+00
2.3786e+00
2.3424e+00
2.3034e+00
2.2727e+00
2.2420e+00
2.2058e+00
2.1751e+00
2.1416e+00
2.1025e+00
2.0662e+00
2.0355e+00
2.0048e+00
1.9685e+00
1.9294e+00
1.8958e+00
1.8623e+00
1.8259e+00
1.7924e+00
1.7672e+00
1.7392e+00
1.7000e+00
1.6637e+00
1.6357e+00
1.6049e+00
1.5712e+00
1.5376e+00
1.4984e+00
1.4592e+00
1.4227e+00
1.3863e+00
1.3554e+00
1.3133e+00
1.2768e+00
1.2432e+00
1.2151e+00
1.1814e+00
1.1477e+00
1.1112e+00
1.0831e+00
1.0465e+00
1.0156e+00
9.8185e-01
9.5091e-01
9.0871e-01
8.7776e-01
8.5243e-01
8.1584e-01
7.7923e-01
7.4825e-01
7.1727e-01
6.8346e-01
6.4682e-01
6.0736e-01
5.7071e-01
5.3404e-01
4.9455e-01
4.5504e-01
4.0988e-01
3.7601e-01
3.3929e-01
2.9975e-01
2.5737e-01
2.2628e-01
1.8388e-01
1.4995e-01
1.0753e-01
8.2066e-02
4.8113e-02
2.5474e-02
1.1322e-02
0000
0000
5.6610e-03
3.1134e-02
5.6602e-02
1.0187e-01
1.4429e-01
2.2911e-01
3.1387e-01
4.3811e-01
5.5943e-01
7.3417e-01
8.9746e-01
1.1027e+00
1.3105e+00
1.5712e+00
1.8120e+00
2.1109e+00
2.3897e+00
2.7237e+00
3.0236e+00
3.3838e+00
3.6906e+00
4.0520e+00
4.3739e+00
4.7555e+00
5.1006e+00
5.5131e+00
5.8728e+00
6.2749e+00
6.6490e+00
7.0464e+00
7.4373e+00
7.8513e+00
8.2107e+00
8.5958e+00
8.9267e+00
9.2515e+00
9.5384e+00
9.8248e+00
1.0066e+01
1.0314e+01
1.0501e+01
1.0678e+01
1.0841e+01
1.1001e+01
1.1133e+01
1.1259e+01
1.1374e+01
1.1479e+01
1.1589e+01
1.1665e+01
1.1743e+01
1.1814e+01
1.1879e+01
1.1952e+01
1.1991e+01
1.2051e+01
1.2075e+01
1.2093e+01
1.2096e+01
1.2093e+01
1.2067e+01
1.2054e+01
1.2017e+01
1.1994e+01
1.1949e+01
1.1897e+01
1.1840e+01
1.1780e+01
1.1693e+01
1.1612e+01
1.1526e+01
1.1429e+01
1.1337e+01
1.1235e+01
1.1122e+01
1.1009e+01
1.0896e+01
1.0773e+01
1.0654e+01
1.0533e+01
1.0417e+01
1.0303e+01
1.0177e+01
1.0052e+01
9.9201e+00
9.8115e+00
9.6896e+00
9.6048e+00
9.4933e+00
9.3817e+00
9.2834e+00
9.1770e+00
9.0812e+00
8.9773e+00
8.8894e+00
8.8014e+00
8.7187e+00
8.6413e+00
8.5718e+00
8.5103e+00
8.4595e+00
8.4168e+00
8.3820e+00
8.3499e+00
8.3365e+00
8.3285e+00
8.3392e+00
8.3686e+00
8.4061e+00
8.4756e+00
8.5397e+00
8.6439e+00
8.7454e+00
8.8761e+00
8.9960e+00
9.1557e+00
9.2940e+00
9.4694e+00
9.6472e+00
9.8513e+00
1.0052e+01
1.0285e+01
1.0485e+01
1.0717e+01
1.0930e+01
1.1198e+01
1.1453e+01
1.1727e+01
1.1968e+01
1.2231e+01
1.2551e+01
1.2832e+01
1.3213e+01
1.3546e+01
1.3794e+01
1.3994e+01
1.4174e+01
1.4321e+01
1.4465e+01
1.4577e+01
1.4675e+01
1.4793e+01
1.4885e+01
1.4995e+01
1.5084e+01
1.5158e+01
1.5232e+01
1.5316e+01
1.5377e+01
1.5444e+01
1.5502e+01
1.5543e+01
1.5576e+01
1.5614e+01
1.5660e+01
1.5701e+01
1.5731e+01
1.5744e+01
1.5777e+01
1.5805e+01
1.5820e+01
1.5848e+01
1.5881e+01
1.5899e+01
1.5919e+01
1.5927e+01
1.5942e+01
1.5940e+01
1.5940e+01
1.5919e+01
1.5922e+01
1.5899e+01
1.5891e+01
1.5861e+01
1.5841e+01
1.5782e+01
1.5734e+01
1.5652e+01
1.5586e+01
1.5507e+01
1.5441e+01
1.5352e+01
1.5291e+01
1.5191e+01
1.5122e+01
1.5023e+01
1.4954e+01
1.4851e+01
1.4782e+01
1.4688e+01
1.4618e+01
1.4526e+01
1.4454e+01
1.4357e+01
1.4298e+01
1.4198e+01
1.4120e+01
1.4030e+01
1.3930e+01
1.3837e+01
1.3739e+01
1.3641e+01
1.3541e+01
1.3430e+01
1.3342e+01
1.3228e+01
1.3143e+01
1.3026e+01
1.2933e+01
1.2813e+01
1.2707e+01
1.2595e+01
1.2491e+01
1.2385e+01
1.2281e+01
1.2179e+01
1.2096e+01
1.2002e+01
1.1923e+01
1.1832e+01
1.1761e+01
1.1667e+01
1.1633e+01
1.1581e+01
1.1563e+01
1.1505e+01
1.1442e+01
1.1379e+01
1.1314e+01
1.1240e+01
1.1164e+01
1.1078e+01
1.1001e+01
1.0925e+01
1.0849e+01
1.0765e+01
1.0688e+01
1.0609e+01
1.0533e+01
1.0443e+01
1.0369e+01
1.0282e+01
1.0203e+01
1.0124e+01
1.0039e+01
9.9677e+00
9.9016e+00
9.8221e+00
9.7426e+00
9.6684e+00
9.5968e+00
9.5225e+00
9.4561e+00
9.3817e+00
9.3073e+00
9.2355e+00
9.1797e+00
9.1105e+00
9.0333e+00
8.9640e+00
8.9054e+00
8.8467e+00
8.7827e+00
8.7160e+00
8.6573e+00
8.5905e+00
8.5291e+00
8.4622e+00
8.4061e+00
8.3445e+00
8.2857e+00
8.2294e+00
8.1651e+00
8.1142e+00
8.0553e+00
8.0016e+00
7.9480e+00
7.8916e+00
7.8299e+00
7.7762e+00
7.7170e+00
7.6525e+00
7.6041e+00
7.5557e+00
7.4965e+00
7.4427e+00
7.3942e+00
7.3349e+00
7.2918e+00
7.2460e+00
7.1867e+00
7.1300e+00
7.0788e+00
7.0248e+00
6.9681e+00
6.9167e+00
6.8762e+00
6.8302e+00
6.7789e+00
6.7166e+00
6.6625e+00
6.6138e+00
6.5677e+00
6.5109e+00
6.4540e+00
6.4024e+00
6.3536e+00
6.3075e+00
6.2587e+00
6.2207e+00
6.1691e+00
6.1175e+00
6.0631e+00
6.0169e+00
5.9816e+00
5.9244e+00
5.8728e+00
5.8292e+00
5.7856e+00
5.7339e+00
5.6849e+00
5.6603e+00
5.5813e+00
5.5486e+00
5.4995e+00
5.4531e+00
5.4149e+00
5.3657e+00
5.3193e+00
5.2701e+00
5.2455e+00
5.1881e+00
5.1417e+00
5.1143e+00
5.0705e+00
5.0185e+00
4.9775e+00
4.9364e+00
4.8926e+00
4.8405e+00
4.8049e+00
4.7583e+00
4.7254e+00
4.6788e+00
4.6294e+00
4.5745e+00
4.5305e+00
4.4811e+00
4.4317e+00
4.3767e+00
4.3272e+00
4.2749e+00
4.2282e+00
4.1704e+00
4.1208e+00
4.0712e+00
4.0217e+00
3.9693e+00
3.9224e+00
3.8673e+00
3.8231e+00
3.7762e+00
3.7265e+00
3.6741e+00
3.6243e+00
3.5801e+00
3.5387e+00
3.4889e+00
3.4446e+00
3.3976e+00
3.3616e+00
3.3146e+00
3.2647e+00
3.2204e+00
3.1816e+00
3.1317e+00
3.0957e+00
3.0513e+00
3.0125e+00
2.9681e+00
2.9376e+00
2.8959e+00
2.8543e+00
2.8154e+00
2.7793e+00
2.7487e+00
2.7181e+00
2.6792e+00
2.6430e+00
2.6069e+00
2.5763e+00
2.5373e+00
2.4984e+00
2.4622e+00
2.4343e+00
2.3953e+00
2.3619e+00
2.3284e+00
2.2894e+00
2.2420e+00
2.2113e+00
2.1639e+00
2.1249e+00
2.0886e+00
2.0523e+00
2.0160e+00
1.9797e+00
1.9433e+00
1.9042e+00
1.8651e+00
1.8287e+00
1.7980e+00
1.7672e+00
1.7308e+00
1.7028e+00
1.6777e+00
1.6497e+00
1.6301e+00
1.6189e+00
1.6133e+00
1.6133e+00
1.6189e+00
1.6301e+00
1.6609e+00
1.6861e+00
1.7336e+00
1.7756e+00
1.8427e+00
1.9098e+00
1.9964e+00
2.0802e+00
2.1779e+00
2.2699e+00
2.3730e+00
2.4733e+00
2.5930e+00
2.7126e+00
2.8376e+00
2.9931e+00
3.1345e+00
3.2564e+00
3.3865e+00
3.5248e+00
3.6575e+00
3.7762e+00
3.8921e+00
4.0079e+00
4.1181e+00
4.2172e+00
4.3024e+00
4.4069e+00
4.4948e+00
4.6047e+00
4.7007e+00
4.8049e+00
4.9035e+00
4.9966e+00
5.0979e+00
5.1854e+00
5.2647e+00
5.3466e+00
5.4231e+00
5.4804e+00
