2.0003e+01
1.9977e+01
1.9952e+01
1.9930e+01
1.9906e+01
1.9884e+01
1.9860e+01
1.9838e+01
1.9816e+01
1.9791e+01
1.9760e+01
1.9733e+01
1.9711e+01
1.9684e+01
1.9662e+01
1.9642e+01
1.9618e+01
1.9608e+01
1.9593e+01
1.9574e+01
1.9564e+01
1.9554e+01
1.9545e+01
1.9530e+01
1.9523e+01
1.9523e+01
1.9525e+01
1.9525e+01
1.9535e+01
1.9545e+01
1.9554e+01
1.9569e+01
1.9596e+01
1.9620e+01
1.9637e+01
1.9667e+01
1.9698e+01
1.9730e+01
1.9757e+01
1.9803e+01
1.9842e+01
1.9896e+01
1.9952e+01
2.0016e+01
2.0072e+01
2.0145e+01
2.0210e+01
2.0281e+01
2.0347e+01
2.0424e+01
2.0497e+01
2.0580e+01
2.0643e+01
2.0723e+01
2.0786e+01
2.0858e+01
2.0929e+01
2.1001e+01
2.1062e+01
2.1125e+01
2.1185e+01
2.1253e+01
2.1313e+01
2.1371e+01
2.1434e+01
2.1511e+01
2.1585e+01
2.1679e+01
2.1766e+01
2.1845e+01
2.1901e+01
2.1949e+01
2.1990e+01
2.2009e+01
2.2028e+01
2.2040e+01
2.2054e+01
2.2062e+01
2.2059e+01
2.2066e+01
2.2069e+01
2.2062e+01
2.2054e+01
2.2045e+01
2.2030e+01
2.2009e+01
2.1987e+01
2.1958e+01
2.1939e+01
2.1929e+01
2.1913e+01
2.1893e+01
2.1867e+01
2.1845e+01
2.1821e+01
2.1797e+01
2.1768e+01
2.1742e+01
2.1715e+01
2.1687e+01
2.1658e+01
2.1626e+01
2.1595e+01
2.1564e+01
2.1540e+01
2.1506e+01
2.1472e+01
2.1443e+01
2.1395e+01
2.1356e+01
2.1318e+01
2.1274e+01
2.1233e+01
2.1207e+01
2.1170e+01
2.1122e+01
2.1079e+01
2.1030e+01
2.0987e+01
2.0938e+01
2.0890e+01
2.0829e+01
2.0786e+01
2.0740e+01
2.0684e+01
2.0638e+01
2.0592e+01
2.0538e+01
2.0490e+01
2.0434e+01
2.0373e+01
2.0315e+01
2.0264e+01
2.0203e+01
2.0150e+01
2.0094e+01
2.0038e+01
1.9986e+01
1.9930e+01
1.9869e+01
1.9811e+01
1.9750e+01
1.9696e+01
1.9637e+01
1.9584e+01
1.9527e+01
1.9466e+01
1.9413e+01
1.9356e+01
1.9302e+01
1.9241e+01
1.9175e+01
1.9121e+01
1.9065e+01
1.9006e+01
1.8942e+01
1.8888e+01
1.8831e+01
1.8785e+01
1.8731e+01
1.8679e+01
1.8622e+01
1.8568e+01
1.8519e+01
1.8472e+01
1.8420e+01
1.8384e+01
1.8332e+01
1.8290e+01
1.8250e+01
1.8211e+01
1.8166e+01
1.8129e+01
1.8095e+01
1.8068e+01
1.8043e+01
1.8016e+01
1.7996e+01
1.7979e+01
1.7959e+01
1.7949e+01
1.7939e+01
1.7932e+01
1.7924e+01
1.7929e+01
1.7924e+01
1.7932e+01
1.7929e+01
1.7939e+01
1.7944e+01
1.7954e+01
1.7959e+01
1.7969e+01
1.7971e+01
1.7986e+01
1.8003e+01
1.8016e+01
1.8021e+01
1.8038e+01
1.8045e+01
1.8058e+01
1.8060e+01
1.8058e+01
1.8068e+01
1.8070e+01
1.8070e+01
1.8065e+01
1.8068e+01
1.8063e+01
1.8055e+01
1.8045e+01
1.8028e+01
1.8008e+01
1.7996e+01
1.7979e+01
1.7959e+01
1.7934e+01
1.7914e+01
1.7890e+01
1.7875e+01
1.7853e+01
1.7828e+01
1.7808e+01
1.7788e+01
1.7759e+01
1.7731e+01
1.7704e+01
1.7682e+01
1.7662e+01
1.7640e+01
1.7622e+01
1.7597e+01
1.7573e+01
1.7558e+01
1.7531e+01
1.7503e+01
1.7478e+01
1.7454e+01
1.7434e+01
1.7409e+01
1.7377e+01
1.7347e+01
1.7317e+01
1.7282e+01
1.7248e+01
1.7218e+01
1.7183e+01
1.7138e+01
1.7108e+01
1.7076e+01
1.7039e+01
1.7001e+01
1.6957e+01
1.6919e+01
1.6874e+01
1.6847e+01
1.6802e+01
1.6767e+01
1.6730e+01
1.6692e+01
1.6660e+01
1.6622e+01
1.6580e+01
1.6550e+01
1.6515e+01
1.6483e+01
1.6450e+01
1.6415e+01
1.6388e+01
1.6345e+01
1.6303e+01
1.6270e+01
1.6248e+01
1.6210e+01
1.6170e+01
1.6132e+01
1.6097e+01
1.6060e+01
1.6017e+01
1.5970e+01
1.5937e+01
1.5894e+01
1.5852e+01
1.5801e+01
1.5761e+01
1.5719e+01
1.5678e+01
1.5628e+01
1.5580e+01
1.5530e+01
1.5482e+01
1.5439e+01
1.5394e+01
1.5349e+01
1.5309e+01
1.5258e+01
1.5210e+01
1.5162e+01
1.5119e+01
1.5072e+01
1.5026e+01
1.4976e+01
1.4930e+01
1.4882e+01
1.4832e+01
1.4779e+01
1.4733e+01
1.4685e+01
1.4647e+01
1.4601e+01
1.4563e+01
1.4523e+01
1.4480e+01
1.4432e+01
1.4401e+01
1.4361e+01
1.4320e+01
1.4277e+01
1.4249e+01
1.4214e+01
1.4175e+01
1.4142e+01
1.4109e+01
1.4071e+01
1.4041e+01
1.3998e+01
1.3949e+01
1.3914e+01
1.3873e+01
1.3830e+01
1.3789e+01
1.3761e+01
1.3728e+01
1.3695e+01
1.3654e+01
1.3611e+01
1.3580e+01
1.3539e+01
1.3501e+01
1.3465e+01
1.3422e+01
1.3381e+01
1.3345e+01
1.3309e+01
1.3276e+01
1.3241e+01
1.3212e+01
1.3171e+01
1.3138e+01
1.3108e+01
1.3074e+01
1.3049e+01
1.3018e+01
1.2990e+01
1.2967e+01
1.2949e+01
1.2923e+01
1.2916e+01
1.2905e+01
1.2887e+01
1.2872e+01
1.2862e+01
1.2862e+01
1.2867e+01
1.2872e+01
1.2877e+01
1.2887e+01
1.2895e+01
1.2905e+01
1.2913e+01
1.2933e+01
1.2949e+01
1.2959e+01
1.2980e+01
1.2990e+01
1.3010e+01
1.3031e+01
1.3044e+01
1.3061e+01
1.3074e+01
1.3097e+01
1.3120e+01
1.3136e+01
1.3146e+01
1.3166e+01
1.3182e+01
1.3205e+01
1.3215e+01
1.3228e+01
1.3233e+01
1.3258e+01
1.3264e+01
1.3271e+01
1.3269e+01
1.3269e+01
1.3266e+01
1.3269e+01
1.3261e+01
1.3261e+01
1.3251e+01
1.3246e+01
1.3235e+01
1.3228e+01
1.3215e+01
1.3205e+01
1.3194e+01
1.3194e+01
1.3182e+01
1.3171e+01
1.3161e+01
1.3154e+01
1.3143e+01
1.3151e+01
1.3141e+01
1.3138e+01
1.3133e+01
1.3128e+01
1.3118e+01
1.3120e+01
1.3102e+01
1.3095e+01
1.3085e+01
1.3085e+01
1.3079e+01
1.3087e+01
1.3079e+01
1.3090e+01
1.3069e+01
1.3120e+01
1.3120e+01
1.3146e+01
1.3146e+01
1.3159e+01
1.3156e+01
1.3159e+01
1.3154e+01
1.3151e+01
1.3141e+01
1.3143e+01
1.3136e+01
1.3133e+01
1.3120e+01
1.3120e+01
1.3118e+01
1.3120e+01
1.3118e+01
1.3118e+01
1.3113e+01
1.3113e+01
1.3108e+01
1.3108e+01
1.3110e+01
1.3108e+01
1.3108e+01
1.3097e+01
1.3100e+01
1.3097e+01
1.3097e+01
1.3097e+01
1.3090e+01
1.3085e+01
1.3079e+01
1.3074e+01
1.3067e+01
1.3059e+01
1.3059e+01
1.3051e+01
1.3036e+01
1.3015e+01
1.3008e+01
1.2992e+01
1.2982e+01
1.2949e+01
1.2933e+01
1.2910e+01
1.2887e+01
1.2864e+01
1.2851e+01
1.2826e+01
1.2798e+01
1.2782e+01
1.2777e+01
1.2754e+01
1.2746e+01
1.2736e+01
1.2744e+01
1.2746e+01
1.2754e+01
1.2757e+01
1.2793e+01
1.2805e+01
1.2828e+01
1.2851e+01
1.2890e+01
1.2913e+01
1.2962e+01
1.3003e+01
1.3059e+01
1.3097e+01
1.3164e+01
1.3197e+01
1.3261e+01
1.3299e+01
1.3358e+01
1.3412e+01
1.3473e+01
1.3519e+01
1.3575e+01
1.3608e+01
1.3669e+01
1.3707e+01
1.3751e+01
1.3789e+01
1.3840e+01
1.3860e+01
1.3896e+01
1.3916e+01
1.3957e+01
1.3985e+01
1.4015e+01
1.4041e+01
1.4064e+01
1.4079e+01
1.4102e+01
1.4112e+01
1.4127e+01
1.4132e+01
1.4145e+01
1.4150e+01
1.4158e+01
1.4150e+01
1.4160e+01
1.4153e+01
1.4155e+01
1.4155e+01
1.4153e+01
1.4142e+01
1.4140e+01
1.4115e+01
1.4115e+01
1.4094e+01
1.4074e+01
1.4066e+01
1.4059e+01
1.4038e+01
1.4028e+01
1.4008e+01
1.3987e+01
1.3962e+01
1.3947e+01
1.3919e+01
1.3896e+01
1.3858e+01
1.3835e+01
1.3809e+01
1.3776e+01
1.3746e+01
1.3720e+01
1.3685e+01
1.3662e+01
1.3628e+01
1.3598e+01
1.3557e+01
1.3526e+01
1.3491e+01
1.3463e+01
1.3422e+01
1.3384e+01
1.3350e+01
1.3317e+01
1.3274e+01
1.3241e+01
1.3202e+01
1.3159e+01
1.3123e+01
1.3095e+01
1.3056e+01
1.3013e+01
1.2987e+01
1.2957e+01
1.2931e+01
1.2913e+01
1.2900e+01
1.2892e+01
1.2898e+01
1.2898e+01
1.2916e+01
1.2946e+01
1.2985e+01
1.3028e+01
1.3087e+01
1.3159e+01
1.3228e+01
1.3315e+01
1.3412e+01
1.3519e+01
1.3623e+01
1.3741e+01
1.3848e+01
1.3985e+01
1.4107e+01
1.4236e+01
1.4356e+01
1.4485e+01
1.4596e+01
1.4715e+01
1.4824e+01
1.4948e+01
1.5056e+01
1.5170e+01
1.5276e+01
1.5392e+01
1.5490e+01
1.5595e+01
1.5701e+01
1.5809e+01
1.5902e+01
1.6000e+01
1.6092e+01
1.6200e+01
1.6308e+01
1.6405e+01
1.6490e+01
1.6570e+01
1.6630e+01
1.6677e+01
1.6725e+01
1.6760e+01
1.6797e+01
1.6822e+01
1.6849e+01
1.6867e+01
1.6887e+01
1.6897e+01
1.6912e+01
1.6934e+01
1.6954e+01
1.6959e+01
1.6962e+01
1.6964e+01
1.6964e+01
1.6952e+01
1.6939e+01
1.6924e+01
1.6899e+01
1.6887e+01
1.6859e+01
1.6852e+01
1.6827e+01
1.6797e+01
1.6760e+01
1.6722e+01
1.6672e+01
1.6627e+01
1.6578e+01
1.6528e+01
1.6475e+01
1.6428e+01
1.6373e+01
1.6300e+01
1.6235e+01
1.6170e+01
1.6112e+01
1.6042e+01
1.5975e+01
1.5899e+01
1.5829e+01
1.5761e+01
1.5688e+01
1.5608e+01
1.5543e+01
1.5457e+01
1.5384e+01
1.5306e+01
1.5228e+01
1.5147e+01
1.5069e+01
1.4996e+01
1.4923e+01
1.4849e+01
1.4776e+01
1.4705e+01
1.4632e+01
1.4566e+01
1.4513e+01
1.4455e+01
1.4396e+01
1.4343e+01
1.4297e+01
1.4259e+01
1.4211e+01
1.4150e+01
1.4094e+01
1.4031e+01
1.3965e+01
1.3904e+01
1.3837e+01
1.3771e+01
1.3702e+01
1.3631e+01
1.3562e+01
1.3498e+01
1.3440e+01
1.3371e+01
1.3304e+01
1.3233e+01
1.3179e+01
1.3113e+01
1.3056e+01
1.2997e+01
1.2946e+01
1.2890e+01
1.2839e+01
1.2777e+01
1.2728e+01
1.2680e+01
1.2633e+01
1.2587e+01
1.2541e+01
1.2495e+01
1.2461e+01
1.2420e+01
1.2382e+01
1.2346e+01
1.2312e+01
1.2266e+01
1.2232e+01
1.2202e+01
1.2173e+01
1.2137e+01
1.2106e+01
1.2070e+01
1.2050e+01
1.2019e+01
1.1990e+01
1.1967e+01
1.1949e+01
1.1918e+01
1.1897e+01
1.1874e+01
1.1861e+01
1.1836e+01
1.1823e+01
1.1805e+01
1.1784e+01
1.1763e+01
1.1745e+01
1.1717e+01
1.1699e+01
1.1683e+01
1.1668e+01
1.1639e+01
1.1624e+01
1.1595e+01
1.1569e+01
1.1544e+01
1.1513e+01
1.1484e+01
1.1443e+01
1.1419e+01
1.1381e+01
1.1347e+01
1.1311e+01
1.1282e+01
1.1251e+01
1.1220e+01
1.1191e+01
1.1152e+01
1.1124e+01
1.1095e+01
1.1069e+01
1.1038e+01
1.1018e+01
1.0981e+01
1.0955e+01
1.0932e+01
1.0906e+01
1.0877e+01
1.0857e+01
1.0825e+01
1.0794e+01
1.0766e+01
1.0729e+01
1.0687e+01
1.0661e+01
1.0620e+01
1.0589e+01
1.0547e+01
1.0516e+01
1.0482e+01
1.0448e+01
1.0404e+01
1.0372e+01
1.0328e+01
1.0305e+01
1.0271e+01
1.0234e+01
1.0184e+01
1.0153e+01
1.0119e+01
1.0085e+01
1.0038e+01
1.0004e+01
9.9624e+00
9.9231e+00
9.8839e+00
9.8420e+00
9.8028e+00
9.7714e+00
9.7295e+00
9.6928e+00
9.6404e+00
9.6063e+00
9.5696e+00
9.5381e+00
9.5040e+00
9.4752e+00
9.4384e+00
9.4122e+00
9.3859e+00
9.3676e+00
9.3518e+00
9.3413e+00
9.3334e+00
9.3282e+00
9.3361e+00
9.3361e+00
9.3597e+00
9.3754e+00
9.4096e+00
9.4358e+00
9.4883e+00
9.5224e+00
9.5853e+00
9.6404e+00
9.7111e+00
9.7714e+00
9.8525e+00
9.9205e+00
1.0017e+01
1.0088e+01
1.0182e+01
1.0260e+01
1.0367e+01
1.0443e+01
1.0552e+01
1.0635e+01
1.0734e+01
1.0812e+01
1.0903e+01
1.0981e+01
1.1075e+01
1.1145e+01
1.1220e+01
1.1285e+01
1.1355e+01
1.1419e+01
1.1479e+01
1.1528e+01
1.1577e+01
1.1629e+01
1.1691e+01
1.1750e+01
1.1802e+01
1.1861e+01
1.1928e+01
1.1998e+01
1.2052e+01
1.2129e+01
1.2204e+01
1.2279e+01
1.2348e+01
1.2436e+01
1.2510e+01
1.2580e+01
1.2662e+01
1.2736e+01
1.2816e+01
1.2898e+01
1.2969e+01
1.3049e+01
1.3123e+01
1.3194e+01
1.3256e+01
1.3320e+01
1.3373e+01
1.3440e+01
1.3483e+01
1.3542e+01
1.3575e+01
1.3616e+01
1.3644e+01
1.3672e+01
1.3697e+01
1.3713e+01
1.3725e+01
1.3741e+01
1.3751e+01
1.3761e+01
1.3761e+01
1.3764e+01
1.3751e+01
1.3743e+01
1.3725e+01
1.3707e+01
1.3687e+01
1.3654e+01
1.3628e+01
1.3595e+01
1.3555e+01
1.3524e+01
1.3488e+01
1.3450e+01
1.3407e+01
1.3368e+01
1.3327e+01
1.3281e+01
1.3238e+01
1.3194e+01
1.3143e+01
1.3090e+01
1.3051e+01
1.3013e+01
1.2962e+01
1.2916e+01
1.2872e+01
1.2831e+01
1.2798e+01
1.2741e+01
1.2687e+01
1.2644e+01
1.2600e+01
1.2546e+01
1.2497e+01
1.2441e+01
1.2395e+01
1.2338e+01
1.2294e+01
1.2235e+01
1.2194e+01
1.2137e+01
1.2088e+01
1.2029e+01
1.1972e+01
1.1923e+01
1.1879e+01
1.1817e+01
1.1755e+01
1.1706e+01
1.1652e+01
1.1590e+01
1.1536e+01
1.1471e+01
1.1417e+01
1.1365e+01
1.1303e+01
1.1243e+01
1.1186e+01
1.1127e+01
1.1072e+01
1.1005e+01
1.0947e+01
1.0893e+01
1.0841e+01
1.0781e+01
1.0711e+01
1.0661e+01
1.0604e+01
1.0550e+01
1.0500e+01
1.0453e+01
1.0401e+01
1.0346e+01
1.0289e+01
1.0237e+01
1.0182e+01
1.0132e+01
1.0077e+01
1.0038e+01
9.9885e+00
9.9415e+00
9.8891e+00
9.8499e+00
9.7923e+00
9.7426e+00
9.7111e+00
9.6771e+00
9.6351e+00
9.5958e+00
9.5565e+00
9.5198e+00
9.4804e+00
9.4384e+00
9.4017e+00
9.3702e+00
9.3387e+00
9.3019e+00
9.2625e+00
9.2283e+00
9.1915e+00
9.1574e+00
9.1179e+00
9.0758e+00
9.0364e+00
8.9995e+00
8.9600e+00
8.9153e+00
8.8757e+00
8.8309e+00
8.8020e+00
8.7545e+00
8.7202e+00
8.6833e+00
8.6411e+00
8.5962e+00
8.5566e+00
8.5143e+00
8.4721e+00
8.4298e+00
8.3822e+00
8.3479e+00
8.3188e+00
8.2870e+00
8.2579e+00
8.2421e+00
8.2209e+00
8.2050e+00
8.2129e+00
8.2262e+00
8.2394e+00
8.2738e+00
8.3161e+00
8.3637e+00
8.4325e+00
8.5038e+00
8.6015e+00
8.6938e+00
8.8125e+00
8.9179e+00
9.0548e+00
9.1758e+00
9.3203e+00
9.4542e+00
9.6116e+00
9.7478e+00
9.9231e+00
1.0070e+01
1.0250e+01
1.0404e+01
1.0568e+01
1.0719e+01
1.0885e+01
1.1020e+01
1.1181e+01
1.1311e+01
1.1469e+01
1.1590e+01
1.1712e+01
1.1843e+01
1.1959e+01
1.2068e+01
1.2171e+01
1.2261e+01
1.2348e+01
1.2428e+01
1.2510e+01
1.2580e+01
1.2644e+01
1.2721e+01
1.2782e+01
1.2854e+01
1.2916e+01
1.2972e+01
1.3013e+01
1.3056e+01
1.3079e+01
1.3110e+01
1.3125e+01
1.3148e+01
1.3154e+01
1.3166e+01
1.3159e+01
1.3154e+01
1.3141e+01
1.3125e+01
1.3118e+01
1.3105e+01
1.3074e+01
1.3046e+01
1.3015e+01
1.2982e+01
1.2936e+01
1.2892e+01
1.2839e+01
1.2787e+01
1.2736e+01
1.2680e+01
1.2644e+01
1.2582e+01
1.2523e+01
1.2464e+01
1.2413e+01
1.2341e+01
1.2266e+01
1.2194e+01
1.2117e+01
1.2044e+01
1.1972e+01
1.1900e+01
1.1833e+01
1.1763e+01
1.1688e+01
1.1613e+01
1.1551e+01
1.1463e+01
1.1388e+01
1.1308e+01
1.1230e+01
1.1145e+01
1.1067e+01
1.0986e+01
1.0901e+01
1.0823e+01
1.0737e+01
1.0651e+01
1.0570e+01
1.0479e+01
1.0388e+01
1.0315e+01
1.0221e+01
1.0140e+01
1.0054e+01
9.9833e+00
9.9048e+00
9.8132e+00
9.7399e+00
9.6613e+00
9.5880e+00
9.5172e+00
9.4411e+00
9.3649e+00
9.2940e+00
9.2310e+00
9.1731e+00
9.1074e+00
9.0443e+00
8.9837e+00
8.9258e+00
8.8705e+00
8.8125e+00
8.7624e+00
8.7097e+00
8.6595e+00
8.6120e+00
8.5698e+00
8.5223e+00
8.4827e+00
8.4298e+00
8.3875e+00
8.3346e+00
8.2950e+00
8.2553e+00
8.2182e+00
8.1785e+00
8.1362e+00
8.0938e+00
8.0620e+00
8.0302e+00
7.9958e+00
7.9586e+00
7.9321e+00
7.9030e+00
7.8791e+00
7.8499e+00
7.8287e+00
7.8101e+00
7.7836e+00
7.7703e+00
7.7650e+00
7.7729e+00
7.7703e+00
7.7968e+00
7.8128e+00
7.8579e+00
7.8897e+00
7.9640e+00
8.0249e+00
8.1150e+00
8.1812e+00
8.2923e+00
8.3822e+00
8.5117e+00
8.6252e+00
8.7677e+00
8.8731e+00
9.0258e+00
9.1442e+00
9.2993e+00
9.4253e+00
9.5853e+00
9.7111e+00
9.8525e+00
9.9702e+00
1.0114e+01
1.0229e+01
1.0370e+01
1.0484e+01
1.0612e+01
1.0727e+01
1.0831e+01
1.0932e+01
1.1041e+01
1.1127e+01
1.1222e+01
1.1311e+01
1.1399e+01
1.1479e+01
1.1544e+01
1.1619e+01
1.1688e+01
1.1753e+01
1.1805e+01
1.1851e+01
1.1885e+01
1.1928e+01
1.1946e+01
1.1967e+01
1.1980e+01
1.1988e+01
1.1993e+01
1.1995e+01
1.1985e+01
1.1977e+01
1.1965e+01
1.1949e+01
1.1923e+01
1.1897e+01
1.1872e+01
1.1848e+01
1.1807e+01
1.1776e+01
1.1722e+01
1.1670e+01
1.1613e+01
1.1569e+01
1.1510e+01
1.1456e+01
1.1381e+01
1.1318e+01
1.1246e+01
1.1189e+01
1.1106e+01
1.1036e+01
1.0960e+01
1.0888e+01
1.0802e+01
1.0729e+01
1.0654e+01
1.0578e+01
1.0492e+01
1.0409e+01
1.0320e+01
1.0229e+01
1.0140e+01
1.0062e+01
9.9702e+00
9.8839e+00
9.8002e+00
9.7137e+00
9.6299e+00
9.5486e+00
9.4463e+00
9.3571e+00
9.2914e+00
9.2126e+00
9.1205e+00
9.0416e+00
8.9574e+00
8.8836e+00
8.8099e+00
8.7281e+00
8.6411e+00
8.5672e+00
8.4853e+00
8.4140e+00
8.3320e+00
8.2685e+00
8.1891e+00
8.1282e+00
8.0700e+00
8.0117e+00
7.9427e+00
7.8844e+00
7.8260e+00
7.7703e+00
7.7225e+00
7.6720e+00
7.6322e+00
7.5950e+00
7.5578e+00
7.5046e+00
7.4700e+00
7.4248e+00
7.3902e+00
7.3529e+00
7.3156e+00
7.2890e+00
7.2437e+00
7.2171e+00
7.1824e+00
7.1504e+00
7.1211e+00
7.0864e+00
7.0624e+00
7.0331e+00
7.0064e+00
6.9850e+00
6.9584e+00
6.9343e+00
6.9236e+00
6.9183e+00
6.9050e+00
6.8943e+00
6.8889e+00
6.8809e+00
6.8782e+00
6.8836e+00
6.8809e+00
6.8809e+00
6.8756e+00
6.8889e+00
6.8943e+00
6.8969e+00
6.9023e+00
6.9023e+00
6.9103e+00
6.9130e+00
6.9210e+00
6.9263e+00
6.9477e+00
6.9530e+00
6.9690e+00
6.9717e+00
6.9877e+00
6.9931e+00
7.0037e+00
7.0144e+00
7.0357e+00
7.0544e+00
7.0784e+00
7.0918e+00
7.1291e+00
7.1478e+00
7.1824e+00
7.2197e+00
7.2650e+00
7.2970e+00
7.3556e+00
7.3982e+00
7.4673e+00
7.5126e+00
7.5817e+00
7.6348e+00
7.7012e+00
7.7623e+00
7.8446e+00
7.8950e+00
7.9693e+00
8.0196e+00
8.0938e+00
8.1574e+00
8.2235e+00
8.2765e+00
8.3452e+00
8.4007e+00
8.4615e+00
8.5091e+00
8.5672e+00
8.6068e+00
8.6463e+00
8.6833e+00
8.7255e+00
8.7492e+00
8.7809e+00
8.7940e+00
8.8178e+00
8.8257e+00
8.8309e+00
8.8494e+00
8.8573e+00
8.8626e+00
8.8547e+00
8.8573e+00
8.8547e+00
8.8520e+00
8.8388e+00
8.8336e+00
8.8125e+00
8.8072e+00
8.7914e+00
8.7677e+00
8.7519e+00
8.7334e+00
8.7097e+00
8.6912e+00
8.6595e+00
8.6384e+00
8.6094e+00
8.5724e+00
8.5276e+00
8.4906e+00
8.4457e+00
8.3954e+00
8.3452e+00
8.2976e+00
8.2368e+00
8.1891e+00
8.1256e+00
8.0700e+00
8.0037e+00
7.9427e+00
7.8738e+00
7.8207e+00
7.7517e+00
7.6880e+00
7.6109e+00
7.5471e+00
7.4727e+00
7.4008e+00
7.3289e+00
7.2677e+00
7.1824e+00
7.1131e+00
7.0438e+00
6.9744e+00
6.8943e+00
6.8221e+00
6.7393e+00
6.6698e+00
6.5922e+00
6.5253e+00
6.4503e+00
6.3779e+00
6.3055e+00
6.2412e+00
6.1634e+00
6.1016e+00
6.0237e+00
5.9565e+00
5.8839e+00
5.8275e+00
5.7467e+00
5.6902e+00
5.6067e+00
5.5312e+00
5.4665e+00
5.4072e+00
5.3343e+00
5.2803e+00
5.2074e+00
5.1372e+00
5.0642e+00
4.9992e+00
4.9262e+00
4.8639e+00
4.7989e+00
4.7447e+00
4.6797e+00
4.6254e+00
4.5603e+00
4.5060e+00
4.4409e+00
4.3920e+00
4.3295e+00
4.2806e+00
4.2071e+00
4.1663e+00
4.1010e+00
4.0684e+00
4.0084e+00
3.9703e+00
3.9185e+00
3.8640e+00
3.8204e+00
3.7686e+00
3.7222e+00
3.6703e+00
3.6266e+00
3.5802e+00
3.5283e+00
3.4900e+00
3.4408e+00
3.3889e+00
3.3478e+00
3.3068e+00
3.2657e+00
3.2302e+00
3.1863e+00
3.1453e+00
3.1096e+00
3.0822e+00
3.0493e+00
3.0164e+00
2.9808e+00
2.9534e+00
2.9149e+00
2.8820e+00
2.8518e+00
2.8299e+00
2.7969e+00
2.7749e+00
2.7392e+00
2.7145e+00
2.6815e+00
2.6486e+00
2.6128e+00
2.5908e+00
2.5496e+00
2.5221e+00
2.4945e+00
2.4698e+00
2.4257e+00
2.4065e+00
2.3734e+00
2.3541e+00
2.3156e+00
2.2908e+00
2.2605e+00
2.2357e+00
2.2081e+00
2.1888e+00
2.1502e+00
2.1226e+00
2.0895e+00
2.0729e+00
2.0343e+00
2.0012e+00
1.9708e+00
1.9432e+00
1.9045e+00
1.8769e+00
1.8354e+00
1.8106e+00
1.7746e+00
1.7414e+00
1.7027e+00
1.6750e+00
1.6391e+00
1.6169e+00
1.5837e+00
1.5477e+00
1.5089e+00
1.4840e+00
1.4480e+00
1.4258e+00
1.3815e+00
1.3482e+00
1.3149e+00
1.2872e+00
1.2483e+00
1.2206e+00
1.1817e+00
1.1428e+00
1.1095e+00
1.0679e+00
1.0345e+00
1.0012e+00
9.6225e-01
9.2332e-01
8.9273e-01
8.6769e-01
8.3431e-01
8.0648e-01
7.6473e-01
7.3967e-01
7.1461e-01
6.8676e-01
6.5333e-01
6.2268e-01
5.9481e-01
5.7809e-01
5.4464e-01
5.1118e-01
4.8887e-01
4.6377e-01
4.3308e-01
4.0797e-01
3.7169e-01
3.4657e-01
3.1027e-01
2.9072e-01
2.6000e-01
2.3486e-01
2.1530e-01
1.8736e-01
1.6500e-01
1.3425e-01
1.1468e-01
9.7902e-02
8.3920e-02
5.8749e-02
3.6371e-02
1.9585e-02
1.1192e-02
0000
0000
5.5960e-03
1.9585e-02
3.6371e-02
6.9936e-02
1.0909e-01
1.7618e-01
2.4324e-01
3.4098e-01
4.3587e-01
5.8088e-01
6.9790e-01
8.6769e-01
1.0151e+00
1.2178e+00
1.3815e+00
1.6252e+00
1.8271e+00
2.0978e+00
2.3183e+00
2.6266e+00
2.8848e+00
3.2219e+00
3.5092e+00
3.8586e+00
4.1691e+00
4.5196e+00
4.8152e+00
5.1696e+00
5.4638e+00
5.8113e+00
6.1043e+00
6.4583e+00
6.7313e+00
6.9957e+00
7.2331e+00
7.4620e+00
7.6694e+00
7.8711e+00
8.0541e+00
8.2421e+00
8.4245e+00
8.6015e+00
8.7571e+00
8.9153e+00
9.0548e+00
9.2021e+00
9.3492e+00
9.4935e+00
9.6273e+00
9.7399e+00
9.8525e+00
9.9650e+00
1.0075e+01
1.0184e+01
1.0305e+01
1.0427e+01
1.0557e+01
1.0695e+01
1.0831e+01
1.1002e+01
1.1165e+01
1.1344e+01
1.1525e+01
1.1727e+01
1.1936e+01
1.2214e+01
1.2505e+01
1.2772e+01
1.3018e+01
1.3251e+01
1.3486e+01
1.3715e+01
1.3911e+01
1.4117e+01
1.4292e+01
1.4457e+01
1.4632e+01
1.4786e+01
1.4948e+01
1.5102e+01
1.5256e+01
1.5377e+01
1.5505e+01
1.5616e+01
1.5726e+01
1.5804e+01
1.5897e+01
1.5960e+01
1.6047e+01
1.6112e+01
1.6178e+01
1.6223e+01
1.6310e+01
1.6393e+01
1.6485e+01
1.6525e+01
1.6565e+01
1.6593e+01
1.6620e+01
1.6612e+01
1.6603e+01
1.6600e+01
1.6593e+01
1.6558e+01
1.6530e+01
1.6485e+01
1.6453e+01
1.6403e+01
1.6368e+01
1.6310e+01
1.6253e+01
1.6167e+01
1.6102e+01
1.6010e+01
1.5944e+01
1.5859e+01
1.5799e+01
1.5719e+01
1.5661e+01
1.5583e+01
1.5553e+01
1.5477e+01
1.5427e+01
1.5374e+01
1.5346e+01
1.5288e+01
1.5241e+01
1.5195e+01
1.5195e+01
1.5170e+01
1.5142e+01
1.5107e+01
1.5067e+01
1.5026e+01
1.4996e+01
1.4966e+01
1.4945e+01
1.4928e+01
1.4912e+01
1.4892e+01
1.4882e+01
1.4890e+01
1.4882e+01
1.4880e+01
1.4872e+01
1.4882e+01
1.4882e+01
1.4900e+01
1.4920e+01
1.4953e+01
1.4973e+01
1.5016e+01
1.5064e+01
1.5107e+01
1.5157e+01
1.5235e+01
1.5306e+01
1.5409e+01
1.5487e+01
1.5568e+01
1.5613e+01
1.5638e+01
1.5636e+01
1.5626e+01
1.5600e+01
1.5578e+01
1.5533e+01
1.5500e+01
1.5452e+01
1.5407e+01
1.5356e+01
1.5304e+01
1.5243e+01
1.5188e+01
1.5125e+01
1.5054e+01
1.4986e+01
1.4912e+01
1.4847e+01
1.4779e+01
1.4708e+01
1.4629e+01
1.4548e+01
1.4472e+01
1.4404e+01
1.4328e+01
1.4249e+01
1.4178e+01
1.4097e+01
1.4000e+01
1.3914e+01
1.3830e+01
1.3736e+01
1.3631e+01
1.3534e+01
1.3430e+01
1.3335e+01
1.3238e+01
1.3141e+01
1.3026e+01
1.2916e+01
1.2821e+01
1.2723e+01
1.2613e+01
1.2518e+01
1.2423e+01
1.2323e+01
1.2214e+01
1.2124e+01
1.2021e+01
1.1936e+01
1.1830e+01
1.1737e+01
1.1647e+01
1.1556e+01
1.1469e+01
1.1373e+01
1.1279e+01
1.1181e+01
1.1075e+01
1.0992e+01
1.0903e+01
1.0810e+01
1.0716e+01
1.0615e+01
1.0529e+01
1.0448e+01
1.0367e+01
1.0276e+01
1.0192e+01
1.0117e+01
1.0036e+01
9.9571e+00
9.8839e+00
9.8159e+00
9.7373e+00
9.6640e+00
9.5958e+00
9.5224e+00
9.4489e+00
9.3754e+00
9.3177e+00
9.2494e+00
9.1863e+00
9.1258e+00
9.0627e+00
8.9969e+00
8.9337e+00
8.8784e+00
8.8151e+00
8.7598e+00
8.7097e+00
8.6648e+00
8.6094e+00
8.5724e+00
8.5196e+00
8.4747e+00
8.4245e+00
8.3796e+00
8.3320e+00
8.3003e+00
8.2659e+00
8.2262e+00
8.1653e+00
8.1282e+00
8.0938e+00
8.0647e+00
8.0170e+00
7.9746e+00
7.9348e+00
7.9030e+00
7.8632e+00
7.8287e+00
7.7889e+00
7.7650e+00
7.7278e+00
7.7331e+00
7.7066e+00
7.6959e+00
7.6827e+00
7.6747e+00
7.6481e+00
7.6322e+00
7.6056e+00
7.5950e+00
7.5737e+00
7.5551e+00
7.5312e+00
7.5126e+00
7.4860e+00
7.4514e+00
7.4168e+00
7.3742e+00
7.3289e+00
7.2970e+00
7.2624e+00
7.2251e+00
7.1851e+00
7.1451e+00
7.1051e+00
7.0704e+00
7.0357e+00
7.0091e+00
6.9797e+00
6.9477e+00
6.9050e+00
6.8649e+00
6.8195e+00
6.7740e+00
6.7393e+00
6.6938e+00
6.6377e+00
6.6002e+00
6.5520e+00
