2.3654e+01
2.3491e+01
2.3337e+01
2.3194e+01
2.3053e+01
2.2895e+01
2.2749e+01
2.2592e+01
2.2444e+01
2.2315e+01
2.2176e+01
2.2025e+01
2.1916e+01
2.1754e+01
2.1641e+01
2.1488e+01
2.1355e+01
2.1210e+01
2.1084e+01
2.0927e+01
2.0796e+01
2.0653e+01
2.0532e+01
2.0390e+01
2.0257e+01
2.0121e+01
1.9995e+01
1.9869e+01
1.9736e+01
1.9623e+01
1.9487e+01
1.9383e+01
1.9251e+01
1.9139e+01
1.9014e+01
1.8916e+01
1.8799e+01
1.8714e+01
1.8596e+01
1.8504e+01
1.8417e+01
1.8339e+01
1.8267e+01
1.8208e+01
1.8132e+01
1.8078e+01
1.8025e+01
1.7989e+01
1.7960e+01
1.7910e+01
1.7888e+01
1.7858e+01
1.7836e+01
1.7810e+01
1.7798e+01
1.7771e+01
1.7759e+01
1.7748e+01
1.7732e+01
1.7704e+01
1.7689e+01
1.7644e+01
1.7624e+01
1.7590e+01
1.7553e+01
1.7523e+01
1.7486e+01
1.7434e+01
1.7406e+01
1.7360e+01
1.7313e+01
1.7251e+01
1.7216e+01
1.7151e+01
1.7110e+01
1.7042e+01
1.7005e+01
1.6919e+01
1.6867e+01
1.6784e+01
1.6719e+01
1.6623e+01
1.6543e+01
1.6449e+01
1.6362e+01
1.6255e+01
1.6163e+01
1.6058e+01
1.5960e+01
1.5854e+01
1.5758e+01
1.5645e+01
1.5543e+01
1.5440e+01
1.5340e+01
1.5230e+01
1.5113e+01
1.5016e+01
1.4896e+01
1.4793e+01
1.4668e+01
1.4573e+01
1.4450e+01
1.4346e+01
1.4225e+01
1.4110e+01
1.3999e+01
1.3890e+01
1.3779e+01
1.3685e+01
1.3572e+01
1.3454e+01
1.3349e+01
1.3239e+01
1.3137e+01
1.3025e+01
1.2930e+01
1.2828e+01
1.2723e+01
1.2617e+01
1.2516e+01
1.2413e+01
1.2313e+01
1.2210e+01
1.2114e+01
1.2015e+01
1.1904e+01
1.1807e+01
1.1711e+01
1.1612e+01
1.1522e+01
1.1419e+01
1.1332e+01
1.1231e+01
1.1152e+01
1.1045e+01
1.0952e+01
1.0858e+01
1.0776e+01
1.0671e+01
1.0601e+01
1.0496e+01
1.0402e+01
1.0313e+01
1.0240e+01
1.0137e+01
1.0062e+01
9.9734e+00
9.8764e+00
9.7893e+00
9.6982e+00
9.6070e+00
9.5098e+00
9.4224e+00
9.3290e+00
9.2356e+00
9.1500e+00
9.0604e+00
8.9747e+00
8.8850e+00
8.8052e+00
8.7213e+00
8.6474e+00
8.5594e+00
8.4834e+00
8.3974e+00
8.3313e+00
8.2511e+00
8.1729e+00
8.0926e+00
8.0163e+00
7.9420e+00
7.8656e+00
7.8033e+00
7.7268e+00
7.6543e+00
7.5737e+00
7.5031e+00
7.4366e+00
7.3720e+00
7.3074e+00
7.2407e+00
7.1821e+00
7.1113e+00
7.0547e+00
6.9939e+00
6.9474e+00
6.8805e+00
6.8400e+00
6.7771e+00
6.7284e+00
6.6777e+00
6.6229e+00
6.5721e+00
6.5132e+00
6.4644e+00
6.4136e+00
6.3505e+00
6.3057e+00
6.2569e+00
6.2039e+00
6.1448e+00
6.0816e+00
6.0163e+00
5.9674e+00
5.8918e+00
5.8510e+00
5.7774e+00
5.7324e+00
5.6629e+00
5.6158e+00
5.5503e+00
5.4930e+00
5.4356e+00
5.3679e+00
5.3023e+00
5.2510e+00
5.1915e+00
5.1360e+00
5.0682e+00
4.9983e+00
4.9428e+00
4.8769e+00
4.8110e+00
4.7369e+00
4.6647e+00
4.5987e+00
4.5430e+00
4.4749e+00
4.3985e+00
4.3365e+00
4.2641e+00
4.1999e+00
4.1358e+00
4.0757e+00
4.0053e+00
3.9410e+00
3.8705e+00
3.7999e+00
3.7356e+00
3.6649e+00
3.6026e+00
3.5360e+00
3.4715e+00
3.3966e+00
3.3341e+00
3.2612e+00
3.1882e+00
3.1235e+00
3.0463e+00
2.9795e+00
2.9105e+00
2.8373e+00
2.7578e+00
2.6951e+00
2.6197e+00
2.5484e+00
2.4855e+00
2.4058e+00
2.3449e+00
2.2693e+00
2.1958e+00
2.1306e+00
2.0633e+00
2.0002e+00
1.9391e+00
1.8738e+00
1.8148e+00
1.7600e+00
1.6904e+00
1.6440e+00
1.5954e+00
1.5532e+00
1.5194e+00
1.4919e+00
1.4687e+00
1.4454e+00
1.4391e+00
1.4370e+00
1.4687e+00
1.4983e+00
1.5532e+00
1.6102e+00
1.7031e+00
1.7917e+00
1.9076e+00
2.0255e+00
2.1811e+00
2.3323e+00
2.5086e+00
2.6971e+00
2.9147e+00
3.1423e+00
3.3883e+00
3.6255e+00
3.8809e+00
4.1296e+00
4.3881e+00
4.6214e+00
4.8749e+00
5.0949e+00
5.3392e+00
5.5749e+00
5.8142e+00
6.0653e+00
6.2874e+00
6.5091e+00
6.7305e+00
6.9312e+00
7.1275e+00
7.3134e+00
7.4931e+00
7.6523e+00
7.8153e+00
7.9741e+00
8.1207e+00
8.2491e+00
8.3553e+00
8.4614e+00
8.5554e+00
8.6434e+00
8.7133e+00
8.7673e+00
8.7972e+00
8.8271e+00
8.8251e+00
8.8511e+00
8.8331e+00
8.8172e+00
8.7812e+00
8.7593e+00
8.7093e+00
8.6554e+00
8.5994e+00
8.5334e+00
8.4554e+00
8.3753e+00
8.2872e+00
8.1869e+00
8.0926e+00
7.9942e+00
7.8938e+00
7.7831e+00
7.6543e+00
7.5596e+00
7.4366e+00
7.3114e+00
7.1720e+00
7.0385e+00
6.9089e+00
6.7710e+00
6.6330e+00
6.5051e+00
6.3688e+00
6.2508e+00
6.1326e+00
6.0429e+00
5.9327e+00
5.8571e+00
5.7999e+00
5.7713e+00
5.7917e+00
5.8162e+00
5.9122e+00
6.0082e+00
6.2141e+00
6.4034e+00
6.7142e+00
6.9960e+00
7.4124e+00
7.7932e+00
8.3092e+00
8.7872e+00
9.4105e+00
9.9872e+00
1.0683e+01
1.1336e+01
1.2085e+01
1.2839e+01
1.3672e+01
1.4496e+01
1.5331e+01
1.6261e+01
1.7145e+01
1.8252e+01
1.9163e+01
2.0346e+01
2.1239e+01
2.2435e+01
2.3398e+01
2.4546e+01
2.5451e+01
2.6556e+01
2.7424e+01
2.8469e+01
2.9245e+01
3.0181e+01
3.0991e+01
3.1922e+01
3.2800e+01
3.3626e+01
3.4301e+01
3.4940e+01
3.5554e+01
3.6094e+01
3.6661e+01
3.7104e+01
3.7616e+01
3.7977e+01
3.8422e+01
3.8749e+01
3.9121e+01
3.9436e+01
3.9761e+01
4.0014e+01
4.0342e+01
4.0525e+01
4.0778e+01
4.0845e+01
4.0956e+01
4.0911e+01
4.0945e+01
4.0856e+01
4.0836e+01
4.0681e+01
4.0610e+01
4.0476e+01
4.0407e+01
4.0207e+01
4.0022e+01
3.9735e+01
3.9516e+01
3.9192e+01
3.8945e+01
3.8602e+01
3.8336e+01
3.7992e+01
3.7745e+01
3.7442e+01
3.7192e+01
3.6884e+01
3.6584e+01
3.6257e+01
3.5927e+01
3.5585e+01
3.5263e+01
3.4909e+01
3.4567e+01
3.4240e+01
3.3926e+01
3.3599e+01
3.3288e+01
3.2978e+01
3.2668e+01
3.2351e+01
3.2019e+01
3.1721e+01
3.1415e+01
3.1120e+01
3.0830e+01
3.0552e+01
3.0246e+01
2.9963e+01
2.9713e+01
2.9453e+01
2.9176e+01
2.8921e+01
2.8667e+01
2.8421e+01
2.8180e+01
2.7941e+01
2.7699e+01
2.7463e+01
2.7237e+01
2.7003e+01
2.6788e+01
2.6568e+01
2.6367e+01
2.6163e+01
2.5969e+01
2.5773e+01
2.5584e+01
2.5394e+01
2.5209e+01
2.5029e+01
2.4865e+01
2.4682e+01
2.4530e+01
2.4349e+01
2.4187e+01
2.4050e+01
2.3868e+01
2.3732e+01
2.3568e+01
2.3431e+01
2.3284e+01
2.3142e+01
2.3012e+01
2.2886e+01
2.2761e+01
2.2642e+01
2.2546e+01
2.2446e+01
2.2355e+01
2.2281e+01
2.2194e+01
2.2156e+01
2.2088e+01
2.2074e+01
2.2036e+01
2.2038e+01
2.2034e+01
2.2022e+01
2.2050e+01
2.2059e+01
2.2126e+01
2.2133e+01
2.2177e+01
2.2203e+01
2.2242e+01
2.2297e+01
2.2337e+01
2.2390e+01
2.2439e+01
2.2499e+01
2.2551e+01
2.2635e+01
2.2694e+01
2.2769e+01
2.2847e+01
2.2925e+01
2.2991e+01
2.3071e+01
2.3121e+01
2.3181e+01
2.3229e+01
2.3281e+01
2.3343e+01
2.3364e+01
2.3405e+01
2.3433e+01
2.3493e+01
2.3513e+01
2.3548e+01
2.3550e+01
2.3564e+01
2.3562e+01
2.3530e+01
2.3495e+01
2.3458e+01
2.3426e+01
2.3360e+01
2.3311e+01
2.3245e+01
2.3176e+01
2.3098e+01
2.3027e+01
2.2934e+01
2.2836e+01
2.2751e+01
2.2644e+01
2.2547e+01
2.2433e+01
2.2331e+01
2.2237e+01
2.2115e+01
2.2002e+01
2.1875e+01
2.1769e+01
2.1639e+01
2.1533e+01
2.1394e+01
2.1274e+01
2.1149e+01
2.1019e+01
2.0892e+01
2.0751e+01
2.0635e+01
2.0481e+01
2.0374e+01
2.0241e+01
2.0115e+01
1.9990e+01
1.9862e+01
1.9743e+01
1.9613e+01
1.9515e+01
1.9392e+01
1.9308e+01
1.9210e+01
1.9135e+01
1.9047e+01
1.8988e+01
1.8937e+01
1.8887e+01
1.8861e+01
1.8828e+01
1.8808e+01
1.8793e+01
1.8806e+01
1.8824e+01
1.8852e+01
1.8894e+01
1.8942e+01
1.8994e+01
1.9051e+01
1.9115e+01
1.9163e+01
1.9212e+01
1.9265e+01
1.9315e+01
1.9361e+01
1.9403e+01
1.9441e+01
1.9476e+01
1.9513e+01
1.9542e+01
1.9548e+01
1.9584e+01
1.9584e+01
1.9593e+01
1.9577e+01
1.9586e+01
1.9560e+01
1.9564e+01
1.9537e+01
1.9524e+01
1.9483e+01
1.9467e+01
1.9430e+01
1.9399e+01
1.9372e+01
1.9311e+01
1.9286e+01
1.9223e+01
1.9163e+01
1.9104e+01
1.9051e+01
1.8970e+01
1.8896e+01
1.8806e+01
1.8725e+01
1.8640e+01
1.8565e+01
1.8446e+01
1.8349e+01
1.8252e+01
1.8127e+01
1.8017e+01
1.7891e+01
1.7782e+01
1.7665e+01
1.7548e+01
1.7421e+01
1.7309e+01
1.7192e+01
1.7065e+01
1.6955e+01
1.6831e+01
1.6715e+01
1.6603e+01
1.6481e+01
1.6372e+01
1.6255e+01
1.6144e+01
1.6035e+01
1.5928e+01
1.5803e+01
1.5705e+01
1.5586e+01
1.5469e+01
1.5361e+01
1.5251e+01
1.5151e+01
1.5042e+01
1.4947e+01
1.4849e+01
1.4755e+01
1.4656e+01
1.4563e+01
1.4477e+01
1.4378e+01
1.4294e+01
1.4216e+01
1.4126e+01
1.4038e+01
1.3963e+01
1.3886e+01
1.3798e+01
1.3721e+01
1.3645e+01
1.3560e+01
1.3493e+01
1.3408e+01
1.3333e+01
1.3252e+01
1.3173e+01
1.3094e+01
1.3013e+01
1.2942e+01
1.2866e+01
1.2801e+01
1.2721e+01
1.2665e+01
1.2598e+01
1.2516e+01
1.2454e+01
1.2377e+01
1.2322e+01
1.2243e+01
1.2186e+01
1.2107e+01
1.2050e+01
1.1972e+01
1.1918e+01
1.1852e+01
1.1793e+01
1.1729e+01
1.1667e+01
1.1606e+01
1.1538e+01
1.1471e+01
1.1403e+01
1.1336e+01
1.1278e+01
1.1221e+01
1.1145e+01
1.1096e+01
1.1029e+01
1.0982e+01
1.0917e+01
1.0870e+01
1.0813e+01
1.0752e+01
1.0697e+01
1.0644e+01
1.0593e+01
1.0538e+01
1.0490e+01
1.0435e+01
1.0378e+01
1.0325e+01
1.0274e+01
1.0218e+01
1.0169e+01
1.0116e+01
1.0049e+01
9.9951e+00
9.9318e+00
9.8784e+00
9.8131e+00
9.7517e+00
9.6883e+00
9.6447e+00
9.5872e+00
9.5257e+00
9.4542e+00
9.3906e+00
9.3270e+00
9.2674e+00
9.2097e+00
9.1520e+00
9.0923e+00
9.0365e+00
8.9787e+00
8.9249e+00
8.8650e+00
8.8072e+00
8.7593e+00
8.6974e+00
8.6474e+00
8.5954e+00
8.5414e+00
8.4854e+00
8.4214e+00
8.3733e+00
8.3212e+00
8.2671e+00
8.2170e+00
8.1749e+00
8.1287e+00
8.0846e+00
8.0404e+00
8.0023e+00
7.9540e+00
7.9179e+00
7.8736e+00
7.8334e+00
7.7932e+00
7.7590e+00
7.6986e+00
7.6543e+00
7.6120e+00
7.5636e+00
7.5233e+00
7.4789e+00
7.4325e+00
7.3841e+00
7.3316e+00
7.2811e+00
7.2225e+00
7.1619e+00
7.1113e+00
7.0709e+00
7.0203e+00
6.9757e+00
6.9129e+00
6.8765e+00
6.8278e+00
6.7913e+00
6.7447e+00
6.7284e+00
6.7041e+00
6.6919e+00
6.6797e+00
6.6980e+00
6.7183e+00
6.7568e+00
6.8035e+00
6.8906e+00
6.9757e+00
7.1133e+00
7.2367e+00
7.4204e+00
7.5939e+00
7.8334e+00
8.0766e+00
8.3713e+00
8.6574e+00
9.0006e+00
9.3390e+00
9.7141e+00
1.0082e+01
1.0492e+01
1.0927e+01
1.1389e+01
1.1873e+01
1.2346e+01
1.2826e+01
1.3254e+01
1.3693e+01
1.4066e+01
1.4462e+01
1.4776e+01
1.5124e+01
1.5404e+01
1.5698e+01
1.5943e+01
1.6206e+01
1.6428e+01
1.6674e+01
1.6859e+01
1.7048e+01
1.7209e+01
1.7356e+01
1.7473e+01
1.7609e+01
1.7689e+01
1.7782e+01
1.7847e+01
1.7926e+01
1.7969e+01
1.8032e+01
1.8051e+01
1.8110e+01
1.8121e+01
1.8143e+01
1.8145e+01
1.8152e+01
1.8115e+01
1.8073e+01
1.8010e+01
1.7936e+01
1.7850e+01
1.7748e+01
1.7642e+01
1.7533e+01
1.7417e+01
1.7304e+01
1.7166e+01
1.7035e+01
1.6893e+01
1.6756e+01
1.6614e+01
1.6479e+01
1.6329e+01
1.6178e+01
1.6039e+01
1.5899e+01
1.5756e+01
1.5592e+01
1.5437e+01
1.5287e+01
1.5130e+01
1.4987e+01
1.4837e+01
1.4689e+01
1.4538e+01
1.4388e+01
1.4237e+01
1.4082e+01
1.3932e+01
1.3785e+01
1.3650e+01
1.3503e+01
1.3377e+01
1.3241e+01
1.3108e+01
1.2984e+01
1.2857e+01
1.2721e+01
1.2596e+01
1.2470e+01
1.2346e+01
1.2231e+01
1.2128e+01
1.2013e+01
1.1895e+01
1.1797e+01
1.1696e+01
1.1606e+01
1.1505e+01
1.1397e+01
1.1313e+01
1.1229e+01
1.1148e+01
1.1082e+01
1.1011e+01
1.0943e+01
1.0886e+01
1.0823e+01
1.0760e+01
1.0711e+01
1.0658e+01
1.0609e+01
1.0575e+01
1.0522e+01
1.0485e+01
1.0441e+01
1.0414e+01
1.0370e+01
1.0327e+01
1.0297e+01
1.0256e+01
1.0222e+01
1.0171e+01
1.0110e+01
1.0070e+01
1.0009e+01
9.9536e+00
9.8923e+00
9.8408e+00
9.7874e+00
9.7339e+00
9.6724e+00
9.6209e+00
9.5495e+00
9.4959e+00
9.4304e+00
9.3787e+00
9.3092e+00
9.2634e+00
9.2037e+00
9.1500e+00
9.0783e+00
9.0325e+00
8.9608e+00
8.9109e+00
8.8451e+00
8.8012e+00
8.7333e+00
8.6874e+00
8.6174e+00
8.5634e+00
8.4974e+00
8.4434e+00
8.3933e+00
8.3333e+00
8.2972e+00
8.2571e+00
8.2110e+00
8.1889e+00
8.1629e+00
8.1649e+00
8.1749e+00
8.2050e+00
8.2250e+00
8.2952e+00
8.3573e+00
8.4834e+00
8.5994e+00
8.7473e+00
8.8870e+00
9.0963e+00
9.2674e+00
9.4979e+00
9.6823e+00
9.9220e+00
1.0118e+01
1.0356e+01
1.0569e+01
1.0813e+01
1.1025e+01
1.1262e+01
1.1471e+01
1.1698e+01
1.1897e+01
1.2089e+01
1.2295e+01
1.2462e+01
1.2654e+01
1.2805e+01
1.2973e+01
1.3114e+01
1.3262e+01
1.3389e+01
1.3518e+01
1.3635e+01
1.3748e+01
1.3854e+01
1.3965e+01
1.4049e+01
1.4128e+01
1.4208e+01
1.4282e+01
1.4367e+01
1.4429e+01
1.4494e+01
1.4557e+01
1.4609e+01
1.4649e+01
1.4673e+01
1.4693e+01
1.4717e+01
1.4717e+01
1.4727e+01
1.4729e+01
1.4713e+01
1.4710e+01
1.4673e+01
1.4630e+01
1.4576e+01
1.4515e+01
1.4452e+01
1.4376e+01
1.4302e+01
1.4204e+01
1.4118e+01
1.4017e+01
1.3913e+01
1.3798e+01
1.3695e+01
1.3576e+01
1.3468e+01
1.3352e+01
1.3247e+01
1.3133e+01
1.3017e+01
1.2913e+01
1.2787e+01
1.2683e+01
1.2576e+01
1.2452e+01
1.2338e+01
1.2231e+01
1.2105e+01
1.1986e+01
1.1881e+01
1.1766e+01
1.1653e+01
1.1538e+01
1.1407e+01
1.1299e+01
1.1170e+01
1.1049e+01
1.0927e+01
1.0815e+01
1.0695e+01
1.0579e+01
1.0457e+01
1.0343e+01
1.0224e+01
1.0124e+01
9.9971e+00
9.9041e+00
9.8032e+00
9.6982e+00
9.5852e+00
9.4860e+00
9.3906e+00
9.3131e+00
9.1938e+00
9.1062e+00
9.0066e+00
8.9129e+00
8.8132e+00
8.7293e+00
8.6354e+00
8.5574e+00
8.4754e+00
8.3893e+00
8.2992e+00
8.2210e+00
8.1267e+00
8.0505e+00
7.9621e+00
7.8837e+00
7.8012e+00
7.7328e+00
7.6583e+00
7.5878e+00
7.5072e+00
7.4446e+00
7.3680e+00
7.3094e+00
7.2427e+00
7.1760e+00
7.0891e+00
7.0365e+00
6.9737e+00
6.9069e+00
6.8420e+00
6.7771e+00
6.7061e+00
6.6412e+00
6.5721e+00
6.5030e+00
6.4319e+00
6.3668e+00
6.2915e+00
6.2263e+00
6.1550e+00
6.0938e+00
6.0306e+00
5.9674e+00
5.8980e+00
5.8387e+00
5.7835e+00
5.7202e+00
5.6547e+00
5.5974e+00
5.5319e+00
5.4868e+00
5.4151e+00
5.3679e+00
5.3085e+00
5.2510e+00
5.2058e+00
5.1524e+00
5.1052e+00
5.0518e+00
5.0045e+00
4.9469e+00
4.8996e+00
4.8481e+00
4.7884e+00
4.7369e+00
4.6998e+00
4.6544e+00
4.6214e+00
4.5987e+00
4.5409e+00
4.5120e+00
4.4625e+00
4.4398e+00
4.4088e+00
4.3654e+00
4.3323e+00
4.2889e+00
4.2579e+00
4.2248e+00
4.1979e+00
4.1544e+00
4.1316e+00
4.0944e+00
4.0716e+00
4.0426e+00
4.0301e+00
3.9866e+00
3.9597e+00
3.9224e+00
3.9120e+00
3.8954e+00
3.8809e+00
3.8663e+00
3.8539e+00
3.8539e+00
3.8705e+00
3.8705e+00
3.8975e+00
3.9182e+00
3.9555e+00
3.9928e+00
4.0509e+00
4.1006e+00
4.1627e+00
4.2041e+00
4.2703e+00
4.3220e+00
4.3757e+00
4.4418e+00
4.4811e+00
4.5533e+00
4.6008e+00
4.6462e+00
4.6791e+00
4.7430e+00
4.7966e+00
4.8625e+00
4.9242e+00
4.9798e+00
5.0456e+00
5.1093e+00
5.1853e+00
5.2531e+00
5.3433e+00
5.4294e+00
5.5114e+00
5.6199e+00
5.7202e+00
5.8019e+00
5.8877e+00
5.9735e+00
6.0612e+00
6.1469e+00
6.2100e+00
6.2915e+00
6.3505e+00
6.4298e+00
6.4583e+00
6.5355e+00
6.5741e+00
6.6371e+00
6.6818e+00
6.7325e+00
6.7467e+00
6.7792e+00
6.7913e+00
6.7913e+00
6.7893e+00
6.7812e+00
6.7710e+00
6.7609e+00
6.7345e+00
6.7081e+00
6.6736e+00
6.6493e+00
6.6087e+00
6.5681e+00
6.5254e+00
6.4583e+00
6.4115e+00
6.3505e+00
6.2935e+00
6.2365e+00
6.1937e+00
6.1346e+00
6.0938e+00
6.0449e+00
6.0000e+00
5.9633e+00
5.9347e+00
5.8980e+00
5.8714e+00
5.8408e+00
5.8203e+00
5.7856e+00
5.7713e+00
5.7467e+00
5.7386e+00
5.7099e+00
5.6915e+00
5.6690e+00
5.6588e+00
5.6281e+00
5.6035e+00
5.5728e+00
5.5503e+00
5.5216e+00
5.4930e+00
5.4684e+00
5.4417e+00
5.4172e+00
5.3925e+00
5.3720e+00
5.3474e+00
5.3310e+00
5.3228e+00
5.3167e+00
5.3249e+00
5.3208e+00
5.3249e+00
5.3351e+00
5.3433e+00
5.3679e+00
5.3720e+00
5.3782e+00
5.4008e+00
5.4151e+00
5.4458e+00
5.4643e+00
5.4807e+00
5.4991e+00
5.5257e+00
5.5360e+00
5.5483e+00
5.5626e+00
5.5667e+00
5.5728e+00
5.5769e+00
5.5933e+00
5.5933e+00
5.5831e+00
5.5851e+00
5.5687e+00
5.5769e+00
5.5544e+00
5.5606e+00
5.5339e+00
5.5237e+00
5.4930e+00
5.4725e+00
5.4540e+00
5.4335e+00
5.3987e+00
5.3761e+00
5.3556e+00
5.3392e+00
5.3187e+00
5.2879e+00
5.2715e+00
5.2531e+00
5.2346e+00
5.2448e+00
5.2325e+00
5.2325e+00
5.2428e+00
5.2633e+00
5.2818e+00
5.3126e+00
5.3556e+00
5.4151e+00
5.4909e+00
5.6097e+00
5.7529e+00
5.9204e+00
6.1081e+00
6.3342e+00
6.5904e+00
6.8765e+00
7.1861e+00
7.5334e+00
7.9018e+00
8.3333e+00
8.7593e+00
9.2475e+00
9.7299e+00
1.0289e+01
1.0844e+01
1.1458e+01
1.2062e+01
1.2760e+01
1.3460e+01
1.4212e+01
1.5004e+01
1.5820e+01
1.6721e+01
1.7615e+01
1.8649e+01
1.9783e+01
2.0887e+01
2.1752e+01
2.2737e+01
2.3488e+01
2.4363e+01
2.5006e+01
2.5773e+01
2.6350e+01
2.7067e+01
2.7607e+01
2.8246e+01
2.8749e+01
2.9267e+01
2.9777e+01
3.0253e+01
3.0668e+01
3.1009e+01
3.1347e+01
3.1640e+01
3.1970e+01
3.2235e+01
3.2499e+01
3.2674e+01
3.2862e+01
3.2991e+01
3.3110e+01
3.3171e+01
3.3233e+01
3.3241e+01
3.3257e+01
3.3205e+01
3.3176e+01
3.3066e+01
3.3027e+01
3.2890e+01
3.2805e+01
3.2641e+01
3.2542e+01
3.2346e+01
3.2210e+01
3.2009e+01
3.1841e+01
3.1642e+01
3.1470e+01
3.1270e+01
3.1095e+01
3.0911e+01
3.0758e+01
3.0525e+01
3.0336e+01
3.0106e+01
2.9899e+01
2.9668e+01
2.9456e+01
2.9227e+01
2.9011e+01
2.8771e+01
2.8557e+01
2.8347e+01
2.8139e+01
2.7945e+01
2.7728e+01
2.7535e+01
2.7350e+01
2.7151e+01
2.6941e+01
2.6769e+01
2.6573e+01
2.6393e+01
2.6201e+01
2.6018e+01
2.5834e+01
2.5658e+01
2.5484e+01
2.5333e+01
2.5158e+01
2.5005e+01
2.4833e+01
2.4668e+01
2.4518e+01
2.4366e+01
2.4199e+01
2.4032e+01
2.3868e+01
2.3720e+01
2.3541e+01
2.3398e+01
2.3227e+01
2.3073e+01
2.2911e+01
2.2756e+01
2.2576e+01
2.2435e+01
2.2262e+01
2.2115e+01
2.1955e+01
2.1808e+01
2.1639e+01
2.1501e+01
2.1333e+01
2.1200e+01
2.1046e+01
2.0900e+01
2.0744e+01
2.0610e+01
2.0466e+01
2.0328e+01
2.0183e+01
2.0059e+01
1.9924e+01
1.9794e+01
1.9652e+01
1.9529e+01
1.9383e+01
1.9267e+01
1.9142e+01
1.9023e+01
1.8885e+01
1.8765e+01
1.8635e+01
1.8513e+01
1.8385e+01
1.8264e+01
1.8147e+01
1.8036e+01
1.7915e+01
1.7819e+01
1.7706e+01
1.7615e+01
1.7508e+01
1.7423e+01
1.7333e+01
1.7259e+01
1.7192e+01
1.7128e+01
1.7076e+01
1.7044e+01
1.7026e+01
1.7020e+01
1.7014e+01
1.7044e+01
1.7069e+01
1.7123e+01
1.7177e+01
1.7242e+01
1.7330e+01
1.7419e+01
1.7527e+01
1.7629e+01
1.7756e+01
1.7875e+01
1.8021e+01
1.8149e+01
1.8315e+01
1.8458e+01
1.8633e+01
1.8775e+01
1.8931e+01
1.9089e+01
1.9231e+01
1.9388e+01
1.9533e+01
1.9677e+01
1.9805e+01
1.9938e+01
2.0039e+01
2.0163e+01
2.0265e+01
2.0365e+01
2.0450e+01
2.0539e+01
2.0590e+01
2.0664e+01
2.0688e+01
2.0720e+01
2.0747e+01
2.0773e+01
2.0771e+01
2.0751e+01
2.0735e+01
2.0711e+01
2.0691e+01
2.0637e+01
2.0592e+01
2.0553e+01
2.0494e+01
2.0432e+01
2.0365e+01
2.0312e+01
2.0205e+01
2.0132e+01
2.0026e+01
1.9929e+01
1.9818e+01
1.9712e+01
1.9593e+01
1.9469e+01
1.9346e+01
1.9216e+01
1.9100e+01
1.8972e+01
1.8859e+01
1.8730e+01
1.8609e+01
1.8485e+01
1.8361e+01
1.8239e+01
1.8123e+01
1.8008e+01
1.7886e+01
1.7782e+01
1.7668e+01
1.7557e+01
1.7440e+01
1.7320e+01
1.7207e+01
1.7097e+01
1.6990e+01
1.6884e+01
1.6762e+01
1.6663e+01
1.6559e+01
1.6439e+01
1.6347e+01
1.6235e+01
1.6144e+01
1.6052e+01
1.5954e+01
1.5877e+01
1.5773e+01
1.5694e+01
1.5613e+01
1.5531e+01
1.5450e+01
1.5376e+01
1.5314e+01
1.5226e+01
1.5164e+01
1.5092e+01
1.5033e+01
1.4968e+01
1.4898e+01
1.4820e+01
1.4765e+01
1.4693e+01
1.4616e+01
1.4540e+01
1.4479e+01
1.4412e+01
1.4342e+01
1.4281e+01
1.4210e+01
1.4147e+01
1.4093e+01
1.4019e+01
1.3948e+01
1.3877e+01
1.3804e+01
1.3727e+01
1.3672e+01
1.3597e+01
1.3549e+01
1.3479e+01
1.3408e+01
1.3331e+01
1.3266e+01
1.3187e+01
1.3121e+01
1.3046e+01
1.2979e+01
1.2899e+01
1.2832e+01
1.2758e+01
1.2696e+01
1.2615e+01
1.2543e+01
1.2468e+01
1.2394e+01
1.2320e+01
1.2243e+01
1.2163e+01
1.2103e+01
1.2029e+01
1.1947e+01
1.1879e+01
1.1799e+01
1.1727e+01
1.1641e+01
1.1575e+01
1.1483e+01
1.1415e+01
1.1327e+01
1.1266e+01
1.1188e+01
1.1123e+01
1.1054e+01
1.0998e+01
1.0941e+01
1.0899e+01
1.0852e+01
1.0833e+01
1.0823e+01
1.0829e+01
1.0842e+01
1.0872e+01
1.0921e+01
1.0972e+01
1.1049e+01
1.1119e+01
1.1223e+01
1.1331e+01
1.1452e+01
1.1555e+01
1.1684e+01
1.1811e+01
1.1957e+01
1.2087e+01
1.2231e+01
1.2359e+01
1.2507e+01
1.2636e+01
1.2778e+01
1.2903e+01
1.3031e+01
1.3135e+01
1.3237e+01
1.3324e+01
1.3416e+01
1.3493e+01
1.3554e+01
1.3627e+01
1.3673e+01
1.3725e+01
1.3766e+01
1.3794e+01
1.3814e+01
1.3815e+01
1.3831e+01
1.3823e+01
1.3821e+01
1.3802e+01
1.3773e+01
1.3743e+01
1.3720e+01
1.3683e+01
1.3647e+01
1.3593e+01
1.3529e+01
1.3472e+01
1.3416e+01
1.3335e+01
1.3262e+01
1.3173e+01
1.3090e+01
1.3002e+01
1.2909e+01
1.2799e+01
1.2698e+01
1.2576e+01
1.2476e+01
1.2353e+01
1.2243e+01
1.2122e+01
1.2017e+01
1.1891e+01
1.1776e+01
1.1667e+01
1.1559e+01
1.1442e+01
1.1323e+01
1.1197e+01
1.1084e+01
1.0984e+01
1.0866e+01
1.0758e+01
1.0650e+01
1.0548e+01
1.0439e+01
1.0341e+01
1.0236e+01
1.0139e+01
1.0047e+01
9.9338e+00
9.8250e+00
9.7398e+00
9.6387e+00
9.5495e+00
9.4621e+00
9.3688e+00
9.2714e+00
9.1918e+00
9.1082e+00
9.0405e+00
8.9568e+00
8.8810e+00
8.7992e+00
8.7333e+00
8.6574e+00
8.5794e+00
8.5254e+00
8.4674e+00
8.4054e+00
8.3433e+00
8.2832e+00
8.2371e+00
8.1829e+00
8.1147e+00
8.0505e+00
7.9902e+00
7.9319e+00
7.8757e+00
7.8153e+00
7.7509e+00
7.6986e+00
7.6422e+00
7.5797e+00
7.5173e+00
7.4527e+00
7.3982e+00
7.3336e+00
7.2751e+00
7.2104e+00
7.1477e+00
7.0769e+00
7.0203e+00
6.9615e+00
6.9048e+00
6.8420e+00
6.7893e+00
6.7203e+00
6.6676e+00
6.5965e+00
6.5437e+00
6.4644e+00
6.4156e+00
6.3403e+00
6.2711e+00
6.2039e+00
6.1346e+00
6.0694e+00
6.0102e+00
5.9449e+00
5.8918e+00
5.8162e+00
5.7631e+00
5.6936e+00
5.6404e+00
5.5647e+00
5.5216e+00
5.4479e+00
5.3925e+00
5.3269e+00
5.2674e+00
5.1976e+00
5.1401e+00
5.0867e+00
5.0271e+00
4.9757e+00
4.9160e+00
4.8481e+00
4.7863e+00
4.7327e+00
4.6647e+00
4.5925e+00
4.5409e+00
4.4790e+00
4.4212e+00
4.3633e+00
4.3096e+00
4.2393e+00
4.1855e+00
4.1151e+00
4.0612e+00
4.0094e+00
3.9618e+00
3.9058e+00
3.8560e+00
3.7979e+00
3.7522e+00
3.7003e+00
3.6317e+00
3.5735e+00
3.5111e+00
3.4591e+00
3.4153e+00
3.3445e+00
3.2966e+00
3.2424e+00
3.1840e+00
3.1444e+00
3.0776e+00
3.0442e+00
2.9774e+00
2.9502e+00
2.8854e+00
2.8290e+00
2.7830e+00
2.7327e+00
2.6930e+00
2.6239e+00
2.5882e+00
2.5316e+00
2.4918e+00
2.4373e+00
2.3827e+00
2.3365e+00
2.2778e+00
2.2189e+00
2.1685e+00
2.1096e+00
2.0549e+00
1.9981e+00
1.9497e+00
1.8907e+00
1.8338e+00
1.7664e+00
1.7115e+00
1.6567e+00
1.5891e+00
1.5490e+00
1.5025e+00
1.4475e+00
1.3947e+00
1.3355e+00
1.2826e+00
1.2254e+00
1.1788e+00
1.1110e+00
1.0707e+00
9.9440e-01
9.5409e-01
8.8617e-01
8.3733e-01
7.7360e-01
7.2259e-01
6.7157e-01
6.2265e-01
5.6307e-01
5.1624e-01
4.6088e-01
4.1614e-01
3.7778e-01
3.2236e-01
2.8184e-01
2.1784e-01
1.8583e-01
1.2818e-01
8.9742e-02
5.1288e-02
0000
