5.9835e+00
6.1500e+00
6.2981e+00
6.4370e+00
6.5668e+00
6.7085e+00
6.8380e+00
6.9975e+00
7.1238e+00
7.2650e+00
7.3580e+00
7.4840e+00
7.5680e+00
7.6728e+00
7.7447e+00
7.8315e+00
7.8913e+00
7.9511e+00
8.0198e+00
8.0945e+00
8.1513e+00
8.1990e+00
8.2378e+00
8.2587e+00
8.2766e+00
8.2826e+00
8.2826e+00
8.2677e+00
8.2498e+00
8.2438e+00
8.2140e+00
8.1811e+00
8.1483e+00
8.1035e+00
8.0497e+00
7.9930e+00
7.9451e+00
7.8704e+00
7.8045e+00
7.7327e+00
7.6608e+00
7.5830e+00
7.5080e+00
7.4301e+00
7.3460e+00
7.2650e+00
7.1839e+00
7.1118e+00
7.0186e+00
6.9313e+00
6.8500e+00
6.7838e+00
6.6964e+00
6.6241e+00
6.5396e+00
6.4642e+00
6.3857e+00
6.3283e+00
6.2648e+00
6.2014e+00
6.1590e+00
6.1197e+00
6.0834e+00
6.0774e+00
6.0683e+00
6.0985e+00
6.1227e+00
6.1862e+00
6.2497e+00
6.3615e+00
6.4642e+00
6.6211e+00
6.7898e+00
6.9975e+00
7.2079e+00
7.4750e+00
7.7537e+00
8.0945e+00
8.4376e+00
8.8156e+00
9.1957e+00
9.5719e+00
9.9619e+00
1.0324e+01
1.0710e+01
1.1085e+01
1.1474e+01
1.1853e+01
1.2197e+01
1.2577e+01
1.2940e+01
1.3246e+01
1.3598e+01
1.3877e+01
1.4213e+01
1.4497e+01
1.4803e+01
1.5049e+01
1.5320e+01
1.5562e+01
1.5803e+01
1.5999e+01
1.6206e+01
1.6356e+01
1.6509e+01
1.6616e+01
1.6743e+01
1.6831e+01
1.6932e+01
1.7003e+01
1.7081e+01
1.7132e+01
1.7202e+01
1.7236e+01
1.7321e+01
1.7343e+01
1.7391e+01
1.7385e+01
1.7354e+01
1.7304e+01
1.7242e+01
1.7166e+01
1.7076e+01
1.6983e+01
1.6881e+01
1.6785e+01
1.6667e+01
1.6554e+01
1.6427e+01
1.6314e+01
1.6186e+01
1.6047e+01
1.5917e+01
1.5783e+01
1.5650e+01
1.5511e+01
1.5365e+01
1.5229e+01
1.5080e+01
1.4938e+01
1.4795e+01
1.4652e+01
1.4506e+01
1.4360e+01
1.4216e+01
1.4087e+01
1.3963e+01
1.3831e+01
1.3693e+01
1.3572e+01
1.3451e+01
1.3324e+01
1.3211e+01
1.3096e+01
1.2986e+01
1.2876e+01
1.2769e+01
1.2673e+01
1.2566e+01
1.2470e+01
1.2377e+01
1.2284e+01
1.2191e+01
1.2095e+01
1.2002e+01
1.1900e+01
1.1815e+01
1.1713e+01
1.1620e+01
1.1535e+01
1.1459e+01
1.1366e+01
1.1304e+01
1.1217e+01
1.1158e+01
1.1094e+01
1.1038e+01
1.0979e+01
1.0930e+01
1.0874e+01
1.0818e+01
1.0759e+01
1.0718e+01
1.0671e+01
1.0633e+01
1.0574e+01
1.0536e+01
1.0498e+01
1.0454e+01
1.0404e+01
1.0360e+01
1.0313e+01
1.0263e+01
1.0227e+01
1.0186e+01
1.0139e+01
1.0089e+01
1.0059e+01
1.0021e+01
9.9855e+00
9.9471e+00
9.9117e+00
9.8704e+00
9.8438e+00
9.7965e+00
9.7699e+00
9.7286e+00
9.7049e+00
9.6606e+00
9.6369e+00
9.6014e+00
9.5689e+00
9.5275e+00
9.4979e+00
9.4564e+00
9.4387e+00
9.4031e+00
9.3824e+00
9.3409e+00
9.3202e+00
9.2817e+00
9.2402e+00
9.1927e+00
9.1482e+00
9.1008e+00
9.0533e+00
8.9880e+00
8.9315e+00
8.8602e+00
8.7859e+00
8.7086e+00
8.6342e+00
8.5538e+00
8.4823e+00
8.3959e+00
8.3184e+00
8.2438e+00
8.1632e+00
8.0796e+00
8.0258e+00
7.9541e+00
7.8763e+00
7.7956e+00
7.7207e+00
7.6399e+00
7.5650e+00
7.4780e+00
7.4061e+00
7.3310e+00
7.2440e+00
7.1568e+00
7.0727e+00
6.9975e+00
6.9223e+00
6.8350e+00
6.7597e+00
6.6813e+00
6.6180e+00
6.5366e+00
6.4793e+00
6.4129e+00
6.3585e+00
6.2830e+00
6.2255e+00
6.1651e+00
6.1197e+00
6.0622e+00
6.0077e+00
5.9502e+00
5.9048e+00
5.8442e+00
5.7987e+00
5.7441e+00
5.6987e+00
5.6441e+00
5.5925e+00
5.5409e+00
5.5014e+00
5.4437e+00
5.3950e+00
5.3464e+00
5.3008e+00
5.2430e+00
5.2095e+00
5.1548e+00
5.1121e+00
5.0634e+00
5.0238e+00
4.9842e+00
4.9415e+00
4.8928e+00
4.8501e+00
4.8165e+00
4.7677e+00
4.7311e+00
4.6884e+00
4.6426e+00
4.5967e+00
4.5631e+00
4.5234e+00
4.4745e+00
4.4409e+00
4.4072e+00
4.3767e+00
4.3369e+00
4.3032e+00
4.2787e+00
4.2389e+00
4.2175e+00
4.1961e+00
4.1685e+00
4.1654e+00
4.1562e+00
4.1593e+00
4.1685e+00
4.2022e+00
4.2359e+00
4.2910e+00
4.3430e+00
4.4164e+00
4.5142e+00
4.6181e+00
4.7525e+00
4.8989e+00
5.0969e+00
5.3038e+00
5.5803e+00
5.8684e+00
6.2769e+00
6.7024e+00
7.1989e+00
7.6878e+00
8.2319e+00
8.7294e+00
9.2906e+00
9.8024e+00
1.0413e+01
1.0982e+01
1.1635e+01
1.2232e+01
1.2882e+01
1.3477e+01
1.4142e+01
1.4789e+01
1.5445e+01
1.6110e+01
1.6769e+01
1.7413e+01
1.8083e+01
1.8736e+01
1.9400e+01
1.9951e+01
2.0527e+01
2.1043e+01
2.1574e+01
2.2016e+01
2.2481e+01
2.2880e+01
2.3310e+01
2.3696e+01
2.4110e+01
2.4482e+01
2.4862e+01
2.5199e+01
2.5534e+01
2.5821e+01
2.6099e+01
2.6290e+01
2.6536e+01
2.6710e+01
2.6916e+01
2.7031e+01
2.7194e+01
2.7357e+01
2.7604e+01
2.7719e+01
2.7845e+01
2.7835e+01
2.7824e+01
2.7761e+01
2.7740e+01
2.7659e+01
2.7578e+01
2.7457e+01
2.7352e+01
2.7205e+01
2.7110e+01
2.6963e+01
2.6805e+01
2.6636e+01
2.6486e+01
2.6330e+01
2.6179e+01
2.6015e+01
2.5824e+01
2.5667e+01
2.5457e+01
2.5276e+01
2.5084e+01
2.4905e+01
2.4705e+01
2.4533e+01
2.4351e+01
2.4190e+01
2.4002e+01
2.3854e+01
2.3682e+01
2.3531e+01
2.3367e+01
2.3226e+01
2.3080e+01
2.2953e+01
2.2801e+01
2.2690e+01
2.2560e+01
2.2460e+01
2.2343e+01
2.2245e+01
2.2128e+01
2.2041e+01
2.1956e+01
2.1875e+01
2.1796e+01
2.1711e+01
2.1637e+01
2.1574e+01
2.1512e+01
2.1449e+01
2.1380e+01
2.1317e+01
2.1263e+01
2.1205e+01
2.1134e+01
2.1074e+01
2.1016e+01
2.0961e+01
2.0895e+01
2.0840e+01
2.0794e+01
2.0744e+01
2.0681e+01
2.0623e+01
2.0571e+01
2.0516e+01
2.0467e+01
2.0417e+01
2.0365e+01
2.0304e+01
2.0246e+01
2.0188e+01
2.0119e+01
2.0064e+01
2.0015e+01
1.9959e+01
1.9921e+01
1.9871e+01
1.9832e+01
1.9785e+01
1.9738e+01
1.9669e+01
1.9616e+01
1.9550e+01
1.9497e+01
1.9439e+01
1.9386e+01
1.9334e+01
1.9287e+01
1.9256e+01
1.9239e+01
1.9237e+01
1.9273e+01
1.9325e+01
1.9420e+01
1.9536e+01
1.9705e+01
1.9887e+01
2.0114e+01
2.0345e+01
2.0637e+01
2.0942e+01
2.1306e+01
2.1670e+01
2.2117e+01
2.2538e+01
2.3034e+01
2.3504e+01
2.4013e+01
2.4515e+01
2.5060e+01
2.5584e+01
2.6120e+01
2.6612e+01
2.7113e+01
2.7601e+01
2.8078e+01
2.8534e+01
2.8971e+01
2.9378e+01
2.9766e+01
3.0130e+01
3.0485e+01
3.0811e+01
3.1152e+01
3.1446e+01
3.1744e+01
3.2019e+01
3.2303e+01
3.2554e+01
3.2865e+01
3.3131e+01
3.3506e+01
3.3795e+01
3.4071e+01
3.4264e+01
3.4486e+01
3.4631e+01
3.4753e+01
3.4833e+01
3.4903e+01
3.4925e+01
3.4933e+01
3.4900e+01
3.4880e+01
3.4828e+01
3.4788e+01
3.4683e+01
3.4634e+01
3.4549e+01
3.4481e+01
3.4381e+01
3.4299e+01
3.4176e+01
3.4071e+01
3.3973e+01
3.3905e+01
3.3833e+01
3.3732e+01
3.3654e+01
3.3526e+01
3.3400e+01
3.3252e+01
3.3098e+01
3.2918e+01
3.2731e+01
3.2547e+01
3.2379e+01
3.2186e+01
3.2004e+01
3.1813e+01
3.1637e+01
3.1456e+01
3.1272e+01
3.1080e+01
3.0896e+01
3.0711e+01
3.0539e+01
3.0359e+01
3.0194e+01
3.0022e+01
2.9857e+01
2.9694e+01
2.9521e+01
2.9347e+01
2.9197e+01
2.9028e+01
2.8873e+01
2.8711e+01
2.8579e+01
2.8414e+01
2.8274e+01
2.8122e+01
2.7989e+01
2.7840e+01
2.7709e+01
2.7562e+01
2.7426e+01
2.7300e+01
2.7166e+01
2.7026e+01
2.6900e+01
2.6760e+01
2.6647e+01
2.6515e+01
2.6401e+01
2.6274e+01
2.6158e+01
2.6025e+01
2.5914e+01
2.5786e+01
2.5691e+01
2.5566e+01
2.5470e+01
2.5350e+01
2.5252e+01
2.5145e+01
2.5041e+01
2.4942e+01
2.4844e+01
2.4734e+01
2.4643e+01
2.4547e+01
2.4450e+01
2.4348e+01
2.4247e+01
2.4147e+01
2.4053e+01
2.3948e+01
2.3857e+01
2.3763e+01
2.3669e+01
2.3582e+01
2.3493e+01
2.3399e+01
2.3318e+01
2.3234e+01
2.3148e+01
2.3069e+01
2.2988e+01
2.2912e+01
2.2853e+01
2.2804e+01
2.2739e+01
2.2671e+01
2.2620e+01
2.2555e+01
2.2498e+01
2.2441e+01
2.2389e+01
2.2324e+01
2.2269e+01
2.2196e+01
2.2142e+01
2.2084e+01
2.2041e+01
2.1981e+01
2.1924e+01
2.1875e+01
2.1815e+01
2.1755e+01
2.1706e+01
2.1654e+01
2.1588e+01
2.1525e+01
2.1468e+01
2.1413e+01
2.1361e+01
2.1301e+01
2.1246e+01
2.1186e+01
2.1126e+01
2.1074e+01
2.1013e+01
2.0948e+01
2.0884e+01
2.0821e+01
2.0766e+01
2.0714e+01
2.0662e+01
2.0601e+01
2.0555e+01
2.0513e+01
2.0469e+01
2.0428e+01
2.0392e+01
2.0362e+01
2.0326e+01
2.0296e+01
2.0277e+01
2.0260e+01
2.0257e+01
2.0246e+01
2.0241e+01
2.0230e+01
2.0224e+01
2.0216e+01
2.0213e+01
2.0208e+01
2.0213e+01
2.0199e+01
2.0202e+01
2.0199e+01
2.0205e+01
2.0194e+01
2.0202e+01
2.0194e+01
2.0197e+01
2.0183e+01
2.0191e+01
2.0191e+01
2.0194e+01
2.0183e+01
2.0177e+01
2.0180e+01
2.0183e+01
2.0186e+01
2.0188e+01
2.0172e+01
2.0180e+01
2.0172e+01
2.0172e+01
2.0155e+01
2.0147e+01
2.0114e+01
2.0092e+01
2.0061e+01
2.0037e+01
2.0003e+01
1.9965e+01
1.9926e+01
1.9885e+01
1.9835e+01
1.9793e+01
1.9735e+01
1.9694e+01
1.9639e+01
1.9589e+01
1.9536e+01
1.9492e+01
1.9420e+01
1.9370e+01
1.9300e+01
1.9245e+01
1.9187e+01
1.9112e+01
1.9042e+01
1.8976e+01
1.8903e+01
1.8817e+01
1.8745e+01
1.8658e+01
1.8572e+01
1.8488e+01
1.8416e+01
1.8343e+01
1.8265e+01
1.8175e+01
1.8094e+01
1.8010e+01
1.7941e+01
1.7845e+01
1.7756e+01
1.7674e+01
1.7593e+01
1.7509e+01
1.7433e+01
1.7351e+01
1.7270e+01
1.7186e+01
1.7098e+01
1.7022e+01
1.6946e+01
1.6864e+01
1.6783e+01
1.6709e+01
1.6622e+01
1.6545e+01
1.6472e+01
1.6404e+01
1.6325e+01
1.6260e+01
1.6181e+01
1.6118e+01
1.6047e+01
1.5988e+01
1.5917e+01
1.5869e+01
1.5783e+01
1.5735e+01
1.5667e+01
1.5596e+01
1.5530e+01
1.5462e+01
1.5391e+01
1.5328e+01
1.5269e+01
1.5220e+01
1.5152e+01
1.5095e+01
1.5023e+01
1.4980e+01
1.4912e+01
1.4860e+01
1.4800e+01
1.4743e+01
1.4663e+01
1.4606e+01
1.4546e+01
1.4486e+01
1.4414e+01
1.4351e+01
1.4294e+01
1.4233e+01
1.4167e+01
1.4098e+01
1.4035e+01
1.3981e+01
1.3903e+01
1.3843e+01
1.3774e+01
1.3722e+01
1.3647e+01
1.3586e+01
1.3529e+01
1.3477e+01
1.3413e+01
1.3361e+01
1.3301e+01
1.3249e+01
1.3191e+01
1.3136e+01
1.3087e+01
1.3052e+01
1.3003e+01
1.2954e+01
1.2905e+01
1.2864e+01
1.2821e+01
1.2775e+01
1.2725e+01
1.2685e+01
1.2630e+01
1.2598e+01
1.2545e+01
1.2508e+01
1.2461e+01
1.2421e+01
1.2374e+01
1.2342e+01
1.2293e+01
1.2255e+01
1.2203e+01
1.2171e+01
1.2127e+01
1.2104e+01
1.2063e+01
1.2022e+01
1.1973e+01
1.1935e+01
1.1891e+01
1.1859e+01
1.1810e+01
1.1772e+01
1.1722e+01
1.1684e+01
1.1638e+01
1.1603e+01
1.1547e+01
1.1503e+01
1.1456e+01
1.1416e+01
1.1375e+01
1.1331e+01
1.1287e+01
1.1249e+01
1.1211e+01
1.1164e+01
1.1120e+01
1.1082e+01
1.1032e+01
1.0991e+01
1.0953e+01
1.0912e+01
1.0871e+01
1.0830e+01
1.0792e+01
1.0748e+01
1.0701e+01
1.0654e+01
1.0616e+01
1.0571e+01
1.0524e+01
1.0492e+01
1.0448e+01
1.0407e+01
1.0363e+01
1.0339e+01
1.0301e+01
1.0268e+01
1.0230e+01
1.0207e+01
1.0165e+01
1.0139e+01
1.0112e+01
1.0086e+01
1.0065e+01
1.0039e+01
1.0015e+01
9.9943e+00
9.9648e+00
9.9441e+00
9.9205e+00
9.9028e+00
9.8792e+00
9.8644e+00
9.8467e+00
9.8379e+00
9.8201e+00
9.8172e+00
9.8113e+00
9.8261e+00
9.8349e+00
9.8556e+00
9.8704e+00
9.9117e+00
9.9412e+00
9.9914e+00
1.0050e+01
1.0106e+01
1.0183e+01
1.0271e+01
1.0363e+01
1.0477e+01
1.0569e+01
1.0701e+01
1.0833e+01
1.0979e+01
1.1120e+01
1.1284e+01
1.1439e+01
1.1588e+01
1.1748e+01
1.1894e+01
1.2031e+01
1.2171e+01
1.2310e+01
1.2450e+01
1.2574e+01
1.2725e+01
1.2853e+01
1.2980e+01
1.3099e+01
1.3220e+01
1.3333e+01
1.3454e+01
1.3558e+01
1.3650e+01
1.3733e+01
1.3817e+01
1.3866e+01
1.3929e+01
1.3958e+01
1.4012e+01
1.4030e+01
1.4053e+01
1.4061e+01
1.4070e+01
1.4070e+01
1.4061e+01
1.4047e+01
1.4030e+01
1.4009e+01
1.3995e+01
1.3981e+01
1.3955e+01
1.3932e+01
1.3915e+01
1.3906e+01
1.3892e+01
1.3871e+01
1.3869e+01
1.3869e+01
1.3883e+01
1.3880e+01
1.3883e+01
1.3903e+01
1.3912e+01
1.3915e+01
1.3917e+01
1.3929e+01
1.3920e+01
1.3926e+01
1.3912e+01
1.3917e+01
1.3900e+01
1.3892e+01
1.3877e+01
1.3869e+01
1.3851e+01
1.3843e+01
1.3814e+01
1.3799e+01
1.3776e+01
1.3753e+01
1.3719e+01
1.3699e+01
1.3658e+01
1.3630e+01
1.3592e+01
1.3563e+01
1.3503e+01
1.3462e+01
1.3413e+01
1.3367e+01
1.3307e+01
1.3260e+01
1.3191e+01
1.3142e+01
1.3078e+01
1.3041e+01
1.2971e+01
1.2914e+01
1.2850e+01
1.2792e+01
1.2728e+01
1.2667e+01
1.2595e+01
1.2540e+01
1.2473e+01
1.2403e+01
1.2331e+01
1.2273e+01
1.2197e+01
1.2136e+01
1.2072e+01
1.1999e+01
1.1923e+01
1.1865e+01
1.1798e+01
1.1731e+01
1.1655e+01
1.1600e+01
1.1530e+01
1.1468e+01
1.1389e+01
1.1319e+01
1.1246e+01
1.1179e+01
1.1111e+01
1.1041e+01
1.0971e+01
1.0900e+01
1.0827e+01
1.0757e+01
1.0674e+01
1.0595e+01
1.0521e+01
1.0448e+01
1.0383e+01
1.0304e+01
1.0224e+01
1.0154e+01
1.0083e+01
1.0006e+01
9.9412e+00
9.8644e+00
9.7936e+00
9.7227e+00
9.6547e+00
9.5659e+00
9.4949e+00
9.4268e+00
9.3587e+00
9.2846e+00
9.2194e+00
9.1482e+00
9.0830e+00
9.0177e+00
8.9464e+00
8.8691e+00
8.7978e+00
8.7235e+00
8.6580e+00
8.5836e+00
8.5211e+00
8.4525e+00
8.3870e+00
8.3154e+00
8.2528e+00
8.1781e+00
8.1184e+00
8.0467e+00
7.9840e+00
7.9122e+00
7.8524e+00
7.7806e+00
7.7207e+00
7.6489e+00
7.5860e+00
7.5230e+00
7.4600e+00
7.3851e+00
7.3280e+00
7.2590e+00
7.2049e+00
7.1418e+00
7.0847e+00
7.0186e+00
6.9584e+00
6.8892e+00
6.8350e+00
6.7687e+00
6.7175e+00
6.6663e+00
6.6090e+00
6.5577e+00
6.5064e+00
6.4491e+00
6.4068e+00
6.3555e+00
6.3071e+00
6.2558e+00
6.2074e+00
6.1469e+00
6.1106e+00
6.0592e+00
6.0017e+00
5.9502e+00
5.9108e+00
5.8624e+00
5.8139e+00
5.7593e+00
5.7108e+00
5.6592e+00
5.6107e+00
5.5530e+00
5.5135e+00
5.4619e+00
5.4042e+00
5.3434e+00
5.3038e+00
5.2521e+00
5.2035e+00
5.1548e+00
5.1152e+00
5.0634e+00
5.0208e+00
4.9598e+00
4.9050e+00
4.8562e+00
4.8074e+00
4.7555e+00
4.7158e+00
4.6670e+00
4.6151e+00
4.5570e+00
4.5173e+00
4.4592e+00
4.4134e+00
4.3583e+00
4.3063e+00
4.2634e+00
4.2114e+00
4.1471e+00
4.1042e+00
4.0521e+00
3.9999e+00
3.9509e+00
3.9018e+00
3.8527e+00
3.8097e+00
3.7606e+00
3.7114e+00
3.6623e+00
3.6192e+00
3.5670e+00
3.5178e+00
3.4686e+00
3.4255e+00
3.3670e+00
3.3146e+00
3.2654e+00
3.2253e+00
3.1729e+00
3.1236e+00
3.0711e+00
3.0310e+00
2.9817e+00
2.9323e+00
2.8767e+00
2.8242e+00
2.7778e+00
2.7284e+00
2.6727e+00
2.6325e+00
2.5768e+00
2.5335e+00
2.4778e+00
2.4344e+00
2.3849e+00
2.3384e+00
2.2950e+00
2.2609e+00
2.2051e+00
2.1679e+00
2.1337e+00
2.0872e+00
2.0437e+00
2.0127e+00
1.9692e+00
1.9381e+00
1.9070e+00
1.8697e+00
1.8387e+00
1.8076e+00
1.7702e+00
1.7423e+00
1.7080e+00
1.6831e+00
1.6520e+00
1.6333e+00
1.6053e+00
1.5742e+00
1.5493e+00
1.5212e+00
1.4870e+00
1.4589e+00
1.4215e+00
1.3841e+00
1.3560e+00
1.3280e+00
1.2937e+00
1.2718e+00
1.2437e+00
1.2188e+00
1.1969e+00
1.1595e+00
1.1439e+00
1.1251e+00
1.0970e+00
1.0783e+00
1.0689e+00
1.0502e+00
1.0502e+00
1.0345e+00
1.0439e+00
1.0502e+00
1.0627e+00
1.0814e+00
1.1158e+00
1.1470e+00
1.1969e+00
1.2437e+00
1.3124e+00
1.3685e+00
1.4340e+00
1.4994e+00
1.5462e+00
1.6022e+00
1.6489e+00
1.6769e+00
1.7049e+00
1.7391e+00
1.7578e+00
1.7920e+00
1.8076e+00
1.8355e+00
1.8511e+00
1.8729e+00
1.8853e+00
1.9008e+00
1.9101e+00
1.9226e+00
1.9288e+00
1.9381e+00
1.9381e+00
1.9412e+00
1.9443e+00
1.9412e+00
1.9381e+00
1.9381e+00
1.9288e+00
1.9101e+00
1.9008e+00
1.8822e+00
1.8666e+00
1.8418e+00
1.8107e+00
1.7858e+00
1.7516e+00
1.7174e+00
1.6831e+00
1.6396e+00
1.6022e+00
1.5617e+00
1.5212e+00
1.4932e+00
1.4558e+00
1.4246e+00
1.3810e+00
1.3529e+00
1.3186e+00
1.2843e+00
1.2500e+00
1.2063e+00
1.1720e+00
1.1282e+00
1.1001e+00
1.0470e+00
9.9703e-01
9.5952e-01
9.0637e-01
8.6883e-01
8.1565e-01
7.8436e-01
7.3427e-01
7.0296e-01
6.6225e-01
6.3093e-01
5.9333e-01
5.5259e-01
5.3065e-01
4.9303e-01
4.8362e-01
4.5226e-01
4.1462e-01
3.8325e-01
3.4246e-01
3.2049e-01
2.8282e-01
2.5142e-01
2.2315e-01
1.9488e-01
1.6032e-01
1.3519e-01
1.1947e-01
9.4328e-02
6.9179e-02
5.0315e-02
3.4593e-02
2.5160e-02
9.4350e-03
9.4350e-03
0000
9.4350e-03
0000
9.4350e-03
9.4350e-03
2.5160e-02
3.4593e-02
6.2892e-02
9.4328e-02
1.3833e-01
1.8232e-01
2.3886e-01
3.0479e-01
4.0835e-01
5.1498e-01
6.4972e-01
7.9687e-01
9.6890e-01
1.1595e+00
1.3810e+00
1.6209e+00
1.9039e+00
2.2268e+00
2.6016e+00
2.9940e+00
3.3731e+00
3.7974e+00
4.2206e+00
4.6639e+00
5.0817e+00
5.5469e+00
5.9411e+00
6.4219e+00
6.7898e+00
7.2079e+00
7.5410e+00
7.9033e+00
8.2199e+00
8.5568e+00
8.8602e+00
9.2105e+00
9.5038e+00
9.8113e+00
1.0074e+01
1.0366e+01
1.0607e+01
1.0859e+01
1.1061e+01
1.1266e+01
1.1445e+01
1.1635e+01
1.1810e+01
1.2008e+01
1.2150e+01
1.2302e+01
1.2432e+01
1.2569e+01
1.2682e+01
1.2801e+01
1.2890e+01
1.2968e+01
1.3026e+01
1.3081e+01
1.3104e+01
1.3136e+01
1.3162e+01
1.3185e+01
1.3174e+01
1.3156e+01
1.3133e+01
1.3090e+01
1.3041e+01
1.3006e+01
1.2945e+01
1.2887e+01
1.2815e+01
1.2743e+01
1.2670e+01
1.2580e+01
1.2485e+01
1.2392e+01
1.2302e+01
1.2191e+01
1.2098e+01
1.1990e+01
1.1885e+01
1.1766e+01
1.1646e+01
1.1524e+01
1.1419e+01
1.1290e+01
1.1170e+01
1.1044e+01
1.0933e+01
1.0806e+01
1.0689e+01
1.0571e+01
1.0448e+01
1.0327e+01
1.0218e+01
1.0086e+01
9.9737e+00
9.8497e+00
9.7463e+00
9.6192e+00
9.5038e+00
9.3854e+00
9.2846e+00
9.1660e+00
9.0563e+00
8.9434e+00
8.8454e+00
8.7413e+00
8.6401e+00
8.5300e+00
8.4287e+00
8.3243e+00
8.2319e+00
8.1244e+00
8.0378e+00
7.9391e+00
7.8494e+00
7.7477e+00
7.6638e+00
7.5680e+00
7.4780e+00
7.3881e+00
7.3100e+00
7.2199e+00
7.1388e+00
7.0516e+00
6.9825e+00
6.8952e+00
6.8199e+00
6.7326e+00
6.6633e+00
6.5788e+00
6.5094e+00
6.4340e+00
6.3555e+00
6.2830e+00
6.2044e+00
6.1227e+00
6.0531e+00
5.9714e+00
5.9078e+00
5.8321e+00
5.7654e+00
5.6926e+00
5.6167e+00
5.5439e+00
5.4862e+00
5.4285e+00
5.3646e+00
5.2978e+00
5.2430e+00
5.1761e+00
5.1243e+00
5.0726e+00
5.0086e+00
4.9476e+00
4.8989e+00
4.8379e+00
4.7982e+00
4.7403e+00
4.6945e+00
4.6487e+00
4.6090e+00
4.5601e+00
4.5173e+00
4.4745e+00
4.4348e+00
4.3828e+00
4.3430e+00
4.3032e+00
4.2665e+00
4.2328e+00
4.1961e+00
4.1532e+00
4.1195e+00
4.0858e+00
4.0551e+00
4.0183e+00
3.9877e+00
3.9509e+00
3.9141e+00
3.8803e+00
3.8435e+00
3.8066e+00
3.7637e+00
3.7237e+00
3.6869e+00
3.6592e+00
3.6254e+00
3.5824e+00
3.5516e+00
3.5055e+00
3.4655e+00
3.4224e+00
3.3824e+00
3.3454e+00
3.2900e+00
3.2500e+00
3.2130e+00
3.1637e+00
3.1267e+00
3.0897e+00
3.0434e+00
2.9940e+00
2.9539e+00
2.9107e+00
2.8674e+00
2.8273e+00
2.7871e+00
2.7469e+00
2.7191e+00
2.6820e+00
2.6511e+00
2.6171e+00
2.5799e+00
2.5397e+00
2.5087e+00
2.4840e+00
2.4499e+00
2.4127e+00
2.3818e+00
2.3477e+00
2.3105e+00
2.2640e+00
2.2330e+00
2.1958e+00
2.1616e+00
2.1244e+00
2.0934e+00
2.0499e+00
2.0251e+00
1.9816e+00
1.9505e+00
1.9164e+00
1.8853e+00
1.8449e+00
1.8169e+00
1.7796e+00
1.7547e+00
1.7205e+00
1.6894e+00
1.6489e+00
1.6147e+00
1.5804e+00
1.5586e+00
1.5212e+00
1.4932e+00
1.4620e+00
1.4465e+00
1.4153e+00
1.3935e+00
1.3872e+00
1.3779e+00
1.3685e+00
1.3716e+00
1.3623e+00
1.3654e+00
1.3716e+00
1.3654e+00
1.3654e+00
1.3560e+00
1.3529e+00
1.3436e+00
1.3560e+00
1.3436e+00
1.3592e+00
1.3529e+00
1.3529e+00
1.3560e+00
1.3529e+00
1.3560e+00
1.3436e+00
1.3405e+00
1.3373e+00
1.3342e+00
1.3217e+00
1.3061e+00
1.2968e+00
1.2812e+00
1.2843e+00
1.2656e+00
1.2718e+00
1.2656e+00
1.2562e+00
1.2437e+00
1.2313e+00
1.2094e+00
1.1938e+00
1.1876e+00
1.1782e+00
1.1876e+00
1.1969e+00
1.2313e+00
1.2812e+00
1.3529e+00
1.4371e+00
1.5493e+00
1.7018e+00
1.8697e+00
2.0810e+00
2.3322e+00
2.6325e+00
2.9415e+00
3.3485e+00
3.7882e+00
4.3002e+00
4.8104e+00
5.3768e+00
5.9775e+00
6.6422e+00
7.2710e+00
7.9870e+00
8.6848e+00
9.4860e+00
1.0248e+01
1.1079e+01
1.1746e+01
1.2505e+01
1.3174e+01
1.3981e+01
1.4692e+01
1.5533e+01
1.6248e+01
1.7039e+01
1.7747e+01
1.8485e+01
1.9156e+01
1.9854e+01
2.0486e+01
2.1164e+01
2.1776e+01
2.2430e+01
2.3080e+01
2.3809e+01
2.4533e+01
2.5409e+01
2.6181e+01
2.6810e+01
2.7336e+01
2.7874e+01
2.8328e+01
2.8758e+01
2.9111e+01
2.9472e+01
2.9766e+01
3.0076e+01
3.0336e+01
3.0601e+01
3.0811e+01
3.1003e+01
3.1182e+01
3.1315e+01
3.1441e+01
3.1532e+01
3.1642e+01
3.1703e+01
3.1746e+01
3.1772e+01
3.1797e+01
3.1800e+01
3.1831e+01
3.1823e+01
3.1772e+01
3.1731e+01
3.1685e+01
3.1639e+01
3.1588e+01
3.1532e+01
3.1476e+01
3.1379e+01
3.1295e+01
3.1188e+01
3.1085e+01
3.0957e+01
3.0832e+01
3.0691e+01
3.0573e+01
3.0426e+01
3.0282e+01
3.0107e+01
2.9960e+01
2.9784e+01
2.9627e+01
2.9438e+01
2.9272e+01
2.9078e+01
2.8914e+01
2.8719e+01
2.8576e+01
2.8386e+01
2.8237e+01
2.8057e+01
2.7900e+01
2.7732e+01
2.7588e+01
2.7428e+01
2.7281e+01
2.7134e+01
2.6989e+01
2.6842e+01
2.6710e+01
2.6557e+01
2.6427e+01
2.6290e+01
2.6158e+01
2.6022e+01
2.5903e+01
2.5776e+01
2.5651e+01
2.5537e+01
2.5412e+01
2.5297e+01
2.5175e+01
2.5063e+01
2.4940e+01
2.4844e+01
2.4739e+01
2.4632e+01
2.4533e+01
2.4448e+01
2.4348e+01
2.4255e+01
2.4163e+01
2.4077e+01
2.3986e+01
2.3905e+01
2.3830e+01
2.3747e+01
2.3658e+01
2.3588e+01
2.3518e+01
2.3448e+01
2.3375e+01
2.3307e+01
2.3234e+01
2.3156e+01
2.3086e+01
2.3015e+01
2.2956e+01
2.2883e+01
2.2810e+01
2.2750e+01
2.2688e+01
2.2625e+01
2.2566e+01
2.2517e+01
2.2454e+01
2.2394e+01
2.2351e+01
2.2313e+01
2.2269e+01
2.2237e+01
2.2199e+01
2.2180e+01
2.2139e+01
2.2133e+01
2.2098e+01
2.2090e+01
2.2049e+01
2.2052e+01
2.2035e+01
2.2044e+01
2.2011e+01
2.2016e+01
2.2008e+01
2.2008e+01
2.1995e+01
2.2003e+01
2.1997e+01
2.2011e+01
2.2008e+01
2.2022e+01
2.2027e+01
2.2049e+01
2.2054e+01
2.2068e+01
2.2090e+01
2.2095e+01
2.2109e+01
2.2098e+01
2.2090e+01
2.2068e+01
2.2035e+01
2.1986e+01
2.1943e+01
2.1886e+01
2.1836e+01
2.1779e+01
2.1714e+01
2.1643e+01
2.1561e+01
2.1482e+01
2.1399e+01
2.1304e+01
2.1222e+01
2.1128e+01
2.1038e+01
2.0945e+01
2.0854e+01
2.0750e+01
2.0662e+01
2.0557e+01
2.0464e+01
2.0356e+01
2.0255e+01
2.0147e+01
2.0059e+01
1.9934e+01
1.9835e+01
1.9719e+01
1.9622e+01
1.9503e+01
1.9403e+01
1.9295e+01
1.9187e+01
1.9081e+01
1.8973e+01
1.8864e+01
1.8767e+01
1.8653e+01
1.8558e+01
1.8460e+01
1.8360e+01
1.8265e+01
1.8184e+01
1.8089e+01
1.7991e+01
1.7918e+01
1.7826e+01
1.7742e+01
1.7660e+01
1.7579e+01
1.7498e+01
1.7436e+01
1.7357e+01
1.7281e+01
1.7216e+01
1.7135e+01
1.7056e+01
1.6994e+01
1.6921e+01
1.6842e+01
1.6780e+01
1.6704e+01
1.6630e+01
1.6554e+01
1.6486e+01
1.6427e+01
1.6348e+01
1.6271e+01
1.6206e+01
1.6132e+01
1.6070e+01
1.6005e+01
1.5934e+01
1.5860e+01
1.5798e+01
1.5738e+01
1.5675e+01
1.5613e+01
1.5562e+01
1.5499e+01
1.5454e+01
1.5400e+01
1.5360e+01
1.5308e+01
1.5288e+01
1.5240e+01
1.5234e+01
1.5206e+01
1.5203e+01
1.5209e+01
1.5231e+01
1.5260e+01
1.5303e+01
1.5345e+01
1.5411e+01
1.5479e+01
1.5576e+01
1.5678e+01
1.5795e+01
1.5900e+01
1.6013e+01
1.6127e+01
1.6251e+01
1.6379e+01
1.6514e+01
1.6644e+01
1.6760e+01
1.6890e+01
1.7014e+01
1.7118e+01
1.7233e+01
