1.1800e+01
1.1800e+01
1.1795e+01
1.1789e+01
1.1789e+01
1.1795e+01
1.1795e+01
1.1795e+01
1.1795e+01
1.1800e+01
1.1800e+01
1.1800e+01
1.1806e+01
1.1806e+01
1.1800e+01
1.1806e+01
1.1800e+01
1.1789e+01
1.1795e+01
1.1795e+01
1.1795e+01
1.1795e+01
1.1795e+01
1.1800e+01
1.1800e+01
1.1795e+01
1.1795e+01
1.1795e+01
1.1800e+01
1.1795e+01
1.1783e+01
1.1789e+01
1.1789e+01
1.1783e+01
1.1777e+01
1.1777e+01
1.1777e+01
1.1783e+01
1.1783e+01
1.1777e+01
1.1777e+01
1.1783e+01
1.1783e+01
1.1783e+01
1.1783e+01
1.1771e+01
1.1760e+01
1.1765e+01
1.1765e+01
1.1765e+01
1.1754e+01
1.1748e+01
1.1748e+01
1.1736e+01
1.1730e+01
1.1730e+01
1.1736e+01
1.1730e+01
1.1736e+01
1.1736e+01
1.1736e+01
1.1719e+01
1.1713e+01
1.1707e+01
1.1707e+01
1.1701e+01
1.1695e+01
1.1701e+01
1.1695e+01
1.1695e+01
1.1689e+01
1.1684e+01
1.1684e+01
1.1684e+01
1.1678e+01
1.1678e+01
1.1678e+01
1.1678e+01
1.1678e+01
1.1666e+01
1.1660e+01
1.1654e+01
1.1649e+01
1.1649e+01
1.1631e+01
1.1619e+01
1.1619e+01
1.1619e+01
1.1613e+01
1.1608e+01
1.1608e+01
1.1602e+01
1.1590e+01
1.1578e+01
1.1567e+01
1.1567e+01
1.1567e+01
1.1555e+01
1.1543e+01
1.1537e+01
1.1537e+01
1.1532e+01
1.1520e+01
1.1520e+01
1.1520e+01
1.1514e+01
1.1502e+01
1.1491e+01
1.1491e+01
1.1473e+01
1.1467e+01
1.1473e+01
1.1461e+01
1.1455e+01
1.1450e+01
1.1444e+01
1.1438e+01
1.1426e+01
1.1426e+01
1.1415e+01
1.1409e+01
1.1403e+01
1.1397e+01
1.1391e+01
1.1385e+01
1.1374e+01
1.1368e+01
1.1362e+01
1.1362e+01
1.1362e+01
1.1350e+01
1.1333e+01
1.1321e+01
1.1321e+01
1.1321e+01
1.1309e+01
1.1297e+01
1.1292e+01
1.1286e+01
1.1280e+01
1.1274e+01
1.1268e+01
1.1256e+01
1.1245e+01
1.1245e+01
1.1233e+01
1.1227e+01
1.1215e+01
1.1210e+01
1.1204e+01
1.1198e+01
1.1186e+01
1.1186e+01
1.1180e+01
1.1174e+01
1.1163e+01
1.1163e+01
1.1151e+01
1.1145e+01
1.1139e+01
1.1139e+01
1.1133e+01
1.1128e+01
1.1116e+01
1.1104e+01
1.1092e+01
1.1092e+01
1.1086e+01
1.1086e+01
1.1075e+01
1.1069e+01
1.1063e+01
1.1057e+01
1.1051e+01
1.1051e+01
1.1040e+01
1.1034e+01
1.1028e+01
1.1016e+01
1.1004e+01
1.1004e+01
1.1004e+01
1.0993e+01
1.0987e+01
1.0981e+01
1.0969e+01
1.0957e+01
1.0957e+01
1.0952e+01
1.0946e+01
1.0934e+01
1.0928e+01
1.0922e+01
1.0911e+01
1.0905e+01
1.0905e+01
1.0899e+01
1.0887e+01
1.0881e+01
1.0875e+01
1.0869e+01
1.0864e+01
1.0858e+01
1.0852e+01
1.0846e+01
1.0840e+01
1.0840e+01
1.0828e+01
1.0823e+01
1.0817e+01
1.0805e+01
1.0799e+01
1.0787e+01
1.0781e+01
1.0781e+01
1.0770e+01
1.0758e+01
1.0758e+01
1.0758e+01
1.0740e+01
1.0734e+01
1.0729e+01
1.0723e+01
1.0711e+01
1.0705e+01
1.0699e+01
1.0693e+01
1.0687e+01
1.0687e+01
1.0682e+01
1.0676e+01
1.0676e+01
1.0676e+01
1.0670e+01
1.0664e+01
1.0652e+01
1.0652e+01
1.0640e+01
1.0629e+01
1.0617e+01
1.0611e+01
1.0611e+01
1.0593e+01
1.0588e+01
1.0582e+01
1.0576e+01
1.0570e+01
1.0558e+01
1.0552e+01
1.0552e+01
1.0546e+01
1.0535e+01
1.0535e+01
1.0529e+01
1.0517e+01
1.0505e+01
1.0499e+01
1.0488e+01
1.0482e+01
1.0482e+01
1.0470e+01
1.0458e+01
1.0452e+01
1.0441e+01
1.0441e+01
1.0435e+01
1.0423e+01
1.0411e+01
1.0405e+01
1.0400e+01
1.0388e+01
1.0376e+01
1.0376e+01
1.0370e+01
1.0364e+01
1.0347e+01
1.0341e+01
1.0347e+01
1.0341e+01
1.0329e+01
1.0323e+01
1.0311e+01
1.0311e+01
1.0305e+01
1.0300e+01
1.0300e+01
1.0288e+01
1.0288e+01
1.0288e+01
1.0276e+01
1.0264e+01
1.0252e+01
1.0247e+01
1.0241e+01
1.0235e+01
1.0229e+01
1.0229e+01
1.0223e+01
1.0217e+01
1.0217e+01
1.0217e+01
1.0199e+01
1.0194e+01
1.0188e+01
1.0188e+01
1.0182e+01
1.0176e+01
1.0164e+01
1.0164e+01
1.0170e+01
1.0164e+01
1.0152e+01
1.0146e+01
1.0141e+01
1.0146e+01
1.0141e+01
1.0135e+01
1.0129e+01
1.0123e+01
1.0117e+01
1.0111e+01
1.0111e+01
1.0105e+01
1.0088e+01
1.0088e+01
1.0088e+01
1.0088e+01
1.0088e+01
1.0088e+01
1.0082e+01
1.0076e+01
1.0070e+01
1.0070e+01
1.0064e+01
1.0058e+01
1.0046e+01
1.0040e+01
1.0035e+01
1.0035e+01
1.0029e+01
1.0017e+01
1.0011e+01
1.0017e+01
1.0005e+01
9.9934e+00
9.9993e+00
9.9934e+00
9.9816e+00
9.9816e+00
9.9757e+00
9.9757e+00
9.9639e+00
9.9521e+00
9.9462e+00
9.9462e+00
9.9403e+00
9.9403e+00
9.9344e+00
9.9285e+00
9.9227e+00
9.9168e+00
9.9109e+00
9.9050e+00
9.9050e+00
9.9050e+00
9.8932e+00
9.8814e+00
9.8755e+00
9.8696e+00
9.8696e+00
9.8637e+00
9.8578e+00
9.8519e+00
9.8401e+00
9.8401e+00
9.8342e+00
9.8224e+00
9.8224e+00
9.8106e+00
9.8047e+00
9.8047e+00
9.7989e+00
9.7930e+00
9.7871e+00
9.7930e+00
9.7871e+00
9.7694e+00
9.7694e+00
9.7694e+00
9.7576e+00
9.7576e+00
9.7517e+00
9.7458e+00
9.7281e+00
9.7340e+00
9.7340e+00
9.7281e+00
9.7163e+00
9.7163e+00
9.7104e+00
9.7045e+00
9.7045e+00
9.7045e+00
9.6986e+00
9.6868e+00
9.6868e+00
9.6809e+00
9.6750e+00
9.6691e+00
9.6691e+00
9.6750e+00
9.6691e+00
9.6632e+00
9.6573e+00
9.6573e+00
9.6514e+00
9.6514e+00
9.6455e+00
9.6396e+00
9.6396e+00
9.6396e+00
9.6337e+00
9.6337e+00
9.6337e+00
9.6337e+00
9.6278e+00
9.6278e+00
9.6219e+00
9.6219e+00
9.6160e+00
9.6101e+00
9.5983e+00
9.5924e+00
9.5924e+00
9.5865e+00
9.5865e+00
9.5865e+00
9.5865e+00
9.5806e+00
9.5806e+00
9.5746e+00
9.5687e+00
9.5687e+00
9.5687e+00
9.5628e+00
9.5628e+00
9.5628e+00
9.5510e+00
9.5510e+00
9.5510e+00
9.5451e+00
9.5333e+00
9.5274e+00
9.5274e+00
9.5274e+00
9.5156e+00
9.5097e+00
9.5097e+00
9.5038e+00
9.4979e+00
9.4979e+00
9.4920e+00
9.4861e+00
9.4743e+00
9.4684e+00
9.4684e+00
9.4625e+00
9.4625e+00
9.4506e+00
9.4447e+00
9.4447e+00
9.4388e+00
9.4329e+00
9.4329e+00
9.4270e+00
9.4211e+00
9.4152e+00
9.4093e+00
9.4034e+00
9.4034e+00
9.3975e+00
9.3975e+00
9.3857e+00
9.3739e+00
9.3739e+00
9.3739e+00
9.3679e+00
9.3620e+00
9.3561e+00
9.3502e+00
9.3443e+00
9.3384e+00
9.3325e+00
9.3207e+00
9.3148e+00
9.3207e+00
9.3148e+00
9.3029e+00
9.3029e+00
9.2970e+00
9.2793e+00
9.2734e+00
9.2675e+00
9.2675e+00
9.2616e+00
9.2556e+00
9.2497e+00
9.2438e+00
9.2438e+00
9.2320e+00
9.2261e+00
9.2261e+00
9.2202e+00
9.2083e+00
9.2024e+00
9.1965e+00
9.1906e+00
9.1847e+00
9.1729e+00
9.1729e+00
9.1670e+00
9.1610e+00
9.1551e+00
9.1551e+00
9.1433e+00
9.1374e+00
9.1374e+00
9.1315e+00
9.1255e+00
9.1196e+00
9.1078e+00
9.1078e+00
9.1019e+00
9.0841e+00
9.0841e+00
9.0782e+00
9.0664e+00
9.0664e+00
9.0664e+00
9.0546e+00
9.0486e+00
9.0368e+00
9.0368e+00
9.0250e+00
9.0250e+00
9.0131e+00
9.0072e+00
9.0013e+00
8.9954e+00
8.9895e+00
8.9835e+00
8.9658e+00
8.9599e+00
8.9539e+00
8.9539e+00
8.9480e+00
8.9539e+00
8.9421e+00
8.9480e+00
8.9243e+00
8.9243e+00
8.9184e+00
8.9066e+00
8.9066e+00
8.9006e+00
8.8947e+00
8.8947e+00
8.8888e+00
8.8770e+00
8.8710e+00
8.8651e+00
8.8592e+00
8.8533e+00
8.8533e+00
8.8414e+00
8.8355e+00
8.8355e+00
8.8177e+00
8.8118e+00
8.8000e+00
8.8000e+00
8.7881e+00
8.7822e+00
8.7822e+00
8.7703e+00
8.7644e+00
8.7526e+00
8.7526e+00
8.7526e+00
8.7407e+00
8.7348e+00
8.7229e+00
8.7229e+00
8.7170e+00
8.7052e+00
8.6992e+00
8.6992e+00
8.6814e+00
8.6814e+00
8.6696e+00
8.6637e+00
8.6577e+00
8.6399e+00
8.6399e+00
8.6399e+00
8.6281e+00
8.6222e+00
8.6162e+00
8.6044e+00
8.6044e+00
8.5984e+00
8.5866e+00
8.5747e+00
8.5629e+00
8.5569e+00
8.5510e+00
8.5451e+00
8.5332e+00
8.5332e+00
8.5273e+00
8.5273e+00
8.5154e+00
8.5035e+00
8.5035e+00
8.4917e+00
8.4798e+00
8.4680e+00
8.4502e+00
8.4442e+00
8.4323e+00
8.4205e+00
8.4145e+00
8.4027e+00
8.3967e+00
8.3908e+00
8.3789e+00
8.3671e+00
8.3493e+00
8.3374e+00
8.3314e+00
8.3255e+00
8.3136e+00
8.3018e+00
8.2899e+00
8.2780e+00
8.2721e+00
8.2661e+00
8.2483e+00
8.2364e+00
8.2305e+00
8.2186e+00
8.2127e+00
8.2067e+00
8.1889e+00
8.1770e+00
8.1711e+00
8.1711e+00
8.1533e+00
8.1533e+00
8.1414e+00
8.1295e+00
8.1236e+00
8.1176e+00
8.1057e+00
8.0998e+00
8.0879e+00
8.0879e+00
8.0879e+00
8.0760e+00
8.0701e+00
8.0641e+00
8.0522e+00
8.0463e+00
8.0403e+00
8.0285e+00
8.0106e+00
8.0106e+00
7.9987e+00
7.9868e+00
7.9749e+00
7.9749e+00
7.9630e+00
7.9571e+00
7.9511e+00
7.9452e+00
7.9393e+00
7.9333e+00
7.9214e+00
7.9155e+00
7.9036e+00
7.8857e+00
7.8738e+00
7.8738e+00
7.8619e+00
7.8560e+00
7.8381e+00
7.8441e+00
7.8322e+00
7.8262e+00
7.8262e+00
7.8024e+00
7.7905e+00
7.7846e+00
7.7727e+00
7.7608e+00
7.7548e+00
7.7488e+00
7.7310e+00
7.7191e+00
7.7191e+00
7.7131e+00
7.7072e+00
7.6953e+00
7.6834e+00
7.6774e+00
7.6655e+00
7.6595e+00
7.6476e+00
7.6417e+00
7.6298e+00
7.6178e+00
7.6119e+00
7.6000e+00
7.5940e+00
7.5821e+00
7.5761e+00
7.5702e+00
7.5583e+00
7.5464e+00
7.5344e+00
7.5344e+00
7.5285e+00
7.5225e+00
7.5166e+00
7.5046e+00
7.4987e+00
7.4927e+00
7.4808e+00
7.4689e+00
7.4629e+00
7.4629e+00
7.4510e+00
7.4450e+00
7.4391e+00
7.4272e+00
7.4152e+00
7.4033e+00
7.4033e+00
7.3914e+00
7.3854e+00
7.3854e+00
7.3795e+00
7.3675e+00
7.3556e+00
7.3437e+00
7.3318e+00
7.3258e+00
7.3318e+00
7.3318e+00
7.3437e+00
7.3437e+00
7.3377e+00
7.3377e+00
7.3377e+00
7.3198e+00
7.3198e+00
7.3198e+00
7.3019e+00
7.2960e+00
7.2900e+00
7.2840e+00
7.2721e+00
7.2661e+00
7.2602e+00
7.2542e+00
7.2542e+00
7.2482e+00
7.2423e+00
7.2303e+00
7.2184e+00
7.2124e+00
7.2124e+00
7.2065e+00
7.2005e+00
7.1886e+00
7.1826e+00
7.1707e+00
7.1587e+00
7.1528e+00
7.1408e+00
7.1229e+00
7.1169e+00
7.1110e+00
7.0990e+00
7.0931e+00
7.0931e+00
7.0811e+00
7.0811e+00
7.0751e+00
7.0632e+00
7.0632e+00
7.0513e+00
7.0513e+00
7.0393e+00
7.0274e+00
7.0214e+00
7.0154e+00
7.0094e+00
6.9975e+00
6.9975e+00
6.9915e+00
6.9856e+00
6.9796e+00
6.9676e+00
6.9617e+00
6.9617e+00
6.9557e+00
6.9437e+00
6.9378e+00
6.9258e+00
6.9198e+00
6.9198e+00
6.9139e+00
6.8900e+00
6.8900e+00
6.8900e+00
6.8840e+00
6.8720e+00
6.8720e+00
6.8660e+00
6.8660e+00
6.8541e+00
6.8481e+00
6.8362e+00
6.8242e+00
6.8182e+00
6.8122e+00
6.8003e+00
6.8003e+00
6.7883e+00
6.7764e+00
6.7704e+00
6.7584e+00
6.7584e+00
6.7525e+00
6.7465e+00
6.7405e+00
6.7285e+00
6.7345e+00
6.7405e+00
6.7285e+00
6.7166e+00
6.7106e+00
6.6986e+00
6.6867e+00
6.6807e+00
6.6747e+00
6.6687e+00
6.6687e+00
6.6627e+00
6.6568e+00
6.6448e+00
6.6448e+00
6.6388e+00
6.6268e+00
6.6209e+00
6.6149e+00
6.6089e+00
6.6089e+00
6.5969e+00
6.5909e+00
6.5849e+00
6.5849e+00
6.5790e+00
6.5730e+00
6.5610e+00
6.5550e+00
6.5550e+00
6.5490e+00
6.5431e+00
6.5311e+00
6.5251e+00
6.5251e+00
6.5191e+00
6.5131e+00
6.5011e+00
6.4952e+00
6.4892e+00
6.4832e+00
6.4772e+00
6.4712e+00
6.4652e+00
6.4592e+00
6.4532e+00
6.4532e+00
6.4532e+00
6.4532e+00
6.4473e+00
6.4413e+00
6.4293e+00
6.4293e+00
6.4233e+00
6.4113e+00
6.4053e+00
6.3993e+00
6.3874e+00
6.3874e+00
6.3874e+00
6.3754e+00
6.3634e+00
6.3694e+00
6.3634e+00
6.3514e+00
6.3454e+00
6.3394e+00
6.3335e+00
6.3335e+00
6.3215e+00
6.3215e+00
6.3155e+00
6.3035e+00
6.3035e+00
6.2975e+00
6.2855e+00
6.2795e+00
6.2735e+00
6.2615e+00
6.2615e+00
6.2555e+00
6.2496e+00
6.2436e+00
6.2376e+00
6.2376e+00
6.2316e+00
6.2256e+00
6.2196e+00
6.2196e+00
6.2076e+00
6.2016e+00
6.2016e+00
6.1896e+00
6.1776e+00
6.1776e+00
6.1716e+00
6.1656e+00
6.1536e+00
6.1536e+00
6.1416e+00
6.1356e+00
6.1356e+00
6.1236e+00
6.1117e+00
6.1057e+00
6.1057e+00
6.0997e+00
6.0877e+00
6.0817e+00
6.0817e+00
6.0757e+00
6.0697e+00
6.0697e+00
6.0637e+00
6.0517e+00
6.0457e+00
6.0397e+00
6.0337e+00
6.0277e+00
6.0217e+00
6.0157e+00
6.0097e+00
6.0037e+00
5.9917e+00
5.9797e+00
5.9677e+00
5.9677e+00
5.9737e+00
5.9677e+00
5.9617e+00
5.9557e+00
5.9497e+00
5.9317e+00
5.9256e+00
5.9136e+00
5.9136e+00
5.9016e+00
5.8956e+00
5.8896e+00
5.8836e+00
5.8656e+00
5.8596e+00
5.8596e+00
5.8476e+00
5.8476e+00
5.8416e+00
5.8296e+00
5.8296e+00
5.8236e+00
5.8116e+00
5.8056e+00
5.7996e+00
5.7875e+00
5.7815e+00
5.7755e+00
5.7695e+00
5.7635e+00
5.7515e+00
5.7455e+00
5.7395e+00
5.7395e+00
5.7275e+00
5.7155e+00
5.7034e+00
5.6974e+00
5.6974e+00
5.6854e+00
5.6674e+00
5.6614e+00
5.6554e+00
5.6433e+00
5.6433e+00
5.6373e+00
5.6253e+00
5.6253e+00
5.6193e+00
5.6073e+00
5.6013e+00
5.5953e+00
5.5832e+00
5.5832e+00
5.5832e+00
5.5712e+00
5.5652e+00
5.5652e+00
5.5532e+00
5.5472e+00
5.5411e+00
5.5351e+00
5.5231e+00
5.5171e+00
5.5111e+00
5.4990e+00
5.4930e+00
5.4930e+00
5.4810e+00
5.4750e+00
5.4630e+00
5.4509e+00
5.4389e+00
5.4329e+00
5.4269e+00
5.4208e+00
5.4148e+00
5.4148e+00
5.4028e+00
5.3908e+00
5.3908e+00
5.3847e+00
5.3787e+00
5.3727e+00
5.3607e+00
5.3607e+00
5.3486e+00
5.3366e+00
5.3306e+00
5.3185e+00
5.3125e+00
5.3065e+00
5.2884e+00
5.2884e+00
5.2824e+00
5.2764e+00
5.2644e+00
5.2583e+00
5.2523e+00
5.2523e+00
5.2403e+00
5.2282e+00
5.2282e+00
5.2162e+00
5.2162e+00
5.2102e+00
5.1981e+00
5.1861e+00
5.1921e+00
5.1861e+00
5.1801e+00
5.1740e+00
5.1680e+00
5.1620e+00
5.1560e+00
5.1560e+00
5.1499e+00
5.1439e+00
5.1379e+00
5.1258e+00
5.1258e+00
5.1138e+00
5.1078e+00
5.1017e+00
5.0897e+00
5.0837e+00
5.0837e+00
5.0716e+00
5.0656e+00
5.0716e+00
5.0656e+00
5.0475e+00
5.0415e+00
5.0354e+00
5.0354e+00
5.0354e+00
5.0354e+00
5.0174e+00
5.0053e+00
5.0053e+00
5.0053e+00
4.9993e+00
4.9933e+00
4.9872e+00
4.9752e+00
4.9691e+00
4.9631e+00
4.9571e+00
4.9511e+00
4.9450e+00
4.9390e+00
4.9269e+00
4.9209e+00
4.9149e+00
4.9209e+00
4.9088e+00
4.9028e+00
4.8968e+00
4.8847e+00
4.8847e+00
4.8787e+00
4.8727e+00
4.8666e+00
4.8666e+00
4.8606e+00
4.8546e+00
4.8425e+00
4.8304e+00
4.8304e+00
4.8244e+00
4.8063e+00
4.8063e+00
4.8063e+00
4.8003e+00
4.7942e+00
4.7882e+00
4.7761e+00
4.7701e+00
4.7701e+00
4.7701e+00
4.7580e+00
4.7460e+00
4.7399e+00
4.7339e+00
4.7279e+00
4.7158e+00
4.7158e+00
4.7097e+00
4.6977e+00
4.6977e+00
4.6977e+00
4.6916e+00
4.6796e+00
4.6796e+00
4.6735e+00
4.6615e+00
4.6554e+00
4.6494e+00
4.6494e+00
4.6433e+00
4.6313e+00
4.6192e+00
4.6131e+00
4.6131e+00
4.6071e+00
4.6011e+00
4.6011e+00
4.5950e+00
4.5830e+00
4.5830e+00
4.5769e+00
4.5709e+00
4.5588e+00
4.5528e+00
4.5407e+00
4.5407e+00
4.5346e+00
4.5346e+00
4.5286e+00
4.5286e+00
4.5225e+00
4.5165e+00
4.5165e+00
4.5165e+00
4.5044e+00
4.4984e+00
4.4923e+00
4.4803e+00
4.4742e+00
4.4682e+00
4.4561e+00
4.4500e+00
4.4440e+00
4.4380e+00
4.4198e+00
4.4138e+00
4.4138e+00
4.4077e+00
4.4077e+00
4.4017e+00
4.3896e+00
4.3896e+00
4.3836e+00
4.3775e+00
4.3775e+00
4.3654e+00
4.3533e+00
4.3473e+00
4.3412e+00
4.3352e+00
4.3291e+00
4.3291e+00
4.3171e+00
4.3110e+00
4.3110e+00
4.2989e+00
4.2868e+00
4.2868e+00
4.2808e+00
4.2687e+00
4.2626e+00
4.2566e+00
4.2505e+00
4.2445e+00
4.2324e+00
4.2324e+00
4.2324e+00
4.2263e+00
4.2142e+00
4.2082e+00
4.2021e+00
4.1961e+00
4.1900e+00
4.1840e+00
4.1779e+00
4.1719e+00
4.1658e+00
4.1598e+00
4.1537e+00
4.1477e+00
4.1356e+00
4.1356e+00
4.1235e+00
4.1114e+00
4.1114e+00
4.1053e+00
4.1053e+00
4.0993e+00
4.0932e+00
4.0872e+00
4.0750e+00
4.0690e+00
4.0569e+00
4.0508e+00
4.0508e+00
4.0387e+00
4.0266e+00
4.0206e+00
4.0084e+00
4.0024e+00
3.9963e+00
3.9903e+00
3.9782e+00
3.9721e+00
3.9661e+00
3.9661e+00
3.9539e+00
3.9479e+00
3.9418e+00
3.9297e+00
3.9176e+00
3.9055e+00
3.8994e+00
3.8934e+00
3.8873e+00
3.8813e+00
3.8752e+00
3.8691e+00
3.8570e+00
3.8449e+00
3.8388e+00
3.8388e+00
3.8328e+00
3.8267e+00
3.8146e+00
3.8025e+00
3.7964e+00
3.7904e+00
3.7843e+00
3.7782e+00
3.7661e+00
3.7661e+00
3.7479e+00
3.7419e+00
3.7419e+00
3.7358e+00
3.7297e+00
3.7176e+00
3.7055e+00
3.7115e+00
3.6994e+00
3.6933e+00
3.6812e+00
3.6691e+00
3.6630e+00
3.6509e+00
3.6509e+00
3.6448e+00
3.6327e+00
3.6266e+00
3.6206e+00
3.6145e+00
3.6084e+00
3.6024e+00
3.5963e+00
3.5902e+00
3.5781e+00
3.5660e+00
3.5599e+00
3.5599e+00
3.5478e+00
3.5417e+00
3.5356e+00
3.5296e+00
3.5235e+00
3.5235e+00
3.5053e+00
3.5053e+00
3.4992e+00
3.4931e+00
3.4931e+00
3.4871e+00
3.4810e+00
3.4689e+00
3.4567e+00
3.4446e+00
3.4446e+00
3.4385e+00
3.4203e+00
3.4142e+00
3.4082e+00
3.4082e+00
3.4021e+00
3.3960e+00
3.3778e+00
3.3778e+00
3.3657e+00
3.3535e+00
3.3535e+00
3.3535e+00
3.3353e+00
3.3231e+00
3.3231e+00
3.3171e+00
3.3110e+00
3.3110e+00
3.3049e+00
3.2988e+00
3.2988e+00
3.2928e+00
3.2806e+00
3.2806e+00
3.2745e+00
3.2624e+00
3.2502e+00
3.2442e+00
3.2381e+00
3.2320e+00
3.2199e+00
3.2138e+00
3.2077e+00
3.2016e+00
3.1895e+00
3.1834e+00
3.1773e+00
3.1712e+00
3.1652e+00
3.1652e+00
3.1530e+00
3.1469e+00
3.1408e+00
3.1348e+00
3.1287e+00
3.1104e+00
3.1044e+00
3.1044e+00
3.0983e+00
3.0861e+00
3.0740e+00
3.0679e+00
3.0557e+00
3.0496e+00
3.0314e+00
3.0071e+00
3.0010e+00
2.9949e+00
2.9888e+00
2.9766e+00
2.9706e+00
2.9645e+00
2.9523e+00
2.9462e+00
2.9401e+00
2.9340e+00
2.9280e+00
2.9219e+00
2.9158e+00
2.9097e+00
2.8975e+00
2.8975e+00
2.8975e+00
2.8914e+00
2.8793e+00
2.8732e+00
2.8610e+00
2.8610e+00
2.8549e+00
2.8488e+00
2.8428e+00
2.8428e+00
2.8367e+00
2.8245e+00
2.8184e+00
2.8184e+00
2.8123e+00
2.8123e+00
2.8062e+00
2.8062e+00
2.7940e+00
2.7880e+00
2.7758e+00
2.7636e+00
2.7575e+00
2.7514e+00
2.7514e+00
2.7453e+00
2.7514e+00
2.7392e+00
2.7332e+00
2.7332e+00
2.7210e+00
2.7210e+00
2.7149e+00
2.7088e+00
2.6966e+00
2.6966e+00
2.6844e+00
2.6783e+00
2.6722e+00
2.6601e+00
2.6540e+00
2.6601e+00
2.6479e+00
2.6479e+00
2.6479e+00
2.6357e+00
2.6235e+00
2.6235e+00
2.6235e+00
2.6174e+00
2.6052e+00
2.6052e+00
2.5991e+00
2.5930e+00
2.5808e+00
2.5747e+00
2.5747e+00
2.5747e+00
2.5686e+00
2.5686e+00
2.5686e+00
2.5565e+00
2.5443e+00
2.5382e+00
2.5382e+00
2.5260e+00
2.5199e+00
2.5138e+00
2.5016e+00
2.4955e+00
2.4894e+00
2.4833e+00
2.4772e+00
2.4772e+00
2.4772e+00
2.4711e+00
2.4711e+00
2.4650e+00
2.4528e+00
2.4467e+00
2.4467e+00
2.4467e+00
2.4284e+00
2.4284e+00
2.4284e+00
2.4223e+00
2.4101e+00
2.4040e+00
2.4040e+00
2.4101e+00
2.4040e+00
2.3979e+00
2.3918e+00
2.3918e+00
2.3796e+00
2.3735e+00
2.3735e+00
2.3735e+00
2.3613e+00
2.3491e+00
2.3430e+00
2.3430e+00
2.3369e+00
2.3186e+00
2.3186e+00
2.3186e+00
2.3064e+00
2.3064e+00
2.3064e+00
2.3064e+00
2.2942e+00
2.2881e+00
2.2820e+00
2.2759e+00
2.2637e+00
2.2576e+00
2.2515e+00
2.2515e+00
2.2454e+00
2.2454e+00
2.2332e+00
2.2332e+00
2.2332e+00
2.2210e+00
2.2149e+00
2.2088e+00
2.2026e+00
2.2026e+00
2.1965e+00
2.1843e+00
2.1721e+00
2.1721e+00
2.1599e+00
2.1477e+00
2.1477e+00
2.1477e+00
2.1477e+00
2.1416e+00
2.1355e+00
2.1294e+00
2.1172e+00
2.1172e+00
2.1172e+00
2.1111e+00
2.1049e+00
2.0988e+00
2.0866e+00
2.0805e+00
2.0805e+00
2.0683e+00
2.0561e+00
2.0500e+00
2.0561e+00
2.0439e+00
2.0377e+00
2.0316e+00
2.0255e+00
2.0194e+00
2.0194e+00
2.0194e+00
2.0133e+00
2.0072e+00
2.0011e+00
2.0011e+00
1.9950e+00
1.9889e+00
1.9828e+00
1.9766e+00
1.9705e+00
1.9644e+00
1.9644e+00
1.9583e+00
1.9461e+00
1.9400e+00
1.9339e+00
1.9277e+00
1.9216e+00
1.9094e+00
1.9094e+00
1.9033e+00
1.8972e+00
1.8911e+00
1.8850e+00
1.8788e+00
1.8727e+00
1.8666e+00
1.8544e+00
1.8483e+00
1.8422e+00
1.8360e+00
1.8238e+00
1.8177e+00
1.8177e+00
1.8116e+00
1.7993e+00
1.7993e+00
1.7932e+00
1.7810e+00
1.7749e+00
1.7626e+00
1.7626e+00
1.7688e+00
1.7565e+00
1.7443e+00
1.7382e+00
1.7321e+00
1.7259e+00
1.7259e+00
1.7198e+00
1.7076e+00
1.7015e+00
1.6892e+00
1.6831e+00
1.6831e+00
1.6770e+00
1.6709e+00
1.6647e+00
1.6647e+00
1.6464e+00
1.6341e+00
1.6341e+00
1.6280e+00
1.6280e+00
1.6280e+00
1.6219e+00
1.6097e+00
1.6035e+00
1.5974e+00
1.5974e+00
1.5913e+00
1.5852e+00
1.5729e+00
1.5668e+00
1.5668e+00
1.5546e+00
1.5546e+00
1.5484e+00
1.5484e+00
1.5423e+00
1.5362e+00
1.5301e+00
1.5239e+00
1.5178e+00
1.5178e+00
1.5117e+00
1.5056e+00
1.4933e+00
1.4872e+00
1.4811e+00
1.4749e+00
1.4749e+00
1.4749e+00
1.4627e+00
1.4566e+00
1.4504e+00
1.4382e+00
1.4382e+00
1.4382e+00
1.4321e+00
1.4259e+00
1.4198e+00
1.4137e+00
1.4014e+00
1.3953e+00
1.4014e+00
1.3953e+00
1.3892e+00
1.3830e+00
1.3769e+00
1.3769e+00
1.3708e+00
1.3708e+00
1.3585e+00
1.3585e+00
1.3524e+00
1.3463e+00
1.3402e+00
1.3402e+00
1.3340e+00
1.3218e+00
1.3218e+00
1.3156e+00
1.3095e+00
1.3034e+00
1.2972e+00
1.2911e+00
1.2972e+00
1.2911e+00
1.2789e+00
1.2666e+00
1.2605e+00
1.2605e+00
1.2543e+00
1.2543e+00
1.2421e+00
1.2298e+00
1.2298e+00
1.2298e+00
1.2237e+00
1.2237e+00
1.2175e+00
1.2175e+00
1.2114e+00
1.2053e+00
1.1991e+00
1.1930e+00
1.1807e+00
1.1746e+00
1.1746e+00
1.1623e+00
1.1562e+00
1.1562e+00
1.1439e+00
1.1378e+00
1.1378e+00
1.1317e+00
1.1317e+00
1.1255e+00
1.1133e+00
1.1133e+00
1.1071e+00
1.1010e+00
1.0887e+00
1.0826e+00
1.0826e+00
1.0703e+00
1.0642e+00
1.0580e+00
1.0580e+00
1.0580e+00
1.0519e+00
1.0458e+00
1.0335e+00
1.0274e+00
1.0212e+00
1.0212e+00
1.0151e+00
1.0089e+00
9.9666e-01
9.7825e-01
9.8439e-01
9.7825e-01
9.6597e-01
9.6597e-01
9.5369e-01
9.4141e-01
9.3527e-01
9.3527e-01
9.2913e-01
9.1685e-01
9.1071e-01
9.0457e-01
8.9843e-01
8.8615e-01
8.8000e-01
8.7386e-01
8.6772e-01
8.6158e-01
8.5543e-01
8.4929e-01
8.4315e-01
8.4315e-01
8.3701e-01
8.2472e-01
8.2472e-01
8.1858e-01
8.1243e-01
8.0629e-01
8.0015e-01
7.9400e-01
7.9400e-01
7.8171e-01
7.6943e-01
7.6943e-01
7.6328e-01
7.5713e-01
7.4485e-01
7.4485e-01
7.4485e-01
7.3870e-01
7.3255e-01
7.3255e-01
7.2026e-01
7.2026e-01
7.2026e-01
7.1412e-01
7.0182e-01
6.9568e-01
6.8338e-01
6.7724e-01
6.7724e-01
6.6494e-01
6.5879e-01
6.5264e-01
6.4035e-01
6.3420e-01
6.3420e-01
6.2190e-01
6.1575e-01
6.0960e-01
6.0346e-01
5.9731e-01
5.9116e-01
5.9116e-01
5.7886e-01
5.7271e-01
5.7271e-01
5.6041e-01
5.5426e-01
5.4195e-01
5.3580e-01
5.3580e-01
5.2350e-01
5.1735e-01
5.1120e-01
5.0504e-01
4.9274e-01
4.8659e-01
4.8043e-01
4.7428e-01
4.6198e-01
4.5582e-01
4.4352e-01
4.3736e-01
4.2505e-01
4.1274e-01
4.1274e-01
4.0659e-01
3.9428e-01
3.8812e-01
3.8197e-01
3.7581e-01
3.6966e-01
3.5735e-01
3.5119e-01
3.4503e-01
3.3888e-01
3.3272e-01
3.2656e-01
3.2656e-01
3.2041e-01
3.0809e-01
3.0193e-01
3.0809e-01
2.9578e-01
2.8962e-01
2.8346e-01
2.7114e-01
2.5882e-01
2.5267e-01
2.4651e-01
2.4035e-01
2.3419e-01
2.2187e-01
2.2803e-01
2.2803e-01
2.1571e-01
2.0955e-01
2.0955e-01
1.9723e-01
1.8491e-01
1.8491e-01
1.8491e-01
1.7874e-01
1.7258e-01
1.7258e-01
1.7258e-01
1.6026e-01
1.5410e-01
1.4794e-01
1.4794e-01
1.4178e-01
1.3561e-01
1.2945e-01
1.1713e-01
1.1096e-01
1.0480e-01
9.8635e-02
9.2472e-02
9.2472e-02
9.2472e-02
8.0145e-02
7.3981e-02
7.3981e-02
6.1652e-02
5.5488e-02
5.5488e-02
4.9323e-02
4.3158e-02
3.6993e-02
3.0828e-02
2.4663e-02
1.8497e-02
1.2332e-02
0000
