8.7510e+00
8.7463e+00
8.7367e+00
8.7367e+00
8.7319e+00
8.7272e+00
8.7224e+00
8.7176e+00
8.7128e+00
8.7128e+00
8.7128e+00
8.7033e+00
8.6985e+00
8.6985e+00
8.6937e+00
8.6842e+00
8.6794e+00
8.6794e+00
8.6698e+00
8.6603e+00
8.6507e+00
8.6459e+00
8.6412e+00
8.6316e+00
8.6268e+00
8.6220e+00
8.6173e+00
8.6173e+00
8.6125e+00
8.6077e+00
8.6029e+00
8.5981e+00
8.5838e+00
8.5790e+00
8.5790e+00
8.5742e+00
8.5647e+00
8.5551e+00
8.5503e+00
8.5456e+00
8.5503e+00
8.5456e+00
8.5312e+00
8.5312e+00
8.5264e+00
8.5216e+00
8.5216e+00
8.5216e+00
8.5169e+00
8.5073e+00
8.5073e+00
8.4977e+00
8.4929e+00
8.4882e+00
8.4834e+00
8.4786e+00
8.4786e+00
8.4738e+00
8.4738e+00
8.4738e+00
8.4642e+00
8.4642e+00
8.4595e+00
8.4547e+00
8.4499e+00
8.4547e+00
8.4499e+00
8.4499e+00
8.4403e+00
8.4308e+00
8.4260e+00
8.4212e+00
8.4164e+00
8.4164e+00
8.4068e+00
8.4021e+00
8.3973e+00
8.3973e+00
8.3877e+00
8.3877e+00
8.3877e+00
8.3829e+00
8.3686e+00
8.3638e+00
8.3638e+00
8.3638e+00
8.3590e+00
8.3590e+00
8.3542e+00
8.3494e+00
8.3398e+00
8.3398e+00
8.3303e+00
8.3303e+00
8.3303e+00
8.3255e+00
8.3159e+00
8.3111e+00
8.3063e+00
8.3111e+00
8.3015e+00
8.2968e+00
8.2968e+00
8.2872e+00
8.2872e+00
8.2872e+00
8.2776e+00
8.2776e+00
8.2728e+00
8.2728e+00
8.2728e+00
8.2632e+00
8.2584e+00
8.2632e+00
8.2537e+00
8.2537e+00
8.2584e+00
8.2537e+00
8.2441e+00
8.2489e+00
8.2393e+00
8.2297e+00
8.2297e+00
8.2201e+00
8.2201e+00
8.2153e+00
8.2153e+00
8.2201e+00
8.2058e+00
8.2058e+00
8.2010e+00
8.1962e+00
8.1962e+00
8.1962e+00
8.1818e+00
8.1770e+00
8.1722e+00
8.1674e+00
8.1674e+00
8.1722e+00
8.1722e+00
8.1674e+00
8.1627e+00
8.1627e+00
8.1627e+00
8.1579e+00
8.1483e+00
8.1531e+00
8.1531e+00
8.1387e+00
8.1339e+00
8.1291e+00
8.1243e+00
8.1243e+00
8.1243e+00
8.1195e+00
8.1147e+00
8.1195e+00
8.1147e+00
8.1195e+00
8.1099e+00
8.1052e+00
8.1004e+00
8.1004e+00
8.0956e+00
8.0908e+00
8.0956e+00
8.1004e+00
8.0956e+00
8.0908e+00
8.0908e+00
8.0956e+00
8.0908e+00
8.0860e+00
8.0812e+00
8.0860e+00
8.0812e+00
8.0764e+00
8.0716e+00
8.0668e+00
8.0716e+00
8.0716e+00
8.0716e+00
8.0620e+00
8.0668e+00
8.0668e+00
8.0668e+00
8.0668e+00
8.0716e+00
8.0716e+00
8.0716e+00
8.0764e+00
8.0716e+00
8.0716e+00
8.0668e+00
8.0668e+00
8.0620e+00
8.0620e+00
8.0668e+00
8.0524e+00
8.0572e+00
8.0620e+00
8.0620e+00
8.0620e+00
8.0572e+00
8.0524e+00
8.0524e+00
8.0524e+00
8.0524e+00
8.0476e+00
8.0524e+00
8.0572e+00
8.0572e+00
8.0476e+00
8.0428e+00
8.0333e+00
8.0381e+00
8.0381e+00
8.0381e+00
8.0381e+00
8.0285e+00
8.0189e+00
8.0189e+00
8.0141e+00
8.0141e+00
8.0093e+00
7.9997e+00
7.9949e+00
7.9901e+00
7.9853e+00
7.9805e+00
7.9709e+00
7.9661e+00
7.9709e+00
7.9613e+00
7.9469e+00
7.9469e+00
7.9565e+00
7.9469e+00
7.9422e+00
7.9374e+00
7.9374e+00
7.9278e+00
7.9182e+00
7.9230e+00
7.9134e+00
7.9086e+00
7.9038e+00
7.9038e+00
7.8942e+00
7.8894e+00
7.8894e+00
7.8798e+00
7.8798e+00
7.8702e+00
7.8702e+00
7.8654e+00
7.8606e+00
7.8558e+00
7.8510e+00
7.8414e+00
7.8414e+00
7.8414e+00
7.8318e+00
7.8174e+00
7.8126e+00
7.8126e+00
7.8078e+00
7.7982e+00
7.7934e+00
7.7838e+00
7.7838e+00
7.7742e+00
7.7742e+00
7.7598e+00
7.7454e+00
7.7406e+00
7.7358e+00
7.7262e+00
7.7166e+00
7.7166e+00
7.7070e+00
7.7022e+00
7.6926e+00
7.6782e+00
7.6734e+00
7.6734e+00
7.6686e+00
7.6590e+00
7.6542e+00
7.6446e+00
7.6398e+00
7.6253e+00
7.6205e+00
7.6157e+00
7.6013e+00
7.5965e+00
7.5917e+00
7.5821e+00
7.5773e+00
7.5677e+00
7.5629e+00
7.5581e+00
7.5533e+00
7.5437e+00
7.5389e+00
7.5292e+00
7.5148e+00
7.5052e+00
7.5052e+00
7.4908e+00
7.4860e+00
7.4716e+00
7.4667e+00
7.4667e+00
7.4619e+00
7.4523e+00
7.4523e+00
7.4427e+00
7.4379e+00
7.4331e+00
7.4283e+00
7.4187e+00
7.4090e+00
7.4090e+00
7.4090e+00
7.3994e+00
7.3898e+00
7.3802e+00
7.3754e+00
7.3754e+00
7.3706e+00
7.3658e+00
7.3561e+00
7.3513e+00
7.3513e+00
7.3513e+00
7.3513e+00
7.3369e+00
7.3321e+00
7.3225e+00
7.3225e+00
7.3225e+00
7.3128e+00
7.3032e+00
7.2984e+00
7.2936e+00
7.2888e+00
7.2840e+00
7.2791e+00
7.2695e+00
7.2647e+00
7.2647e+00
7.2551e+00
7.2503e+00
7.2503e+00
7.2406e+00
7.2358e+00
7.2310e+00
7.2214e+00
7.2214e+00
7.2166e+00
7.2118e+00
7.2069e+00
7.2021e+00
7.1973e+00
7.1973e+00
7.1925e+00
7.1877e+00
7.1829e+00
7.1732e+00
7.1684e+00
7.1732e+00
7.1684e+00
7.1588e+00
7.1588e+00
7.1540e+00
7.1492e+00
7.1395e+00
7.1347e+00
7.1299e+00
7.1299e+00
7.1203e+00
7.1155e+00
7.1106e+00
7.1106e+00
7.1058e+00
7.0962e+00
7.0866e+00
7.0769e+00
7.0769e+00
7.0673e+00
7.0576e+00
7.0528e+00
7.0528e+00
7.0384e+00
7.0336e+00
7.0336e+00
7.0287e+00
7.0143e+00
7.0143e+00
7.0143e+00
7.0046e+00
6.9950e+00
6.9854e+00
6.9805e+00
6.9757e+00
6.9709e+00
6.9661e+00
6.9661e+00
6.9613e+00
6.9564e+00
6.9468e+00
6.9468e+00
6.9420e+00
6.9420e+00
6.9372e+00
6.9323e+00
6.9227e+00
6.9227e+00
6.9131e+00
6.8986e+00
6.8938e+00
6.8841e+00
6.8793e+00
6.8745e+00
6.8648e+00
6.8600e+00
6.8504e+00
6.8455e+00
6.8455e+00
6.8407e+00
6.8262e+00
6.8262e+00
6.8214e+00
6.8118e+00
6.8070e+00
6.7925e+00
6.7877e+00
6.7828e+00
6.7780e+00
6.7684e+00
6.7539e+00
6.7491e+00
6.7442e+00
6.7394e+00
6.7298e+00
6.7201e+00
6.7153e+00
6.7104e+00
6.7008e+00
6.6863e+00
6.6815e+00
6.6767e+00
6.6670e+00
6.6525e+00
6.6429e+00
6.6429e+00
6.6380e+00
6.6284e+00
6.6236e+00
6.6139e+00
6.6139e+00
6.6042e+00
6.5946e+00
6.5946e+00
6.5849e+00
6.5753e+00
6.5704e+00
6.5608e+00
6.5559e+00
6.5511e+00
6.5511e+00
6.5414e+00
6.5366e+00
6.5318e+00
6.5270e+00
6.5221e+00
6.5125e+00
6.5125e+00
6.5028e+00
6.5028e+00
6.4980e+00
6.4883e+00
6.4835e+00
6.4835e+00
6.4690e+00
6.4641e+00
6.4690e+00
6.4593e+00
6.4545e+00
6.4496e+00
6.4448e+00
6.4400e+00
6.4303e+00
6.4255e+00
6.4303e+00
6.4255e+00
6.4158e+00
6.4061e+00
6.3965e+00
6.3916e+00
6.3916e+00
6.3820e+00
6.3723e+00
6.3626e+00
6.3626e+00
6.3626e+00
6.3578e+00
6.3481e+00
6.3481e+00
6.3481e+00
6.3336e+00
6.3239e+00
6.3191e+00
6.3143e+00
6.3046e+00
6.3046e+00
6.2998e+00
6.2901e+00
6.2901e+00
6.2804e+00
6.2707e+00
6.2611e+00
6.2611e+00
6.2562e+00
6.2514e+00
6.2514e+00
6.2466e+00
6.2417e+00
6.2320e+00
6.2320e+00
6.2272e+00
6.2224e+00
6.2175e+00
6.2127e+00
6.2079e+00
6.2079e+00
6.2030e+00
6.1982e+00
6.1933e+00
6.1885e+00
6.1885e+00
6.1885e+00
6.1885e+00
6.1788e+00
6.1691e+00
6.1740e+00
6.1595e+00
6.1498e+00
6.1498e+00
6.1401e+00
6.1353e+00
6.1401e+00
6.1353e+00
6.1304e+00
6.1304e+00
6.1256e+00
6.1304e+00
6.1449e+00
6.1353e+00
6.1401e+00
6.1304e+00
6.1207e+00
6.1256e+00
6.1207e+00
6.1207e+00
6.1159e+00
6.1062e+00
6.1062e+00
6.1014e+00
6.0965e+00
6.0917e+00
6.0868e+00
6.0772e+00
6.0723e+00
6.0578e+00
6.0384e+00
6.0384e+00
6.0287e+00
6.0190e+00
6.0094e+00
6.0045e+00
5.9948e+00
5.9997e+00
5.9997e+00
5.9851e+00
5.9851e+00
5.9851e+00
5.9755e+00
5.9658e+00
5.9609e+00
5.9561e+00
5.9561e+00
5.9415e+00
5.9367e+00
5.9318e+00
5.9173e+00
5.9173e+00
5.9076e+00
5.8979e+00
5.8785e+00
5.8737e+00
5.8688e+00
5.8688e+00
5.8640e+00
5.8591e+00
5.8591e+00
5.8398e+00
5.8301e+00
5.8301e+00
5.8252e+00
5.8155e+00
5.8058e+00
5.8058e+00
5.7961e+00
5.7961e+00
5.7913e+00
5.7816e+00
5.7816e+00
5.7719e+00
5.7670e+00
5.7622e+00
5.7573e+00
5.7525e+00
5.7476e+00
5.7428e+00
5.7379e+00
5.7379e+00
5.7282e+00
5.7282e+00
5.7185e+00
5.7137e+00
5.7088e+00
5.7040e+00
5.7040e+00
5.7088e+00
5.7088e+00
5.7040e+00
5.7040e+00
5.6991e+00
5.6943e+00
5.6943e+00
5.6894e+00
5.6846e+00
5.6846e+00
5.6797e+00
5.6846e+00
5.6749e+00
5.6749e+00
5.6700e+00
5.6603e+00
5.6652e+00
5.6652e+00
5.6603e+00
5.6603e+00
5.6555e+00
5.6555e+00
5.6506e+00
5.6409e+00
5.6360e+00
5.6360e+00
5.6312e+00
5.6263e+00
5.6263e+00
5.6215e+00
5.6215e+00
5.6263e+00
5.6263e+00
5.6118e+00
5.6118e+00
5.6166e+00
5.6118e+00
5.6021e+00
5.5972e+00
5.5972e+00
5.5924e+00
5.5827e+00
5.5827e+00
5.5778e+00
5.5778e+00
5.5729e+00
5.5729e+00
5.5729e+00
5.5681e+00
5.5681e+00
5.5681e+00
5.5632e+00
5.5584e+00
5.5535e+00
5.5535e+00
5.5487e+00
5.5438e+00
5.5341e+00
5.5341e+00
5.5341e+00
5.5292e+00
5.5195e+00
5.5147e+00
5.5195e+00
5.5098e+00
5.5050e+00
5.5050e+00
5.5050e+00
5.4953e+00
5.4904e+00
5.4807e+00
5.4807e+00
5.4807e+00
5.4710e+00
5.4661e+00
5.4661e+00
5.4613e+00
5.4515e+00
5.4515e+00
5.4467e+00
5.4418e+00
5.4370e+00
5.4273e+00
5.4224e+00
5.4175e+00
5.4127e+00
5.4078e+00
5.3981e+00
5.3981e+00
5.3932e+00
5.3787e+00
5.3738e+00
5.3738e+00
5.3641e+00
5.3592e+00
5.3447e+00
5.3398e+00
5.3398e+00
5.3301e+00
5.3203e+00
5.3203e+00
5.3106e+00
5.3106e+00
5.3155e+00
5.3106e+00
5.3009e+00
5.2960e+00
5.2912e+00
5.2863e+00
5.2815e+00
5.2766e+00
5.2815e+00
5.2766e+00
5.2717e+00
5.2717e+00
5.2620e+00
5.2523e+00
5.2523e+00
5.2426e+00
5.2426e+00
5.2377e+00
5.2280e+00
5.2280e+00
5.2280e+00
5.2182e+00
5.2134e+00
5.2085e+00
5.2037e+00
5.2085e+00
5.2037e+00
5.1988e+00
5.1939e+00
5.1891e+00
5.1891e+00
5.1793e+00
5.1745e+00
5.1745e+00
5.1696e+00
5.1599e+00
5.1453e+00
5.1453e+00
5.1453e+00
5.1404e+00
5.1356e+00
5.1258e+00
5.1210e+00
5.1112e+00
5.1015e+00
5.0966e+00
5.0869e+00
5.0869e+00
5.0869e+00
5.0772e+00
5.0626e+00
5.0577e+00
5.0528e+00
5.0431e+00
5.0334e+00
5.0236e+00
5.0139e+00
5.0139e+00
5.0090e+00
5.0042e+00
4.9993e+00
4.9944e+00
4.9944e+00
4.9895e+00
4.9847e+00
4.9798e+00
4.9749e+00
4.9701e+00
4.9555e+00
4.9506e+00
4.9457e+00
4.9409e+00
4.9311e+00
4.9262e+00
4.9165e+00
4.9116e+00
4.9068e+00
4.9068e+00
4.8970e+00
4.8824e+00
4.8775e+00
4.8775e+00
4.8727e+00
4.8678e+00
4.8580e+00
4.8629e+00
4.8580e+00
4.8580e+00
4.8532e+00
4.8532e+00
4.8532e+00
4.8532e+00
4.8532e+00
4.8434e+00
4.8434e+00
4.8386e+00
4.8386e+00
4.8386e+00
4.8386e+00
4.8434e+00
4.8434e+00
4.8434e+00
4.8434e+00
4.8483e+00
4.8532e+00
4.8580e+00
4.8629e+00
4.8678e+00
4.8775e+00
4.8873e+00
4.9019e+00
4.9214e+00
4.9262e+00
4.9360e+00
4.9360e+00
4.9311e+00
4.9311e+00
4.9262e+00
4.9214e+00
4.9214e+00
4.9165e+00
4.9116e+00
4.9068e+00
4.9068e+00
4.9116e+00
4.9068e+00
4.9068e+00
4.9068e+00
4.8970e+00
4.8921e+00
4.8970e+00
4.9068e+00
4.9116e+00
4.9165e+00
4.9262e+00
4.9457e+00
4.9603e+00
4.9749e+00
4.9895e+00
5.0090e+00
5.0139e+00
5.0236e+00
5.0334e+00
5.0334e+00
5.0334e+00
5.0334e+00
5.0334e+00
5.0285e+00
5.0236e+00
5.0236e+00
5.0139e+00
5.0090e+00
5.0139e+00
5.0139e+00
5.0139e+00
5.0188e+00
5.0139e+00
5.0139e+00
5.0188e+00
5.0090e+00
5.0090e+00
5.0042e+00
4.9993e+00
4.9944e+00
4.9895e+00
4.9847e+00
4.9798e+00
4.9895e+00
4.9895e+00
4.9798e+00
4.9798e+00
4.9701e+00
4.9652e+00
4.9652e+00
4.9701e+00
4.9603e+00
4.9506e+00
4.9506e+00
4.9457e+00
4.9360e+00
4.9311e+00
4.9262e+00
4.9262e+00
4.9311e+00
4.9262e+00
4.9214e+00
4.9262e+00
4.9214e+00
4.9214e+00
4.9214e+00
4.9262e+00
4.9311e+00
4.9262e+00
4.9214e+00
4.9165e+00
4.9116e+00
4.9068e+00
4.9019e+00
4.8970e+00
4.8970e+00
4.8921e+00
4.8873e+00
4.8873e+00
4.8824e+00
4.8824e+00
4.8775e+00
4.8727e+00
4.8678e+00
4.8678e+00
4.8678e+00
4.8580e+00
4.8580e+00
4.8532e+00
4.8483e+00
4.8434e+00
4.8483e+00
4.8434e+00
4.8434e+00
4.8434e+00
4.8434e+00
4.8483e+00
4.8434e+00
4.8337e+00
4.8288e+00
4.8239e+00
4.8239e+00
4.8191e+00
4.8093e+00
4.8093e+00
4.8044e+00
4.8044e+00
4.8044e+00
4.8044e+00
4.8044e+00
4.8044e+00
4.8044e+00
4.8093e+00
4.8093e+00
4.8044e+00
4.7996e+00
4.7996e+00
4.8044e+00
4.8044e+00
4.8044e+00
4.7996e+00
4.7947e+00
4.7947e+00
4.7947e+00
4.7947e+00
4.7947e+00
4.7947e+00
4.7996e+00
4.7947e+00
4.7996e+00
4.7996e+00
4.7898e+00
4.7849e+00
4.7801e+00
4.7703e+00
4.7752e+00
4.7801e+00
4.7752e+00
4.7703e+00
4.7703e+00
4.7655e+00
4.7655e+00
4.7655e+00
4.7606e+00
4.7655e+00
4.7557e+00
4.7508e+00
4.7508e+00
4.7411e+00
4.7362e+00
4.7313e+00
4.7265e+00
4.7265e+00
4.7167e+00
4.7118e+00
4.7118e+00
4.7070e+00
4.7070e+00
4.7021e+00
4.6923e+00
4.6972e+00
4.6923e+00
4.6874e+00
4.6777e+00
4.6777e+00
4.6728e+00
4.6679e+00
4.6679e+00
4.6582e+00
4.6582e+00
4.6484e+00
4.6387e+00
4.6387e+00
4.6387e+00
4.6387e+00
4.6338e+00
4.6289e+00
4.6192e+00
4.6192e+00
4.6143e+00
4.6094e+00
4.6045e+00
4.5948e+00
4.5899e+00
4.5899e+00
4.5850e+00
4.5801e+00
4.5753e+00
4.5704e+00
4.5704e+00
4.5655e+00
4.5557e+00
4.5655e+00
4.5606e+00
4.5509e+00
4.5460e+00
4.5460e+00
4.5411e+00
4.5362e+00
4.5265e+00
4.5216e+00
4.5216e+00
4.5069e+00
4.4923e+00
4.4874e+00
4.4874e+00
4.4777e+00
4.4728e+00
4.4679e+00
4.4630e+00
4.4679e+00
4.4581e+00
4.4532e+00
4.4435e+00
4.4337e+00
4.4240e+00
4.4240e+00
4.4191e+00
4.4142e+00
4.4191e+00
4.4142e+00
4.4093e+00
4.4044e+00
4.3995e+00
4.3947e+00
4.3898e+00
4.3898e+00
4.3800e+00
4.3751e+00
4.3702e+00
4.3653e+00
4.3605e+00
4.3458e+00
4.3458e+00
4.3360e+00
4.3360e+00
4.3360e+00
4.3360e+00
4.3263e+00
4.3214e+00
4.3214e+00
4.3165e+00
4.3116e+00
4.3067e+00
4.3067e+00
4.3018e+00
4.2921e+00
4.2823e+00
4.2823e+00
4.2823e+00
4.2774e+00
4.2725e+00
4.2725e+00
4.2725e+00
4.2676e+00
4.2628e+00
4.2579e+00
4.2579e+00
4.2530e+00
4.2481e+00
4.2383e+00
4.2334e+00
4.2334e+00
4.2285e+00
4.2237e+00
4.2285e+00
4.2139e+00
4.2139e+00
4.2090e+00
4.2041e+00
4.2090e+00
4.1992e+00
4.1992e+00
4.1894e+00
4.1992e+00
4.1943e+00
4.1894e+00
4.1797e+00
4.1845e+00
4.1845e+00
4.1845e+00
4.1797e+00
4.1797e+00
4.1797e+00
4.1797e+00
4.1797e+00
4.1699e+00
4.1601e+00
4.1601e+00
4.1650e+00
4.1650e+00
4.1601e+00
4.1601e+00
4.1454e+00
4.1405e+00
4.1357e+00
4.1259e+00
4.1210e+00
4.1161e+00
4.1161e+00
4.1112e+00
4.1063e+00
4.0965e+00
4.0965e+00
4.0965e+00
4.0916e+00
4.0819e+00
4.0770e+00
4.0721e+00
4.0672e+00
4.0672e+00
4.0574e+00
4.0476e+00
4.0427e+00
4.0329e+00
4.0329e+00
4.0232e+00
4.0183e+00
4.0085e+00
3.9987e+00
3.9987e+00
3.9938e+00
3.9889e+00
3.9742e+00
3.9644e+00
3.9546e+00
3.9400e+00
3.9351e+00
3.9302e+00
3.9204e+00
3.9057e+00
3.8959e+00
3.8714e+00
3.8616e+00
3.8518e+00
3.8322e+00
3.8322e+00
3.8274e+00
3.8176e+00
3.8127e+00
3.8078e+00
3.8029e+00
3.7980e+00
3.7931e+00
3.7833e+00
3.7686e+00
3.7588e+00
3.7539e+00
3.7539e+00
3.7441e+00
3.7196e+00
3.6951e+00
3.6902e+00
3.6755e+00
3.6608e+00
3.6559e+00
3.6559e+00
3.6412e+00
3.6215e+00
3.6117e+00
3.5970e+00
3.5823e+00
3.5676e+00
3.5578e+00
3.5480e+00
3.5333e+00
3.5284e+00
3.5186e+00
3.5038e+00
3.4891e+00
3.4842e+00
3.4842e+00
3.4744e+00
3.4597e+00
3.4548e+00
3.4499e+00
3.4352e+00
3.4204e+00
3.4057e+00
3.3861e+00
3.3812e+00
3.3566e+00
3.3517e+00
3.3419e+00
3.3370e+00
3.3124e+00
3.3075e+00
3.2977e+00
3.2928e+00
3.2830e+00
3.2830e+00
3.2781e+00
3.2732e+00
3.2682e+00
3.2682e+00
3.2535e+00
3.2535e+00
3.2535e+00
3.2535e+00
3.2535e+00
3.2682e+00
3.2830e+00
3.2977e+00
3.3075e+00
3.3124e+00
3.3124e+00
3.3124e+00
3.3173e+00
3.3124e+00
3.3075e+00
3.2977e+00
3.2879e+00
3.2830e+00
3.2830e+00
3.2830e+00
3.2830e+00
3.2732e+00
3.2682e+00
3.2633e+00
3.2535e+00
3.2388e+00
3.2339e+00
3.2289e+00
3.2240e+00
3.2093e+00
3.1946e+00
3.1749e+00
3.1602e+00
3.1405e+00
3.1208e+00
3.1159e+00
3.1110e+00
3.1061e+00
3.0963e+00
3.0815e+00
3.0668e+00
3.0619e+00
3.0520e+00
3.0471e+00
3.0373e+00
3.0225e+00
3.0127e+00
3.0078e+00
3.0078e+00
2.9979e+00
2.9930e+00
2.9881e+00
2.9832e+00
2.9783e+00
2.9684e+00
2.9586e+00
2.9487e+00
2.9389e+00
2.9143e+00
2.9094e+00
2.8897e+00
2.8799e+00
2.8651e+00
2.8503e+00
2.8405e+00
2.8356e+00
2.8257e+00
2.8110e+00
2.8011e+00
2.8011e+00
2.8011e+00
2.7962e+00
2.7863e+00
2.7765e+00
2.7666e+00
2.7568e+00
2.7617e+00
2.7519e+00
2.7469e+00
2.7420e+00
2.7420e+00
2.7371e+00
2.7273e+00
2.7223e+00
2.7322e+00
2.7223e+00
2.7174e+00
2.7174e+00
2.7125e+00
2.7174e+00
2.7174e+00
2.7125e+00
2.7076e+00
2.7076e+00
2.7076e+00
2.7026e+00
2.6977e+00
2.6878e+00
2.6878e+00
2.6829e+00
2.6731e+00
2.6731e+00
2.6632e+00
2.6632e+00
2.6534e+00
2.6583e+00
2.6534e+00
2.6435e+00
2.6386e+00
2.6386e+00
2.6337e+00
2.6287e+00
2.6189e+00
2.6189e+00
2.6090e+00
2.6041e+00
2.5992e+00
2.5992e+00
2.5942e+00
2.5942e+00
2.5893e+00
2.5844e+00
2.5844e+00
2.5795e+00
2.5745e+00
2.5647e+00
2.5597e+00
2.5548e+00
2.5499e+00
2.5499e+00
2.5400e+00
2.5302e+00
2.5400e+00
2.5597e+00
2.5597e+00
2.5548e+00
2.5499e+00
2.5400e+00
2.5302e+00
2.5203e+00
2.5203e+00
2.5154e+00
2.5104e+00
2.5006e+00
2.4957e+00
2.4858e+00
2.4759e+00
2.4710e+00
2.4661e+00
2.4513e+00
2.4513e+00
2.4365e+00
2.4266e+00
2.4167e+00
2.4118e+00
2.4019e+00
2.3970e+00
2.3921e+00
2.3822e+00
2.3674e+00
2.3625e+00
2.3526e+00
2.3477e+00
2.3427e+00
2.3279e+00
2.3230e+00
2.3131e+00
2.3131e+00
2.3131e+00
2.3033e+00
2.2885e+00
2.2835e+00
2.2687e+00
2.2490e+00
2.2440e+00
2.2391e+00
2.2292e+00
2.2243e+00
2.2144e+00
2.2045e+00
2.1996e+00
2.1996e+00
2.1848e+00
2.1749e+00
2.1700e+00
2.1650e+00
2.1601e+00
2.1502e+00
2.1403e+00
2.1354e+00
2.1305e+00
2.1206e+00
2.1156e+00
2.1058e+00
2.1008e+00
2.1008e+00
2.0909e+00
2.0860e+00
2.0811e+00
2.0712e+00
2.0613e+00
2.0514e+00
2.0366e+00
2.0366e+00
2.0267e+00
2.0168e+00
2.0119e+00
2.0020e+00
1.9970e+00
1.9921e+00
1.9921e+00
1.9822e+00
1.9624e+00
1.9525e+00
1.9476e+00
1.9476e+00
1.9377e+00
1.9328e+00
1.9328e+00
1.9229e+00
1.9130e+00
1.9080e+00
1.8982e+00
1.8833e+00
1.8734e+00
1.8635e+00
1.8635e+00
1.8487e+00
1.8437e+00
1.8339e+00
1.8240e+00
1.8190e+00
1.8141e+00
1.8042e+00
1.7893e+00
1.7794e+00
1.7745e+00
1.7695e+00
1.7646e+00
1.7547e+00
1.7448e+00
1.7398e+00
1.7398e+00
1.7349e+00
1.7250e+00
1.7299e+00
1.7250e+00
1.7151e+00
1.7101e+00
1.7101e+00
1.7002e+00
1.6903e+00
1.6854e+00
1.6755e+00
1.6557e+00
1.6507e+00
1.6507e+00
1.6359e+00
1.6309e+00
1.6309e+00
1.6260e+00
1.6161e+00
1.6062e+00
1.5963e+00
1.5864e+00
1.5764e+00
1.5616e+00
1.5616e+00
1.5566e+00
1.5467e+00
1.5418e+00
1.5319e+00
1.5269e+00
1.5170e+00
1.5120e+00
1.5120e+00
1.5120e+00
1.5120e+00
1.5170e+00
1.5170e+00
1.5319e+00
1.5467e+00
1.5665e+00
1.5665e+00
1.5715e+00
1.5665e+00
1.5715e+00
1.5715e+00
1.5715e+00
1.5715e+00
1.5715e+00
1.5665e+00
1.5764e+00
1.5764e+00
1.5913e+00
1.6111e+00
1.6359e+00
1.6458e+00
1.6606e+00
1.6656e+00
1.6656e+00
1.6656e+00
1.6656e+00
1.6606e+00
1.6606e+00
1.6507e+00
1.6458e+00
1.6408e+00
1.6359e+00
1.6260e+00
1.6210e+00
1.6161e+00
1.6111e+00
1.5963e+00
1.5814e+00
1.5814e+00
1.5715e+00
1.5665e+00
1.5616e+00
1.5517e+00
1.5566e+00
1.5467e+00
1.5368e+00
1.5319e+00
1.5368e+00
1.5319e+00
1.5220e+00
1.5170e+00
1.5120e+00
1.5120e+00
1.5071e+00
1.5021e+00
1.5021e+00
1.4922e+00
1.4922e+00
1.4823e+00
1.4774e+00
1.4724e+00
1.4724e+00
1.4625e+00
1.4575e+00
1.4575e+00
1.4526e+00
1.4476e+00
1.4377e+00
1.4377e+00
1.4327e+00
1.4278e+00
1.4278e+00
1.4278e+00
1.4228e+00
1.4080e+00
1.4080e+00
1.4030e+00
1.3980e+00
1.3931e+00
1.3881e+00
1.3881e+00
1.3782e+00
1.3782e+00
1.3782e+00
1.3633e+00
1.3584e+00
1.3534e+00
1.3485e+00
1.3385e+00
1.3336e+00
1.3286e+00
1.3237e+00
1.3237e+00
1.3237e+00
1.3137e+00
1.3088e+00
1.3088e+00
1.2989e+00
1.2939e+00
1.2889e+00
1.2840e+00
1.2790e+00
1.2741e+00
1.2641e+00
1.2592e+00
1.2542e+00
1.2443e+00
1.2393e+00
1.2294e+00
1.2244e+00
1.2244e+00
1.2195e+00
1.2145e+00
1.2096e+00
1.2096e+00
1.1996e+00
1.1947e+00
1.1947e+00
1.1847e+00
1.1798e+00
1.1699e+00
1.1599e+00
1.1500e+00
1.1500e+00
1.1401e+00
1.1450e+00
1.1401e+00
1.1301e+00
1.1351e+00
1.1301e+00
1.1202e+00
1.1103e+00
1.1053e+00
1.1004e+00
1.1004e+00
1.1004e+00
1.0904e+00
1.0855e+00
1.0755e+00
1.0755e+00
1.0706e+00
1.0656e+00
1.0606e+00
1.0656e+00
1.0656e+00
1.0557e+00
1.0557e+00
1.0507e+00
1.0408e+00
1.0358e+00
1.0308e+00
1.0308e+00
1.0259e+00
1.0209e+00
1.0159e+00
1.0060e+00
1.0010e+00
9.9605e-01
9.8612e-01
9.7618e-01
9.7618e-01
9.7618e-01
9.7121e-01
9.7121e-01
9.6624e-01
9.6127e-01
9.6127e-01
9.5631e-01
9.5134e-01
9.4637e-01
9.4140e-01
9.3643e-01
9.2649e-01
9.3146e-01
9.2649e-01
9.2152e-01
9.1158e-01
9.1158e-01
9.0661e-01
9.0661e-01
8.9667e-01
8.8673e-01
8.9170e-01
8.8673e-01
8.8176e-01
8.8176e-01
8.6685e-01
8.6188e-01
8.5193e-01
8.4696e-01
8.4696e-01
8.4199e-01
8.4696e-01
8.4199e-01
8.3205e-01
8.2210e-01
8.1713e-01
8.2210e-01
8.0718e-01
8.0221e-01
7.9724e-01
7.9724e-01
7.8232e-01
7.7237e-01
7.6740e-01
7.6740e-01
7.6740e-01
7.6243e-01
7.5745e-01
7.5248e-01
7.4751e-01
7.3756e-01
7.2761e-01
7.2263e-01
7.0771e-01
7.0273e-01
7.0273e-01
6.9776e-01
6.8781e-01
6.8283e-01
6.8283e-01
6.7288e-01
6.7288e-01
6.6790e-01
6.6293e-01
6.5298e-01
6.4800e-01
6.4800e-01
6.5298e-01
6.4302e-01
6.3805e-01
6.3805e-01
6.2809e-01
6.2312e-01
6.2312e-01
6.1814e-01
6.1316e-01
6.0818e-01
6.0321e-01
6.0321e-01
5.9823e-01
5.9823e-01
5.9325e-01
5.8329e-01
5.8329e-01
5.6836e-01
5.6338e-01
5.6836e-01
5.6338e-01
5.5342e-01
5.4844e-01
5.5342e-01
5.4347e-01
5.4347e-01
5.3351e-01
5.2853e-01
5.3351e-01
5.2853e-01
5.2355e-01
5.2355e-01
5.2355e-01
5.0861e-01
5.0363e-01
5.0861e-01
4.9367e-01
4.8371e-01
4.8371e-01
4.8371e-01
4.7873e-01
4.7374e-01
4.6378e-01
4.6378e-01
4.6378e-01
4.5382e-01
4.5382e-01
4.5382e-01
4.4386e-01
4.3389e-01
4.3389e-01
4.1895e-01
4.1895e-01
4.1895e-01
4.1397e-01
4.0898e-01
3.9902e-01
3.9403e-01
3.9902e-01
3.9403e-01
3.8407e-01
3.8905e-01
3.7909e-01
3.6912e-01
3.6912e-01
3.6414e-01
3.5915e-01
3.5417e-01
3.4420e-01
3.3922e-01
3.2925e-01
3.2426e-01
3.1429e-01
3.1429e-01
3.0931e-01
3.0931e-01
3.0432e-01
2.9934e-01
2.9435e-01
2.8937e-01
2.7940e-01
2.7940e-01
2.7940e-01
2.7940e-01
2.7441e-01
2.7441e-01
2.6444e-01
2.5945e-01
2.5447e-01
2.5945e-01
2.4449e-01
2.4449e-01
2.3951e-01
2.3951e-01
2.3452e-01
2.2953e-01
2.2455e-01
2.1956e-01
2.1457e-01
2.0958e-01
2.0460e-01
1.9961e-01
1.9462e-01
1.8963e-01
1.8464e-01
1.8963e-01
1.8963e-01
1.7966e-01
1.7467e-01
1.7467e-01
1.7467e-01
1.7467e-01
1.6968e-01
1.6469e-01
1.5471e-01
1.4973e-01
1.4973e-01
1.4474e-01
1.3476e-01
1.3476e-01
1.2478e-01
1.1979e-01
1.1979e-01
1.1979e-01
1.1480e-01
1.1480e-01
1.0981e-01
1.0482e-01
1.0482e-01
1.0482e-01
9.9829e-02
9.4838e-02
8.4858e-02
7.9867e-02
7.4876e-02
7.4876e-02
6.9885e-02
6.4894e-02
6.4894e-02
6.4894e-02
4.9920e-02
4.4929e-02
4.9920e-02
4.4929e-02
4.4929e-02
3.4945e-02
2.4962e-02
2.4962e-02
1.9969e-02
1.9969e-02
1.4977e-02
1.4977e-02
1.4977e-02
9.9850e-03
4.9920e-03
0000
4.9920e-03
