1.9400e+01
1.9397e+01
1.9393e+01
1.9382e+01
1.9374e+01
1.9360e+01
1.9352e+01
1.9352e+01
1.9349e+01
1.9338e+01
1.9338e+01
1.9330e+01
1.9323e+01
1.9312e+01
1.9301e+01
1.9293e+01
1.9289e+01
1.9286e+01
1.9278e+01
1.9275e+01
1.9264e+01
1.9249e+01
1.9241e+01
1.9234e+01
1.9230e+01
1.9216e+01
1.9212e+01
1.9204e+01
1.9201e+01
1.9190e+01
1.9179e+01
1.9171e+01
1.9171e+01
1.9160e+01
1.9149e+01
1.9138e+01
1.9130e+01
1.9119e+01
1.9112e+01
1.9105e+01
1.9097e+01
1.9082e+01
1.9079e+01
1.9075e+01
1.9064e+01
1.9056e+01
1.9049e+01
1.9034e+01
1.9034e+01
1.9031e+01
1.9012e+01
1.9005e+01
1.8997e+01
1.8986e+01
1.8982e+01
1.8971e+01
1.8964e+01
1.8953e+01
1.8949e+01
1.8938e+01
1.8931e+01
1.8923e+01
1.8916e+01
1.8908e+01
1.8901e+01
1.8890e+01
1.8879e+01
1.8868e+01
1.8864e+01
1.8849e+01
1.8842e+01
1.8834e+01
1.8819e+01
1.8812e+01
1.8812e+01
1.8808e+01
1.8797e+01
1.8790e+01
1.8782e+01
1.8775e+01
1.8760e+01
1.8749e+01
1.8741e+01
1.8734e+01
1.8727e+01
1.8716e+01
1.8704e+01
1.8693e+01
1.8682e+01
1.8678e+01
1.8671e+01
1.8656e+01
1.8649e+01
1.8641e+01
1.8634e+01
1.8630e+01
1.8619e+01
1.8604e+01
1.8597e+01
1.8586e+01
1.8575e+01
1.8567e+01
1.8560e+01
1.8545e+01
1.8534e+01
1.8526e+01
1.8515e+01
1.8504e+01
1.8500e+01
1.8497e+01
1.8482e+01
1.8478e+01
1.8463e+01
1.8452e+01
1.8441e+01
1.8433e+01
1.8426e+01
1.8415e+01
1.8407e+01
1.8396e+01
1.8389e+01
1.8381e+01
1.8378e+01
1.8370e+01
1.8363e+01
1.8352e+01
1.8344e+01
1.8341e+01
1.8322e+01
1.8314e+01
1.8303e+01
1.8288e+01
1.8285e+01
1.8270e+01
1.8262e+01
1.8259e+01
1.8244e+01
1.8233e+01
1.8229e+01
1.8218e+01
1.8207e+01
1.8199e+01
1.8188e+01
1.8177e+01
1.8169e+01
1.8158e+01
1.8147e+01
1.8147e+01
1.8132e+01
1.8117e+01
1.8110e+01
1.8102e+01
1.8088e+01
1.8084e+01
1.8084e+01
1.8076e+01
1.8058e+01
1.8047e+01
1.8035e+01
1.8024e+01
1.8024e+01
1.8017e+01
1.8002e+01
1.7991e+01
1.7972e+01
1.7965e+01
1.7957e+01
1.7946e+01
1.7931e+01
1.7927e+01
1.7920e+01
1.7905e+01
1.7894e+01
1.7886e+01
1.7875e+01
1.7868e+01
1.7857e+01
1.7838e+01
1.7834e+01
1.7823e+01
1.7816e+01
1.7804e+01
1.7793e+01
1.7786e+01
1.7782e+01
1.7771e+01
1.7763e+01
1.7748e+01
1.7734e+01
1.7734e+01
1.7726e+01
1.7711e+01
1.7700e+01
1.7693e+01
1.7678e+01
1.7663e+01
1.7651e+01
1.7640e+01
1.7633e+01
1.7625e+01
1.7618e+01
1.7607e+01
1.7595e+01
1.7584e+01
1.7584e+01
1.7577e+01
1.7562e+01
1.7551e+01
1.7543e+01
1.7536e+01
1.7528e+01
1.7513e+01
1.7502e+01
1.7495e+01
1.7487e+01
1.7476e+01
1.7461e+01
1.7454e+01
1.7446e+01
1.7439e+01
1.7431e+01
1.7420e+01
1.7409e+01
1.7401e+01
1.7386e+01
1.7375e+01
1.7371e+01
1.7364e+01
1.7356e+01
1.7345e+01
1.7338e+01
1.7334e+01
1.7323e+01
1.7312e+01
1.7304e+01
1.7297e+01
1.7285e+01
1.7278e+01
1.7263e+01
1.7255e+01
1.7248e+01
1.7240e+01
1.7226e+01
1.7214e+01
1.7207e+01
1.7196e+01
1.7184e+01
1.7177e+01
1.7166e+01
1.7158e+01
1.7151e+01
1.7139e+01
1.7132e+01
1.7128e+01
1.7117e+01
1.7113e+01
1.7102e+01
1.7095e+01
1.7080e+01
1.7068e+01
1.7057e+01
1.7046e+01
1.7038e+01
1.7027e+01
1.7016e+01
1.7012e+01
1.7001e+01
1.6997e+01
1.6982e+01
1.6967e+01
1.6960e+01
1.6956e+01
1.6952e+01
1.6937e+01
1.6926e+01
1.6911e+01
1.6900e+01
1.6892e+01
1.6881e+01
1.6873e+01
1.6862e+01
1.6847e+01
1.6836e+01
1.6832e+01
1.6821e+01
1.6810e+01
1.6799e+01
1.6787e+01
1.6780e+01
1.6768e+01
1.6757e+01
1.6750e+01
1.6735e+01
1.6727e+01
1.6708e+01
1.6697e+01
1.6690e+01
1.6678e+01
1.6671e+01
1.6667e+01
1.6656e+01
1.6648e+01
1.6633e+01
1.6630e+01
1.6622e+01
1.6611e+01
1.6603e+01
1.6585e+01
1.6573e+01
1.6570e+01
1.6566e+01
1.6555e+01
1.6543e+01
1.6536e+01
1.6525e+01
1.6521e+01
1.6513e+01
1.6502e+01
1.6491e+01
1.6483e+01
1.6476e+01
1.6461e+01
1.6449e+01
1.6442e+01
1.6427e+01
1.6412e+01
1.6412e+01
1.6397e+01
1.6385e+01
1.6374e+01
1.6359e+01
1.6348e+01
1.6340e+01
1.6333e+01
1.6322e+01
1.6310e+01
1.6299e+01
1.6291e+01
1.6273e+01
1.6258e+01
1.6254e+01
1.6246e+01
1.6231e+01
1.6220e+01
1.6209e+01
1.6194e+01
1.6186e+01
1.6179e+01
1.6164e+01
1.6164e+01
1.6156e+01
1.6141e+01
1.6130e+01
1.6115e+01
1.6103e+01
1.6088e+01
1.6077e+01
1.6062e+01
1.6058e+01
1.6054e+01
1.6039e+01
1.6024e+01
1.6013e+01
1.5998e+01
1.5987e+01
1.5975e+01
1.5964e+01
1.5949e+01
1.5941e+01
1.5934e+01
1.5919e+01
1.5907e+01
1.5904e+01
1.5889e+01
1.5881e+01
1.5866e+01
1.5851e+01
1.5851e+01
1.5847e+01
1.5836e+01
1.5828e+01
1.5821e+01
1.5809e+01
1.5790e+01
1.5779e+01
1.5768e+01
1.5760e+01
1.5753e+01
1.5741e+01
1.5726e+01
1.5723e+01
1.5715e+01
1.5704e+01
1.5696e+01
1.5685e+01
1.5670e+01
1.5662e+01
1.5662e+01
1.5655e+01
1.5636e+01
1.5628e+01
1.5624e+01
1.5617e+01
1.5609e+01
1.5598e+01
1.5587e+01
1.5579e+01
1.5564e+01
1.5556e+01
1.5549e+01
1.5541e+01
1.5530e+01
1.5522e+01
1.5515e+01
1.5504e+01
1.5500e+01
1.5488e+01
1.5473e+01
1.5462e+01
1.5454e+01
1.5447e+01
1.5436e+01
1.5432e+01
1.5424e+01
1.5409e+01
1.5398e+01
1.5390e+01
1.5383e+01
1.5379e+01
1.5371e+01
1.5360e+01
1.5356e+01
1.5345e+01
1.5337e+01
1.5330e+01
1.5315e+01
1.5303e+01
1.5292e+01
1.5284e+01
1.5277e+01
1.5273e+01
1.5262e+01
1.5246e+01
1.5235e+01
1.5228e+01
1.5220e+01
1.5209e+01
1.5201e+01
1.5193e+01
1.5182e+01
1.5178e+01
1.5167e+01
1.5152e+01
1.5148e+01
1.5140e+01
1.5129e+01
1.5125e+01
1.5110e+01
1.5103e+01
1.5091e+01
1.5076e+01
1.5072e+01
1.5065e+01
1.5050e+01
1.5042e+01
1.5038e+01
1.5027e+01
1.5012e+01
1.4993e+01
1.4989e+01
1.4985e+01
1.4978e+01
1.4966e+01
1.4947e+01
1.4947e+01
1.4940e+01
1.4924e+01
1.4921e+01
1.4913e+01
1.4906e+01
1.4894e+01
1.4879e+01
1.4871e+01
1.4864e+01
1.4852e+01
1.4837e+01
1.4837e+01
1.4830e+01
1.4818e+01
1.4807e+01
1.4796e+01
1.4788e+01
1.4784e+01
1.4777e+01
1.4769e+01
1.4761e+01
1.4750e+01
1.4739e+01
1.4735e+01
1.4723e+01
1.4704e+01
1.4697e+01
1.4693e+01
1.4685e+01
1.4674e+01
1.4670e+01
1.4663e+01
1.4659e+01
1.4655e+01
1.4648e+01
1.4640e+01
1.4629e+01
1.4621e+01
1.4610e+01
1.4598e+01
1.4591e+01
1.4583e+01
1.4572e+01
1.4560e+01
1.4549e+01
1.4541e+01
1.4534e+01
1.4530e+01
1.4526e+01
1.4515e+01
1.4507e+01
1.4507e+01
1.4499e+01
1.4484e+01
1.4473e+01
1.4469e+01
1.4461e+01
1.4446e+01
1.4435e+01
1.4427e+01
1.4423e+01
1.4416e+01
1.4408e+01
1.4401e+01
1.4389e+01
1.4378e+01
1.4366e+01
1.4355e+01
1.4343e+01
1.4332e+01
1.4328e+01
1.4321e+01
1.4309e+01
1.4302e+01
1.4294e+01
1.4286e+01
1.4275e+01
1.4267e+01
1.4256e+01
1.4245e+01
1.4241e+01
1.4226e+01
1.4214e+01
1.4199e+01
1.4191e+01
1.4184e+01
1.4168e+01
1.4157e+01
1.4157e+01
1.4138e+01
1.4123e+01
1.4119e+01
1.4104e+01
1.4096e+01
1.4088e+01
1.4077e+01
1.4066e+01
1.4054e+01
1.4047e+01
1.4035e+01
1.4024e+01
1.4016e+01
1.4005e+01
1.3993e+01
1.3982e+01
1.3970e+01
1.3959e+01
1.3947e+01
1.3940e+01
1.3936e+01
1.3921e+01
1.3909e+01
1.3902e+01
1.3894e+01
1.3879e+01
1.3860e+01
1.3848e+01
1.3841e+01
1.3833e+01
1.3822e+01
1.3806e+01
1.3799e+01
1.3787e+01
1.3780e+01
1.3772e+01
1.3761e+01
1.3749e+01
1.3745e+01
1.3734e+01
1.3715e+01
1.3703e+01
1.3696e+01
1.3684e+01
1.3669e+01
1.3657e+01
1.3650e+01
1.3642e+01
1.3627e+01
1.3612e+01
1.3604e+01
1.3593e+01
1.3581e+01
1.3573e+01
1.3562e+01
1.3554e+01
1.3543e+01
1.3528e+01
1.3516e+01
1.3508e+01
1.3493e+01
1.3482e+01
1.3474e+01
1.3459e+01
1.3447e+01
1.3436e+01
1.3428e+01
1.3413e+01
1.3401e+01
1.3394e+01
1.3382e+01
1.3375e+01
1.3371e+01
1.3359e+01
1.3344e+01
1.3336e+01
1.3325e+01
1.3313e+01
1.3298e+01
1.3287e+01
1.3275e+01
1.3260e+01
1.3252e+01
1.3241e+01
1.3233e+01
1.3222e+01
1.3214e+01
1.3199e+01
1.3183e+01
1.3176e+01
1.3160e+01
1.3149e+01
1.3141e+01
1.3130e+01
1.3118e+01
1.3111e+01
1.3095e+01
1.3084e+01
1.3072e+01
1.3065e+01
1.3053e+01
1.3045e+01
1.3034e+01
1.3019e+01
1.3007e+01
1.3007e+01
1.2992e+01
1.2973e+01
1.2965e+01
1.2957e+01
1.2942e+01
1.2927e+01
1.2919e+01
1.2907e+01
1.2904e+01
1.2888e+01
1.2877e+01
1.2865e+01
1.2861e+01
1.2850e+01
1.2838e+01
1.2831e+01
1.2819e+01
1.2800e+01
1.2792e+01
1.2781e+01
1.2773e+01
1.2762e+01
1.2754e+01
1.2739e+01
1.2727e+01
1.2719e+01
1.2704e+01
1.2693e+01
1.2681e+01
1.2673e+01
1.2669e+01
1.2658e+01
1.2643e+01
1.2631e+01
1.2620e+01
1.2612e+01
1.2600e+01
1.2581e+01
1.2570e+01
1.2558e+01
1.2550e+01
1.2531e+01
1.2516e+01
1.2516e+01
1.2508e+01
1.2497e+01
1.2485e+01
1.2473e+01
1.2462e+01
1.2450e+01
1.2435e+01
1.2427e+01
1.2416e+01
1.2404e+01
1.2393e+01
1.2381e+01
1.2374e+01
1.2366e+01
1.2354e+01
1.2343e+01
1.2335e+01
1.2320e+01
1.2304e+01
1.2297e+01
1.2289e+01
1.2277e+01
1.2266e+01
1.2258e+01
1.2243e+01
1.2231e+01
1.2220e+01
1.2204e+01
1.2196e+01
1.2189e+01
1.2185e+01
1.2173e+01
1.2154e+01
1.2146e+01
1.2135e+01
1.2123e+01
1.2108e+01
1.2100e+01
1.2092e+01
1.2081e+01
1.2065e+01
1.2054e+01
1.2046e+01
1.2039e+01
1.2023e+01
1.2012e+01
1.2000e+01
1.1992e+01
1.1985e+01
1.1965e+01
1.1954e+01
1.1950e+01
1.1946e+01
1.1927e+01
1.1907e+01
1.1896e+01
1.1884e+01
1.1877e+01
1.1865e+01
1.1853e+01
1.1846e+01
1.1834e+01
1.1826e+01
1.1823e+01
1.1807e+01
1.1796e+01
1.1788e+01
1.1780e+01
1.1765e+01
1.1753e+01
1.1738e+01
1.1730e+01
1.1718e+01
1.1703e+01
1.1691e+01
1.1680e+01
1.1668e+01
1.1653e+01
1.1641e+01
1.1626e+01
1.1618e+01
1.1610e+01
1.1599e+01
1.1583e+01
1.1579e+01
1.1572e+01
1.1556e+01
1.1548e+01
1.1541e+01
1.1529e+01
1.1514e+01
1.1498e+01
1.1483e+01
1.1467e+01
1.1463e+01
1.1452e+01
1.1436e+01
1.1425e+01
1.1409e+01
1.1401e+01
1.1390e+01
1.1374e+01
1.1359e+01
1.1351e+01
1.1340e+01
1.1324e+01
1.1320e+01
1.1305e+01
1.1293e+01
1.1278e+01
1.1262e+01
1.1254e+01
1.1247e+01
1.1231e+01
1.1223e+01
1.1216e+01
1.1200e+01
1.1185e+01
1.1169e+01
1.1158e+01
1.1150e+01
1.1134e+01
1.1123e+01
1.1103e+01
1.1096e+01
1.1084e+01
1.1072e+01
1.1061e+01
1.1049e+01
1.1034e+01
1.1022e+01
1.1014e+01
1.0999e+01
1.0991e+01
1.0972e+01
1.0960e+01
1.0956e+01
1.0948e+01
1.0929e+01
1.0913e+01
1.0898e+01
1.0878e+01
1.0871e+01
1.0859e+01
1.0844e+01
1.0832e+01
1.0816e+01
1.0805e+01
1.0785e+01
1.0781e+01
1.0770e+01
1.0750e+01
1.0739e+01
1.0731e+01
1.0708e+01
1.0692e+01
1.0688e+01
1.0673e+01
1.0657e+01
1.0646e+01
1.0634e+01
1.0618e+01
1.0595e+01
1.0595e+01
1.0587e+01
1.0576e+01
1.0556e+01
1.0537e+01
1.0529e+01
1.0525e+01
1.0513e+01
1.0490e+01
1.0478e+01
1.0471e+01
1.0459e+01
1.0451e+01
1.0440e+01
1.0432e+01
1.0416e+01
1.0404e+01
1.0389e+01
1.0373e+01
1.0362e+01
1.0350e+01
1.0338e+01
1.0331e+01
1.0311e+01
1.0303e+01
1.0299e+01
1.0280e+01
1.0272e+01
1.0257e+01
1.0253e+01
1.0241e+01
1.0225e+01
1.0210e+01
1.0198e+01
1.0194e+01
1.0183e+01
1.0171e+01
1.0159e+01
1.0148e+01
1.0140e+01
1.0128e+01
1.0113e+01
1.0101e+01
1.0093e+01
1.0081e+01
1.0070e+01
1.0062e+01
1.0050e+01
1.0035e+01
1.0019e+01
1.0007e+01
9.9956e+00
9.9878e+00
9.9722e+00
9.9605e+00
9.9449e+00
9.9332e+00
9.9215e+00
9.9137e+00
9.9020e+00
9.8864e+00
9.8747e+00
9.8629e+00
9.8512e+00
9.8434e+00
9.8317e+00
9.8239e+00
9.8122e+00
9.7966e+00
9.7849e+00
9.7693e+00
9.7537e+00
9.7341e+00
9.7263e+00
9.7146e+00
9.7029e+00
9.6951e+00
9.6873e+00
9.6755e+00
9.6599e+00
9.6521e+00
9.6404e+00
9.6287e+00
9.6130e+00
9.6052e+00
9.5935e+00
9.5818e+00
9.5740e+00
9.5544e+00
9.5427e+00
9.5388e+00
9.5349e+00
9.5231e+00
9.5036e+00
9.4958e+00
9.4840e+00
9.4723e+00
9.4567e+00
9.4449e+00
9.4293e+00
9.4215e+00
9.4136e+00
9.4097e+00
9.3941e+00
9.3745e+00
9.3667e+00
9.3510e+00
9.3393e+00
9.3315e+00
9.3236e+00
9.3119e+00
9.3041e+00
9.2962e+00
9.2767e+00
9.2688e+00
9.2610e+00
9.2493e+00
9.2414e+00
9.2297e+00
9.2140e+00
9.2023e+00
9.1905e+00
9.1748e+00
9.1748e+00
9.1631e+00
9.1513e+00
9.1396e+00
9.1357e+00
9.1278e+00
9.1122e+00
9.1004e+00
9.0886e+00
9.0808e+00
9.0691e+00
9.0534e+00
9.0416e+00
9.0299e+00
9.0181e+00
9.0063e+00
9.0024e+00
8.9906e+00
8.9750e+00
8.9710e+00
8.9593e+00
8.9593e+00
8.9514e+00
8.9397e+00
8.9318e+00
8.9200e+00
8.9122e+00
8.9044e+00
8.8847e+00
8.8651e+00
8.8612e+00
8.8573e+00
8.8455e+00
8.8298e+00
8.8180e+00
8.8023e+00
8.7905e+00
8.7748e+00
8.7591e+00
8.7552e+00
8.7474e+00
8.7316e+00
8.7277e+00
8.7159e+00
8.7042e+00
8.6924e+00
8.6767e+00
8.6688e+00
8.6609e+00
8.6452e+00
8.6334e+00
8.6295e+00
8.6177e+00
8.6059e+00
8.5981e+00
8.5784e+00
8.5666e+00
8.5627e+00
8.5509e+00
8.5352e+00
8.5273e+00
8.5155e+00
8.5077e+00
8.4959e+00
8.4919e+00
8.4801e+00
8.4644e+00
8.4526e+00
8.4408e+00
8.4369e+00
8.4211e+00
8.4054e+00
8.3975e+00
8.3936e+00
8.3779e+00
8.3660e+00
8.3542e+00
8.3503e+00
8.3346e+00
8.3228e+00
8.3149e+00
8.2991e+00
8.2873e+00
8.2716e+00
8.2598e+00
8.2480e+00
8.2361e+00
8.2283e+00
8.2165e+00
8.2007e+00
8.1849e+00
8.1731e+00
8.1613e+00
8.1495e+00
8.1377e+00
8.1298e+00
8.1219e+00
8.1140e+00
8.0983e+00
8.0825e+00
8.0746e+00
8.0667e+00
8.0510e+00
8.0431e+00
8.0352e+00
8.0194e+00
8.0076e+00
7.9918e+00
7.9839e+00
7.9760e+00
7.9642e+00
7.9484e+00
7.9366e+00
7.9169e+00
7.9050e+00
7.9011e+00
7.8853e+00
7.8735e+00
7.8656e+00
7.8577e+00
7.8458e+00
7.8301e+00
7.8182e+00
7.8103e+00
7.7985e+00
7.7906e+00
7.7787e+00
7.7669e+00
7.7590e+00
7.7471e+00
7.7393e+00
7.7274e+00
7.7116e+00
7.7037e+00
7.6879e+00
7.6840e+00
7.6721e+00
7.6563e+00
7.6444e+00
7.6365e+00
7.6247e+00
7.6089e+00
7.6049e+00
7.5931e+00
7.5773e+00
7.5654e+00
7.5535e+00
7.5456e+00
7.5338e+00
7.5259e+00
7.5140e+00
7.5021e+00
7.4942e+00
7.4903e+00
7.4824e+00
7.4666e+00
7.4586e+00
7.4468e+00
7.4349e+00
7.4230e+00
7.4151e+00
7.4033e+00
7.3953e+00
7.3874e+00
7.3756e+00
7.3637e+00
7.3518e+00
7.3439e+00
7.3399e+00
7.3320e+00
7.3162e+00
7.3083e+00
7.2924e+00
7.2766e+00
7.2687e+00
7.2608e+00
7.2568e+00
7.2449e+00
7.2330e+00
7.2212e+00
7.2093e+00
7.2053e+00
7.2014e+00
7.1974e+00
7.1816e+00
7.1736e+00
7.1617e+00
7.1499e+00
7.1380e+00
7.1221e+00
7.1142e+00
7.1102e+00
7.1023e+00
7.0865e+00
7.0746e+00
7.0706e+00
7.0627e+00
7.0508e+00
7.0310e+00
7.0230e+00
7.0151e+00
7.0032e+00
6.9953e+00
6.9873e+00
6.9754e+00
6.9635e+00
6.9516e+00
6.9437e+00
6.9358e+00
6.9239e+00
6.9159e+00
6.9120e+00
6.9001e+00
6.8961e+00
6.8802e+00
6.8604e+00
6.8524e+00
6.8445e+00
6.8326e+00
6.8247e+00
6.8167e+00
6.7969e+00
6.7929e+00
6.7850e+00
6.7731e+00
6.7651e+00
6.7532e+00
6.7453e+00
6.7294e+00
6.7175e+00
6.7095e+00
6.7016e+00
6.6897e+00
6.6777e+00
6.6698e+00
6.6618e+00
6.6460e+00
6.6340e+00
6.6340e+00
6.6261e+00
6.6142e+00
6.6062e+00
6.5943e+00
6.5784e+00
6.5704e+00
6.5625e+00
6.5466e+00
6.5347e+00
6.5188e+00
6.5029e+00
6.4949e+00
6.4790e+00
6.4710e+00
6.4591e+00
6.4472e+00
6.4352e+00
6.4313e+00
6.4273e+00
6.4153e+00
6.4074e+00
6.3994e+00
6.3875e+00
6.3756e+00
6.3676e+00
6.3557e+00
6.3437e+00
6.3278e+00
6.3238e+00
6.3119e+00
6.2999e+00
6.2920e+00
6.2760e+00
6.2681e+00
6.2601e+00
6.2482e+00
6.2402e+00
6.2322e+00
6.2243e+00
6.2123e+00
6.2004e+00
6.1924e+00
6.1765e+00
6.1645e+00
6.1526e+00
6.1366e+00
6.1326e+00
6.1287e+00
6.1127e+00
6.1087e+00
6.1047e+00
6.0928e+00
6.0848e+00
6.0729e+00
6.0649e+00
6.0569e+00
6.0450e+00
6.0370e+00
6.0250e+00
6.0091e+00
6.0011e+00
5.9931e+00
5.9851e+00
5.9772e+00
5.9652e+00
5.9572e+00
5.9492e+00
5.9413e+00
5.9293e+00
5.9213e+00
5.9133e+00
5.9014e+00
5.8934e+00
5.8854e+00
5.8774e+00
5.8694e+00
5.8575e+00
5.8455e+00
5.8335e+00
5.8255e+00
5.8176e+00
5.8056e+00
5.7976e+00
5.7856e+00
5.7657e+00
5.7577e+00
5.7537e+00
5.7417e+00
5.7337e+00
5.7177e+00
5.7058e+00
5.6938e+00
5.6858e+00
5.6778e+00
5.6698e+00
5.6618e+00
5.6498e+00
5.6298e+00
5.6219e+00
5.6139e+00
5.6059e+00
5.6019e+00
5.5899e+00
5.5819e+00
5.5739e+00
5.5659e+00
5.5539e+00
5.5379e+00
5.5299e+00
5.5219e+00
5.5019e+00
5.4939e+00
5.4859e+00
5.4779e+00
5.4659e+00
5.4619e+00
5.4499e+00
5.4379e+00
5.4259e+00
5.4179e+00
5.4059e+00
5.3939e+00
5.3859e+00
5.3659e+00
5.3539e+00
5.3459e+00
5.3419e+00
5.3299e+00
5.3179e+00
5.3099e+00
5.3019e+00
5.2939e+00
5.2818e+00
5.2738e+00
5.2698e+00
5.2578e+00
5.2458e+00
5.2338e+00
5.2258e+00
5.2138e+00
5.2017e+00
5.1977e+00
5.1817e+00
5.1697e+00
5.1617e+00
5.1537e+00
5.1457e+00
5.1376e+00
5.1256e+00
5.1136e+00
5.1016e+00
5.0896e+00
5.0775e+00
5.0695e+00
5.0575e+00
5.0455e+00
5.0415e+00
5.0294e+00
5.0134e+00
5.0014e+00
4.9893e+00
4.9773e+00
4.9733e+00
4.9653e+00
4.9532e+00
4.9412e+00
4.9332e+00
4.9251e+00
4.9091e+00
4.8971e+00
4.8890e+00
4.8770e+00
4.8650e+00
4.8569e+00
4.8489e+00
4.8328e+00
4.8288e+00
4.8168e+00
4.8128e+00
4.8088e+00
4.7967e+00
4.7847e+00
4.7807e+00
4.7726e+00
4.7526e+00
4.7445e+00
4.7365e+00
4.7365e+00
4.7244e+00
4.7124e+00
4.7044e+00
4.6883e+00
4.6843e+00
4.6722e+00
4.6602e+00
4.6481e+00
4.6361e+00
4.6280e+00
4.6200e+00
4.6119e+00
4.5999e+00
4.5959e+00
4.5838e+00
4.5718e+00
4.5677e+00
4.5557e+00
4.5396e+00
4.5356e+00
4.5315e+00
4.5114e+00
4.4994e+00
4.4954e+00
4.4873e+00
4.4793e+00
4.4712e+00
4.4592e+00
4.4511e+00
4.4431e+00
4.4310e+00
4.4189e+00
4.4069e+00
4.3988e+00
4.3867e+00
4.3747e+00
4.3666e+00
4.3586e+00
4.3465e+00
4.3304e+00
4.3264e+00
4.3224e+00
4.3143e+00
4.3143e+00
4.2942e+00
4.2821e+00
4.2700e+00
4.2579e+00
4.2499e+00
4.2338e+00
4.2217e+00
4.2136e+00
4.2096e+00
4.2016e+00
4.1895e+00
4.1854e+00
4.1814e+00
4.1653e+00
4.1572e+00
4.1492e+00
4.1331e+00
4.1250e+00
4.1169e+00
4.1049e+00
4.0968e+00
4.0887e+00
4.0766e+00
4.0645e+00
4.0565e+00
4.0484e+00
4.0363e+00
4.0202e+00
4.0202e+00
4.0121e+00
4.0000e+00
4.0000e+00
3.9879e+00
3.9799e+00
3.9637e+00
3.9557e+00
3.9436e+00
3.9234e+00
3.9153e+00
3.9113e+00
3.8992e+00
3.8831e+00
3.8790e+00
3.8709e+00
3.8629e+00
3.8548e+00
3.8467e+00
3.8346e+00
3.8265e+00
3.8144e+00
3.7983e+00
3.7862e+00
3.7741e+00
3.7700e+00
3.7700e+00
3.7498e+00
3.7377e+00
3.7296e+00
3.7256e+00
3.7175e+00
3.7095e+00
3.6973e+00
3.6852e+00
3.6812e+00
3.6650e+00
3.6529e+00
3.6489e+00
3.6367e+00
3.6246e+00
3.6125e+00
3.6004e+00
3.5882e+00
3.5842e+00
3.5761e+00
3.5680e+00
3.5640e+00
3.5519e+00
3.5438e+00
3.5357e+00
3.5316e+00
3.5155e+00
3.5074e+00
3.4912e+00
3.4831e+00
3.4750e+00
3.4669e+00
3.4548e+00
3.4427e+00
3.4305e+00
3.4224e+00
3.4144e+00
3.4063e+00
3.3941e+00
3.3901e+00
3.3820e+00
3.3698e+00
3.3577e+00
3.3496e+00
3.3415e+00
3.3294e+00
3.3132e+00
3.3010e+00
3.2929e+00
3.2848e+00
3.2727e+00
3.2686e+00
3.2605e+00
3.2605e+00
3.2524e+00
3.2363e+00
3.2282e+00
3.2160e+00
3.2079e+00
3.1998e+00
3.1876e+00
3.1714e+00
3.1633e+00
3.1512e+00
3.1471e+00
3.1350e+00
3.1228e+00
3.1147e+00
3.1066e+00
3.0945e+00
3.0863e+00
3.0782e+00
3.0620e+00
3.0539e+00
3.0377e+00
3.0336e+00
3.0296e+00
3.0174e+00
3.0012e+00
2.9972e+00
2.9890e+00
2.9769e+00
2.9688e+00
2.9607e+00
2.9525e+00
2.9404e+00
2.9282e+00
2.9201e+00
2.9039e+00
2.8998e+00
2.8876e+00
2.8795e+00
2.8714e+00
2.8633e+00
2.8552e+00
2.8471e+00
2.8308e+00
2.8186e+00
2.8146e+00
2.8024e+00
2.7983e+00
2.7943e+00
2.7780e+00
2.7659e+00
2.7618e+00
2.7537e+00
2.7415e+00
2.7415e+00
2.7293e+00
2.7253e+00
2.7131e+00
2.6968e+00
2.6887e+00
2.6765e+00
2.6684e+00
2.6562e+00
2.6481e+00
2.6399e+00
2.6278e+00
2.6196e+00
2.6074e+00
2.6034e+00
2.6034e+00
2.5871e+00
2.5749e+00
2.5627e+00
2.5546e+00
2.5505e+00
2.5383e+00
2.5383e+00
2.5261e+00
2.5139e+00
2.5058e+00
2.5058e+00
2.4936e+00
2.4814e+00
2.4733e+00
2.4692e+00
2.4611e+00
2.4448e+00
2.4285e+00
2.4245e+00
2.4163e+00
2.4082e+00
2.3960e+00
2.3919e+00
2.3797e+00
2.3675e+00
2.3594e+00
2.3512e+00
2.3431e+00
2.3309e+00
2.3227e+00
2.3187e+00
2.3105e+00
2.2942e+00
2.2820e+00
2.2739e+00
2.2698e+00
2.2617e+00
2.2495e+00
2.2372e+00
2.2291e+00
2.2250e+00
2.2128e+00
2.2087e+00
2.2006e+00
2.1884e+00
2.1843e+00
2.1761e+00
2.1558e+00
2.1354e+00
2.1273e+00
2.1191e+00
2.1110e+00
2.0987e+00
2.0906e+00
2.0784e+00
2.0621e+00
2.0621e+00
2.0580e+00
2.0457e+00
2.0335e+00
2.0213e+00
2.0131e+00
2.0050e+00
1.9927e+00
1.9846e+00
1.9724e+00
1.9642e+00
1.9560e+00
1.9397e+00
1.9234e+00
1.9193e+00
1.9071e+00
1.8948e+00
1.8908e+00
1.8826e+00
1.8704e+00
1.8663e+00
1.8500e+00
1.8377e+00
1.8296e+00
1.8214e+00
1.8091e+00
1.7969e+00
1.7887e+00
1.7806e+00
1.7683e+00
1.7561e+00
1.7479e+00
1.7397e+00
1.7357e+00
1.7234e+00
1.7112e+00
1.7030e+00
1.6948e+00
1.6826e+00
1.6662e+00
1.6581e+00
1.6458e+00
1.6376e+00
1.6254e+00
1.6131e+00
1.6049e+00
1.5968e+00
1.5845e+00
1.5722e+00
1.5682e+00
1.5559e+00
1.5395e+00
1.5354e+00
1.5273e+00
1.5109e+00
1.4946e+00
1.4946e+00
1.4905e+00
1.4741e+00
1.4618e+00
1.4537e+00
1.4496e+00
1.4332e+00
1.4209e+00
1.4128e+00
1.4087e+00
1.4005e+00
1.3882e+00
1.3759e+00
1.3637e+00
1.3596e+00
1.3514e+00
1.3350e+00
1.3227e+00
1.3186e+00
1.3064e+00
1.2941e+00
1.2900e+00
1.2736e+00
1.2613e+00
1.2531e+00
1.2531e+00
1.2450e+00
1.2368e+00
1.2286e+00
1.2122e+00
1.2040e+00
1.1958e+00
1.1794e+00
1.1671e+00
1.1671e+00
1.1590e+00
1.1467e+00
1.1426e+00
1.1303e+00
1.1180e+00
1.1139e+00
1.1016e+00
1.0934e+00
1.0852e+00
1.0729e+00
1.0688e+00
1.0647e+00
1.0524e+00
1.0401e+00
1.0319e+00
1.0237e+00
1.0073e+00
9.9911e-01
9.9501e-01
9.8681e-01
9.7451e-01
9.7041e-01
9.6631e-01
9.6221e-01
9.4990e-01
9.4170e-01
9.3350e-01
9.2119e-01
9.0478e-01
8.9658e-01
8.9247e-01
8.8427e-01
8.7196e-01
8.5965e-01
8.5144e-01
8.3092e-01
8.2271e-01
8.2271e-01
8.1451e-01
8.1451e-01
8.0219e-01
7.8577e-01
7.7346e-01
7.6525e-01
7.5703e-01
7.3650e-01
7.2829e-01
7.2419e-01
7.1597e-01
7.0365e-01
6.9954e-01
6.8722e-01
6.7901e-01
6.7079e-01
6.6258e-01
6.5436e-01
6.4615e-01
6.3793e-01
6.2560e-01
6.1328e-01
5.9684e-01
5.8862e-01
5.8451e-01
5.8040e-01
5.6396e-01
5.5574e-01
5.4341e-01
5.3108e-01
5.2286e-01
5.1463e-01
5.0641e-01
5.0230e-01
4.9408e-01
4.7763e-01
4.6529e-01
4.6529e-01
4.5295e-01
4.4473e-01
4.3239e-01
4.2005e-01
4.0360e-01
3.9125e-01
3.8303e-01
3.7480e-01
3.6657e-01
3.5834e-01
3.4188e-01
3.3776e-01
3.3365e-01
3.2542e-01
3.0896e-01
3.0072e-01
2.9249e-01
2.8426e-01
2.7602e-01
2.6367e-01
2.5544e-01
2.4309e-01
2.3485e-01
2.2662e-01
2.1426e-01
2.0191e-01
1.9779e-01
1.9367e-01
1.8544e-01
1.7308e-01
1.6484e-01
1.5248e-01
1.3600e-01
1.2777e-01
1.1952e-01
1.0716e-01
1.0304e-01
9.4802e-02
8.6561e-02
7.4197e-02
6.5955e-02
6.1833e-02
4.9468e-02
4.1225e-02
3.2981e-02
3.2981e-02
2.0614e-02
1.2369e-02
0000
