1.3196e+01
1.3249e+01
1.3298e+01
1.3368e+01
1.3435e+01
1.3502e+01
1.3554e+01
1.3604e+01
1.3656e+01
1.3705e+01
1.3737e+01
1.3800e+01
1.3839e+01
1.3895e+01
1.3933e+01
1.4007e+01
1.4084e+01
1.4248e+01
1.4360e+01
1.4524e+01
1.4570e+01
1.4622e+01
1.4660e+01
1.4692e+01
1.4730e+01
1.4741e+01
1.4751e+01
1.4768e+01
1.4775e+01
1.4782e+01
1.4789e+01
1.4817e+01
1.4828e+01
1.4842e+01
1.4873e+01
1.4901e+01
1.4971e+01
1.5044e+01
1.5158e+01
1.5270e+01
1.5454e+01
1.5603e+01
1.5652e+01
1.5704e+01
1.5724e+01
1.5762e+01
1.5776e+01
1.5790e+01
1.5790e+01
1.5811e+01
1.5808e+01
1.5818e+01
1.5825e+01
1.5832e+01
1.5842e+01
1.5856e+01
1.5849e+01
1.5866e+01
1.5859e+01
1.5884e+01
1.5891e+01
1.5887e+01
1.5887e+01
1.5905e+01
1.5918e+01
1.5932e+01
1.5939e+01
1.5950e+01
1.5950e+01
1.5956e+01
1.5963e+01
1.5974e+01
1.5970e+01
1.5981e+01
1.5995e+01
1.6001e+01
1.6001e+01
1.6008e+01
1.6012e+01
1.6022e+01
1.6022e+01
1.6029e+01
1.6039e+01
1.6046e+01
1.6057e+01
1.6081e+01
1.6098e+01
1.6109e+01
1.6126e+01
1.6126e+01
1.6140e+01
1.6154e+01
1.6171e+01
1.6188e+01
1.6226e+01
1.6250e+01
1.6299e+01
1.6333e+01
1.6375e+01
1.6402e+01
1.6423e+01
1.6433e+01
1.6444e+01
1.6464e+01
1.6461e+01
1.6468e+01
1.6464e+01
1.6478e+01
1.6468e+01
1.6482e+01
1.6482e+01
1.6489e+01
1.6485e+01
1.6492e+01
1.6496e+01
1.6502e+01
1.6506e+01
1.6516e+01
1.6509e+01
1.6523e+01
1.6527e+01
1.6540e+01
1.6558e+01
1.6561e+01
1.6565e+01
1.6561e+01
1.6561e+01
1.6568e+01
1.6568e+01
1.6575e+01
1.6582e+01
1.6578e+01
1.6582e+01
1.6585e+01
1.6589e+01
1.6589e+01
1.6589e+01
1.6585e+01
1.6592e+01
1.6589e+01
1.6582e+01
1.6575e+01
1.6571e+01
1.6568e+01
1.6575e+01
1.6568e+01
1.6561e+01
1.6565e+01
1.6585e+01
1.6561e+01
1.6571e+01
1.6568e+01
1.6582e+01
1.6575e+01
1.6589e+01
1.6585e+01
1.6589e+01
1.6578e+01
1.6578e+01
1.6578e+01
1.6568e+01
1.6578e+01
1.6568e+01
1.6571e+01
1.6571e+01
1.6575e+01
1.6575e+01
1.6575e+01
1.6561e+01
1.6571e+01
1.6565e+01
1.6568e+01
1.6578e+01
1.6568e+01
1.6571e+01
1.6558e+01
1.6558e+01
1.6554e+01
1.6551e+01
1.6540e+01
1.6523e+01
1.6530e+01
1.6533e+01
1.6537e+01
1.6527e+01
1.6533e+01
1.6533e+01
1.6530e+01
1.6530e+01
1.6527e+01
1.6513e+01
1.6516e+01
1.6509e+01
1.6509e+01
1.6513e+01
1.6502e+01
1.6506e+01
1.6499e+01
1.6478e+01
1.6485e+01
1.6485e+01
1.6482e+01
1.6482e+01
1.6489e+01
1.6485e+01
1.6478e+01
1.6485e+01
1.6485e+01
1.6468e+01
1.6475e+01
1.6461e+01
1.6464e+01
1.6464e+01
1.6464e+01
1.6461e+01
1.6471e+01
1.6461e+01
1.6451e+01
1.6454e+01
1.6451e+01
1.6451e+01
1.6444e+01
1.6437e+01
1.6440e+01
1.6437e+01
1.6430e+01
1.6427e+01
1.6423e+01
1.6420e+01
1.6420e+01
1.6413e+01
1.6409e+01
1.6402e+01
1.6399e+01
1.6392e+01
1.6395e+01
1.6389e+01
1.6392e+01
1.6371e+01
1.6378e+01
1.6375e+01
1.6354e+01
1.6347e+01
1.6351e+01
1.6340e+01
1.6337e+01
1.6330e+01
1.6326e+01
1.6319e+01
1.6316e+01
1.6316e+01
1.6313e+01
1.6309e+01
1.6299e+01
1.6302e+01
1.6299e+01
1.6285e+01
1.6288e+01
1.6281e+01
1.6278e+01
1.6275e+01
1.6275e+01
1.6264e+01
1.6268e+01
1.6257e+01
1.6261e+01
1.6254e+01
1.6254e+01
1.6240e+01
1.6230e+01
1.6233e+01
1.6233e+01
1.6219e+01
1.6205e+01
1.6205e+01
1.6209e+01
1.6205e+01
1.6199e+01
1.6195e+01
1.6199e+01
1.6185e+01
1.6188e+01
1.6188e+01
1.6188e+01
1.6178e+01
1.6178e+01
1.6167e+01
1.6164e+01
1.6154e+01
1.6147e+01
1.6154e+01
1.6143e+01
1.6147e+01
1.6143e+01
1.6140e+01
1.6136e+01
1.6136e+01
1.6136e+01
1.6126e+01
1.6112e+01
1.6105e+01
1.6098e+01
1.6088e+01
1.6088e+01
1.6088e+01
1.6084e+01
1.6081e+01
1.6081e+01
1.6074e+01
1.6071e+01
1.6074e+01
1.6064e+01
1.6057e+01
1.6053e+01
1.6043e+01
1.6043e+01
1.6036e+01
1.6033e+01
1.6029e+01
1.6019e+01
1.6015e+01
1.6008e+01
1.6005e+01
1.5998e+01
1.5991e+01
1.5991e+01
1.5988e+01
1.5988e+01
1.5988e+01
1.5984e+01
1.5981e+01
1.5974e+01
1.5963e+01
1.5963e+01
1.5960e+01
1.5946e+01
1.5953e+01
1.5950e+01
1.5946e+01
1.5946e+01
1.5946e+01
1.5936e+01
1.5932e+01
1.5929e+01
1.5922e+01
1.5922e+01
1.5918e+01
1.5908e+01
1.5901e+01
1.5898e+01
1.5884e+01
1.5877e+01
1.5866e+01
1.5866e+01
1.5859e+01
1.5849e+01
1.5846e+01
1.5835e+01
1.5825e+01
1.5825e+01
1.5814e+01
1.5818e+01
1.5814e+01
1.5801e+01
1.5790e+01
1.5783e+01
1.5776e+01
1.5766e+01
1.5749e+01
1.5756e+01
1.5749e+01
1.5745e+01
1.5742e+01
1.5735e+01
1.5731e+01
1.5731e+01
1.5717e+01
1.5717e+01
1.5707e+01
1.5704e+01
1.5697e+01
1.5683e+01
1.5676e+01
1.5672e+01
1.5669e+01
1.5659e+01
1.5659e+01
1.5645e+01
1.5641e+01
1.5634e+01
1.5624e+01
1.5613e+01
1.5610e+01
1.5606e+01
1.5603e+01
1.5600e+01
1.5589e+01
1.5589e+01
1.5586e+01
1.5575e+01
1.5568e+01
1.5558e+01
1.5551e+01
1.5544e+01
1.5534e+01
1.5530e+01
1.5534e+01
1.5530e+01
1.5527e+01
1.5527e+01
1.5506e+01
1.5506e+01
1.5499e+01
1.5495e+01
1.5492e+01
1.5489e+01
1.5485e+01
1.5482e+01
1.5482e+01
1.5475e+01
1.5468e+01
1.5468e+01
1.5478e+01
1.5475e+01
1.5471e+01
1.5471e+01
1.5468e+01
1.5468e+01
1.5468e+01
1.5464e+01
1.5450e+01
1.5447e+01
1.5450e+01
1.5436e+01
1.5426e+01
1.5423e+01
1.5423e+01
1.5412e+01
1.5412e+01
1.5402e+01
1.5395e+01
1.5402e+01
1.5391e+01
1.5384e+01
1.5374e+01
1.5374e+01
1.5374e+01
1.5370e+01
1.5360e+01
1.5357e+01
1.5357e+01
1.5350e+01
1.5350e+01
1.5350e+01
1.5346e+01
1.5343e+01
1.5332e+01
1.5332e+01
1.5318e+01
1.5318e+01
1.5318e+01
1.5304e+01
1.5294e+01
1.5287e+01
1.5280e+01
1.5270e+01
1.5270e+01
1.5266e+01
1.5263e+01
1.5259e+01
1.5256e+01
1.5256e+01
1.5242e+01
1.5231e+01
1.5221e+01
1.5221e+01
1.5211e+01
1.5200e+01
1.5200e+01
1.5193e+01
1.5190e+01
1.5186e+01
1.5179e+01
1.5172e+01
1.5169e+01
1.5169e+01
1.5162e+01
1.5151e+01
1.5148e+01
1.5148e+01
1.5141e+01
1.5138e+01
1.5131e+01
1.5124e+01
1.5127e+01
1.5127e+01
1.5127e+01
1.5127e+01
1.5124e+01
1.5120e+01
1.5131e+01
1.5134e+01
1.5138e+01
1.5134e+01
1.5141e+01
1.5151e+01
1.5158e+01
1.5148e+01
1.5148e+01
1.5155e+01
1.5155e+01
1.5151e+01
1.5158e+01
1.5148e+01
1.5155e+01
1.5145e+01
1.5155e+01
1.5155e+01
1.5162e+01
1.5165e+01
1.5169e+01
1.5162e+01
1.5172e+01
1.5169e+01
1.5172e+01
1.5169e+01
1.5169e+01
1.5172e+01
1.5183e+01
1.5176e+01
1.5183e+01
1.5183e+01
1.5190e+01
1.5197e+01
1.5197e+01
1.5197e+01
1.5200e+01
1.5190e+01
1.5186e+01
1.5190e+01
1.5197e+01
1.5190e+01
1.5193e+01
1.5193e+01
1.5190e+01
1.5183e+01
1.5186e+01
1.5186e+01
1.5186e+01
1.5193e+01
1.5204e+01
1.5193e+01
1.5190e+01
1.5200e+01
1.5197e+01
1.5197e+01
1.5190e+01
1.5193e+01
1.5204e+01
1.5197e+01
1.5197e+01
1.5179e+01
1.5176e+01
1.5176e+01
1.5179e+01
1.5165e+01
1.5162e+01
1.5162e+01
1.5151e+01
1.5155e+01
1.5148e+01
1.5151e+01
1.5155e+01
1.5165e+01
1.5183e+01
1.5190e+01
1.5190e+01
1.5186e+01
1.5190e+01
1.5190e+01
1.5186e+01
1.5190e+01
1.5193e+01
1.5183e+01
1.5176e+01
1.5169e+01
1.5162e+01
1.5158e+01
1.5148e+01
1.5141e+01
1.5131e+01
1.5127e+01
1.5120e+01
1.5113e+01
1.5110e+01
1.5106e+01
1.5089e+01
1.5089e+01
1.5089e+01
1.5078e+01
1.5068e+01
1.5075e+01
1.5065e+01
1.5058e+01
1.5044e+01
1.5033e+01
1.5026e+01
1.5016e+01
1.5012e+01
1.5005e+01
1.4998e+01
1.4991e+01
1.4977e+01
1.4967e+01
1.4964e+01
1.4960e+01
1.4950e+01
1.4946e+01
1.4939e+01
1.4925e+01
1.4918e+01
1.4915e+01
1.4901e+01
1.4890e+01
1.4883e+01
1.4880e+01
1.4870e+01
1.4866e+01
1.4859e+01
1.4849e+01
1.4849e+01
1.4838e+01
1.4831e+01
1.4831e+01
1.4814e+01
1.4810e+01
1.4807e+01
1.4793e+01
1.4779e+01
1.4772e+01
1.4765e+01
1.4758e+01
1.4751e+01
1.4737e+01
1.4737e+01
1.4737e+01
1.4730e+01
1.4734e+01
1.4723e+01
1.4723e+01
1.4709e+01
1.4709e+01
1.4702e+01
1.4688e+01
1.4678e+01
1.4667e+01
1.4664e+01
1.4657e+01
1.4650e+01
1.4646e+01
1.4636e+01
1.4622e+01
1.4622e+01
1.4615e+01
1.4598e+01
1.4594e+01
1.4591e+01
1.4580e+01
1.4563e+01
1.4552e+01
1.4545e+01
1.4542e+01
1.4535e+01
1.4524e+01
1.4517e+01
1.4510e+01
1.4503e+01
1.4489e+01
1.4489e+01
1.4489e+01
1.4468e+01
1.4465e+01
1.4461e+01
1.4454e+01
1.4444e+01
1.4430e+01
1.4419e+01
1.4416e+01
1.4409e+01
1.4399e+01
1.4395e+01
1.4388e+01
1.4381e+01
1.4378e+01
1.4367e+01
1.4360e+01
1.4350e+01
1.4343e+01
1.4329e+01
1.4322e+01
1.4315e+01
1.4304e+01
1.4294e+01
1.4287e+01
1.4269e+01
1.4262e+01
1.4262e+01
1.4259e+01
1.4241e+01
1.4241e+01
1.4231e+01
1.4217e+01
1.4206e+01
1.4199e+01
1.4185e+01
1.4185e+01
1.4178e+01
1.4164e+01
1.4157e+01
1.4147e+01
1.4143e+01
1.4140e+01
1.4136e+01
1.4126e+01
1.4119e+01
1.4108e+01
1.4101e+01
1.4094e+01
1.4084e+01
1.4077e+01
1.4073e+01
1.4063e+01
1.4056e+01
1.4049e+01
1.4038e+01
1.4031e+01
1.4021e+01
1.4014e+01
1.4014e+01
1.4003e+01
1.3993e+01
1.3989e+01
1.3975e+01
1.3968e+01
1.3958e+01
1.3944e+01
1.3937e+01
1.3930e+01
1.3912e+01
1.3895e+01
1.3884e+01
1.3877e+01
1.3867e+01
1.3867e+01
1.3856e+01
1.3842e+01
1.3842e+01
1.3835e+01
1.3832e+01
1.3825e+01
1.3807e+01
1.3793e+01
1.3789e+01
1.3782e+01
1.3768e+01
1.3758e+01
1.3751e+01
1.3737e+01
1.3733e+01
1.3726e+01
1.3719e+01
1.3712e+01
1.3698e+01
1.3695e+01
1.3688e+01
1.3684e+01
1.3681e+01
1.3674e+01
1.3667e+01
1.3660e+01
1.3660e+01
1.3649e+01
1.3646e+01
1.3646e+01
1.3635e+01
1.3635e+01
1.3632e+01
1.3618e+01
1.3614e+01
1.3607e+01
1.3600e+01
1.3600e+01
1.3590e+01
1.3582e+01
1.3575e+01
1.3565e+01
1.3561e+01
1.3554e+01
1.3540e+01
1.3537e+01
1.3533e+01
1.3519e+01
1.3512e+01
1.3509e+01
1.3498e+01
1.3488e+01
1.3481e+01
1.3474e+01
1.3467e+01
1.3456e+01
1.3446e+01
1.3431e+01
1.3424e+01
1.3414e+01
1.3400e+01
1.3389e+01
1.3386e+01
1.3365e+01
1.3354e+01
1.3351e+01
1.3337e+01
1.3330e+01
1.3326e+01
1.3315e+01
1.3298e+01
1.3291e+01
1.3287e+01
1.3273e+01
1.3263e+01
1.3256e+01
1.3238e+01
1.3235e+01
1.3228e+01
1.3217e+01
1.3206e+01
1.3196e+01
1.3189e+01
1.3178e+01
1.3164e+01
1.3161e+01
1.3150e+01
1.3136e+01
1.3125e+01
1.3111e+01
1.3101e+01
1.3090e+01
1.3087e+01
1.3073e+01
1.3066e+01
1.3059e+01
1.3041e+01
1.3027e+01
1.3016e+01
1.3009e+01
1.2999e+01
1.2985e+01
1.2981e+01
1.2974e+01
1.2963e+01
1.2956e+01
1.2949e+01
1.2932e+01
1.2928e+01
1.2921e+01
1.2914e+01
1.2904e+01
1.2893e+01
1.2886e+01
1.2875e+01
1.2872e+01
1.2858e+01
1.2847e+01
1.2840e+01
1.2826e+01
1.2819e+01
1.2808e+01
1.2801e+01
1.2784e+01
1.2777e+01
1.2762e+01
1.2759e+01
1.2752e+01
1.2741e+01
1.2734e+01
1.2731e+01
1.2720e+01
1.2713e+01
1.2702e+01
1.2692e+01
1.2685e+01
1.2671e+01
1.2660e+01
1.2657e+01
1.2642e+01
1.2635e+01
1.2628e+01
1.2618e+01
1.2614e+01
1.2607e+01
1.2593e+01
1.2589e+01
1.2582e+01
1.2575e+01
1.2568e+01
1.2558e+01
1.2554e+01
1.2540e+01
1.2529e+01
1.2522e+01
1.2515e+01
1.2512e+01
1.2498e+01
1.2494e+01
1.2494e+01
1.2480e+01
1.2462e+01
1.2459e+01
1.2452e+01
1.2445e+01
1.2434e+01
1.2423e+01
1.2413e+01
1.2399e+01
1.2385e+01
1.2374e+01
1.2370e+01
1.2363e+01
1.2356e+01
1.2346e+01
1.2331e+01
1.2324e+01
1.2310e+01
1.2300e+01
1.2300e+01
1.2293e+01
1.2282e+01
1.2268e+01
1.2257e+01
1.2247e+01
1.2239e+01
1.2229e+01
1.2218e+01
1.2208e+01
1.2197e+01
1.2186e+01
1.2172e+01
1.2158e+01
1.2155e+01
1.2140e+01
1.2133e+01
1.2130e+01
1.2116e+01
1.2105e+01
1.2101e+01
1.2087e+01
1.2070e+01
1.2062e+01
1.2055e+01
1.2045e+01
1.2034e+01
1.2027e+01
1.2016e+01
1.2006e+01
1.1999e+01
1.1984e+01
1.1974e+01
1.1967e+01
1.1960e+01
1.1945e+01
1.1928e+01
1.1917e+01
1.1906e+01
1.1896e+01
1.1885e+01
1.1878e+01
1.1878e+01
1.1864e+01
1.1860e+01
1.1853e+01
1.1839e+01
1.1832e+01
1.1818e+01
1.1807e+01
1.1797e+01
1.1779e+01
1.1775e+01
1.1768e+01
1.1750e+01
1.1740e+01
1.1726e+01
1.1715e+01
1.1708e+01
1.1694e+01
1.1683e+01
1.1672e+01
1.1665e+01
1.1658e+01
1.1655e+01
1.1637e+01
1.1623e+01
1.1608e+01
1.1598e+01
1.1591e+01
1.1587e+01
1.1573e+01
1.1562e+01
1.1555e+01
1.1541e+01
1.1530e+01
1.1520e+01
1.1509e+01
1.1498e+01
1.1477e+01
1.1477e+01
1.1466e+01
1.1452e+01
1.1441e+01
1.1434e+01
1.1420e+01
1.1409e+01
1.1399e+01
1.1392e+01
1.1384e+01
1.1370e+01
1.1356e+01
1.1352e+01
1.1345e+01
1.1342e+01
1.1327e+01
1.1320e+01
1.1310e+01
1.1295e+01
1.1281e+01
1.1274e+01
1.1271e+01
1.1256e+01
1.1242e+01
1.1231e+01
1.1224e+01
1.1228e+01
1.1206e+01
1.1192e+01
1.1185e+01
1.1182e+01
1.1174e+01
1.1167e+01
1.1167e+01
1.1160e+01
1.1142e+01
1.1135e+01
1.1125e+01
1.1114e+01
1.1107e+01
1.1096e+01
1.1089e+01
1.1078e+01
1.1075e+01
1.1068e+01
1.1057e+01
1.1050e+01
1.1039e+01
1.1035e+01
1.1028e+01
1.1025e+01
1.1007e+01
1.0989e+01
1.0986e+01
1.0975e+01
1.0957e+01
1.0953e+01
1.0946e+01
1.0932e+01
1.0928e+01
1.0939e+01
1.0928e+01
1.0925e+01
1.0918e+01
1.0904e+01
1.0904e+01
1.0896e+01
1.0886e+01
1.0879e+01
1.0882e+01
1.0875e+01
1.0864e+01
1.0864e+01
1.0868e+01
1.0861e+01
1.0857e+01
1.0854e+01
1.0861e+01
1.0861e+01
1.0861e+01
1.0864e+01
1.0871e+01
1.0871e+01
1.0882e+01
1.0882e+01
1.0893e+01
1.0900e+01
1.0911e+01
1.0914e+01
1.0939e+01
1.0943e+01
1.0964e+01
1.0964e+01
1.0986e+01
1.0989e+01
1.1003e+01
1.1011e+01
1.1032e+01
1.1035e+01
1.1043e+01
1.1046e+01
1.1071e+01
1.1085e+01
1.1103e+01
1.1117e+01
1.1139e+01
1.1142e+01
1.1167e+01
1.1185e+01
1.1214e+01
1.1246e+01
1.1274e+01
1.1281e+01
1.1310e+01
1.1317e+01
1.1342e+01
1.1356e+01
1.1381e+01
1.1395e+01
1.1427e+01
1.1438e+01
1.1470e+01
1.1491e+01
1.1534e+01
1.1559e+01
1.1594e+01
1.1619e+01
1.1637e+01
1.1672e+01
1.1697e+01
1.1718e+01
1.1726e+01
1.1736e+01
1.1757e+01
1.1772e+01
1.1786e+01
1.1814e+01
1.1821e+01
1.1839e+01
1.1853e+01
1.1875e+01
1.1878e+01
1.1892e+01
1.1906e+01
1.1910e+01
1.1917e+01
1.1931e+01
1.1942e+01
1.1956e+01
1.1967e+01
1.1970e+01
1.1984e+01
1.1984e+01
1.1977e+01
1.1999e+01
1.2002e+01
1.2020e+01
1.2013e+01
1.2020e+01
1.2023e+01
1.2038e+01
1.2034e+01
1.2052e+01
1.2062e+01
1.2070e+01
1.2077e+01
1.2084e+01
1.2094e+01
1.2112e+01
1.2123e+01
1.2133e+01
1.2147e+01
1.2162e+01
1.2179e+01
1.2201e+01
1.2222e+01
1.2243e+01
1.2268e+01
1.2289e+01
1.2328e+01
1.2360e+01
1.2388e+01
1.2434e+01
1.2494e+01
1.2526e+01
1.2572e+01
1.2632e+01
1.2681e+01
1.2741e+01
1.2787e+01
1.2840e+01
1.2911e+01
1.2949e+01
1.3055e+01
1.3115e+01
1.3220e+01
1.3273e+01
1.3400e+01
1.3474e+01
1.3618e+01
1.3709e+01
1.3856e+01
1.3968e+01
1.4112e+01
1.4203e+01
1.4346e+01
1.4472e+01
1.4685e+01
1.4890e+01
1.5145e+01
1.5297e+01
1.5450e+01
1.5572e+01
1.5700e+01
1.5804e+01
1.5915e+01
1.6015e+01
1.6116e+01
1.6195e+01
1.6292e+01
1.6382e+01
1.6458e+01
1.6551e+01
1.6613e+01
1.6685e+01
1.6758e+01
1.6837e+01
1.6895e+01
1.6964e+01
1.7040e+01
1.7109e+01
1.7177e+01
1.7270e+01
1.7342e+01
1.7394e+01
1.7466e+01
1.7538e+01
1.7610e+01
1.7692e+01
1.7764e+01
1.7812e+01
1.7860e+01
1.7911e+01
1.7969e+01
1.8024e+01
1.8085e+01
1.8137e+01
1.8205e+01
1.8225e+01
1.8290e+01
1.8331e+01
1.8362e+01
1.8413e+01
1.8468e+01
1.8539e+01
1.8611e+01
1.8679e+01
1.8764e+01
1.8825e+01
1.8876e+01
1.8937e+01
1.8951e+01
1.9002e+01
1.9022e+01
1.9073e+01
1.9087e+01
1.9117e+01
1.9134e+01
1.9172e+01
1.9192e+01
1.9236e+01
1.9243e+01
1.9287e+01
1.9318e+01
1.9379e+01
1.9402e+01
1.9443e+01
1.9480e+01
1.9514e+01
1.9602e+01
1.9640e+01
1.9697e+01
1.9738e+01
1.9755e+01
1.9775e+01
1.9782e+01
1.9802e+01
1.9792e+01
1.9802e+01
1.9795e+01
1.9805e+01
1.9795e+01
1.9799e+01
1.9792e+01
1.9795e+01
1.9799e+01
1.9799e+01
1.9795e+01
1.9799e+01
1.9805e+01
1.9799e+01
1.9792e+01
1.9802e+01
1.9802e+01
1.9816e+01
1.9822e+01
1.9816e+01
1.9809e+01
1.9805e+01
1.9802e+01
1.9805e+01
1.9788e+01
1.9782e+01
1.9772e+01
1.9778e+01
1.9765e+01
1.9775e+01
1.9765e+01
1.9761e+01
1.9755e+01
1.9744e+01
1.9744e+01
1.9714e+01
1.9711e+01
1.9711e+01
1.9711e+01
1.9687e+01
1.9680e+01
1.9680e+01
1.9684e+01
1.9677e+01
1.9673e+01
1.9670e+01
1.9673e+01
1.9667e+01
1.9667e+01
1.9663e+01
1.9673e+01
1.9670e+01
1.9663e+01
1.9660e+01
1.9673e+01
1.9680e+01
1.9684e+01
1.9690e+01
1.9687e+01
1.9687e+01
1.9687e+01
1.9684e+01
1.9690e+01
1.9687e+01
1.9684e+01
1.9684e+01
1.9687e+01
1.9684e+01
1.9680e+01
1.9677e+01
1.9680e+01
1.9680e+01
1.9673e+01
1.9663e+01
1.9660e+01
1.9660e+01
1.9667e+01
1.9673e+01
1.9663e+01
1.9667e+01
1.9670e+01
1.9677e+01
1.9673e+01
1.9673e+01
1.9660e+01
1.9653e+01
1.9657e+01
1.9653e+01
1.9650e+01
1.9650e+01
1.9650e+01
1.9650e+01
1.9643e+01
1.9650e+01
1.9650e+01
1.9646e+01
1.9657e+01
1.9657e+01
1.9660e+01
1.9657e+01
1.9667e+01
1.9657e+01
1.9653e+01
1.9657e+01
1.9663e+01
1.9653e+01
1.9650e+01
1.9646e+01
1.9646e+01
1.9650e+01
1.9650e+01
1.9653e+01
1.9653e+01
1.9663e+01
1.9660e+01
1.9660e+01
1.9660e+01
1.9663e+01
1.9660e+01
1.9646e+01
1.9646e+01
1.9643e+01
1.9650e+01
1.9650e+01
1.9650e+01
1.9650e+01
1.9650e+01
1.9643e+01
1.9636e+01
1.9640e+01
1.9636e+01
1.9636e+01
1.9623e+01
1.9619e+01
1.9612e+01
1.9602e+01
1.9606e+01
1.9602e+01
1.9599e+01
1.9592e+01
1.9589e+01
1.9575e+01
1.9579e+01
1.9572e+01
1.9562e+01
1.9565e+01
1.9562e+01
1.9555e+01
1.9552e+01
1.9545e+01
1.9535e+01
1.9528e+01
1.9514e+01
1.9511e+01
1.9508e+01
1.9494e+01
1.9494e+01
1.9487e+01
1.9480e+01
1.9474e+01
1.9467e+01
1.9450e+01
1.9447e+01
1.9443e+01
1.9436e+01
1.9423e+01
1.9423e+01
1.9413e+01
1.9409e+01
1.9406e+01
1.9413e+01
1.9402e+01
1.9399e+01
1.9389e+01
1.9389e+01
1.9389e+01
1.9385e+01
1.9385e+01
1.9382e+01
1.9385e+01
1.9382e+01
1.9375e+01
1.9372e+01
1.9369e+01
1.9362e+01
1.9365e+01
1.9355e+01
1.9365e+01
1.9362e+01
1.9362e+01
1.9355e+01
1.9355e+01
1.9348e+01
1.9345e+01
1.9341e+01
1.9341e+01
1.9331e+01
1.9335e+01
1.9328e+01
1.9318e+01
1.9318e+01
1.9314e+01
1.9311e+01
1.9314e+01
1.9301e+01
1.9301e+01
1.9287e+01
1.9284e+01
1.9280e+01
1.9270e+01
1.9270e+01
1.9267e+01
1.9263e+01
1.9253e+01
1.9250e+01
1.9246e+01
1.9240e+01
1.9229e+01
1.9226e+01
1.9219e+01
1.9219e+01
1.9212e+01
1.9202e+01
1.9202e+01
1.9199e+01
1.9196e+01
1.9192e+01
1.9189e+01
1.9179e+01
1.9179e+01
1.9168e+01
1.9162e+01
1.9162e+01
1.9155e+01
1.9158e+01
1.9151e+01
1.9155e+01
1.9145e+01
1.9134e+01
1.9138e+01
1.9134e+01
1.9131e+01
1.9128e+01
1.9128e+01
1.9121e+01
1.9107e+01
1.9111e+01
1.9121e+01
1.9111e+01
1.9107e+01
1.9104e+01
1.9100e+01
1.9104e+01
1.9100e+01
1.9094e+01
1.9097e+01
1.9100e+01
1.9097e+01
1.9090e+01
1.9083e+01
1.9087e+01
1.9083e+01
1.9087e+01
1.9073e+01
1.9080e+01
1.9080e+01
1.9077e+01
1.9073e+01
1.9070e+01
1.9063e+01
1.9060e+01
1.9066e+01
1.9066e+01
1.9060e+01
1.9050e+01
1.9050e+01
1.9053e+01
1.9043e+01
1.9033e+01
1.9033e+01
1.9036e+01
1.9033e+01
1.9039e+01
1.9026e+01
1.9016e+01
1.9016e+01
1.9009e+01
1.9012e+01
1.9012e+01
1.9002e+01
1.9005e+01
1.9002e+01
1.8999e+01
1.8992e+01
1.8988e+01
1.8988e+01
1.8992e+01
1.8982e+01
1.8982e+01
1.8971e+01
1.8975e+01
1.8978e+01
1.8975e+01
1.8975e+01
1.8978e+01
1.8978e+01
1.8968e+01
1.8958e+01
1.8958e+01
1.8961e+01
1.8961e+01
1.8961e+01
1.8958e+01
1.8951e+01
1.8954e+01
1.8958e+01
1.8951e+01
1.8951e+01
1.8941e+01
1.8944e+01
1.8941e+01
1.8944e+01
1.8934e+01
1.8931e+01
1.8924e+01
1.8920e+01
1.8914e+01
1.8907e+01
1.8910e+01
1.8900e+01
1.8890e+01
1.8886e+01
1.8883e+01
1.8873e+01
1.8876e+01
1.8869e+01
1.8859e+01
1.8856e+01
1.8849e+01
1.8846e+01
1.8839e+01
1.8832e+01
1.8829e+01
1.8822e+01
1.8818e+01
1.8808e+01
1.8798e+01
1.8801e+01
1.8798e+01
1.8788e+01
1.8781e+01
1.8781e+01
1.8774e+01
1.8778e+01
1.8771e+01
1.8760e+01
1.8757e+01
1.8747e+01
1.8743e+01
1.8733e+01
1.8733e+01
1.8730e+01
1.8720e+01
1.8716e+01
1.8723e+01
1.8713e+01
1.8699e+01
1.8706e+01
1.8696e+01
1.8689e+01
1.8686e+01
1.8686e+01
1.8672e+01
1.8672e+01
1.8665e+01
1.8665e+01
1.8655e+01
1.8645e+01
1.8645e+01
1.8645e+01
1.8638e+01
1.8635e+01
1.8624e+01
1.8617e+01
1.8611e+01
1.8611e+01
1.8597e+01
1.8597e+01
1.8594e+01
1.8587e+01
1.8587e+01
1.8583e+01
1.8577e+01
1.8570e+01
1.8566e+01
1.8566e+01
1.8563e+01
1.8566e+01
1.8566e+01
1.8566e+01
1.8563e+01
1.8563e+01
1.8563e+01
1.8563e+01
1.8553e+01
1.8560e+01
1.8556e+01
1.8546e+01
1.8539e+01
1.8539e+01
1.8536e+01
1.8529e+01
1.8532e+01
1.8529e+01
1.8522e+01
1.8519e+01
1.8515e+01
1.8519e+01
1.8508e+01
1.8505e+01
1.8505e+01
1.8495e+01
1.8491e+01
1.8491e+01
1.8485e+01
1.8478e+01
1.8471e+01
1.8468e+01
1.8468e+01
1.8464e+01
1.8457e+01
1.8457e+01
1.8454e+01
1.8444e+01
1.8440e+01
1.8440e+01
1.8433e+01
1.8433e+01
1.8427e+01
1.8420e+01
1.8413e+01
1.8406e+01
1.8403e+01
1.8396e+01
1.8389e+01
1.8389e+01
1.8389e+01
1.8382e+01
1.8375e+01
1.8375e+01
1.8369e+01
1.8362e+01
1.8355e+01
1.8352e+01
1.8352e+01
1.8348e+01
1.8338e+01
1.8338e+01
1.8331e+01
1.8314e+01
1.8311e+01
1.8307e+01
1.8294e+01
1.8290e+01
1.8287e+01
1.8280e+01
1.8266e+01
1.8263e+01
1.8249e+01
1.8246e+01
1.8239e+01
1.8232e+01
1.8232e+01
1.8225e+01
1.8225e+01
1.8222e+01
1.8222e+01
1.8215e+01
1.8208e+01
1.8201e+01
1.8188e+01
1.8178e+01
1.8171e+01
1.8157e+01
1.8140e+01
1.8133e+01
1.8126e+01
1.8119e+01
1.8109e+01
1.8102e+01
1.8102e+01
1.8092e+01
1.8089e+01
1.8082e+01
1.8072e+01
1.8065e+01
1.8051e+01
1.8048e+01
1.8044e+01
1.8037e+01
1.8037e+01
1.8024e+01
1.8010e+01
1.8000e+01
1.7996e+01
1.7986e+01
1.7976e+01
1.7976e+01
1.7972e+01
1.7962e+01
1.7952e+01
1.7945e+01
1.7935e+01
1.7931e+01
1.7925e+01
1.7925e+01
1.7914e+01
1.7907e+01
1.7907e+01
1.7894e+01
1.7877e+01
1.7873e+01
1.7866e+01
1.7863e+01
1.7856e+01
1.7849e+01
1.7842e+01
1.7836e+01
1.7825e+01
1.7822e+01
1.7808e+01
1.7805e+01
1.7798e+01
1.7788e+01
1.7781e+01
1.7764e+01
1.7760e+01
1.7753e+01
1.7740e+01
1.7733e+01
1.7726e+01
1.7726e+01
1.7709e+01
1.7706e+01
1.7702e+01
1.7692e+01
1.7678e+01
1.7671e+01
1.7668e+01
1.7664e+01
1.7654e+01
1.7640e+01
1.7627e+01
1.7623e+01
1.7623e+01
1.7613e+01
1.7610e+01
1.7606e+01
1.7586e+01
1.7568e+01
1.7562e+01
1.7555e+01
1.7541e+01
1.7531e+01
1.7514e+01
1.7510e+01
1.7507e+01
1.7493e+01
1.7483e+01
1.7476e+01
1.7469e+01
1.7455e+01
1.7445e+01
1.7445e+01
1.7431e+01
1.7431e+01
1.7418e+01
1.7407e+01
1.7397e+01
1.7390e+01
1.7383e+01
1.7383e+01
1.7373e+01
1.7359e+01
1.7359e+01
1.7349e+01
1.7346e+01
1.7335e+01
1.7321e+01
1.7318e+01
1.7311e+01
1.7304e+01
1.7284e+01
1.7284e+01
1.7277e+01
1.7270e+01
1.7263e+01
1.7256e+01
1.7249e+01
1.7232e+01
1.7225e+01
1.7218e+01
1.7208e+01
1.7198e+01
1.7188e+01
1.7188e+01
1.7174e+01
1.7163e+01
1.7163e+01
1.7150e+01
1.7146e+01
1.7143e+01
1.7129e+01
1.7122e+01
1.7115e+01
1.7098e+01
1.7084e+01
1.7074e+01
1.7071e+01
1.7064e+01
