1.1040e+01
1.1029e+01
1.1011e+01
1.1018e+01
1.1011e+01
1.1014e+01
1.1018e+01
1.1025e+01
1.1040e+01
1.1054e+01
1.1054e+01
1.1043e+01
1.1040e+01
1.1033e+01
1.1040e+01
1.1036e+01
1.1043e+01
1.1051e+01
1.1047e+01
1.1047e+01
1.1047e+01
1.1047e+01
1.1043e+01
1.1043e+01
1.1036e+01
1.1036e+01
1.1043e+01
1.1040e+01
1.1040e+01
1.1029e+01
1.1018e+01
1.1011e+01
1.1014e+01
1.1007e+01
1.0996e+01
1.0989e+01
1.0985e+01
1.0982e+01
1.0971e+01
1.0960e+01
1.0949e+01
1.0941e+01
1.0931e+01
1.0920e+01
1.0916e+01
1.0901e+01
1.0890e+01
1.0883e+01
1.0876e+01
1.0869e+01
1.0861e+01
1.0854e+01
1.0847e+01
1.0839e+01
1.0825e+01
1.0814e+01
1.0803e+01
1.0796e+01
1.0778e+01
1.0759e+01
1.0748e+01
1.0741e+01
1.0730e+01
1.0723e+01
1.0708e+01
1.0697e+01
1.0694e+01
1.0683e+01
1.0668e+01
1.0661e+01
1.0646e+01
1.0639e+01
1.0624e+01
1.0621e+01
1.0606e+01
1.0592e+01
1.0584e+01
1.0570e+01
1.0562e+01
1.0555e+01
1.0544e+01
1.0533e+01
1.0526e+01
1.0519e+01
1.0500e+01
1.0489e+01
1.0471e+01
1.0464e+01
1.0453e+01
1.0442e+01
1.0435e+01
1.0424e+01
1.0409e+01
1.0402e+01
1.0383e+01
1.0372e+01
1.0361e+01
1.0347e+01
1.0332e+01
1.0321e+01
1.0310e+01
1.0299e+01
1.0285e+01
1.0274e+01
1.0266e+01
1.0255e+01
1.0241e+01
1.0226e+01
1.0215e+01
1.0215e+01
1.0212e+01
1.0204e+01
1.0193e+01
1.0190e+01
1.0182e+01
1.0186e+01
1.0182e+01
1.0182e+01
1.0175e+01
1.0179e+01
1.0186e+01
1.0190e+01
1.0193e+01
1.0197e+01
1.0212e+01
1.0215e+01
1.0223e+01
1.0230e+01
1.0248e+01
1.0263e+01
1.0285e+01
1.0296e+01
1.0336e+01
1.0354e+01
1.0391e+01
1.0416e+01
1.0456e+01
1.0486e+01
1.0537e+01
1.0570e+01
1.0613e+01
1.0643e+01
1.0697e+01
1.0730e+01
1.0785e+01
1.0810e+01
1.0858e+01
1.0880e+01
1.0923e+01
1.0952e+01
1.0992e+01
1.1022e+01
1.1058e+01
1.1083e+01
1.1127e+01
1.1153e+01
1.1193e+01
1.1222e+01
1.1265e+01
1.1302e+01
1.1356e+01
1.1382e+01
1.1432e+01
1.1465e+01
1.1509e+01
1.1541e+01
1.1578e+01
1.1610e+01
1.1657e+01
1.1701e+01
1.1770e+01
1.1821e+01
1.1860e+01
1.1908e+01
1.1944e+01
1.1994e+01
1.2031e+01
1.2078e+01
1.2107e+01
1.2154e+01
1.2190e+01
1.2215e+01
1.2244e+01
1.2284e+01
1.2327e+01
1.2345e+01
1.2385e+01
1.2410e+01
1.2432e+01
1.2464e+01
1.2490e+01
1.2522e+01
1.2544e+01
1.2565e+01
1.2573e+01
1.2598e+01
1.2623e+01
1.2645e+01
1.2648e+01
1.2666e+01
1.2677e+01
1.2695e+01
1.2710e+01
1.2720e+01
1.2731e+01
1.2738e+01
1.2735e+01
1.2756e+01
1.2764e+01
1.2771e+01
1.2782e+01
1.2803e+01
1.2807e+01
1.2818e+01
1.2818e+01
1.2828e+01
1.2836e+01
1.2846e+01
1.2854e+01
1.2868e+01
1.2872e+01
1.2886e+01
1.2886e+01
1.2897e+01
1.2900e+01
1.2908e+01
1.2915e+01
1.2933e+01
1.2936e+01
1.2962e+01
1.2962e+01
1.2980e+01
1.2983e+01
1.3001e+01
1.3001e+01
1.3001e+01
1.3008e+01
1.3019e+01
1.3008e+01
1.3019e+01
1.3026e+01
1.3034e+01
1.3034e+01
1.3037e+01
1.3044e+01
1.3062e+01
1.3070e+01
1.3077e+01
1.3084e+01
1.3088e+01
1.3091e+01
1.3102e+01
1.3113e+01
1.3120e+01
1.3127e+01
1.3131e+01
1.3131e+01
1.3145e+01
1.3145e+01
1.3145e+01
1.3156e+01
1.3167e+01
1.3159e+01
1.3163e+01
1.3170e+01
1.3174e+01
1.3185e+01
1.3185e+01
1.3188e+01
1.3192e+01
1.3199e+01
1.3203e+01
1.3210e+01
1.3221e+01
1.3235e+01
1.3246e+01
1.3253e+01
1.3267e+01
1.3278e+01
1.3282e+01
1.3289e+01
1.3303e+01
1.3307e+01
1.3318e+01
1.3325e+01
1.3328e+01
1.3336e+01
1.3350e+01
1.3357e+01
1.3364e+01
1.3382e+01
1.3389e+01
1.3393e+01
1.3407e+01
1.3422e+01
1.3422e+01
1.3422e+01
1.3429e+01
1.3429e+01
1.3425e+01
1.3432e+01
1.3432e+01
1.3436e+01
1.3432e+01
1.3440e+01
1.3440e+01
1.3440e+01
1.3440e+01
1.3436e+01
1.3440e+01
1.3436e+01
1.3436e+01
1.3429e+01
1.3429e+01
1.3440e+01
1.3432e+01
1.3422e+01
1.3422e+01
1.3425e+01
1.3429e+01
1.3418e+01
1.3411e+01
1.3415e+01
1.3411e+01
1.3400e+01
1.3397e+01
1.3397e+01
1.3386e+01
1.3379e+01
1.3375e+01
1.3375e+01
1.3364e+01
1.3361e+01
1.3354e+01
1.3350e+01
1.3346e+01
1.3336e+01
1.3332e+01
1.3336e+01
1.3321e+01
1.3314e+01
1.3310e+01
1.3296e+01
1.3292e+01
1.3285e+01
1.3278e+01
1.3271e+01
1.3257e+01
1.3246e+01
1.3246e+01
1.3239e+01
1.3228e+01
1.3221e+01
1.3217e+01
1.3210e+01
1.3199e+01
1.3188e+01
1.3185e+01
1.3170e+01
1.3163e+01
1.3152e+01
1.3152e+01
1.3142e+01
1.3127e+01
1.3124e+01
1.3120e+01
1.3116e+01
1.3102e+01
1.3091e+01
1.3088e+01
1.3077e+01
1.3073e+01
1.3073e+01
1.3059e+01
1.3044e+01
1.3037e+01
1.3026e+01
1.3016e+01
1.3005e+01
1.2994e+01
1.2994e+01
1.2987e+01
1.2987e+01
1.2976e+01
1.2976e+01
1.2965e+01
1.2958e+01
1.2951e+01
1.2944e+01
1.2940e+01
1.2936e+01
1.2929e+01
1.2918e+01
1.2908e+01
1.2904e+01
1.2900e+01
1.2893e+01
1.2886e+01
1.2886e+01
1.2879e+01
1.2872e+01
1.2868e+01
1.2864e+01
1.2857e+01
1.2854e+01
1.2843e+01
1.2825e+01
1.2821e+01
1.2810e+01
1.2803e+01
1.2792e+01
1.2785e+01
1.2782e+01
1.2774e+01
1.2764e+01
1.2753e+01
1.2749e+01
1.2742e+01
1.2735e+01
1.2728e+01
1.2720e+01
1.2713e+01
1.2702e+01
1.2692e+01
1.2681e+01
1.2674e+01
1.2663e+01
1.2648e+01
1.2634e+01
1.2627e+01
1.2623e+01
1.2612e+01
1.2605e+01
1.2609e+01
1.2598e+01
1.2583e+01
1.2580e+01
1.2569e+01
1.2562e+01
1.2554e+01
1.2547e+01
1.2544e+01
1.2536e+01
1.2522e+01
1.2515e+01
1.2508e+01
1.2504e+01
1.2500e+01
1.2482e+01
1.2475e+01
1.2472e+01
1.2468e+01
1.2464e+01
1.2457e+01
1.2446e+01
1.2439e+01
1.2432e+01
1.2428e+01
1.2425e+01
1.2414e+01
1.2407e+01
1.2396e+01
1.2392e+01
1.2385e+01
1.2385e+01
1.2374e+01
1.2367e+01
1.2367e+01
1.2363e+01
1.2356e+01
1.2342e+01
1.2334e+01
1.2323e+01
1.2320e+01
1.2313e+01
1.2298e+01
1.2295e+01
1.2291e+01
1.2284e+01
1.2280e+01
1.2269e+01
1.2266e+01
1.2258e+01
1.2251e+01
1.2251e+01
1.2248e+01
1.2240e+01
1.2237e+01
1.2226e+01
1.2219e+01
1.2211e+01
1.2211e+01
1.2201e+01
1.2197e+01
1.2201e+01
1.2190e+01
1.2190e+01
1.2190e+01
1.2179e+01
1.2183e+01
1.2183e+01
1.2179e+01
1.2175e+01
1.2175e+01
1.2161e+01
1.2154e+01
1.2143e+01
1.2139e+01
1.2135e+01
1.2125e+01
1.2117e+01
1.2114e+01
1.2103e+01
1.2103e+01
1.2103e+01
1.2103e+01
1.2096e+01
1.2092e+01
1.2088e+01
1.2085e+01
1.2074e+01
1.2067e+01
1.2056e+01
1.2045e+01
1.2041e+01
1.2038e+01
1.2034e+01
1.2027e+01
1.2023e+01
1.2027e+01
1.2023e+01
1.2020e+01
1.2012e+01
1.2012e+01
1.2005e+01
1.2016e+01
1.2009e+01
1.2002e+01
1.1998e+01
1.1994e+01
1.1991e+01
1.1987e+01
1.1984e+01
1.1976e+01
1.1965e+01
1.1958e+01
1.1955e+01
1.1951e+01
1.1944e+01
1.1936e+01
1.1929e+01
1.1929e+01
1.1922e+01
1.1911e+01
1.1908e+01
1.1904e+01
1.1893e+01
1.1882e+01
1.1879e+01
1.1875e+01
1.1868e+01
1.1860e+01
1.1853e+01
1.1846e+01
1.1839e+01
1.1828e+01
1.1821e+01
1.1817e+01
1.1810e+01
1.1810e+01
1.1799e+01
1.1784e+01
1.1777e+01
1.1766e+01
1.1759e+01
1.1748e+01
1.1741e+01
1.1730e+01
1.1726e+01
1.1723e+01
1.1719e+01
1.1708e+01
1.1697e+01
1.1686e+01
1.1676e+01
1.1665e+01
1.1665e+01
1.1650e+01
1.1639e+01
1.1636e+01
1.1628e+01
1.1610e+01
1.1603e+01
1.1592e+01
1.1592e+01
1.1581e+01
1.1567e+01
1.1567e+01
1.1559e+01
1.1549e+01
1.1541e+01
1.1530e+01
1.1523e+01
1.1505e+01
1.1494e+01
1.1491e+01
1.1483e+01
1.1472e+01
1.1465e+01
1.1458e+01
1.1451e+01
1.1440e+01
1.1432e+01
1.1425e+01
1.1414e+01
1.1403e+01
1.1396e+01
1.1385e+01
1.1374e+01
1.1371e+01
1.1363e+01
1.1353e+01
1.1338e+01
1.1331e+01
1.1327e+01
1.1320e+01
1.1316e+01
1.1309e+01
1.1302e+01
1.1294e+01
1.1287e+01
1.1280e+01
1.1265e+01
1.1247e+01
1.1240e+01
1.1233e+01
1.1222e+01
1.1207e+01
1.1200e+01
1.1193e+01
1.1185e+01
1.1174e+01
1.1164e+01
1.1149e+01
1.1149e+01
1.1145e+01
1.1138e+01
1.1131e+01
1.1120e+01
1.1105e+01
1.1094e+01
1.1091e+01
1.1083e+01
1.1073e+01
1.1058e+01
1.1047e+01
1.1040e+01
1.1036e+01
1.1025e+01
1.1018e+01
1.1011e+01
1.1000e+01
1.0989e+01
1.0985e+01
1.0974e+01
1.0967e+01
1.0952e+01
1.0941e+01
1.0931e+01
1.0927e+01
1.0920e+01
1.0905e+01
1.0898e+01
1.0890e+01
1.0880e+01
1.0876e+01
1.0872e+01
1.0865e+01
1.0861e+01
1.0854e+01
1.0843e+01
1.0832e+01
1.0814e+01
1.0807e+01
1.0799e+01
1.0785e+01
1.0778e+01
1.0767e+01
1.0759e+01
1.0748e+01
1.0737e+01
1.0730e+01
1.0723e+01
1.0708e+01
1.0697e+01
1.0690e+01
1.0683e+01
1.0675e+01
1.0661e+01
1.0650e+01
1.0646e+01
1.0639e+01
1.0635e+01
1.0621e+01
1.0610e+01
1.0602e+01
1.0595e+01
1.0592e+01
1.0581e+01
1.0573e+01
1.0559e+01
1.0544e+01
1.0540e+01
1.0529e+01
1.0522e+01
1.0511e+01
1.0504e+01
1.0497e+01
1.0486e+01
1.0482e+01
1.0475e+01
1.0460e+01
1.0453e+01
1.0453e+01
1.0445e+01
1.0442e+01
1.0435e+01
1.0427e+01
1.0413e+01
1.0405e+01
1.0398e+01
1.0383e+01
1.0376e+01
1.0369e+01
1.0358e+01
1.0347e+01
1.0340e+01
1.0332e+01
1.0329e+01
1.0318e+01
1.0307e+01
1.0303e+01
1.0296e+01
1.0288e+01
1.0281e+01
1.0274e+01
1.0263e+01
1.0255e+01
1.0248e+01
1.0244e+01
1.0241e+01
1.0230e+01
1.0219e+01
1.0212e+01
1.0208e+01
1.0201e+01
1.0193e+01
1.0186e+01
1.0179e+01
1.0171e+01
1.0160e+01
1.0149e+01
1.0138e+01
1.0131e+01
1.0116e+01
1.0102e+01
1.0098e+01
1.0091e+01
1.0087e+01
1.0080e+01
1.0073e+01
1.0062e+01
1.0054e+01
1.0043e+01
1.0032e+01
1.0029e+01
1.0018e+01
1.0014e+01
9.9993e+00
9.9846e+00
9.9810e+00
9.9700e+00
9.9553e+00
9.9553e+00
9.9517e+00
9.9370e+00
9.9297e+00
9.9187e+00
9.9077e+00
9.9004e+00
9.8820e+00
9.8747e+00
9.8674e+00
9.8527e+00
9.8417e+00
9.8271e+00
9.8197e+00
9.8124e+00
9.8051e+00
9.7977e+00
9.7904e+00
9.7794e+00
9.7721e+00
9.7647e+00
9.7537e+00
9.7427e+00
9.7317e+00
9.7207e+00
9.7134e+00
9.7061e+00
9.6951e+00
9.6804e+00
9.6694e+00
9.6584e+00
9.6547e+00
9.6547e+00
9.6437e+00
9.6327e+00
9.6253e+00
9.6107e+00
9.6033e+00
9.5996e+00
9.5850e+00
9.5739e+00
9.5666e+00
9.5556e+00
9.5446e+00
9.5372e+00
9.5262e+00
9.5079e+00
9.5005e+00
9.4895e+00
9.4821e+00
9.4711e+00
9.4638e+00
9.4528e+00
9.4454e+00
9.4417e+00
9.4270e+00
9.4197e+00
9.4087e+00
9.4013e+00
9.3903e+00
9.3793e+00
9.3682e+00
9.3535e+00
9.3388e+00
9.3241e+00
9.3241e+00
9.3168e+00
9.2947e+00
9.2837e+00
9.2800e+00
9.2726e+00
9.2579e+00
9.2506e+00
9.2395e+00
9.2248e+00
9.2138e+00
9.2028e+00
9.1844e+00
9.1733e+00
9.1696e+00
9.1623e+00
9.1586e+00
9.1512e+00
9.1365e+00
9.1292e+00
9.1181e+00
9.1071e+00
9.0960e+00
9.0887e+00
9.0776e+00
9.0629e+00
9.0518e+00
9.0371e+00
9.0261e+00
9.0187e+00
9.0113e+00
9.0003e+00
8.9966e+00
8.9929e+00
8.9819e+00
8.9634e+00
8.9487e+00
8.9487e+00
8.9413e+00
8.9266e+00
8.9192e+00
8.9119e+00
8.9082e+00
8.9008e+00
8.8971e+00
8.8934e+00
8.8861e+00
8.8787e+00
8.8676e+00
8.8529e+00
8.8455e+00
8.8344e+00
8.8271e+00
8.8197e+00
8.8086e+00
8.7976e+00
8.7902e+00
8.7828e+00
8.7718e+00
8.7570e+00
8.7496e+00
8.7422e+00
8.7349e+00
8.7201e+00
8.7090e+00
8.7090e+00
8.7017e+00
8.6943e+00
8.6832e+00
8.6795e+00
8.6684e+00
8.6574e+00
8.6500e+00
8.6315e+00
8.6242e+00
8.6131e+00
8.6057e+00
8.5983e+00
8.5983e+00
8.5872e+00
8.5762e+00
8.5725e+00
8.5614e+00
8.5577e+00
8.5577e+00
8.5466e+00
8.5318e+00
8.5208e+00
8.5171e+00
8.5134e+00
8.4986e+00
8.4875e+00
8.4801e+00
8.4764e+00
8.4764e+00
8.4690e+00
8.4653e+00
8.4543e+00
8.4358e+00
8.4284e+00
8.4173e+00
8.4025e+00
8.3951e+00
8.3951e+00
8.3877e+00
8.3803e+00
8.3803e+00
8.3729e+00
8.3656e+00
8.3545e+00
8.3508e+00
8.3434e+00
8.3397e+00
8.3212e+00
8.3101e+00
8.3064e+00
8.2990e+00
8.2916e+00
8.2805e+00
8.2657e+00
8.2546e+00
8.2509e+00
8.2398e+00
8.2324e+00
8.2213e+00
8.2065e+00
8.2028e+00
8.1917e+00
8.1769e+00
8.1658e+00
8.1584e+00
8.1510e+00
8.1399e+00
8.1288e+00
8.1251e+00
8.1177e+00
8.1029e+00
8.0917e+00
8.0806e+00
8.0732e+00
8.0658e+00
8.0547e+00
8.0510e+00
8.0436e+00
8.0325e+00
8.0140e+00
8.0066e+00
7.9992e+00
7.9843e+00
7.9769e+00
7.9806e+00
7.9732e+00
7.9547e+00
7.9436e+00
7.9436e+00
7.9287e+00
7.9176e+00
7.9028e+00
7.8954e+00
7.8917e+00
7.8880e+00
7.8805e+00
7.8694e+00
7.8583e+00
7.8546e+00
7.8398e+00
7.8249e+00
7.8138e+00
7.8027e+00
7.7953e+00
7.7915e+00
7.7878e+00
7.7804e+00
7.7656e+00
7.7619e+00
7.7507e+00
7.7470e+00
7.7359e+00
7.7248e+00
7.7173e+00
7.7136e+00
7.7062e+00
7.6988e+00
7.6914e+00
7.6839e+00
7.6802e+00
7.6691e+00
7.6580e+00
7.6542e+00
7.6431e+00
7.6357e+00
7.6245e+00
7.6208e+00
7.6208e+00
7.6208e+00
7.6171e+00
7.6060e+00
7.6023e+00
7.6023e+00
7.5911e+00
7.5837e+00
7.5725e+00
7.5725e+00
7.5725e+00
7.5688e+00
7.5614e+00
7.5651e+00
7.5577e+00
7.5503e+00
7.5428e+00
7.5391e+00
7.5354e+00
7.5391e+00
7.5280e+00
7.5205e+00
7.5205e+00
7.5168e+00
7.5094e+00
7.5020e+00
7.4982e+00
7.4945e+00
7.4908e+00
7.4871e+00
7.4760e+00
7.4797e+00
7.4685e+00
7.4685e+00
7.4685e+00
7.4611e+00
7.4574e+00
7.4499e+00
7.4425e+00
7.4351e+00
7.4351e+00
7.4351e+00
7.4314e+00
7.4202e+00
7.4090e+00
7.4165e+00
7.4090e+00
7.3979e+00
7.3905e+00
7.3905e+00
7.3979e+00
7.3979e+00
7.3905e+00
7.3942e+00
7.3830e+00
7.3756e+00
7.3830e+00
7.3793e+00
7.3719e+00
7.3719e+00
7.3607e+00
7.3496e+00
7.3458e+00
7.3458e+00
7.3421e+00
7.3272e+00
7.3272e+00
7.3235e+00
7.3235e+00
7.3161e+00
7.3124e+00
7.3086e+00
7.3086e+00
7.3049e+00
7.2900e+00
7.2863e+00
7.2826e+00
7.2752e+00
7.2603e+00
7.2566e+00
7.2491e+00
7.2491e+00
7.2454e+00
7.2342e+00
7.2268e+00
7.2193e+00
7.2156e+00
7.2045e+00
7.2045e+00
7.1970e+00
7.1858e+00
7.1784e+00
7.1672e+00
7.1672e+00
7.1635e+00
7.1598e+00
7.1561e+00
7.1412e+00
7.1337e+00
7.1263e+00
7.1300e+00
7.1263e+00
7.1151e+00
7.1076e+00
7.1002e+00
7.0965e+00
7.0816e+00
7.0704e+00
7.0630e+00
7.0555e+00
7.0481e+00
7.0406e+00
7.0331e+00
7.0257e+00
7.0220e+00
7.0182e+00
7.0145e+00
7.0071e+00
6.9996e+00
6.9922e+00
6.9847e+00
6.9810e+00
6.9661e+00
6.9623e+00
6.9512e+00
6.9437e+00
6.9400e+00
6.9363e+00
6.9288e+00
6.9251e+00
6.9213e+00
6.9213e+00
6.9139e+00
6.9064e+00
6.8915e+00
6.8766e+00
6.8729e+00
6.8654e+00
6.8617e+00
6.8542e+00
6.8468e+00
6.8468e+00
6.8356e+00
6.8318e+00
6.8318e+00
6.8244e+00
6.8095e+00
6.7983e+00
6.7945e+00
6.7871e+00
6.7796e+00
6.7833e+00
6.7759e+00
6.7610e+00
6.7498e+00
6.7423e+00
6.7311e+00
6.7236e+00
6.7124e+00
6.7050e+00
6.7012e+00
6.6975e+00
6.6863e+00
6.6788e+00
6.6751e+00
6.6639e+00
6.6564e+00
6.6452e+00
6.6378e+00
6.6266e+00
6.6154e+00
6.6079e+00
6.5929e+00
6.5817e+00
6.5705e+00
6.5631e+00
6.5631e+00
6.5556e+00
6.5369e+00
6.5332e+00
6.5332e+00
6.5220e+00
6.5107e+00
6.5033e+00
6.4958e+00
6.4846e+00
6.4808e+00
6.4771e+00
6.4659e+00
6.4547e+00
6.4472e+00
6.4397e+00
6.4360e+00
6.4360e+00
6.4248e+00
6.4173e+00
6.4098e+00
6.3986e+00
6.3911e+00
6.3874e+00
6.3836e+00
6.3687e+00
6.3537e+00
6.3425e+00
6.3425e+00
6.3313e+00
6.3238e+00
6.3163e+00
6.3088e+00
6.3051e+00
6.2939e+00
6.2864e+00
6.2714e+00
6.2564e+00
6.2490e+00
6.2377e+00
6.2227e+00
6.2153e+00
6.2115e+00
6.2040e+00
6.1928e+00
6.1816e+00
6.1703e+00
6.1554e+00
6.1479e+00
6.1404e+00
6.1329e+00
6.1254e+00
6.1179e+00
6.1067e+00
6.0954e+00
6.0879e+00
6.0842e+00
6.0804e+00
6.0655e+00
6.0580e+00
6.0467e+00
6.0392e+00
6.0280e+00
6.0205e+00
6.0055e+00
6.0018e+00
6.0018e+00
5.9943e+00
5.9830e+00
5.9680e+00
5.9568e+00
5.9418e+00
5.9343e+00
5.9268e+00
5.9193e+00
5.9080e+00
5.8893e+00
5.8855e+00
5.8780e+00
5.8630e+00
5.8518e+00
5.8405e+00
5.8368e+00
5.8293e+00
5.8142e+00
5.8067e+00
5.7955e+00
5.7880e+00
5.7692e+00
5.7580e+00
5.7467e+00
5.7354e+00
5.7317e+00
5.7204e+00
5.7054e+00
5.6979e+00
5.6941e+00
5.6866e+00
5.6754e+00
5.6678e+00
5.6566e+00
5.6378e+00
5.6265e+00
5.6153e+00
5.6115e+00
5.6002e+00
5.5815e+00
5.5777e+00
5.5739e+00
5.5664e+00
5.5514e+00
5.5364e+00
5.5213e+00
5.5176e+00
5.5101e+00
5.4913e+00
5.4837e+00
5.4725e+00
5.4649e+00
5.4537e+00
5.4461e+00
5.4386e+00
5.4311e+00
5.4273e+00
5.4161e+00
5.3973e+00
5.3860e+00
5.3784e+00
5.3709e+00
5.3559e+00
5.3446e+00
5.3295e+00
5.3183e+00
5.3107e+00
5.3032e+00
5.2844e+00
5.2693e+00
5.2618e+00
5.2430e+00
5.2279e+00
5.2166e+00
5.2016e+00
5.1865e+00
5.1752e+00
5.1639e+00
5.1526e+00
5.1375e+00
5.1262e+00
5.1187e+00
5.1074e+00
5.0961e+00
5.0810e+00
5.0660e+00
5.0584e+00
5.0509e+00
5.0320e+00
5.0132e+00
5.0132e+00
5.0019e+00
4.9868e+00
4.9755e+00
4.9717e+00
4.9642e+00
4.9453e+00
4.9378e+00
4.9227e+00
4.9038e+00
4.8887e+00
4.8812e+00
4.8661e+00
4.8472e+00
4.8397e+00
4.8284e+00
4.8208e+00
4.8057e+00
4.7944e+00
4.7869e+00
4.7755e+00
4.7642e+00
4.7567e+00
4.7491e+00
4.7416e+00
4.7302e+00
4.7151e+00
4.7114e+00
4.7000e+00
4.6812e+00
4.6623e+00
4.6547e+00
4.6434e+00
4.6358e+00
4.6169e+00
4.6018e+00
4.5980e+00
4.5867e+00
4.5678e+00
4.5640e+00
4.5527e+00
4.5376e+00
4.5262e+00
4.5149e+00
4.4998e+00
4.4922e+00
4.4884e+00
4.4809e+00
4.4620e+00
4.4544e+00
4.4468e+00
4.4317e+00
4.4166e+00
4.4090e+00
4.3939e+00
4.3788e+00
4.3636e+00
4.3636e+00
4.3523e+00
4.3333e+00
4.3220e+00
4.3144e+00
4.3031e+00
4.2879e+00
4.2766e+00
4.2652e+00
4.2576e+00
4.2425e+00
4.2349e+00
4.2311e+00
4.2160e+00
4.2008e+00
4.1819e+00
4.1705e+00
4.1592e+00
4.1516e+00
4.1402e+00
4.1251e+00
4.1137e+00
4.1061e+00
4.0986e+00
4.0872e+00
4.0796e+00
4.0645e+00
4.0531e+00
4.0493e+00
4.0341e+00
4.0265e+00
4.0228e+00
4.0114e+00
4.0000e+00
3.9886e+00
3.9773e+00
3.9697e+00
3.9659e+00
3.9583e+00
3.9507e+00
3.9355e+00
3.9280e+00
3.9166e+00
3.9090e+00
3.9014e+00
3.8900e+00
3.8862e+00
3.8786e+00
3.8710e+00
3.8597e+00
3.8521e+00
3.8407e+00
3.8331e+00
3.8217e+00
3.8179e+00
3.8103e+00
3.8027e+00
3.7913e+00
3.7800e+00
3.7686e+00
3.7610e+00
3.7534e+00
3.7496e+00
3.7382e+00
3.7268e+00
3.7116e+00
3.7116e+00
3.6964e+00
3.6812e+00
3.6736e+00
3.6660e+00
3.6546e+00
3.6508e+00
3.6470e+00
3.6356e+00
3.6280e+00
3.6166e+00
3.6090e+00
3.6052e+00
3.5938e+00
3.5862e+00
3.5786e+00
3.5710e+00
3.5672e+00
3.5558e+00
3.5482e+00
3.5406e+00
3.5254e+00
3.5102e+00
3.5064e+00
3.4950e+00
3.4836e+00
3.4760e+00
3.4608e+00
3.4646e+00
3.4532e+00
3.4418e+00
3.4303e+00
3.4189e+00
3.4075e+00
3.3885e+00
3.3771e+00
3.3657e+00
3.3542e+00
3.3390e+00
3.3276e+00
3.3124e+00
3.3048e+00
3.2895e+00
3.2743e+00
3.2667e+00
3.2591e+00
3.2477e+00
3.2324e+00
3.2248e+00
3.2096e+00
3.1943e+00
3.1867e+00
3.1677e+00
3.1715e+00
3.1829e+00
3.1791e+00
3.1639e+00
3.1562e+00
3.1448e+00
3.1334e+00
3.1219e+00
3.1143e+00
3.0953e+00
3.0800e+00
3.0686e+00
3.0533e+00
3.0419e+00
3.0228e+00
3.0076e+00
3.0000e+00
2.9809e+00
2.9733e+00
2.9580e+00
2.9466e+00
2.9313e+00
2.9008e+00
2.8817e+00
2.8779e+00
2.8703e+00
2.8550e+00
2.8512e+00
2.8359e+00
2.8206e+00
2.8130e+00
2.8054e+00
2.7977e+00
2.7748e+00
2.7672e+00
2.7519e+00
2.7443e+00
2.7366e+00
2.7290e+00
2.7175e+00
2.7061e+00
2.6908e+00
2.6870e+00
2.6832e+00
2.6717e+00
2.6564e+00
2.6526e+00
2.6335e+00
2.6220e+00
2.6106e+00
2.6106e+00
2.5953e+00
2.5838e+00
2.5838e+00
2.5762e+00
2.5609e+00
2.5609e+00
2.5456e+00
2.5379e+00
2.5303e+00
2.5226e+00
2.5150e+00
2.5150e+00
2.4997e+00
2.4959e+00
2.4959e+00
2.4920e+00
2.4844e+00
2.4844e+00
2.4844e+00
2.4806e+00
2.4729e+00
2.4576e+00
2.4538e+00
2.4500e+00
2.4423e+00
2.4423e+00
2.4385e+00
2.4347e+00
2.4232e+00
2.4194e+00
2.4079e+00
2.4079e+00
2.4002e+00
2.3964e+00
2.3964e+00
2.3888e+00
2.3849e+00
2.3811e+00
2.3735e+00
2.3620e+00
2.3543e+00
2.3428e+00
2.3390e+00
2.3352e+00
2.3237e+00
2.3237e+00
2.3199e+00
2.3122e+00
2.3007e+00
2.2892e+00
2.2816e+00
2.2701e+00
2.2701e+00
2.2624e+00
2.2548e+00
2.2395e+00
2.2318e+00
2.2280e+00
2.2165e+00
2.2012e+00
2.1973e+00
2.1935e+00
2.1820e+00
2.1743e+00
2.1628e+00
2.1513e+00
2.1552e+00
2.1475e+00
2.1360e+00
2.1283e+00
2.1207e+00
2.1169e+00
2.1130e+00
2.1015e+00
2.1015e+00
2.0939e+00
2.0747e+00
2.0670e+00
2.0555e+00
2.0440e+00
2.0402e+00
2.0325e+00
2.0287e+00
2.0133e+00
2.0018e+00
1.9980e+00
1.9865e+00
1.9711e+00
1.9635e+00
1.9520e+00
1.9443e+00
1.9328e+00
1.9174e+00
1.9136e+00
1.9098e+00
1.9021e+00
1.8944e+00
1.8867e+00
1.8829e+00
1.8676e+00
1.8637e+00
1.8560e+00
1.8484e+00
1.8368e+00
1.8330e+00
1.8253e+00
1.8176e+00
1.8023e+00
1.7908e+00
1.7793e+00
1.7754e+00
1.7677e+00
1.7562e+00
1.7485e+00
1.7408e+00
1.7293e+00
1.7255e+00
1.7216e+00
1.7140e+00
1.7063e+00
1.6947e+00
1.6871e+00
1.6794e+00
1.6717e+00
1.6602e+00
1.6486e+00
1.6448e+00
1.6371e+00
1.6217e+00
1.6256e+00
1.6102e+00
1.6025e+00
1.6064e+00
1.5871e+00
1.5795e+00
1.5718e+00
1.5564e+00
1.5525e+00
1.5410e+00
1.5256e+00
1.5218e+00
1.5102e+00
1.4987e+00
1.4987e+00
1.4910e+00
1.4795e+00
1.4756e+00
1.4641e+00
1.4641e+00
1.4525e+00
1.4487e+00
1.4333e+00
1.4295e+00
1.4256e+00
1.4141e+00
1.4025e+00
1.3948e+00
1.3871e+00
1.3794e+00
1.3717e+00
1.3679e+00
1.3640e+00
1.3602e+00
1.3486e+00
1.3448e+00
1.3371e+00
1.3294e+00
1.3255e+00
1.3101e+00
1.3024e+00
1.2986e+00
1.2909e+00
1.2793e+00
1.2716e+00
1.2678e+00
1.2601e+00
1.2485e+00
1.2408e+00
1.2447e+00
1.2370e+00
1.2370e+00
1.2254e+00
1.2139e+00
1.2023e+00
1.1984e+00
1.1830e+00
1.1792e+00
1.1753e+00
1.1676e+00
1.1561e+00
1.1483e+00
1.1483e+00
1.1445e+00
1.1368e+00
1.1291e+00
1.1214e+00
1.1021e+00
1.0944e+00
1.0905e+00
1.0828e+00
1.0790e+00
1.0674e+00
1.0558e+00
1.0558e+00
1.0443e+00
1.0327e+00
1.0288e+00
1.0250e+00
1.0096e+00
1.0018e+00
1.0018e+00
9.8641e-01
9.7484e-01
9.6326e-01
9.6326e-01
9.5941e-01
9.4397e-01
9.3626e-01
9.2854e-01
9.2082e-01
9.0925e-01
9.0153e-01
9.0153e-01
8.9381e-01
8.7451e-01
8.7451e-01
8.7065e-01
8.5907e-01
8.4749e-01
8.3977e-01
8.3204e-01
8.2046e-01
8.1274e-01
8.0502e-01
7.9729e-01
7.8571e-01
7.7798e-01
7.6640e-01
7.5481e-01
7.5481e-01
7.5481e-01
7.5095e-01
7.3936e-01
7.3164e-01
7.2777e-01
7.2005e-01
7.1618e-01
7.0459e-01
6.9686e-01
6.8914e-01
6.7754e-01
6.7368e-01
6.6595e-01
6.5822e-01
6.5049e-01
6.4663e-01
6.3890e-01
6.2730e-01
6.2344e-01
6.1571e-01
6.0797e-01
5.9638e-01
5.8864e-01
5.8091e-01
5.7705e-01
5.6931e-01
5.6158e-01
5.4998e-01
5.3838e-01
5.2291e-01
5.1904e-01
5.1904e-01
5.0743e-01
5.0357e-01
4.9583e-01
4.9196e-01
4.8036e-01
4.7262e-01
4.6875e-01
4.5715e-01
4.4167e-01
4.2619e-01
4.2232e-01
4.1071e-01
3.9910e-01
3.8362e-01
3.6813e-01
3.6426e-01
3.5265e-01
3.3716e-01
3.2555e-01
3.1393e-01
3.1006e-01
2.9844e-01
2.8682e-01
2.7133e-01
2.5971e-01
2.4809e-01
2.3647e-01
2.2485e-01
2.0547e-01
1.8998e-01
1.8222e-01
1.7835e-01
1.7060e-01
1.5897e-01
1.4735e-01
1.2796e-01
1.1634e-01
1.0083e-01
9.3075e-02
8.5321e-02
6.5933e-02
5.4300e-02
4.6544e-02
3.8787e-02
2.7152e-02
1.1637e-02
0000
