4.5884e+02
4.4460e+02
4.3121e+02
4.1904e+02
4.0837e+02
3.9931e+02
3.9183e+02
3.8580e+02
3.8095e+02
3.7701e+02
3.7364e+02
3.7055e+02
3.6753e+02
3.6445e+02
3.6127e+02
3.5799e+02
3.5474e+02
3.5163e+02
3.4885e+02
3.4648e+02
3.4458e+02
3.4311e+02
3.4198e+02
3.4104e+02
3.4010e+02
3.3900e+02
3.3755e+02
3.3565e+02
3.3322e+02
3.3032e+02
3.2708e+02
3.2363e+02
3.2024e+02
3.1707e+02
3.1435e+02
3.1220e+02
3.1072e+02
3.0985e+02
3.0948e+02
3.0942e+02
3.0942e+02
3.0928e+02
3.0876e+02
3.0771e+02
3.0605e+02
3.0380e+02
3.0110e+02
2.9814e+02
2.9518e+02
2.9245e+02
2.9020e+02
2.8857e+02
2.8768e+02
2.8747e+02
2.8780e+02
2.8847e+02
2.8919e+02
2.8972e+02
2.8978e+02
2.8921e+02
2.8790e+02
2.8589e+02
2.8332e+02
2.8037e+02
2.7738e+02
2.7456e+02
2.7221e+02
2.7049e+02
2.6952e+02
2.6928e+02
2.6962e+02
2.7037e+02
2.7120e+02
2.7188e+02
2.7211e+02
2.7174e+02
2.7064e+02
2.6883e+02
2.6644e+02
2.6367e+02
2.6080e+02
2.5807e+02
2.5577e+02
2.5406e+02
2.5305e+02
2.5274e+02
2.5300e+02
2.5364e+02
2.5439e+02
2.5504e+02
2.5532e+02
2.5511e+02
2.5432e+02
2.5298e+02
2.5124e+02
2.4930e+02
2.4748e+02
2.4597e+02
2.4506e+02
2.4486e+02
2.4549e+02
2.4689e+02
2.4891e+02
2.5137e+02
2.5396e+02
2.5646e+02
2.5859e+02
2.6024e+02
2.6129e+02
2.6176e+02
2.6179e+02
2.6153e+02
2.6127e+02
2.6119e+02
2.6154e+02
2.6240e+02
2.6388e+02
2.6593e+02
2.6840e+02
2.7113e+02
2.7384e+02
2.7632e+02
2.7834e+02
2.7979e+02
2.8058e+02
2.8076e+02
2.8046e+02
2.7984e+02
2.7920e+02
2.7872e+02
2.7867e+02
2.7917e+02
2.8032e+02
2.8211e+02
2.8445e+02
2.8721e+02
2.9012e+02
2.9305e+02
2.9577e+02
2.9820e+02
3.0026e+02
3.0200e+02
3.0352e+02
3.0497e+02
3.0659e+02
3.0853e+02
3.1100e+02
3.1407e+02
3.1779e+02
3.2211e+02
3.2690e+02
3.3201e+02
3.3717e+02
3.4223e+02
3.4695e+02
3.5126e+02
3.5506e+02
3.5836e+02
3.6125e+02
3.6386e+02
3.6639e+02
3.6895e+02
3.7175e+02
3.7483e+02
3.7827e+02
3.8204e+02
3.8606e+02
3.9022e+02
3.9434e+02
3.9830e+02
4.0196e+02
4.0527e+02
4.0818e+02
4.1073e+02
4.1301e+02
4.1510e+02
4.1719e+02
4.1934e+02
4.2171e+02
4.2430e+02
4.2713e+02
4.3012e+02
4.3318e+02
4.3618e+02
4.3894e+02
4.4138e+02
4.4335e+02
4.4485e+02
4.4586e+02
4.4645e+02
4.4673e+02
4.4682e+02
4.4691e+02
4.4710e+02
4.4753e+02
4.4823e+02
4.4925e+02
4.5053e+02
4.5200e+02
4.5359e+02
4.5512e+02
4.5654e+02
4.5771e+02
4.5861e+02
4.5919e+02
4.5947e+02
4.5948e+02
4.5924e+02
4.5886e+02
4.5834e+02
4.5776e+02
4.5708e+02
4.5631e+02
4.5541e+02
4.5432e+02
4.5303e+02
4.5142e+02
4.4953e+02
4.4730e+02
4.4477e+02
4.4196e+02
4.3894e+02
4.3577e+02
4.3248e+02
4.2920e+02
4.2590e+02
4.2265e+02
4.1941e+02
4.1617e+02
4.1289e+02
4.0953e+02
4.0607e+02
4.0243e+02
3.9866e+02
3.9471e+02
3.9070e+02
3.8665e+02
3.8265e+02
3.7877e+02
3.7506e+02
3.7162e+02
3.6842e+02
3.6551e+02
3.6281e+02
3.6029e+02
3.5788e+02
3.5551e+02
3.5312e+02
3.5064e+02
3.4809e+02
3.4544e+02
3.4275e+02
3.4006e+02
3.3746e+02
3.3500e+02
3.3273e+02
3.3074e+02
3.2901e+02
3.2758e+02
3.2637e+02
3.2538e+02
3.2453e+02
3.2379e+02
3.2311e+02
3.2244e+02
3.2181e+02
3.2115e+02
3.2056e+02
3.2002e+02
3.1959e+02
3.1928e+02
3.1908e+02
3.1904e+02
3.1908e+02
3.1921e+02
3.1935e+02
3.1946e+02
3.1950e+02
3.1944e+02
3.1930e+02
3.1905e+02
3.1877e+02
3.1849e+02
3.1831e+02
3.1828e+02
3.1847e+02
3.1889e+02
3.1956e+02
3.2046e+02
3.2151e+02
3.2267e+02
3.2380e+02
3.2483e+02
3.2567e+02
3.2625e+02
3.2658e+02
3.2661e+02
3.2644e+02
3.2612e+02
3.2578e+02
3.2552e+02
3.2546e+02
3.2569e+02
3.2627e+02
3.2726e+02
3.2861e+02
3.3032e+02
3.3227e+02
3.3437e+02
3.3651e+02
3.3858e+02
3.4052e+02
3.4221e+02
3.4368e+02
3.4487e+02
3.4585e+02
3.4663e+02
3.4729e+02
3.4786e+02
3.4836e+02
3.4888e+02
3.4936e+02
3.4984e+02
3.5025e+02
3.5058e+02
3.5079e+02
3.5085e+02
3.5079e+02
3.5056e+02
3.5025e+02
3.4985e+02
3.4948e+02
3.4917e+02
3.4899e+02
3.4898e+02
3.4913e+02
3.4950e+02
3.5001e+02
3.5068e+02
3.5143e+02
3.5226e+02
3.5311e+02
3.5401e+02
3.5499e+02
3.5605e+02
3.5731e+02
3.5880e+02
3.6064e+02
3.6286e+02
3.6554e+02
3.6867e+02
3.7221e+02
3.7614e+02
3.8032e+02
3.8470e+02
3.8911e+02
3.9346e+02
3.9763e+02
4.0159e+02
4.0530e+02
4.0872e+02
4.1194e+02
4.1494e+02
4.1786e+02
4.2070e+02
4.2355e+02
4.2640e+02
4.2924e+02
4.3209e+02
4.3482e+02
4.3742e+02
4.3976e+02
4.4178e+02
4.4342e+02
4.4465e+02
4.4549e+02
4.4594e+02
4.4610e+02
4.4599e+02
4.4577e+02
4.4547e+02
4.4520e+02
4.4498e+02
4.4480e+02
4.4471e+02
4.4460e+02
4.4447e+02
4.4419e+02
4.4375e+02
4.4308e+02
4.4217e+02
4.4105e+02
4.3973e+02
4.3830e+02
4.3680e+02
4.3535e+02
4.3399e+02
4.3279e+02
4.3175e+02
4.3083e+02
4.3004e+02
4.2925e+02
4.2843e+02
4.2746e+02
4.2629e+02
4.2487e+02
4.2320e+02
4.2132e+02
4.1925e+02
4.1712e+02
4.1497e+02
4.1296e+02
4.1112e+02
4.0954e+02
4.0823e+02
4.0714e+02
4.0627e+02
4.0548e+02
4.0472e+02
4.0385e+02
4.0281e+02
4.0152e+02
3.9995e+02
3.9816e+02
3.9615e+02
3.9405e+02
3.9191e+02
3.8989e+02
3.8806e+02
3.8649e+02
3.8522e+02
3.8421e+02
3.8347e+02
3.8286e+02
3.8235e+02
3.8179e+02
3.8112e+02
3.8025e+02
3.7917e+02
3.7792e+02
3.7649e+02
3.7502e+02
3.7355e+02
3.7222e+02
3.7108e+02
3.7020e+02
3.6959e+02
3.6920e+02
3.6901e+02
3.6886e+02
3.6871e+02
3.6840e+02
3.6788e+02
3.6706e+02
3.6595e+02
3.6462e+02
3.6309e+02
3.6153e+02
3.6000e+02
3.5867e+02
3.5761e+02
3.5691e+02
3.5656e+02
3.5652e+02
3.5674e+02
3.5705e+02
3.5739e+02
3.5756e+02
3.5749e+02
3.5707e+02
3.5629e+02
3.5520e+02
3.5382e+02
3.5231e+02
3.5076e+02
3.4933e+02
3.4813e+02
3.4724e+02
3.4670e+02
3.4647e+02
3.4653e+02
3.4673e+02
3.4700e+02
3.4716e+02
3.4713e+02
3.4680e+02
3.4616e+02
3.4525e+02
3.4409e+02
3.4282e+02
3.4151e+02
3.4035e+02
3.3938e+02
3.3872e+02
3.3836e+02
3.3826e+02
3.3838e+02
3.3855e+02
3.3872e+02
3.3870e+02
3.3843e+02
3.3781e+02
3.3686e+02
3.3562e+02
3.3416e+02
3.3266e+02
3.3121e+02
3.2997e+02
3.2905e+02
3.2851e+02
3.2836e+02
3.2851e+02
3.2892e+02
3.2941e+02
3.2986e+02
3.3009e+02
3.3002e+02
3.2955e+02
3.2870e+02
3.2754e+02
3.2614e+02
3.2468e+02
3.2327e+02
3.2211e+02
3.2130e+02
3.2092e+02
3.2099e+02
3.2143e+02
3.2218e+02
3.2307e+02
3.2399e+02
3.2476e+02
3.2528e+02
3.2546e+02
3.2530e+02
3.2488e+02
3.2424e+02
3.2358e+02
3.2300e+02
3.2270e+02
3.2277e+02
3.2332e+02
3.2437e+02
3.2585e+02
3.2773e+02
3.2984e+02
3.3209e+02
3.3428e+02
3.3633e+02
3.3811e+02
3.3962e+02
3.4088e+02
3.4193e+02
3.4290e+02
3.4387e+02
3.4499e+02
3.4631e+02
3.4792e+02
3.4980e+02
3.5189e+02
3.5414e+02
3.5637e+02
3.5850e+02
3.6035e+02
3.6184e+02
3.6288e+02
3.6349e+02
3.6372e+02
3.6363e+02
3.6339e+02
3.6309e+02
3.6292e+02
3.6296e+02
3.6330e+02
3.6394e+02
3.6483e+02
3.6588e+02
3.6694e+02
3.6790e+02
3.6857e+02
3.6886e+02
3.6867e+02
3.6801e+02
3.6693e+02
3.6550e+02
3.6390e+02
3.6223e+02
3.6071e+02
3.5942e+02
3.5848e+02
3.5790e+02
3.5765e+02
3.5767e+02
3.5779e+02
3.5793e+02
3.5791e+02
3.5762e+02
3.5698e+02
3.5598e+02
3.5468e+02
3.5313e+02
3.5152e+02
3.4992e+02
3.4853e+02
3.4743e+02
3.4672e+02
3.4641e+02
3.4644e+02
3.4675e+02
3.4718e+02
3.4763e+02
3.4792e+02
3.4797e+02
3.4770e+02
3.4710e+02
3.4625e+02
3.4520e+02
3.4413e+02
3.4314e+02
3.4240e+02
3.4200e+02
3.4202e+02
3.4244e+02
3.4319e+02
3.4419e+02
3.4526e+02
3.4630e+02
3.4711e+02
3.4758e+02
3.4762e+02
3.4723e+02
3.4648e+02
3.4543e+02
3.4427e+02
3.4309e+02
3.4210e+02
3.4137e+02
3.4102e+02
3.4104e+02
3.4138e+02
3.4198e+02
3.4266e+02
3.4333e+02
3.4378e+02
3.4394e+02
3.4369e+02
3.4305e+02
3.4207e+02
3.4081e+02
3.3946e+02
3.3810e+02
3.3694e+02
3.3607e+02
3.3559e+02
3.3551e+02
3.3577e+02
3.3634e+02
3.3705e+02
3.3783e+02
3.3849e+02
3.3897e+02
3.3918e+02
3.3913e+02
3.3892e+02
3.3859e+02
3.3834e+02
3.3826e+02
3.3855e+02
3.3927e+02
3.4053e+02
3.4230e+02
3.4452e+02
3.4711e+02
3.4989e+02
3.5275e+02
3.5549e+02
3.5801e+02
3.6023e+02
3.6212e+02
3.6376e+02
3.6521e+02
3.6663e+02
3.6813e+02
3.6988e+02
3.7196e+02
3.7444e+02
3.7729e+02
3.8042e+02
3.8376e+02
3.8709e+02
3.9032e+02
3.9321e+02
3.9569e+02
3.9766e+02
3.9911e+02
4.0012e+02
4.0077e+02
4.0125e+02
4.0166e+02
4.0222e+02
4.0300e+02
4.0410e+02
4.0552e+02
4.0718e+02
4.0900e+02
4.1079e+02
4.1243e+02
4.1372e+02
4.1456e+02
4.1485e+02
4.1459e+02
4.1387e+02
4.1275e+02
4.1143e+02
4.1003e+02
4.0877e+02
4.0774e+02
4.0707e+02
4.0675e+02
4.0674e+02
4.0697e+02
4.0726e+02
4.0750e+02
4.0750e+02
4.0716e+02
4.0638e+02
4.0515e+02
4.0353e+02
4.0160e+02
3.9953e+02
3.9743e+02
3.9551e+02
3.9385e+02
3.9256e+02
3.9165e+02
3.9106e+02
3.9072e+02
3.9047e+02
3.9021e+02
3.8972e+02
3.8894e+02
3.8776e+02
3.8618e+02
3.8429e+02
3.8214e+02
3.7994e+02
3.7777e+02
3.7586e+02
3.7430e+02
3.7319e+02
3.7254e+02
3.7227e+02
3.7232e+02
3.7251e+02
3.7273e+02
3.7277e+02
3.7254e+02
3.7191e+02
3.7090e+02
3.6956e+02
3.6793e+02
3.6620e+02
3.6446e+02
3.6291e+02
3.6163e+02
3.6073e+02
3.6020e+02
3.5999e+02
3.6006e+02
3.6022e+02
3.6041e+02
3.6043e+02
3.6022e+02
3.5968e+02
3.5883e+02
3.5774e+02
3.5646e+02
3.5517e+02
3.5395e+02
3.5299e+02
3.5234e+02
3.5209e+02
3.5222e+02
3.5266e+02
3.5334e+02
3.5408e+02
3.5479e+02
3.5527e+02
3.5544e+02
3.5522e+02
3.5463e+02
3.5374e+02
3.5262e+02
3.5145e+02
3.5033e+02
3.4945e+02
3.4890e+02
3.4876e+02
3.4904e+02
3.4966e+02
3.5057e+02
3.5157e+02
3.5255e+02
3.5331e+02
3.5377e+02
3.5381e+02
3.5344e+02
3.5270e+02
3.5164e+02
3.5045e+02
3.4922e+02
3.4816e+02
3.4737e+02
3.4696e+02
3.4695e+02
3.4731e+02
3.4800e+02
3.4887e+02
3.4983e+02
3.5068e+02
3.5135e+02
3.5170e+02
3.5173e+02
3.5145e+02
3.5089e+02
3.5021e+02
3.4948e+02
3.4887e+02
3.4845e+02
3.4832e+02
3.4850e+02
3.4897e+02
3.4980e+02
3.5094e+02
3.5243e+02
3.5421e+02
3.5629e+02
3.5867e+02
3.6136e+02
3.6436e+02
3.6757e+02
3.7092e+02
3.7418e+02
3.7720e+02
3.7967e+02
3.8137e+02
3.8202e+02
3.8142e+02
3.7952e+02
3.7628e+02
3.7190e+02
3.6657e+02
3.6067e+02
3.5459e+02
3.4879e+02
3.4371e+02
3.3968e+02
3.3703e+02
3.3591e+02
3.3644e+02
3.3857e+02
3.4220e+02
3.4711e+02
3.5299e+02
3.5953e+02
3.6636e+02
3.7325e+02
3.7988e+02
3.8606e+02
3.9165e+02
3.9658e+02
4.0092e+02
4.0471e+02
4.0815e+02
4.1136e+02
4.1461e+02
4.1804e+02
4.2185e+02
4.2612e+02
4.3089e+02
4.3619e+02
4.4192e+02
4.4805e+02
4.5444e+02
4.6102e+02
4.6772e+02
4.7457e+02
4.8163e+02
4.8893e+02
4.9667e+02
5.0493e+02
5.1392e+02
5.2372e+02
5.3443e+02
5.4607e+02
5.5857e+02
5.7186e+02
5.8574e+02
6.0006e+02
6.1456e+02
6.2908e+02
6.4342e+02
6.5746e+02
6.7117e+02
6.8447e+02
6.9746e+02
7.1017e+02
7.2275e+02
7.3527e+02
7.4783e+02
7.6049e+02
7.7322e+02
7.8605e+02
7.9884e+02
8.1153e+02
8.2390e+02
8.3582e+02
8.4713e+02
8.5771e+02
8.6749e+02
8.7635e+02
8.8435e+02
8.9143e+02
8.9771e+02
9.0322e+02
9.0804e+02
9.1223e+02
9.1582e+02
9.1887e+02
9.2132e+02
9.2322e+02
9.2446e+02
9.2504e+02
9.2492e+02
9.2409e+02
9.2259e+02
9.2041e+02
9.1766e+02
9.1436e+02
9.1066e+02
9.0660e+02
9.0228e+02
8.9772e+02
8.9292e+02
8.8791e+02
8.8262e+02
8.7706e+02
8.7111e+02
8.6477e+02
8.5800e+02
8.5081e+02
8.4326e+02
8.3538e+02
8.2733e+02
8.1916e+02
8.1106e+02
8.0308e+02
7.9533e+02
7.8786e+02
7.8065e+02
7.7372e+02
7.6697e+02
7.6036e+02
7.5375e+02
7.4710e+02
7.4030e+02
7.3334e+02
7.2624e+02
7.1897e+02
7.1164e+02
7.0429e+02
6.9704e+02
6.8995e+02
6.8308e+02
6.7644e+02
6.6999e+02
6.6373e+02
6.5753e+02
6.5136e+02
6.4506e+02
6.3860e+02
6.3191e+02
6.2499e+02
6.1790e+02
6.1067e+02
6.0344e+02
5.9628e+02
5.8936e+02
5.8274e+02
5.7653e+02
5.7072e+02
5.6528e+02
5.6020e+02
5.5531e+02
5.5058e+02
5.4582e+02
5.4098e+02
5.3594e+02
5.3070e+02
5.2529e+02
5.1974e+02
5.1419e+02
5.0870e+02
5.0345e+02
4.9852e+02
4.9401e+02
4.8993e+02
4.8625e+02
4.8295e+02
4.7985e+02
4.7691e+02
4.7390e+02
4.7074e+02
4.6730e+02
4.6354e+02
4.5949e+02
4.5513e+02
4.5061e+02
4.4599e+02
4.4146e+02
4.3710e+02
4.3304e+02
4.2929e+02
4.2586e+02
4.2274e+02
4.1980e+02
4.1701e+02
4.1419e+02
4.1130e+02
4.0824e+02
4.0501e+02
4.0164e+02
3.9817e+02
3.9473e+02
3.9140e+02
3.8832e+02
3.8556e+02
3.8318e+02
3.8117e+02
3.7946e+02
3.7799e+02
3.7659e+02
3.7517e+02
3.7354e+02
3.7161e+02
3.6932e+02
3.6666e+02
3.6373e+02
3.6061e+02
3.5749e+02
3.5451e+02
3.5189e+02
3.4975e+02
3.4822e+02
3.4734e+02
3.4706e+02
3.4734e+02
3.4801e+02
3.4895e+02
3.4997e+02
3.5096e+02
3.5178e+02
3.5242e+02
3.5290e+02
3.5325e+02
3.5362e+02
3.5408e+02
3.5480e+02
3.5585e+02
3.5729e+02
3.5911e+02
3.6121e+02
3.6351e+02
3.6582e+02
3.6805e+02
3.7001e+02
3.7164e+02
3.7289e+02
3.7380e+02
3.7453e+02
3.7520e+02
3.7607e+02
3.7731e+02
3.7917e+02
3.8176e+02
3.8517e+02
3.8939e+02
3.9426e+02
3.9959e+02
4.0506e+02
4.1041e+02
4.1525e+02
4.1935e+02
4.2244e+02
4.2444e+02
4.2535e+02
4.2525e+02
4.2438e+02
4.2297e+02
4.2138e+02
4.1990e+02
4.1883e+02
4.1835e+02
4.1855e+02
4.1948e+02
4.2099e+02
4.2299e+02
4.2523e+02
4.2755e+02
4.2971e+02
4.3163e+02
4.3327e+02
4.3461e+02
4.3577e+02
4.3680e+02
4.3783e+02
4.3888e+02
4.3997e+02
4.4098e+02
4.4173e+02
4.4203e+02
4.4157e+02
4.4012e+02
4.3743e+02
4.3339e+02
4.2796e+02
4.2128e+02
4.1364e+02
4.0535e+02
3.9689e+02
3.8863e+02
3.8101e+02
3.7430e+02
3.6872e+02
3.6428e+02
3.6086e+02
3.5825e+02
3.5610e+02
3.5412e+02
3.5193e+02
3.4931e+02
3.4608e+02
3.4222e+02
3.3783e+02
3.3308e+02
3.2829e+02
3.2369e+02
3.1959e+02
3.1618e+02
3.1356e+02
3.1172e+02
3.1050e+02
3.0968e+02
3.0893e+02
3.0800e+02
3.0657e+02
3.0446e+02
3.0155e+02
2.9785e+02
2.9355e+02
2.8885e+02
2.8410e+02
2.7959e+02
2.7564e+02
2.7245e+02
2.7017e+02
2.6878e+02
2.6814e+02
2.6805e+02
2.6817e+02
2.6825e+02
2.6795e+02
2.6708e+02
2.6550e+02
2.6321e+02
2.6035e+02
2.5710e+02
2.5377e+02
2.5061e+02
2.4793e+02
2.4587e+02
2.4457e+02
2.4399e+02
2.4398e+02
2.4434e+02
2.4472e+02
2.4490e+02
2.4456e+02
2.4355e+02
2.4175e+02
2.3920e+02
2.3608e+02
2.3260e+02
2.2913e+02
2.2593e+02
2.2333e+02
2.2153e+02
2.2067e+02
2.2076e+02
2.2165e+02
2.2319e+02
2.2505e+02
2.2702e+02
2.2882e+02
2.3032e+02
2.3143e+02
2.3222e+02
2.3287e+02
2.3359e+02
2.3475e+02
2.3659e+02
2.3943e+02
2.4340e+02
2.4860e+02
2.5494e+02
2.6222e+02
2.7017e+02
2.7837e+02
2.8650e+02
2.9418e+02
3.0118e+02
3.0728e+02
3.1246e+02
3.1680e+02
3.2045e+02
3.2370e+02
3.2676e+02
3.2990e+02
3.3324e+02
3.3692e+02
3.4087e+02
3.4496e+02
3.4899e+02
3.5261e+02
3.5561e+02
3.5768e+02
3.5866e+02
3.5844e+02
3.5705e+02
3.5461e+02
3.5133e+02
3.4754e+02
3.4349e+02
3.3951e+02
3.3577e+02
3.3245e+02
3.2958e+02
3.2708e+02
3.2483e+02
3.2257e+02
3.2016e+02
3.1734e+02
3.1402e+02
3.1010e+02
3.0563e+02
3.0071e+02
2.9553e+02
2.9036e+02
2.8538e+02
2.8085e+02
2.7685e+02
2.7348e+02
2.7070e+02
2.6837e+02
2.6633e+02
2.6429e+02
2.6208e+02
2.5944e+02
2.5630e+02
2.5257e+02
2.4829e+02
2.4362e+02
2.3871e+02
2.3387e+02
2.2927e+02
2.2516e+02
2.2163e+02
2.1878e+02
2.1657e+02
2.1488e+02
2.1353e+02
2.1227e+02
2.1091e+02
2.0921e+02
2.0709e+02
2.0444e+02
2.0130e+02
1.9777e+02
1.9399e+02
1.9021e+02
1.8657e+02
1.8331e+02
1.8047e+02
1.7815e+02
1.7632e+02
1.7487e+02
1.7367e+02
1.7250e+02
1.7124e+02
1.6968e+02
1.6778e+02
1.6550e+02
1.6288e+02
1.6003e+02
1.5710e+02
1.5430e+02
1.5176e+02
1.4968e+02
1.4808e+02
1.4703e+02
1.4648e+02
1.4632e+02
1.4644e+02
1.4662e+02
1.4679e+02
1.4678e+02
1.4660e+02
1.4622e+02
1.4574e+02
1.4530e+02
1.4506e+02
1.4528e+02
1.4606e+02
1.4760e+02
1.4993e+02
1.5309e+02
1.5698e+02
1.6148e+02
1.6644e+02
1.7159e+02
1.7679e+02
1.8183e+02
1.8663e+02
1.9108e+02
1.9520e+02
1.9902e+02
2.0263e+02
2.0618e+02
2.0971e+02
2.1335e+02
2.1708e+02
2.2094e+02
2.2483e+02
2.2868e+02
2.3238e+02
2.3572e+02
2.3867e+02
2.4105e+02
2.4289e+02
2.4415e+02
2.4489e+02
2.4520e+02
2.4517e+02
2.4499e+02
2.4472e+02
2.4449e+02
2.4432e+02
2.4424e+02
2.4422e+02
2.4419e+02
2.4410e+02
2.4378e+02
2.4323e+02
2.4234e+02
2.4114e+02
2.3961e+02
2.3784e+02
2.3589e+02
2.3383e+02
2.3182e+02
2.2988e+02
2.2812e+02
2.2648e+02
2.2499e+02
2.2356e+02
2.2212e+02
2.2061e+02
2.1889e+02
2.1696e+02
2.1472e+02
2.1225e+02
2.0952e+02
2.0665e+02
2.0369e+02
2.0073e+02
1.9791e+02
1.9522e+02
1.9278e+02
1.9053e+02
1.8847e+02
1.8654e+02
1.8469e+02
1.8287e+02
1.8096e+02
1.7899e+02
1.7687e+02
1.7467e+02
1.7239e+02
1.7007e+02
1.6776e+02
1.6548e+02
1.6331e+02
1.6119e+02
1.5919e+02
1.5722e+02
1.5529e+02
1.5334e+02
1.5134e+02
1.4931e+02
1.4719e+02
1.4506e+02
1.4289e+02
1.4080e+02
1.3880e+02
1.3696e+02
1.3529e+02
1.3377e+02
1.3244e+02
1.3120e+02
1.3002e+02
1.2879e+02
1.2745e+02
1.2592e+02
1.2419e+02
1.2227e+02
1.2014e+02
1.1791e+02
1.1562e+02
1.1343e+02
1.1139e+02
1.0959e+02
1.0808e+02
1.0682e+02
1.0585e+02
1.0501e+02
1.0429e+02
1.0350e+02
1.0257e+02
1.0140e+02
9.9946e+01
9.8232e+01
9.6236e+01
9.4094e+01
9.1843e+01
8.9665e+01
8.7629e+01
8.5844e+01
8.4334e+01
8.3080e+01
8.2091e+01
8.1226e+01
8.0446e+01
7.9578e+01
7.8562e+01
7.7303e+01
7.5790e+01
7.4066e+01
7.2148e+01
7.0197e+01
6.8268e+01
6.6552e+01
6.5116e+01
6.4058e+01
6.3378e+01
6.3020e+01
6.2952e+01
6.2999e+01
6.3092e+01
6.3027e+01
6.2726e+01
6.2083e+01
6.1100e+01
5.9840e+01
5.8342e+01
5.6797e+01
5.5286e+01
5.4023e+01
5.3090e+01
5.2591e+01
5.2520e+01
5.2812e+01
5.3414e+01
5.4119e+01
5.4823e+01
5.5294e+01
5.5430e+01
5.5108e+01
5.4317e+01
5.3116e+01
5.1553e+01
4.9833e+01
4.8059e+01
4.6472e+01
4.5179e+01
4.4310e+01
4.3886e+01
4.3860e+01
4.4189e+01
4.4677e+01
4.5236e+01
4.5641e+01
4.5792e+01
4.5566e+01
4.4949e+01
4.3996e+01
4.2741e+01
4.1365e+01
3.9943e+01
3.8681e+01
3.7646e+01
3.6930e+01
3.6512e+01
3.6316e+01
3.6286e+01
3.6227e+01
3.6072e+01
3.5634e+01
3.4875e+01
3.3741e+01
3.2301e+01
3.0691e+01
2.9025e+01
2.7556e+01
2.6413e+01
2.5835e+01
2.5911e+01
2.6733e+01
2.8266e+01
3.0392e+01
3.3006e+01
3.5856e+01
3.8811e+01
4.1619e+01
4.4178e+01
4.6375e+01
4.8231e+01
4.9844e+01
5.1303e+01
5.2844e+01
5.4584e+01
5.6762e+01
5.9464e+01
6.2774e+01
6.6639e+01
7.0926e+01
7.5496e+01
8.0059e+01
8.4436e+01
8.8328e+01
9.1592e+01
9.4079e+01
9.5784e+01
9.6797e+01
9.7211e+01
9.7285e+01
9.7170e+01
9.7149e+01
9.7358e+01
9.7935e+01
9.8882e+01
1.0012e+02
1.0154e+02
1.0292e+02
1.0410e+02
1.0482e+02
1.0499e+02
1.0446e+02
1.0328e+02
1.0154e+02
9.9372e+01
9.7052e+01
9.4743e+01
9.2728e+01
9.1142e+01
9.0114e+01
8.9629e+01
8.9579e+01
8.9838e+01
9.0125e+01
9.0270e+01
8.9980e+01
8.9122e+01
8.7564e+01
8.5332e+01
8.2550e+01
7.9363e+01
7.6081e+01
7.2909e+01
7.0169e+01
6.8028e+01
6.6645e+01
6.6016e+01
6.6024e+01
6.6521e+01
6.7192e+01
6.7813e+01
6.8041e+01
6.7692e+01
6.6584e+01
6.4703e+01
6.2148e+01
5.9050e+01
5.5723e+01
5.2382e+01
4.9378e+01
4.6903e+01
4.5146e+01
4.4129e+01
4.3765e+01
4.3935e+01
4.4344e+01
4.4796e+01
4.4967e+01
4.4684e+01
4.3778e+01
4.2243e+01
4.0182e+01
3.7723e+01
3.5160e+01
3.2687e+01
3.0617e+01
2.9102e+01
2.8283e+01
2.8144e+01
2.8552e+01
2.9345e+01
3.0207e+01
3.0932e+01
3.1196e+01
3.0847e+01
2.9744e+01
2.7920e+01
2.5521e+01
2.2722e+01
1.9862e+01
1.7168e+01
1.4979e+01
1.3458e+01
1.2752e+01
1.2828e+01
1.3537e+01
1.4692e+01
1.5936e+01
1.7028e+01
1.7619e+01
1.7535e+01
1.6618e+01
1.4897e+01
1.2526e+01
9.7017e+00
6.7936e+00
4.0637e+00
1.8892e+00
4.7409e-01
0000
4.6361e-01
1.7357e+00
3.6352e+00
5.8063e+00
7.9911e+00
9.8129e+00
1.1066e+01
1.1554e+01
1.1271e+01
1.0334e+01
8.9138e+00
7.3510e+00
5.8786e+00
4.8583e+00
4.4849e+00
4.9362e+00
6.2070e+00
8.1768e+00
1.0681e+01
1.3387e+01
1.6068e+01
1.8385e+01
2.0179e+01
2.1303e+01
2.1798e+01
2.1824e+01
2.1587e+01
2.1451e+01
2.1668e+01
2.2591e+01
2.4388e+01
2.7200e+01
3.0975e+01
3.5524e+01
4.0603e+01
4.5807e+01
5.0841e+01
5.5311e+01
5.9009e+01
6.1752e+01
6.3561e+01
6.4587e+01
6.5045e+01
6.5326e+01
6.5707e+01
6.6570e+01
6.8111e+01
7.0504e+01
7.3713e+01
7.7570e+01
8.1839e+01
8.6115e+01
9.0101e+01
9.3397e+01
9.5787e+01
9.7073e+01
9.7271e+01
9.6531e+01
9.5075e+01
9.3301e+01
9.1505e+01
9.0096e+01
8.9300e+01
8.9327e+01
9.0189e+01
9.1764e+01
9.3863e+01
9.6122e+01
9.8274e+01
9.9944e+01
1.0094e+02
1.0106e+02
1.0031e+02
9.8826e+01
9.6793e+01
9.4568e+01
9.2395e+01
9.0625e+01
8.9426e+01
8.8954e+01
8.9173e+01
8.9931e+01
9.1012e+01
9.2047e+01
9.2783e+01
9.2874e+01
9.2172e+01
9.0537e+01
8.8029e+01
8.4831e+01
8.1184e+01
7.7480e+01
7.3992e+01
7.1086e+01
6.8927e+01
6.7663e+01
6.7246e+01
6.7503e+01
6.8196e+01
6.8948e+01
6.9498e+01
6.9489e+01
6.8770e+01
6.7199e+01
6.4831e+01
6.1833e+01
5.8441e+01
5.5038e+01
5.1879e+01
4.9316e+01
4.7497e+01
4.6565e+01
4.6462e+01
4.7023e+01
4.8012e+01
4.9049e+01
4.9877e+01
5.0143e+01
4.9696e+01
4.8384e+01
4.6253e+01
4.3457e+01
4.0220e+01
3.6915e+01
3.3796e+01
3.1216e+01
2.9334e+01
2.8312e+01
2.8130e+01
2.8661e+01
2.9709e+01
3.0927e+01
3.2089e+01
3.2864e+01
3.3107e+01
3.2656e+01
3.1524e+01
2.9812e+01
2.7682e+01
2.5434e+01
2.3247e+01
2.1413e+01
2.0034e+01
1.9237e+01
1.8993e+01
1.9206e+01
1.9722e+01
2.0268e+01
2.0695e+01
2.0755e+01
2.0386e+01
1.9488e+01
1.8110e+01
1.6357e+01
1.4376e+01
1.2425e+01
1.0635e+01
9.2331e+00
8.2607e+00
7.8008e+00
7.8016e+00
8.1692e+00
8.7727e+00
9.3748e+00
9.8732e+00
1.0067e+01
9.9367e+00
9.4125e+00
8.5552e+00
7.4532e+00
6.2284e+00
5.1083e+00
4.1846e+00
3.6609e+00
3.5726e+00
4.0115e+00
4.9554e+00
6.3746e+00
8.2171e+00
1.0333e+01
1.2704e+01
1.5198e+01
1.7840e+01
2.0575e+01
2.3437e+01
2.6445e+01
2.9616e+01
3.3045e+01
3.6689e+01
4.0615e+01
4.4729e+01
4.9022e+01
5.3408e+01
5.7836e+01
6.2272e+01
6.6612e+01
7.0896e+01
7.5064e+01
7.9204e+01
8.3298e+01
8.7397e+01
9.1503e+01
9.5588e+01
9.9677e+01
1.0365e+02
1.0748e+02
1.1101e+02
1.1419e+02
1.1691e+02
1.1916e+02
1.2095e+02
1.2227e+02
1.2326e+02
1.2395e+02
1.2453e+02
1.2509e+02
1.2573e+02
1.2648e+02
1.2732e+02
1.2825e+02
1.2911e+02
1.2984e+02
1.3025e+02
1.3026e+02
1.2977e+02
1.2878e+02
1.2734e+02
1.2551e+02
1.2348e+02
1.2136e+02
1.1940e+02
1.1772e+02
1.1645e+02
1.1563e+02
1.1519e+02
1.1511e+02
1.1518e+02
1.1531e+02
1.1525e+02
1.1491e+02
1.1415e+02
1.1299e+02
1.1150e+02
1.0975e+02
1.0796e+02
1.0625e+02
1.0488e+02
1.0393e+02
1.0352e+02
1.0361e+02
1.0414e+02
1.0527e+02
1.0709e+02
1.0984e+02
1.1378e+02
1.1936e+02
1.2708e+02
1.3753e+02
1.5128e+02
1.6876e+02
1.9025e+02
2.1571e+02
2.4483e+02
2.7695e+02
3.1118e+02
