2.8371e+01
2.3287e+01
1.8358e+01
1.3761e+01
9.6567e+00
6.1751e+00
3.4264e+00
1.4666e+00
3.3192e-01
0000
4.2394e-01
1.5083e+00
3.1328e+00
5.1652e+00
7.4474e+00
9.8334e+00
1.2161e+01
1.4333e+01
1.6248e+01
1.7851e+01
1.9126e+01
2.0071e+01
2.0749e+01
2.1205e+01
2.1539e+01
2.1818e+01
2.2123e+01
2.2495e+01
2.2947e+01
2.3486e+01
2.4062e+01
2.4652e+01
2.5189e+01
2.5642e+01
2.5978e+01
2.6202e+01
2.6348e+01
2.6457e+01
2.6616e+01
2.6878e+01
2.7330e+01
2.8007e+01
2.8945e+01
3.0130e+01
3.1509e+01
3.3022e+01
3.4561e+01
3.6049e+01
3.7377e+01
3.8490e+01
3.9341e+01
3.9941e+01
4.0338e+01
4.0593e+01
4.0818e+01
4.1091e+01
4.1522e+01
4.2178e+01
4.3110e+01
4.4321e+01
4.5777e+01
4.7428e+01
4.9169e+01
5.0926e+01
5.2585e+01
5.4082e+01
5.5353e+01
5.6382e+01
5.7183e+01
5.7784e+01
5.8264e+01
5.8667e+01
5.9076e+01
5.9527e+01
6.0054e+01
6.0644e+01
6.1255e+01
6.1837e+01
6.2296e+01
6.2575e+01
6.2590e+01
6.2308e+01
6.1702e+01
6.0804e+01
5.9680e+01
5.8410e+01
5.7123e+01
5.5914e+01
5.4909e+01
5.4185e+01
5.3803e+01
5.3769e+01
5.4057e+01
5.4621e+01
5.5365e+01
5.6222e+01
5.7092e+01
5.7922e+01
5.8664e+01
5.9320e+01
5.9923e+01
6.0521e+01
6.1203e+01
6.2027e+01
6.3084e+01
6.4413e+01
6.6050e+01
6.7980e+01
7.0153e+01
7.2508e+01
7.4937e+01
7.7367e+01
7.9686e+01
8.1834e+01
8.3754e+01
8.5434e+01
8.6897e+01
8.8176e+01
8.9354e+01
9.0481e+01
9.1639e+01
9.2869e+01
9.4205e+01
9.5632e+01
9.7099e+01
9.8549e+01
9.9872e+01
1.0099e+02
1.0180e+02
1.0224e+02
1.0227e+02
1.0189e+02
1.0115e+02
1.0011e+02
9.8892e+01
9.7604e+01
9.6376e+01
9.5297e+01
9.4453e+01
9.3875e+01
9.3557e+01
9.3473e+01
9.3543e+01
9.3709e+01
9.3875e+01
9.3988e+01
9.3997e+01
9.3904e+01
9.3727e+01
9.3479e+01
9.3218e+01
9.2963e+01
9.2756e+01
9.2585e+01
9.2431e+01
9.2226e+01
9.1879e+01
9.1303e+01
9.0386e+01
8.9075e+01
8.7314e+01
8.5124e+01
8.2550e+01
7.9698e+01
7.6715e+01
7.3753e+01
7.0993e+01
6.8565e+01
6.6604e+01
6.5168e+01
6.4290e+01
6.3929e+01
6.3998e+01
6.4391e+01
6.4956e+01
6.5581e+01
6.6123e+01
6.6503e+01
6.6647e+01
6.6553e+01
6.6267e+01
6.5844e+01
6.5388e+01
6.4968e+01
6.4684e+01
6.4591e+01
6.4731e+01
6.5099e+01
6.5655e+01
6.6348e+01
6.7081e+01
6.7792e+01
6.8391e+01
6.8843e+01
6.9121e+01
6.9251e+01
6.9290e+01
6.9309e+01
6.9418e+01
6.9687e+01
7.0206e+01
7.1003e+01
7.2093e+01
7.3424e+01
7.4906e+01
7.6431e+01
7.7845e+01
7.9027e+01
7.9828e+01
8.0160e+01
7.9952e+01
7.9196e+01
7.7932e+01
7.6221e+01
7.4187e+01
7.1926e+01
6.9575e+01
6.7230e+01
6.4985e+01
6.2884e+01
6.0942e+01
5.9160e+01
5.7488e+01
5.5905e+01
5.4353e+01
5.2818e+01
5.1283e+01
4.9772e+01
4.8335e+01
4.7034e+01
4.5969e+01
4.5203e+01
4.4823e+01
4.4868e+01
4.5371e+01
4.6310e+01
4.7628e+01
4.9256e+01
5.1075e+01
5.3001e+01
5.4913e+01
5.6740e+01
5.8414e+01
5.9920e+01
6.1275e+01
6.2506e+01
6.3689e+01
6.4864e+01
6.6107e+01
6.7443e+01
6.8893e+01
7.0430e+01
7.2001e+01
7.3542e+01
7.4950e+01
7.6162e+01
7.7090e+01
7.7707e+01
7.7997e+01
7.8001e+01
7.7795e+01
7.7471e+01
7.7165e+01
7.6979e+01
7.7035e+01
7.7398e+01
7.8122e+01
7.9196e+01
8.0564e+01
8.2152e+01
8.3834e+01
8.5515e+01
8.7064e+01
8.8403e+01
8.9469e+01
9.0254e+01
9.0793e+01
9.1141e+01
9.1409e+01
9.1676e+01
9.2059e+01
9.2625e+01
9.3438e+01
9.4508e+01
9.5811e+01
9.7307e+01
9.8907e+01
1.0056e+02
1.0216e+02
1.0369e+02
1.0510e+02
1.0642e+02
1.0769e+02
1.0897e+02
1.1038e+02
1.1197e+02
1.1384e+02
1.1603e+02
1.1856e+02
1.2141e+02
1.2452e+02
1.2780e+02
1.3112e+02
1.3440e+02
1.3752e+02
1.4042e+02
1.4303e+02
1.4536e+02
1.4745e+02
1.4935e+02
1.5117e+02
1.5297e+02
1.5486e+02
1.5689e+02
1.5908e+02
1.6143e+02
1.6388e+02
1.6635e+02
1.6874e+02
1.7096e+02
1.7291e+02
1.7452e+02
1.7576e+02
1.7663e+02
1.7718e+02
1.7748e+02
1.7766e+02
1.7778e+02
1.7797e+02
1.7830e+02
1.7881e+02
1.7953e+02
1.8041e+02
1.8141e+02
1.8244e+02
1.8342e+02
1.8427e+02
1.8491e+02
1.8529e+02
1.8540e+02
1.8527e+02
1.8493e+02
1.8446e+02
1.8392e+02
1.8338e+02
1.8290e+02
1.8251e+02
1.8221e+02
1.8197e+02
1.8175e+02
1.8147e+02
1.8108e+02
1.8052e+02
1.7977e+02
1.7880e+02
1.7767e+02
1.7643e+02
1.7517e+02
1.7402e+02
1.7307e+02
1.7242e+02
1.7212e+02
1.7221e+02
1.7266e+02
1.7343e+02
1.7440e+02
1.7546e+02
1.7651e+02
1.7740e+02
1.7807e+02
1.7847e+02
1.7859e+02
1.7850e+02
1.7827e+02
1.7805e+02
1.7794e+02
1.7809e+02
1.7859e+02
1.7954e+02
1.8095e+02
1.8281e+02
1.8507e+02
1.8761e+02
1.9037e+02
1.9319e+02
1.9600e+02
1.9871e+02
2.0129e+02
2.0373e+02
2.0606e+02
2.0835e+02
2.1065e+02
2.1306e+02
2.1563e+02
2.1840e+02
2.2141e+02
2.2463e+02
2.2805e+02
2.3161e+02
2.3528e+02
2.3900e+02
2.4274e+02
2.4648e+02
2.5023e+02
2.5400e+02
2.5783e+02
2.6176e+02
2.6579e+02
2.6992e+02
2.7412e+02
2.7834e+02
2.8249e+02
2.8645e+02
2.9010e+02
2.9331e+02
2.9600e+02
2.9805e+02
2.9946e+02
3.0022e+02
3.0038e+02
3.0004e+02
2.9933e+02
2.9841e+02
2.9740e+02
2.9645e+02
2.9565e+02
2.9506e+02
2.9471e+02
2.9453e+02
2.9446e+02
2.9438e+02
2.9419e+02
2.9378e+02
2.9307e+02
2.9200e+02
2.9055e+02
2.8877e+02
2.8673e+02
2.8454e+02
2.8231e+02
2.8016e+02
2.7818e+02
2.7648e+02
2.7507e+02
2.7396e+02
2.7313e+02
2.7251e+02
2.7203e+02
2.7160e+02
2.7116e+02
2.7067e+02
2.7008e+02
2.6942e+02
2.6869e+02
2.6797e+02
2.6727e+02
2.6666e+02
2.6614e+02
2.6574e+02
2.6543e+02
2.6517e+02
2.6489e+02
2.6450e+02
2.6396e+02
2.6319e+02
2.6218e+02
2.6090e+02
2.5942e+02
2.5779e+02
2.5613e+02
2.5455e+02
2.5315e+02
2.5203e+02
2.5124e+02
2.5082e+02
2.5074e+02
2.5094e+02
2.5134e+02
2.5181e+02
2.5227e+02
2.5259e+02
2.5273e+02
2.5266e+02
2.5239e+02
2.5200e+02
2.5159e+02
2.5129e+02
2.5122e+02
2.5151e+02
2.5223e+02
2.5343e+02
2.5513e+02
2.5726e+02
2.5975e+02
2.6246e+02
2.6527e+02
2.6803e+02
2.7063e+02
2.7298e+02
2.7503e+02
2.7678e+02
2.7823e+02
2.7946e+02
2.8054e+02
2.8153e+02
2.8251e+02
2.8351e+02
2.8457e+02
2.8565e+02
2.8675e+02
2.8777e+02
2.8867e+02
2.8937e+02
2.8981e+02
2.8993e+02
2.8971e+02
2.8915e+02
2.8825e+02
2.8707e+02
2.8564e+02
2.8401e+02
2.8222e+02
2.8032e+02
2.7832e+02
2.7625e+02
2.7412e+02
2.7191e+02
2.6963e+02
2.6729e+02
2.6490e+02
2.6249e+02
2.6009e+02
2.5777e+02
2.5556e+02
2.5356e+02
2.5180e+02
2.5033e+02
2.4916e+02
2.4830e+02
2.4771e+02
2.4734e+02
2.4711e+02
2.4691e+02
2.4668e+02
2.4631e+02
2.4576e+02
2.4498e+02
2.4396e+02
2.4272e+02
2.4131e+02
2.3979e+02
2.3823e+02
2.3671e+02
2.3526e+02
2.3394e+02
2.3277e+02
2.3173e+02
2.3082e+02
2.2997e+02
2.2916e+02
2.2834e+02
2.2750e+02
2.2660e+02
2.2566e+02
2.2468e+02
2.2371e+02
2.2279e+02
2.2194e+02
2.2123e+02
2.2066e+02
2.2025e+02
2.1999e+02
2.1986e+02
2.1983e+02
2.1986e+02
2.1992e+02
2.1996e+02
2.1998e+02
2.1995e+02
2.1989e+02
2.1981e+02
2.1974e+02
2.1971e+02
2.1974e+02
2.1987e+02
2.2008e+02
2.2038e+02
2.2076e+02
2.2118e+02
2.2162e+02
2.2203e+02
2.2240e+02
2.2270e+02
2.2294e+02
2.2311e+02
2.2322e+02
2.2331e+02
2.2339e+02
2.2349e+02
2.2363e+02
2.2381e+02
2.2402e+02
2.2425e+02
2.2446e+02
2.2463e+02
2.2474e+02
2.2475e+02
2.2463e+02
2.2438e+02
2.2401e+02
2.2351e+02
2.2292e+02
2.2225e+02
2.2153e+02
2.2079e+02
2.2005e+02
2.1932e+02
2.1860e+02
2.1790e+02
2.1722e+02
2.1654e+02
2.1586e+02
2.1517e+02
2.1448e+02
2.1377e+02
2.1308e+02
2.1240e+02
2.1176e+02
2.1116e+02
2.1061e+02
2.1012e+02
2.0968e+02
2.0931e+02
2.0897e+02
2.0867e+02
2.0839e+02
2.0813e+02
2.0789e+02
2.0765e+02
2.0744e+02
2.0724e+02
2.0709e+02
2.0697e+02
2.0689e+02
2.0683e+02
2.0679e+02
2.0674e+02
2.0665e+02
2.0649e+02
2.0623e+02
2.0585e+02
2.0533e+02
2.0470e+02
2.0396e+02
2.0313e+02
2.0228e+02
2.0142e+02
2.0062e+02
1.9991e+02
1.9932e+02
1.9886e+02
1.9851e+02
1.9828e+02
1.9811e+02
1.9800e+02
1.9787e+02
1.9772e+02
1.9751e+02
1.9724e+02
1.9692e+02
1.9656e+02
1.9620e+02
1.9586e+02
1.9559e+02
1.9538e+02
1.9528e+02
1.9525e+02
1.9527e+02
1.9532e+02
1.9534e+02
1.9530e+02
1.9514e+02
1.9485e+02
1.9442e+02
1.9387e+02
1.9326e+02
1.9263e+02
1.9207e+02
1.9164e+02
1.9141e+02
1.9144e+02
1.9176e+02
1.9234e+02
1.9315e+02
1.9414e+02
1.9520e+02
1.9627e+02
1.9725e+02
1.9809e+02
1.9873e+02
1.9917e+02
1.9943e+02
1.9956e+02
1.9964e+02
1.9972e+02
1.9989e+02
2.0020e+02
2.0069e+02
2.0136e+02
2.0217e+02
2.0307e+02
2.0398e+02
2.0484e+02
2.0555e+02
2.0605e+02
2.0631e+02
2.0633e+02
2.0613e+02
2.0577e+02
2.0534e+02
2.0490e+02
2.0455e+02
2.0434e+02
2.0431e+02
2.0447e+02
2.0477e+02
2.0519e+02
2.0561e+02
2.0600e+02
2.0625e+02
2.0632e+02
2.0618e+02
2.0585e+02
2.0537e+02
2.0480e+02
2.0426e+02
2.0382e+02
2.0356e+02
2.0355e+02
2.0380e+02
2.0431e+02
2.0500e+02
2.0580e+02
2.0658e+02
2.0726e+02
2.0772e+02
2.0789e+02
2.0773e+02
2.0726e+02
2.0653e+02
2.0562e+02
2.0466e+02
2.0374e+02
2.0299e+02
2.0248e+02
2.0226e+02
2.0233e+02
2.0264e+02
2.0312e+02
2.0366e+02
2.0417e+02
2.0453e+02
2.0468e+02
2.0457e+02
2.0419e+02
2.0360e+02
2.0287e+02
2.0211e+02
2.0140e+02
2.0086e+02
2.0054e+02
2.0050e+02
2.0074e+02
2.0120e+02
2.0183e+02
2.0250e+02
2.0316e+02
2.0367e+02
2.0400e+02
2.0410e+02
2.0396e+02
2.0363e+02
2.0316e+02
2.0266e+02
2.0220e+02
2.0186e+02
2.0170e+02
2.0175e+02
2.0201e+02
2.0244e+02
2.0298e+02
2.0354e+02
2.0407e+02
2.0447e+02
2.0471e+02
2.0476e+02
2.0463e+02
2.0435e+02
2.0400e+02
2.0366e+02
2.0340e+02
2.0329e+02
2.0338e+02
2.0369e+02
2.0422e+02
2.0492e+02
2.0575e+02
2.0661e+02
2.0742e+02
2.0811e+02
2.0861e+02
2.0890e+02
2.0895e+02
2.0880e+02
2.0847e+02
2.0804e+02
2.0756e+02
2.0711e+02
2.0672e+02
2.0643e+02
2.0626e+02
2.0620e+02
2.0624e+02
2.0632e+02
2.0643e+02
2.0652e+02
2.0658e+02
2.0660e+02
2.0657e+02
2.0652e+02
2.0647e+02
2.0647e+02
2.0652e+02
2.0667e+02
2.0691e+02
2.0723e+02
2.0762e+02
2.0805e+02
2.0849e+02
2.0889e+02
2.0922e+02
2.0944e+02
2.0957e+02
2.0957e+02
2.0947e+02
2.0927e+02
2.0899e+02
2.0867e+02
2.0830e+02
2.0794e+02
2.0755e+02
2.0717e+02
2.0680e+02
2.0643e+02
2.0609e+02
2.0577e+02
2.0548e+02
2.0522e+02
2.0504e+02
2.0492e+02
2.0488e+02
2.0491e+02
2.0501e+02
2.0516e+02
2.0532e+02
2.0549e+02
2.0562e+02
2.0567e+02
2.0564e+02
2.0552e+02
2.0533e+02
2.0508e+02
2.0481e+02
2.0454e+02
2.0434e+02
2.0422e+02
2.0421e+02
2.0431e+02
2.0448e+02
2.0472e+02
2.0496e+02
2.0517e+02
2.0527e+02
2.0525e+02
2.0506e+02
2.0472e+02
2.0425e+02
2.0369e+02
2.0311e+02
2.0255e+02
2.0211e+02
2.0182e+02
2.0171e+02
2.0180e+02
2.0205e+02
2.0244e+02
2.0291e+02
2.0339e+02
2.0382e+02
2.0416e+02
2.0436e+02
2.0443e+02
2.0438e+02
2.0425e+02
2.0410e+02
2.0397e+02
2.0393e+02
2.0399e+02
2.0420e+02
2.0452e+02
2.0491e+02
2.0533e+02
2.0567e+02
2.0590e+02
2.0593e+02
2.0573e+02
2.0528e+02
2.0462e+02
2.0381e+02
2.0293e+02
2.0208e+02
2.0135e+02
2.0085e+02
2.0061e+02
2.0069e+02
2.0106e+02
2.0165e+02
2.0240e+02
2.0318e+02
2.0391e+02
2.0447e+02
2.0481e+02
2.0487e+02
2.0466e+02
2.0423e+02
2.0363e+02
2.0300e+02
2.0239e+02
2.0193e+02
2.0166e+02
2.0163e+02
2.0184e+02
2.0225e+02
2.0279e+02
2.0336e+02
2.0389e+02
2.0429e+02
2.0451e+02
2.0450e+02
2.0428e+02
2.0389e+02
2.0339e+02
2.0290e+02
2.0246e+02
2.0218e+02
2.0209e+02
2.0223e+02
2.0260e+02
2.0313e+02
2.0378e+02
2.0445e+02
2.0507e+02
2.0554e+02
2.0585e+02
2.0594e+02
2.0584e+02
2.0558e+02
2.0523e+02
2.0486e+02
2.0455e+02
2.0436e+02
2.0432e+02
2.0447e+02
2.0479e+02
2.0525e+02
2.0580e+02
2.0636e+02
2.0688e+02
2.0731e+02
2.0763e+02
2.0783e+02
2.0793e+02
2.0796e+02
2.0799e+02
2.0808e+02
2.0829e+02
2.0867e+02
2.0923e+02
2.0998e+02
2.1091e+02
2.1198e+02
2.1315e+02
2.1433e+02
2.1551e+02
2.1660e+02
2.1759e+02
2.1846e+02
2.1919e+02
2.1980e+02
2.2029e+02
2.2072e+02
2.2107e+02
2.2139e+02
2.2168e+02
2.2197e+02
2.2224e+02
2.2253e+02
2.2284e+02
2.2317e+02
2.2355e+02
2.2398e+02
2.2451e+02
2.2515e+02
2.2592e+02
2.2683e+02
2.2787e+02
2.2904e+02
2.3033e+02
2.3171e+02
2.3315e+02
2.3462e+02
2.3611e+02
2.3761e+02
2.3912e+02
2.4065e+02
2.4223e+02
2.4386e+02
2.4559e+02
2.4744e+02
2.4940e+02
2.5147e+02
2.5362e+02
2.5580e+02
2.5795e+02
2.6003e+02
2.6197e+02
2.6371e+02
2.6521e+02
2.6648e+02
2.6751e+02
2.6832e+02
2.6894e+02
2.6940e+02
2.6975e+02
2.7000e+02
2.7018e+02
2.7027e+02
2.7027e+02
2.7014e+02
2.6986e+02
2.6943e+02
2.6884e+02
2.6810e+02
2.6727e+02
2.6642e+02
2.6565e+02
2.6505e+02
2.6472e+02
2.6473e+02
2.6515e+02
2.6597e+02
2.6719e+02
2.6876e+02
2.7057e+02
2.7251e+02
2.7445e+02
2.7627e+02
2.7786e+02
2.7912e+02
2.8001e+02
2.8051e+02
2.8065e+02
2.8047e+02
2.8004e+02
2.7942e+02
2.7868e+02
2.7786e+02
2.7700e+02
2.7608e+02
2.7506e+02
2.7389e+02
2.7248e+02
2.7076e+02
2.6866e+02
2.6613e+02
2.6315e+02
2.5974e+02
2.5597e+02
2.5193e+02
2.4775e+02
2.4354e+02
2.3943e+02
2.3553e+02
2.3190e+02
2.2858e+02
2.2556e+02
2.2282e+02
2.2028e+02
2.1787e+02
2.1552e+02
2.1318e+02
2.1080e+02
2.0839e+02
2.0597e+02
2.0362e+02
2.0142e+02
1.9943e+02
1.9774e+02
1.9639e+02
1.9542e+02
1.9481e+02
1.9451e+02
1.9447e+02
1.9459e+02
1.9480e+02
1.9500e+02
1.9517e+02
1.9526e+02
1.9527e+02
1.9523e+02
1.9521e+02
1.9528e+02
1.9549e+02
1.9593e+02
1.9662e+02
1.9757e+02
1.9878e+02
2.0019e+02
2.0175e+02
2.0337e+02
2.0497e+02
2.0648e+02
2.0786e+02
2.0907e+02
2.1010e+02
2.1097e+02
2.1171e+02
2.1239e+02
2.1305e+02
2.1376e+02
2.1452e+02
2.1537e+02
2.1630e+02
2.1729e+02
2.1831e+02
2.1930e+02
2.2024e+02
2.2105e+02
2.2173e+02
2.2225e+02
2.2261e+02
2.2281e+02
2.2288e+02
2.2285e+02
2.2276e+02
2.2263e+02
2.2249e+02
2.2236e+02
2.2225e+02
2.2216e+02
2.2210e+02
2.2207e+02
2.2206e+02
2.2206e+02
2.2209e+02
2.2213e+02
2.2218e+02
2.2223e+02
2.2226e+02
2.2227e+02
2.2221e+02
2.2207e+02
2.2182e+02
2.2145e+02
2.2095e+02
2.2032e+02
2.1960e+02
2.1878e+02
2.1795e+02
2.1712e+02
2.1635e+02
2.1569e+02
2.1516e+02
2.1477e+02
2.1450e+02
2.1434e+02
2.1424e+02
2.1417e+02
2.1407e+02
2.1390e+02
2.1364e+02
2.1327e+02
2.1283e+02
2.1233e+02
2.1184e+02
2.1138e+02
2.1103e+02
2.1081e+02
2.1075e+02
2.1084e+02
2.1106e+02
2.1137e+02
2.1171e+02
2.1203e+02
2.1226e+02
2.1237e+02
2.1235e+02
2.1220e+02
2.1198e+02
2.1174e+02
2.1155e+02
2.1147e+02
2.1159e+02
2.1193e+02
2.1251e+02
2.1332e+02
2.1428e+02
2.1532e+02
2.1635e+02
2.1728e+02
2.1801e+02
2.1849e+02
2.1870e+02
2.1866e+02
2.1844e+02
2.1810e+02
2.1778e+02
2.1758e+02
2.1761e+02
2.1794e+02
2.1863e+02
2.1965e+02
2.2095e+02
2.2246e+02
2.2404e+02
2.2559e+02
2.2697e+02
2.2812e+02
2.2895e+02
2.2949e+02
2.2979e+02
2.2991e+02
2.3001e+02
2.3018e+02
2.3059e+02
2.3133e+02
2.3247e+02
2.3402e+02
2.3595e+02
2.3819e+02
2.4059e+02
2.4305e+02
2.4539e+02
2.4751e+02
2.4927e+02
2.5062e+02
2.5152e+02
2.5199e+02
2.5207e+02
2.5181e+02
2.5130e+02
2.5057e+02
2.4969e+02
2.4869e+02
2.4757e+02
2.4634e+02
2.4497e+02
2.4347e+02
2.4184e+02
2.4011e+02
2.3831e+02
2.3651e+02
2.3480e+02
2.3325e+02
2.3199e+02
2.3105e+02
2.3052e+02
2.3038e+02
2.3064e+02
2.3123e+02
2.3208e+02
2.3308e+02
2.3410e+02
2.3505e+02
2.3583e+02
2.3639e+02
2.3668e+02
2.3671e+02
2.3654e+02
2.3620e+02
2.3579e+02
2.3538e+02
2.3504e+02
2.3482e+02
2.3474e+02
2.3481e+02
2.3498e+02
2.3521e+02
2.3540e+02
2.3550e+02
2.3542e+02
2.3512e+02
2.3457e+02
2.3376e+02
2.3269e+02
2.3142e+02
2.3001e+02
2.2850e+02
2.2697e+02
2.2548e+02
2.2406e+02
2.2275e+02
2.2157e+02
2.2053e+02
2.1959e+02
2.1877e+02
2.1802e+02
2.1735e+02
2.1672e+02
2.1614e+02
2.1560e+02
2.1509e+02
2.1463e+02
2.1421e+02
2.1383e+02
2.1349e+02
2.1317e+02
2.1287e+02
2.1258e+02
2.1228e+02
2.1197e+02
2.1165e+02
2.1131e+02
2.1099e+02
2.1069e+02
2.1045e+02
2.1028e+02
2.1021e+02
2.1026e+02
2.1044e+02
2.1077e+02
2.1124e+02
2.1185e+02
2.1259e+02
2.1346e+02
2.1448e+02
2.1563e+02
2.1695e+02
2.1843e+02
2.2012e+02
2.2203e+02
2.2419e+02
2.2661e+02
2.2929e+02
2.3224e+02
2.3542e+02
2.3883e+02
2.4240e+02
2.4609e+02
2.4983e+02
2.5357e+02
2.5725e+02
2.6078e+02
2.6413e+02
2.6722e+02
2.7002e+02
2.7245e+02
2.7448e+02
2.7602e+02
2.7702e+02
2.7745e+02
2.7723e+02
2.7637e+02
2.7482e+02
2.7262e+02
2.6980e+02
2.6645e+02
2.6267e+02
2.5857e+02
2.5432e+02
2.5003e+02
2.4585e+02
2.4185e+02
2.3813e+02
2.3470e+02
2.3156e+02
2.2866e+02
2.2593e+02
2.2330e+02
2.2070e+02
2.1812e+02
2.1558e+02
2.1315e+02
2.1099e+02
2.0929e+02
2.0830e+02
2.0825e+02
2.0943e+02
2.1203e+02
2.1621e+02
2.2204e+02
2.2948e+02
2.3839e+02
2.4855e+02
2.5966e+02
2.7138e+02
2.8337e+02
2.9529e+02
3.0686e+02
3.1786e+02
3.2813e+02
3.3759e+02
3.4617e+02
3.5389e+02
3.6076e+02
3.6677e+02
3.7191e+02
3.7615e+02
3.7945e+02
3.8176e+02
3.8308e+02
3.8338e+02
3.8275e+02
3.8128e+02
3.7917e+02
3.7662e+02
3.7389e+02
3.7121e+02
3.6874e+02
3.6659e+02
3.6478e+02
3.6321e+02
3.6172e+02
3.6005e+02
3.5795e+02
3.5512e+02
3.5135e+02
3.4648e+02
3.4045e+02
3.3336e+02
3.2542e+02
3.1696e+02
3.0834e+02
3.0001e+02
2.9233e+02
2.8566e+02
2.8019e+02
2.7606e+02
2.7324e+02
2.7160e+02
2.7090e+02
2.7084e+02
2.7111e+02
2.7140e+02
2.7147e+02
2.7114e+02
2.7033e+02
2.6907e+02
2.6749e+02
2.6582e+02
2.6431e+02
2.6326e+02
2.6294e+02
2.6358e+02
2.6533e+02
2.6826e+02
2.7240e+02
2.7766e+02
2.8393e+02
2.9103e+02
2.9875e+02
3.0685e+02
3.1511e+02
3.2331e+02
3.3127e+02
3.3885e+02
3.4591e+02
3.5241e+02
3.5830e+02
3.6362e+02
3.6841e+02
3.7279e+02
3.7694e+02
3.8107e+02
3.8545e+02
3.9035e+02
3.9608e+02
4.0294e+02
4.1117e+02
4.2098e+02
4.3251e+02
4.4582e+02
4.6085e+02
4.7748e+02
4.9548e+02
5.1458e+02
5.3443e+02
5.5468e+02
5.7495e+02
5.9487e+02
6.1414e+02
6.3251e+02
6.4980e+02
6.6591e+02
6.8083e+02
6.9462e+02
7.0736e+02
7.1922e+02
7.3030e+02
7.4075e+02
7.5065e+02
7.6005e+02
7.6895e+02
7.7727e+02
7.8494e+02
7.9182e+02
7.9782e+02
8.0288e+02
8.0697e+02
8.1013e+02
8.1244e+02
8.1408e+02
8.1519e+02
8.1599e+02
8.1663e+02
8.1727e+02
8.1800e+02
8.1885e+02
8.1979e+02
8.2076e+02
8.2168e+02
8.2241e+02
8.2291e+02
8.2308e+02
8.2291e+02
8.2239e+02
8.2155e+02
8.2048e+02
8.1922e+02
8.1785e+02
8.1640e+02
8.1488e+02
8.1327e+02
8.1151e+02
8.0953e+02
8.0723e+02
8.0454e+02
8.0134e+02
7.9759e+02
7.9325e+02
7.8831e+02
7.8282e+02
7.7683e+02
7.7046e+02
7.6380e+02
7.5699e+02
7.5012e+02
7.4331e+02
7.3660e+02
7.3005e+02
7.2363e+02
7.1730e+02
7.1099e+02
7.0459e+02
6.9801e+02
6.9116e+02
6.8398e+02
6.7643e+02
6.6851e+02
6.6028e+02
6.5181e+02
6.4321e+02
6.3459e+02
6.2606e+02
6.1769e+02
6.0951e+02
6.0154e+02
5.9372e+02
5.8599e+02
5.7824e+02
5.7038e+02
5.6231e+02
5.5400e+02
5.4541e+02
5.3658e+02
5.2758e+02
5.1853e+02
5.0956e+02
5.0080e+02
4.9238e+02
4.8438e+02
4.7687e+02
4.6983e+02
4.6324e+02
4.5702e+02
4.5104e+02
4.4521e+02
4.3940e+02
4.3355e+02
4.2760e+02
4.2153e+02
4.1538e+02
4.0920e+02
4.0312e+02
3.9719e+02
3.9153e+02
3.8620e+02
3.8125e+02
3.7668e+02
3.7247e+02
3.6855e+02
3.6482e+02
3.6122e+02
3.5763e+02
3.5400e+02
3.5027e+02
3.4644e+02
3.4253e+02
3.3857e+02
3.3463e+02
3.3078e+02
3.2707e+02
3.2355e+02
3.2024e+02
3.1711e+02
3.1415e+02
3.1130e+02
3.0848e+02
3.0566e+02
3.0278e+02
2.9985e+02
2.9688e+02
2.9392e+02
2.9104e+02
2.8834e+02
2.8593e+02
2.8389e+02
2.8229e+02
2.8117e+02
2.8054e+02
2.8036e+02
2.8058e+02
2.8110e+02
2.8180e+02
2.8260e+02
2.8338e+02
2.8409e+02
2.8465e+02
2.8504e+02
2.8526e+02
2.8530e+02
2.8521e+02
2.8499e+02
2.8468e+02
2.8428e+02
2.8380e+02
2.8320e+02
2.8245e+02
2.8151e+02
2.8031e+02
2.7883e+02
2.7703e+02
2.7491e+02
2.7247e+02
2.6975e+02
2.6681e+02
2.6371e+02
2.6055e+02
2.5738e+02
2.5428e+02
2.5130e+02
2.4845e+02
2.4575e+02
2.4316e+02
2.4067e+02
2.3819e+02
2.3570e+02
2.3315e+02
2.3052e+02
2.2779e+02
2.2499e+02
2.2214e+02
2.1927e+02
2.1646e+02
2.1373e+02
2.1113e+02
2.0867e+02
2.0635e+02
2.0416e+02
2.0205e+02
2.0000e+02
1.9793e+02
1.9582e+02
1.9361e+02
1.9130e+02
1.8887e+02
1.8634e+02
1.8373e+02
1.8107e+02
1.7842e+02
1.7580e+02
1.7327e+02
1.7085e+02
1.6858e+02
1.6646e+02
1.6451e+02
1.6275e+02
1.6114e+02
1.5969e+02
1.5834e+02
1.5710e+02
1.5590e+02
1.5472e+02
1.5349e+02
1.5215e+02
1.5066e+02
1.4896e+02
1.4702e+02
1.4478e+02
1.4225e+02
1.3942e+02
1.3632e+02
1.3297e+02
1.2943e+02
1.2577e+02
1.2208e+02
1.1845e+02
1.1497e+02
1.1173e+02
1.0882e+02
1.0630e+02
1.0423e+02
1.0262e+02
1.0147e+02
1.0073e+02
1.0035e+02
1.0025e+02
1.0033e+02
1.0053e+02
1.0074e+02
1.0092e+02
1.0103e+02
1.0107e+02
1.0104e+02
1.0101e+02
1.0102e+02
1.0114e+02
1.0144e+02
1.0196e+02
1.0273e+02
1.0375e+02
1.0499e+02
1.0640e+02
1.0792e+02
1.0947e+02
1.1095e+02
1.1232e+02
1.1349e+02
1.1446e+02
1.1520e+02
1.1574e+02
1.1612e+02
1.1641e+02
1.1671e+02
1.1709e+02
1.1768e+02
1.1856e+02
1.1983e+02
1.2157e+02
1.2385e+02
1.2674e+02
1.3027e+02
1.3450e+02
1.3947e+02
1.4522e+02
1.5178e+02
1.5918e+02
1.6745e+02
1.7660e+02
1.8662e+02
1.9748e+02
2.0916e+02
2.2157e+02
2.3464e+02
2.4827e+02
2.6234e+02
2.7676e+02
2.9139e+02
3.0616e+02
3.2098e+02
3.3580e+02
3.5058e+02
3.6529e+02
3.7991e+02
3.9444e+02
4.0889e+02
4.2323e+02
4.3748e+02
4.5161e+02
4.6562e+02
4.7948e+02
4.9318e+02
5.0671e+02
5.2004e+02
5.3317e+02
5.4604e+02
5.5865e+02
5.7096e+02
5.8290e+02
5.9442e+02
6.0542e+02
6.1584e+02
6.2555e+02
6.3447e+02
6.4248e+02
6.4951e+02
6.5549e+02
6.6038e+02
6.6417e+02
6.6685e+02
6.6849e+02
6.6912e+02
6.6885e+02
6.6775e+02
6.6594e+02
6.6351e+02
6.6053e+02
6.5711e+02
6.5328e+02
6.4910e+02
6.4459e+02
6.3976e+02
6.3463e+02
6.2919e+02
6.2343e+02
6.1735e+02
6.1096e+02
6.0426e+02
5.9732e+02
5.9014e+02
5.8279e+02
5.7529e+02
5.6770e+02
5.6005e+02
5.5236e+02
5.4464e+02
5.3688e+02
5.2909e+02
5.2123e+02
5.1330e+02
5.0530e+02
4.9720e+02
4.8905e+02
4.8085e+02
4.7267e+02
4.6453e+02
4.5652e+02
4.4867e+02
4.4101e+02
4.3358e+02
4.2637e+02
4.1938e+02
4.1256e+02
4.0585e+02
3.9922e+02
3.9261e+02
3.8598e+02
3.7929e+02
3.7257e+02
3.6582e+02
3.5910e+02
3.5247e+02
3.4602e+02
3.3980e+02
3.3388e+02
3.2832e+02
3.2311e+02
3.1826e+02
3.1371e+02
3.0941e+02
3.0529e+02
3.0126e+02
2.9725e+02
2.9321e+02
2.8911e+02
2.8494e+02
2.8074e+02
2.7654e+02
2.7241e+02
2.6840e+02
2.6458e+02
2.6099e+02
2.5766e+02
2.5463e+02
2.5188e+02
2.4939e+02
2.4715e+02
2.4512e+02
2.4331e+02
2.4166e+02
2.4017e+02
2.3882e+02
2.3758e+02
2.3642e+02
2.3529e+02
2.3415e+02
2.3283e+02
2.3122e+02
2.2912e+02
2.2637e+02
2.2276e+02
2.1812e+02
2.1229e+02
2.0518e+02
1.9678e+02
1.8714e+02
1.7640e+02
1.6480e+02
1.5264e+02
1.4028e+02
