5.7338e+02
5.6968e+02
5.6606e+02
5.6258e+02
5.5931e+02
5.5628e+02
5.5351e+02
5.5100e+02
5.4871e+02
5.4663e+02
5.4470e+02
5.4290e+02
5.4120e+02
5.3957e+02
5.3798e+02
5.3642e+02
5.3489e+02
5.3337e+02
5.3188e+02
5.3039e+02
5.2891e+02
5.2743e+02
5.2595e+02
5.2445e+02
5.2294e+02
5.2141e+02
5.1989e+02
5.1838e+02
5.1690e+02
5.1545e+02
5.1406e+02
5.1275e+02
5.1151e+02
5.1037e+02
5.0931e+02
5.0833e+02
5.0741e+02
5.0656e+02
5.0574e+02
5.0496e+02
5.0420e+02
5.0346e+02
5.0274e+02
5.0205e+02
5.0141e+02
5.0084e+02
5.0036e+02
4.9998e+02
4.9973e+02
4.9963e+02
4.9967e+02
4.9985e+02
5.0018e+02
5.0063e+02
5.0118e+02
5.0182e+02
5.0253e+02
5.0328e+02
5.0408e+02
5.0490e+02
5.0574e+02
5.0661e+02
5.0751e+02
5.0844e+02
5.0942e+02
5.1043e+02
5.1148e+02
5.1255e+02
5.1364e+02
5.1473e+02
5.1580e+02
5.1685e+02
5.1784e+02
5.1879e+02
5.1967e+02
5.2050e+02
5.2126e+02
5.2198e+02
5.2265e+02
5.2328e+02
5.2388e+02
5.2444e+02
5.2495e+02
5.2542e+02
5.2583e+02
5.2616e+02
5.2639e+02
5.2650e+02
5.2647e+02
5.2631e+02
5.2601e+02
5.2557e+02
5.2501e+02
5.2433e+02
5.2358e+02
5.2276e+02
5.2190e+02
5.2102e+02
5.2013e+02
5.1923e+02
5.1832e+02
5.1738e+02
5.1640e+02
5.1537e+02
5.1426e+02
5.1306e+02
5.1176e+02
5.1037e+02
5.0890e+02
5.0735e+02
5.0577e+02
5.0416e+02
5.0256e+02
5.0098e+02
4.9943e+02
4.9793e+02
4.9646e+02
4.9501e+02
4.9357e+02
4.9212e+02
4.9063e+02
4.8910e+02
4.8750e+02
4.8583e+02
4.8410e+02
4.8233e+02
4.8052e+02
4.7870e+02
4.7688e+02
4.7509e+02
4.7332e+02
4.7158e+02
4.6986e+02
4.6816e+02
4.6645e+02
4.6472e+02
4.6297e+02
4.6117e+02
4.5933e+02
4.5747e+02
4.5559e+02
4.5371e+02
4.5188e+02
4.5010e+02
4.4840e+02
4.4679e+02
4.4529e+02
4.4387e+02
4.4254e+02
4.4126e+02
4.4000e+02
4.3873e+02
4.3741e+02
4.3603e+02
4.3456e+02
4.3300e+02
4.3135e+02
4.2961e+02
4.2783e+02
4.2602e+02
4.2420e+02
4.2241e+02
4.2066e+02
4.1896e+02
4.1733e+02
4.1575e+02
4.1422e+02
4.1272e+02
4.1123e+02
4.0975e+02
4.0825e+02
4.0674e+02
4.0523e+02
4.0371e+02
4.0221e+02
4.0075e+02
3.9933e+02
3.9799e+02
3.9671e+02
3.9551e+02
3.9439e+02
3.9331e+02
3.9227e+02
3.9123e+02
3.9017e+02
3.8906e+02
3.8790e+02
3.8666e+02
3.8534e+02
3.8395e+02
3.8250e+02
3.8101e+02
3.7951e+02
3.7801e+02
3.7654e+02
3.7510e+02
3.7370e+02
3.7235e+02
3.7104e+02
3.6976e+02
3.6849e+02
3.6722e+02
3.6594e+02
3.6465e+02
3.6334e+02
3.6201e+02
3.6067e+02
3.5935e+02
3.5804e+02
3.5677e+02
3.5554e+02
3.5436e+02
3.5323e+02
3.5214e+02
3.5108e+02
3.5003e+02
3.4898e+02
3.4789e+02
3.4676e+02
3.4557e+02
3.4432e+02
3.4300e+02
3.4163e+02
3.4021e+02
3.3877e+02
3.3731e+02
3.3586e+02
3.3442e+02
3.3300e+02
3.3162e+02
3.3025e+02
3.2892e+02
3.2761e+02
3.2631e+02
3.2504e+02
3.2377e+02
3.2252e+02
3.2129e+02
3.2008e+02
3.1890e+02
3.1775e+02
3.1664e+02
3.1556e+02
3.1452e+02
3.1350e+02
3.1251e+02
3.1153e+02
3.1056e+02
3.0957e+02
3.0857e+02
3.0754e+02
3.0649e+02
3.0540e+02
3.0428e+02
3.0314e+02
3.0198e+02
3.0082e+02
2.9965e+02
2.9851e+02
2.9739e+02
2.9630e+02
2.9524e+02
2.9421e+02
2.9321e+02
2.9223e+02
2.9124e+02
2.9025e+02
2.8922e+02
2.8816e+02
2.8706e+02
2.8590e+02
2.8470e+02
2.8346e+02
2.8220e+02
2.8092e+02
2.7965e+02
2.7841e+02
2.7722e+02
2.7608e+02
2.7500e+02
2.7400e+02
2.7306e+02
2.7217e+02
2.7133e+02
2.7050e+02
2.6967e+02
2.6883e+02
2.6796e+02
2.6704e+02
2.6608e+02
2.6507e+02
2.6403e+02
2.6298e+02
2.6193e+02
2.6091e+02
2.5994e+02
2.5903e+02
2.5820e+02
2.5745e+02
2.5678e+02
2.5618e+02
2.5564e+02
2.5515e+02
2.5468e+02
2.5422e+02
2.5375e+02
2.5329e+02
2.5281e+02
2.5233e+02
2.5186e+02
2.5139e+02
2.5096e+02
2.5054e+02
2.5015e+02
2.4978e+02
2.4940e+02
2.4900e+02
2.4856e+02
2.4805e+02
2.4745e+02
2.4674e+02
2.4592e+02
2.4499e+02
2.4397e+02
2.4287e+02
2.4173e+02
2.4058e+02
2.3945e+02
2.3838e+02
2.3740e+02
2.3651e+02
2.3571e+02
2.3499e+02
2.3434e+02
2.3373e+02
2.3313e+02
2.3252e+02
2.3188e+02
2.3119e+02
2.3047e+02
2.2972e+02
2.2897e+02
2.2824e+02
2.2754e+02
2.2690e+02
2.2633e+02
2.2580e+02
2.2529e+02
2.2476e+02
2.2414e+02
2.2337e+02
2.2238e+02
2.2112e+02
2.1954e+02
2.1762e+02
2.1538e+02
2.1283e+02
2.1003e+02
2.0705e+02
2.0397e+02
2.0088e+02
1.9784e+02
1.9492e+02
1.9217e+02
1.8960e+02
1.8723e+02
1.8504e+02
1.8300e+02
1.8109e+02
1.7927e+02
1.7752e+02
1.7581e+02
1.7413e+02
1.7247e+02
1.7084e+02
1.6924e+02
1.6768e+02
1.6617e+02
1.6471e+02
1.6330e+02
1.6192e+02
1.6055e+02
1.5919e+02
1.5781e+02
1.5639e+02
1.5491e+02
1.5335e+02
1.5171e+02
1.4998e+02
1.4817e+02
1.4627e+02
1.4429e+02
1.4224e+02
1.4014e+02
1.3799e+02
1.3580e+02
1.3357e+02
1.3132e+02
1.2905e+02
1.2678e+02
1.2451e+02
1.2224e+02
1.1999e+02
1.1778e+02
1.1561e+02
1.1351e+02
1.1148e+02
1.0955e+02
1.0772e+02
1.0600e+02
1.0441e+02
1.0294e+02
1.0160e+02
1.0039e+02
9.9289e+01
9.8301e+01
9.7413e+01
9.6614e+01
9.5896e+01
9.5250e+01
9.4669e+01
9.4156e+01
9.3712e+01
9.3348e+01
9.3070e+01
9.2891e+01
9.2823e+01
9.2871e+01
9.3049e+01
9.3356e+01
9.3790e+01
9.4341e+01
9.4996e+01
9.5735e+01
9.6531e+01
9.7358e+01
9.8185e+01
9.8985e+01
9.9730e+01
1.0040e+02
1.0097e+02
1.0144e+02
1.0181e+02
1.0206e+02
1.0221e+02
1.0226e+02
1.0224e+02
1.0214e+02
1.0198e+02
1.0176e+02
1.0148e+02
1.0114e+02
1.0073e+02
1.0025e+02
9.9675e+01
9.9018e+01
9.8275e+01
9.7454e+01
9.6569e+01
9.5638e+01
9.4688e+01
9.3746e+01
9.2839e+01
9.1986e+01
9.1201e+01
9.0486e+01
8.9833e+01
8.9225e+01
8.8632e+01
8.8026e+01
8.7370e+01
8.6632e+01
8.5784e+01
8.4808e+01
8.3698e+01
8.2454e+01
8.1091e+01
7.9624e+01
7.8077e+01
7.6469e+01
7.4819e+01
7.3139e+01
7.1438e+01
6.9716e+01
6.7969e+01
6.6195e+01
6.4388e+01
6.2550e+01
6.0683e+01
5.8801e+01
5.6921e+01
5.5061e+01
5.3250e+01
5.1507e+01
4.9855e+01
4.8306e+01
4.6865e+01
4.5530e+01
4.4288e+01
4.3122e+01
4.2008e+01
4.0928e+01
3.9860e+01
3.8791e+01
3.7710e+01
3.6615e+01
3.5513e+01
3.4414e+01
3.3337e+01
3.2295e+01
3.1307e+01
3.0384e+01
2.9531e+01
2.8746e+01
2.8022e+01
2.7343e+01
2.6690e+01
2.6049e+01
2.5398e+01
2.4725e+01
2.4019e+01
2.3282e+01
2.2519e+01
2.1737e+01
2.0955e+01
2.0188e+01
1.9454e+01
1.8767e+01
1.8137e+01
1.7562e+01
1.7035e+01
1.6544e+01
1.6067e+01
1.5589e+01
1.5086e+01
1.4543e+01
1.3942e+01
1.3278e+01
1.2549e+01
1.1761e+01
1.0927e+01
1.0060e+01
9.1825e+00
8.3099e+00
7.4592e+00
6.6425e+00
5.8681e+00
5.1406e+00
4.4547e+00
3.8114e+00
3.2041e+00
2.6302e+00
2.0872e+00
1.5801e+00
1.1169e+00
7.0643e-01
3.7081e-01
1.2750e-01
0000
7.7010e-03
1.7255e-01
5.0981e-01
1.0293e+00
1.7394e+00
2.6388e+00
3.7317e+00
5.0136e+00
6.4857e+00
8.1496e+00
1.0014e+01
1.2097e+01
1.4416e+01
1.7002e+01
1.9883e+01
2.3100e+01
2.6686e+01
3.0677e+01
3.5100e+01
3.9980e+01
4.5334e+01
5.1167e+01
5.7484e+01
6.4277e+01
7.1535e+01
7.9246e+01
8.7395e+01
9.5970e+01
1.0495e+02
1.1433e+02
1.2408e+02
1.3421e+02
1.4467e+02
1.5546e+02
1.6654e+02
1.7787e+02
1.8940e+02
2.0107e+02
2.1283e+02
2.2462e+02
2.3635e+02
2.4797e+02
2.5941e+02
2.7061e+02
2.8154e+02
2.9214e+02
3.0239e+02
3.1225e+02
3.2171e+02
3.3076e+02
3.3937e+02
3.4754e+02
3.5527e+02
3.6255e+02
3.6940e+02
3.7582e+02
3.8183e+02
3.8747e+02
3.9277e+02
3.9777e+02
4.0252e+02
4.0706e+02
4.1145e+02
4.1572e+02
4.1990e+02
4.2401e+02
4.2805e+02
4.3202e+02
4.3589e+02
4.3965e+02
4.4327e+02
4.4670e+02
4.4993e+02
4.5293e+02
4.5568e+02
4.5816e+02
4.6036e+02
4.6230e+02
4.6397e+02
4.6539e+02
4.6658e+02
4.6756e+02
4.6835e+02
4.6898e+02
4.6948e+02
4.6986e+02
4.7015e+02
4.7037e+02
4.7052e+02
4.7062e+02
4.7068e+02
4.7068e+02
4.7062e+02
4.7049e+02
4.7029e+02
4.7000e+02
4.6964e+02
4.6919e+02
4.6865e+02
4.6804e+02
4.6736e+02
4.6662e+02
4.6584e+02
4.6504e+02
4.6422e+02
4.6341e+02
4.6262e+02
4.6187e+02
4.6116e+02
4.6053e+02
4.5997e+02
4.5952e+02
4.5918e+02
4.5897e+02
4.5890e+02
4.5898e+02
4.5922e+02
4.5960e+02
4.6013e+02
4.6079e+02
4.6155e+02
4.6240e+02
4.6331e+02
4.6426e+02
4.6521e+02
4.6614e+02
4.6705e+02
4.6791e+02
4.6873e+02
4.6950e+02
4.7023e+02
4.7093e+02
4.7161e+02
4.7227e+02
4.7292e+02
4.7357e+02
4.7420e+02
4.7481e+02
4.7539e+02
4.7592e+02
4.7637e+02
4.7673e+02
4.7697e+02
4.7710e+02
4.7709e+02
4.7694e+02
4.7667e+02
4.7626e+02
4.7574e+02
4.7512e+02
4.7440e+02
4.7359e+02
4.7269e+02
4.7171e+02
4.7063e+02
4.6946e+02
4.6819e+02
4.6682e+02
4.6535e+02
4.6378e+02
4.6212e+02
4.6040e+02
4.5862e+02
4.5681e+02
4.5498e+02
4.5314e+02
4.5131e+02
4.4950e+02
4.4769e+02
4.4588e+02
4.4405e+02
4.4219e+02
4.4029e+02
4.3832e+02
4.3628e+02
4.3417e+02
4.3199e+02
4.2973e+02
4.2743e+02
4.2509e+02
4.2274e+02
4.2038e+02
4.1805e+02
4.1573e+02
4.1345e+02
4.1120e+02
4.0898e+02
4.0676e+02
4.0454e+02
4.0230e+02
4.0002e+02
3.9772e+02
3.9537e+02
3.9299e+02
3.9059e+02
3.8818e+02
3.8577e+02
3.8339e+02
3.8104e+02
3.7874e+02
3.7649e+02
3.7429e+02
3.7212e+02
3.6998e+02
3.6786e+02
3.6573e+02
3.6360e+02
3.6146e+02
3.5931e+02
3.5717e+02
3.5506e+02
3.5299e+02
3.5099e+02
3.4908e+02
3.4726e+02
3.4554e+02
3.4392e+02
3.4238e+02
3.4091e+02
3.3948e+02
3.3805e+02
3.3661e+02
3.3512e+02
3.3358e+02
3.3198e+02
3.3033e+02
3.2863e+02
3.2692e+02
3.2522e+02
3.2355e+02
3.2193e+02
3.2039e+02
3.1893e+02
3.1755e+02
3.1624e+02
3.1498e+02
3.1375e+02
3.1251e+02
3.1124e+02
3.0992e+02
3.0853e+02
3.0705e+02
3.0550e+02
3.0388e+02
3.0222e+02
3.0053e+02
2.9885e+02
2.9719e+02
2.9558e+02
2.9401e+02
2.9250e+02
2.9103e+02
2.8959e+02
2.8816e+02
2.8672e+02
2.8526e+02
2.8375e+02
2.8220e+02
2.8061e+02
2.7899e+02
2.7736e+02
2.7575e+02
2.7417e+02
2.7264e+02
2.7117e+02
2.6977e+02
2.6844e+02
2.6715e+02
2.6589e+02
2.6464e+02
2.6338e+02
2.6210e+02
2.6078e+02
2.5943e+02
2.5805e+02
2.5668e+02
2.5533e+02
2.5403e+02
2.5281e+02
2.5168e+02
2.5064e+02
2.4971e+02
2.4885e+02
2.4807e+02
2.4732e+02
2.4658e+02
2.4582e+02
2.4503e+02
2.4418e+02
2.4328e+02
2.4233e+02
2.4134e+02
2.4034e+02
2.3934e+02
2.3837e+02
2.3745e+02
2.3657e+02
2.3575e+02
2.3498e+02
2.3423e+02
2.3348e+02
2.3271e+02
2.3191e+02
2.3104e+02
2.3009e+02
2.2906e+02
2.2794e+02
2.2676e+02
2.2552e+02
2.2425e+02
2.2296e+02
2.2169e+02
2.2044e+02
2.1922e+02
2.1804e+02
2.1689e+02
2.1577e+02
2.1466e+02
2.1355e+02
2.1242e+02
2.1128e+02
2.1010e+02
2.0891e+02
2.0769e+02
2.0648e+02
2.0526e+02
2.0405e+02
2.0286e+02
2.0169e+02
2.0054e+02
1.9939e+02
1.9824e+02
1.9707e+02
1.9586e+02
1.9460e+02
1.9329e+02
1.9191e+02
1.9048e+02
1.8901e+02
1.8752e+02
1.8603e+02
1.8456e+02
1.8314e+02
1.8178e+02
1.8048e+02
1.7926e+02
1.7810e+02
1.7698e+02
1.7589e+02
1.7481e+02
1.7371e+02
1.7257e+02
1.7138e+02
1.7014e+02
1.6884e+02
1.6749e+02
1.6610e+02
1.6469e+02
1.6328e+02
1.6188e+02
1.6050e+02
1.5916e+02
1.5784e+02
1.5655e+02
1.5527e+02
1.5400e+02
1.5273e+02
1.5144e+02
1.5014e+02
1.4882e+02
1.4749e+02
1.4616e+02
1.4485e+02
1.4356e+02
1.4232e+02
1.4111e+02
1.3995e+02
1.3882e+02
1.3771e+02
1.3662e+02
1.3551e+02
1.3437e+02
1.3318e+02
1.3194e+02
1.3063e+02
1.2927e+02
1.2786e+02
1.2642e+02
1.2497e+02
1.2354e+02
1.2215e+02
1.2082e+02
1.1958e+02
1.1843e+02
1.1739e+02
1.1644e+02
1.1558e+02
1.1480e+02
1.1410e+02
1.1345e+02
1.1283e+02
1.1224e+02
1.1166e+02
1.1110e+02
1.1054e+02
1.0998e+02
1.0944e+02
1.0891e+02
1.0840e+02
1.0792e+02
1.0746e+02
1.0703e+02
1.0662e+02
1.0623e+02
1.0586e+02
1.0549e+02
1.0512e+02
1.0475e+02
1.0437e+02
1.0399e+02
1.0360e+02
1.0320e+02
1.0280e+02
1.0239e+02
1.0199e+02
1.0159e+02
1.0118e+02
1.0076e+02
1.0032e+02
9.9853e+01
9.9350e+01
9.8801e+01
9.8198e+01
9.7537e+01
9.6819e+01
9.6047e+01
9.5236e+01
9.4397e+01
9.3549e+01
9.2711e+01
9.1902e+01
9.1141e+01
9.0443e+01
8.9815e+01
8.9258e+01
8.8767e+01
8.8331e+01
8.7933e+01
8.7555e+01
8.7178e+01
8.6785e+01
8.6355e+01
8.5880e+01
8.5353e+01
8.4778e+01
8.4162e+01
8.3516e+01
8.2856e+01
8.2198e+01
8.1562e+01
8.0963e+01
8.0418e+01
7.9935e+01
7.9517e+01
7.9165e+01
7.8875e+01
7.8637e+01
7.8439e+01
7.8275e+01
7.8133e+01
7.8010e+01
7.7899e+01
7.7796e+01
7.7706e+01
7.7633e+01
7.7586e+01
7.7567e+01
7.7581e+01
7.7627e+01
7.7704e+01
7.7804e+01
7.7917e+01
7.8035e+01
7.8142e+01
7.8232e+01
7.8292e+01
7.8322e+01
7.8323e+01
7.8302e+01
7.8268e+01
7.8234e+01
7.8214e+01
7.8217e+01
7.8258e+01
7.8341e+01
7.8471e+01
7.8645e+01
7.8861e+01
7.9119e+01
7.9413e+01
7.9749e+01
8.0134e+01
8.0583e+01
8.1120e+01
8.1776e+01
8.2589e+01
8.3607e+01
8.4879e+01
8.6454e+01
8.8381e+01
9.0701e+01
9.3451e+01
9.6660e+01
1.0035e+02
1.0453e+02
1.0920e+02
1.1438e+02
1.2004e+02
1.2619e+02
1.3281e+02
1.3990e+02
1.4744e+02
1.5542e+02
1.6382e+02
1.7262e+02
1.8178e+02
1.9127e+02
2.0104e+02
2.1102e+02
2.2114e+02
2.3134e+02
2.4153e+02
2.5164e+02
2.6160e+02
2.7135e+02
2.8083e+02
2.9000e+02
2.9884e+02
3.0732e+02
3.1546e+02
3.2323e+02
3.3065e+02
3.3774e+02
3.4448e+02
3.5088e+02
3.5694e+02
3.6267e+02
3.6808e+02
3.7323e+02
3.7814e+02
3.8289e+02
3.8755e+02
3.9222e+02
3.9700e+02
4.0197e+02
4.0720e+02
4.1272e+02
4.1853e+02
4.2459e+02
4.3080e+02
4.3704e+02
4.4316e+02
4.4898e+02
4.5433e+02
4.5909e+02
4.6312e+02
4.6637e+02
4.6880e+02
4.7044e+02
4.7135e+02
4.7163e+02
4.7140e+02
4.7079e+02
4.6992e+02
4.6890e+02
4.6784e+02
4.6681e+02
4.6586e+02
4.6500e+02
4.6423e+02
4.6353e+02
4.6286e+02
4.6219e+02
4.6150e+02
4.6074e+02
4.5990e+02
4.5896e+02
4.5794e+02
4.5683e+02
4.5568e+02
4.5450e+02
4.5334e+02
4.5223e+02
4.5121e+02
4.5029e+02
4.4949e+02
4.4883e+02
4.4831e+02
4.4790e+02
4.4759e+02
4.4735e+02
4.4716e+02
4.4697e+02
4.4675e+02
4.4647e+02
4.4609e+02
4.4559e+02
4.4495e+02
4.4416e+02
4.4320e+02
4.4210e+02
4.4086e+02
4.3950e+02
4.3804e+02
4.3652e+02
4.3495e+02
4.3338e+02
4.3182e+02
4.3031e+02
4.2888e+02
4.2757e+02
4.2642e+02
4.2547e+02
4.2476e+02
4.2436e+02
4.2431e+02
4.2469e+02
4.2555e+02
4.2696e+02
4.2898e+02
4.3167e+02
4.3509e+02
4.3929e+02
4.4433e+02
4.5023e+02
4.5706e+02
4.6484e+02
4.7362e+02
4.8343e+02
4.9430e+02
5.0626e+02
5.1936e+02
5.3364e+02
5.4913e+02
5.6589e+02
5.8394e+02
6.0331e+02
6.2400e+02
6.4597e+02
6.6915e+02
6.9340e+02
7.1855e+02
7.4438e+02
7.7061e+02
7.9695e+02
8.2306e+02
8.4865e+02
8.7341e+02
8.9709e+02
9.1948e+02
9.4045e+02
9.5992e+02
9.7787e+02
9.9433e+02
1.0094e+03
1.0231e+03
1.0356e+03
1.0470e+03
1.0574e+03
1.0669e+03
1.0757e+03
1.0838e+03
1.0914e+03
1.0984e+03
1.1051e+03
1.1115e+03
1.1177e+03
1.1238e+03
1.1299e+03
1.1360e+03
1.1423e+03
1.1487e+03
1.1555e+03
1.1625e+03
1.1699e+03
1.1776e+03
1.1857e+03
1.1942e+03
1.2029e+03
1.2118e+03
1.2208e+03
1.2297e+03
1.2383e+03
1.2466e+03
1.2542e+03
1.2611e+03
1.2671e+03
1.2720e+03
1.2758e+03
1.2785e+03
1.2800e+03
1.2805e+03
1.2800e+03
1.2787e+03
1.2766e+03
1.2739e+03
1.2708e+03
1.2674e+03
1.2637e+03
1.2600e+03
1.2562e+03
1.2525e+03
1.2489e+03
1.2454e+03
1.2421e+03
1.2390e+03
1.2361e+03
1.2333e+03
1.2308e+03
1.2284e+03
1.2262e+03
1.2240e+03
1.2219e+03
1.2197e+03
1.2175e+03
1.2152e+03
1.2128e+03
1.2103e+03
1.2075e+03
1.2046e+03
1.2015e+03
1.1982e+03
1.1947e+03
1.1910e+03
1.1871e+03
1.1831e+03
1.1789e+03
1.1746e+03
1.1702e+03
1.1657e+03
1.1613e+03
1.1569e+03
1.1525e+03
1.1482e+03
1.1440e+03
1.1399e+03
1.1359e+03
1.1321e+03
1.1283e+03
1.1246e+03
1.1211e+03
1.1176e+03
1.1142e+03
1.1109e+03
1.1077e+03
1.1047e+03
1.1018e+03
1.0990e+03
1.0964e+03
1.0939e+03
1.0915e+03
1.0892e+03
1.0870e+03
1.0849e+03
1.0827e+03
1.0806e+03
1.0785e+03
1.0764e+03
1.0744e+03
1.0724e+03
1.0704e+03
1.0686e+03
1.0669e+03
1.0654e+03
1.0640e+03
1.0629e+03
1.0619e+03
1.0611e+03
1.0604e+03
1.0599e+03
1.0594e+03
1.0590e+03
1.0585e+03
1.0580e+03
1.0575e+03
1.0569e+03
1.0562e+03
1.0555e+03
1.0547e+03
1.0538e+03
1.0530e+03
1.0521e+03
1.0513e+03
1.0504e+03
1.0496e+03
1.0487e+03
1.0479e+03
1.0470e+03
1.0460e+03
1.0450e+03
1.0440e+03
1.0429e+03
1.0417e+03
1.0405e+03
1.0393e+03
1.0380e+03
1.0366e+03
1.0352e+03
1.0337e+03
1.0322e+03
1.0307e+03
1.0291e+03
1.0274e+03
1.0257e+03
1.0239e+03
1.0221e+03
1.0203e+03
1.0185e+03
1.0166e+03
1.0149e+03
1.0132e+03
1.0116e+03
1.0101e+03
1.0087e+03
1.0074e+03
1.0062e+03
1.0051e+03
1.0040e+03
1.0030e+03
1.0020e+03
1.0010e+03
1.0001e+03
9.9911e+02
9.9820e+02
9.9735e+02
9.9659e+02
9.9594e+02
9.9544e+02
9.9510e+02
9.9494e+02
9.9496e+02
9.9518e+02
9.9557e+02
9.9613e+02
9.9683e+02
9.9764e+02
9.9854e+02
9.9949e+02
1.0005e+03
1.0015e+03
1.0025e+03
1.0034e+03
1.0044e+03
1.0053e+03
1.0061e+03
1.0069e+03
1.0077e+03
1.0084e+03
1.0091e+03
1.0097e+03
1.0103e+03
1.0108e+03
1.0112e+03
1.0115e+03
1.0118e+03
1.0119e+03
1.0120e+03
1.0121e+03
1.0121e+03
1.0121e+03
1.0120e+03
1.0119e+03
1.0118e+03
1.0116e+03
1.0114e+03
1.0111e+03
1.0108e+03
1.0104e+03
1.0099e+03
1.0093e+03
1.0086e+03
1.0079e+03
1.0071e+03
1.0062e+03
1.0054e+03
1.0045e+03
1.0036e+03
1.0028e+03
1.0021e+03
1.0014e+03
1.0007e+03
1.0001e+03
9.9956e+02
9.9898e+02
9.9837e+02
9.9770e+02
9.9695e+02
9.9609e+02
9.9512e+02
9.9402e+02
9.9280e+02
9.9146e+02
9.9003e+02
9.8852e+02
9.8696e+02
9.8537e+02
9.8378e+02
9.8221e+02
9.8066e+02
9.7915e+02
9.7770e+02
9.7631e+02
9.7498e+02
9.7373e+02
9.7255e+02
9.7144e+02
9.7043e+02
9.6950e+02
9.6867e+02
9.6793e+02
9.6729e+02
9.6675e+02
9.6631e+02
9.6595e+02
9.6567e+02
9.6546e+02
9.6531e+02
9.6522e+02
9.6517e+02
9.6517e+02
9.6523e+02
9.6533e+02
9.6551e+02
9.6576e+02
9.6609e+02
9.6651e+02
9.6703e+02
9.6765e+02
9.6835e+02
9.6913e+02
9.6997e+02
9.7083e+02
9.7170e+02
9.7255e+02
9.7335e+02
9.7408e+02
9.7472e+02
9.7526e+02
9.7570e+02
9.7604e+02
9.7629e+02
9.7647e+02
9.7659e+02
9.7668e+02
9.7675e+02
9.7679e+02
9.7682e+02
9.7682e+02
9.7678e+02
9.7668e+02
9.7648e+02
9.7616e+02
9.7570e+02
9.7507e+02
9.7427e+02
9.7329e+02
9.7215e+02
9.7085e+02
9.6944e+02
9.6793e+02
9.6636e+02
9.6477e+02
9.6317e+02
9.6159e+02
9.6006e+02
9.5857e+02
9.5714e+02
9.5576e+02
9.5442e+02
9.5312e+02
9.5185e+02
9.5059e+02
9.4934e+02
9.4809e+02
9.4682e+02
9.4554e+02
9.4424e+02
9.4289e+02
9.4151e+02
9.4008e+02
9.3858e+02
9.3701e+02
9.3535e+02
9.3359e+02
9.3173e+02
9.2976e+02
9.2770e+02
9.2554e+02
9.2332e+02
9.2106e+02
9.1879e+02
9.1654e+02
9.1435e+02
9.1224e+02
9.1024e+02
9.0835e+02
9.0659e+02
9.0492e+02
9.0334e+02
9.0181e+02
9.0030e+02
8.9877e+02
8.9721e+02
8.9557e+02
8.9386e+02
8.9207e+02
8.9019e+02
8.8826e+02
8.8630e+02
8.8432e+02
8.8236e+02
8.8044e+02
8.7858e+02
8.7680e+02
8.7509e+02
8.7347e+02
8.7191e+02
8.7043e+02
8.6899e+02
8.6759e+02
8.6622e+02
8.6486e+02
8.6351e+02
8.6217e+02
8.6084e+02
8.5952e+02
8.5820e+02
8.5690e+02
8.5562e+02
8.5434e+02
8.5308e+02
8.5183e+02
8.5059e+02
8.4937e+02
8.4816e+02
8.4699e+02
8.4586e+02
8.4479e+02
8.4381e+02
8.4293e+02
8.4217e+02
8.4152e+02
8.4099e+02
8.4056e+02
8.4020e+02
8.3988e+02
8.3956e+02
8.3921e+02
8.3879e+02
8.3827e+02
8.3763e+02
8.3686e+02
8.3599e+02
8.3501e+02
8.3397e+02
8.3290e+02
8.3183e+02
8.3079e+02
8.2981e+02
8.2892e+02
8.2811e+02
8.2740e+02
8.2676e+02
8.2619e+02
8.2566e+02
8.2516e+02
8.2466e+02
8.2415e+02
8.2360e+02
8.2301e+02
8.2238e+02
8.2169e+02
8.2096e+02
8.2017e+02
8.1934e+02
8.1845e+02
8.1752e+02
8.1653e+02
8.1550e+02
8.1440e+02
8.1326e+02
8.1207e+02
8.1087e+02
8.0966e+02
8.0847e+02
8.0733e+02
8.0627e+02
8.0532e+02
8.0449e+02
8.0380e+02
8.0323e+02
8.0279e+02
8.0244e+02
8.0215e+02
8.0187e+02
8.0156e+02
8.0119e+02
8.0071e+02
8.0012e+02
7.9940e+02
7.9857e+02
7.9765e+02
7.9668e+02
7.9571e+02
7.9479e+02
7.9398e+02
7.9332e+02
7.9285e+02
7.9260e+02
7.9257e+02
7.9276e+02
7.9315e+02
7.9371e+02
7.9440e+02
7.9520e+02
7.9605e+02
7.9692e+02
7.9779e+02
7.9863e+02
7.9943e+02
8.0018e+02
8.0088e+02
8.0151e+02
8.0207e+02
8.0254e+02
8.0290e+02
8.0312e+02
8.0318e+02
8.0306e+02
8.0272e+02
8.0217e+02
8.0140e+02
8.0042e+02
7.9925e+02
7.9793e+02
7.9650e+02
7.9499e+02
7.9346e+02
7.9193e+02
7.9044e+02
7.8899e+02
7.8760e+02
7.8624e+02
7.8491e+02
7.8358e+02
7.8223e+02
7.8085e+02
7.7941e+02
7.7791e+02
7.7636e+02
7.7477e+02
7.7317e+02
7.7156e+02
7.6998e+02
7.6845e+02
7.6698e+02
7.6558e+02
7.6424e+02
7.6295e+02
7.6169e+02
7.6044e+02
7.5916e+02
7.5785e+02
7.5647e+02
7.5503e+02
7.5353e+02
7.5196e+02
7.5036e+02
7.4874e+02
7.4711e+02
7.4550e+02
7.4392e+02
7.4237e+02
7.4085e+02
7.3936e+02
7.3787e+02
7.3637e+02
7.3486e+02
7.3332e+02
7.3174e+02
7.3014e+02
7.2852e+02
7.2690e+02
7.2531e+02
7.2376e+02
7.2229e+02
7.2090e+02
7.1960e+02
7.1838e+02
7.1724e+02
7.1616e+02
7.1510e+02
7.1405e+02
7.1299e+02
7.1188e+02
7.1074e+02
7.0954e+02
7.0831e+02
7.0706e+02
7.0581e+02
7.0459e+02
7.0341e+02
7.0231e+02
7.0128e+02
7.0034e+02
6.9947e+02
6.9867e+02
6.9792e+02
6.9720e+02
6.9649e+02
6.9578e+02
6.9506e+02
6.9434e+02
6.9363e+02
6.9294e+02
6.9229e+02
6.9172e+02
6.9126e+02
6.9093e+02
6.9074e+02
6.9070e+02
6.9082e+02
6.9108e+02
6.9148e+02
6.9199e+02
6.9259e+02
6.9329e+02
6.9407e+02
6.9493e+02
6.9588e+02
6.9694e+02
6.9812e+02
6.9945e+02
7.0094e+02
7.0259e+02
7.0438e+02
7.0630e+02
7.0830e+02
7.1033e+02
7.1233e+02
7.1424e+02
7.1601e+02
7.1760e+02
7.1896e+02
7.2007e+02
7.2095e+02
7.2161e+02
7.2207e+02
7.2237e+02
7.2255e+02
7.2265e+02
7.2271e+02
7.2274e+02
7.2277e+02
7.2278e+02
7.2278e+02
7.2273e+02
7.2261e+02
7.2240e+02
7.2206e+02
7.2156e+02
7.2088e+02
7.2000e+02
7.1890e+02
7.1757e+02
7.1599e+02
7.1416e+02
7.1208e+02
7.0973e+02
7.0712e+02
7.0424e+02
7.0109e+02
6.9769e+02
6.9405e+02
6.9021e+02
6.8619e+02
6.8204e+02
6.7782e+02
6.7358e+02
6.6939e+02
6.6529e+02
6.6132e+02
6.5750e+02
6.5384e+02
6.5033e+02
6.4694e+02
6.4362e+02
6.4031e+02
6.3695e+02
6.3349e+02
6.2987e+02
6.2606e+02
6.2205e+02
6.1784e+02
6.1344e+02
6.0888e+02
6.0421e+02
5.9946e+02
5.9468e+02
5.8992e+02
5.8521e+02
5.8057e+02
5.7603e+02
5.7161e+02
5.6731e+02
5.6317e+02
5.5919e+02
5.5540e+02
5.5183e+02
5.4852e+02
5.4551e+02
5.4283e+02
5.4053e+02
5.3864e+02
5.3718e+02
5.3618e+02
5.3562e+02
5.3550e+02
5.3578e+02
5.3641e+02
5.3734e+02
5.3852e+02
5.3986e+02
5.4132e+02
5.4283e+02
5.4434e+02
5.4582e+02
5.4725e+02
5.4861e+02
5.4989e+02
5.5108e+02
5.5219e+02
5.5321e+02
5.5412e+02
5.5490e+02
5.5555e+02
5.5605e+02
5.5641e+02
5.5667e+02
5.5686e+02
5.5705e+02
5.5732e+02
5.5776e+02
5.5849e+02
5.5957e+02
5.6109e+02
5.6307e+02
5.6551e+02
5.6836e+02
5.7156e+02
5.7497e+02
