3.7360e+02
3.5743e+02
3.4248e+02
3.2913e+02
3.1762e+02
3.0807e+02
3.0045e+02
2.9461e+02
2.9032e+02
2.8733e+02
2.8536e+02
2.8416e+02
2.8353e+02
2.8331e+02
2.8338e+02
2.8363e+02
2.8405e+02
2.8462e+02
2.8535e+02
2.8621e+02
2.8715e+02
2.8816e+02
2.8918e+02
2.9020e+02
2.9118e+02
2.9214e+02
2.9307e+02
2.9399e+02
2.9495e+02
2.9596e+02
2.9704e+02
2.9819e+02
2.9941e+02
3.0066e+02
3.0192e+02
3.0312e+02
3.0420e+02
3.0514e+02
3.0587e+02
3.0642e+02
3.0680e+02
3.0704e+02
3.0722e+02
3.0741e+02
3.0772e+02
3.0821e+02
3.0895e+02
3.0996e+02
3.1124e+02
3.1275e+02
3.1440e+02
3.1611e+02
3.1773e+02
3.1916e+02
3.2028e+02
3.2102e+02
3.2131e+02
3.2115e+02
3.2055e+02
3.1955e+02
3.1823e+02
3.1663e+02
3.1483e+02
3.1286e+02
3.1072e+02
3.0839e+02
3.0579e+02
3.0285e+02
2.9942e+02
2.9542e+02
2.9073e+02
2.8529e+02
2.7906e+02
2.7208e+02
2.6443e+02
2.5623e+02
2.4766e+02
2.3892e+02
2.3023e+02
2.2177e+02
2.1372e+02
2.0621e+02
1.9931e+02
1.9306e+02
1.8743e+02
1.8238e+02
1.7784e+02
1.7376e+02
1.7007e+02
1.6675e+02
1.6380e+02
1.6125e+02
1.5916e+02
1.5758e+02
1.5656e+02
1.5613e+02
1.5630e+02
1.5703e+02
1.5822e+02
1.5977e+02
1.6152e+02
1.6332e+02
1.6502e+02
1.6650e+02
1.6767e+02
1.6848e+02
1.6897e+02
1.6916e+02
1.6918e+02
1.6911e+02
1.6907e+02
1.6917e+02
1.6948e+02
1.7005e+02
1.7088e+02
1.7192e+02
1.7312e+02
1.7441e+02
1.7569e+02
1.7693e+02
1.7806e+02
1.7908e+02
1.8003e+02
1.8093e+02
1.8189e+02
1.8295e+02
1.8420e+02
1.8569e+02
1.8744e+02
1.8942e+02
1.9160e+02
1.9389e+02
1.9618e+02
1.9839e+02
2.0042e+02
2.0223e+02
2.0378e+02
2.0508e+02
2.0620e+02
2.0722e+02
2.0824e+02
2.0936e+02
2.1069e+02
2.1227e+02
2.1412e+02
2.1623e+02
2.1853e+02
2.2092e+02
2.2326e+02
2.2546e+02
2.2739e+02
2.2898e+02
2.3019e+02
2.3102e+02
2.3153e+02
2.3181e+02
2.3199e+02
2.3216e+02
2.3247e+02
2.3299e+02
2.3379e+02
2.3488e+02
2.3625e+02
2.3782e+02
2.3951e+02
2.4123e+02
2.4288e+02
2.4438e+02
2.4568e+02
2.4678e+02
2.4769e+02
2.4846e+02
2.4918e+02
2.4990e+02
2.5071e+02
2.5164e+02
2.5274e+02
2.5399e+02
2.5534e+02
2.5675e+02
2.5811e+02
2.5936e+02
2.6043e+02
2.6128e+02
2.6190e+02
2.6233e+02
2.6263e+02
2.6286e+02
2.6315e+02
2.6357e+02
2.6421e+02
2.6510e+02
2.6626e+02
2.6766e+02
2.6920e+02
2.7082e+02
2.7236e+02
2.7372e+02
2.7479e+02
2.7548e+02
2.7576e+02
2.7561e+02
2.7511e+02
2.7431e+02
2.7334e+02
2.7232e+02
2.7137e+02
2.7059e+02
2.7006e+02
2.6983e+02
2.6988e+02
2.7018e+02
2.7065e+02
2.7122e+02
2.7180e+02
2.7230e+02
2.7267e+02
2.7287e+02
2.7292e+02
2.7284e+02
2.7270e+02
2.7256e+02
2.7250e+02
2.7259e+02
2.7285e+02
2.7332e+02
2.7396e+02
2.7475e+02
2.7562e+02
2.7651e+02
2.7736e+02
2.7812e+02
2.7877e+02
2.7930e+02
2.7977e+02
2.8021e+02
2.8070e+02
2.8130e+02
2.8209e+02
2.8310e+02
2.8436e+02
2.8585e+02
2.8753e+02
2.8933e+02
2.9116e+02
2.9294e+02
2.9458e+02
2.9601e+02
2.9719e+02
2.9811e+02
2.9882e+02
2.9934e+02
2.9978e+02
3.0020e+02
3.0072e+02
3.0138e+02
3.0227e+02
3.0340e+02
3.0476e+02
3.0634e+02
3.0806e+02
3.0988e+02
3.1170e+02
3.1345e+02
3.1508e+02
3.1653e+02
3.1780e+02
3.1886e+02
3.1976e+02
3.2051e+02
3.2117e+02
3.2176e+02
3.2235e+02
3.2295e+02
3.2358e+02
3.2427e+02
3.2500e+02
3.2577e+02
3.2657e+02
3.2737e+02
3.2816e+02
3.2892e+02
3.2966e+02
3.3035e+02
3.3101e+02
3.3163e+02
3.3223e+02
3.3280e+02
3.3335e+02
3.3389e+02
3.3440e+02
3.3489e+02
3.3534e+02
3.3576e+02
3.3612e+02
3.3643e+02
3.3667e+02
3.3687e+02
3.3703e+02
3.3716e+02
3.3730e+02
3.3745e+02
3.3766e+02
3.3793e+02
3.3828e+02
3.3872e+02
3.3923e+02
3.3982e+02
3.4043e+02
3.4106e+02
3.4165e+02
3.4220e+02
3.4265e+02
3.4299e+02
3.4322e+02
3.4332e+02
3.4332e+02
3.4323e+02
3.4310e+02
3.4298e+02
3.4290e+02
3.4291e+02
3.4306e+02
3.4339e+02
3.4390e+02
3.4460e+02
3.4547e+02
3.4649e+02
3.4758e+02
3.4869e+02
3.4976e+02
3.5070e+02
3.5148e+02
3.5204e+02
3.5237e+02
3.5247e+02
3.5236e+02
3.5211e+02
3.5175e+02
3.5139e+02
3.5108e+02
3.5089e+02
3.5087e+02
3.5106e+02
3.5145e+02
3.5204e+02
3.5280e+02
3.5367e+02
3.5461e+02
3.5555e+02
3.5646e+02
3.5732e+02
3.5811e+02
3.5885e+02
3.5956e+02
3.6029e+02
3.6106e+02
3.6192e+02
3.6289e+02
3.6399e+02
3.6520e+02
3.6649e+02
3.6783e+02
3.6914e+02
3.7040e+02
3.7156e+02
3.7259e+02
3.7352e+02
3.7436e+02
3.7519e+02
3.7606e+02
3.7707e+02
3.7827e+02
3.7975e+02
3.8150e+02
3.8356e+02
3.8585e+02
3.8833e+02
3.9088e+02
3.9341e+02
3.9580e+02
3.9797e+02
3.9987e+02
4.0146e+02
4.0277e+02
4.0387e+02
4.0483e+02
4.0578e+02
4.0682e+02
4.0806e+02
4.0957e+02
4.1139e+02
4.1352e+02
4.1590e+02
4.1846e+02
4.2108e+02
4.2367e+02
4.2609e+02
4.2828e+02
4.3016e+02
4.3174e+02
4.3302e+02
4.3407e+02
4.3498e+02
4.3582e+02
4.3666e+02
4.3757e+02
4.3855e+02
4.3957e+02
4.4056e+02
4.4139e+02
4.4192e+02
4.4199e+02
4.4142e+02
4.4009e+02
4.3788e+02
4.3474e+02
4.3068e+02
4.2576e+02
4.2009e+02
4.1381e+02
4.0713e+02
4.0022e+02
3.9328e+02
3.8648e+02
3.7997e+02
3.7385e+02
3.6819e+02
3.6305e+02
3.5844e+02
3.5436e+02
3.5081e+02
3.4779e+02
3.4531e+02
3.4337e+02
3.4201e+02
3.4121e+02
3.4100e+02
3.4135e+02
3.4222e+02
3.4355e+02
3.4524e+02
3.4716e+02
3.4918e+02
3.5118e+02
3.5303e+02
3.5465e+02
3.5597e+02
3.5697e+02
3.5768e+02
3.5816e+02
3.5849e+02
3.5878e+02
3.5912e+02
3.5961e+02
3.6030e+02
3.6124e+02
3.6242e+02
3.6383e+02
3.6540e+02
3.6706e+02
3.6874e+02
3.7037e+02
3.7190e+02
3.7328e+02
3.7453e+02
3.7563e+02
3.7665e+02
3.7760e+02
3.7855e+02
3.7954e+02
3.8061e+02
3.8179e+02
3.8305e+02
3.8441e+02
3.8582e+02
3.8724e+02
3.8864e+02
3.8998e+02
3.9123e+02
3.9240e+02
3.9348e+02
3.9450e+02
3.9549e+02
3.9648e+02
3.9753e+02
3.9864e+02
3.9984e+02
4.0114e+02
4.0250e+02
4.0392e+02
4.0534e+02
4.0673e+02
4.0804e+02
4.0922e+02
4.1024e+02
4.1108e+02
4.1175e+02
4.1225e+02
4.1261e+02
4.1286e+02
4.1307e+02
4.1328e+02
4.1354e+02
4.1391e+02
4.1442e+02
4.1511e+02
4.1598e+02
4.1705e+02
4.1827e+02
4.1963e+02
4.2109e+02
4.2258e+02
4.2407e+02
4.2550e+02
4.2684e+02
4.2804e+02
4.2913e+02
4.3008e+02
4.3095e+02
4.3176e+02
4.3256e+02
4.3342e+02
4.3436e+02
4.3545e+02
4.3667e+02
4.3803e+02
4.3947e+02
4.4094e+02
4.4236e+02
4.4361e+02
4.4463e+02
4.4527e+02
4.4549e+02
4.4519e+02
4.4436e+02
4.4299e+02
4.4107e+02
4.3868e+02
4.3583e+02
4.3259e+02
4.2899e+02
4.2509e+02
4.2089e+02
4.1640e+02
4.1162e+02
4.0649e+02
4.0103e+02
3.9519e+02
3.8896e+02
3.8236e+02
3.7541e+02
3.6816e+02
3.6066e+02
3.5301e+02
3.4525e+02
3.3747e+02
3.2969e+02
3.2195e+02
3.1423e+02
3.0649e+02
2.9870e+02
2.9079e+02
2.8272e+02
2.7446e+02
2.6602e+02
2.5742e+02
2.4876e+02
2.4015e+02
2.3171e+02
2.2361e+02
2.1597e+02
2.0889e+02
2.0242e+02
1.9656e+02
1.9125e+02
1.8637e+02
1.8177e+02
1.7726e+02
1.7267e+02
1.6784e+02
1.6265e+02
1.5704e+02
1.5102e+02
1.4466e+02
1.3806e+02
1.3141e+02
1.2486e+02
1.1862e+02
1.1282e+02
1.0760e+02
1.0302e+02
9.9115e+01
9.5868e+01
9.3208e+01
9.1072e+01
8.9354e+01
8.7983e+01
8.6885e+01
8.6023e+01
8.5384e+01
8.4946e+01
8.4736e+01
8.4749e+01
8.5001e+01
8.5464e+01
8.6108e+01
8.6862e+01
8.7634e+01
8.8343e+01
8.8881e+01
8.9190e+01
8.9209e+01
8.8943e+01
8.8418e+01
8.7714e+01
8.6946e+01
8.6213e+01
8.5630e+01
8.5251e+01
8.5125e+01
8.5224e+01
8.5483e+01
8.5779e+01
8.5946e+01
8.5825e+01
8.5239e+01
8.4075e+01
8.2242e+01
7.9735e+01
7.6599e+01
7.2961e+01
6.9011e+01
6.4947e+01
6.1009e+01
5.7389e+01
5.4280e+01
5.1805e+01
5.0043e+01
4.9005e+01
4.8645e+01
4.8893e+01
4.9613e+01
5.0696e+01
5.1998e+01
5.3408e+01
5.4817e+01
5.6145e+01
5.7358e+01
5.8435e+01
5.9405e+01
6.0275e+01
6.1095e+01
6.1885e+01
6.2674e+01
6.3479e+01
6.4300e+01
6.5142e+01
6.5965e+01
6.6750e+01
6.7443e+01
6.8008e+01
6.8400e+01
6.8585e+01
6.8550e+01
6.8266e+01
6.7751e+01
6.7001e+01
6.6048e+01
6.4908e+01
6.3613e+01
6.2186e+01
6.0642e+01
5.9014e+01
5.7289e+01
5.5480e+01
5.3568e+01
5.1551e+01
4.9405e+01
4.7114e+01
4.4674e+01
4.2064e+01
3.9308e+01
3.6414e+01
3.3438e+01
3.0434e+01
2.7479e+01
2.4656e+01
2.2041e+01
1.9730e+01
1.7770e+01
1.6218e+01
1.5078e+01
1.4336e+01
1.3930e+01
1.3771e+01
1.3761e+01
1.3761e+01
1.3668e+01
1.3361e+01
1.2773e+01
1.1858e+01
1.0622e+01
9.1116e+00
7.4052e+00
5.6359e+00
3.9187e+00
2.3997e+00
1.1847e+00
3.7002e-01
0000
7.4139e-02
5.6463e-01
1.3847e+00
2.4542e+00
3.6518e+00
4.8921e+00
6.0936e+00
7.2157e+00
8.2543e+00
9.2259e+00
1.0201e+01
1.1230e+01
1.2398e+01
1.3752e+01
1.5336e+01
1.7146e+01
1.9152e+01
2.1305e+01
2.3512e+01
2.5708e+01
2.7801e+01
2.9746e+01
3.1513e+01
3.3114e+01
3.4600e+01
3.6036e+01
3.7533e+01
3.9169e+01
4.1044e+01
4.3210e+01
4.5696e+01
4.8486e+01
5.1518e+01
5.4717e+01
5.7956e+01
6.1139e+01
6.4146e+01
6.6903e+01
6.9354e+01
7.1491e+01
7.3351e+01
7.4990e+01
7.6514e+01
7.8006e+01
7.9576e+01
8.1291e+01
8.3204e+01
8.5323e+01
8.7615e+01
9.0035e+01
9.2482e+01
9.4876e+01
9.7113e+01
9.9121e+01
1.0084e+02
1.0225e+02
1.0336e+02
1.0421e+02
1.0487e+02
1.0542e+02
1.0594e+02
1.0651e+02
1.0720e+02
1.0805e+02
1.0908e+02
1.1030e+02
1.1166e+02
1.1314e+02
1.1469e+02
1.1624e+02
1.1776e+02
1.1920e+02
1.2052e+02
1.2171e+02
1.2277e+02
1.2370e+02
1.2453e+02
1.2526e+02
1.2595e+02
1.2661e+02
1.2727e+02
1.2797e+02
1.2872e+02
1.2955e+02
1.3044e+02
1.3140e+02
1.3242e+02
1.3347e+02
1.3452e+02
1.3555e+02
1.3652e+02
1.3742e+02
1.3822e+02
1.3893e+02
1.3955e+02
1.4010e+02
1.4062e+02
1.4115e+02
1.4171e+02
1.4235e+02
1.4307e+02
1.4390e+02
1.4481e+02
1.4576e+02
1.4672e+02
1.4763e+02
1.4845e+02
1.4913e+02
1.4965e+02
1.5002e+02
1.5027e+02
1.5044e+02
1.5059e+02
1.5083e+02
1.5120e+02
1.5179e+02
1.5261e+02
1.5369e+02
1.5498e+02
1.5642e+02
1.5794e+02
1.5943e+02
1.6079e+02
1.6192e+02
1.6279e+02
1.6337e+02
1.6367e+02
1.6378e+02
1.6377e+02
1.6379e+02
1.6394e+02
1.6436e+02
1.6513e+02
1.6632e+02
1.6793e+02
1.6991e+02
1.7221e+02
1.7468e+02
1.7721e+02
1.7965e+02
1.8189e+02
1.8383e+02
1.8539e+02
1.8656e+02
1.8732e+02
1.8773e+02
1.8779e+02
1.8758e+02
1.8709e+02
1.8633e+02
1.8526e+02
1.8382e+02
1.8191e+02
1.7941e+02
1.7625e+02
1.7233e+02
1.6761e+02
1.6206e+02
1.5576e+02
1.4881e+02
1.4134e+02
1.3358e+02
1.2571e+02
1.1796e+02
1.1053e+02
1.0359e+02
9.7284e+01
9.1671e+01
8.6803e+01
8.2649e+01
7.9184e+01
7.6328e+01
7.4015e+01
7.2164e+01
7.0712e+01
6.9620e+01
6.8845e+01
6.8395e+01
6.8250e+01
6.8430e+01
6.8930e+01
6.9752e+01
7.0881e+01
7.2279e+01
7.3915e+01
7.5718e+01
7.7643e+01
7.9612e+01
8.1568e+01
8.3446e+01
8.5186e+01
8.6728e+01
8.8003e+01
8.8981e+01
8.9609e+01
8.9873e+01
8.9750e+01
8.9254e+01
8.8414e+01
8.7266e+01
8.5897e+01
8.4374e+01
8.2808e+01
8.1290e+01
7.9921e+01
7.8769e+01
7.7884e+01
7.7294e+01
7.6973e+01
7.6901e+01
7.7004e+01
7.7232e+01
7.7516e+01
7.7811e+01
7.8093e+01
7.8348e+01
7.8614e+01
7.8915e+01
7.9313e+01
7.9835e+01
8.0511e+01
8.1344e+01
8.2314e+01
8.3384e+01
8.4464e+01
8.5486e+01
8.6353e+01
8.7007e+01
8.7402e+01
8.7537e+01
8.7448e+01
8.7190e+01
8.6869e+01
8.6573e+01
8.6409e+01
8.6444e+01
8.6730e+01
8.7274e+01
8.8039e+01
8.8969e+01
8.9961e+01
9.0935e+01
9.1783e+01
9.2446e+01
9.2877e+01
9.3079e+01
9.3090e+01
9.2965e+01
9.2804e+01
9.2684e+01
9.2708e+01
9.2930e+01
9.3389e+01
9.4081e+01
9.4966e+01
9.5990e+01
9.7053e+01
9.8082e+01
9.8983e+01
9.9705e+01
1.0021e+02
1.0050e+02
1.0062e+02
1.0061e+02
1.0056e+02
1.0056e+02
1.0067e+02
1.0097e+02
1.0149e+02
1.0222e+02
1.0314e+02
1.0419e+02
1.0528e+02
1.0634e+02
1.0726e+02
1.0798e+02
1.0843e+02
1.0859e+02
1.0846e+02
1.0805e+02
1.0742e+02
1.0661e+02
1.0572e+02
1.0480e+02
1.0392e+02
1.0313e+02
1.0247e+02
1.0196e+02
1.0159e+02
1.0137e+02
1.0127e+02
1.0125e+02
1.0129e+02
1.0136e+02
1.0143e+02
1.0146e+02
1.0145e+02
1.0138e+02
1.0125e+02
1.0107e+02
1.0084e+02
1.0059e+02
1.0032e+02
1.0006e+02
9.9810e+01
9.9598e+01
9.9414e+01
9.9262e+01
9.9128e+01
9.8996e+01
9.8857e+01
9.8676e+01
9.8454e+01
9.8168e+01
9.7833e+01
9.7449e+01
9.7041e+01
9.6640e+01
9.6274e+01
9.5994e+01
9.5816e+01
9.5778e+01
9.5876e+01
9.6107e+01
9.6440e+01
9.6833e+01
9.7242e+01
9.7589e+01
9.7839e+01
9.7934e+01
9.7861e+01
9.7614e+01
9.7223e+01
9.6746e+01
9.6246e+01
9.5820e+01
9.5530e+01
9.5461e+01
9.5644e+01
9.6102e+01
9.6809e+01
9.7707e+01
9.8725e+01
9.9747e+01
1.0069e+02
1.0144e+02
1.0194e+02
1.0215e+02
1.0208e+02
1.0177e+02
1.0130e+02
1.0077e+02
1.0029e+02
9.9979e+01
9.9902e+01
1.0012e+02
1.0066e+02
1.0147e+02
1.0251e+02
1.0366e+02
1.0485e+02
1.0594e+02
1.0688e+02
1.0758e+02
1.0805e+02
1.0828e+02
1.0834e+02
1.0830e+02
1.0824e+02
1.0826e+02
1.0842e+02
1.0878e+02
1.0935e+02
1.1011e+02
1.1102e+02
1.1199e+02
1.1295e+02
1.1383e+02
1.1456e+02
1.1512e+02
1.1548e+02
1.1569e+02
1.1579e+02
1.1585e+02
1.1594e+02
1.1614e+02
1.1649e+02
1.1703e+02
1.1774e+02
1.1860e+02
1.1956e+02
1.2053e+02
1.2145e+02
1.2224e+02
1.2283e+02
1.2320e+02
1.2335e+02
1.2331e+02
1.2311e+02
1.2285e+02
1.2259e+02
1.2244e+02
1.2244e+02
1.2265e+02
1.2309e+02
1.2376e+02
1.2462e+02
1.2561e+02
1.2667e+02
1.2769e+02
1.2863e+02
1.2941e+02
1.2999e+02
1.3036e+02
1.3051e+02
1.3049e+02
1.3034e+02
1.3012e+02
1.2992e+02
1.2980e+02
1.2984e+02
1.3007e+02
1.3056e+02
1.3131e+02
1.3233e+02
1.3359e+02
1.3506e+02
1.3668e+02
1.3839e+02
1.4012e+02
1.4179e+02
1.4335e+02
1.4474e+02
1.4591e+02
1.4685e+02
1.4756e+02
1.4805e+02
1.4835e+02
1.4852e+02
1.4860e+02
1.4865e+02
1.4872e+02
1.4884e+02
1.4903e+02
1.4930e+02
1.4965e+02
1.5004e+02
1.5046e+02
1.5087e+02
1.5124e+02
1.5157e+02
1.5185e+02
1.5209e+02
1.5231e+02
1.5255e+02
1.5283e+02
1.5319e+02
1.5363e+02
1.5417e+02
1.5479e+02
1.5545e+02
1.5613e+02
1.5676e+02
1.5730e+02
1.5772e+02
1.5799e+02
1.5812e+02
1.5813e+02
1.5808e+02
1.5801e+02
1.5801e+02
1.5813e+02
1.5842e+02
1.5892e+02
1.5963e+02
1.6051e+02
1.6150e+02
1.6253e+02
1.6350e+02
1.6431e+02
1.6490e+02
1.6521e+02
1.6524e+02
1.6501e+02
1.6459e+02
1.6406e+02
1.6356e+02
1.6317e+02
1.6302e+02
1.6316e+02
1.6364e+02
1.6444e+02
1.6551e+02
1.6675e+02
1.6804e+02
1.6926e+02
1.7027e+02
1.7099e+02
1.7133e+02
1.7127e+02
1.7083e+02
1.7004e+02
1.6901e+02
1.6783e+02
1.6662e+02
1.6548e+02
1.6448e+02
1.6367e+02
1.6308e+02
1.6271e+02
1.6250e+02
1.6244e+02
1.6245e+02
1.6249e+02
1.6252e+02
1.6252e+02
1.6250e+02
1.6246e+02
1.6246e+02
1.6253e+02
1.6273e+02
1.6307e+02
1.6357e+02
1.6424e+02
1.6504e+02
1.6594e+02
1.6688e+02
1.6781e+02
1.6867e+02
1.6944e+02
1.7011e+02
1.7070e+02
1.7125e+02
1.7181e+02
1.7246e+02
1.7325e+02
1.7425e+02
1.7547e+02
1.7694e+02
1.7862e+02
1.8045e+02
1.8237e+02
1.8426e+02
1.8605e+02
1.8763e+02
1.8896e+02
1.8999e+02
1.9072e+02
1.9118e+02
1.9140e+02
1.9149e+02
1.9151e+02
1.9156e+02
1.9170e+02
1.9200e+02
1.9250e+02
1.9318e+02
1.9405e+02
1.9503e+02
1.9611e+02
1.9717e+02
1.9818e+02
1.9905e+02
1.9975e+02
2.0026e+02
2.0054e+02
2.0062e+02
2.0052e+02
2.0030e+02
2.0000e+02
1.9967e+02
1.9938e+02
1.9915e+02
1.9904e+02
1.9905e+02
1.9921e+02
1.9949e+02
1.9987e+02
2.0032e+02
2.0080e+02
2.0127e+02
2.0167e+02
2.0200e+02
2.0221e+02
2.0232e+02
2.0232e+02
2.0225e+02
2.0213e+02
2.0200e+02
2.0191e+02
2.0188e+02
2.0197e+02
2.0216e+02
2.0248e+02
2.0289e+02
2.0336e+02
2.0387e+02
2.0436e+02
2.0480e+02
2.0514e+02
2.0538e+02
2.0552e+02
2.0557e+02
2.0557e+02
2.0556e+02
2.0561e+02
2.0575e+02
2.0604e+02
2.0649e+02
2.0710e+02
2.0784e+02
2.0865e+02
2.0949e+02
2.1026e+02
2.1090e+02
2.1135e+02
2.1158e+02
2.1158e+02
2.1140e+02
2.1108e+02
2.1073e+02
2.1045e+02
2.1033e+02
2.1048e+02
2.1094e+02
2.1176e+02
2.1290e+02
2.1430e+02
2.1589e+02
2.1752e+02
2.1910e+02
2.2049e+02
2.2163e+02
2.2244e+02
2.2293e+02
2.2314e+02
2.2314e+02
2.2305e+02
2.2296e+02
2.2303e+02
2.2331e+02
2.2390e+02
2.2481e+02
2.2600e+02
2.2744e+02
2.2900e+02
2.3060e+02
2.3211e+02
2.3345e+02
2.3452e+02
2.3531e+02
2.3580e+02
2.3604e+02
2.3610e+02
2.3603e+02
2.3592e+02
2.3584e+02
2.3583e+02
2.3589e+02
2.3601e+02
2.3615e+02
2.3623e+02
2.3620e+02
2.3599e+02
2.3556e+02
2.3491e+02
2.3405e+02
2.3303e+02
2.3193e+02
2.3085e+02
2.2987e+02
2.2908e+02
2.2854e+02
2.2829e+02
2.2832e+02
2.2859e+02
2.2904e+02
2.2957e+02
2.3010e+02
2.3053e+02
2.3080e+02
2.3085e+02
2.3067e+02
2.3029e+02
2.2974e+02
2.2913e+02
2.2852e+02
2.2801e+02
2.2769e+02
2.2760e+02
2.2780e+02
2.2826e+02
2.2899e+02
2.2992e+02
2.3098e+02
2.3208e+02
2.3317e+02
2.3415e+02
2.3497e+02
2.3561e+02
2.3605e+02
2.3630e+02
2.3638e+02
2.3636e+02
2.3626e+02
2.3617e+02
2.3613e+02
2.3618e+02
2.3638e+02
2.3675e+02
2.3730e+02
2.3802e+02
2.3892e+02
2.3994e+02
2.4105e+02
2.4221e+02
2.4334e+02
2.4443e+02
2.4541e+02
2.4627e+02
2.4699e+02
2.4757e+02
2.4806e+02
2.4846e+02
2.4886e+02
2.4927e+02
2.4977e+02
2.5037e+02
2.5111e+02
2.5197e+02
2.5294e+02
2.5398e+02
2.5505e+02
2.5610e+02
2.5709e+02
2.5799e+02
2.5878e+02
2.5949e+02
2.6013e+02
2.6074e+02
2.6140e+02
2.6213e+02
2.6300e+02
2.6402e+02
2.6518e+02
2.6646e+02
2.6780e+02
2.6915e+02
2.7039e+02
2.7147e+02
2.7232e+02
2.7292e+02
2.7324e+02
2.7334e+02
2.7327e+02
2.7313e+02
2.7304e+02
2.7308e+02
2.7337e+02
2.7394e+02
2.7482e+02
2.7599e+02
2.7737e+02
2.7889e+02
2.8040e+02
2.8180e+02
2.8296e+02
2.8383e+02
2.8436e+02
2.8456e+02
2.8449e+02
2.8422e+02
2.8390e+02
2.8362e+02
2.8352e+02
2.8368e+02
2.8416e+02
2.8497e+02
2.8605e+02
2.8736e+02
2.8877e+02
2.9019e+02
2.9148e+02
2.9256e+02
2.9337e+02
2.9389e+02
2.9413e+02
2.9414e+02
2.9401e+02
2.9381e+02
2.9365e+02
2.9360e+02
2.9372e+02
2.9405e+02
2.9455e+02
2.9523e+02
2.9600e+02
2.9681e+02
2.9759e+02
2.9828e+02
2.9885e+02
2.9927e+02
2.9956e+02
2.9972e+02
2.9983e+02
2.9991e+02
3.0002e+02
3.0021e+02
3.0051e+02
3.0093e+02
3.0146e+02
3.0208e+02
3.0275e+02
3.0344e+02
3.0410e+02
3.0470e+02
3.0522e+02
3.0564e+02
3.0599e+02
3.0627e+02
3.0653e+02
3.0680e+02
3.0712e+02
3.0753e+02
3.0806e+02
3.0874e+02
3.0957e+02
3.1054e+02
3.1163e+02
3.1282e+02
3.1405e+02
3.1529e+02
3.1647e+02
3.1755e+02
3.1851e+02
3.1929e+02
3.1990e+02
3.2032e+02
3.2058e+02
3.2072e+02
3.2080e+02
3.2087e+02
3.2100e+02
3.2126e+02
3.2169e+02
3.2234e+02
3.2322e+02
3.2431e+02
3.2557e+02
3.2695e+02
3.2837e+02
3.2975e+02
3.3102e+02
3.3210e+02
3.3296e+02
3.3358e+02
3.3397e+02
3.3419e+02
3.3428e+02
3.3436e+02
3.3448e+02
3.3474e+02
3.3519e+02
3.3587e+02
3.3677e+02
3.3788e+02
3.3913e+02
3.4043e+02
3.4171e+02
3.4287e+02
3.4385e+02
3.4461e+02
3.4514e+02
3.4545e+02
3.4559e+02
3.4565e+02
3.4569e+02
3.4581e+02
3.4607e+02
3.4651e+02
3.4714e+02
3.4794e+02
3.4887e+02
3.4983e+02
3.5077e+02
3.5160e+02
3.5228e+02
3.5276e+02
3.5307e+02
3.5323e+02
3.5332e+02
3.5343e+02
3.5363e+02
3.5401e+02
3.5462e+02
3.5550e+02
3.5662e+02
3.5793e+02
3.5938e+02
3.6083e+02
3.6222e+02
3.6345e+02
3.6446e+02
3.6523e+02
3.6578e+02
3.6618e+02
3.6650e+02
3.6687e+02
3.6738e+02
3.6816e+02
3.6924e+02
3.7069e+02
3.7248e+02
3.7454e+02
3.7679e+02
3.7910e+02
3.8134e+02
3.8336e+02
3.8509e+02
3.8641e+02
3.8731e+02
3.8778e+02
3.8785e+02
3.8760e+02
3.8711e+02
3.8648e+02
3.8579e+02
3.8511e+02
3.8451e+02
3.8400e+02
3.8361e+02
3.8331e+02
3.8310e+02
3.8293e+02
3.8280e+02
3.8267e+02
3.8255e+02
3.8244e+02
3.8233e+02
3.8226e+02
3.8224e+02
3.8231e+02
3.8246e+02
3.8272e+02
3.8307e+02
3.8349e+02
3.8396e+02
3.8444e+02
3.8491e+02
3.8532e+02
3.8566e+02
3.8590e+02
3.8604e+02
3.8611e+02
3.8612e+02
3.8610e+02
3.8608e+02
3.8611e+02
3.8621e+02
3.8640e+02
3.8670e+02
3.8710e+02
3.8760e+02
3.8816e+02
3.8877e+02
3.8938e+02
3.8996e+02
3.9048e+02
3.9090e+02
3.9124e+02
3.9145e+02
3.9156e+02
3.9157e+02
3.9151e+02
3.9142e+02
3.9133e+02
3.9130e+02
3.9133e+02
3.9150e+02
3.9179e+02
3.9223e+02
3.9280e+02
3.9348e+02
3.9424e+02
3.9503e+02
3.9581e+02
3.9650e+02
3.9710e+02
3.9755e+02
3.9786e+02
3.9802e+02
3.9807e+02
3.9806e+02
3.9802e+02
3.9805e+02
3.9818e+02
3.9847e+02
3.9894e+02
3.9961e+02
4.0045e+02
4.0144e+02
4.0251e+02
4.0358e+02
4.0461e+02
4.0551e+02
4.0625e+02
4.0682e+02
4.0721e+02
4.0746e+02
4.0763e+02
4.0779e+02
4.0800e+02
4.0835e+02
4.0886e+02
4.0957e+02
4.1047e+02
4.1152e+02
4.1268e+02
4.1385e+02
4.1498e+02
4.1597e+02
4.1681e+02
4.1744e+02
4.1788e+02
4.1817e+02
4.1836e+02
4.1855e+02
4.1878e+02
4.1914e+02
4.1966e+02
4.2037e+02
4.2123e+02
4.2221e+02
4.2322e+02
4.2417e+02
4.2498e+02
4.2556e+02
4.2587e+02
4.2588e+02
4.2562e+02
4.2516e+02
4.2458e+02
4.2400e+02
4.2352e+02
4.2324e+02
4.2324e+02
4.2354e+02
4.2413e+02
4.2497e+02
4.2596e+02
4.2699e+02
4.2795e+02
4.2872e+02
4.2923e+02
4.2944e+02
4.2934e+02
4.2898e+02
4.2845e+02
4.2785e+02
4.2730e+02
4.2692e+02
4.2678e+02
4.2695e+02
4.2744e+02
4.2821e+02
4.2921e+02
4.3032e+02
4.3146e+02
4.3251e+02
4.3342e+02
4.3411e+02
4.3460e+02
4.3492e+02
4.3512e+02
4.3533e+02
4.3562e+02
4.3611e+02
4.3687e+02
4.3794e+02
4.3932e+02
4.4099e+02
4.4287e+02
4.4488e+02
4.4692e+02
4.4889e+02
4.5074e+02
4.5243e+02
4.5395e+02
4.5537e+02
4.5673e+02
4.5814e+02
4.5966e+02
4.6139e+02
4.6336e+02
4.6558e+02
4.6802e+02
4.7059e+02
4.7321e+02
4.7573e+02
4.7805e+02
4.8004e+02
4.8164e+02
4.8280e+02
4.8353e+02
4.8389e+02
4.8397e+02
4.8389e+02
4.8378e+02
4.8375e+02
4.8390e+02
4.8429e+02
4.8495e+02
4.8583e+02
4.8687e+02
4.8796e+02
4.8902e+02
4.8990e+02
4.9054e+02
4.9086e+02
4.9085e+02
4.9053e+02
4.8995e+02
4.8921e+02
4.8838e+02
4.8758e+02
4.8689e+02
4.8636e+02
4.8602e+02
4.8586e+02
4.8583e+02
4.8585e+02
4.8587e+02
4.8578e+02
4.8555e+02
4.8511e+02
4.8448e+02
4.8367e+02
4.8274e+02
4.8177e+02
4.8082e+02
4.7999e+02
4.7933e+02
4.7888e+02
4.7863e+02
4.7857e+02
4.7864e+02
4.7875e+02
4.7885e+02
4.7885e+02
4.7870e+02
4.7836e+02
4.7784e+02
4.7719e+02
4.7644e+02
4.7570e+02
4.7504e+02
4.7454e+02
4.7426e+02
4.7424e+02
4.7448e+02
4.7493e+02
4.7554e+02
4.7622e+02
4.7690e+02
4.7747e+02
4.7788e+02
4.7807e+02
4.7803e+02
4.7780e+02
4.7740e+02
4.7692e+02
4.7643e+02
4.7604e+02
4.7580e+02
4.7577e+02
4.7600e+02
4.7649e+02
4.7723e+02
4.7819e+02
4.7932e+02
4.8057e+02
4.8189e+02
4.8322e+02
4.8455e+02
4.8585e+02
4.8710e+02
4.8832e+02
4.8951e+02
4.9068e+02
4.9183e+02
4.9297e+02
4.9407e+02
4.9510e+02
4.9606e+02
4.9688e+02
4.9754e+02
4.9802e+02
4.9830e+02
4.9839e+02
4.9830e+02
4.9809e+02
4.9780e+02
4.9751e+02
4.9726e+02
4.9714e+02
4.9717e+02
4.9740e+02
4.9783e+02
4.9844e+02
