2.2405e+02
2.2072e+02
2.1754e+02
2.1459e+02
2.1191e+02
2.0951e+02
2.0738e+02
2.0549e+02
2.0381e+02
2.0229e+02
2.0089e+02
1.9958e+02
1.9836e+02
1.9721e+02
1.9615e+02
1.9518e+02
1.9430e+02
1.9353e+02
1.9287e+02
1.9229e+02
1.9178e+02
1.9129e+02
1.9078e+02
1.9022e+02
1.8959e+02
1.8886e+02
1.8804e+02
1.8712e+02
1.8614e+02
1.8514e+02
1.8413e+02
1.8316e+02
1.8226e+02
1.8143e+02
1.8069e+02
1.8003e+02
1.7942e+02
1.7885e+02
1.7829e+02
1.7769e+02
1.7706e+02
1.7636e+02
1.7560e+02
1.7478e+02
1.7391e+02
1.7303e+02
1.7216e+02
1.7131e+02
1.7050e+02
1.6976e+02
1.6908e+02
1.6846e+02
1.6790e+02
1.6739e+02
1.6691e+02
1.6646e+02
1.6603e+02
1.6562e+02
1.6523e+02
1.6485e+02
1.6448e+02
1.6414e+02
1.6379e+02
1.6346e+02
1.6312e+02
1.6277e+02
1.6239e+02
1.6198e+02
1.6155e+02
1.6108e+02
1.6060e+02
1.6012e+02
1.5964e+02
1.5920e+02
1.5881e+02
1.5848e+02
1.5821e+02
1.5802e+02
1.5790e+02
1.5783e+02
1.5781e+02
1.5781e+02
1.5782e+02
1.5783e+02
1.5783e+02
1.5780e+02
1.5776e+02
1.5769e+02
1.5761e+02
1.5751e+02
1.5739e+02
1.5726e+02
1.5709e+02
1.5690e+02
1.5666e+02
1.5636e+02
1.5600e+02
1.5555e+02
1.5504e+02
1.5445e+02
1.5382e+02
1.5316e+02
1.5251e+02
1.5189e+02
1.5133e+02
1.5085e+02
1.5047e+02
1.5018e+02
1.4999e+02
1.4988e+02
1.4981e+02
1.4978e+02
1.4974e+02
1.4968e+02
1.4958e+02
1.4945e+02
1.4929e+02
1.4913e+02
1.4900e+02
1.4893e+02
1.4896e+02
1.4912e+02
1.4941e+02
1.4986e+02
1.5045e+02
1.5115e+02
1.5194e+02
1.5279e+02
1.5365e+02
1.5452e+02
1.5537e+02
1.5622e+02
1.5708e+02
1.5800e+02
1.5904e+02
1.6024e+02
1.6169e+02
1.6343e+02
1.6551e+02
1.6796e+02
1.7079e+02
1.7401e+02
1.7758e+02
1.8148e+02
1.8569e+02
1.9018e+02
1.9492e+02
1.9989e+02
2.0511e+02
2.1056e+02
2.1627e+02
2.2224e+02
2.2846e+02
2.3493e+02
2.4163e+02
2.4849e+02
2.5548e+02
2.6252e+02
2.6954e+02
2.7647e+02
2.8324e+02
2.8980e+02
2.9613e+02
3.0222e+02
3.0809e+02
3.1376e+02
3.1930e+02
3.2474e+02
3.3013e+02
3.3551e+02
3.4091e+02
3.4631e+02
3.5168e+02
3.5700e+02
3.6219e+02
3.6718e+02
3.7189e+02
3.7625e+02
3.8019e+02
3.8365e+02
3.8663e+02
3.8910e+02
3.9108e+02
3.9258e+02
3.9365e+02
3.9432e+02
3.9463e+02
3.9462e+02
3.9429e+02
3.9368e+02
3.9278e+02
3.9163e+02
3.9023e+02
3.8859e+02
3.8675e+02
3.8475e+02
3.8265e+02
3.8049e+02
3.7836e+02
3.7631e+02
3.7441e+02
3.7268e+02
3.7118e+02
3.6989e+02
3.6881e+02
3.6791e+02
3.6713e+02
3.6645e+02
3.6580e+02
3.6517e+02
3.6450e+02
3.6380e+02
3.6308e+02
3.6236e+02
3.6168e+02
3.6106e+02
3.6053e+02
3.6012e+02
3.5980e+02
3.5956e+02
3.5935e+02
3.5911e+02
3.5876e+02
3.5822e+02
3.5743e+02
3.5635e+02
3.5493e+02
3.5319e+02
3.5115e+02
3.4888e+02
3.4646e+02
3.4395e+02
3.4144e+02
3.3901e+02
3.3669e+02
3.3452e+02
3.3249e+02
3.3057e+02
3.2871e+02
3.2686e+02
3.2497e+02
3.2299e+02
3.2088e+02
3.1862e+02
3.1624e+02
3.1376e+02
3.1121e+02
3.0863e+02
3.0609e+02
3.0359e+02
3.0117e+02
2.9883e+02
2.9654e+02
2.9429e+02
2.9201e+02
2.8969e+02
2.8727e+02
2.8474e+02
2.8209e+02
2.7933e+02
2.7648e+02
2.7359e+02
2.7071e+02
2.6789e+02
2.6519e+02
2.6262e+02
2.6022e+02
2.5798e+02
2.5588e+02
2.5388e+02
2.5195e+02
2.5005e+02
2.4813e+02
2.4617e+02
2.4414e+02
2.4206e+02
2.3993e+02
2.3779e+02
2.3568e+02
2.3364e+02
2.3171e+02
2.2990e+02
2.2825e+02
2.2674e+02
2.2537e+02
2.2411e+02
2.2291e+02
2.2175e+02
2.2057e+02
2.1935e+02
2.1807e+02
2.1671e+02
2.1528e+02
2.1379e+02
2.1227e+02
2.1075e+02
2.0924e+02
2.0777e+02
2.0634e+02
2.0497e+02
2.0365e+02
2.0237e+02
2.0110e+02
1.9985e+02
1.9858e+02
1.9732e+02
1.9604e+02
1.9477e+02
1.9353e+02
1.9232e+02
1.9118e+02
1.9011e+02
1.8913e+02
1.8823e+02
1.8740e+02
1.8663e+02
1.8590e+02
1.8517e+02
1.8441e+02
1.8361e+02
1.8273e+02
1.8179e+02
1.8077e+02
1.7968e+02
1.7854e+02
1.7737e+02
1.7619e+02
1.7502e+02
1.7388e+02
1.7278e+02
1.7172e+02
1.7072e+02
1.6977e+02
1.6888e+02
1.6803e+02
1.6722e+02
1.6646e+02
1.6575e+02
1.6509e+02
1.6448e+02
1.6393e+02
1.6345e+02
1.6305e+02
1.6272e+02
1.6248e+02
1.6231e+02
1.6223e+02
1.6224e+02
1.6234e+02
1.6254e+02
1.6286e+02
1.6330e+02
1.6387e+02
1.6460e+02
1.6550e+02
1.6656e+02
1.6780e+02
1.6918e+02
1.7071e+02
1.7234e+02
1.7404e+02
1.7577e+02
1.7748e+02
1.7913e+02
1.8070e+02
1.8217e+02
1.8351e+02
1.8473e+02
1.8583e+02
1.8683e+02
1.8774e+02
1.8857e+02
1.8933e+02
1.9001e+02
1.9061e+02
1.9111e+02
1.9150e+02
1.9177e+02
1.9191e+02
1.9192e+02
1.9180e+02
1.9158e+02
1.9129e+02
1.9095e+02
1.9059e+02
1.9026e+02
1.8996e+02
1.8971e+02
1.8952e+02
1.8936e+02
1.8922e+02
1.8908e+02
1.8891e+02
1.8871e+02
1.8847e+02
1.8819e+02
1.8791e+02
1.8769e+02
1.8756e+02
1.8762e+02
1.8792e+02
1.8854e+02
1.8955e+02
1.9099e+02
1.9288e+02
1.9524e+02
1.9806e+02
2.0130e+02
2.0493e+02
2.0888e+02
2.1311e+02
2.1756e+02
2.2220e+02
2.2698e+02
2.3189e+02
2.3692e+02
2.4207e+02
2.4733e+02
2.5271e+02
2.5819e+02
2.6377e+02
2.6942e+02
2.7510e+02
2.8077e+02
2.8638e+02
2.9187e+02
2.9717e+02
3.0219e+02
3.0688e+02
3.1117e+02
3.1501e+02
3.1834e+02
3.2113e+02
3.2336e+02
3.2502e+02
3.2613e+02
3.2673e+02
3.2686e+02
3.2660e+02
3.2603e+02
3.2524e+02
3.2432e+02
3.2336e+02
3.2245e+02
3.2166e+02
3.2106e+02
3.2068e+02
3.2055e+02
3.2067e+02
3.2104e+02
3.2162e+02
3.2240e+02
3.2332e+02
3.2431e+02
3.2531e+02
3.2626e+02
3.2710e+02
3.2778e+02
3.2827e+02
3.2856e+02
3.2864e+02
3.2854e+02
3.2827e+02
3.2788e+02
3.2740e+02
3.2689e+02
3.2637e+02
3.2586e+02
3.2535e+02
3.2484e+02
3.2429e+02
3.2367e+02
3.2294e+02
3.2207e+02
3.2104e+02
3.1981e+02
3.1840e+02
3.1683e+02
3.1511e+02
3.1328e+02
3.1137e+02
3.0941e+02
3.0742e+02
3.0540e+02
3.0336e+02
3.0126e+02
2.9909e+02
2.9679e+02
2.9435e+02
2.9172e+02
2.8889e+02
2.8586e+02
2.8265e+02
2.7930e+02
2.7586e+02
2.7240e+02
2.6896e+02
2.6560e+02
2.6237e+02
2.5929e+02
2.5636e+02
2.5356e+02
2.5085e+02
2.4819e+02
2.4552e+02
2.4279e+02
2.3997e+02
2.3704e+02
2.3401e+02
2.3088e+02
2.2771e+02
2.2453e+02
2.2141e+02
2.1839e+02
2.1552e+02
2.1282e+02
2.1029e+02
2.0793e+02
2.0570e+02
2.0355e+02
2.0144e+02
1.9931e+02
1.9711e+02
1.9482e+02
1.9243e+02
1.8994e+02
1.8738e+02
1.8480e+02
1.8224e+02
1.7975e+02
1.7737e+02
1.7514e+02
1.7306e+02
1.7113e+02
1.6931e+02
1.6757e+02
1.6587e+02
1.6414e+02
1.6237e+02
1.6052e+02
1.5859e+02
1.5661e+02
1.5460e+02
1.5260e+02
1.5066e+02
1.4882e+02
1.4710e+02
1.4552e+02
1.4407e+02
1.4271e+02
1.4140e+02
1.4007e+02
1.3868e+02
1.3719e+02
1.3558e+02
1.3382e+02
1.3194e+02
1.2999e+02
1.2801e+02
1.2609e+02
1.2427e+02
1.2263e+02
1.2119e+02
1.1999e+02
1.1902e+02
1.1826e+02
1.1765e+02
1.1713e+02
1.1665e+02
1.1615e+02
1.1559e+02
1.1494e+02
1.1420e+02
1.1339e+02
1.1254e+02
1.1170e+02
1.1090e+02
1.1020e+02
1.0962e+02
1.0917e+02
1.0885e+02
1.0863e+02
1.0846e+02
1.0831e+02
1.0812e+02
1.0784e+02
1.0746e+02
1.0696e+02
1.0635e+02
1.0566e+02
1.0493e+02
1.0421e+02
1.0354e+02
1.0298e+02
1.0253e+02
1.0222e+02
1.0203e+02
1.0194e+02
1.0190e+02
1.0187e+02
1.0180e+02
1.0164e+02
1.0136e+02
1.0094e+02
1.0039e+02
9.9725e+01
9.8976e+01
9.8195e+01
9.7416e+01
9.6695e+01
9.6059e+01
9.5536e+01
9.5133e+01
9.4842e+01
9.4648e+01
9.4514e+01
9.4418e+01
9.4319e+01
9.4197e+01
9.4033e+01
9.3828e+01
9.3594e+01
9.3349e+01
9.3127e+01
9.2942e+01
9.2828e+01
9.2790e+01
9.2836e+01
9.2957e+01
9.3137e+01
9.3354e+01
9.3573e+01
9.3783e+01
9.3963e+01
9.4122e+01
9.4267e+01
9.4423e+01
9.4624e+01
9.4903e+01
9.5298e+01
9.5819e+01
9.6477e+01
9.7249e+01
9.8105e+01
9.8991e+01
9.9844e+01
1.0060e+02
1.0119e+02
1.0156e+02
1.0168e+02
1.0153e+02
1.0112e+02
1.0049e+02
9.9668e+01
9.8727e+01
9.7736e+01
9.6747e+01
9.5821e+01
9.4991e+01
9.4286e+01
9.3714e+01
9.3268e+01
9.2934e+01
9.2674e+01
9.2467e+01
9.2276e+01
9.2085e+01
9.1868e+01
9.1612e+01
9.1308e+01
9.0947e+01
9.0538e+01
9.0073e+01
8.9560e+01
8.8990e+01
8.8369e+01
8.7689e+01
8.6951e+01
8.6164e+01
8.5326e+01
8.4457e+01
8.3566e+01
8.2683e+01
8.1822e+01
8.1009e+01
8.0260e+01
7.9588e+01
7.9008e+01
7.8507e+01
7.8085e+01
7.7718e+01
7.7392e+01
7.7082e+01
7.6774e+01
7.6459e+01
7.6121e+01
7.5769e+01
7.5397e+01
7.5030e+01
7.4675e+01
7.4351e+01
7.4072e+01
7.3840e+01
7.3664e+01
7.3527e+01
7.3428e+01
7.3340e+01
7.3251e+01
7.3140e+01
7.2996e+01
7.2812e+01
7.2577e+01
7.2305e+01
7.1996e+01
7.1673e+01
7.1346e+01
7.1029e+01
7.0727e+01
7.0438e+01
7.0169e+01
6.9902e+01
6.9640e+01
6.9368e+01
6.9093e+01
6.8823e+01
6.8581e+01
6.8406e+01
6.8335e+01
6.8429e+01
6.8732e+01
6.9306e+01
7.0188e+01
7.1411e+01
7.2983e+01
7.4898e+01
7.7143e+01
7.9678e+01
8.2475e+01
8.5487e+01
8.8684e+01
9.2039e+01
9.5544e+01
9.9201e+01
1.0301e+02
1.0701e+02
1.1119e+02
1.1559e+02
1.2018e+02
1.2498e+02
1.2993e+02
1.3499e+02
1.4010e+02
1.4519e+02
1.5019e+02
1.5503e+02
1.5966e+02
1.6402e+02
1.6812e+02
1.7194e+02
1.7552e+02
1.7889e+02
1.8209e+02
1.8517e+02
1.8816e+02
1.9109e+02
1.9396e+02
1.9677e+02
1.9950e+02
2.0211e+02
2.0456e+02
2.0682e+02
2.0884e+02
2.1062e+02
2.1214e+02
2.1342e+02
2.1448e+02
2.1535e+02
2.1607e+02
2.1667e+02
2.1716e+02
2.1755e+02
2.1785e+02
2.1802e+02
2.1804e+02
2.1786e+02
2.1746e+02
2.1681e+02
2.1589e+02
2.1472e+02
2.1331e+02
2.1172e+02
2.1000e+02
2.0823e+02
2.0647e+02
2.0478e+02
2.0321e+02
2.0179e+02
2.0053e+02
1.9941e+02
1.9839e+02
1.9742e+02
1.9644e+02
1.9541e+02
1.9427e+02
1.9300e+02
1.9158e+02
1.9004e+02
1.8840e+02
1.8672e+02
1.8504e+02
1.8342e+02
1.8189e+02
1.8051e+02
1.7928e+02
1.7820e+02
1.7726e+02
1.7641e+02
1.7563e+02
1.7488e+02
1.7414e+02
1.7339e+02
1.7262e+02
1.7185e+02
1.7111e+02
1.7041e+02
1.6980e+02
1.6929e+02
1.6891e+02
1.6865e+02
1.6850e+02
1.6842e+02
1.6840e+02
1.6836e+02
1.6830e+02
1.6816e+02
1.6793e+02
1.6760e+02
1.6720e+02
1.6675e+02
1.6631e+02
1.6592e+02
1.6564e+02
1.6553e+02
1.6562e+02
1.6594e+02
1.6649e+02
1.6728e+02
1.6827e+02
1.6944e+02
1.7077e+02
1.7222e+02
1.7377e+02
1.7541e+02
1.7716e+02
1.7901e+02
1.8099e+02
1.8313e+02
1.8545e+02
1.8797e+02
1.9068e+02
1.9360e+02
1.9668e+02
1.9990e+02
2.0322e+02
2.0655e+02
2.0986e+02
2.1307e+02
2.1615e+02
2.1904e+02
2.2172e+02
2.2416e+02
2.2637e+02
2.2836e+02
2.3012e+02
2.3169e+02
2.3307e+02
2.3428e+02
2.3534e+02
2.3624e+02
2.3700e+02
2.3761e+02
2.3808e+02
2.3839e+02
2.3858e+02
2.3864e+02
2.3858e+02
2.3842e+02
2.3818e+02
2.3787e+02
2.3750e+02
2.3708e+02
2.3660e+02
2.3606e+02
2.3545e+02
2.3475e+02
2.3396e+02
2.3306e+02
2.3205e+02
2.3093e+02
2.2970e+02
2.2838e+02
2.2697e+02
2.2551e+02
2.2400e+02
2.2247e+02
2.2092e+02
2.1938e+02
2.1785e+02
2.1635e+02
2.1487e+02
2.1342e+02
2.1202e+02
2.1066e+02
2.0934e+02
2.0808e+02
2.0688e+02
2.0573e+02
2.0463e+02
2.0357e+02
2.0253e+02
2.0152e+02
2.0050e+02
1.9947e+02
1.9841e+02
1.9731e+02
1.9618e+02
1.9503e+02
1.9386e+02
1.9271e+02
1.9160e+02
1.9054e+02
1.8956e+02
1.8868e+02
1.8789e+02
1.8719e+02
1.8654e+02
1.8592e+02
1.8528e+02
1.8458e+02
1.8378e+02
1.8283e+02
1.8173e+02
1.8045e+02
1.7903e+02
1.7747e+02
1.7582e+02
1.7412e+02
1.7242e+02
1.7076e+02
1.6919e+02
1.6771e+02
1.6632e+02
1.6502e+02
1.6379e+02
1.6259e+02
1.6141e+02
1.6021e+02
1.5897e+02
1.5769e+02
1.5638e+02
1.5506e+02
1.5375e+02
1.5247e+02
1.5126e+02
1.5013e+02
1.4908e+02
1.4810e+02
1.4716e+02
1.4624e+02
1.4526e+02
1.4421e+02
1.4304e+02
1.4173e+02
1.4026e+02
1.3867e+02
1.3698e+02
1.3526e+02
1.3357e+02
1.3197e+02
1.3053e+02
1.2929e+02
1.2829e+02
1.2752e+02
1.2695e+02
1.2653e+02
1.2620e+02
1.2591e+02
1.2556e+02
1.2513e+02
1.2456e+02
1.2386e+02
1.2304e+02
1.2212e+02
1.2117e+02
1.2024e+02
1.1939e+02
1.1866e+02
1.1808e+02
1.1766e+02
1.1739e+02
1.1723e+02
1.1714e+02
1.1707e+02
1.1696e+02
1.1678e+02
1.1650e+02
1.1612e+02
1.1564e+02
1.1510e+02
1.1453e+02
1.1398e+02
1.1349e+02
1.1308e+02
1.1276e+02
1.1253e+02
1.1236e+02
1.1222e+02
1.1204e+02
1.1180e+02
1.1145e+02
1.1097e+02
1.1035e+02
1.0961e+02
1.0880e+02
1.0795e+02
1.0715e+02
1.0644e+02
1.0588e+02
1.0549e+02
1.0530e+02
1.0528e+02
1.0540e+02
1.0559e+02
1.0577e+02
1.0590e+02
1.0589e+02
1.0571e+02
1.0534e+02
1.0478e+02
1.0407e+02
1.0325e+02
1.0239e+02
1.0157e+02
1.0084e+02
1.0026e+02
9.9852e+01
9.9624e+01
9.9555e+01
9.9607e+01
9.9718e+01
9.9845e+01
9.9925e+01
9.9923e+01
9.9807e+01
9.9576e+01
9.9244e+01
9.8840e+01
9.8415e+01
9.8005e+01
9.7659e+01
9.7400e+01
9.7253e+01
9.7215e+01
9.7265e+01
9.7376e+01
9.7497e+01
9.7596e+01
9.7624e+01
9.7562e+01
9.7388e+01
9.7107e+01
9.6736e+01
9.6297e+01
9.5836e+01
9.5379e+01
9.4964e+01
9.4606e+01
9.4319e+01
9.4096e+01
9.3918e+01
9.3759e+01
9.3575e+01
9.3343e+01
9.3027e+01
9.2618e+01
9.2106e+01
9.1510e+01
9.0859e+01
9.0190e+01
8.9557e+01
8.8999e+01
8.8567e+01
8.8281e+01
8.8165e+01
8.8218e+01
8.8424e+01
8.8755e+01
8.9164e+01
8.9622e+01
9.0079e+01
9.0514e+01
9.0903e+01
9.1242e+01
9.1543e+01
9.1825e+01
9.2132e+01
9.2493e+01
9.2953e+01
9.3535e+01
9.4268e+01
9.5160e+01
9.6208e+01
9.7398e+01
9.8695e+01
1.0008e+02
1.0150e+02
1.0294e+02
1.0436e+02
1.0575e+02
1.0709e+02
1.0838e+02
1.0964e+02
1.1087e+02
1.1211e+02
1.1337e+02
1.1468e+02
1.1608e+02
1.1758e+02
1.1922e+02
1.2100e+02
1.2297e+02
1.2513e+02
1.2752e+02
1.3015e+02
1.3305e+02
1.3622e+02
1.3967e+02
1.4341e+02
1.4741e+02
1.5167e+02
1.5616e+02
1.6084e+02
1.6569e+02
1.7068e+02
1.7580e+02
1.8104e+02
1.8642e+02
1.9194e+02
1.9766e+02
2.0360e+02
2.0982e+02
2.1636e+02
2.2324e+02
2.3048e+02
2.3808e+02
2.4600e+02
2.5419e+02
2.6256e+02
2.7100e+02
2.7939e+02
2.8761e+02
2.9552e+02
3.0303e+02
3.1001e+02
3.1640e+02
3.2215e+02
3.2723e+02
3.3166e+02
3.3547e+02
3.3870e+02
3.4144e+02
3.4375e+02
3.4570e+02
3.4736e+02
3.4879e+02
3.5003e+02
3.5111e+02
3.5203e+02
3.5282e+02
3.5346e+02
3.5395e+02
3.5428e+02
3.5444e+02
3.5443e+02
3.5423e+02
3.5386e+02
3.5329e+02
3.5254e+02
3.5158e+02
3.5042e+02
3.4903e+02
3.4740e+02
3.4552e+02
3.4335e+02
3.4090e+02
3.3814e+02
3.3508e+02
3.3171e+02
3.2804e+02
3.2409e+02
3.1988e+02
3.1544e+02
3.1079e+02
3.0599e+02
3.0107e+02
2.9606e+02
2.9103e+02
2.8601e+02
2.8105e+02
2.7619e+02
2.7149e+02
2.6696e+02
2.6265e+02
2.5857e+02
2.5473e+02
2.5111e+02
2.4769e+02
2.4445e+02
2.4136e+02
2.3837e+02
2.3544e+02
2.3255e+02
2.2967e+02
2.2679e+02
2.2393e+02
2.2108e+02
2.1828e+02
2.1555e+02
2.1293e+02
2.1044e+02
2.0808e+02
2.0586e+02
2.0375e+02
2.0174e+02
1.9979e+02
1.9787e+02
1.9592e+02
1.9393e+02
1.9187e+02
1.8974e+02
1.8756e+02
1.8533e+02
1.8311e+02
1.8092e+02
1.7882e+02
1.7683e+02
1.7499e+02
1.7330e+02
1.7176e+02
1.7034e+02
1.6900e+02
1.6772e+02
1.6645e+02
1.6516e+02
1.6382e+02
1.6243e+02
1.6100e+02
1.5955e+02
1.5812e+02
1.5674e+02
1.5545e+02
1.5428e+02
1.5325e+02
1.5236e+02
1.5159e+02
1.5090e+02
1.5026e+02
1.4962e+02
1.4892e+02
1.4815e+02
1.4727e+02
1.4628e+02
1.4521e+02
1.4408e+02
1.4293e+02
1.4181e+02
1.4077e+02
1.3983e+02
1.3903e+02
1.3835e+02
1.3779e+02
1.3732e+02
1.3690e+02
1.3649e+02
1.3606e+02
1.3556e+02
1.3500e+02
1.3436e+02
1.3367e+02
1.3295e+02
1.3226e+02
1.3162e+02
1.3107e+02
1.3063e+02
1.3032e+02
1.3010e+02
1.2997e+02
1.2986e+02
1.2974e+02
1.2955e+02
1.2925e+02
1.2879e+02
1.2817e+02
1.2740e+02
1.2651e+02
1.2554e+02
1.2457e+02
1.2364e+02
1.2282e+02
1.2216e+02
1.2169e+02
1.2141e+02
1.2131e+02
1.2135e+02
1.2147e+02
1.2165e+02
1.2182e+02
1.2194e+02
1.2200e+02
1.2198e+02
1.2192e+02
1.2184e+02
1.2181e+02
1.2186e+02
1.2204e+02
1.2240e+02
1.2297e+02
1.2374e+02
1.2470e+02
1.2581e+02
1.2702e+02
1.2831e+02
1.2962e+02
1.3092e+02
1.3220e+02
1.3347e+02
1.3476e+02
1.3611e+02
1.3760e+02
1.3928e+02
1.4121e+02
1.4345e+02
1.4602e+02
1.4893e+02
1.5217e+02
1.5570e+02
1.5947e+02
1.6342e+02
1.6749e+02
1.7165e+02
1.7587e+02
1.8012e+02
1.8444e+02
1.8884e+02
1.9337e+02
1.9807e+02
2.0297e+02
2.0808e+02
2.1340e+02
2.1890e+02
2.2452e+02
2.3018e+02
2.3577e+02
2.4119e+02
2.4635e+02
2.5116e+02
2.5556e+02
2.5950e+02
2.6299e+02
2.6602e+02
2.6865e+02
2.7092e+02
2.7289e+02
2.7460e+02
2.7609e+02
2.7739e+02
2.7851e+02
2.7944e+02
2.8015e+02
2.8064e+02
2.8085e+02
2.8078e+02
2.8041e+02
2.7973e+02
2.7875e+02
2.7750e+02
2.7603e+02
2.7435e+02
2.7251e+02
2.7053e+02
2.6843e+02
2.6622e+02
2.6388e+02
2.6139e+02
2.5873e+02
2.5587e+02
2.5277e+02
2.4944e+02
2.4588e+02
2.4213e+02
2.3822e+02
2.3424e+02
2.3026e+02
2.2636e+02
2.2263e+02
2.1911e+02
2.1587e+02
2.1291e+02
2.1023e+02
2.0780e+02
2.0557e+02
2.0347e+02
2.0143e+02
1.9942e+02
1.9736e+02
1.9525e+02
1.9306e+02
1.9081e+02
1.8851e+02
1.8619e+02
1.8388e+02
1.8161e+02
1.7938e+02
1.7720e+02
1.7507e+02
1.7297e+02
1.7086e+02
1.6875e+02
1.6661e+02
1.6443e+02
1.6221e+02
1.5998e+02
1.5774e+02
1.5553e+02
1.5339e+02
1.5133e+02
1.4938e+02
1.4754e+02
1.4581e+02
1.4418e+02
1.4260e+02
1.4107e+02
1.3952e+02
1.3794e+02
1.3630e+02
1.3459e+02
1.3281e+02
1.3098e+02
1.2912e+02
1.2726e+02
1.2544e+02
1.2369e+02
1.2203e+02
1.2048e+02
1.1903e+02
1.1766e+02
1.1636e+02
1.1508e+02
1.1379e+02
1.1246e+02
1.1104e+02
1.0953e+02
1.0791e+02
1.0617e+02
1.0428e+02
1.0223e+02
1.0000e+02
9.7551e+01
9.4856e+01
9.1865e+01
8.8546e+01
8.4872e+01
8.0834e+01
7.6448e+01
7.1746e+01
6.6812e+01
6.1734e+01
5.6640e+01
5.1645e+01
4.6875e+01
4.2436e+01
3.8410e+01
3.4866e+01
3.1817e+01
2.9262e+01
2.7154e+01
2.5439e+01
2.4043e+01
2.2891e+01
2.1919e+01
2.1059e+01
2.0272e+01
1.9518e+01
1.8782e+01
1.8057e+01
1.7356e+01
1.6688e+01
1.6059e+01
1.5485e+01
1.4956e+01
1.4479e+01
1.4030e+01
1.3601e+01
1.3173e+01
1.2735e+01
1.2275e+01
1.1773e+01
1.1235e+01
1.0652e+01
1.0042e+01
9.4150e+00
8.7894e+00
8.1811e+00
7.6016e+00
7.0708e+00
6.5836e+00
6.1505e+00
5.7592e+00
5.4075e+00
5.0801e+00
4.7641e+00
4.4501e+00
4.1189e+00
3.7738e+00
3.4002e+00
3.0076e+00
2.5965e+00
2.1786e+00
1.7623e+00
1.3536e+00
9.7271e-01
6.2493e-01
3.3738e-01
1.1966e-01
0000
2.7280e-03
1.6406e-01
5.2679e-01
1.1247e+00
2.0125e+00
3.2263e+00
4.8186e+00
6.8186e+00
9.2525e+00
1.2128e+01
1.5435e+01
1.9160e+01
2.3256e+01
2.7677e+01
3.2355e+01
3.7232e+01
4.2242e+01
4.7331e+01
5.2452e+01
5.7555e+01
6.2625e+01
6.7636e+01
7.2593e+01
7.7490e+01
8.2340e+01
8.7153e+01
9.1941e+01
9.6730e+01
1.0154e+02
1.0639e+02
1.1133e+02
1.1638e+02
1.2160e+02
1.2704e+02
1.3275e+02
1.3879e+02
1.4521e+02
1.5207e+02
1.5941e+02
1.6727e+02
1.7568e+02
1.8465e+02
1.9418e+02
2.0429e+02
2.1495e+02
2.2618e+02
2.3794e+02
2.5023e+02
2.6304e+02
2.7634e+02
2.9014e+02
3.0440e+02
3.1911e+02
3.3425e+02
3.4977e+02
3.6564e+02
3.8179e+02
3.9818e+02
4.1471e+02
4.3133e+02
4.4795e+02
4.6451e+02
4.8092e+02
4.9712e+02
5.1306e+02
5.2869e+02
5.4397e+02
5.5883e+02
5.7323e+02
5.8706e+02
6.0023e+02
6.1263e+02
6.2411e+02
6.3453e+02
6.4373e+02
6.5158e+02
6.5796e+02
6.6280e+02
6.6607e+02
6.6782e+02
6.6813e+02
6.6714e+02
6.6505e+02
6.6205e+02
6.5838e+02
6.5423e+02
6.4980e+02
6.4522e+02
6.4059e+02
6.3597e+02
6.3136e+02
6.2675e+02
6.2208e+02
6.1730e+02
6.1235e+02
6.0718e+02
6.0177e+02
5.9609e+02
5.9017e+02
5.8403e+02
5.7772e+02
5.7128e+02
5.6476e+02
5.5819e+02
5.5159e+02
5.4497e+02
5.3834e+02
5.3167e+02
5.2494e+02
5.1814e+02
5.1122e+02
5.0419e+02
4.9704e+02
4.8978e+02
4.8246e+02
4.7509e+02
4.6774e+02
4.6047e+02
4.5332e+02
4.4635e+02
4.3960e+02
4.3307e+02
4.2677e+02
4.2069e+02
4.1478e+02
4.0902e+02
4.0336e+02
3.9775e+02
3.9217e+02
3.8660e+02
3.8104e+02
3.7550e+02
3.7003e+02
3.6464e+02
3.5940e+02
3.5433e+02
3.4947e+02
3.4484e+02
3.4042e+02
3.3622e+02
3.3220e+02
3.2833e+02
3.2456e+02
3.2085e+02
3.1719e+02
3.1354e+02
3.0992e+02
3.0632e+02
3.0278e+02
2.9931e+02
2.9595e+02
2.9270e+02
2.8959e+02
2.8661e+02
2.8373e+02
2.8093e+02
2.7816e+02
2.7538e+02
2.7254e+02
2.6963e+02
2.6661e+02
2.6349e+02
2.6030e+02
2.5707e+02
2.5384e+02
2.5066e+02
2.4758e+02
2.4464e+02
2.4188e+02
2.3929e+02
2.3686e+02
2.3457e+02
2.3237e+02
2.3023e+02
2.2809e+02
2.2595e+02
2.2378e+02
2.2160e+02
2.1943e+02
2.1732e+02
2.1533e+02
2.1353e+02
2.1199e+02
2.1075e+02
2.0985e+02
2.0932e+02
2.0914e+02
2.0928e+02
2.0969e+02
2.1034e+02
2.1114e+02
2.1206e+02
2.1303e+02
2.1404e+02
2.1507e+02
2.1612e+02
2.1721e+02
2.1834e+02
2.1955e+02
2.2083e+02
2.2219e+02
2.2361e+02
2.2505e+02
2.2646e+02
2.2779e+02
2.2899e+02
2.3000e+02
2.3079e+02
2.3133e+02
2.3163e+02
2.3172e+02
2.3162e+02
2.3140e+02
2.3111e+02
2.3079e+02
2.3048e+02
2.3021e+02
2.2996e+02
2.2972e+02
2.2944e+02
2.2906e+02
2.2854e+02
2.2781e+02
2.2686e+02
2.2564e+02
2.2418e+02
2.2252e+02
2.2070e+02
2.1881e+02
2.1691e+02
2.1512e+02
2.1349e+02
2.1212e+02
2.1104e+02
2.1030e+02
2.0991e+02
2.0989e+02
2.1023e+02
2.1093e+02
2.1200e+02
2.1346e+02
2.1534e+02
2.1770e+02
2.2059e+02
2.2410e+02
2.2829e+02
2.3323e+02
2.3897e+02
2.4554e+02
2.5295e+02
2.6115e+02
2.7010e+02
2.7972e+02
2.8993e+02
3.0064e+02
3.1175e+02
3.2320e+02
3.3491e+02
3.4685e+02
3.5899e+02
3.7131e+02
3.8381e+02
3.9646e+02
4.0922e+02
4.2206e+02
4.3491e+02
4.4768e+02
4.6026e+02
4.7253e+02
4.8441e+02
4.9578e+02
5.0656e+02
5.1670e+02
5.2617e+02
5.3497e+02
5.4310e+02
5.5060e+02
5.5749e+02
5.6381e+02
5.6957e+02
5.7475e+02
5.7934e+02
5.8328e+02
5.8653e+02
5.8900e+02
5.9067e+02
5.9148e+02
5.9144e+02
5.9056e+02
5.8890e+02
5.8657e+02
5.8368e+02
5.8040e+02
5.7687e+02
5.7326e+02
5.6971e+02
5.6637e+02
5.6333e+02
5.6069e+02
5.5849e+02
5.5676e+02
5.5554e+02
5.5482e+02
5.5461e+02
5.5490e+02
5.5569e+02
5.5700e+02
5.5882e+02
5.6117e+02
5.6405e+02
5.6747e+02
5.7142e+02
5.7588e+02
5.8085e+02
5.8628e+02
5.9215e+02
5.9843e+02
6.0510e+02
6.1213e+02
6.1949e+02
6.2719e+02
6.3520e+02
6.4350e+02
6.5208e+02
6.6089e+02
6.6990e+02
6.7903e+02
6.8820e+02
6.9731e+02
7.0624e+02
7.1485e+02
7.2304e+02
7.3066e+02
7.3761e+02
7.4379e+02
7.4914e+02
7.5363e+02
7.5724e+02
7.5998e+02
7.6189e+02
7.6304e+02
7.6348e+02
7.6331e+02
7.6262e+02
7.6149e+02
7.6002e+02
7.5830e+02
7.5644e+02
7.5449e+02
7.5255e+02
7.5070e+02
7.4898e+02
7.4747e+02
7.4618e+02
7.4515e+02
7.4438e+02
7.4385e+02
7.4352e+02
7.4336e+02
7.4332e+02
7.4335e+02
7.4339e+02
7.4341e+02
7.4337e+02
7.4324e+02
7.4301e+02
7.4269e+02
7.4228e+02
7.4180e+02
7.4126e+02
7.4054e+02
7.3935e+02
7.3734e+02
7.3406e+02
7.2896e+02
7.2145e+02
7.1089e+02
6.9671e+02
6.7848e+02
6.5599e+02
6.2926e+02
5.9867e+02
5.6485e+02
5.2874e+02
4.9146e+02
