3.1662e+02
3.1688e+02
3.1709e+02
3.1730e+02
3.1755e+02
3.1792e+02
3.1851e+02
3.1943e+02
3.2080e+02
3.2273e+02
3.2530e+02
3.2860e+02
3.3263e+02
3.3737e+02
3.4275e+02
3.4864e+02
3.5489e+02
3.6129e+02
3.6767e+02
3.7382e+02
3.7956e+02
3.8478e+02
3.8938e+02
3.9334e+02
3.9664e+02
3.9934e+02
4.0152e+02
4.0327e+02
4.0470e+02
4.0592e+02
4.0705e+02
4.0817e+02
4.0940e+02
4.1078e+02
4.1238e+02
4.1420e+02
4.1628e+02
4.1860e+02
4.2115e+02
4.2387e+02
4.2669e+02
4.2953e+02
4.3226e+02
4.3473e+02
4.3682e+02
4.3836e+02
4.3925e+02
4.3934e+02
4.3857e+02
4.3688e+02
4.3428e+02
4.3080e+02
4.2655e+02
4.2164e+02
4.1622e+02
4.1047e+02
4.0458e+02
3.9872e+02
3.9306e+02
3.8774e+02
3.8286e+02
3.7849e+02
3.7469e+02
3.7146e+02
3.6884e+02
3.6679e+02
3.6530e+02
3.6435e+02
3.6391e+02
3.6396e+02
3.6447e+02
3.6542e+02
3.6676e+02
3.6847e+02
3.7049e+02
3.7278e+02
3.7525e+02
3.7783e+02
3.8045e+02
3.8302e+02
3.8550e+02
3.8782e+02
3.8996e+02
3.9189e+02
3.9357e+02
3.9503e+02
3.9626e+02
3.9728e+02
3.9809e+02
3.9869e+02
3.9908e+02
3.9925e+02
3.9919e+02
3.9889e+02
3.9834e+02
3.9753e+02
3.9648e+02
3.9519e+02
3.9371e+02
3.9208e+02
3.9035e+02
3.8859e+02
3.8686e+02
3.8523e+02
3.8373e+02
3.8240e+02
3.8126e+02
3.8029e+02
3.7950e+02
3.7884e+02
3.7830e+02
3.7782e+02
3.7732e+02
3.7654e+02
3.7522e+02
3.7305e+02
3.6974e+02
3.6492e+02
3.5828e+02
3.4953e+02
3.3848e+02
3.2510e+02
3.0952e+02
2.9212e+02
2.7350e+02
2.5445e+02
2.3586e+02
2.1870e+02
2.0395e+02
1.9244e+02
1.8485e+02
1.8161e+02
1.8287e+02
1.8851e+02
1.9810e+02
2.1102e+02
2.2646e+02
2.4357e+02
2.6143e+02
2.7925e+02
2.9631e+02
3.1204e+02
3.2602e+02
3.3801e+02
3.4803e+02
3.5618e+02
3.6265e+02
3.6764e+02
3.7137e+02
3.7407e+02
3.7598e+02
3.7730e+02
3.7819e+02
3.7878e+02
3.7913e+02
3.7925e+02
3.7913e+02
3.7874e+02
3.7806e+02
3.7705e+02
3.7569e+02
3.7394e+02
3.7182e+02
3.6933e+02
3.6652e+02
3.6346e+02
3.6023e+02
3.5695e+02
3.5372e+02
3.5068e+02
3.4793e+02
3.4556e+02
3.4365e+02
3.4223e+02
3.4131e+02
3.4087e+02
3.4087e+02
3.4123e+02
3.4188e+02
3.4276e+02
3.4378e+02
3.4483e+02
3.4581e+02
3.4668e+02
3.4733e+02
3.4774e+02
3.4788e+02
3.4773e+02
3.4729e+02
3.4658e+02
3.4568e+02
3.4464e+02
3.4357e+02
3.4258e+02
3.4180e+02
3.4133e+02
3.4129e+02
3.4177e+02
3.4283e+02
3.4451e+02
3.4679e+02
3.4962e+02
3.5291e+02
3.5656e+02
3.6042e+02
3.6438e+02
3.6832e+02
3.7215e+02
3.7580e+02
3.7922e+02
3.8239e+02
3.8533e+02
3.8806e+02
3.9062e+02
3.9300e+02
3.9519e+02
3.9714e+02
3.9880e+02
4.0010e+02
4.0096e+02
4.0128e+02
4.0099e+02
4.0006e+02
3.9847e+02
3.9627e+02
3.9353e+02
3.9036e+02
3.8690e+02
3.8331e+02
3.7974e+02
3.7633e+02
3.7319e+02
3.7035e+02
3.6781e+02
3.6551e+02
3.6337e+02
3.6122e+02
3.5892e+02
3.5628e+02
3.5314e+02
3.4939e+02
3.4493e+02
3.3976e+02
3.3392e+02
3.2752e+02
3.2072e+02
3.1372e+02
3.0675e+02
2.9999e+02
2.9365e+02
2.8787e+02
2.8279e+02
2.7847e+02
2.7495e+02
2.7224e+02
2.7028e+02
2.6905e+02
2.6852e+02
2.6869e+02
2.6955e+02
2.7111e+02
2.7338e+02
2.7641e+02
2.8026e+02
2.8493e+02
2.9045e+02
2.9677e+02
3.0379e+02
3.1138e+02
3.1937e+02
3.2757e+02
3.3574e+02
3.4367e+02
3.5112e+02
3.5790e+02
3.6387e+02
3.6892e+02
3.7302e+02
3.7618e+02
3.7846e+02
3.7997e+02
3.8083e+02
3.8118e+02
3.8115e+02
3.8087e+02
3.8045e+02
3.8000e+02
3.7958e+02
3.7928e+02
3.7912e+02
3.7918e+02
3.7949e+02
3.8009e+02
3.8100e+02
3.8224e+02
3.8380e+02
3.8564e+02
3.8775e+02
3.9006e+02
3.9249e+02
3.9497e+02
3.9741e+02
3.9970e+02
4.0172e+02
4.0338e+02
4.0457e+02
4.0519e+02
4.0516e+02
4.0439e+02
4.0283e+02
4.0047e+02
3.9731e+02
3.9340e+02
3.8884e+02
3.8374e+02
3.7826e+02
3.7259e+02
3.6694e+02
3.6156e+02
3.5666e+02
3.5244e+02
3.4905e+02
3.4667e+02
3.4538e+02
3.4523e+02
3.4623e+02
3.4831e+02
3.5136e+02
3.5523e+02
3.5971e+02
3.6458e+02
3.6961e+02
3.7454e+02
3.7916e+02
3.8331e+02
3.8685e+02
3.8972e+02
3.9186e+02
3.9321e+02
3.9371e+02
3.9333e+02
3.9201e+02
3.8965e+02
3.8616e+02
3.8142e+02
3.7535e+02
3.6786e+02
3.5897e+02
3.4877e+02
3.3745e+02
3.2527e+02
3.1258e+02
2.9982e+02
2.8740e+02
2.7582e+02
2.6550e+02
2.5681e+02
2.5007e+02
2.4549e+02
2.4320e+02
2.4324e+02
2.4558e+02
2.5006e+02
2.5650e+02
2.6461e+02
2.7406e+02
2.8447e+02
2.9542e+02
3.0652e+02
3.1741e+02
3.2779e+02
3.3739e+02
3.4601e+02
3.5356e+02
3.6001e+02
3.6542e+02
3.6988e+02
3.7352e+02
3.7646e+02
3.7881e+02
3.8064e+02
3.8200e+02
3.8292e+02
3.8340e+02
3.8342e+02
3.8294e+02
3.8199e+02
3.8059e+02
3.7880e+02
3.7672e+02
3.7443e+02
3.7208e+02
3.6975e+02
3.6755e+02
3.6557e+02
3.6386e+02
3.6243e+02
3.6131e+02
3.6045e+02
3.5980e+02
3.5928e+02
3.5884e+02
3.5842e+02
3.5793e+02
3.5734e+02
3.5659e+02
3.5566e+02
3.5451e+02
3.5315e+02
3.5158e+02
3.4979e+02
3.4782e+02
3.4568e+02
3.4342e+02
3.4109e+02
3.3874e+02
3.3646e+02
3.3432e+02
3.3239e+02
3.3075e+02
3.2947e+02
3.2862e+02
3.2820e+02
3.2824e+02
3.2869e+02
3.2949e+02
3.3054e+02
3.3174e+02
3.3299e+02
3.3419e+02
3.3526e+02
3.3613e+02
3.3679e+02
3.3724e+02
3.3755e+02
3.3780e+02
3.3809e+02
3.3852e+02
3.3923e+02
3.4032e+02
3.4186e+02
3.4391e+02
3.4647e+02
3.4949e+02
3.5291e+02
3.5663e+02
3.6049e+02
3.6433e+02
3.6800e+02
3.7135e+02
3.7428e+02
3.7667e+02
3.7848e+02
3.7968e+02
3.8032e+02
3.8046e+02
3.8018e+02
3.7961e+02
3.7880e+02
3.7782e+02
3.7666e+02
3.7535e+02
3.7383e+02
3.7203e+02
3.6989e+02
3.6733e+02
3.6429e+02
3.6077e+02
3.5679e+02
3.5244e+02
3.4785e+02
3.4317e+02
3.3860e+02
3.3436e+02
3.3061e+02
3.2748e+02
3.2508e+02
3.2344e+02
3.2258e+02
3.2241e+02
3.2284e+02
3.2375e+02
3.2500e+02
3.2645e+02
3.2799e+02
3.2951e+02
3.3095e+02
3.3226e+02
3.3341e+02
3.3442e+02
3.3531e+02
3.3610e+02
3.3686e+02
3.3761e+02
3.3836e+02
3.3908e+02
3.3973e+02
3.4025e+02
3.4054e+02
3.4050e+02
3.4003e+02
3.3902e+02
3.3739e+02
3.3512e+02
3.3218e+02
3.2868e+02
3.2470e+02
3.2045e+02
3.1612e+02
3.1194e+02
3.0812e+02
3.0488e+02
3.0237e+02
3.0067e+02
2.9986e+02
2.9990e+02
3.0074e+02
3.0228e+02
3.0437e+02
3.0686e+02
3.0960e+02
3.1248e+02
3.1537e+02
3.1817e+02
3.2076e+02
3.2310e+02
3.2511e+02
3.2677e+02
3.2802e+02
3.2874e+02
3.2880e+02
3.2805e+02
3.2633e+02
3.2350e+02
3.1941e+02
3.1397e+02
3.0710e+02
2.9883e+02
2.8927e+02
2.7870e+02
2.6747e+02
2.5604e+02
2.4495e+02
2.3474e+02
2.2598e+02
2.1914e+02
2.1459e+02
2.1254e+02
2.1307e+02
2.1606e+02
2.2122e+02
2.2815e+02
2.3635e+02
2.4528e+02
2.5443e+02
2.6332e+02
2.7148e+02
2.7851e+02
2.8406e+02
2.8784e+02
2.8966e+02
2.8938e+02
2.8690e+02
2.8216e+02
2.7519e+02
2.6606e+02
2.5497e+02
2.4221e+02
2.2817e+02
2.1333e+02
1.9819e+02
1.8330e+02
1.6919e+02
1.5631e+02
1.4506e+02
1.3573e+02
1.2856e+02
1.2366e+02
1.2107e+02
1.2077e+02
1.2267e+02
1.2666e+02
1.3260e+02
1.4032e+02
1.4959e+02
1.6016e+02
1.7170e+02
1.8391e+02
1.9646e+02
2.0900e+02
2.2118e+02
2.3268e+02
2.4326e+02
2.5272e+02
2.6097e+02
2.6796e+02
2.7378e+02
2.7854e+02
2.8243e+02
2.8563e+02
2.8832e+02
2.9067e+02
2.9279e+02
2.9478e+02
2.9670e+02
2.9853e+02
3.0025e+02
3.0176e+02
3.0297e+02
3.0376e+02
3.0406e+02
3.0379e+02
3.0289e+02
3.0135e+02
2.9917e+02
2.9640e+02
2.9313e+02
2.8949e+02
2.8562e+02
2.8166e+02
2.7778e+02
2.7413e+02
2.7085e+02
2.6804e+02
2.6585e+02
2.6432e+02
2.6352e+02
2.6347e+02
2.6416e+02
2.6553e+02
2.6753e+02
2.7008e+02
2.7309e+02
2.7647e+02
2.8012e+02
2.8393e+02
2.8786e+02
2.9185e+02
2.9586e+02
2.9988e+02
3.0390e+02
3.0793e+02
3.1197e+02
3.1601e+02
3.2004e+02
3.2403e+02
3.2790e+02
3.3160e+02
3.3502e+02
3.3810e+02
3.4074e+02
3.4288e+02
3.4444e+02
3.4532e+02
3.4545e+02
3.4476e+02
3.4320e+02
3.4070e+02
3.3722e+02
3.3276e+02
3.2734e+02
3.2102e+02
3.1393e+02
3.0623e+02
2.9816e+02
2.9002e+02
2.8208e+02
2.7468e+02
2.6811e+02
2.6262e+02
2.5842e+02
2.5561e+02
2.5425e+02
2.5428e+02
2.5560e+02
2.5803e+02
2.6136e+02
2.6533e+02
2.6968e+02
2.7415e+02
2.7847e+02
2.8243e+02
2.8584e+02
2.8858e+02
2.9058e+02
2.9190e+02
2.9261e+02
2.9287e+02
2.9290e+02
2.9296e+02
2.9332e+02
2.9426e+02
2.9603e+02
2.9880e+02
3.0265e+02
3.0756e+02
3.1342e+02
3.2005e+02
3.2720e+02
3.3463e+02
3.4213e+02
3.4952e+02
3.5668e+02
3.6358e+02
3.7023e+02
3.7669e+02
3.8307e+02
3.8946e+02
3.9592e+02
4.0244e+02
4.0898e+02
4.1542e+02
4.2160e+02
4.2735e+02
4.3249e+02
4.3679e+02
4.4007e+02
4.4216e+02
4.4296e+02
4.4238e+02
4.4038e+02
4.3694e+02
4.3209e+02
4.2589e+02
4.1845e+02
4.0994e+02
4.0061e+02
3.9075e+02
3.8070e+02
3.7082e+02
3.6145e+02
3.5290e+02
3.4541e+02
3.3914e+02
3.3419e+02
3.3053e+02
3.2808e+02
3.2663e+02
3.2599e+02
3.2593e+02
3.2624e+02
3.2676e+02
3.2735e+02
3.2795e+02
3.2850e+02
3.2904e+02
3.2960e+02
3.3028e+02
3.3110e+02
3.3206e+02
3.3311e+02
3.3413e+02
3.3499e+02
3.3549e+02
3.3544e+02
3.3461e+02
3.3279e+02
3.2980e+02
3.2554e+02
3.2000e+02
3.1324e+02
3.0543e+02
2.9680e+02
2.8768e+02
2.7841e+02
2.6936e+02
2.6086e+02
2.5318e+02
2.4655e+02
2.4108e+02
2.3684e+02
2.3380e+02
2.3187e+02
2.3091e+02
2.3075e+02
2.3121e+02
2.3207e+02
2.3320e+02
2.3441e+02
2.3557e+02
2.3659e+02
2.3741e+02
2.3800e+02
2.3832e+02
2.3839e+02
2.3821e+02
2.3783e+02
2.3731e+02
2.3670e+02
2.3605e+02
2.3541e+02
2.3486e+02
2.3442e+02
2.3414e+02
2.3406e+02
2.3419e+02
2.3456e+02
2.3519e+02
2.3615e+02
2.3748e+02
2.3923e+02
2.4141e+02
2.4406e+02
2.4719e+02
2.5078e+02
2.5478e+02
2.5913e+02
2.6372e+02
2.6840e+02
2.7305e+02
2.7751e+02
2.8162e+02
2.8527e+02
2.8835e+02
2.9079e+02
2.9258e+02
2.9374e+02
2.9431e+02
2.9440e+02
2.9412e+02
2.9362e+02
2.9302e+02
2.9242e+02
2.9193e+02
2.9161e+02
2.9150e+02
2.9161e+02
2.9194e+02
2.9242e+02
2.9299e+02
2.9355e+02
2.9404e+02
2.9438e+02
2.9448e+02
2.9432e+02
2.9386e+02
2.9312e+02
2.9218e+02
2.9112e+02
2.9008e+02
2.8916e+02
2.8854e+02
2.8836e+02
2.8873e+02
2.8975e+02
2.9146e+02
2.9386e+02
2.9689e+02
3.0045e+02
3.0441e+02
3.0863e+02
3.1293e+02
3.1718e+02
3.2124e+02
3.2501e+02
3.2842e+02
3.3142e+02
3.3400e+02
3.3615e+02
3.3789e+02
3.3922e+02
3.4017e+02
3.4076e+02
3.4099e+02
3.4092e+02
3.4057e+02
3.4001e+02
3.3928e+02
3.3844e+02
3.3753e+02
3.3662e+02
3.3575e+02
3.3498e+02
3.3431e+02
3.3375e+02
3.3328e+02
3.3285e+02
3.3243e+02
3.3198e+02
3.3145e+02
3.3080e+02
3.2997e+02
3.2898e+02
3.2779e+02
3.2642e+02
3.2491e+02
3.2329e+02
3.2165e+02
3.2005e+02
3.1860e+02
3.1740e+02
3.1655e+02
3.1614e+02
3.1626e+02
3.1695e+02
3.1826e+02
3.2027e+02
3.2298e+02
3.2642e+02
3.3055e+02
3.3538e+02
3.4087e+02
3.4697e+02
3.5360e+02
3.6066e+02
3.6807e+02
3.7565e+02
3.8325e+02
3.9072e+02
3.9786e+02
4.0453e+02
4.1060e+02
4.1599e+02
4.2063e+02
4.2447e+02
4.2743e+02
4.2943e+02
4.3038e+02
4.3013e+02
4.2854e+02
4.2543e+02
4.2060e+02
4.1385e+02
4.0504e+02
3.9411e+02
3.8114e+02
3.6629e+02
3.4982e+02
3.3212e+02
3.1372e+02
2.9521e+02
2.7716e+02
2.6016e+02
2.4472e+02
2.3129e+02
2.2018e+02
2.1156e+02
2.0553e+02
2.0199e+02
2.0080e+02
2.0167e+02
2.0427e+02
2.0823e+02
2.1316e+02
2.1866e+02
2.2440e+02
2.3007e+02
2.3536e+02
2.3992e+02
2.4348e+02
2.4574e+02
2.4641e+02
2.4525e+02
2.4208e+02
2.3675e+02
2.2922e+02
2.1956e+02
2.0797e+02
1.9485e+02
1.8071e+02
1.6619e+02
1.5196e+02
1.3878e+02
1.2731e+02
1.1814e+02
1.1169e+02
1.0820e+02
1.0770e+02
1.1000e+02
1.1479e+02
1.2155e+02
1.2974e+02
1.3877e+02
1.4807e+02
1.5712e+02
1.6549e+02
1.7288e+02
1.7910e+02
1.8411e+02
1.8794e+02
1.9073e+02
1.9262e+02
1.9379e+02
1.9442e+02
1.9469e+02
1.9478e+02
1.9486e+02
1.9513e+02
1.9575e+02
1.9686e+02
1.9860e+02
2.0108e+02
2.0441e+02
2.0865e+02
2.1383e+02
2.1992e+02
2.2680e+02
2.3433e+02
2.4227e+02
2.5038e+02
2.5837e+02
2.6598e+02
2.7293e+02
2.7901e+02
2.8405e+02
2.8797e+02
2.9077e+02
2.9244e+02
2.9308e+02
2.9281e+02
2.9182e+02
2.9025e+02
2.8828e+02
2.8610e+02
2.8384e+02
2.8167e+02
2.7970e+02
2.7803e+02
2.7668e+02
2.7570e+02
2.7510e+02
2.7484e+02
2.7486e+02
2.7509e+02
2.7546e+02
2.7585e+02
2.7620e+02
2.7644e+02
2.7649e+02
2.7632e+02
2.7590e+02
2.7524e+02
2.7433e+02
2.7325e+02
2.7207e+02
2.7086e+02
2.6970e+02
2.6871e+02
2.6799e+02
2.6763e+02
2.6771e+02
2.6824e+02
2.6920e+02
2.7048e+02
2.7196e+02
2.7347e+02
2.7479e+02
2.7567e+02
2.7591e+02
2.7535e+02
2.7383e+02
2.7131e+02
2.6785e+02
2.6357e+02
2.5867e+02
2.5338e+02
2.4800e+02
2.4278e+02
2.3798e+02
2.3381e+02
2.3040e+02
2.2782e+02
2.2606e+02
2.2511e+02
2.2484e+02
2.2515e+02
2.2588e+02
2.2693e+02
2.2819e+02
2.2956e+02
2.3098e+02
2.3239e+02
2.3380e+02
2.3518e+02
2.3655e+02
2.3790e+02
2.3921e+02
2.4048e+02
2.4168e+02
2.4280e+02
2.4381e+02
2.4470e+02
2.4546e+02
2.4612e+02
2.4671e+02
2.4726e+02
2.4786e+02
2.4857e+02
2.4950e+02
2.5066e+02
2.5212e+02
2.5390e+02
2.5599e+02
2.5834e+02
2.6085e+02
2.6342e+02
2.6590e+02
2.6815e+02
2.7002e+02
2.7140e+02
2.7218e+02
2.7232e+02
2.7181e+02
2.7067e+02
2.6899e+02
2.6686e+02
2.6441e+02
2.6177e+02
2.5910e+02
2.5651e+02
2.5412e+02
2.5203e+02
2.5031e+02
2.4902e+02
2.4817e+02
2.4779e+02
2.4788e+02
2.4844e+02
2.4948e+02
2.5098e+02
2.5291e+02
2.5525e+02
2.5800e+02
2.6107e+02
2.6442e+02
2.6798e+02
2.7167e+02
2.7541e+02
2.7907e+02
2.8255e+02
2.8572e+02
2.8846e+02
2.9065e+02
2.9221e+02
2.9308e+02
2.9318e+02
2.9251e+02
2.9109e+02
2.8895e+02
2.8621e+02
2.8306e+02
2.7973e+02
2.7647e+02
2.7357e+02
2.7134e+02
2.7006e+02
2.7000e+02
2.7137e+02
2.7428e+02
2.7874e+02
2.8467e+02
2.9186e+02
3.0001e+02
3.0873e+02
3.1763e+02
3.2629e+02
3.3429e+02
3.4129e+02
3.4704e+02
3.5141e+02
3.5436e+02
3.5591e+02
3.5614e+02
3.5514e+02
3.5302e+02
3.4984e+02
3.4566e+02
3.4051e+02
3.3439e+02
3.2730e+02
3.1928e+02
3.1034e+02
3.0057e+02
2.9016e+02
2.7934e+02
2.6842e+02
2.5768e+02
2.4748e+02
2.3808e+02
2.2976e+02
2.2276e+02
2.1727e+02
2.1342e+02
2.1130e+02
2.1097e+02
2.1241e+02
2.1562e+02
2.2052e+02
2.2700e+02
2.3487e+02
2.4389e+02
2.5371e+02
2.6399e+02
2.7434e+02
2.8435e+02
2.9366e+02
3.0193e+02
3.0892e+02
3.1446e+02
3.1851e+02
3.2114e+02
3.2247e+02
3.2272e+02
3.2211e+02
3.2088e+02
3.1925e+02
3.1739e+02
3.1546e+02
3.1353e+02
3.1168e+02
3.0992e+02
3.0822e+02
3.0654e+02
3.0487e+02
3.0318e+02
3.0145e+02
2.9969e+02
2.9791e+02
2.9612e+02
2.9434e+02
2.9258e+02
2.9088e+02
2.8926e+02
2.8772e+02
2.8627e+02
2.8490e+02
2.8360e+02
2.8236e+02
2.8116e+02
2.8005e+02
2.7911e+02
2.7847e+02
2.7827e+02
2.7868e+02
2.7988e+02
2.8204e+02
2.8530e+02
2.8972e+02
2.9528e+02
3.0188e+02
3.0928e+02
3.1721e+02
3.2528e+02
3.3313e+02
3.4036e+02
3.4665e+02
3.5170e+02
3.5519e+02
3.5689e+02
3.5663e+02
3.5429e+02
3.4981e+02
3.4313e+02
3.3423e+02
3.2316e+02
3.1006e+02
2.9513e+02
2.7872e+02
2.6125e+02
2.4322e+02
2.2522e+02
2.0786e+02
1.9172e+02
1.7733e+02
1.6517e+02
1.5556e+02
1.4867e+02
1.4454e+02
1.4306e+02
1.4401e+02
1.4709e+02
1.5192e+02
1.5812e+02
1.6528e+02
1.7301e+02
1.8092e+02
1.8866e+02
1.9592e+02
2.0251e+02
2.0826e+02
2.1308e+02
2.1689e+02
2.1972e+02
2.2163e+02
2.2276e+02
2.2326e+02
2.2329e+02
2.2303e+02
2.2263e+02
2.2224e+02
2.2197e+02
2.2190e+02
2.2206e+02
2.2244e+02
2.2304e+02
2.2383e+02
2.2478e+02
2.2586e+02
2.2706e+02
2.2835e+02
2.2971e+02
2.3112e+02
2.3259e+02
2.3410e+02
2.3563e+02
2.3720e+02
2.3877e+02
2.4033e+02
2.4187e+02
2.4342e+02
2.4500e+02
2.4664e+02
2.4842e+02
2.5039e+02
2.5262e+02
2.5518e+02
2.5810e+02
2.6140e+02
2.6508e+02
2.6907e+02
2.7326e+02
2.7753e+02
2.8171e+02
2.8562e+02
2.8911e+02
2.9204e+02
2.9432e+02
2.9583e+02
2.9640e+02
2.9581e+02
2.9391e+02
2.9050e+02
2.8539e+02
2.7839e+02
2.6935e+02
2.5820e+02
2.4493e+02
2.2974e+02
2.1291e+02
1.9490e+02
1.7629e+02
1.5772e+02
1.3983e+02
1.2323e+02
1.0845e+02
9.5845e+01
8.5614e+01
7.7780e+01
7.2211e+01
6.8686e+01
6.6974e+01
6.6890e+01
6.8289e+01
7.1147e+01
7.5530e+01
8.1606e+01
8.9568e+01
9.9577e+01
1.1178e+02
1.2628e+02
1.4303e+02
1.6177e+02
1.8206e+02
2.0333e+02
2.2492e+02
2.4615e+02
2.6635e+02
2.8497e+02
3.0156e+02
3.1584e+02
3.2765e+02
3.3701e+02
3.4409e+02
3.4912e+02
3.5244e+02
3.5436e+02
3.5522e+02
3.5532e+02
3.5490e+02
3.5416e+02
3.5326e+02
3.5224e+02
3.5111e+02
3.4986e+02
3.4845e+02
3.4690e+02
3.4514e+02
3.4310e+02
3.4070e+02
3.3786e+02
3.3448e+02
3.3044e+02
3.2568e+02
3.2011e+02
3.1369e+02
3.0641e+02
2.9834e+02
2.8958e+02
2.8027e+02
2.7070e+02
2.6118e+02
2.5210e+02
2.4384e+02
2.3682e+02
2.3139e+02
2.2787e+02
2.2648e+02
2.2735e+02
2.3049e+02
2.3576e+02
2.4291e+02
2.5162e+02
2.6142e+02
2.7177e+02
2.8207e+02
2.9173e+02
3.0015e+02
3.0681e+02
3.1130e+02
3.1335e+02
3.1285e+02
3.0989e+02
3.0471e+02
2.9773e+02
2.8952e+02
2.8073e+02
2.7208e+02
2.6422e+02
2.5775e+02
2.5311e+02
2.5057e+02
2.5015e+02
2.5170e+02
2.5490e+02
2.5928e+02
2.6430e+02
2.6941e+02
2.7409e+02
2.7790e+02
2.8053e+02
2.8182e+02
2.8172e+02
2.8026e+02
2.7760e+02
2.7399e+02
2.6968e+02
2.6493e+02
2.5998e+02
2.5507e+02
2.5042e+02
2.4618e+02
2.4247e+02
2.3942e+02
2.3708e+02
2.3554e+02
2.3481e+02
2.3491e+02
2.3578e+02
2.3734e+02
2.3947e+02
2.4203e+02
2.4485e+02
2.4773e+02
2.5048e+02
2.5282e+02
2.5455e+02
2.5546e+02
2.5535e+02
2.5408e+02
2.5151e+02
2.4761e+02
2.4236e+02
2.3586e+02
2.2824e+02
2.1973e+02
2.1066e+02
2.0137e+02
1.9223e+02
1.8362e+02
1.7591e+02
1.6940e+02
1.6433e+02
1.6083e+02
1.5897e+02
1.5868e+02
1.5981e+02
1.6214e+02
1.6539e+02
1.6929e+02
1.7352e+02
1.7785e+02
1.8205e+02
1.8598e+02
1.8953e+02
1.9268e+02
1.9548e+02
1.9800e+02
2.0034e+02
2.0262e+02
2.0495e+02
2.0739e+02
2.1000e+02
2.1279e+02
2.1575e+02
2.1878e+02
2.2178e+02
2.2460e+02
2.2711e+02
2.2916e+02
2.3065e+02
2.3150e+02
2.3165e+02
2.3112e+02
2.2999e+02
2.2835e+02
2.2637e+02
2.2420e+02
2.2203e+02
2.2003e+02
2.1830e+02
2.1698e+02
2.1609e+02
2.1562e+02
2.1555e+02
2.1580e+02
2.1628e+02
2.1688e+02
2.1751e+02
2.1807e+02
2.1853e+02
2.1884e+02
2.1899e+02
2.1901e+02
2.1892e+02
2.1877e+02
2.1861e+02
2.1849e+02
2.1847e+02
2.1858e+02
2.1888e+02
2.1939e+02
2.2017e+02
2.2124e+02
2.2265e+02
2.2440e+02
2.2651e+02
2.2898e+02
2.3179e+02
2.3491e+02
2.3824e+02
2.4161e+02
2.4470e+02
2.4716e+02
2.4857e+02
2.4848e+02
2.4644e+02
2.4201e+02
2.3486e+02
2.2477e+02
2.1172e+02
1.9586e+02
1.7758e+02
1.5744e+02
1.3614e+02
1.1450e+02
9.3318e+01
7.3384e+01
5.5345e+01
3.9707e+01
2.6762e+01
1.6620e+01
9.1967e+00
4.2801e+00
1.5548e+00
6.2578e-01
1.1332e+00
2.7579e+00
5.2847e+00
8.5720e+00
1.2563e+01
1.7272e+01
2.2818e+01
2.9395e+01
3.7173e+01
4.6299e+01
5.6844e+01
6.8844e+01
8.2245e+01
9.6911e+01
1.1264e+02
1.2915e+02
1.4614e+02
1.6321e+02
1.7996e+02
1.9599e+02
2.1091e+02
2.2434e+02
2.3598e+02
2.4557e+02
2.5293e+02
2.5798e+02
2.6069e+02
2.6119e+02
2.5965e+02
2.5636e+02
2.5166e+02
2.4594e+02
2.3960e+02
2.3299e+02
2.2643e+02
2.2017e+02
2.1441e+02
2.0923e+02
2.0469e+02
2.0081e+02
1.9759e+02
1.9503e+02
1.9311e+02
1.9189e+02
1.9142e+02
1.9179e+02
1.9307e+02
1.9526e+02
1.9840e+02
2.0243e+02
2.0721e+02
2.1256e+02
2.1824e+02
2.2401e+02
2.2961e+02
2.3480e+02
2.3940e+02
2.4328e+02
2.4635e+02
2.4857e+02
2.4993e+02
2.5041e+02
2.5002e+02
2.4876e+02
2.4664e+02
2.4362e+02
2.3969e+02
2.3486e+02
2.2918e+02
2.2273e+02
2.1565e+02
2.0815e+02
2.0049e+02
1.9300e+02
1.8599e+02
1.7980e+02
1.7472e+02
1.7097e+02
1.6873e+02
1.6808e+02
1.6903e+02
1.7149e+02
1.7532e+02
1.8034e+02
1.8629e+02
1.9295e+02
2.0009e+02
2.0745e+02
2.1470e+02
2.2148e+02
2.2741e+02
2.3212e+02
2.3524e+02
2.3639e+02
2.3524e+02
2.3150e+02
2.2506e+02
2.1591e+02
2.0427e+02
1.9059e+02
1.7552e+02
1.5984e+02
1.4444e+02
1.3024e+02
1.1809e+02
1.0873e+02
1.0270e+02
1.0032e+02
1.0162e+02
1.0637e+02
1.1411e+02
1.2418e+02
1.3585e+02
1.4828e+02
1.6071e+02
1.7244e+02
1.8291e+02
1.9166e+02
1.9846e+02
2.0324e+02
2.0610e+02
2.0725e+02
2.0694e+02
2.0549e+02
2.0322e+02
2.0046e+02
1.9752e+02
1.9466e+02
1.9219e+02
1.9027e+02
1.8904e+02
1.8857e+02
1.8892e+02
1.9011e+02
1.9214e+02
1.9499e+02
1.9859e+02
2.0286e+02
2.0767e+02
2.1291e+02
2.1843e+02
2.2404e+02
2.2952e+02
2.3467e+02
2.3925e+02
2.4306e+02
2.4593e+02
2.4767e+02
2.4817e+02
2.4736e+02
2.4525e+02
2.4191e+02
2.3741e+02
2.3186e+02
2.2534e+02
2.1798e+02
2.0987e+02
2.0104e+02
1.9152e+02
1.8127e+02
1.7028e+02
1.5856e+02
1.4618e+02
1.3322e+02
1.1987e+02
1.0638e+02
9.3059e+01
8.0247e+01
6.8295e+01
5.7533e+01
4.8160e+01
4.0327e+01
3.4084e+01
2.9357e+01
2.5970e+01
2.3668e+01
2.2160e+01
2.1112e+01
2.0242e+01
1.9312e+01
1.8159e+01
1.6661e+01
1.4764e+01
1.2525e+01
1.0058e+01
7.4980e+00
4.9822e+00
2.7297e+00
9.8226e-01
0000
6.4373e-02
1.4496e+00
4.4207e+00
9.1983e+00
1.5977e+01
2.4844e+01
3.5792e+01
4.8676e+01
6.3223e+01
7.9035e+01
9.5595e+01
1.1236e+02
1.2874e+02
1.4418e+02
1.5822e+02
1.7047e+02
1.8071e+02
1.8885e+02
1.9495e+02
1.9917e+02
2.0175e+02
2.0297e+02
2.0312e+02
2.0248e+02
2.0126e+02
1.9967e+02
1.9782e+02
1.9583e+02
1.9372e+02
1.9152e+02
1.8923e+02
1.8688e+02
1.8451e+02
1.8217e+02
1.7997e+02
1.7794e+02
1.7618e+02
1.7475e+02
1.7373e+02
1.7317e+02
1.7308e+02
1.7350e+02
1.7439e+02
1.7569e+02
1.7733e+02
1.7920e+02
1.8118e+02
1.8314e+02
1.8494e+02
1.8646e+02
1.8761e+02
1.8830e+02
1.8852e+02
1.8826e+02
1.8756e+02
1.8649e+02
1.8513e+02
1.8360e+02
1.8201e+02
1.8049e+02
1.7910e+02
1.7794e+02
1.7704e+02
1.7644e+02
1.7614e+02
1.7613e+02
1.7638e+02
1.7684e+02
1.7747e+02
1.7820e+02
1.7897e+02
1.7969e+02
1.8031e+02
1.8077e+02
1.8098e+02
1.8091e+02
1.8048e+02
1.7969e+02
1.7852e+02
1.7697e+02
1.7510e+02
1.7296e+02
1.7063e+02
1.6819e+02
1.6577e+02
1.6344e+02
1.6132e+02
1.5950e+02
1.5802e+02
1.5692e+02
1.5622e+02
1.5591e+02
1.5595e+02
1.5629e+02
1.5686e+02
1.5759e+02
1.5841e+02
1.5927e+02
1.6012e+02
1.6090e+02
1.6157e+02
1.6207e+02
1.6237e+02
1.6241e+02
1.6213e+02
1.6147e+02
1.6036e+02
1.5874e+02
1.5657e+02
1.5386e+02
1.5060e+02
1.4688e+02
1.4279e+02
1.3848e+02
1.3408e+02
1.2978e+02
1.2574e+02
1.2209e+02
1.1896e+02
1.1641e+02
1.1448e+02
1.1317e+02
1.1244e+02
1.1223e+02
1.1243e+02
1.1296e+02
1.1370e+02
1.1456e+02
1.1545e+02
1.1626e+02
1.1696e+02
1.1748e+02
1.1781e+02
1.1792e+02
1.1782e+02
1.1755e+02
1.1715e+02
1.1667e+02
1.1618e+02
1.1576e+02
1.1553e+02
1.1566e+02
1.1632e+02
1.1772e+02
1.2006e+02
1.2356e+02
1.2843e+02
1.3484e+02
1.4292e+02
1.5267e+02
1.6404e+02
1.7684e+02
1.9077e+02
2.0545e+02
2.2044e+02
