3.5041e+02
3.4943e+02
3.4855e+02
3.4776e+02
3.4707e+02
3.4644e+02
3.4589e+02
3.4537e+02
3.4487e+02
3.4437e+02
3.4389e+02
3.4344e+02
3.4305e+02
3.4278e+02
3.4263e+02
3.4262e+02
3.4273e+02
3.4293e+02
3.4314e+02
3.4325e+02
3.4317e+02
3.4278e+02
3.4193e+02
3.4053e+02
3.3854e+02
3.3595e+02
3.3278e+02
3.2916e+02
3.2524e+02
3.2124e+02
3.1734e+02
3.1378e+02
3.1076e+02
3.0846e+02
3.0700e+02
3.0651e+02
3.0702e+02
3.0849e+02
3.1086e+02
3.1404e+02
3.1789e+02
3.2224e+02
3.2693e+02
3.3177e+02
3.3655e+02
3.4113e+02
3.4542e+02
3.4937e+02
3.5301e+02
3.5643e+02
3.5975e+02
3.6316e+02
3.6688e+02
3.7117e+02
3.7622e+02
3.8217e+02
3.8911e+02
3.9702e+02
4.0576e+02
4.1513e+02
4.2483e+02
4.3455e+02
4.4394e+02
4.5270e+02
4.6057e+02
4.6737e+02
4.7298e+02
4.7739e+02
4.8069e+02
4.8301e+02
4.8453e+02
4.8546e+02
4.8597e+02
4.8622e+02
4.8636e+02
4.8649e+02
4.8665e+02
4.8687e+02
4.8710e+02
4.8722e+02
4.8705e+02
4.8642e+02
4.8514e+02
4.8298e+02
4.7973e+02
4.7523e+02
4.6933e+02
4.6197e+02
4.5320e+02
4.4314e+02
4.3201e+02
4.2012e+02
4.0784e+02
3.9556e+02
3.8369e+02
3.7261e+02
3.6263e+02
3.5399e+02
3.4686e+02
3.4128e+02
3.3725e+02
3.3467e+02
3.3341e+02
3.3331e+02
3.3420e+02
3.3592e+02
3.3831e+02
3.4122e+02
3.4449e+02
3.4801e+02
3.5168e+02
3.5544e+02
3.5921e+02
3.6291e+02
3.6648e+02
3.6986e+02
3.7300e+02
3.7590e+02
3.7852e+02
3.8089e+02
3.8300e+02
3.8484e+02
3.8638e+02
3.8760e+02
3.8846e+02
3.8890e+02
3.8884e+02
3.8821e+02
3.8695e+02
3.8500e+02
3.8235e+02
3.7902e+02
3.7508e+02
3.7063e+02
3.6585e+02
3.6091e+02
3.5601e+02
3.5135e+02
3.4714e+02
3.4354e+02
3.4065e+02
3.3855e+02
3.3726e+02
3.3674e+02
3.3688e+02
3.3758e+02
3.3867e+02
3.4000e+02
3.4140e+02
3.4273e+02
3.4384e+02
3.4462e+02
3.4501e+02
3.4495e+02
3.4445e+02
3.4351e+02
3.4218e+02
3.4051e+02
3.3856e+02
3.3641e+02
3.3411e+02
3.3175e+02
3.2935e+02
3.2698e+02
3.2466e+02
3.2242e+02
3.2029e+02
3.1831e+02
3.1652e+02
3.1496e+02
3.1368e+02
3.1273e+02
3.1214e+02
3.1193e+02
3.1214e+02
3.1277e+02
3.1382e+02
3.1527e+02
3.1709e+02
3.1925e+02
3.2169e+02
3.2437e+02
3.2725e+02
3.3029e+02
3.3343e+02
3.3665e+02
3.3987e+02
3.4303e+02
3.4607e+02
3.4890e+02
3.5145e+02
3.5366e+02
3.5550e+02
3.5691e+02
3.5789e+02
3.5845e+02
3.5862e+02
3.5845e+02
3.5801e+02
3.5740e+02
3.5670e+02
3.5602e+02
3.5546e+02
3.5512e+02
3.5506e+02
3.5537e+02
3.5608e+02
3.5724e+02
3.5885e+02
3.6088e+02
3.6328e+02
3.6597e+02
3.6887e+02
3.7184e+02
3.7476e+02
3.7751e+02
3.7998e+02
3.8208e+02
3.8375e+02
3.8496e+02
3.8569e+02
3.8595e+02
3.8578e+02
3.8523e+02
3.8435e+02
3.8321e+02
3.8186e+02
3.8035e+02
3.7872e+02
3.7700e+02
3.7519e+02
3.7328e+02
3.7126e+02
3.6912e+02
3.6684e+02
3.6441e+02
3.6182e+02
3.5905e+02
3.5613e+02
3.5307e+02
3.4989e+02
3.4665e+02
3.4336e+02
3.4008e+02
3.3682e+02
3.3364e+02
3.3053e+02
3.2752e+02
3.2464e+02
3.2189e+02
3.1929e+02
3.1688e+02
3.1471e+02
3.1282e+02
3.1126e+02
3.1006e+02
3.0926e+02
3.0885e+02
3.0880e+02
3.0905e+02
3.0954e+02
3.1017e+02
3.1087e+02
3.1155e+02
3.1211e+02
3.1250e+02
3.1267e+02
3.1262e+02
3.1237e+02
3.1193e+02
3.1135e+02
3.1068e+02
3.0996e+02
3.0921e+02
3.0847e+02
3.0773e+02
3.0702e+02
3.0632e+02
3.0561e+02
3.0489e+02
3.0414e+02
3.0336e+02
3.0255e+02
3.0170e+02
3.0081e+02
2.9989e+02
2.9896e+02
2.9803e+02
2.9711e+02
2.9624e+02
2.9544e+02
2.9470e+02
2.9405e+02
2.9349e+02
2.9299e+02
2.9256e+02
2.9220e+02
2.9189e+02
2.9162e+02
2.9138e+02
2.9117e+02
2.9100e+02
2.9086e+02
2.9078e+02
2.9076e+02
2.9084e+02
2.9100e+02
2.9126e+02
2.9163e+02
2.9208e+02
2.9260e+02
2.9317e+02
2.9378e+02
2.9440e+02
2.9503e+02
2.9567e+02
2.9631e+02
2.9697e+02
2.9767e+02
2.9839e+02
2.9914e+02
2.9989e+02
3.0062e+02
3.0128e+02
3.0183e+02
3.0221e+02
3.0236e+02
3.0222e+02
3.0175e+02
3.0093e+02
2.9975e+02
2.9822e+02
2.9638e+02
2.9429e+02
2.9202e+02
2.8963e+02
2.8719e+02
2.8478e+02
2.8245e+02
2.8024e+02
2.7820e+02
2.7637e+02
2.7475e+02
2.7337e+02
2.7223e+02
2.7132e+02
2.7063e+02
2.7015e+02
2.6986e+02
2.6972e+02
2.6971e+02
2.6980e+02
2.6997e+02
2.7019e+02
2.7045e+02
2.7072e+02
2.7100e+02
2.7129e+02
2.7160e+02
2.7193e+02
2.7228e+02
2.7268e+02
2.7312e+02
2.7358e+02
2.7405e+02
2.7454e+02
2.7502e+02
2.7548e+02
2.7591e+02
2.7630e+02
2.7660e+02
2.7681e+02
2.7690e+02
2.7685e+02
2.7664e+02
2.7628e+02
2.7575e+02
2.7506e+02
2.7427e+02
2.7341e+02
2.7252e+02
2.7168e+02
2.7094e+02
2.7039e+02
2.7006e+02
2.6999e+02
2.7019e+02
2.7064e+02
2.7130e+02
2.7211e+02
2.7298e+02
2.7382e+02
2.7454e+02
2.7506e+02
2.7532e+02
2.7530e+02
2.7498e+02
2.7435e+02
2.7348e+02
2.7241e+02
2.7121e+02
2.6997e+02
2.6876e+02
2.6766e+02
2.6670e+02
2.6594e+02
2.6537e+02
2.6500e+02
2.6480e+02
2.6472e+02
2.6473e+02
2.6480e+02
2.6488e+02
2.6493e+02
2.6490e+02
2.6477e+02
2.6453e+02
2.6418e+02
2.6372e+02
2.6316e+02
2.6251e+02
2.6181e+02
2.6108e+02
2.6034e+02
2.5964e+02
2.5900e+02
2.5846e+02
2.5803e+02
2.5772e+02
2.5753e+02
2.5745e+02
2.5744e+02
2.5749e+02
2.5755e+02
2.5760e+02
2.5759e+02
2.5749e+02
2.5729e+02
2.5699e+02
2.5658e+02
2.5607e+02
2.5546e+02
2.5475e+02
2.5394e+02
2.5303e+02
2.5203e+02
2.5092e+02
2.4969e+02
2.4836e+02
2.4691e+02
2.4538e+02
2.4377e+02
2.4214e+02
2.4052e+02
2.3896e+02
2.3750e+02
2.3620e+02
2.3508e+02
2.3419e+02
2.3357e+02
2.3326e+02
2.3328e+02
2.3368e+02
2.3448e+02
2.3569e+02
2.3730e+02
2.3933e+02
2.4174e+02
2.4447e+02
2.4746e+02
2.5060e+02
2.5381e+02
2.5696e+02
2.5993e+02
2.6261e+02
2.6489e+02
2.6667e+02
2.6791e+02
2.6858e+02
2.6866e+02
2.6817e+02
2.6715e+02
2.6568e+02
2.6381e+02
2.6165e+02
2.5928e+02
2.5679e+02
2.5427e+02
2.5181e+02
2.4947e+02
2.4735e+02
2.4548e+02
2.4391e+02
2.4266e+02
2.4174e+02
2.4115e+02
2.4085e+02
2.4072e+02
2.4068e+02
2.4059e+02
2.4035e+02
2.3982e+02
2.3887e+02
2.3743e+02
2.3545e+02
2.3294e+02
2.2998e+02
2.2671e+02
2.2326e+02
2.1980e+02
2.1656e+02
2.1368e+02
2.1129e+02
2.0947e+02
2.0826e+02
2.0764e+02
2.0754e+02
2.0783e+02
2.0841e+02
2.0916e+02
2.0996e+02
2.1072e+02
2.1138e+02
2.1192e+02
2.1234e+02
2.1265e+02
2.1289e+02
2.1308e+02
2.1327e+02
2.1349e+02
2.1375e+02
2.1404e+02
2.1434e+02
2.1465e+02
2.1492e+02
2.1513e+02
2.1525e+02
2.1525e+02
2.1510e+02
2.1482e+02
2.1438e+02
2.1381e+02
2.1313e+02
2.1240e+02
2.1162e+02
2.1078e+02
2.0987e+02
2.0884e+02
2.0761e+02
2.0605e+02
2.0402e+02
2.0139e+02
1.9804e+02
1.9388e+02
1.8885e+02
1.8299e+02
1.7639e+02
1.6920e+02
1.6164e+02
1.5399e+02
1.4651e+02
1.3944e+02
1.3302e+02
1.2740e+02
1.2269e+02
1.1889e+02
1.1598e+02
1.1388e+02
1.1246e+02
1.1158e+02
1.1113e+02
1.1099e+02
1.1106e+02
1.1127e+02
1.1158e+02
1.1195e+02
1.1239e+02
1.1291e+02
1.1351e+02
1.1420e+02
1.1503e+02
1.1604e+02
1.1728e+02
1.1881e+02
1.2073e+02
1.2310e+02
1.2599e+02
1.2947e+02
1.3355e+02
1.3823e+02
1.4344e+02
1.4910e+02
1.5507e+02
1.6121e+02
1.6735e+02
1.7331e+02
1.7896e+02
1.8416e+02
1.8881e+02
1.9289e+02
1.9635e+02
1.9923e+02
2.0158e+02
2.0348e+02
2.0498e+02
2.0619e+02
2.0718e+02
2.0800e+02
2.0869e+02
2.0928e+02
2.0976e+02
2.1013e+02
2.1037e+02
2.1042e+02
2.1026e+02
2.0983e+02
2.0913e+02
2.0813e+02
2.0683e+02
2.0526e+02
2.0346e+02
2.0150e+02
1.9942e+02
1.9731e+02
1.9521e+02
1.9320e+02
1.9133e+02
1.8963e+02
1.8813e+02
1.8683e+02
1.8573e+02
1.8483e+02
1.8414e+02
1.8363e+02
1.8332e+02
1.8323e+02
1.8335e+02
1.8368e+02
1.8421e+02
1.8493e+02
1.8584e+02
1.8693e+02
1.8820e+02
1.8969e+02
1.9142e+02
1.9343e+02
1.9581e+02
1.9859e+02
2.0180e+02
2.0544e+02
2.0948e+02
2.1379e+02
2.1822e+02
2.2258e+02
2.2662e+02
2.3008e+02
2.3272e+02
2.3433e+02
2.3477e+02
2.3398e+02
2.3201e+02
2.2897e+02
2.2505e+02
2.2049e+02
2.1557e+02
2.1055e+02
2.0570e+02
2.0124e+02
1.9739e+02
1.9428e+02
1.9200e+02
1.9061e+02
1.9010e+02
1.9044e+02
1.9158e+02
1.9342e+02
1.9585e+02
1.9871e+02
2.0180e+02
2.0492e+02
2.0785e+02
2.1037e+02
2.1226e+02
2.1336e+02
2.1352e+02
2.1266e+02
2.1076e+02
2.0788e+02
2.0413e+02
1.9967e+02
1.9469e+02
1.8939e+02
1.8398e+02
1.7865e+02
1.7355e+02
1.6882e+02
1.6454e+02
1.6077e+02
1.5750e+02
1.5471e+02
1.5240e+02
1.5055e+02
1.4915e+02
1.4819e+02
1.4770e+02
1.4770e+02
1.4821e+02
1.4923e+02
1.5083e+02
1.5300e+02
1.5573e+02
1.5894e+02
1.6258e+02
1.6654e+02
1.7069e+02
1.7489e+02
1.7899e+02
1.8286e+02
1.8641e+02
1.8960e+02
1.9241e+02
1.9489e+02
1.9711e+02
1.9917e+02
2.0122e+02
2.0337e+02
2.0574e+02
2.0844e+02
2.1156e+02
2.1517e+02
2.1930e+02
2.2391e+02
2.2896e+02
2.3437e+02
2.4006e+02
2.4590e+02
2.5179e+02
2.5757e+02
2.6310e+02
2.6821e+02
2.7274e+02
2.7655e+02
2.7950e+02
2.8152e+02
2.8253e+02
2.8254e+02
2.8160e+02
2.7984e+02
2.7741e+02
2.7448e+02
2.7124e+02
2.6784e+02
2.6445e+02
2.6120e+02
2.5816e+02
2.5537e+02
2.5285e+02
2.5060e+02
2.4860e+02
2.4683e+02
2.4527e+02
2.4394e+02
2.4288e+02
2.4215e+02
2.4184e+02
2.4203e+02
2.4274e+02
2.4404e+02
2.4593e+02
2.4841e+02
2.5143e+02
2.5492e+02
2.5879e+02
2.6295e+02
2.6726e+02
2.7164e+02
2.7594e+02
2.8005e+02
2.8385e+02
2.8721e+02
2.9004e+02
2.9219e+02
2.9352e+02
2.9391e+02
2.9325e+02
2.9144e+02
2.8835e+02
2.8394e+02
2.7814e+02
2.7094e+02
2.6237e+02
2.5250e+02
2.4143e+02
2.2930e+02
2.1629e+02
2.0262e+02
1.8852e+02
1.7425e+02
1.6012e+02
1.4644e+02
1.3354e+02
1.2174e+02
1.1137e+02
1.0269e+02
9.5935e+01
9.1271e+01
8.8771e+01
8.8433e+01
9.0157e+01
9.3726e+01
9.8841e+01
1.0515e+02
1.1224e+02
1.1972e+02
1.2716e+02
1.3423e+02
1.4064e+02
1.4622e+02
1.5090e+02
1.5468e+02
1.5765e+02
1.5994e+02
1.6170e+02
1.6313e+02
1.6438e+02
1.6556e+02
1.6674e+02
1.6791e+02
1.6906e+02
1.7009e+02
1.7090e+02
1.7136e+02
1.7140e+02
1.7094e+02
1.6996e+02
1.6847e+02
1.6655e+02
1.6430e+02
1.6186e+02
1.5937e+02
1.5701e+02
1.5493e+02
1.5324e+02
1.5205e+02
1.5139e+02
1.5128e+02
1.5168e+02
1.5253e+02
1.5372e+02
1.5513e+02
1.5663e+02
1.5809e+02
1.5940e+02
1.6043e+02
1.6112e+02
1.6141e+02
1.6127e+02
1.6068e+02
1.5967e+02
1.5829e+02
1.5663e+02
1.5477e+02
1.5281e+02
1.5087e+02
1.4910e+02
1.4764e+02
1.4663e+02
1.4620e+02
1.4645e+02
1.4746e+02
1.4928e+02
1.5193e+02
1.5540e+02
1.5961e+02
1.6446e+02
1.6980e+02
1.7545e+02
1.8121e+02
1.8687e+02
1.9224e+02
1.9713e+02
2.0140e+02
2.0494e+02
2.0768e+02
2.0961e+02
2.1078e+02
2.1125e+02
2.1114e+02
2.1061e+02
2.0978e+02
2.0881e+02
2.0782e+02
2.0692e+02
2.0619e+02
2.0570e+02
2.0546e+02
2.0543e+02
2.0559e+02
2.0590e+02
2.0630e+02
2.0676e+02
2.0720e+02
2.0758e+02
2.0786e+02
2.0802e+02
2.0805e+02
2.0795e+02
2.0772e+02
2.0736e+02
2.0688e+02
2.0630e+02
2.0561e+02
2.0481e+02
2.0393e+02
2.0297e+02
2.0192e+02
2.0080e+02
1.9961e+02
1.9836e+02
1.9706e+02
1.9572e+02
1.9434e+02
1.9295e+02
1.9155e+02
1.9016e+02
1.8877e+02
1.8740e+02
1.8606e+02
1.8475e+02
1.8346e+02
1.8218e+02
1.8090e+02
1.7961e+02
1.7829e+02
1.7694e+02
1.7556e+02
1.7417e+02
1.7278e+02
1.7144e+02
1.7019e+02
1.6908e+02
1.6816e+02
1.6748e+02
1.6705e+02
1.6690e+02
1.6706e+02
1.6756e+02
1.6840e+02
1.6963e+02
1.7125e+02
1.7330e+02
1.7579e+02
1.7875e+02
1.8216e+02
1.8599e+02
1.9016e+02
1.9452e+02
1.9888e+02
2.0297e+02
2.0650e+02
2.0921e+02
2.1085e+02
2.1119e+02
2.1012e+02
2.0762e+02
2.0376e+02
1.9871e+02
1.9276e+02
1.8627e+02
1.7961e+02
1.7317e+02
1.6729e+02
1.6225e+02
1.5823e+02
1.5532e+02
1.5349e+02
1.5261e+02
1.5249e+02
1.5291e+02
1.5362e+02
1.5440e+02
1.5505e+02
1.5545e+02
1.5550e+02
1.5518e+02
1.5450e+02
1.5350e+02
1.5222e+02
1.5070e+02
1.4895e+02
1.4698e+02
1.4478e+02
1.4229e+02
1.3945e+02
1.3624e+02
1.3262e+02
1.2861e+02
1.2428e+02
1.1972e+02
1.1509e+02
1.1053e+02
1.0622e+02
1.0231e+02
9.8918e+01
9.6149e+01
9.4036e+01
9.2589e+01
9.1782e+01
9.1555e+01
9.1821e+01
9.2510e+01
9.3572e+01
9.4972e+01
9.6690e+01
9.8733e+01
1.0111e+02
1.0381e+02
1.0683e+02
1.1015e+02
1.1373e+02
1.1748e+02
1.2130e+02
1.2504e+02
1.2857e+02
1.3176e+02
1.3448e+02
1.3666e+02
1.3825e+02
1.3924e+02
1.3969e+02
1.3965e+02
1.3923e+02
1.3854e+02
1.3773e+02
1.3693e+02
1.3628e+02
1.3587e+02
1.3578e+02
1.3604e+02
1.3666e+02
1.3762e+02
1.3885e+02
1.4029e+02
1.4186e+02
1.4347e+02
1.4504e+02
1.4651e+02
1.4786e+02
1.4907e+02
1.5017e+02
1.5118e+02
1.5217e+02
1.5320e+02
1.5434e+02
1.5561e+02
1.5706e+02
1.5869e+02
1.6047e+02
1.6238e+02
1.6435e+02
1.6630e+02
1.6817e+02
1.6988e+02
1.7141e+02
1.7272e+02
1.7379e+02
1.7463e+02
1.7528e+02
1.7577e+02
1.7613e+02
1.7642e+02
1.7665e+02
1.7685e+02
1.7703e+02
1.7721e+02
1.7739e+02
1.7760e+02
1.7784e+02
1.7815e+02
1.7856e+02
1.7911e+02
1.7985e+02
1.8081e+02
1.8200e+02
1.8341e+02
1.8501e+02
1.8674e+02
1.8850e+02
1.9020e+02
1.9172e+02
1.9295e+02
1.9377e+02
1.9411e+02
1.9391e+02
1.9313e+02
1.9175e+02
1.8979e+02
1.8729e+02
1.8428e+02
1.8082e+02
1.7696e+02
1.7278e+02
1.6832e+02
1.6365e+02
1.5883e+02
1.5393e+02
1.4902e+02
1.4419e+02
1.3952e+02
1.3510e+02
1.3102e+02
1.2734e+02
1.2414e+02
1.2146e+02
1.1933e+02
1.1774e+02
1.1665e+02
1.1603e+02
1.1583e+02
1.1597e+02
1.1637e+02
1.1698e+02
1.1775e+02
1.1862e+02
1.1957e+02
1.2059e+02
1.2168e+02
1.2282e+02
1.2402e+02
1.2527e+02
1.2655e+02
1.2781e+02
1.2905e+02
1.3021e+02
1.3123e+02
1.3209e+02
1.3274e+02
1.3318e+02
1.3337e+02
1.3333e+02
1.3310e+02
1.3272e+02
1.3222e+02
1.3166e+02
1.3113e+02
1.3068e+02
1.3040e+02
1.3035e+02
1.3057e+02
1.3111e+02
1.3202e+02
1.3332e+02
1.3502e+02
1.3712e+02
1.3967e+02
1.4270e+02
1.4625e+02
1.5038e+02
1.5515e+02
1.6063e+02
1.6687e+02
1.7390e+02
1.8172e+02
1.9028e+02
1.9947e+02
2.0916e+02
2.1913e+02
2.2913e+02
2.3887e+02
2.4805e+02
2.5639e+02
2.6364e+02
2.6959e+02
2.7411e+02
2.7713e+02
2.7866e+02
2.7877e+02
2.7760e+02
2.7537e+02
2.7232e+02
2.6871e+02
2.6481e+02
2.6087e+02
2.5713e+02
2.5378e+02
2.5097e+02
2.4875e+02
2.4714e+02
2.4611e+02
2.4559e+02
2.4547e+02
2.4564e+02
2.4599e+02
2.4639e+02
2.4675e+02
2.4699e+02
2.4706e+02
2.4695e+02
2.4663e+02
2.4613e+02
2.4549e+02
2.4474e+02
2.4389e+02
2.4296e+02
2.4199e+02
2.4101e+02
2.4002e+02
2.3906e+02
2.3814e+02
2.3726e+02
2.3645e+02
2.3574e+02
2.3513e+02
2.3465e+02
2.3430e+02
2.3410e+02
2.3406e+02
2.3417e+02
2.3445e+02
2.3485e+02
2.3532e+02
2.3574e+02
2.3601e+02
2.3597e+02
2.3547e+02
2.3435e+02
2.3245e+02
2.2967e+02
2.2590e+02
2.2102e+02
2.1495e+02
2.0767e+02
1.9919e+02
1.8951e+02
1.7871e+02
1.6684e+02
1.5400e+02
1.4032e+02
1.2599e+02
1.1122e+02
9.6286e+01
8.1475e+01
6.7114e+01
5.3522e+01
4.1013e+01
2.9882e+01
2.0360e+01
1.2608e+01
6.7202e+00
2.6982e+00
4.8739e-01
0000
1.1069e+00
3.6466e+00
7.4362e+00
1.2284e+01
1.7997e+01
2.4377e+01
3.1202e+01
3.8276e+01
4.5441e+01
5.2535e+01
5.9402e+01
6.5910e+01
7.1956e+01
7.7464e+01
8.2408e+01
8.6804e+01
9.0691e+01
9.4114e+01
9.7143e+01
9.9853e+01
1.0230e+02
1.0451e+02
1.0654e+02
1.0841e+02
1.1013e+02
1.1165e+02
1.1291e+02
1.1379e+02
1.1413e+02
1.1379e+02
1.1262e+02
1.1045e+02
1.0716e+02
1.0269e+02
9.7046e+01
9.0348e+01
8.2797e+01
7.4690e+01
6.6372e+01
5.8236e+01
5.0680e+01
4.4049e+01
3.8600e+01
3.4509e+01
3.1842e+01
3.0542e+01
3.0453e+01
3.1369e+01
3.3080e+01
3.5399e+01
3.8181e+01
4.1371e+01
4.4983e+01
4.9095e+01
5.3845e+01
5.9387e+01
6.5850e+01
7.3342e+01
8.1919e+01
9.1535e+01
1.0204e+02
1.1317e+02
1.2463e+02
1.3608e+02
1.4719e+02
1.5762e+02
1.6706e+02
1.7524e+02
1.8193e+02
1.8701e+02
1.9040e+02
1.9207e+02
1.9203e+02
1.9035e+02
1.8712e+02
1.8250e+02
1.7668e+02
1.6991e+02
1.6247e+02
1.5465e+02
1.4677e+02
1.3913e+02
1.3202e+02
1.2570e+02
1.2035e+02
1.1612e+02
1.1302e+02
1.1105e+02
1.1012e+02
1.1006e+02
1.1067e+02
1.1174e+02
1.1309e+02
1.1451e+02
1.1584e+02
1.1691e+02
1.1764e+02
1.1801e+02
1.1801e+02
1.1769e+02
1.1707e+02
1.1621e+02
1.1521e+02
1.1414e+02
1.1308e+02
1.1211e+02
1.1129e+02
1.1065e+02
1.1025e+02
1.1011e+02
1.1023e+02
1.1061e+02
1.1124e+02
1.1208e+02
1.1308e+02
1.1420e+02
1.1537e+02
1.1653e+02
1.1760e+02
1.1854e+02
1.1928e+02
1.1980e+02
1.2008e+02
1.2013e+02
1.1994e+02
1.1954e+02
1.1897e+02
1.1827e+02
1.1746e+02
1.1658e+02
1.1567e+02
1.1478e+02
1.1394e+02
1.1316e+02
1.1248e+02
1.1192e+02
1.1151e+02
1.1125e+02
1.1118e+02
1.1127e+02
1.1152e+02
1.1190e+02
1.1236e+02
1.1288e+02
1.1342e+02
1.1399e+02
1.1460e+02
1.1530e+02
1.1615e+02
1.1725e+02
1.1871e+02
1.2066e+02
1.2318e+02
1.2633e+02
1.3013e+02
1.3455e+02
1.3949e+02
1.4472e+02
1.5003e+02
1.5513e+02
1.5973e+02
1.6352e+02
1.6626e+02
1.6774e+02
1.6785e+02
1.6657e+02
1.6394e+02
1.6012e+02
1.5532e+02
1.4983e+02
1.4396e+02
1.3800e+02
1.3227e+02
1.2702e+02
1.2246e+02
1.1873e+02
1.1589e+02
1.1396e+02
1.1290e+02
1.1261e+02
1.1300e+02
1.1392e+02
1.1520e+02
1.1671e+02
1.1832e+02
1.1992e+02
1.2140e+02
1.2271e+02
1.2382e+02
1.2471e+02
1.2539e+02
1.2588e+02
1.2619e+02
1.2636e+02
1.2641e+02
1.2635e+02
1.2621e+02
1.2603e+02
1.2582e+02
1.2563e+02
1.2550e+02
1.2549e+02
1.2564e+02
1.2604e+02
1.2671e+02
1.2770e+02
1.2901e+02
1.3062e+02
1.3247e+02
1.3447e+02
1.3649e+02
1.3843e+02
1.4016e+02
1.4159e+02
1.4266e+02
1.4335e+02
1.4365e+02
1.4363e+02
1.4337e+02
1.4301e+02
1.4263e+02
1.4234e+02
1.4219e+02
1.4222e+02
1.4240e+02
1.4267e+02
1.4295e+02
1.4316e+02
1.4318e+02
1.4296e+02
1.4242e+02
1.4158e+02
1.4045e+02
1.3910e+02
1.3763e+02
1.3617e+02
1.3483e+02
1.3375e+02
1.3302e+02
1.3270e+02
1.3284e+02
1.3344e+02
1.3448e+02
1.3590e+02
1.3766e+02
1.3967e+02
1.4186e+02
1.4420e+02
1.4661e+02
1.4905e+02
1.5149e+02
1.5389e+02
1.5622e+02
1.5842e+02
1.6048e+02
1.6239e+02
1.6411e+02
1.6562e+02
1.6690e+02
1.6798e+02
1.6886e+02
1.6957e+02
1.7016e+02
1.7067e+02
1.7114e+02
1.7162e+02
1.7215e+02
1.7273e+02
1.7339e+02
1.7410e+02
1.7484e+02
1.7559e+02
1.7632e+02
1.7699e+02
1.7756e+02
1.7802e+02
1.7834e+02
1.7854e+02
1.7863e+02
1.7864e+02
1.7858e+02
1.7849e+02
1.7839e+02
1.7829e+02
1.7819e+02
1.7804e+02
1.7778e+02
1.7737e+02
1.7673e+02
1.7578e+02
1.7444e+02
1.7269e+02
1.7054e+02
1.6809e+02
1.6547e+02
1.6290e+02
1.6063e+02
1.5893e+02
1.5810e+02
1.5840e+02
1.6006e+02
1.6318e+02
1.6779e+02
1.7381e+02
1.8105e+02
1.8921e+02
1.9794e+02
2.0687e+02
2.1560e+02
2.2377e+02
2.3111e+02
2.3739e+02
2.4249e+02
2.4642e+02
2.4926e+02
2.5116e+02
2.5231e+02
2.5293e+02
2.5323e+02
2.5338e+02
2.5355e+02
2.5386e+02
2.5437e+02
2.5508e+02
2.5594e+02
2.5691e+02
2.5792e+02
2.5889e+02
2.5978e+02
2.6055e+02
2.6119e+02
2.6172e+02
2.6215e+02
2.6253e+02
2.6291e+02
2.6334e+02
2.6382e+02
2.6434e+02
2.6485e+02
2.6528e+02
2.6553e+02
2.6550e+02
2.6510e+02
2.6422e+02
2.6281e+02
2.6081e+02
2.5825e+02
2.5515e+02
2.5163e+02
2.4782e+02
2.4383e+02
2.3983e+02
2.3595e+02
2.3232e+02
2.2906e+02
2.2625e+02
2.2392e+02
2.2211e+02
2.2082e+02
2.2002e+02
2.1967e+02
2.1973e+02
2.2013e+02
2.2082e+02
2.2173e+02
2.2279e+02
2.2391e+02
2.2502e+02
2.2604e+02
2.2690e+02
2.2761e+02
2.2816e+02
2.2860e+02
2.2902e+02
2.2955e+02
2.3036e+02
2.3165e+02
2.3361e+02
2.3640e+02
2.4013e+02
2.4485e+02
2.5053e+02
2.5706e+02
2.6427e+02
2.7192e+02
2.7973e+02
2.8741e+02
2.9465e+02
3.0114e+02
3.0661e+02
3.1085e+02
3.1365e+02
3.1489e+02
3.1447e+02
3.1235e+02
3.0852e+02
3.0304e+02
2.9604e+02
2.8770e+02
2.7829e+02
2.6813e+02
2.5754e+02
2.4689e+02
2.3653e+02
2.2679e+02
2.1796e+02
2.1023e+02
2.0372e+02
1.9847e+02
1.9443e+02
1.9151e+02
1.8955e+02
1.8840e+02
1.8786e+02
1.8780e+02
1.8806e+02
1.8855e+02
1.8915e+02
1.8983e+02
1.9057e+02
1.9133e+02
1.9209e+02
1.9284e+02
1.9356e+02
1.9420e+02
1.9476e+02
1.9521e+02
1.9553e+02
1.9571e+02
1.9574e+02
1.9563e+02
1.9539e+02
1.9503e+02
1.9459e+02
1.9407e+02
1.9349e+02
1.9285e+02
1.9217e+02
1.9142e+02
1.9062e+02
1.8974e+02
1.8879e+02
1.8776e+02
1.8666e+02
1.8552e+02
1.8432e+02
1.8311e+02
1.8192e+02
1.8078e+02
1.7970e+02
1.7870e+02
1.7781e+02
1.7700e+02
1.7626e+02
1.7556e+02
1.7490e+02
1.7424e+02
1.7357e+02
1.7285e+02
1.7207e+02
1.7120e+02
1.7022e+02
1.6912e+02
1.6788e+02
1.6651e+02
1.6502e+02
1.6347e+02
1.6190e+02
1.6038e+02
1.5899e+02
1.5785e+02
1.5706e+02
1.5670e+02
1.5686e+02
1.5758e+02
1.5886e+02
1.6063e+02
1.6280e+02
1.6521e+02
1.6769e+02
1.7005e+02
1.7211e+02
1.7372e+02
1.7476e+02
1.7518e+02
1.7498e+02
1.7421e+02
1.7297e+02
1.7142e+02
1.6973e+02
1.6807e+02
1.6659e+02
1.6544e+02
1.6474e+02
1.6455e+02
1.6487e+02
1.6568e+02
1.6691e+02
1.6849e+02
1.7030e+02
1.7223e+02
1.7418e+02
1.7602e+02
1.7766e+02
1.7903e+02
1.8006e+02
1.8074e+02
1.8108e+02
1.8108e+02
1.8072e+02
1.8004e+02
1.7901e+02
1.7763e+02
1.7588e+02
1.7374e+02
1.7119e+02
1.6819e+02
1.6478e+02
1.6100e+02
1.5689e+02
1.5254e+02
1.4809e+02
1.4368e+02
1.3942e+02
1.3544e+02
1.3183e+02
1.2868e+02
1.2600e+02
1.2383e+02
1.2222e+02
1.2119e+02
1.2074e+02
1.2093e+02
1.2182e+02
1.2349e+02
1.2600e+02
1.2940e+02
1.3372e+02
1.3894e+02
1.4504e+02
1.5192e+02
1.5948e+02
1.6758e+02
1.7611e+02
1.8494e+02
1.9397e+02
2.0313e+02
2.1240e+02
2.2174e+02
2.3112e+02
2.4051e+02
2.4988e+02
2.5915e+02
2.6819e+02
2.7680e+02
2.8474e+02
2.9170e+02
2.9741e+02
3.0156e+02
3.0387e+02
3.0405e+02
3.0192e+02
2.9741e+02
2.9054e+02
2.8141e+02
2.7033e+02
2.5771e+02
2.4407e+02
2.3001e+02
2.1613e+02
2.0307e+02
1.9138e+02
1.8154e+02
1.7388e+02
1.6856e+02
1.6561e+02
1.6488e+02
1.6609e+02
1.6885e+02
1.7273e+02
1.7730e+02
1.8213e+02
1.8681e+02
1.9101e+02
1.9444e+02
1.9692e+02
1.9836e+02
1.9872e+02
1.9796e+02
1.9612e+02
1.9326e+02
1.8947e+02
1.8489e+02
1.7967e+02
1.7401e+02
1.6813e+02
1.6225e+02
1.5661e+02
1.5141e+02
1.4682e+02
1.4297e+02
1.3993e+02
1.3773e+02
1.3632e+02
1.3558e+02
1.3532e+02
1.3536e+02
1.3547e+02
1.3544e+02
1.3507e+02
1.3419e+02
1.3269e+02
1.3053e+02
1.2770e+02
1.2435e+02
1.2066e+02
1.1691e+02
1.1336e+02
1.1033e+02
1.0814e+02
1.0704e+02
1.0723e+02
1.0884e+02
1.1185e+02
1.1615e+02
1.2153e+02
1.2771e+02
1.3430e+02
1.4093e+02
1.4724e+02
1.5292e+02
1.5773e+02
1.6155e+02
1.6432e+02
1.6609e+02
1.6699e+02
1.6723e+02
1.6702e+02
1.6657e+02
1.6607e+02
1.6569e+02
1.6553e+02
1.6564e+02
1.6602e+02
1.6663e+02
1.6737e+02
1.6812e+02
1.6879e+02
1.6931e+02
1.6962e+02
1.6969e+02
1.6957e+02
1.6928e+02
1.6894e+02
1.6875e+02
1.6895e+02
1.6978e+02
1.7151e+02
1.7439e+02
1.7868e+02
1.8455e+02
1.9211e+02
2.0138e+02
2.1229e+02
2.2462e+02
2.3809e+02
2.5231e+02
2.6685e+02
