2.8437e+02
2.8124e+02
2.7842e+02
2.7601e+02
2.7400e+02
2.7232e+02
2.7082e+02
2.6932e+02
2.6760e+02
2.6543e+02
2.6257e+02
2.5882e+02
2.5407e+02
2.4826e+02
2.4146e+02
2.3384e+02
2.2566e+02
2.1727e+02
2.0906e+02
2.0146e+02
1.9486e+02
1.8961e+02
1.8595e+02
1.8408e+02
1.8403e+02
1.8575e+02
1.8913e+02
1.9396e+02
1.9999e+02
2.0696e+02
2.1464e+02
2.2278e+02
2.3122e+02
2.3978e+02
2.4834e+02
2.5682e+02
2.6517e+02
2.7335e+02
2.8130e+02
2.8895e+02
2.9624e+02
3.0310e+02
3.0946e+02
3.1525e+02
3.2041e+02
3.2489e+02
3.2864e+02
3.3163e+02
3.3386e+02
3.3537e+02
3.3619e+02
3.3634e+02
3.3588e+02
3.3486e+02
3.3334e+02
3.3139e+02
3.2905e+02
3.2640e+02
3.2345e+02
3.2025e+02
3.1684e+02
3.1322e+02
3.0943e+02
3.0547e+02
3.0136e+02
2.9710e+02
2.9271e+02
2.8822e+02
2.8367e+02
2.7912e+02
2.7464e+02
2.7028e+02
2.6614e+02
2.6227e+02
2.5877e+02
2.5570e+02
2.5312e+02
2.5109e+02
2.4964e+02
2.4878e+02
2.4851e+02
2.4882e+02
2.4969e+02
2.5113e+02
2.5314e+02
2.5571e+02
2.5887e+02
2.6264e+02
2.6702e+02
2.7203e+02
2.7767e+02
2.8389e+02
2.9064e+02
2.9785e+02
3.0543e+02
3.1324e+02
3.2119e+02
3.2915e+02
3.3702e+02
3.4473e+02
3.5223e+02
3.5949e+02
3.6652e+02
3.7332e+02
3.7993e+02
3.8636e+02
3.9263e+02
3.9878e+02
4.0479e+02
4.1066e+02
4.1641e+02
4.2201e+02
4.2746e+02
4.3269e+02
4.3757e+02
4.4193e+02
4.4557e+02
4.4825e+02
4.4966e+02
4.4946e+02
4.4730e+02
4.4284e+02
4.3582e+02
4.2611e+02
4.1367e+02
3.9864e+02
3.8129e+02
3.6208e+02
3.4155e+02
3.2034e+02
2.9913e+02
2.7860e+02
2.5937e+02
2.4198e+02
2.2681e+02
2.1414e+02
2.0408e+02
1.9665e+02
1.9171e+02
1.8907e+02
1.8847e+02
1.8959e+02
1.9211e+02
1.9571e+02
2.0012e+02
2.0513e+02
2.1054e+02
2.1619e+02
2.2193e+02
2.2760e+02
2.3307e+02
2.3822e+02
2.4293e+02
2.4705e+02
2.5044e+02
2.5299e+02
2.5458e+02
2.5514e+02
2.5467e+02
2.5319e+02
2.5083e+02
2.4778e+02
2.4428e+02
2.4060e+02
2.3703e+02
2.3384e+02
2.3132e+02
2.2966e+02
2.2902e+02
2.2949e+02
2.3109e+02
2.3382e+02
2.3761e+02
2.4239e+02
2.4807e+02
2.5454e+02
2.6172e+02
2.6952e+02
2.7781e+02
2.8649e+02
2.9545e+02
3.0460e+02
3.1380e+02
3.2294e+02
3.3190e+02
3.4055e+02
3.4880e+02
3.5656e+02
3.6379e+02
3.7049e+02
3.7665e+02
3.8233e+02
3.8756e+02
3.9240e+02
3.9692e+02
4.0118e+02
4.0521e+02
4.0901e+02
4.1252e+02
4.1565e+02
4.1827e+02
4.2025e+02
4.2142e+02
4.2161e+02
4.2068e+02
4.1853e+02
4.1512e+02
4.1046e+02
4.0469e+02
3.9798e+02
3.9058e+02
3.8278e+02
3.7488e+02
3.6716e+02
3.5988e+02
3.5322e+02
3.4733e+02
3.4229e+02
3.3814e+02
3.3486e+02
3.3244e+02
3.3081e+02
3.2994e+02
3.2980e+02
3.3037e+02
3.3162e+02
3.3351e+02
3.3600e+02
3.3900e+02
3.4243e+02
3.4617e+02
3.5004e+02
3.5386e+02
3.5743e+02
3.6054e+02
3.6299e+02
3.6459e+02
3.6520e+02
3.6470e+02
3.6302e+02
3.6011e+02
3.5599e+02
3.5073e+02
3.4444e+02
3.3731e+02
3.2954e+02
3.2144e+02
3.1328e+02
3.0535e+02
2.9792e+02
2.9122e+02
2.8546e+02
2.8075e+02
2.7716e+02
2.7463e+02
2.7309e+02
2.7238e+02
2.7231e+02
2.7269e+02
2.7332e+02
2.7400e+02
2.7458e+02
2.7493e+02
2.7498e+02
2.7466e+02
2.7397e+02
2.7293e+02
2.7159e+02
2.7001e+02
2.6824e+02
2.6632e+02
2.6434e+02
2.6235e+02
2.6043e+02
2.5864e+02
2.5705e+02
2.5580e+02
2.5501e+02
2.5485e+02
2.5549e+02
2.5712e+02
2.5991e+02
2.6404e+02
2.6963e+02
2.7674e+02
2.8539e+02
2.9549e+02
3.0689e+02
3.1933e+02
3.3252e+02
3.4613e+02
3.5980e+02
3.7321e+02
3.8606e+02
3.9811e+02
4.0918e+02
4.1908e+02
4.2764e+02
4.3470e+02
4.4010e+02
4.4368e+02
4.4529e+02
4.4474e+02
4.4188e+02
4.3666e+02
4.2909e+02
4.1934e+02
4.0768e+02
3.9451e+02
3.8040e+02
3.6599e+02
3.5195e+02
3.3895e+02
3.2754e+02
3.1819e+02
3.1120e+02
3.0667e+02
3.0453e+02
3.0453e+02
3.0637e+02
3.0962e+02
3.1385e+02
3.1868e+02
3.2378e+02
3.2889e+02
3.3385e+02
3.3858e+02
3.4313e+02
3.4759e+02
3.5203e+02
3.5656e+02
3.6120e+02
3.6596e+02
3.7079e+02
3.7563e+02
3.8040e+02
3.8501e+02
3.8940e+02
3.9352e+02
3.9737e+02
4.0099e+02
4.0443e+02
4.0779e+02
4.1115e+02
4.1457e+02
4.1810e+02
4.2173e+02
4.2541e+02
4.2908e+02
4.3263e+02
4.3595e+02
4.3895e+02
4.4153e+02
4.4363e+02
4.4524e+02
4.4635e+02
4.4700e+02
4.4721e+02
4.4692e+02
4.4607e+02
4.4456e+02
4.4223e+02
4.3891e+02
4.3443e+02
4.2859e+02
4.2126e+02
4.1235e+02
4.0189e+02
3.9000e+02
3.7694e+02
3.6306e+02
3.4877e+02
3.3455e+02
3.2087e+02
3.0816e+02
2.9680e+02
2.8703e+02
2.7898e+02
2.7263e+02
2.6782e+02
2.6431e+02
2.6180e+02
2.5990e+02
2.5826e+02
2.5655e+02
2.5458e+02
2.5230e+02
2.4975e+02
2.4714e+02
2.4480e+02
2.4315e+02
2.4267e+02
2.4384e+02
2.4705e+02
2.5260e+02
2.6065e+02
2.7120e+02
2.8407e+02
2.9890e+02
3.1524e+02
3.3251e+02
3.5010e+02
3.6743e+02
3.8391e+02
3.9905e+02
4.1245e+02
4.2382e+02
4.3300e+02
4.3991e+02
4.4459e+02
4.4715e+02
4.4774e+02
4.4659e+02
4.4398e+02
4.4020e+02
4.3562e+02
4.3055e+02
4.2527e+02
4.2006e+02
4.1514e+02
4.1071e+02
4.0688e+02
4.0371e+02
4.0116e+02
3.9911e+02
3.9736e+02
3.9570e+02
3.9387e+02
3.9164e+02
3.8874e+02
3.8498e+02
3.8017e+02
3.7424e+02
3.6721e+02
3.5923e+02
3.5053e+02
3.4147e+02
3.3244e+02
3.2390e+02
3.1631e+02
3.1009e+02
3.0556e+02
3.0283e+02
3.0178e+02
3.0206e+02
3.0320e+02
3.0452e+02
3.0530e+02
3.0478e+02
3.0229e+02
2.9733e+02
2.8963e+02
2.7923e+02
2.6643e+02
2.5182e+02
2.3623e+02
2.2062e+02
2.0595e+02
1.9311e+02
1.8283e+02
1.7562e+02
1.7176e+02
1.7124e+02
1.7385e+02
1.7916e+02
1.8662e+02
1.9564e+02
2.0563e+02
2.1609e+02
2.2657e+02
2.3675e+02
2.4641e+02
2.5541e+02
2.6375e+02
2.7151e+02
2.7881e+02
2.8575e+02
2.9242e+02
2.9892e+02
3.0530e+02
3.1162e+02
3.1792e+02
3.2419e+02
3.3043e+02
3.3662e+02
3.4270e+02
3.4865e+02
3.5442e+02
3.5997e+02
3.6532e+02
3.7047e+02
3.7543e+02
3.8024e+02
3.8493e+02
3.8953e+02
3.9409e+02
3.9861e+02
4.0308e+02
4.0747e+02
4.1175e+02
4.1585e+02
4.1972e+02
4.2327e+02
4.2643e+02
4.2915e+02
4.3139e+02
4.3316e+02
4.3446e+02
4.3536e+02
4.3594e+02
4.3629e+02
4.3652e+02
4.3674e+02
4.3702e+02
4.3744e+02
4.3803e+02
4.3877e+02
4.3965e+02
4.4060e+02
4.4153e+02
4.4237e+02
4.4303e+02
4.4345e+02
4.4358e+02
4.4334e+02
4.4263e+02
4.4132e+02
4.3922e+02
4.3614e+02
4.3190e+02
4.2634e+02
4.1931e+02
4.1073e+02
4.0063e+02
3.8921e+02
3.7674e+02
3.6369e+02
3.5057e+02
3.3799e+02
3.2652e+02
3.1668e+02
3.0884e+02
3.0324e+02
2.9995e+02
2.9889e+02
2.9982e+02
3.0242e+02
3.0635e+02
3.1122e+02
3.1675e+02
3.2271e+02
3.2890e+02
3.3523e+02
3.4162e+02
3.4799e+02
3.5429e+02
3.6043e+02
3.6632e+02
3.7184e+02
3.7685e+02
3.8114e+02
3.8454e+02
3.8693e+02
3.8823e+02
3.8841e+02
3.8750e+02
3.8557e+02
3.8268e+02
3.7889e+02
3.7428e+02
3.6894e+02
3.6296e+02
3.5646e+02
3.4956e+02
3.4238e+02
3.3507e+02
3.2780e+02
3.2076e+02
3.1414e+02
3.0811e+02
3.0283e+02
2.9841e+02
2.9492e+02
2.9238e+02
2.9075e+02
2.8997e+02
2.8991e+02
2.9042e+02
2.9138e+02
2.9262e+02
2.9405e+02
2.9560e+02
2.9725e+02
2.9903e+02
3.0097e+02
3.0315e+02
3.0563e+02
3.0850e+02
3.1180e+02
3.1555e+02
3.1974e+02
3.2430e+02
3.2911e+02
3.3400e+02
3.3878e+02
3.4325e+02
3.4721e+02
3.5046e+02
3.5287e+02
3.5435e+02
3.5485e+02
3.5438e+02
3.5299e+02
3.5082e+02
3.4805e+02
3.4486e+02
3.4149e+02
3.3816e+02
3.3509e+02
3.3249e+02
3.3052e+02
3.2930e+02
3.2891e+02
3.2937e+02
3.3065e+02
3.3268e+02
3.3534e+02
3.3847e+02
3.4191e+02
3.4547e+02
3.4899e+02
3.5229e+02
3.5524e+02
3.5775e+02
3.5976e+02
3.6124e+02
3.6221e+02
3.6270e+02
3.6276e+02
3.6247e+02
3.6187e+02
3.6099e+02
3.5981e+02
3.5831e+02
3.5637e+02
3.5389e+02
3.5073e+02
3.4676e+02
3.4187e+02
3.3600e+02
3.2913e+02
3.2134e+02
3.1279e+02
3.0376e+02
2.9460e+02
2.8571e+02
2.7752e+02
2.7047e+02
2.6493e+02
2.6122e+02
2.5953e+02
2.5989e+02
2.6223e+02
2.6631e+02
2.7179e+02
2.7821e+02
2.8510e+02
2.9199e+02
2.9843e+02
3.0408e+02
3.0864e+02
3.1200e+02
3.1414e+02
3.1517e+02
3.1529e+02
3.1476e+02
3.1384e+02
3.1279e+02
3.1185e+02
3.1116e+02
3.1085e+02
3.1096e+02
3.1151e+02
3.1247e+02
3.1376e+02
3.1532e+02
3.1712e+02
3.1913e+02
3.2137e+02
3.2384e+02
3.2657e+02
3.2958e+02
3.3291e+02
3.3655e+02
3.4050e+02
3.4470e+02
3.4908e+02
3.5356e+02
3.5803e+02
3.6241e+02
3.6658e+02
3.7046e+02
3.7398e+02
3.7706e+02
3.7965e+02
3.8172e+02
3.8321e+02
3.8406e+02
3.8419e+02
3.8354e+02
3.8204e+02
3.7963e+02
3.7622e+02
3.7177e+02
3.6627e+02
3.5977e+02
3.5235e+02
3.4420e+02
3.3553e+02
3.2659e+02
3.1768e+02
3.0909e+02
3.0109e+02
2.9394e+02
2.8782e+02
2.8288e+02
2.7918e+02
2.7676e+02
2.7556e+02
2.7554e+02
2.7660e+02
2.7866e+02
2.8162e+02
2.8537e+02
2.8979e+02
2.9473e+02
2.9998e+02
3.0535e+02
3.1063e+02
3.1553e+02
3.1981e+02
3.2318e+02
3.2544e+02
3.2641e+02
3.2602e+02
3.2426e+02
3.2121e+02
3.1702e+02
3.1190e+02
3.0609e+02
2.9984e+02
2.9343e+02
2.8709e+02
2.8105e+02
2.7548e+02
2.7055e+02
2.6635e+02
2.6296e+02
2.6043e+02
2.5880e+02
2.5807e+02
2.5824e+02
2.5922e+02
2.6091e+02
2.6313e+02
2.6570e+02
2.6837e+02
2.7091e+02
2.7307e+02
2.7462e+02
2.7536e+02
2.7517e+02
2.7398e+02
2.7180e+02
2.6875e+02
2.6497e+02
2.6071e+02
2.5620e+02
2.5171e+02
2.4750e+02
2.4378e+02
2.4072e+02
2.3844e+02
2.3697e+02
2.3631e+02
2.3636e+02
2.3704e+02
2.3825e+02
2.3989e+02
2.4187e+02
2.4416e+02
2.4674e+02
2.4965e+02
2.5291e+02
2.5662e+02
2.6085e+02
2.6564e+02
2.7102e+02
2.7696e+02
2.8341e+02
2.9023e+02
2.9726e+02
3.0431e+02
3.1115e+02
3.1758e+02
3.2339e+02
3.2839e+02
3.3245e+02
3.3546e+02
3.3737e+02
3.3819e+02
3.3797e+02
3.3680e+02
3.3483e+02
3.3224e+02
3.2922e+02
3.2590e+02
3.2241e+02
3.1883e+02
3.1517e+02
3.1141e+02
3.0746e+02
3.0322e+02
2.9853e+02
2.9329e+02
2.8741e+02
2.8084e+02
2.7363e+02
2.6587e+02
2.5768e+02
2.4916e+02
2.4049e+02
2.3177e+02
2.2309e+02
2.1447e+02
2.0587e+02
1.9719e+02
1.8834e+02
1.7920e+02
1.6971e+02
1.5985e+02
1.4965e+02
1.3923e+02
1.2878e+02
1.1850e+02
1.0858e+02
9.9253e+01
9.0741e+01
8.3202e+01
7.6738e+01
7.1418e+01
6.7263e+01
6.4255e+01
6.2354e+01
6.1504e+01
6.1636e+01
6.2670e+01
6.4498e+01
6.6987e+01
6.9997e+01
7.3393e+01
7.7025e+01
8.0732e+01
8.4371e+01
8.7816e+01
9.0975e+01
9.3795e+01
9.6265e+01
9.8412e+01
1.0030e+02
1.0201e+02
1.0363e+02
1.0528e+02
1.0703e+02
1.0893e+02
1.1101e+02
1.1325e+02
1.1558e+02
1.1793e+02
1.2020e+02
1.2226e+02
1.2402e+02
1.2537e+02
1.2622e+02
1.2653e+02
1.2628e+02
1.2550e+02
1.2427e+02
1.2274e+02
1.2105e+02
1.1939e+02
1.1797e+02
1.1701e+02
1.1670e+02
1.1722e+02
1.1870e+02
1.2123e+02
1.2485e+02
1.2954e+02
1.3523e+02
1.4179e+02
1.4908e+02
1.5688e+02
1.6498e+02
1.7319e+02
1.8129e+02
1.8910e+02
1.9652e+02
2.0347e+02
2.0991e+02
2.1582e+02
2.2126e+02
2.2628e+02
2.3096e+02
2.3538e+02
2.3962e+02
2.4375e+02
2.4785e+02
2.5193e+02
2.5603e+02
2.6017e+02
2.6433e+02
2.6851e+02
2.7269e+02
2.7686e+02
2.8100e+02
2.8511e+02
2.8916e+02
2.9313e+02
2.9702e+02
3.0080e+02
3.0448e+02
3.0804e+02
3.1148e+02
3.1482e+02
3.1806e+02
3.2114e+02
3.2393e+02
3.2621e+02
3.2772e+02
3.2817e+02
3.2727e+02
3.2474e+02
3.2034e+02
3.1392e+02
3.0550e+02
2.9524e+02
2.8351e+02
2.7083e+02
2.5782e+02
2.4517e+02
2.3357e+02
2.2363e+02
2.1580e+02
2.1035e+02
2.0731e+02
2.0653e+02
2.0765e+02
2.1020e+02
2.1366e+02
2.1751e+02
2.2128e+02
2.2460e+02
2.2728e+02
2.2924e+02
2.3049e+02
2.3115e+02
2.3140e+02
2.3147e+02
2.3159e+02
2.3194e+02
2.3259e+02
2.3353e+02
2.3470e+02
2.3600e+02
2.3732e+02
2.3854e+02
2.3955e+02
2.4025e+02
2.4057e+02
2.4047e+02
2.3996e+02
2.3906e+02
2.3783e+02
2.3630e+02
2.3453e+02
2.3261e+02
2.3058e+02
2.2848e+02
2.2633e+02
2.2417e+02
2.2203e+02
2.1995e+02
2.1795e+02
2.1603e+02
2.1414e+02
2.1224e+02
2.1027e+02
2.0814e+02
2.0574e+02
2.0298e+02
1.9980e+02
1.9618e+02
1.9218e+02
1.8794e+02
1.8364e+02
1.7956e+02
1.7599e+02
1.7326e+02
1.7165e+02
1.7140e+02
1.7268e+02
1.7557e+02
1.8004e+02
1.8603e+02
1.9341e+02
2.0205e+02
2.1178e+02
2.2248e+02
2.3406e+02
2.4650e+02
2.5977e+02
2.7384e+02
2.8866e+02
3.0413e+02
3.2009e+02
3.3624e+02
3.5225e+02
3.6767e+02
3.8206e+02
3.9500e+02
4.0612e+02
4.1512e+02
4.2187e+02
4.2638e+02
4.2880e+02
4.2944e+02
4.2868e+02
4.2697e+02
4.2475e+02
4.2245e+02
4.2039e+02
4.1882e+02
4.1787e+02
4.1757e+02
4.1782e+02
4.1844e+02
4.1922e+02
4.1993e+02
4.2039e+02
4.2044e+02
4.1996e+02
4.1889e+02
4.1722e+02
4.1497e+02
4.1220e+02
4.0899e+02
4.0544e+02
4.0163e+02
3.9763e+02
3.9350e+02
3.8930e+02
3.8504e+02
3.8078e+02
3.7654e+02
3.7233e+02
3.6819e+02
3.6413e+02
3.6019e+02
3.5639e+02
3.5276e+02
3.4935e+02
3.4617e+02
3.4328e+02
3.4072e+02
3.3853e+02
3.3675e+02
3.3544e+02
3.3465e+02
3.3443e+02
3.3482e+02
3.3583e+02
3.3748e+02
3.3978e+02
3.4270e+02
3.4623e+02
3.5034e+02
3.5499e+02
3.6013e+02
3.6569e+02
3.7159e+02
3.7776e+02
3.8411e+02
3.9060e+02
3.9714e+02
4.0370e+02
4.1024e+02
4.1670e+02
4.2308e+02
4.2934e+02
4.3547e+02
4.4149e+02
4.4738e+02
4.5315e+02
4.5881e+02
4.6434e+02
4.6973e+02
4.7496e+02
4.8004e+02
4.8494e+02
4.8962e+02
4.9406e+02
4.9822e+02
5.0205e+02
5.0547e+02
5.0830e+02
5.1038e+02
5.1148e+02
5.1139e+02
5.0989e+02
5.0677e+02
5.0186e+02
4.9507e+02
4.8637e+02
4.7587e+02
4.6377e+02
4.5037e+02
4.3608e+02
4.2133e+02
4.0653e+02
3.9207e+02
3.7828e+02
3.6536e+02
3.5344e+02
3.4251e+02
3.3253e+02
3.2336e+02
3.1488e+02
3.0697e+02
2.9954e+02
2.9258e+02
2.8611e+02
2.8023e+02
2.7505e+02
2.7067e+02
2.6724e+02
2.6487e+02
2.6361e+02
2.6347e+02
2.6440e+02
2.6633e+02
2.6911e+02
2.7262e+02
2.7664e+02
2.8091e+02
2.8513e+02
2.8898e+02
2.9211e+02
2.9414e+02
2.9471e+02
2.9355e+02
2.9046e+02
2.8534e+02
2.7824e+02
2.6935e+02
2.5903e+02
2.4782e+02
2.3636e+02
2.2535e+02
2.1549e+02
2.0745e+02
2.0180e+02
1.9900e+02
1.9927e+02
2.0267e+02
2.0904e+02
2.1802e+02
2.2909e+02
2.4161e+02
2.5487e+02
2.6813e+02
2.8072e+02
2.9201e+02
3.0149e+02
3.0887e+02
3.1401e+02
3.1692e+02
3.1774e+02
3.1670e+02
3.1417e+02
3.1053e+02
3.0614e+02
3.0134e+02
2.9645e+02
2.9173e+02
2.8735e+02
2.8345e+02
2.8016e+02
2.7757e+02
2.7579e+02
2.7494e+02
2.7515e+02
2.7654e+02
2.7922e+02
2.8326e+02
2.8871e+02
2.9550e+02
3.0350e+02
3.1245e+02
3.2197e+02
3.3158e+02
3.4076e+02
3.4894e+02
3.5558e+02
3.6019e+02
3.6238e+02
3.6189e+02
3.5858e+02
3.5247e+02
3.4374e+02
3.3268e+02
3.1966e+02
3.0514e+02
2.8958e+02
2.7342e+02
2.5707e+02
2.4099e+02
2.2564e+02
2.1145e+02
1.9888e+02
1.8835e+02
1.8026e+02
1.7494e+02
1.7265e+02
1.7357e+02
1.7768e+02
1.8475e+02
1.9437e+02
2.0601e+02
2.1895e+02
2.3249e+02
2.4594e+02
2.5868e+02
2.7024e+02
2.8035e+02
2.8894e+02
2.9611e+02
3.0211e+02
3.0731e+02
3.1213e+02
3.1686e+02
3.2167e+02
3.2651e+02
3.3118e+02
3.3532e+02
3.3849e+02
3.4018e+02
3.3988e+02
3.3711e+02
3.3156e+02
3.2311e+02
3.1187e+02
2.9821e+02
2.8269e+02
2.6605e+02
2.4911e+02
2.3270e+02
2.1765e+02
2.0466e+02
1.9429e+02
1.8692e+02
1.8276e+02
1.8182e+02
1.8398e+02
1.8901e+02
1.9655e+02
2.0623e+02
2.1768e+02
2.3054e+02
2.4446e+02
2.5912e+02
2.7420e+02
2.8942e+02
3.0452e+02
3.1921e+02
3.3318e+02
3.4613e+02
3.5774e+02
3.6776e+02
3.7598e+02
3.8228e+02
3.8660e+02
3.8900e+02
3.8960e+02
3.8861e+02
3.8625e+02
3.8280e+02
3.7853e+02
3.7375e+02
3.6867e+02
3.6351e+02
3.5845e+02
3.5363e+02
3.4910e+02
3.4491e+02
3.4107e+02
3.3760e+02
3.3454e+02
3.3192e+02
3.2976e+02
3.2809e+02
3.2696e+02
3.2641e+02
3.2649e+02
3.2722e+02
3.2863e+02
3.3071e+02
3.3346e+02
3.3686e+02
3.4084e+02
3.4536e+02
3.5031e+02
3.5560e+02
3.6113e+02
3.6678e+02
3.7245e+02
3.7803e+02
3.8341e+02
3.8848e+02
3.9313e+02
3.9728e+02
4.0085e+02
4.0376e+02
4.0596e+02
4.0741e+02
4.0808e+02
4.0800e+02
4.0718e+02
4.0565e+02
4.0345e+02
4.0063e+02
3.9726e+02
3.9340e+02
3.8912e+02
3.8448e+02
3.7956e+02
3.7441e+02
3.6909e+02
3.6365e+02
3.5814e+02
3.5263e+02
3.4714e+02
3.4174e+02
3.3648e+02
3.3141e+02
3.2657e+02
3.2202e+02
3.1782e+02
3.1399e+02
3.1059e+02
3.0764e+02
3.0518e+02
3.0324e+02
3.0180e+02
3.0087e+02
3.0044e+02
3.0045e+02
3.0088e+02
3.0165e+02
3.0270e+02
3.0398e+02
3.0538e+02
3.0682e+02
3.0815e+02
3.0921e+02
3.0986e+02
3.0993e+02
3.0929e+02
3.0778e+02
3.0531e+02
3.0181e+02
2.9728e+02
2.9177e+02
2.8542e+02
2.7842e+02
2.7103e+02
2.6352e+02
2.5618e+02
2.4930e+02
2.4314e+02
2.3789e+02
2.3369e+02
2.3059e+02
2.2860e+02
2.2764e+02
2.2760e+02
2.2832e+02
2.2964e+02
2.3138e+02
2.3338e+02
2.3556e+02
2.3786e+02
2.4028e+02
2.4288e+02
2.4579e+02
2.4914e+02
2.5313e+02
2.5789e+02
2.6353e+02
2.7015e+02
2.7772e+02
2.8621e+02
2.9545e+02
3.0523e+02
3.1528e+02
3.2532e+02
3.3504e+02
3.4418e+02
3.5252e+02
3.5989e+02
3.6624e+02
3.7152e+02
3.7579e+02
3.7914e+02
3.8167e+02
3.8351e+02
3.8476e+02
3.8554e+02
3.8592e+02
3.8598e+02
3.8576e+02
3.8531e+02
3.8464e+02
3.8377e+02
3.8273e+02
3.8152e+02
3.8018e+02
3.7871e+02
3.7712e+02
3.7541e+02
3.7359e+02
3.7163e+02
3.6952e+02
3.6722e+02
3.6473e+02
3.6201e+02
3.5906e+02
3.5588e+02
3.5246e+02
3.4879e+02
3.4490e+02
3.4079e+02
3.3648e+02
3.3200e+02
3.2738e+02
3.2263e+02
3.1779e+02
3.1288e+02
3.0791e+02
3.0289e+02
2.9781e+02
2.9266e+02
2.8743e+02
2.8208e+02
2.7659e+02
2.7095e+02
2.6522e+02
2.5945e+02
2.5376e+02
2.4831e+02
2.4330e+02
2.3893e+02
2.3542e+02
2.3300e+02
2.3180e+02
2.3193e+02
2.3338e+02
2.3606e+02
2.3977e+02
2.4424e+02
2.4914e+02
2.5406e+02
2.5862e+02
2.6246e+02
2.6526e+02
2.6680e+02
2.6696e+02
2.6570e+02
2.6310e+02
2.5930e+02
2.5456e+02
2.4913e+02
2.4332e+02
2.3739e+02
2.3164e+02
2.2629e+02
2.2156e+02
2.1757e+02
2.1439e+02
2.1203e+02
2.1048e+02
2.0964e+02
2.0939e+02
2.0954e+02
2.0987e+02
2.1016e+02
2.1017e+02
2.0965e+02
2.0841e+02
2.0625e+02
2.0306e+02
1.9877e+02
1.9341e+02
1.8703e+02
1.7976e+02
1.7180e+02
1.6334e+02
1.5459e+02
1.4575e+02
1.3700e+02
1.2846e+02
1.2022e+02
1.1234e+02
1.0486e+02
9.7752e+01
9.1019e+01
8.4663e+01
7.8679e+01
7.3071e+01
6.7861e+01
6.3080e+01
5.8742e+01
5.4843e+01
5.1374e+01
4.8313e+01
4.5603e+01
4.3169e+01
4.0927e+01
3.8778e+01
3.6634e+01
3.4422e+01
3.2077e+01
2.9557e+01
2.6859e+01
2.4004e+01
2.1032e+01
1.7997e+01
1.4956e+01
1.1980e+01
9.1554e+00
6.5742e+00
4.3224e+00
2.4819e+00
1.1155e+00
2.7339e-01
0000
3.3309e-01
1.3264e+00
3.0453e+00
5.5708e+00
8.9952e+00
1.3412e+01
1.8909e+01
2.5597e+01
3.3618e+01
4.3085e+01
5.4076e+01
6.6631e+01
8.0736e+01
9.6312e+01
1.1321e+02
1.3123e+02
1.5011e+02
1.6955e+02
1.8924e+02
2.0881e+02
2.2796e+02
2.4637e+02
2.6378e+02
2.7998e+02
2.9481e+02
3.0815e+02
3.1994e+02
3.3018e+02
3.3890e+02
3.4617e+02
3.5212e+02
3.5689e+02
3.6062e+02
3.6345e+02
3.6555e+02
3.6705e+02
3.6809e+02
3.6881e+02
3.6934e+02
3.6973e+02
3.7006e+02
3.7036e+02
3.7067e+02
3.7099e+02
3.7135e+02
3.7176e+02
3.7224e+02
3.7277e+02
3.7333e+02
3.7392e+02
3.7453e+02
3.7511e+02
3.7563e+02
3.7603e+02
3.7626e+02
3.7625e+02
3.7596e+02
3.7532e+02
3.7430e+02
3.7288e+02
3.7105e+02
3.6881e+02
3.6622e+02
3.6331e+02
3.6014e+02
3.5679e+02
3.5336e+02
3.4991e+02
3.4655e+02
3.4333e+02
3.4030e+02
3.3749e+02
3.3490e+02
3.3252e+02
3.3032e+02
3.2824e+02
3.2623e+02
3.2422e+02
3.2215e+02
3.1999e+02
3.1773e+02
3.1538e+02
3.1296e+02
3.1051e+02
3.0810e+02
3.0578e+02
3.0357e+02
3.0149e+02
2.9952e+02
2.9762e+02
2.9570e+02
2.9367e+02
2.9143e+02
2.8888e+02
2.8593e+02
2.8254e+02
2.7868e+02
2.7439e+02
2.6974e+02
2.6485e+02
2.5982e+02
2.5478e+02
2.4981e+02
2.4502e+02
2.4047e+02
2.3620e+02
2.3219e+02
2.2841e+02
2.2480e+02
2.2131e+02
2.1789e+02
2.1450e+02
2.1112e+02
2.0776e+02
2.0445e+02
2.0124e+02
1.9818e+02
1.9531e+02
1.9272e+02
1.9043e+02
1.8848e+02
1.8685e+02
1.8552e+02
1.8448e+02
1.8366e+02
1.8303e+02
1.8251e+02
1.8204e+02
1.8156e+02
1.8104e+02
1.8044e+02
1.7974e+02
1.7892e+02
1.7796e+02
1.7683e+02
1.7548e+02
1.7389e+02
1.7201e+02
1.6983e+02
1.6730e+02
1.6443e+02
1.6120e+02
1.5762e+02
1.5374e+02
1.4959e+02
1.4526e+02
1.4079e+02
1.3626e+02
1.3176e+02
1.2731e+02
1.2294e+02
1.1867e+02
1.1453e+02
1.1052e+02
1.0662e+02
1.0286e+02
9.9233e+01
9.5787e+01
9.2551e+01
8.9549e+01
8.6802e+01
8.4327e+01
8.2125e+01
8.0196e+01
7.8538e+01
7.7123e+01
7.5920e+01
7.4900e+01
7.4029e+01
7.3268e+01
7.2594e+01
7.1993e+01
7.1450e+01
7.0942e+01
7.0436e+01
6.9890e+01
6.9242e+01
6.8436e+01
6.7406e+01
6.6089e+01
6.4440e+01
6.2431e+01
6.0057e+01
5.7346e+01
5.4348e+01
5.1127e+01
4.7765e+01
4.4359e+01
4.0995e+01
3.7745e+01
3.4670e+01
3.1806e+01
2.9187e+01
2.6865e+01
2.4875e+01
2.3260e+01
2.2096e+01
2.1464e+01
2.1442e+01
2.2115e+01
2.3558e+01
2.5802e+01
2.8853e+01
3.2676e+01
3.7195e+01
4.2301e+01
4.7859e+01
5.3735e+01
5.9797e+01
6.5943e+01
7.2103e+01
7.8242e+01
8.4350e+01
9.0430e+01
9.6493e+01
1.0255e+02
1.0857e+02
1.1452e+02
1.2030e+02
1.2583e+02
1.3099e+02
1.3568e+02
1.3983e+02
1.4336e+02
1.4624e+02
1.4851e+02
1.5021e+02
1.5140e+02
1.5218e+02
1.5264e+02
1.5291e+02
1.5313e+02
1.5348e+02
1.5414e+02
1.5531e+02
1.5715e+02
1.5985e+02
1.6359e+02
1.6849e+02
1.7461e+02
1.8184e+02
1.8998e+02
1.9870e+02
2.0757e+02
2.1607e+02
2.2366e+02
2.2979e+02
2.3400e+02
2.3594e+02
2.3541e+02
2.3240e+02
2.2707e+02
2.1973e+02
2.1081e+02
2.0085e+02
1.9040e+02
1.7999e+02
1.7010e+02
1.6116e+02
1.5349e+02
1.4733e+02
1.4282e+02
1.4001e+02
1.3887e+02
1.3930e+02
1.4120e+02
1.4439e+02
1.4867e+02
1.5377e+02
1.5941e+02
1.6530e+02
1.7116e+02
1.7674e+02
1.8181e+02
1.8616e+02
1.8962e+02
1.9211e+02
1.9357e+02
1.9401e+02
1.9348e+02
1.9206e+02
1.8985e+02
1.8698e+02
1.8359e+02
1.7983e+02
1.7585e+02
1.7178e+02
1.6777e+02
1.6396e+02
1.6044e+02
1.5730e+02
1.5460e+02
1.5240e+02
1.5071e+02
1.4954e+02
1.4885e+02
1.4863e+02
1.4884e+02
1.4947e+02
1.5050e+02
1.5191e+02
1.5367e+02
1.5577e+02
1.5818e+02
1.6085e+02
1.6378e+02
1.6691e+02
1.7017e+02
1.7351e+02
1.7687e+02
1.8019e+02
1.8340e+02
1.8643e+02
1.8918e+02
1.9156e+02
1.9343e+02
1.9471e+02
1.9531e+02
1.9514e+02
1.9410e+02
1.9214e+02
1.8925e+02
1.8544e+02
1.8077e+02
1.7534e+02
1.6926e+02
1.6267e+02
1.5573e+02
1.4862e+02
1.4148e+02
1.3451e+02
1.2788e+02
1.2174e+02
1.1622e+02
1.1146e+02
1.0759e+02
1.0470e+02
1.0286e+02
1.0209e+02
1.0239e+02
1.0369e+02
1.0590e+02
1.0889e+02
1.1249e+02
1.1656e+02
1.2095e+02
1.2550e+02
1.3008e+02
1.3457e+02
1.3894e+02
1.4324e+02
1.4755e+02
1.5200e+02
1.5675e+02
1.6197e+02
1.6781e+02
1.7444e+02
1.8196e+02
1.9043e+02
1.9982e+02
2.1000e+02
2.2078e+02
2.3192e+02
2.4311e+02
