3.4668e+02
3.3933e+02
3.3238e+02
3.2606e+02
3.2055e+02
3.1595e+02
3.1230e+02
3.0955e+02
3.0762e+02
3.0638e+02
3.0574e+02
3.0562e+02
3.0597e+02
3.0681e+02
3.0818e+02
3.1019e+02
3.1293e+02
3.1659e+02
3.2136e+02
3.2739e+02
3.3481e+02
3.4370e+02
3.5406e+02
3.6585e+02
3.7891e+02
3.9293e+02
4.0744e+02
4.2192e+02
4.3570e+02
4.4807e+02
4.5826e+02
4.6556e+02
4.6935e+02
4.6916e+02
4.6476e+02
4.5620e+02
4.4379e+02
4.2812e+02
4.0999e+02
3.9040e+02
3.7037e+02
3.5091e+02
3.3287e+02
3.1698e+02
3.0370e+02
2.9329e+02
2.8578e+02
2.8097e+02
2.7853e+02
2.7801e+02
2.7891e+02
2.8074e+02
2.8307e+02
2.8550e+02
2.8772e+02
2.8946e+02
2.9063e+02
2.9118e+02
2.9115e+02
2.9063e+02
2.8980e+02
2.8888e+02
2.8813e+02
2.8786e+02
2.8834e+02
2.8984e+02
2.9257e+02
2.9665e+02
3.0204e+02
3.0859e+02
3.1604e+02
3.2400e+02
3.3202e+02
3.3959e+02
3.4619e+02
3.5136e+02
3.5474e+02
3.5606e+02
3.5521e+02
3.5225e+02
3.4739e+02
3.4094e+02
3.3333e+02
3.2500e+02
3.1641e+02
3.0796e+02
3.0001e+02
2.9280e+02
2.8645e+02
2.8098e+02
2.7630e+02
2.7226e+02
2.6866e+02
2.6529e+02
2.6197e+02
2.5852e+02
2.5486e+02
2.5090e+02
2.4665e+02
2.4222e+02
2.3775e+02
2.3342e+02
2.2939e+02
2.2586e+02
2.2299e+02
2.2090e+02
2.1967e+02
2.1930e+02
2.1974e+02
2.2087e+02
2.2252e+02
2.2450e+02
2.2657e+02
2.2852e+02
2.3014e+02
2.3127e+02
2.3179e+02
2.3162e+02
2.3078e+02
2.2931e+02
2.2733e+02
2.2496e+02
2.2235e+02
2.1963e+02
2.1692e+02
2.1434e+02
2.1196e+02
2.0980e+02
2.0787e+02
2.0615e+02
2.0459e+02
2.0313e+02
2.0170e+02
2.0026e+02
1.9879e+02
1.9727e+02
1.9572e+02
1.9417e+02
1.9266e+02
1.9125e+02
1.9000e+02
1.8895e+02
1.8812e+02
1.8753e+02
1.8721e+02
1.8716e+02
1.8743e+02
1.8804e+02
1.8907e+02
1.9056e+02
1.9261e+02
1.9530e+02
1.9870e+02
2.0287e+02
2.0782e+02
2.1351e+02
2.1981e+02
2.2660e+02
2.3367e+02
2.4080e+02
2.4775e+02
2.5430e+02
2.6027e+02
2.6552e+02
2.6997e+02
2.7362e+02
2.7653e+02
2.7881e+02
2.8061e+02
2.8213e+02
2.8354e+02
2.8503e+02
2.8673e+02
2.8881e+02
2.9132e+02
2.9434e+02
2.9785e+02
3.0182e+02
3.0617e+02
3.1079e+02
3.1555e+02
3.2032e+02
3.2495e+02
3.2929e+02
3.3323e+02
3.3665e+02
3.3949e+02
3.4167e+02
3.4317e+02
3.4400e+02
3.4418e+02
3.4375e+02
3.4276e+02
3.4127e+02
3.3939e+02
3.3721e+02
3.3483e+02
3.3235e+02
3.2988e+02
3.2751e+02
3.2534e+02
3.2343e+02
3.2185e+02
3.2064e+02
3.1980e+02
3.1931e+02
3.1910e+02
3.1911e+02
3.1926e+02
3.1944e+02
3.1958e+02
3.1959e+02
3.1943e+02
3.1903e+02
3.1840e+02
3.1755e+02
3.1648e+02
3.1523e+02
3.1387e+02
3.1243e+02
3.1093e+02
3.0939e+02
3.0782e+02
3.0622e+02
3.0458e+02
3.0290e+02
3.0118e+02
2.9939e+02
2.9756e+02
2.9573e+02
2.9394e+02
2.9224e+02
2.9069e+02
2.8937e+02
2.8829e+02
2.8748e+02
2.8696e+02
2.8674e+02
2.8677e+02
2.8704e+02
2.8751e+02
2.8812e+02
2.8885e+02
2.8965e+02
2.9051e+02
2.9139e+02
2.9231e+02
2.9324e+02
2.9418e+02
2.9512e+02
2.9601e+02
2.9687e+02
2.9767e+02
2.9840e+02
2.9905e+02
2.9964e+02
3.0015e+02
3.0060e+02
3.0101e+02
3.0141e+02
3.0179e+02
3.0215e+02
3.0250e+02
3.0280e+02
3.0301e+02
3.0309e+02
3.0300e+02
3.0270e+02
3.0214e+02
3.0131e+02
3.0018e+02
2.9877e+02
2.9708e+02
2.9518e+02
2.9312e+02
2.9096e+02
2.8875e+02
2.8656e+02
2.8444e+02
2.8245e+02
2.8062e+02
2.7900e+02
2.7758e+02
2.7637e+02
2.7535e+02
2.7452e+02
2.7385e+02
2.7329e+02
2.7282e+02
2.7241e+02
2.7202e+02
2.7163e+02
2.7122e+02
2.7075e+02
2.7024e+02
2.6967e+02
2.6905e+02
2.6837e+02
2.6765e+02
2.6691e+02
2.6616e+02
2.6542e+02
2.6475e+02
2.6417e+02
2.6371e+02
2.6341e+02
2.6331e+02
2.6347e+02
2.6390e+02
2.6461e+02
2.6562e+02
2.6689e+02
2.6839e+02
2.7007e+02
2.7187e+02
2.7371e+02
2.7552e+02
2.7720e+02
2.7869e+02
2.7993e+02
2.8087e+02
2.8148e+02
2.8175e+02
2.8170e+02
2.8137e+02
2.8079e+02
2.8002e+02
2.7913e+02
2.7818e+02
2.7724e+02
2.7637e+02
2.7563e+02
2.7506e+02
2.7468e+02
2.7452e+02
2.7459e+02
2.7489e+02
2.7540e+02
2.7612e+02
2.7702e+02
2.7811e+02
2.7936e+02
2.8076e+02
2.8231e+02
2.8400e+02
2.8580e+02
2.8768e+02
2.8961e+02
2.9154e+02
2.9342e+02
2.9518e+02
2.9675e+02
2.9810e+02
2.9913e+02
2.9982e+02
3.0014e+02
3.0008e+02
2.9966e+02
2.9894e+02
2.9799e+02
2.9686e+02
2.9564e+02
2.9439e+02
2.9318e+02
2.9208e+02
2.9111e+02
2.9029e+02
2.8961e+02
2.8904e+02
2.8857e+02
2.8817e+02
2.8779e+02
2.8742e+02
2.8706e+02
2.8669e+02
2.8631e+02
2.8596e+02
2.8566e+02
2.8544e+02
2.8531e+02
2.8528e+02
2.8538e+02
2.8558e+02
2.8588e+02
2.8625e+02
2.8667e+02
2.8709e+02
2.8749e+02
2.8783e+02
2.8807e+02
2.8817e+02
2.8811e+02
2.8787e+02
2.8744e+02
2.8680e+02
2.8594e+02
2.8487e+02
2.8363e+02
2.8225e+02
2.8079e+02
2.7930e+02
2.7787e+02
2.7656e+02
2.7544e+02
2.7456e+02
2.7397e+02
2.7368e+02
2.7366e+02
2.7387e+02
2.7425e+02
2.7470e+02
2.7516e+02
2.7554e+02
2.7577e+02
2.7582e+02
2.7567e+02
2.7535e+02
2.7490e+02
2.7440e+02
2.7391e+02
2.7349e+02
2.7322e+02
2.7312e+02
2.7318e+02
2.7339e+02
2.7369e+02
2.7403e+02
2.7434e+02
2.7456e+02
2.7465e+02
2.7459e+02
2.7440e+02
2.7410e+02
2.7376e+02
2.7343e+02
2.7315e+02
2.7295e+02
2.7287e+02
2.7289e+02
2.7295e+02
2.7298e+02
2.7293e+02
2.7269e+02
2.7216e+02
2.7123e+02
2.6982e+02
2.6785e+02
2.6528e+02
2.6210e+02
2.5828e+02
2.5383e+02
2.4881e+02
2.4328e+02
2.3734e+02
2.3111e+02
2.2473e+02
2.1835e+02
2.1214e+02
2.0625e+02
2.0085e+02
1.9604e+02
1.9192e+02
1.8854e+02
1.8591e+02
1.8401e+02
1.8280e+02
1.8219e+02
1.8212e+02
1.8247e+02
1.8317e+02
1.8414e+02
1.8531e+02
1.8658e+02
1.8792e+02
1.8933e+02
1.9084e+02
1.9249e+02
1.9437e+02
1.9656e+02
1.9919e+02
2.0238e+02
2.0626e+02
2.1090e+02
2.1636e+02
2.2262e+02
2.2962e+02
2.3720e+02
2.4515e+02
2.5325e+02
2.6121e+02
2.6876e+02
2.7567e+02
2.8172e+02
2.8680e+02
2.9081e+02
2.9378e+02
2.9578e+02
2.9692e+02
2.9733e+02
2.9719e+02
2.9665e+02
2.9584e+02
2.9489e+02
2.9390e+02
2.9295e+02
2.9208e+02
2.9128e+02
2.9059e+02
2.9002e+02
2.8957e+02
2.8925e+02
2.8907e+02
2.8904e+02
2.8915e+02
2.8941e+02
2.8980e+02
2.9028e+02
2.9083e+02
2.9141e+02
2.9194e+02
2.9236e+02
2.9259e+02
2.9257e+02
2.9227e+02
2.9164e+02
2.9067e+02
2.8938e+02
2.8780e+02
2.8599e+02
2.8403e+02
2.8203e+02
2.8009e+02
2.7830e+02
2.7675e+02
2.7550e+02
2.7456e+02
2.7393e+02
2.7358e+02
2.7344e+02
2.7342e+02
2.7344e+02
2.7338e+02
2.7316e+02
2.7272e+02
2.7198e+02
2.7092e+02
2.6953e+02
2.6786e+02
2.6595e+02
2.6387e+02
2.6167e+02
2.5944e+02
2.5725e+02
2.5515e+02
2.5315e+02
2.5128e+02
2.4953e+02
2.4789e+02
2.4631e+02
2.4479e+02
2.4328e+02
2.4176e+02
2.4023e+02
2.3870e+02
2.3721e+02
2.3579e+02
2.3450e+02
2.3340e+02
2.3251e+02
2.3186e+02
2.3145e+02
2.3125e+02
2.3121e+02
2.3126e+02
2.3135e+02
2.3142e+02
2.3139e+02
2.3122e+02
2.3088e+02
2.3035e+02
2.2964e+02
2.2875e+02
2.2774e+02
2.2658e+02
2.2530e+02
2.2391e+02
2.2243e+02
2.2083e+02
2.1912e+02
2.1730e+02
2.1536e+02
2.1333e+02
2.1121e+02
2.0900e+02
2.0672e+02
2.0437e+02
2.0194e+02
1.9943e+02
1.9684e+02
1.9418e+02
1.9145e+02
1.8866e+02
1.8586e+02
1.8310e+02
1.8046e+02
1.7800e+02
1.7581e+02
1.7399e+02
1.7263e+02
1.7177e+02
1.7145e+02
1.7167e+02
1.7240e+02
1.7357e+02
1.7510e+02
1.7687e+02
1.7873e+02
1.8057e+02
1.8228e+02
1.8377e+02
1.8497e+02
1.8585e+02
1.8641e+02
1.8668e+02
1.8671e+02
1.8656e+02
1.8629e+02
1.8598e+02
1.8566e+02
1.8535e+02
1.8507e+02
1.8480e+02
1.8452e+02
1.8420e+02
1.8380e+02
1.8331e+02
1.8270e+02
1.8198e+02
1.8112e+02
1.8016e+02
1.7913e+02
1.7807e+02
1.7704e+02
1.7607e+02
1.7523e+02
1.7457e+02
1.7410e+02
1.7387e+02
1.7385e+02
1.7404e+02
1.7439e+02
1.7485e+02
1.7536e+02
1.7584e+02
1.7624e+02
1.7650e+02
1.7660e+02
1.7653e+02
1.7630e+02
1.7592e+02
1.7543e+02
1.7486e+02
1.7425e+02
1.7360e+02
1.7294e+02
1.7224e+02
1.7148e+02
1.7064e+02
1.6968e+02
1.6861e+02
1.6742e+02
1.6611e+02
1.6469e+02
1.6321e+02
1.6169e+02
1.6016e+02
1.5865e+02
1.5718e+02
1.5575e+02
1.5438e+02
1.5306e+02
1.5177e+02
1.5051e+02
1.4927e+02
1.4804e+02
1.4683e+02
1.4569e+02
1.4466e+02
1.4379e+02
1.4316e+02
1.4285e+02
1.4293e+02
1.4348e+02
1.4456e+02
1.4623e+02
1.4849e+02
1.5133e+02
1.5470e+02
1.5850e+02
1.6261e+02
1.6689e+02
1.7117e+02
1.7531e+02
1.7916e+02
1.8260e+02
1.8557e+02
1.8799e+02
1.8983e+02
1.9111e+02
1.9183e+02
1.9202e+02
1.9170e+02
1.9089e+02
1.8961e+02
1.8785e+02
1.8562e+02
1.8294e+02
1.7979e+02
1.7621e+02
1.7223e+02
1.6791e+02
1.6336e+02
1.5868e+02
1.5399e+02
1.4940e+02
1.4504e+02
1.4105e+02
1.3752e+02
1.3454e+02
1.3219e+02
1.3051e+02
1.2953e+02
1.2930e+02
1.2981e+02
1.3104e+02
1.3300e+02
1.3563e+02
1.3893e+02
1.4283e+02
1.4728e+02
1.5221e+02
1.5750e+02
1.6304e+02
1.6869e+02
1.7430e+02
1.7970e+02
1.8476e+02
1.8933e+02
1.9330e+02
1.9658e+02
1.9914e+02
2.0094e+02
2.0203e+02
2.0247e+02
2.0232e+02
2.0167e+02
2.0061e+02
1.9917e+02
1.9733e+02
1.9507e+02
1.9232e+02
1.8898e+02
1.8495e+02
1.8015e+02
1.7451e+02
1.6806e+02
1.6089e+02
1.5319e+02
1.4524e+02
1.3740e+02
1.3005e+02
1.2362e+02
1.1851e+02
1.1504e+02
1.1350e+02
1.1401e+02
1.1661e+02
1.2119e+02
1.2756e+02
1.3544e+02
1.4448e+02
1.5430e+02
1.6455e+02
1.7489e+02
1.8498e+02
1.9448e+02
2.0306e+02
2.1039e+02
2.1619e+02
2.2022e+02
2.2223e+02
2.2203e+02
2.1953e+02
2.1469e+02
2.0764e+02
1.9861e+02
1.8795e+02
1.7613e+02
1.6364e+02
1.5103e+02
1.3879e+02
1.2738e+02
1.1714e+02
1.0830e+02
1.0095e+02
9.5062e+01
9.0507e+01
8.7110e+01
8.4671e+01
8.3006e+01
8.1990e+01
8.1553e+01
8.1694e+01
8.2462e+01
8.3919e+01
8.6163e+01
8.9313e+01
9.3446e+01
9.8555e+01
1.0456e+02
1.1129e+02
1.1846e+02
1.2575e+02
1.3276e+02
1.3911e+02
1.4442e+02
1.4835e+02
1.5065e+02
1.5117e+02
1.4989e+02
1.4696e+02
1.4264e+02
1.3732e+02
1.3145e+02
1.2555e+02
1.2013e+02
1.1566e+02
1.1252e+02
1.1099e+02
1.1119e+02
1.1312e+02
1.1656e+02
1.2124e+02
1.2676e+02
1.3268e+02
1.3854e+02
1.4393e+02
1.4849e+02
1.5194e+02
1.5412e+02
1.5495e+02
1.5449e+02
1.5287e+02
1.5030e+02
1.4701e+02
1.4324e+02
1.3924e+02
1.3526e+02
1.3155e+02
1.2831e+02
1.2570e+02
1.2387e+02
1.2294e+02
1.2301e+02
1.2413e+02
1.2632e+02
1.2953e+02
1.3369e+02
1.3862e+02
1.4414e+02
1.4998e+02
1.5588e+02
1.6156e+02
1.6678e+02
1.7131e+02
1.7500e+02
1.7776e+02
1.7956e+02
1.8046e+02
1.8055e+02
1.7998e+02
1.7890e+02
1.7749e+02
1.7589e+02
1.7421e+02
1.7257e+02
1.7104e+02
1.6965e+02
1.6844e+02
1.6741e+02
1.6661e+02
1.6608e+02
1.6585e+02
1.6598e+02
1.6654e+02
1.6756e+02
1.6910e+02
1.7113e+02
1.7360e+02
1.7641e+02
1.7944e+02
1.8249e+02
1.8537e+02
1.8790e+02
1.8989e+02
1.9122e+02
1.9180e+02
1.9161e+02
1.9072e+02
1.8924e+02
1.8731e+02
1.8511e+02
1.8282e+02
1.8058e+02
1.7851e+02
1.7666e+02
1.7502e+02
1.7356e+02
1.7220e+02
1.7086e+02
1.6946e+02
1.6791e+02
1.6619e+02
1.6425e+02
1.6211e+02
1.5979e+02
1.5735e+02
1.5485e+02
1.5233e+02
1.4986e+02
1.4747e+02
1.4518e+02
1.4304e+02
1.4106e+02
1.3928e+02
1.3775e+02
1.3649e+02
1.3557e+02
1.3502e+02
1.3488e+02
1.3519e+02
1.3595e+02
1.3716e+02
1.3875e+02
1.4069e+02
1.4289e+02
1.4529e+02
1.4780e+02
1.5034e+02
1.5284e+02
1.5527e+02
1.5756e+02
1.5969e+02
1.6167e+02
1.6349e+02
1.6515e+02
1.6667e+02
1.6804e+02
1.6925e+02
1.7027e+02
1.7111e+02
1.7176e+02
1.7221e+02
1.7247e+02
1.7254e+02
1.7243e+02
1.7216e+02
1.7175e+02
1.7123e+02
1.7059e+02
1.6981e+02
1.6884e+02
1.6767e+02
1.6624e+02
1.6449e+02
1.6238e+02
1.5986e+02
1.5693e+02
1.5357e+02
1.4983e+02
1.4575e+02
1.4140e+02
1.3685e+02
1.3219e+02
1.2749e+02
1.2281e+02
1.1823e+02
1.1376e+02
1.0944e+02
1.0530e+02
1.0136e+02
9.7671e+01
9.4257e+01
9.1178e+01
8.8493e+01
8.6254e+01
8.4500e+01
8.3283e+01
8.2626e+01
8.2514e+01
8.2922e+01
8.3818e+01
8.5141e+01
8.6787e+01
8.8657e+01
9.0652e+01
9.2663e+01
9.4596e+01
9.6384e+01
9.7975e+01
9.9310e+01
1.0037e+02
1.0116e+02
1.0169e+02
1.0199e+02
1.0209e+02
1.0205e+02
1.0191e+02
1.0172e+02
1.0150e+02
1.0126e+02
1.0098e+02
1.0065e+02
1.0023e+02
9.9681e+01
9.8967e+01
9.8053e+01
9.6948e+01
9.5664e+01
9.4225e+01
9.2689e+01
9.1139e+01
8.9651e+01
8.8296e+01
8.7142e+01
8.6228e+01
8.5576e+01
8.5202e+01
8.5129e+01
8.5369e+01
8.5941e+01
8.6902e+01
8.8314e+01
9.0252e+01
9.2797e+01
9.6032e+01
1.0001e+02
1.0472e+02
1.1013e+02
1.1611e+02
1.2252e+02
1.2913e+02
1.3567e+02
1.4181e+02
1.4727e+02
1.5176e+02
1.5505e+02
1.5703e+02
1.5760e+02
1.5678e+02
1.5468e+02
1.5147e+02
1.4737e+02
1.4266e+02
1.3762e+02
1.3254e+02
1.2772e+02
1.2336e+02
1.1964e+02
1.1663e+02
1.1436e+02
1.1282e+02
1.1192e+02
1.1156e+02
1.1160e+02
1.1192e+02
1.1237e+02
1.1281e+02
1.1311e+02
1.1316e+02
1.1289e+02
1.1217e+02
1.1094e+02
1.0915e+02
1.0678e+02
1.0383e+02
1.0034e+02
9.6330e+01
9.1884e+01
8.7110e+01
8.2151e+01
7.7168e+01
7.2313e+01
6.7735e+01
6.3566e+01
5.9905e+01
5.6819e+01
5.4345e+01
5.2500e+01
5.1281e+01
5.0679e+01
5.0649e+01
5.1143e+01
5.2106e+01
5.3470e+01
5.5160e+01
5.7087e+01
5.9160e+01
6.1293e+01
6.3414e+01
6.5441e+01
6.7304e+01
6.8974e+01
7.0447e+01
7.1708e+01
7.2739e+01
7.3544e+01
7.4126e+01
7.4487e+01
7.4618e+01
7.4490e+01
7.4063e+01
7.3299e+01
7.2207e+01
7.0838e+01
6.9292e+01
6.7715e+01
6.6299e+01
6.5276e+01
6.4885e+01
6.5367e+01
6.6919e+01
6.9677e+01
7.3661e+01
7.8766e+01
8.4760e+01
9.1304e+01
9.7973e+01
1.0430e+02
1.0986e+02
1.1425e+02
1.1721e+02
1.1860e+02
1.1845e+02
1.1693e+02
1.1440e+02
1.1133e+02
1.0822e+02
1.0558e+02
1.0382e+02
1.0326e+02
1.0408e+02
1.0627e+02
1.0965e+02
1.1390e+02
1.1858e+02
1.2318e+02
1.2724e+02
1.3029e+02
1.3198e+02
1.3210e+02
1.3055e+02
1.2736e+02
1.2265e+02
1.1668e+02
1.0977e+02
1.0229e+02
9.4590e+01
8.7034e+01
7.9937e+01
7.3552e+01
6.8068e+01
6.3615e+01
6.0270e+01
5.8043e+01
5.6902e+01
5.6768e+01
5.7514e+01
5.8985e+01
6.1015e+01
6.3433e+01
6.6055e+01
6.8707e+01
7.1240e+01
7.3551e+01
7.5564e+01
7.7227e+01
7.8537e+01
7.9517e+01
8.0223e+01
8.0720e+01
8.1084e+01
8.1397e+01
8.1738e+01
8.2177e+01
8.2764e+01
8.3540e+01
8.4507e+01
8.5659e+01
8.6968e+01
8.8388e+01
8.9867e+01
9.1345e+01
9.2747e+01
9.3995e+01
9.5011e+01
9.5705e+01
9.6015e+01
9.5890e+01
9.5300e+01
9.4266e+01
9.2862e+01
9.1206e+01
8.9454e+01
8.7811e+01
8.6490e+01
8.5711e+01
8.5677e+01
8.6535e+01
8.8370e+01
9.1197e+01
9.4953e+01
9.9483e+01
1.0458e+02
1.0999e+02
1.1543e+02
1.2065e+02
1.2543e+02
1.2961e+02
1.3310e+02
1.3586e+02
1.3797e+02
1.3949e+02
1.4056e+02
1.4131e+02
1.4189e+02
1.4244e+02
1.4303e+02
1.4372e+02
1.4453e+02
1.4545e+02
1.4644e+02
1.4743e+02
1.4833e+02
1.4908e+02
1.4961e+02
1.4986e+02
1.4979e+02
1.4938e+02
1.4863e+02
1.4755e+02
1.4617e+02
1.4456e+02
1.4277e+02
1.4086e+02
1.3891e+02
1.3700e+02
1.3522e+02
1.3364e+02
1.3231e+02
1.3130e+02
1.3063e+02
1.3030e+02
1.3029e+02
1.3058e+02
1.3112e+02
1.3182e+02
1.3258e+02
1.3328e+02
1.3381e+02
1.3403e+02
1.3383e+02
1.3310e+02
1.3176e+02
1.2975e+02
1.2705e+02
1.2366e+02
1.1959e+02
1.1491e+02
1.0972e+02
1.0413e+02
9.8301e+01
9.2369e+01
8.6487e+01
8.0796e+01
7.5413e+01
7.0412e+01
6.5843e+01
6.1718e+01
5.8001e+01
5.4631e+01
5.1534e+01
4.8626e+01
4.5831e+01
4.3096e+01
4.0373e+01
3.7641e+01
3.4901e+01
3.2190e+01
2.9591e+01
2.7223e+01
2.5241e+01
2.3799e+01
2.3050e+01
2.3144e+01
2.4229e+01
2.6419e+01
2.9774e+01
3.4303e+01
3.9935e+01
4.6535e+01
5.3899e+01
6.1770e+01
6.9855e+01
7.7870e+01
8.5541e+01
9.2624e+01
9.8935e+01
1.0436e+02
1.0888e+02
1.1253e+02
1.1541e+02
1.1767e+02
1.1944e+02
1.2086e+02
1.2207e+02
1.2319e+02
1.2431e+02
1.2548e+02
1.2671e+02
1.2800e+02
1.2929e+02
1.3046e+02
1.3142e+02
1.3203e+02
1.3213e+02
1.3158e+02
1.3021e+02
1.2789e+02
1.2451e+02
1.2003e+02
1.1449e+02
1.0794e+02
1.0053e+02
9.2504e+01
8.4104e+01
7.5618e+01
6.7360e+01
5.9620e+01
5.2631e+01
4.6564e+01
4.1533e+01
3.7574e+01
3.4656e+01
3.2716e+01
3.1652e+01
3.1319e+01
3.1560e+01
3.2245e+01
3.3247e+01
3.4463e+01
3.5794e+01
3.7174e+01
3.8569e+01
3.9945e+01
4.1274e+01
4.2522e+01
4.3671e+01
4.4719e+01
4.5682e+01
4.6574e+01
4.7405e+01
4.8213e+01
4.9046e+01
4.9948e+01
5.0948e+01
5.2075e+01
5.3339e+01
5.4722e+01
5.6197e+01
5.7728e+01
5.9262e+01
6.0735e+01
6.2112e+01
6.3350e+01
6.4431e+01
6.5353e+01
6.6099e+01
6.6635e+01
6.6935e+01
6.6976e+01
6.6709e+01
6.6071e+01
6.5002e+01
6.3432e+01
6.1305e+01
5.8599e+01
5.5341e+01
5.1599e+01
4.7493e+01
4.3177e+01
3.8861e+01
3.4773e+01
3.1127e+01
2.8130e+01
2.5952e+01
2.4697e+01
2.4400e+01
2.5038e+01
2.6521e+01
2.8702e+01
3.1393e+01
3.4397e+01
3.7516e+01
4.0559e+01
4.3379e+01
4.5860e+01
4.7941e+01
4.9634e+01
5.0992e+01
5.2080e+01
5.2986e+01
5.3815e+01
5.4655e+01
5.5577e+01
5.6632e+01
5.7847e+01
5.9211e+01
6.0698e+01
6.2254e+01
6.3800e+01
6.5272e+01
6.6593e+01
6.7698e+01
6.8540e+01
6.9083e+01
6.9314e+01
6.9239e+01
6.8888e+01
6.8299e+01
6.7528e+01
6.6643e+01
6.5715e+01
6.4799e+01
6.3941e+01
6.3192e+01
6.2584e+01
6.2134e+01
6.1841e+01
6.1706e+01
6.1726e+01
6.1901e+01
6.2234e+01
6.2727e+01
6.3397e+01
6.4256e+01
6.5327e+01
6.6617e+01
6.8128e+01
6.9842e+01
7.1721e+01
7.3714e+01
7.5744e+01
7.7721e+01
7.9542e+01
8.1106e+01
8.2321e+01
8.3113e+01
8.3433e+01
8.3265e+01
8.2619e+01
8.1533e+01
8.0080e+01
7.8348e+01
7.6443e+01
7.4485e+01
7.2577e+01
7.0804e+01
6.9240e+01
6.7944e+01
6.6935e+01
6.6221e+01
6.5797e+01
6.5647e+01
6.5748e+01
6.6071e+01
6.6601e+01
6.7309e+01
6.8174e+01
6.9171e+01
7.0274e+01
7.1455e+01
7.2681e+01
7.3910e+01
7.5102e+01
7.6234e+01
7.7281e+01
7.8230e+01
7.9085e+01
7.9866e+01
8.0604e+01
8.1341e+01
8.2125e+01
8.2986e+01
8.3949e+01
8.5018e+01
8.6182e+01
8.7411e+01
8.8669e+01
8.9900e+01
9.1030e+01
9.2007e+01
9.2792e+01
9.3358e+01
9.3687e+01
9.3804e+01
9.3758e+01
9.3603e+01
9.3416e+01
9.3284e+01
9.3299e+01
9.3534e+01
9.4053e+01
9.4899e+01
9.6091e+01
9.7623e+01
9.9454e+01
1.0153e+02
1.0376e+02
1.0605e+02
1.0830e+02
1.1040e+02
1.1228e+02
1.1387e+02
1.1513e+02
1.1601e+02
1.1655e+02
1.1672e+02
1.1658e+02
1.1614e+02
1.1548e+02
1.1464e+02
1.1368e+02
1.1266e+02
1.1165e+02
1.1069e+02
1.0984e+02
1.0913e+02
1.0860e+02
1.0829e+02
1.0821e+02
1.0837e+02
1.0877e+02
1.0938e+02
1.1013e+02
1.1096e+02
1.1179e+02
1.1252e+02
1.1304e+02
1.1326e+02
1.1307e+02
1.1236e+02
1.1109e+02
1.0919e+02
1.0665e+02
1.0351e+02
9.9854e+01
9.5799e+01
9.1513e+01
8.7183e+01
8.3007e+01
7.9177e+01
7.5873e+01
7.3232e+01
7.1331e+01
7.0205e+01
6.9829e+01
7.0128e+01
7.0976e+01
7.2220e+01
7.3704e+01
7.5269e+01
7.6774e+01
7.8099e+01
7.9174e+01
7.9950e+01
8.0404e+01
8.0526e+01
8.0319e+01
7.9792e+01
7.8947e+01
7.7799e+01
7.6348e+01
7.4573e+01
7.2428e+01
6.9876e+01
6.6883e+01
6.3404e+01
5.9399e+01
5.4837e+01
4.9711e+01
4.4042e+01
3.7917e+01
3.1491e+01
2.4966e+01
1.8601e+01
1.2699e+01
7.5874e+00
3.5832e+00
9.7999e-01
0000
7.6415e-01
3.2796e+00
7.4315e+00
1.2998e+01
1.9680e+01
2.7138e+01
3.5002e+01
4.2936e+01
5.0672e+01
5.8005e+01
6.4817e+01
7.1056e+01
7.6702e+01
8.1750e+01
8.6212e+01
9.0065e+01
9.3222e+01
9.5555e+01
9.6919e+01
9.7159e+01
9.6148e+01
9.3836e+01
9.0246e+01
8.5483e+01
7.9756e+01
7.3367e+01
6.6673e+01
6.0060e+01
5.3908e+01
4.8533e+01
4.4172e+01
4.0980e+01
3.9033e+01
3.8310e+01
3.8728e+01
4.0169e+01
4.2485e+01
4.5537e+01
4.9180e+01
5.3294e+01
5.7786e+01
6.2572e+01
6.7574e+01
7.2731e+01
7.7979e+01
8.3227e+01
8.8383e+01
9.3332e+01
9.7957e+01
1.0216e+02
1.0588e+02
1.0906e+02
1.1166e+02
1.1366e+02
1.1509e+02
1.1599e+02
1.1643e+02
1.1649e+02
1.1626e+02
1.1582e+02
1.1526e+02
1.1466e+02
1.1409e+02
1.1362e+02
1.1329e+02
1.1315e+02
1.1321e+02
1.1345e+02
1.1387e+02
1.1444e+02
1.1512e+02
1.1582e+02
1.1650e+02
1.1708e+02
1.1750e+02
1.1769e+02
1.1762e+02
1.1725e+02
1.1659e+02
1.1565e+02
1.1446e+02
1.1306e+02
1.1147e+02
1.0975e+02
1.0795e+02
1.0612e+02
1.0427e+02
1.0245e+02
1.0067e+02
9.8956e+01
9.7322e+01
9.5792e+01
9.4395e+01
9.3154e+01
9.2109e+01
9.1288e+01
9.0701e+01
9.0334e+01
9.0143e+01
9.0062e+01
8.9992e+01
8.9842e+01
8.9505e+01
8.8859e+01
8.7782e+01
8.6193e+01
8.4053e+01
8.1354e+01
7.8133e+01
7.4478e+01
7.0508e+01
6.6350e+01
6.2143e+01
5.8044e+01
5.4199e+01
5.0713e+01
4.7671e+01
4.5128e+01
4.3095e+01
4.1543e+01
4.0420e+01
3.9661e+01
3.9183e+01
3.8901e+01
3.8736e+01
3.8591e+01
3.8403e+01
3.8128e+01
3.7749e+01
3.7300e+01
3.6838e+01
3.6435e+01
3.6169e+01
3.6140e+01
3.6446e+01
3.7173e+01
3.8390e+01
4.0131e+01
4.2398e+01
4.5154e+01
4.8332e+01
5.1836e+01
5.5560e+01
5.9388e+01
6.3211e+01
6.6928e+01
7.0440e+01
7.3668e+01
7.6556e+01
7.9063e+01
8.1151e+01
8.2803e+01
8.3995e+01
8.4707e+01
8.4923e+01
8.4643e+01
8.3882e+01
8.2661e+01
8.1033e+01
7.9063e+01
7.6824e+01
7.4405e+01
7.1901e+01
6.9410e+01
6.7006e+01
6.4757e+01
6.2704e+01
6.0861e+01
5.9217e+01
5.7749e+01
5.6423e+01
5.5196e+01
5.4033e+01
5.2907e+01
5.1814e+01
5.0745e+01
4.9719e+01
4.8768e+01
4.7922e+01
4.7211e+01
4.6656e+01
4.6267e+01
4.6021e+01
4.5884e+01
4.5849e+01
4.5916e+01
4.6085e+01
4.6374e+01
4.6828e+01
4.7509e+01
4.8514e+01
4.9939e+01
5.1878e+01
5.4408e+01
5.7561e+01
6.1327e+01
6.5638e+01
7.0376e+01
7.5381e+01
8.0464e+01
8.5416e+01
9.0043e+01
9.4166e+01
9.7642e+01
1.0038e+02
1.0235e+02
1.0356e+02
1.0405e+02
1.0391e+02
1.0326e+02
1.0219e+02
1.0081e+02
9.9236e+01
9.7562e+01
9.5877e+01
9.4234e+01
9.2675e+01
9.1238e+01
8.9952e+01
8.8844e+01
8.7937e+01
8.7232e+01
8.6734e+01
8.6432e+01
8.6315e+01
8.6367e+01
8.6553e+01
8.6841e+01
8.7206e+01
8.7616e+01
8.8029e+01
8.8413e+01
8.8714e+01
8.8859e+01
8.8762e+01
8.8321e+01
8.7436e+01
8.6004e+01
8.3926e+01
8.1100e+01
7.7460e+01
7.3007e+01
6.7796e+01
6.1944e+01
5.5636e+01
4.9117e+01
4.2666e+01
3.6580e+01
3.1132e+01
2.6573e+01
2.3086e+01
2.0769e+01
1.9636e+01
1.9603e+01
2.0510e+01
2.2134e+01
2.4231e+01
2.6554e+01
2.8875e+01
3.1030e+01
3.2916e+01
3.4488e+01
3.5761e+01
3.6832e+01
3.7831e+01
3.8903e+01
4.0187e+01
4.1772e+01
4.3693e+01
4.5928e+01
4.8406e+01
5.0987e+01
5.3484e+01
5.5693e+01
5.7403e+01
5.8429e+01
5.8631e+01
5.7925e+01
5.6283e+01
5.3764e+01
5.0475e+01
4.6571e+01
4.2234e+01
3.7658e+01
3.3040e+01
2.8543e+01
2.4308e+01
2.0424e+01
1.6952e+01
1.3922e+01
1.1318e+01
9.1119e+00
7.2798e+00
5.7837e+00
4.6808e+00
4.1798e+00
4.5496e+00
6.1290e+00
9.3363e+00
1.4650e+01
2.2569e+01
3.3545e+01
4.7930e+01
6.5895e+01
8.7395e+01
1.1214e+02
1.3959e+02
1.6898e+02
1.9938e+02
