1.0327e+02
1.0262e+02
1.0189e+02
1.0113e+02
1.0036e+02
9.9624e+01
9.8970e+01
9.8423e+01
9.7995e+01
9.7689e+01
9.7535e+01
9.7594e+01
9.7954e+01
9.8721e+01
1.0002e+02
1.0201e+02
1.0485e+02
1.0872e+02
1.1373e+02
1.1998e+02
1.2748e+02
1.3617e+02
1.4586e+02
1.5629e+02
1.6713e+02
1.7797e+02
1.8837e+02
1.9793e+02
2.0631e+02
2.1323e+02
2.1853e+02
2.2216e+02
2.2418e+02
2.2479e+02
2.2423e+02
2.2283e+02
2.2089e+02
2.1874e+02
2.1666e+02
2.1492e+02
2.1368e+02
2.1306e+02
2.1310e+02
2.1377e+02
2.1505e+02
2.1688e+02
2.1919e+02
2.2191e+02
2.2494e+02
2.2816e+02
2.3141e+02
2.3455e+02
2.3738e+02
2.3972e+02
2.4134e+02
2.4205e+02
2.4167e+02
2.4009e+02
2.3715e+02
2.3276e+02
2.2685e+02
2.1943e+02
2.1053e+02
2.0021e+02
1.8856e+02
1.7568e+02
1.6175e+02
1.4696e+02
1.3157e+02
1.1587e+02
1.0024e+02
8.5093e+01
7.0840e+01
5.7868e+01
4.6526e+01
3.7092e+01
2.9737e+01
2.4509e+01
2.1313e+01
1.9948e+01
2.0135e+01
2.1527e+01
2.3749e+01
2.6440e+01
2.9281e+01
3.2011e+01
3.4437e+01
3.6426e+01
3.7922e+01
3.8954e+01
3.9615e+01
3.9994e+01
4.0174e+01
4.0251e+01
4.0315e+01
4.0440e+01
4.0682e+01
4.1079e+01
4.1650e+01
4.2399e+01
4.3316e+01
4.4372e+01
4.5542e+01
4.6814e+01
4.8184e+01
4.9640e+01
5.1169e+01
5.2755e+01
5.4386e+01
5.6071e+01
5.7822e+01
5.9659e+01
6.1590e+01
6.3618e+01
6.5722e+01
6.7864e+01
6.9985e+01
7.2010e+01
7.3847e+01
7.5381e+01
7.6487e+01
7.7028e+01
7.6894e+01
7.6021e+01
7.4385e+01
7.2022e+01
6.9019e+01
6.5531e+01
6.1775e+01
5.7998e+01
5.4456e+01
5.1403e+01
4.9067e+01
4.7617e+01
4.7150e+01
4.7698e+01
4.9233e+01
5.1672e+01
5.4905e+01
5.8789e+01
6.3162e+01
6.7870e+01
7.2755e+01
7.7672e+01
8.2495e+01
8.7115e+01
9.1461e+01
9.5490e+01
9.9154e+01
1.0239e+02
1.0513e+02
1.0734e+02
1.0898e+02
1.1003e+02
1.1046e+02
1.1025e+02
1.0941e+02
1.0795e+02
1.0593e+02
1.0340e+02
1.0049e+02
9.7331e+01
9.4101e+01
9.0990e+01
8.8195e+01
8.5913e+01
8.4327e+01
8.3587e+01
8.3806e+01
8.5037e+01
8.7265e+01
9.0405e+01
9.4307e+01
9.8779e+01
1.0360e+02
1.0852e+02
1.1330e+02
1.1770e+02
1.2150e+02
1.2456e+02
1.2679e+02
1.2821e+02
1.2884e+02
1.2880e+02
1.2822e+02
1.2728e+02
1.2613e+02
1.2494e+02
1.2384e+02
1.2295e+02
1.2230e+02
1.2193e+02
1.2182e+02
1.2192e+02
1.2220e+02
1.2262e+02
1.2316e+02
1.2382e+02
1.2462e+02
1.2559e+02
1.2675e+02
1.2814e+02
1.2981e+02
1.3177e+02
1.3398e+02
1.3641e+02
1.3898e+02
1.4159e+02
1.4415e+02
1.4652e+02
1.4862e+02
1.5036e+02
1.5166e+02
1.5249e+02
1.5286e+02
1.5278e+02
1.5232e+02
1.5155e+02
1.5057e+02
1.4946e+02
1.4826e+02
1.4706e+02
1.4587e+02
1.4471e+02
1.4356e+02
1.4239e+02
1.4116e+02
1.3978e+02
1.3819e+02
1.3628e+02
1.3400e+02
1.3130e+02
1.2814e+02
1.2454e+02
1.2050e+02
1.1611e+02
1.1143e+02
1.0660e+02
1.0173e+02
9.6976e+01
9.2489e+01
8.8407e+01
8.4849e+01
8.1909e+01
7.9648e+01
7.8093e+01
7.7241e+01
7.7062e+01
7.7518e+01
7.8550e+01
8.0112e+01
8.2169e+01
8.4685e+01
8.7646e+01
9.1032e+01
9.4817e+01
9.8964e+01
1.0343e+02
1.0816e+02
1.1309e+02
1.1816e+02
1.2327e+02
1.2833e+02
1.3328e+02
1.3804e+02
1.4256e+02
1.4682e+02
1.5079e+02
1.5446e+02
1.5781e+02
1.6084e+02
1.6352e+02
1.6585e+02
1.6783e+02
1.6946e+02
1.7078e+02
1.7185e+02
1.7278e+02
1.7369e+02
1.7471e+02
1.7600e+02
1.7769e+02
1.7991e+02
1.8275e+02
1.8623e+02
1.9032e+02
1.9493e+02
1.9987e+02
2.0491e+02
2.0977e+02
2.1416e+02
2.1781e+02
2.2044e+02
2.2185e+02
2.2191e+02
2.2056e+02
2.1784e+02
2.1388e+02
2.0888e+02
2.0310e+02
1.9685e+02
1.9046e+02
1.8422e+02
1.7840e+02
1.7322e+02
1.6884e+02
1.6534e+02
1.6274e+02
1.6098e+02
1.5995e+02
1.5951e+02
1.5950e+02
1.5975e+02
1.6008e+02
1.6034e+02
1.6041e+02
1.6015e+02
1.5950e+02
1.5841e+02
1.5688e+02
1.5494e+02
1.5263e+02
1.5000e+02
1.4715e+02
1.4418e+02
1.4126e+02
1.3853e+02
1.3617e+02
1.3436e+02
1.3327e+02
1.3307e+02
1.3390e+02
1.3583e+02
1.3890e+02
1.4304e+02
1.4812e+02
1.5396e+02
1.6029e+02
1.6679e+02
1.7314e+02
1.7903e+02
1.8418e+02
1.8838e+02
1.9150e+02
1.9350e+02
1.9441e+02
1.9434e+02
1.9346e+02
1.9195e+02
1.8999e+02
1.8775e+02
1.8536e+02
1.8289e+02
1.8039e+02
1.7787e+02
1.7532e+02
1.7271e+02
1.7000e+02
1.6720e+02
1.6432e+02
1.6141e+02
1.5851e+02
1.5570e+02
1.5303e+02
1.5053e+02
1.4827e+02
1.4626e+02
1.4449e+02
1.4295e+02
1.4159e+02
1.4037e+02
1.3927e+02
1.3826e+02
1.3732e+02
1.3647e+02
1.3571e+02
1.3506e+02
1.3455e+02
1.3426e+02
1.3425e+02
1.3463e+02
1.3549e+02
1.3692e+02
1.3904e+02
1.4195e+02
1.4573e+02
1.5042e+02
1.5602e+02
1.6250e+02
1.6975e+02
1.7763e+02
1.8594e+02
1.9445e+02
2.0291e+02
2.1107e+02
2.1874e+02
2.2568e+02
2.3170e+02
2.3662e+02
2.4033e+02
2.4273e+02
2.4374e+02
2.4330e+02
2.4138e+02
2.3799e+02
2.3318e+02
2.2706e+02
2.1982e+02
2.1173e+02
2.0307e+02
1.9417e+02
1.8540e+02
1.7710e+02
1.6959e+02
1.6315e+02
1.5796e+02
1.5410e+02
1.5158e+02
1.5032e+02
1.5016e+02
1.5092e+02
1.5237e+02
1.5430e+02
1.5647e+02
1.5870e+02
1.6083e+02
1.6270e+02
1.6422e+02
1.6536e+02
1.6609e+02
1.6640e+02
1.6631e+02
1.6586e+02
1.6511e+02
1.6416e+02
1.6308e+02
1.6197e+02
1.6090e+02
1.5997e+02
1.5922e+02
1.5872e+02
1.5850e+02
1.5857e+02
1.5893e+02
1.5957e+02
1.6045e+02
1.6155e+02
1.6283e+02
1.6424e+02
1.6576e+02
1.6733e+02
1.6890e+02
1.7044e+02
1.7190e+02
1.7325e+02
1.7446e+02
1.7551e+02
1.7639e+02
1.7709e+02
1.7760e+02
1.7786e+02
1.7775e+02
1.7712e+02
1.7580e+02
1.7357e+02
1.7018e+02
1.6538e+02
1.5896e+02
1.5077e+02
1.4076e+02
1.2898e+02
1.1564e+02
1.0106e+02
8.5711e+01
7.0158e+01
5.5035e+01
4.0983e+01
2.8613e+01
1.8469e+01
1.0974e+01
6.4132e+00
4.9171e+00
6.4511e+00
1.0825e+01
1.7721e+01
2.6704e+01
3.7263e+01
4.8849e+01
6.0907e+01
7.2900e+01
8.4344e+01
9.4865e+01
1.0421e+02
1.1222e+02
1.1883e+02
1.2409e+02
1.2810e+02
1.3106e+02
1.3314e+02
1.3453e+02
1.3540e+02
1.3590e+02
1.3612e+02
1.3612e+02
1.3595e+02
1.3558e+02
1.3501e+02
1.3425e+02
1.3333e+02
1.3231e+02
1.3127e+02
1.3030e+02
1.2949e+02
1.2893e+02
1.2872e+02
1.2889e+02
1.2947e+02
1.3046e+02
1.3178e+02
1.3338e+02
1.3516e+02
1.3703e+02
1.3890e+02
1.4071e+02
1.4243e+02
1.4410e+02
1.4580e+02
1.4765e+02
1.4982e+02
1.5253e+02
1.5596e+02
1.6033e+02
1.6577e+02
1.7238e+02
1.8015e+02
1.8893e+02
1.9847e+02
2.0836e+02
2.1814e+02
2.2724e+02
2.3508e+02
2.4113e+02
2.4493e+02
2.4614e+02
2.4462e+02
2.4037e+02
2.3357e+02
2.2461e+02
2.1398e+02
2.0228e+02
1.9011e+02
1.7805e+02
1.6662e+02
1.5622e+02
1.4713e+02
1.3948e+02
1.3330e+02
1.2849e+02
1.2492e+02
1.2239e+02
1.2073e+02
1.1976e+02
1.1936e+02
1.1940e+02
1.1983e+02
1.2059e+02
1.2168e+02
1.2310e+02
1.2487e+02
1.2697e+02
1.2940e+02
1.3211e+02
1.3507e+02
1.3820e+02
1.4143e+02
1.4467e+02
1.4777e+02
1.5054e+02
1.5275e+02
1.5412e+02
1.5439e+02
1.5328e+02
1.5054e+02
1.4594e+02
1.3936e+02
1.3078e+02
1.2030e+02
1.0815e+02
9.4659e+01
8.0313e+01
6.5679e+01
5.1369e+01
3.7974e+01
2.6049e+01
1.6055e+01
8.3294e+00
3.0735e+00
3.3232e-01
0000
1.8405e+00
5.5119e+00
1.0595e+01
1.6622e+01
2.3119e+01
2.9640e+01
3.5778e+01
4.1185e+01
4.5614e+01
4.8933e+01
5.1091e+01
5.2107e+01
5.2056e+01
5.1080e+01
4.9364e+01
4.7113e+01
4.4545e+01
4.1866e+01
3.9257e+01
3.6873e+01
3.4842e+01
3.3242e+01
3.2094e+01
3.1392e+01
3.1119e+01
3.1235e+01
3.1684e+01
3.2400e+01
3.3310e+01
3.4356e+01
3.5485e+01
3.6649e+01
3.7815e+01
3.8968e+01
4.0114e+01
4.1265e+01
4.2434e+01
4.3627e+01
4.4854e+01
4.6116e+01
4.7411e+01
4.8723e+01
5.0026e+01
5.1298e+01
5.2504e+01
5.3618e+01
5.4622e+01
5.5504e+01
5.6269e+01
5.6946e+01
5.7578e+01
5.8207e+01
5.8876e+01
5.9630e+01
6.0511e+01
6.1558e+01
6.2797e+01
6.4234e+01
6.5866e+01
6.7682e+01
6.9649e+01
7.1745e+01
7.3964e+01
7.6282e+01
7.8670e+01
8.1103e+01
8.3558e+01
8.6008e+01
8.8438e+01
9.0820e+01
9.3106e+01
9.5235e+01
9.7148e+01
9.8780e+01
1.0007e+02
1.0097e+02
1.0142e+02
1.0142e+02
1.0098e+02
1.0012e+02
9.8902e+01
9.7360e+01
9.5565e+01
9.3584e+01
9.1474e+01
8.9257e+01
8.6926e+01
8.4449e+01
8.1782e+01
7.8873e+01
7.5672e+01
7.2151e+01
6.8297e+01
6.4136e+01
5.9745e+01
5.5243e+01
5.0770e+01
4.6481e+01
4.2532e+01
3.9060e+01
3.6174e+01
3.3942e+01
3.2388e+01
3.1484e+01
3.1153e+01
3.1284e+01
3.1748e+01
3.2411e+01
3.3141e+01
3.3824e+01
3.4371e+01
3.4737e+01
3.4925e+01
3.4968e+01
3.4929e+01
3.4897e+01
3.4982e+01
3.5286e+01
3.5904e+01
3.6911e+01
3.8375e+01
4.0371e+01
4.2969e+01
4.6228e+01
5.0195e+01
5.4930e+01
6.0490e+01
6.6928e+01
7.4290e+01
8.2588e+01
9.1774e+01
1.0175e+02
1.1239e+02
1.2346e+02
1.3472e+02
1.4587e+02
1.5663e+02
1.6671e+02
1.7588e+02
1.8393e+02
1.9068e+02
1.9602e+02
1.9985e+02
2.0215e+02
2.0291e+02
2.0215e+02
1.9989e+02
1.9619e+02
1.9116e+02
1.8494e+02
1.7774e+02
1.6981e+02
1.6146e+02
1.5301e+02
1.4479e+02
1.3716e+02
1.3038e+02
1.2468e+02
1.2018e+02
1.1693e+02
1.1485e+02
1.1383e+02
1.1366e+02
1.1411e+02
1.1495e+02
1.1599e+02
1.1705e+02
1.1804e+02
1.1891e+02
1.1967e+02
1.2039e+02
1.2121e+02
1.2230e+02
1.2382e+02
1.2595e+02
1.2883e+02
1.3254e+02
1.3714e+02
1.4261e+02
1.4885e+02
1.5568e+02
1.6286e+02
1.7007e+02
1.7697e+02
1.8320e+02
1.8841e+02
1.9231e+02
1.9467e+02
1.9538e+02
1.9439e+02
1.9180e+02
1.8778e+02
1.8259e+02
1.7654e+02
1.6994e+02
1.6312e+02
1.5635e+02
1.4988e+02
1.4386e+02
1.3837e+02
1.3344e+02
1.2906e+02
1.2519e+02
1.2177e+02
1.1873e+02
1.1601e+02
1.1359e+02
1.1144e+02
1.0954e+02
1.0788e+02
1.0647e+02
1.0529e+02
1.0432e+02
1.0353e+02
1.0287e+02
1.0229e+02
1.0177e+02
1.0126e+02
1.0075e+02
1.0026e+02
9.9842e+01
9.9571e+01
9.9549e+01
9.9884e+01
1.0069e+02
1.0208e+02
1.0415e+02
1.0695e+02
1.1050e+02
1.1479e+02
1.1974e+02
1.2522e+02
1.3107e+02
1.3712e+02
1.4317e+02
1.4905e+02
1.5463e+02
1.5975e+02
1.6426e+02
1.6802e+02
1.7093e+02
1.7287e+02
1.7374e+02
1.7346e+02
1.7201e+02
1.6937e+02
1.6559e+02
1.6080e+02
1.5521e+02
1.4910e+02
1.4282e+02
1.3672e+02
1.3113e+02
1.2638e+02
1.2269e+02
1.2020e+02
1.1891e+02
1.1872e+02
1.1945e+02
1.2081e+02
1.2253e+02
1.2434e+02
1.2600e+02
1.2736e+02
1.2834e+02
1.2895e+02
1.2924e+02
1.2928e+02
1.2918e+02
1.2907e+02
1.2903e+02
1.2912e+02
1.2933e+02
1.2966e+02
1.3008e+02
1.3053e+02
1.3098e+02
1.3144e+02
1.3191e+02
1.3246e+02
1.3312e+02
1.3395e+02
1.3501e+02
1.3635e+02
1.3801e+02
1.4000e+02
1.4234e+02
1.4501e+02
1.4800e+02
1.5128e+02
1.5483e+02
1.5865e+02
1.6271e+02
1.6699e+02
1.7148e+02
1.7613e+02
1.8090e+02
1.8575e+02
1.9056e+02
1.9524e+02
1.9966e+02
2.0372e+02
2.0731e+02
2.1033e+02
2.1268e+02
2.1432e+02
2.1522e+02
2.1537e+02
2.1478e+02
2.1349e+02
2.1155e+02
2.0900e+02
2.0590e+02
2.0232e+02
1.9831e+02
1.9391e+02
1.8917e+02
1.8414e+02
1.7887e+02
1.7342e+02
1.6785e+02
1.6223e+02
1.5664e+02
1.5117e+02
1.4588e+02
1.4085e+02
1.3613e+02
1.3174e+02
1.2772e+02
1.2406e+02
1.2078e+02
1.1785e+02
1.1526e+02
1.1301e+02
1.1109e+02
1.0951e+02
1.0827e+02
1.0740e+02
1.0693e+02
1.0689e+02
1.0730e+02
1.0818e+02
1.0952e+02
1.1127e+02
1.1339e+02
1.1579e+02
1.1837e+02
1.2104e+02
1.2365e+02
1.2611e+02
1.2834e+02
1.3025e+02
1.3179e+02
1.3295e+02
1.3372e+02
1.3413e+02
1.3421e+02
1.3402e+02
1.3362e+02
1.3308e+02
1.3246e+02
1.3184e+02
1.3127e+02
1.3082e+02
1.3051e+02
1.3039e+02
1.3047e+02
1.3078e+02
1.3132e+02
1.3207e+02
1.3302e+02
1.3412e+02
1.3533e+02
1.3661e+02
1.3791e+02
1.3921e+02
1.4047e+02
1.4169e+02
1.4287e+02
1.4402e+02
1.4516e+02
1.4631e+02
1.4753e+02
1.4883e+02
1.5024e+02
1.5179e+02
1.5349e+02
1.5534e+02
1.5733e+02
1.5944e+02
1.6164e+02
1.6386e+02
1.6606e+02
1.6818e+02
1.7017e+02
1.7197e+02
1.7352e+02
1.7477e+02
1.7569e+02
1.7623e+02
1.7635e+02
1.7603e+02
1.7526e+02
1.7401e+02
1.7224e+02
1.6992e+02
1.6704e+02
1.6359e+02
1.5960e+02
1.5510e+02
1.5015e+02
1.4484e+02
1.3930e+02
1.3365e+02
1.2806e+02
1.2271e+02
1.1778e+02
1.1346e+02
1.0989e+02
1.0721e+02
1.0554e+02
1.0493e+02
1.0541e+02
1.0695e+02
1.0949e+02
1.1290e+02
1.1704e+02
1.2176e+02
1.2686e+02
1.3213e+02
1.3734e+02
1.4226e+02
1.4668e+02
1.5044e+02
1.5338e+02
1.5542e+02
1.5651e+02
1.5664e+02
1.5584e+02
1.5420e+02
1.5185e+02
1.4895e+02
1.4568e+02
1.4223e+02
1.3877e+02
1.3546e+02
1.3241e+02
1.2973e+02
1.2744e+02
1.2559e+02
1.2415e+02
1.2310e+02
1.2236e+02
1.2190e+02
1.2167e+02
1.2163e+02
1.2174e+02
1.2200e+02
1.2236e+02
1.2278e+02
1.2324e+02
1.2369e+02
1.2409e+02
1.2437e+02
1.2443e+02
1.2418e+02
1.2354e+02
1.2244e+02
1.2086e+02
1.1882e+02
1.1636e+02
1.1356e+02
1.1052e+02
1.0736e+02
1.0419e+02
1.0113e+02
9.8263e+01
9.5655e+01
9.3335e+01
9.1299e+01
8.9514e+01
8.7952e+01
8.6609e+01
8.5504e+01
8.4683e+01
8.4220e+01
8.4219e+01
8.4799e+01
8.6103e+01
8.8255e+01
9.1341e+01
9.5409e+01
1.0043e+02
1.0632e+02
1.1289e+02
1.1995e+02
1.2725e+02
1.3454e+02
1.4158e+02
1.4817e+02
1.5414e+02
1.5937e+02
1.6382e+02
1.6750e+02
1.7047e+02
1.7283e+02
1.7467e+02
1.7611e+02
1.7723e+02
1.7813e+02
1.7887e+02
1.7951e+02
1.8008e+02
1.8060e+02
1.8107e+02
1.8152e+02
1.8192e+02
1.8220e+02
1.8225e+02
1.8194e+02
1.8110e+02
1.7953e+02
1.7703e+02
1.7340e+02
1.6848e+02
1.6219e+02
1.5458e+02
1.4576e+02
1.3599e+02
1.2560e+02
1.1502e+02
1.0470e+02
9.5116e+01
8.6688e+01
7.9739e+01
7.4478e+01
7.0983e+01
6.9200e+01
6.8953e+01
6.9971e+01
7.1916e+01
7.4431e+01
7.7208e+01
8.0002e+01
8.2637e+01
8.5027e+01
8.7155e+01
8.9096e+01
9.1028e+01
9.3144e+01
9.5627e+01
9.8632e+01
1.0227e+02
1.0655e+02
1.1141e+02
1.1671e+02
1.2222e+02
1.2766e+02
1.3273e+02
1.3713e+02
1.4058e+02
1.4286e+02
1.4385e+02
1.4348e+02
1.4180e+02
1.3896e+02
1.3518e+02
1.3072e+02
1.2585e+02
1.2089e+02
1.1612e+02
1.1179e+02
1.0810e+02
1.0519e+02
1.0313e+02
1.0195e+02
1.0163e+02
1.0211e+02
1.0329e+02
1.0504e+02
1.0719e+02
1.0959e+02
1.1205e+02
1.1440e+02
1.1650e+02
1.1826e+02
1.1958e+02
1.2046e+02
1.2088e+02
1.2088e+02
1.2057e+02
1.2004e+02
1.1943e+02
1.1886e+02
1.1843e+02
1.1824e+02
1.1832e+02
1.1872e+02
1.1940e+02
1.2034e+02
1.2147e+02
1.2273e+02
1.2405e+02
1.2536e+02
1.2660e+02
1.2773e+02
1.2871e+02
1.2953e+02
1.3017e+02
1.3063e+02
1.3095e+02
1.3115e+02
1.3128e+02
1.3139e+02
1.3152e+02
1.3171e+02
1.3200e+02
1.3243e+02
1.3302e+02
1.3380e+02
1.3478e+02
1.3595e+02
1.3730e+02
1.3881e+02
1.4047e+02
1.4226e+02
1.4415e+02
1.4611e+02
1.4811e+02
1.5013e+02
1.5214e+02
1.5411e+02
1.5600e+02
1.5779e+02
1.5947e+02
1.6101e+02
1.6241e+02
1.6368e+02
1.6481e+02
1.6582e+02
1.6672e+02
1.6750e+02
1.6819e+02
1.6876e+02
1.6922e+02
1.6958e+02
1.6985e+02
1.7007e+02
1.7028e+02
1.7055e+02
1.7092e+02
1.7149e+02
1.7233e+02
1.7350e+02
1.7504e+02
1.7697e+02
1.7926e+02
1.8187e+02
1.8468e+02
1.8754e+02
1.9027e+02
1.9266e+02
1.9448e+02
1.9554e+02
1.9568e+02
1.9476e+02
1.9272e+02
1.8959e+02
1.8545e+02
1.8045e+02
1.7480e+02
1.6876e+02
1.6259e+02
1.5653e+02
1.5082e+02
1.4560e+02
1.4094e+02
1.3687e+02
1.3332e+02
1.3019e+02
1.2734e+02
1.2464e+02
1.2197e+02
1.1924e+02
1.1644e+02
1.1356e+02
1.1066e+02
1.0781e+02
1.0509e+02
1.0259e+02
1.0037e+02
9.8478e+01
9.6934e+01
9.5722e+01
9.4803e+01
9.4133e+01
9.3675e+01
9.3409e+01
9.3332e+01
9.3466e+01
9.3853e+01
9.4549e+01
9.5613e+01
9.7085e+01
9.8972e+01
1.0125e+02
1.0388e+02
1.0678e+02
1.0983e+02
1.1285e+02
1.1566e+02
1.1808e+02
1.1991e+02
1.2098e+02
1.2115e+02
1.2033e+02
1.1846e+02
1.1556e+02
1.1165e+02
1.0684e+02
1.0125e+02
9.5045e+01
8.8404e+01
8.1498e+01
7.4523e+01
6.7669e+01
6.1112e+01
5.5018e+01
4.9537e+01
4.4787e+01
4.0861e+01
3.7841e+01
3.5769e+01
3.4655e+01
3.4474e+01
3.5166e+01
3.6638e+01
3.8768e+01
4.1409e+01
4.4416e+01
4.7680e+01
5.1097e+01
5.4593e+01
5.8138e+01
6.1741e+01
6.5440e+01
6.9304e+01
7.3425e+01
7.7891e+01
8.2784e+01
8.8161e+01
9.4046e+01
1.0041e+02
1.0720e+02
1.1430e+02
1.2156e+02
1.2880e+02
1.3582e+02
1.4243e+02
1.4845e+02
1.5373e+02
1.5818e+02
1.6173e+02
1.6438e+02
1.6618e+02
1.6722e+02
1.6763e+02
1.6760e+02
1.6728e+02
1.6689e+02
1.6659e+02
1.6657e+02
1.6696e+02
1.6789e+02
1.6945e+02
1.7167e+02
1.7456e+02
1.7809e+02
1.8220e+02
1.8679e+02
1.9172e+02
1.9684e+02
2.0195e+02
2.0686e+02
2.1137e+02
2.1529e+02
2.1846e+02
2.2072e+02
2.2200e+02
2.2221e+02
2.2135e+02
2.1943e+02
2.1654e+02
2.1276e+02
2.0824e+02
2.0311e+02
1.9754e+02
1.9170e+02
1.8574e+02
1.7981e+02
1.7403e+02
1.6851e+02
1.6336e+02
1.5863e+02
1.5438e+02
1.5067e+02
1.4750e+02
1.4490e+02
1.4286e+02
1.4135e+02
1.4035e+02
1.3982e+02
1.3968e+02
1.3989e+02
1.4036e+02
1.4103e+02
1.4184e+02
1.4274e+02
1.4368e+02
1.4464e+02
1.4561e+02
1.4655e+02
1.4741e+02
1.4813e+02
1.4866e+02
1.4889e+02
1.4876e+02
1.4817e+02
1.4702e+02
1.4525e+02
1.4285e+02
1.3984e+02
1.3630e+02
1.3235e+02
1.2817e+02
1.2393e+02
1.1982e+02
1.1601e+02
1.1265e+02
1.0982e+02
1.0756e+02
1.0587e+02
1.0468e+02
1.0391e+02
1.0346e+02
1.0323e+02
1.0313e+02
1.0308e+02
1.0303e+02
1.0296e+02
1.0285e+02
1.0269e+02
1.0251e+02
1.0235e+02
1.0224e+02
1.0218e+02
1.0217e+02
1.0222e+02
1.0231e+02
1.0246e+02
1.0266e+02
1.0292e+02
1.0326e+02
1.0367e+02
1.0416e+02
1.0476e+02
1.0547e+02
1.0630e+02
1.0726e+02
1.0837e+02
1.0964e+02
1.1108e+02
1.1268e+02
1.1445e+02
1.1638e+02
1.1845e+02
1.2066e+02
1.2301e+02
1.2547e+02
1.2806e+02
1.3074e+02
1.3352e+02
1.3640e+02
1.3935e+02
1.4237e+02
1.4543e+02
1.4849e+02
1.5154e+02
1.5455e+02
1.5748e+02
1.6029e+02
1.6296e+02
1.6544e+02
1.6770e+02
1.6973e+02
1.7151e+02
1.7303e+02
1.7432e+02
1.7541e+02
1.7637e+02
1.7728e+02
1.7822e+02
1.7929e+02
1.8061e+02
1.8230e+02
1.8443e+02
1.8708e+02
1.9026e+02
1.9394e+02
1.9806e+02
2.0249e+02
2.0710e+02
2.1170e+02
2.1611e+02
2.2018e+02
2.2377e+02
2.2679e+02
2.2919e+02
2.3095e+02
2.3212e+02
2.3277e+02
2.3298e+02
2.3289e+02
2.3260e+02
2.3221e+02
2.3182e+02
2.3149e+02
2.3125e+02
2.3113e+02
2.3109e+02
2.3111e+02
2.3113e+02
2.3111e+02
2.3098e+02
2.3070e+02
2.3025e+02
2.2961e+02
2.2879e+02
2.2782e+02
2.2675e+02
2.2565e+02
2.2459e+02
2.2366e+02
2.2292e+02
2.2244e+02
2.2227e+02
2.2241e+02
2.2287e+02
2.2362e+02
2.2462e+02
2.2582e+02
2.2714e+02
2.2853e+02
2.2989e+02
2.3114e+02
2.3223e+02
2.3307e+02
2.3361e+02
2.3381e+02
2.3364e+02
2.3309e+02
2.3219e+02
2.3096e+02
2.2944e+02
2.2770e+02
2.2578e+02
2.2375e+02
2.2167e+02
2.1960e+02
2.1758e+02
2.1563e+02
2.1380e+02
2.1206e+02
2.1043e+02
2.0886e+02
2.0734e+02
2.0584e+02
2.0432e+02
2.0276e+02
2.0115e+02
1.9948e+02
1.9778e+02
1.9607e+02
1.9439e+02
1.9279e+02
1.9131e+02
1.9000e+02
1.8892e+02
1.8808e+02
1.8750e+02
1.8713e+02
1.8694e+02
1.8686e+02
1.8683e+02
1.8679e+02
1.8669e+02
1.8650e+02
1.8620e+02
1.8578e+02
1.8528e+02
1.8472e+02
1.8415e+02
1.8360e+02
1.8312e+02
1.8273e+02
1.8243e+02
1.8221e+02
1.8206e+02
1.8196e+02
1.8186e+02
1.8176e+02
1.8162e+02
1.8139e+02
1.8102e+02
1.8047e+02
1.7970e+02
1.7866e+02
1.7731e+02
1.7559e+02
1.7346e+02
1.7092e+02
1.6797e+02
1.6467e+02
1.6109e+02
1.5730e+02
1.5341e+02
1.4955e+02
1.4583e+02
1.4236e+02
1.3924e+02
1.3651e+02
1.3422e+02
1.3239e+02
1.3102e+02
1.3007e+02
1.2952e+02
1.2933e+02
1.2946e+02
1.2987e+02
1.3052e+02
1.3135e+02
1.3228e+02
1.3321e+02
1.3407e+02
1.3476e+02
1.3515e+02
1.3515e+02
1.3465e+02
1.3360e+02
1.3195e+02
1.2972e+02
1.2694e+02
1.2370e+02
1.2011e+02
1.1632e+02
1.1247e+02
1.0868e+02
1.0510e+02
1.0182e+02
9.8904e+01
9.6394e+01
9.4294e+01
9.2588e+01
9.1245e+01
9.0223e+01
8.9474e+01
8.8964e+01
8.8674e+01
8.8586e+01
8.8684e+01
8.8951e+01
8.9378e+01
8.9956e+01
9.0662e+01
9.1467e+01
9.2333e+01
9.3227e+01
9.4117e+01
9.4988e+01
9.5850e+01
9.6751e+01
9.7778e+01
9.9048e+01
1.0069e+02
1.0285e+02
1.0564e+02
1.0918e+02
1.1354e+02
1.1871e+02
1.2464e+02
1.3121e+02
1.3825e+02
1.4553e+02
1.5280e+02
1.5977e+02
1.6620e+02
1.7188e+02
1.7662e+02
1.8034e+02
1.8296e+02
1.8446e+02
1.8486e+02
1.8422e+02
1.8261e+02
1.8012e+02
1.7682e+02
1.7279e+02
1.6813e+02
1.6292e+02
1.5727e+02
1.5129e+02
1.4513e+02
1.3892e+02
1.3280e+02
1.2691e+02
1.2139e+02
1.1636e+02
1.1190e+02
1.0807e+02
1.0486e+02
1.0225e+02
1.0018e+02
9.8566e+01
9.7292e+01
9.6262e+01
9.5376e+01
9.4545e+01
9.3695e+01
9.2764e+01
9.1707e+01
9.0523e+01
8.9243e+01
8.7898e+01
8.6543e+01
8.5234e+01
8.4021e+01
8.2959e+01
8.2094e+01
8.1457e+01
8.1069e+01
8.0939e+01
8.1051e+01
8.1380e+01
8.1897e+01
8.2565e+01
8.3358e+01
8.4258e+01
8.5232e+01
8.6252e+01
8.7311e+01
8.8399e+01
8.9503e+01
9.0613e+01
9.1722e+01
9.2818e+01
9.3887e+01
9.4919e+01
9.5900e+01
9.6810e+01
9.7640e+01
9.8389e+01
9.9059e+01
9.9668e+01
1.0024e+02
1.0082e+02
1.0144e+02
1.0217e+02
1.0306e+02
1.0415e+02
1.0548e+02
1.0709e+02
1.0897e+02
1.1113e+02
1.1351e+02
1.1608e+02
1.1880e+02
1.2163e+02
1.2456e+02
1.2759e+02
1.3075e+02
1.3409e+02
1.3770e+02
1.4166e+02
1.4605e+02
1.5093e+02
1.5633e+02
1.6222e+02
1.6853e+02
1.7516e+02
1.8195e+02
1.8875e+02
1.9537e+02
2.0165e+02
2.0743e+02
2.1261e+02
2.1711e+02
2.2092e+02
2.2403e+02
2.2650e+02
2.2838e+02
2.2974e+02
2.3065e+02
2.3118e+02
2.3137e+02
2.3130e+02
2.3104e+02
2.3063e+02
2.3013e+02
2.2958e+02
2.2903e+02
2.2854e+02
2.2815e+02
2.2788e+02
2.2774e+02
2.2774e+02
2.2783e+02
2.2799e+02
2.2816e+02
2.2830e+02
2.2834e+02
2.2823e+02
2.2793e+02
2.2741e+02
2.2667e+02
2.2573e+02
2.2461e+02
2.2338e+02
2.2208e+02
2.2080e+02
2.1961e+02
2.1859e+02
2.1781e+02
2.1730e+02
2.1711e+02
2.1724e+02
2.1765e+02
2.1832e+02
2.1917e+02
2.2016e+02
2.2121e+02
2.2227e+02
2.2331e+02
2.2431e+02
2.2528e+02
2.2623e+02
2.2719e+02
2.2819e+02
2.2927e+02
2.3043e+02
2.3169e+02
2.3303e+02
2.3441e+02
2.3573e+02
2.3690e+02
2.3779e+02
2.3826e+02
2.3821e+02
2.3751e+02
2.3606e+02
2.3380e+02
2.3072e+02
2.2684e+02
2.2227e+02
2.1713e+02
2.1161e+02
2.0595e+02
2.0037e+02
1.9511e+02
1.9040e+02
1.8639e+02
1.8323e+02
1.8099e+02
1.7968e+02
1.7924e+02
1.7959e+02
1.8060e+02
1.8213e+02
1.8404e+02
1.8616e+02
1.8835e+02
1.9047e+02
1.9238e+02
1.9398e+02
1.9517e+02
1.9586e+02
1.9599e+02
1.9550e+02
1.9438e+02
1.9263e+02
1.9030e+02
1.8749e+02
1.8432e+02
1.8092e+02
1.7746e+02
1.7408e+02
1.7094e+02
1.6815e+02
1.6581e+02
1.6395e+02
1.6258e+02
1.6169e+02
1.6124e+02
1.6116e+02
1.6139e+02
1.6185e+02
1.6248e+02
1.6323e+02
1.6400e+02
1.6470e+02
1.6523e+02
1.6550e+02
1.6540e+02
1.6481e+02
1.6364e+02
1.6181e+02
1.5927e+02
1.5604e+02
1.5216e+02
1.4773e+02
1.4290e+02
1.3784e+02
