5.5225e+01
5.0850e+01
4.7011e+01
4.3863e+01
4.1503e+01
3.9996e+01
3.9369e+01
3.9596e+01
4.0629e+01
4.2407e+01
4.4874e+01
4.7991e+01
5.1740e+01
5.6123e+01
6.1145e+01
6.6799e+01
7.3068e+01
7.9903e+01
8.7206e+01
9.4836e+01
1.0260e+02
1.1028e+02
1.1763e+02
1.2443e+02
1.3047e+02
1.3555e+02
1.3951e+02
1.4226e+02
1.4374e+02
1.4392e+02
1.4286e+02
1.4062e+02
1.3729e+02
1.3299e+02
1.2788e+02
1.2215e+02
1.1598e+02
1.0958e+02
1.0317e+02
9.6973e+01
9.1198e+01
8.6034e+01
8.1627e+01
7.8070e+01
7.5416e+01
7.3667e+01
7.2780e+01
7.2673e+01
7.3246e+01
7.4385e+01
7.5977e+01
7.7909e+01
8.0052e+01
8.2295e+01
8.4529e+01
8.6644e+01
8.8539e+01
9.0136e+01
9.1362e+01
9.2140e+01
9.2398e+01
9.2093e+01
9.1220e+01
8.9812e+01
8.7943e+01
8.5715e+01
8.3256e+01
8.0705e+01
7.8203e+01
7.5888e+01
7.3889e+01
7.2315e+01
7.1251e+01
7.0758e+01
7.0872e+01
7.1579e+01
7.2850e+01
7.4627e+01
7.6842e+01
7.9414e+01
8.2260e+01
8.5287e+01
8.8419e+01
9.1611e+01
9.4817e+01
9.8008e+01
1.0117e+02
1.0430e+02
1.0740e+02
1.1048e+02
1.1353e+02
1.1658e+02
1.1964e+02
1.2270e+02
1.2575e+02
1.2879e+02
1.3183e+02
1.3488e+02
1.3796e+02
1.4113e+02
1.4441e+02
1.4785e+02
1.5149e+02
1.5535e+02
1.5942e+02
1.6368e+02
1.6808e+02
1.7256e+02
1.7704e+02
1.8143e+02
1.8564e+02
1.8960e+02
1.9322e+02
1.9643e+02
1.9918e+02
2.0144e+02
2.0316e+02
2.0435e+02
2.0499e+02
2.0509e+02
2.0466e+02
2.0371e+02
2.0227e+02
2.0040e+02
1.9815e+02
1.9560e+02
1.9285e+02
1.8997e+02
1.8707e+02
1.8424e+02
1.8154e+02
1.7902e+02
1.7669e+02
1.7454e+02
1.7252e+02
1.7057e+02
1.6860e+02
1.6652e+02
1.6423e+02
1.6169e+02
1.5884e+02
1.5570e+02
1.5230e+02
1.4873e+02
1.4510e+02
1.4156e+02
1.3825e+02
1.3529e+02
1.3280e+02
1.3088e+02
1.2956e+02
1.2887e+02
1.2879e+02
1.2928e+02
1.3029e+02
1.3176e+02
1.3362e+02
1.3583e+02
1.3833e+02
1.4107e+02
1.4402e+02
1.4710e+02
1.5023e+02
1.5330e+02
1.5620e+02
1.5876e+02
1.6085e+02
1.6232e+02
1.6305e+02
1.6295e+02
1.6200e+02
1.6022e+02
1.5770e+02
1.5459e+02
1.5103e+02
1.4724e+02
1.4339e+02
1.3965e+02
1.3616e+02
1.3301e+02
1.3023e+02
1.2778e+02
1.2564e+02
1.2370e+02
1.2190e+02
1.2012e+02
1.1834e+02
1.1652e+02
1.1466e+02
1.1281e+02
1.1101e+02
1.0932e+02
1.0780e+02
1.0652e+02
1.0549e+02
1.0472e+02
1.0417e+02
1.0381e+02
1.0356e+02
1.0338e+02
1.0321e+02
1.0300e+02
1.0273e+02
1.0237e+02
1.0195e+02
1.0150e+02
1.0105e+02
1.0065e+02
1.0036e+02
1.0022e+02
1.0027e+02
1.0054e+02
1.0103e+02
1.0175e+02
1.0268e+02
1.0381e+02
1.0513e+02
1.0660e+02
1.0820e+02
1.0991e+02
1.1169e+02
1.1354e+02
1.1542e+02
1.1731e+02
1.1915e+02
1.2089e+02
1.2246e+02
1.2378e+02
1.2479e+02
1.2541e+02
1.2558e+02
1.2524e+02
1.2439e+02
1.2304e+02
1.2124e+02
1.1906e+02
1.1659e+02
1.1395e+02
1.1124e+02
1.0855e+02
1.0596e+02
1.0351e+02
1.0122e+02
9.9108e+01
9.7159e+01
9.5371e+01
9.3785e+01
9.2460e+01
9.1492e+01
9.1012e+01
9.1180e+01
9.2167e+01
9.4157e+01
9.7303e+01
1.0172e+02
1.0745e+02
1.1447e+02
1.2266e+02
1.3180e+02
1.4164e+02
1.5186e+02
1.6214e+02
1.7216e+02
1.8163e+02
1.9034e+02
1.9810e+02
2.0482e+02
2.1045e+02
2.1491e+02
2.1809e+02
2.1986e+02
2.2005e+02
2.1847e+02
2.1488e+02
2.0903e+02
2.0074e+02
1.8990e+02
1.7657e+02
1.6106e+02
1.4387e+02
1.2572e+02
1.0749e+02
9.0204e+01
7.4887e+01
6.2498e+01
5.3824e+01
4.9403e+01
4.9462e+01
5.3903e+01
6.2298e+01
7.3933e+01
8.7896e+01
1.0316e+02
1.1870e+02
1.3358e+02
1.4699e+02
1.5836e+02
1.6733e+02
1.7375e+02
1.7773e+02
1.7955e+02
1.7960e+02
1.7829e+02
1.7603e+02
1.7322e+02
1.7022e+02
1.6735e+02
1.6486e+02
1.6289e+02
1.6151e+02
1.6077e+02
1.6068e+02
1.6122e+02
1.6238e+02
1.6411e+02
1.6636e+02
1.6909e+02
1.7224e+02
1.7575e+02
1.7954e+02
1.8351e+02
1.8754e+02
1.9152e+02
1.9532e+02
1.9878e+02
2.0174e+02
2.0407e+02
2.0565e+02
2.0637e+02
2.0619e+02
2.0514e+02
2.0326e+02
2.0069e+02
1.9757e+02
1.9411e+02
1.9050e+02
1.8695e+02
1.8363e+02
1.8070e+02
1.7827e+02
1.7643e+02
1.7522e+02
1.7464e+02
1.7467e+02
1.7529e+02
1.7645e+02
1.7810e+02
1.8018e+02
1.8265e+02
1.8545e+02
1.8852e+02
1.9182e+02
1.9527e+02
1.9878e+02
2.0224e+02
2.0555e+02
2.0860e+02
2.1126e+02
2.1345e+02
2.1508e+02
2.1609e+02
2.1644e+02
2.1613e+02
2.1519e+02
2.1368e+02
2.1171e+02
2.0937e+02
2.0679e+02
2.0409e+02
2.0137e+02
1.9874e+02
1.9625e+02
1.9391e+02
1.9169e+02
1.8958e+02
1.8750e+02
1.8539e+02
1.8321e+02
1.8091e+02
1.7852e+02
1.7610e+02
1.7381e+02
1.7183e+02
1.7040e+02
1.6976e+02
1.7017e+02
1.7180e+02
1.7468e+02
1.7869e+02
1.8357e+02
1.8893e+02
1.9421e+02
1.9878e+02
2.0197e+02
2.0314e+02
2.0174e+02
1.9744e+02
1.9011e+02
1.7988e+02
1.6712e+02
1.5239e+02
1.3641e+02
1.1996e+02
1.0384e+02
8.8740e+01
7.5208e+01
6.3614e+01
5.4131e+01
4.6752e+01
4.1338e+01
3.7637e+01
3.5319e+01
3.4056e+01
3.3546e+01
3.3541e+01
3.3848e+01
3.4311e+01
3.4827e+01
3.5354e+01
3.5893e+01
3.6431e+01
3.6946e+01
3.7403e+01
3.7774e+01
3.8045e+01
3.8226e+01
3.8346e+01
3.8446e+01
3.8583e+01
3.8822e+01
3.9244e+01
3.9925e+01
4.0929e+01
4.2297e+01
4.4030e+01
4.6114e+01
4.8515e+01
5.1225e+01
5.4274e+01
5.7711e+01
6.1615e+01
6.6101e+01
7.1315e+01
7.7417e+01
8.4570e+01
9.2899e+01
1.0246e+02
1.1320e+02
1.2500e+02
1.3761e+02
1.5070e+02
1.6387e+02
1.7667e+02
1.8868e+02
1.9954e+02
2.0896e+02
2.1674e+02
2.2279e+02
2.2714e+02
2.2989e+02
2.3122e+02
2.3133e+02
2.3041e+02
2.2866e+02
2.2622e+02
2.2324e+02
2.1983e+02
2.1609e+02
2.1209e+02
2.0788e+02
2.0354e+02
1.9917e+02
1.9487e+02
1.9077e+02
1.8696e+02
1.8352e+02
1.8047e+02
1.7782e+02
1.7552e+02
1.7350e+02
1.7167e+02
1.6990e+02
1.6805e+02
1.6601e+02
1.6368e+02
1.6100e+02
1.5792e+02
1.5444e+02
1.5062e+02
1.4654e+02
1.4230e+02
1.3802e+02
1.3383e+02
1.2985e+02
1.2619e+02
1.2295e+02
1.2015e+02
1.1781e+02
1.1588e+02
1.1430e+02
1.1299e+02
1.1183e+02
1.1075e+02
1.0965e+02
1.0846e+02
1.0718e+02
1.0581e+02
1.0440e+02
1.0304e+02
1.0181e+02
1.0080e+02
1.0008e+02
9.9744e+01
9.9818e+01
1.0032e+02
1.0123e+02
1.0249e+02
1.0404e+02
1.0581e+02
1.0773e+02
1.0975e+02
1.1181e+02
1.1390e+02
1.1599e+02
1.1806e+02
1.2012e+02
1.2214e+02
1.2414e+02
1.2611e+02
1.2807e+02
1.3004e+02
1.3204e+02
1.3410e+02
1.3626e+02
1.3859e+02
1.4114e+02
1.4396e+02
1.4710e+02
1.5058e+02
1.5440e+02
1.5853e+02
1.6292e+02
1.6748e+02
1.7210e+02
1.7668e+02
1.8111e+02
1.8529e+02
1.8917e+02
1.9272e+02
1.9595e+02
1.9889e+02
2.0161e+02
2.0418e+02
2.0667e+02
2.0915e+02
2.1166e+02
2.1423e+02
2.1681e+02
2.1934e+02
2.2172e+02
2.2380e+02
2.2546e+02
2.2658e+02
2.2707e+02
2.2685e+02
2.2587e+02
2.2410e+02
2.2158e+02
2.1834e+02
2.1447e+02
2.1004e+02
2.0512e+02
1.9980e+02
1.9416e+02
1.8827e+02
1.8222e+02
1.7609e+02
1.6995e+02
1.6388e+02
1.5795e+02
1.5223e+02
1.4677e+02
1.4160e+02
1.3672e+02
1.3213e+02
1.2780e+02
1.2369e+02
1.1972e+02
1.1587e+02
1.1207e+02
1.0832e+02
1.0460e+02
1.0095e+02
9.7398e+01
9.4009e+01
9.0885e+01
8.8157e+01
8.5969e+01
8.4459e+01
8.3744e+01
8.3909e+01
8.5017e+01
8.7087e+01
9.0089e+01
9.3946e+01
9.8534e+01
1.0371e+02
1.0932e+02
1.1517e+02
1.2111e+02
1.2698e+02
1.3267e+02
1.3808e+02
1.4317e+02
1.4793e+02
1.5238e+02
1.5656e+02
1.6051e+02
1.6428e+02
1.6792e+02
1.7150e+02
1.7506e+02
1.7865e+02
1.8236e+02
1.8628e+02
1.9048e+02
1.9507e+02
2.0013e+02
2.0573e+02
2.1192e+02
2.1874e+02
2.2618e+02
2.3418e+02
2.4268e+02
2.5152e+02
2.6054e+02
2.6952e+02
2.7823e+02
2.8643e+02
2.9392e+02
3.0053e+02
3.0613e+02
3.1063e+02
3.1399e+02
3.1620e+02
3.1731e+02
3.1736e+02
3.1644e+02
3.1463e+02
3.1202e+02
3.0866e+02
3.0459e+02
2.9988e+02
2.9458e+02
2.8875e+02
2.8245e+02
2.7576e+02
2.6878e+02
2.6164e+02
2.5446e+02
2.4736e+02
2.4042e+02
2.3369e+02
2.2718e+02
2.2085e+02
2.1464e+02
2.0845e+02
2.0216e+02
1.9567e+02
1.8892e+02
1.8187e+02
1.7452e+02
1.6694e+02
1.5924e+02
1.5161e+02
1.4424e+02
1.3735e+02
1.3111e+02
1.2569e+02
1.2118e+02
1.1760e+02
1.1497e+02
1.1322e+02
1.1221e+02
1.1181e+02
1.1188e+02
1.1229e+02
1.1292e+02
1.1372e+02
1.1466e+02
1.1572e+02
1.1695e+02
1.1840e+02
1.2013e+02
1.2218e+02
1.2457e+02
1.2725e+02
1.3019e+02
1.3327e+02
1.3637e+02
1.3936e+02
1.4212e+02
1.4454e+02
1.4655e+02
1.4814e+02
1.4932e+02
1.5002e+02
1.5020e+02
1.4977e+02
1.4862e+02
1.4662e+02
1.4360e+02
1.3941e+02
1.3399e+02
1.2736e+02
1.1970e+02
1.1133e+02
1.0269e+02
9.4364e+01
8.7013e+01
8.1284e+01
7.7734e+01
7.6765e+01
7.8555e+01
8.3012e+01
8.9802e+01
9.8379e+01
1.0804e+02
1.1799e+02
1.2751e+02
1.3594e+02
1.4280e+02
1.4781e+02
1.5092e+02
1.5225e+02
1.5203e+02
1.5061e+02
1.4843e+02
1.4586e+02
1.4321e+02
1.4070e+02
1.3843e+02
1.3644e+02
1.3468e+02
1.3306e+02
1.3146e+02
1.2981e+02
1.2805e+02
1.2619e+02
1.2427e+02
1.2233e+02
1.2047e+02
1.1882e+02
1.1748e+02
1.1658e+02
1.1619e+02
1.1640e+02
1.1725e+02
1.1877e+02
1.2096e+02
1.2382e+02
1.2735e+02
1.3154e+02
1.3639e+02
1.4191e+02
1.4807e+02
1.5484e+02
1.6217e+02
1.6993e+02
1.7787e+02
1.8563e+02
1.9278e+02
1.9880e+02
2.0314e+02
2.0523e+02
2.0457e+02
2.0089e+02
1.9410e+02
1.8440e+02
1.7227e+02
1.5846e+02
1.4398e+02
1.2998e+02
1.1766e+02
1.0810e+02
1.0220e+02
1.0052e+02
1.0327e+02
1.1027e+02
1.2096e+02
1.3451e+02
1.4991e+02
1.6606e+02
1.8194e+02
1.9666e+02
2.0954e+02
2.2015e+02
2.2822e+02
2.3370e+02
2.3668e+02
2.3737e+02
2.3601e+02
2.3283e+02
2.2801e+02
2.2174e+02
2.1422e+02
2.0566e+02
1.9626e+02
1.8625e+02
1.7591e+02
1.6555e+02
1.5546e+02
1.4594e+02
1.3718e+02
1.2930e+02
1.2236e+02
1.1634e+02
1.1118e+02
1.0676e+02
1.0301e+02
9.9804e+01
9.7094e+01
9.4840e+01
9.3041e+01
9.1714e+01
9.0866e+01
9.0498e+01
9.0622e+01
9.1241e+01
9.2331e+01
9.3845e+01
9.5731e+01
9.7949e+01
1.0047e+02
1.0326e+02
1.0631e+02
1.0961e+02
1.1313e+02
1.1683e+02
1.2068e+02
1.2460e+02
1.2849e+02
1.3224e+02
1.3572e+02
1.3883e+02
1.4144e+02
1.4344e+02
1.4476e+02
1.4533e+02
1.4513e+02
1.4414e+02
1.4240e+02
1.3998e+02
1.3696e+02
1.3345e+02
1.2959e+02
1.2552e+02
1.2142e+02
1.1744e+02
1.1373e+02
1.1041e+02
1.0756e+02
1.0524e+02
1.0346e+02
1.0219e+02
1.0137e+02
1.0090e+02
1.0068e+02
1.0060e+02
1.0057e+02
1.0049e+02
1.0031e+02
9.9988e+01
9.9507e+01
9.8859e+01
9.8061e+01
9.7149e+01
9.6162e+01
9.5147e+01
9.4146e+01
9.3206e+01
9.2377e+01
9.1715e+01
9.1267e+01
9.1075e+01
9.1184e+01
9.1626e+01
9.2424e+01
9.3577e+01
9.5070e+01
9.6871e+01
9.8935e+01
1.0122e+02
1.0365e+02
1.0622e+02
1.0889e+02
1.1170e+02
1.1468e+02
1.1790e+02
1.2144e+02
1.2538e+02
1.2977e+02
1.3461e+02
1.3985e+02
1.4539e+02
1.5106e+02
1.5660e+02
1.6176e+02
1.6624e+02
1.6978e+02
1.7216e+02
1.7321e+02
1.7283e+02
1.7102e+02
1.6787e+02
1.6351e+02
1.5816e+02
1.5203e+02
1.4537e+02
1.3841e+02
1.3134e+02
1.2436e+02
1.1764e+02
1.1134e+02
1.0559e+02
1.0049e+02
9.6144e+01
9.2620e+01
8.9969e+01
8.8210e+01
8.7320e+01
8.7228e+01
8.7832e+01
8.9001e+01
9.0566e+01
9.2350e+01
9.4179e+01
9.5900e+01
9.7389e+01
9.8564e+01
9.9385e+01
9.9851e+01
1.0001e+02
9.9943e+01
9.9757e+01
9.9551e+01
9.9411e+01
9.9396e+01
9.9526e+01
9.9797e+01
1.0020e+02
1.0073e+02
1.0138e+02
1.0217e+02
1.0314e+02
1.0436e+02
1.0597e+02
1.0812e+02
1.1098e+02
1.1472e+02
1.1951e+02
1.2544e+02
1.3258e+02
1.4090e+02
1.5029e+02
1.6059e+02
1.7158e+02
1.8299e+02
1.9454e+02
2.0594e+02
2.1693e+02
2.2727e+02
2.3676e+02
2.4526e+02
2.5265e+02
2.5888e+02
2.6395e+02
2.6785e+02
2.7060e+02
2.7225e+02
2.7285e+02
2.7244e+02
2.7106e+02
2.6874e+02
2.6550e+02
2.6140e+02
2.5649e+02
2.5084e+02
2.4457e+02
2.3778e+02
2.3057e+02
2.2304e+02
2.1531e+02
2.0749e+02
1.9965e+02
1.9185e+02
1.8412e+02
1.7647e+02
1.6891e+02
1.6145e+02
1.5411e+02
1.4692e+02
1.3990e+02
1.3313e+02
1.2669e+02
1.2065e+02
1.1505e+02
1.0990e+02
1.0522e+02
1.0099e+02
9.7221e+01
9.3867e+01
9.0915e+01
8.8366e+01
8.6239e+01
8.4585e+01
8.3480e+01
8.3007e+01
8.3245e+01
8.4236e+01
8.5975e+01
8.8377e+01
9.1289e+01
9.4488e+01
9.7683e+01
1.0055e+02
1.0274e+02
1.0393e+02
1.0386e+02
1.0235e+02
9.9294e+01
9.4733e+01
8.8825e+01
8.1830e+01
7.4075e+01
6.5924e+01
5.7753e+01
4.9904e+01
4.2651e+01
3.6181e+01
3.0576e+01
2.5821e+01
2.1824e+01
1.8450e+01
1.5616e+01
1.3314e+01
1.1594e+01
1.0608e+01
1.0607e+01
1.1921e+01
1.4928e+01
2.0035e+01
2.7585e+01
3.7771e+01
5.0611e+01
6.5918e+01
8.3304e+01
1.0221e+02
1.2195e+02
1.4179e+02
1.6099e+02
1.7888e+02
1.9497e+02
2.0891e+02
2.2059e+02
2.3004e+02
2.3745e+02
2.4312e+02
2.4740e+02
2.5063e+02
2.5313e+02
2.5513e+02
2.5679e+02
2.5824e+02
2.5954e+02
2.6067e+02
2.6159e+02
2.6230e+02
2.6283e+02
2.6321e+02
2.6352e+02
2.6383e+02
2.6421e+02
2.6470e+02
2.6536e+02
2.6618e+02
2.6713e+02
2.6818e+02
2.6925e+02
2.7025e+02
2.7112e+02
2.7178e+02
2.7218e+02
2.7230e+02
2.7216e+02
2.7177e+02
2.7117e+02
2.7044e+02
2.6963e+02
2.6880e+02
2.6804e+02
2.6738e+02
2.6687e+02
2.6654e+02
2.6641e+02
2.6650e+02
2.6678e+02
2.6718e+02
2.6760e+02
2.6790e+02
2.6793e+02
2.6749e+02
2.6639e+02
2.6441e+02
2.6138e+02
2.5716e+02
2.5171e+02
2.4503e+02
2.3728e+02
2.2867e+02
2.1950e+02
2.1007e+02
2.0064e+02
1.9141e+02
1.8252e+02
1.7398e+02
1.6573e+02
1.5756e+02
1.4922e+02
1.4046e+02
1.3102e+02
1.2075e+02
1.0960e+02
9.7662e+01
8.5153e+01
7.2391e+01
5.9738e+01
4.7608e+01
3.6431e+01
2.6550e+01
1.8201e+01
1.1503e+01
6.4632e+00
2.9868e+00
9.0406e-01
0000
3.8401e-02
8.0058e-01
2.0960e+00
3.7533e+00
5.6369e+00
7.6269e+00
9.6456e+00
1.1661e+01
1.3643e+01
1.5549e+01
1.7326e+01
1.8918e+01
2.0265e+01
2.1326e+01
2.2072e+01
2.2486e+01
2.2569e+01
2.2345e+01
2.1860e+01
2.1163e+01
2.0318e+01
1.9388e+01
1.8432e+01
1.7499e+01
1.6632e+01
1.5856e+01
1.5182e+01
1.4616e+01
1.4148e+01
1.3776e+01
1.3519e+01
1.3455e+01
1.3702e+01
1.4415e+01
1.5784e+01
1.8016e+01
2.1337e+01
2.5959e+01
3.2057e+01
3.9741e+01
4.9017e+01
5.9783e+01
7.1836e+01
8.4877e+01
9.8527e+01
1.1236e+02
1.2592e+02
1.3880e+02
1.5064e+02
1.6117e+02
1.7023e+02
1.7775e+02
1.8381e+02
1.8853e+02
1.9212e+02
1.9480e+02
1.9680e+02
1.9833e+02
1.9956e+02
2.0063e+02
2.0162e+02
2.0256e+02
2.0344e+02
2.0421e+02
2.0482e+02
2.0524e+02
2.0543e+02
2.0538e+02
2.0509e+02
2.0458e+02
2.0387e+02
2.0298e+02
2.0192e+02
2.0065e+02
1.9908e+02
1.9708e+02
1.9448e+02
1.9113e+02
1.8683e+02
1.8140e+02
1.7472e+02
1.6673e+02
1.5746e+02
1.4706e+02
1.3581e+02
1.2413e+02
1.1252e+02
1.0150e+02
9.1655e+01
8.3500e+01
7.7496e+01
7.3992e+01
7.3185e+01
7.5117e+01
7.9672e+01
8.6589e+01
9.5498e+01
1.0595e+02
1.1746e+02
1.2951e+02
1.4162e+02
1.5335e+02
1.6435e+02
1.7433e+02
1.8311e+02
1.9059e+02
1.9674e+02
2.0159e+02
2.0518e+02
2.0763e+02
2.0905e+02
2.0959e+02
2.0943e+02
2.0873e+02
2.0765e+02
2.0635e+02
2.0493e+02
2.0351e+02
2.0219e+02
2.0104e+02
2.0011e+02
1.9940e+02
1.9891e+02
1.9861e+02
1.9848e+02
1.9845e+02
1.9845e+02
1.9841e+02
1.9828e+02
1.9801e+02
1.9757e+02
1.9693e+02
1.9610e+02
1.9510e+02
1.9396e+02
1.9275e+02
1.9153e+02
1.9039e+02
1.8938e+02
1.8858e+02
1.8805e+02
1.8783e+02
1.8792e+02
1.8834e+02
1.8904e+02
1.8999e+02
1.9113e+02
1.9238e+02
1.9369e+02
1.9503e+02
1.9638e+02
1.9776e+02
1.9920e+02
2.0074e+02
2.0244e+02
2.0437e+02
2.0657e+02
2.0910e+02
2.1198e+02
2.1518e+02
2.1864e+02
2.2228e+02
2.2599e+02
2.2963e+02
2.3302e+02
2.3595e+02
2.3823e+02
2.3966e+02
2.4006e+02
2.3929e+02
2.3725e+02
2.3389e+02
2.2923e+02
2.2337e+02
2.1647e+02
2.0878e+02
2.0060e+02
1.9226e+02
1.8410e+02
1.7645e+02
1.6960e+02
1.6374e+02
1.5902e+02
1.5546e+02
1.5306e+02
1.5169e+02
1.5119e+02
1.5137e+02
1.5202e+02
1.5296e+02
1.5402e+02
1.5510e+02
1.5611e+02
1.5700e+02
1.5776e+02
1.5844e+02
1.5911e+02
1.5980e+02
1.6057e+02
1.6143e+02
1.6237e+02
1.6336e+02
1.6434e+02
1.6523e+02
1.6594e+02
1.6638e+02
1.6648e+02
1.6618e+02
1.6547e+02
1.6436e+02
1.6291e+02
1.6118e+02
1.5928e+02
1.5732e+02
1.5538e+02
1.5356e+02
1.5192e+02
1.5050e+02
1.4930e+02
1.4832e+02
1.4754e+02
1.4698e+02
1.4665e+02
1.4658e+02
1.4682e+02
1.4744e+02
1.4850e+02
1.5001e+02
1.5201e+02
1.5448e+02
1.5737e+02
1.6061e+02
1.6409e+02
1.6768e+02
1.7125e+02
1.7467e+02
1.7785e+02
1.8069e+02
1.8315e+02
1.8521e+02
1.8690e+02
1.8823e+02
1.8927e+02
1.9010e+02
1.9088e+02
1.9175e+02
1.9286e+02
1.9442e+02
1.9662e+02
1.9969e+02
2.0387e+02
2.0935e+02
2.1627e+02
2.2472e+02
2.3468e+02
2.4608e+02
2.5871e+02
2.7222e+02
2.8610e+02
2.9978e+02
3.1259e+02
3.2385e+02
3.3290e+02
3.3913e+02
3.4203e+02
3.4123e+02
3.3659e+02
3.2816e+02
3.1618e+02
3.0110e+02
2.8355e+02
2.6424e+02
2.4396e+02
2.2348e+02
2.0350e+02
1.8460e+02
1.6723e+02
1.5169e+02
1.3815e+02
1.2660e+02
1.1692e+02
1.0894e+02
1.0240e+02
9.7082e+01
9.2805e+01
8.9492e+01
8.7127e+01
8.5764e+01
8.5582e+01
8.6862e+01
8.9894e+01
9.4940e+01
1.0221e+02
1.1180e+02
1.2370e+02
1.3773e+02
1.5359e+02
1.7081e+02
1.8884e+02
2.0706e+02
2.2486e+02
2.4168e+02
2.5708e+02
2.7074e+02
2.8248e+02
2.9228e+02
3.0021e+02
3.0644e+02
3.1120e+02
3.1468e+02
3.1707e+02
3.1851e+02
3.1910e+02
3.1895e+02
3.1811e+02
3.1666e+02
3.1461e+02
3.1209e+02
3.0921e+02
3.0614e+02
3.0307e+02
3.0016e+02
2.9758e+02
2.9543e+02
2.9378e+02
2.9265e+02
2.9202e+02
2.9183e+02
2.9203e+02
2.9256e+02
2.9336e+02
2.9441e+02
2.9569e+02
2.9719e+02
2.9894e+02
3.0097e+02
3.0329e+02
3.0587e+02
3.0867e+02
3.1163e+02
3.1465e+02
3.1764e+02
3.2048e+02
3.2308e+02
3.2537e+02
3.2735e+02
3.2900e+02
3.3036e+02
3.3144e+02
3.3231e+02
3.3299e+02
3.3350e+02
3.3380e+02
3.3384e+02
3.3351e+02
3.3273e+02
3.3139e+02
3.2942e+02
3.2678e+02
3.2348e+02
3.1955e+02
3.1511e+02
3.1029e+02
3.0526e+02
3.0018e+02
2.9522e+02
2.9050e+02
2.8611e+02
2.8210e+02
2.7849e+02
2.7526e+02
2.7236e+02
2.6973e+02
2.6730e+02
2.6501e+02
2.6279e+02
2.6056e+02
2.5829e+02
2.5597e+02
2.5360e+02
2.5116e+02
2.4869e+02
2.4622e+02
2.4378e+02
2.4141e+02
2.3916e+02
2.3704e+02
2.3507e+02
2.3324e+02
2.3152e+02
2.2986e+02
2.2820e+02
2.2645e+02
2.2455e+02
2.2244e+02
2.2007e+02
2.1743e+02
2.1454e+02
2.1144e+02
2.0822e+02
2.0497e+02
2.0181e+02
1.9888e+02
1.9631e+02
1.9426e+02
1.9286e+02
1.9218e+02
1.9230e+02
1.9322e+02
1.9490e+02
1.9729e+02
2.0027e+02
2.0367e+02
2.0731e+02
2.1100e+02
2.1453e+02
2.1773e+02
2.2044e+02
2.2254e+02
2.2394e+02
2.2464e+02
2.2466e+02
2.2408e+02
2.2300e+02
2.2156e+02
2.1989e+02
2.1814e+02
2.1643e+02
2.1488e+02
2.1357e+02
2.1255e+02
2.1185e+02
2.1148e+02
2.1142e+02
2.1165e+02
2.1212e+02
2.1280e+02
2.1365e+02
2.1464e+02
2.1576e+02
2.1697e+02
2.1825e+02
2.1957e+02
2.2091e+02
2.2224e+02
2.2354e+02
2.2476e+02
2.2588e+02
2.2690e+02
2.2779e+02
2.2855e+02
2.2917e+02
2.2964e+02
2.2996e+02
2.3013e+02
2.3018e+02
2.3009e+02
2.2980e+02
2.2927e+02
2.2843e+02
2.2719e+02
2.2548e+02
2.2321e+02
2.2029e+02
2.1666e+02
2.1228e+02
2.0716e+02
2.0139e+02
1.9508e+02
1.8843e+02
1.8168e+02
1.7510e+02
1.6898e+02
1.6362e+02
1.5926e+02
1.5611e+02
1.5432e+02
1.5393e+02
1.5491e+02
1.5714e+02
1.6044e+02
1.6458e+02
1.6929e+02
1.7431e+02
1.7937e+02
1.8425e+02
1.8874e+02
1.9269e+02
1.9601e+02
1.9868e+02
2.0071e+02
2.0213e+02
2.0302e+02
2.0348e+02
2.0366e+02
2.0366e+02
2.0365e+02
2.0373e+02
2.0401e+02
2.0452e+02
2.0529e+02
2.0631e+02
2.0752e+02
2.0882e+02
2.1010e+02
2.1123e+02
2.1209e+02
2.1259e+02
2.1267e+02
2.1231e+02
2.1154e+02
2.1042e+02
2.0903e+02
2.0750e+02
2.0591e+02
2.0438e+02
2.0297e+02
2.0171e+02
2.0061e+02
1.9962e+02
1.9869e+02
1.9774e+02
1.9669e+02
1.9544e+02
1.9391e+02
1.9206e+02
1.8987e+02
1.8735e+02
1.8455e+02
1.8154e+02
1.7845e+02
1.7539e+02
1.7248e+02
1.6981e+02
1.6752e+02
1.6566e+02
1.6428e+02
1.6338e+02
1.6293e+02
1.6286e+02
1.6310e+02
1.6357e+02
1.6418e+02
1.6487e+02
1.6560e+02
1.6636e+02
1.6715e+02
1.6800e+02
1.6895e+02
1.7003e+02
1.7126e+02
1.7264e+02
1.7415e+02
1.7573e+02
1.7733e+02
1.7888e+02
1.8028e+02
1.8150e+02
1.8245e+02
1.8314e+02
1.8354e+02
1.8368e+02
1.8360e+02
1.8334e+02
1.8293e+02
1.8242e+02
1.8183e+02
1.8117e+02
1.8046e+02
1.7968e+02
1.7885e+02
1.7798e+02
1.7711e+02
1.7631e+02
1.7564e+02
1.7520e+02
1.7507e+02
1.7537e+02
1.7614e+02
1.7745e+02
1.7933e+02
1.8178e+02
1.8476e+02
1.8821e+02
1.9207e+02
1.9626e+02
2.0072e+02
2.0539e+02
2.1025e+02
2.1528e+02
2.2048e+02
2.2586e+02
2.3135e+02
2.3687e+02
2.4229e+02
2.4747e+02
2.5217e+02
2.5616e+02
2.5920e+02
2.6106e+02
2.6155e+02
2.6057e+02
2.5809e+02
2.5420e+02
2.4907e+02
2.4301e+02
2.3637e+02
2.2958e+02
2.2306e+02
2.1722e+02
2.1243e+02
2.0895e+02
2.0700e+02
2.0668e+02
2.0800e+02
2.1087e+02
2.1515e+02
2.2062e+02
2.2704e+02
2.3414e+02
2.4166e+02
2.4934e+02
2.5694e+02
2.6429e+02
2.7125e+02
2.7773e+02
2.8363e+02
2.8894e+02
2.9363e+02
2.9771e+02
3.0119e+02
3.0409e+02
3.0644e+02
3.0823e+02
3.0949e+02
3.1022e+02
3.1041e+02
3.1006e+02
3.0920e+02
3.0786e+02
3.0611e+02
3.0403e+02
3.0174e+02
2.9935e+02
2.9699e+02
2.9474e+02
2.9259e+02
2.9044e+02
2.8811e+02
2.8533e+02
2.8175e+02
2.7701e+02
2.7068e+02
2.6242e+02
2.5195e+02
2.3916e+02
2.2411e+02
2.0705e+02
1.8840e+02
1.6877e+02
1.4883e+02
1.2932e+02
1.1092e+02
9.4264e+01
7.9827e+01
6.7940e+01
5.8757e+01
5.2261e+01
4.8307e+01
4.6659e+01
4.7015e+01
4.9063e+01
5.2504e+01
5.7066e+01
6.2509e+01
6.8619e+01
7.5196e+01
8.2096e+01
8.9212e+01
9.6415e+01
1.0358e+02
1.1058e+02
1.1731e+02
1.2369e+02
1.2969e+02
1.3530e+02
1.4055e+02
1.4549e+02
1.5021e+02
1.5478e+02
1.5928e+02
1.6379e+02
1.6835e+02
1.7297e+02
1.7768e+02
1.8245e+02
1.8722e+02
1.9192e+02
1.9649e+02
2.0086e+02
2.0496e+02
2.0872e+02
2.1202e+02
2.1465e+02
2.1639e+02
2.1700e+02
2.1624e+02
2.1386e+02
2.0962e+02
2.0336e+02
1.9499e+02
1.8458e+02
1.7232e+02
1.5855e+02
1.4375e+02
1.2848e+02
1.1335e+02
9.9021e+01
8.6148e+01
7.5312e+01
6.6973e+01
6.1455e+01
5.8944e+01
5.9491e+01
6.3014e+01
6.9318e+01
7.8120e+01
8.9054e+01
1.0170e+02
1.1558e+02
1.3021e+02
1.4508e+02
1.5970e+02
1.7366e+02
1.8662e+02
1.9833e+02
2.0855e+02
2.1716e+02
2.2414e+02
2.2955e+02
2.3351e+02
2.3618e+02
2.3776e+02
2.3840e+02
2.3826e+02
2.3747e+02
2.3614e+02
2.3437e+02
2.3222e+02
2.2970e+02
2.2683e+02
2.2366e+02
2.2024e+02
2.1664e+02
2.1293e+02
2.0922e+02
2.0562e+02
2.0225e+02
1.9924e+02
1.9666e+02
1.9456e+02
1.9291e+02
1.9167e+02
1.9069e+02
1.8978e+02
1.8870e+02
1.8720e+02
1.8504e+02
1.8201e+02
1.7795e+02
1.7281e+02
1.6663e+02
1.5953e+02
1.5175e+02
