7.4279e+01
7.3805e+01
7.3611e+01
7.3716e+01
7.4125e+01
7.4844e+01
7.5900e+01
7.7290e+01
7.8969e+01
8.0885e+01
8.2969e+01
8.5115e+01
8.7188e+01
8.9019e+01
9.0420e+01
9.1198e+01
9.1193e+01
9.0292e+01
8.8421e+01
8.5574e+01
8.1818e+01
7.7286e+01
7.2158e+01
6.6639e+01
6.0932e+01
5.5207e+01
4.9602e+01
4.4217e+01
3.9128e+01
3.4396e+01
3.0080e+01
2.6246e+01
2.2980e+01
2.0396e+01
1.8622e+01
1.7809e+01
1.8075e+01
1.9486e+01
2.2066e+01
2.5795e+01
3.0556e+01
3.6149e+01
4.2310e+01
4.8722e+01
5.5063e+01
6.1031e+01
6.6363e+01
7.0839e+01
7.4285e+01
7.6599e+01
7.7745e+01
7.7738e+01
7.6627e+01
7.4486e+01
7.1414e+01
6.7539e+01
6.3015e+01
5.8015e+01
5.2738e+01
4.7387e+01
4.2172e+01
3.7319e+01
3.3047e+01
2.9550e+01
2.6980e+01
2.5441e+01
2.4968e+01
2.5542e+01
2.7081e+01
2.9452e+01
3.2492e+01
3.6017e+01
3.9833e+01
4.3747e+01
4.7606e+01
5.1277e+01
5.4657e+01
5.7672e+01
6.0279e+01
6.2468e+01
6.4249e+01
6.5638e+01
6.6649e+01
6.7317e+01
6.7686e+01
6.7800e+01
6.7699e+01
6.7430e+01
6.7048e+01
6.6607e+01
6.6182e+01
6.5824e+01
6.5566e+01
6.5450e+01
6.5550e+01
6.5960e+01
6.6778e+01
6.8117e+01
7.0085e+01
7.2792e+01
7.6345e+01
8.0829e+01
8.6287e+01
9.2718e+01
1.0008e+02
1.0825e+02
1.1708e+02
1.2635e+02
1.3581e+02
1.4519e+02
1.5425e+02
1.6275e+02
1.7044e+02
1.7708e+02
1.8246e+02
1.8638e+02
1.8868e+02
1.8921e+02
1.8786e+02
1.8457e+02
1.7931e+02
1.7215e+02
1.6322e+02
1.5280e+02
1.4123e+02
1.2893e+02
1.1638e+02
1.0411e+02
9.2664e+01
8.2566e+01
7.4252e+01
6.8068e+01
6.4246e+01
6.2891e+01
6.3971e+01
6.7336e+01
7.2747e+01
7.9866e+01
8.8313e+01
9.7675e+01
1.0753e+02
1.1746e+02
1.2711e+02
1.3617e+02
1.4444e+02
1.5177e+02
1.5804e+02
1.6324e+02
1.6739e+02
1.7057e+02
1.7288e+02
1.7443e+02
1.7537e+02
1.7581e+02
1.7587e+02
1.7563e+02
1.7518e+02
1.7452e+02
1.7367e+02
1.7263e+02
1.7137e+02
1.6991e+02
1.6823e+02
1.6635e+02
1.6434e+02
1.6229e+02
1.6034e+02
1.5866e+02
1.5744e+02
1.5685e+02
1.5708e+02
1.5826e+02
1.6048e+02
1.6376e+02
1.6803e+02
1.7317e+02
1.7897e+02
1.8516e+02
1.9145e+02
1.9752e+02
2.0304e+02
2.0773e+02
2.1136e+02
2.1377e+02
2.1485e+02
2.1459e+02
2.1303e+02
2.1031e+02
2.0661e+02
2.0215e+02
1.9716e+02
1.9190e+02
1.8661e+02
1.8149e+02
1.7674e+02
1.7244e+02
1.6867e+02
1.6544e+02
1.6273e+02
1.6048e+02
1.5864e+02
1.5714e+02
1.5591e+02
1.5492e+02
1.5413e+02
1.5355e+02
1.5316e+02
1.5300e+02
1.5309e+02
1.5344e+02
1.5405e+02
1.5491e+02
1.5598e+02
1.5719e+02
1.5848e+02
1.5976e+02
1.6095e+02
1.6197e+02
1.6275e+02
1.6326e+02
1.6347e+02
1.6339e+02
1.6303e+02
1.6245e+02
1.6169e+02
1.6084e+02
1.5998e+02
1.5921e+02
1.5858e+02
1.5816e+02
1.5799e+02
1.5807e+02
1.5839e+02
1.5892e+02
1.5960e+02
1.6035e+02
1.6111e+02
1.6181e+02
1.6238e+02
1.6277e+02
1.6294e+02
1.6290e+02
1.6266e+02
1.6225e+02
1.6170e+02
1.6105e+02
1.6033e+02
1.5956e+02
1.5876e+02
1.5793e+02
1.5704e+02
1.5609e+02
1.5504e+02
1.5388e+02
1.5262e+02
1.5128e+02
1.4989e+02
1.4848e+02
1.4713e+02
1.4591e+02
1.4486e+02
1.4403e+02
1.4348e+02
1.4319e+02
1.4317e+02
1.4339e+02
1.4378e+02
1.4423e+02
1.4463e+02
1.4485e+02
1.4477e+02
1.4429e+02
1.4332e+02
1.4182e+02
1.3974e+02
1.3713e+02
1.3406e+02
1.3066e+02
1.2709e+02
1.2353e+02
1.2015e+02
1.1713e+02
1.1461e+02
1.1273e+02
1.1155e+02
1.1114e+02
1.1153e+02
1.1275e+02
1.1480e+02
1.1763e+02
1.2120e+02
1.2543e+02
1.3023e+02
1.3547e+02
1.4096e+02
1.4648e+02
1.5175e+02
1.5651e+02
1.6053e+02
1.6358e+02
1.6553e+02
1.6630e+02
1.6592e+02
1.6455e+02
1.6241e+02
1.5979e+02
1.5703e+02
1.5445e+02
1.5233e+02
1.5087e+02
1.5018e+02
1.5027e+02
1.5110e+02
1.5254e+02
1.5439e+02
1.5648e+02
1.5859e+02
1.6054e+02
1.6219e+02
1.6347e+02
1.6434e+02
1.6483e+02
1.6498e+02
1.6485e+02
1.6449e+02
1.6398e+02
1.6337e+02
1.6269e+02
1.6196e+02
1.6120e+02
1.6044e+02
1.5967e+02
1.5893e+02
1.5823e+02
1.5759e+02
1.5704e+02
1.5660e+02
1.5631e+02
1.5617e+02
1.5623e+02
1.5648e+02
1.5693e+02
1.5760e+02
1.5848e+02
1.5954e+02
1.6078e+02
1.6218e+02
1.6372e+02
1.6538e+02
1.6713e+02
1.6890e+02
1.7067e+02
1.7239e+02
1.7402e+02
1.7550e+02
1.7682e+02
1.7794e+02
1.7885e+02
1.7958e+02
1.8013e+02
1.8054e+02
1.8086e+02
1.8111e+02
1.8134e+02
1.8159e+02
1.8190e+02
1.8229e+02
1.8280e+02
1.8342e+02
1.8410e+02
1.8479e+02
1.8543e+02
1.8593e+02
1.8619e+02
1.8612e+02
1.8559e+02
1.8451e+02
1.8284e+02
1.8052e+02
1.7755e+02
1.7399e+02
1.6993e+02
1.6551e+02
1.6086e+02
1.5618e+02
1.5161e+02
1.4734e+02
1.4350e+02
1.4020e+02
1.3752e+02
1.3551e+02
1.3414e+02
1.3340e+02
1.3322e+02
1.3353e+02
1.3423e+02
1.3521e+02
1.3637e+02
1.3758e+02
1.3875e+02
1.3984e+02
1.4077e+02
1.4148e+02
1.4194e+02
1.4209e+02
1.4192e+02
1.4143e+02
1.4062e+02
1.3946e+02
1.3791e+02
1.3589e+02
1.3334e+02
1.3016e+02
1.2626e+02
1.2153e+02
1.1589e+02
1.0929e+02
1.0173e+02
9.3275e+01
8.4056e+01
7.4266e+01
6.4147e+01
5.3990e+01
4.4101e+01
3.4785e+01
2.6310e+01
1.8889e+01
1.2668e+01
7.7158e+00
4.0464e+00
1.6027e+00
2.9037e-01
0000
6.3175e-01
2.0928e+00
4.3079e+00
7.2118e+00
1.0756e+01
1.4918e+01
1.9681e+01
2.5048e+01
3.0987e+01
3.7433e+01
4.4291e+01
5.1440e+01
5.8756e+01
6.6089e+01
7.3298e+01
8.0238e+01
8.6778e+01
9.2809e+01
9.8245e+01
1.0303e+02
1.0713e+02
1.1056e+02
1.1332e+02
1.1546e+02
1.1704e+02
1.1815e+02
1.1892e+02
1.1946e+02
1.1991e+02
1.2040e+02
1.2107e+02
1.2204e+02
1.2344e+02
1.2541e+02
1.2806e+02
1.3150e+02
1.3577e+02
1.4092e+02
1.4692e+02
1.5375e+02
1.6130e+02
1.6947e+02
1.7807e+02
1.8686e+02
1.9553e+02
2.0372e+02
2.1109e+02
2.1723e+02
2.2179e+02
2.2446e+02
2.2497e+02
2.2319e+02
2.1907e+02
2.1274e+02
2.0453e+02
1.9490e+02
1.8442e+02
1.7373e+02
1.6351e+02
1.5441e+02
1.4705e+02
1.4189e+02
1.3931e+02
1.3946e+02
1.4235e+02
1.4779e+02
1.5546e+02
1.6498e+02
1.7588e+02
1.8772e+02
2.0005e+02
2.1246e+02
2.2457e+02
2.3609e+02
2.4674e+02
2.5632e+02
2.6466e+02
2.7161e+02
2.7704e+02
2.8084e+02
2.8295e+02
2.8336e+02
2.8211e+02
2.7933e+02
2.7508e+02
2.6939e+02
2.6228e+02
2.5378e+02
2.4390e+02
2.3258e+02
2.1977e+02
2.0537e+02
1.8934e+02
1.7173e+02
1.5275e+02
1.3274e+02
1.1220e+02
9.1767e+01
7.2180e+01
5.4204e+01
3.8554e+01
2.5841e+01
1.6491e+01
1.0709e+01
8.4638e+00
9.5065e+00
1.3390e+01
1.9512e+01
2.7201e+01
3.5777e+01
4.4622e+01
5.3212e+01
6.1137e+01
6.8111e+01
7.3977e+01
7.8738e+01
8.2493e+01
8.5377e+01
8.7524e+01
8.9074e+01
9.0163e+01
9.0912e+01
9.1428e+01
9.1811e+01
9.2141e+01
9.2475e+01
9.2887e+01
9.3461e+01
9.4276e+01
9.5404e+01
9.6909e+01
9.8856e+01
1.0128e+02
1.0421e+02
1.0762e+02
1.1146e+02
1.1565e+02
1.2007e+02
1.2462e+02
1.2927e+02
1.3399e+02
1.3881e+02
1.4383e+02
1.4918e+02
1.5504e+02
1.6159e+02
1.6902e+02
1.7743e+02
1.8688e+02
1.9730e+02
2.0847e+02
2.1997e+02
2.3127e+02
2.4176e+02
2.5076e+02
2.5758e+02
2.6160e+02
2.6231e+02
2.5940e+02
2.5274e+02
2.4248e+02
2.2895e+02
2.1271e+02
1.9445e+02
1.7498e+02
1.5510e+02
1.3560e+02
1.1713e+02
1.0026e+02
8.5322e+01
7.2450e+01
6.1628e+01
5.2728e+01
4.5537e+01
3.9808e+01
3.5310e+01
3.1853e+01
2.9301e+01
2.7598e+01
2.6758e+01
2.6798e+01
2.7787e+01
2.9819e+01
3.2936e+01
3.7107e+01
4.2240e+01
4.8176e+01
5.4697e+01
6.1570e+01
6.8549e+01
7.5394e+01
8.1916e+01
8.8034e+01
9.3758e+01
9.9165e+01
1.0442e+02
1.0976e+02
1.1548e+02
1.2190e+02
1.2928e+02
1.3786e+02
1.4775e+02
1.5899e+02
1.7144e+02
1.8488e+02
1.9891e+02
2.1303e+02
2.2665e+02
2.3922e+02
2.5015e+02
2.5895e+02
2.6524e+02
2.6875e+02
2.6939e+02
2.6724e+02
2.6256e+02
2.5580e+02
2.4750e+02
2.3833e+02
2.2897e+02
2.2011e+02
2.1239e+02
2.0635e+02
2.0235e+02
2.0061e+02
2.0116e+02
2.0388e+02
2.0847e+02
2.1454e+02
2.2163e+02
2.2923e+02
2.3688e+02
2.4417e+02
2.5074e+02
2.5636e+02
2.6086e+02
2.6420e+02
2.6645e+02
2.6772e+02
2.6815e+02
2.6790e+02
2.6712e+02
2.6593e+02
2.6447e+02
2.6283e+02
2.6111e+02
2.5934e+02
2.5755e+02
2.5574e+02
2.5394e+02
2.5217e+02
2.5043e+02
2.4877e+02
2.4722e+02
2.4580e+02
2.4455e+02
2.4349e+02
2.4264e+02
2.4203e+02
2.4167e+02
2.4153e+02
2.4158e+02
2.4179e+02
2.4211e+02
2.4250e+02
2.4293e+02
2.4337e+02
2.4379e+02
2.4417e+02
2.4447e+02
2.4466e+02
2.4470e+02
2.4453e+02
2.4406e+02
2.4322e+02
2.4193e+02
2.4011e+02
2.3772e+02
2.3473e+02
2.3117e+02
2.2710e+02
2.2265e+02
2.1797e+02
2.1322e+02
2.0859e+02
2.0426e+02
2.0040e+02
1.9716e+02
1.9465e+02
1.9292e+02
1.9200e+02
1.9190e+02
1.9259e+02
1.9403e+02
1.9617e+02
1.9894e+02
2.0225e+02
2.0599e+02
2.1008e+02
2.1439e+02
2.1879e+02
2.2316e+02
2.2735e+02
2.3125e+02
2.3473e+02
2.3774e+02
2.4021e+02
2.4212e+02
2.4350e+02
2.4441e+02
2.4492e+02
2.4514e+02
2.4516e+02
2.4508e+02
2.4499e+02
2.4493e+02
2.4495e+02
2.4503e+02
2.4513e+02
2.4519e+02
2.4514e+02
2.4491e+02
2.4440e+02
2.4356e+02
2.4233e+02
2.4071e+02
2.3870e+02
2.3632e+02
2.3361e+02
2.3062e+02
2.2743e+02
2.2410e+02
2.2072e+02
2.1736e+02
2.1410e+02
2.1101e+02
2.0813e+02
2.0553e+02
2.0325e+02
2.0131e+02
1.9975e+02
1.9855e+02
1.9770e+02
1.9717e+02
1.9692e+02
1.9686e+02
1.9692e+02
1.9701e+02
1.9706e+02
1.9696e+02
1.9665e+02
1.9606e+02
1.9514e+02
1.9388e+02
1.9226e+02
1.9029e+02
1.8799e+02
1.8542e+02
1.8263e+02
1.7972e+02
1.7677e+02
1.7386e+02
1.7109e+02
1.6851e+02
1.6615e+02
1.6406e+02
1.6221e+02
1.6060e+02
1.5925e+02
1.5818e+02
1.5742e+02
1.5705e+02
1.5718e+02
1.5796e+02
1.5955e+02
1.6210e+02
1.6576e+02
1.7063e+02
1.7673e+02
1.8395e+02
1.9202e+02
2.0057e+02
2.0908e+02
2.1700e+02
2.2372e+02
2.2867e+02
2.3133e+02
2.3134e+02
2.2852e+02
2.2290e+02
2.1471e+02
2.0438e+02
1.9251e+02
1.7976e+02
1.6686e+02
1.5451e+02
1.4331e+02
1.3372e+02
1.2603e+02
1.2037e+02
1.1666e+02
1.1474e+02
1.1435e+02
1.1517e+02
1.1695e+02
1.1958e+02
1.2306e+02
1.2758e+02
1.3345e+02
1.4110e+02
1.5111e+02
1.6407e+02
1.8046e+02
2.0053e+02
2.2416e+02
2.5088e+02
2.7987e+02
3.0991e+02
3.3950e+02
3.6694e+02
3.9055e+02
4.0875e+02
4.2035e+02
4.2457e+02
4.2122e+02
4.1068e+02
3.9388e+02
3.7215e+02
3.4712e+02
3.2051e+02
2.9393e+02
2.6874e+02
2.4596e+02
2.2622e+02
2.0976e+02
1.9644e+02
1.8581e+02
1.7731e+02
1.7030e+02
1.6426e+02
1.5873e+02
1.5344e+02
1.4825e+02
1.4316e+02
1.3831e+02
1.3388e+02
1.3004e+02
1.2689e+02
1.2445e+02
1.2268e+02
1.2149e+02
1.2072e+02
1.2024e+02
1.1990e+02
1.1964e+02
1.1940e+02
1.1921e+02
1.1913e+02
1.1924e+02
1.1962e+02
1.2040e+02
1.2170e+02
1.2365e+02
1.2630e+02
1.2970e+02
1.3385e+02
1.3875e+02
1.4437e+02
1.5066e+02
1.5751e+02
1.6482e+02
1.7244e+02
1.8016e+02
1.8777e+02
1.9502e+02
2.0167e+02
2.0751e+02
2.1236e+02
2.1612e+02
2.1876e+02
2.2032e+02
2.2091e+02
2.2073e+02
2.2000e+02
2.1895e+02
2.1777e+02
2.1667e+02
2.1577e+02
2.1517e+02
2.1489e+02
2.1494e+02
2.1528e+02
2.1585e+02
2.1656e+02
2.1734e+02
2.1814e+02
2.1893e+02
2.1966e+02
2.2029e+02
2.2081e+02
2.2121e+02
2.2147e+02
2.2157e+02
2.2151e+02
2.2129e+02
2.2091e+02
2.2039e+02
2.1975e+02
2.1898e+02
2.1803e+02
2.1684e+02
2.1528e+02
2.1322e+02
2.1052e+02
2.0698e+02
2.0246e+02
1.9683e+02
1.9001e+02
1.8202e+02
1.7296e+02
1.6306e+02
1.5267e+02
1.4226e+02
1.3237e+02
1.2356e+02
1.1640e+02
1.1141e+02
1.0901e+02
1.0940e+02
1.1265e+02
1.1860e+02
1.2689e+02
1.3698e+02
1.4819e+02
1.5977e+02
1.7095e+02
1.8099e+02
1.8931e+02
1.9545e+02
1.9918e+02
2.0049e+02
1.9960e+02
1.9684e+02
1.9266e+02
1.8758e+02
1.8211e+02
1.7668e+02
1.7163e+02
1.6720e+02
1.6348e+02
1.6046e+02
1.5804e+02
1.5603e+02
1.5420e+02
1.5235e+02
1.5033e+02
1.4806e+02
1.4550e+02
1.4267e+02
1.3969e+02
1.3671e+02
1.3386e+02
1.3130e+02
1.2916e+02
1.2752e+02
1.2642e+02
1.2583e+02
1.2565e+02
1.2577e+02
1.2603e+02
1.2625e+02
1.2626e+02
1.2591e+02
1.2508e+02
1.2370e+02
1.2176e+02
1.1930e+02
1.1641e+02
1.1319e+02
1.0981e+02
1.0639e+02
1.0310e+02
1.0009e+02
9.7499e+01
9.5433e+01
9.3984e+01
9.3221e+01
9.3190e+01
9.3911e+01
9.5380e+01
9.7574e+01
1.0045e+02
1.0392e+02
1.0789e+02
1.1221e+02
1.1674e+02
1.2132e+02
1.2583e+02
1.3016e+02
1.3421e+02
1.3792e+02
1.4129e+02
1.4434e+02
1.4712e+02
1.4966e+02
1.5202e+02
1.5423e+02
1.5630e+02
1.5823e+02
1.5996e+02
1.6141e+02
1.6249e+02
1.6312e+02
1.6321e+02
1.6267e+02
1.6150e+02
1.5969e+02
1.5729e+02
1.5435e+02
1.5098e+02
1.4730e+02
1.4342e+02
1.3945e+02
1.3550e+02
1.3165e+02
1.2800e+02
1.2460e+02
1.2149e+02
1.1870e+02
1.1625e+02
1.1414e+02
1.1237e+02
1.1093e+02
1.0978e+02
1.0891e+02
1.0829e+02
1.0792e+02
1.0777e+02
1.0782e+02
1.0806e+02
1.0845e+02
1.0901e+02
1.0972e+02
1.1056e+02
1.1154e+02
1.1266e+02
1.1392e+02
1.1532e+02
1.1688e+02
1.1859e+02
1.2047e+02
1.2248e+02
1.2464e+02
1.2690e+02
1.2925e+02
1.3160e+02
1.3388e+02
1.3603e+02
1.3796e+02
1.3959e+02
1.4086e+02
1.4174e+02
1.4219e+02
1.4224e+02
1.4193e+02
1.4133e+02
1.4054e+02
1.3965e+02
1.3877e+02
1.3802e+02
1.3750e+02
1.3732e+02
1.3755e+02
1.3828e+02
1.3956e+02
1.4140e+02
1.4381e+02
1.4676e+02
1.5018e+02
1.5399e+02
1.5809e+02
1.6233e+02
1.6659e+02
1.7071e+02
1.7456e+02
1.7806e+02
1.8110e+02
1.8361e+02
1.8553e+02
1.8685e+02
1.8754e+02
1.8765e+02
1.8716e+02
1.8610e+02
1.8447e+02
1.8228e+02
1.7956e+02
1.7637e+02
1.7277e+02
1.6885e+02
1.6473e+02
1.6052e+02
1.5639e+02
1.5252e+02
1.4907e+02
1.4622e+02
1.4411e+02
1.4288e+02
1.4262e+02
1.4335e+02
1.4507e+02
1.4770e+02
1.5114e+02
1.5521e+02
1.5973e+02
1.6446e+02
1.6916e+02
1.7362e+02
1.7766e+02
1.8113e+02
1.8395e+02
1.8609e+02
1.8755e+02
1.8842e+02
1.8879e+02
1.8881e+02
1.8861e+02
1.8829e+02
1.8796e+02
1.8768e+02
1.8751e+02
1.8745e+02
1.8749e+02
1.8763e+02
1.8783e+02
1.8807e+02
1.8832e+02
1.8856e+02
1.8878e+02
1.8898e+02
1.8915e+02
1.8926e+02
1.8929e+02
1.8922e+02
1.8902e+02
1.8866e+02
1.8810e+02
1.8733e+02
1.8634e+02
1.8516e+02
1.8379e+02
1.8226e+02
1.8060e+02
1.7883e+02
1.7701e+02
1.7514e+02
1.7326e+02
1.7140e+02
1.6956e+02
1.6776e+02
1.6600e+02
1.6430e+02
1.6267e+02
1.6114e+02
1.5976e+02
1.5860e+02
1.5776e+02
1.5733e+02
1.5743e+02
1.5816e+02
1.5963e+02
1.6193e+02
1.6512e+02
1.6922e+02
1.7420e+02
1.7997e+02
1.8641e+02
1.9332e+02
2.0049e+02
2.0767e+02
2.1462e+02
2.2113e+02
2.2703e+02
2.3223e+02
2.3669e+02
2.4046e+02
2.4362e+02
2.4635e+02
2.4883e+02
2.5125e+02
2.5379e+02
2.5659e+02
2.5975e+02
2.6327e+02
2.6712e+02
2.7119e+02
2.7530e+02
2.7925e+02
2.8277e+02
2.8562e+02
2.8752e+02
2.8824e+02
2.8759e+02
2.8540e+02
2.8158e+02
2.7609e+02
2.6900e+02
2.6042e+02
2.5059e+02
2.3979e+02
2.2835e+02
2.1666e+02
2.0513e+02
1.9414e+02
1.8401e+02
1.7501e+02
1.6733e+02
1.6106e+02
1.5622e+02
1.5276e+02
1.5057e+02
1.4949e+02
1.4936e+02
1.5004e+02
1.5136e+02
1.5319e+02
1.5542e+02
1.5794e+02
1.6064e+02
1.6342e+02
1.6621e+02
1.6892e+02
1.7145e+02
1.7372e+02
1.7567e+02
1.7725e+02
1.7846e+02
1.7929e+02
1.7977e+02
1.7996e+02
1.7991e+02
1.7966e+02
1.7927e+02
1.7876e+02
1.7818e+02
1.7756e+02
1.7694e+02
1.7639e+02
1.7597e+02
1.7578e+02
1.7593e+02
1.7652e+02
1.7765e+02
1.7938e+02
1.8177e+02
1.8481e+02
1.8842e+02
1.9251e+02
1.9690e+02
2.0143e+02
2.0589e+02
2.1011e+02
2.1392e+02
2.1723e+02
2.1997e+02
2.2215e+02
2.2384e+02
2.2515e+02
2.2621e+02
2.2717e+02
2.2817e+02
2.2929e+02
2.3062e+02
2.3216e+02
2.3391e+02
2.3579e+02
2.3768e+02
2.3946e+02
2.4099e+02
2.4213e+02
2.4275e+02
2.4277e+02
2.4212e+02
2.4079e+02
2.3880e+02
2.3621e+02
2.3309e+02
2.2957e+02
2.2579e+02
2.2189e+02
2.1803e+02
2.1434e+02
2.1095e+02
2.0799e+02
2.0556e+02
2.0372e+02
2.0254e+02
2.0206e+02
2.0229e+02
2.0321e+02
2.0481e+02
2.0703e+02
2.0983e+02
2.1314e+02
2.1687e+02
2.2090e+02
2.2512e+02
2.2942e+02
2.3370e+02
2.3784e+02
2.4174e+02
2.4534e+02
2.4856e+02
2.5139e+02
2.5379e+02
2.5580e+02
2.5746e+02
2.5884e+02
2.6002e+02
2.6108e+02
2.6209e+02
2.6313e+02
2.6424e+02
2.6545e+02
2.6679e+02
2.6824e+02
2.6977e+02
2.7136e+02
2.7294e+02
2.7449e+02
2.7598e+02
2.7740e+02
2.7874e+02
2.8001e+02
2.8119e+02
2.8230e+02
2.8332e+02
2.8425e+02
2.8509e+02
2.8583e+02
2.8646e+02
2.8699e+02
2.8741e+02
2.8774e+02
2.8800e+02
2.8821e+02
2.8843e+02
2.8867e+02
2.8893e+02
2.8923e+02
2.8955e+02
2.8986e+02
2.9013e+02
2.9031e+02
2.9037e+02
2.9025e+02
2.8994e+02
2.8946e+02
2.8880e+02
2.8800e+02
2.8709e+02
2.8610e+02
2.8507e+02
2.8404e+02
2.8301e+02
2.8202e+02
2.8106e+02
2.8014e+02
2.7926e+02
2.7842e+02
2.7761e+02
2.7684e+02
2.7612e+02
2.7551e+02
2.7504e+02
2.7476e+02
2.7470e+02
2.7492e+02
2.7544e+02
2.7628e+02
2.7747e+02
2.7897e+02
2.8080e+02
2.8290e+02
2.8522e+02
2.8771e+02
2.9030e+02
2.9289e+02
2.9540e+02
2.9776e+02
2.9990e+02
3.0172e+02
3.0313e+02
3.0404e+02
3.0438e+02
3.0408e+02
3.0309e+02
3.0134e+02
2.9880e+02
2.9546e+02
2.9134e+02
2.8649e+02
2.8100e+02
2.7498e+02
2.6858e+02
2.6196e+02
2.5527e+02
2.4866e+02
2.4226e+02
2.3618e+02
2.3049e+02
2.2521e+02
2.2035e+02
2.1585e+02
2.1164e+02
2.0765e+02
2.0378e+02
1.9997e+02
1.9616e+02
1.9233e+02
1.8849e+02
1.8467e+02
1.8096e+02
1.7745e+02
1.7427e+02
1.7154e+02
1.6939e+02
1.6796e+02
1.6735e+02
1.6768e+02
1.6901e+02
1.7136e+02
1.7472e+02
1.7902e+02
1.8416e+02
1.9000e+02
1.9637e+02
2.0310e+02
2.0998e+02
2.1685e+02
2.2352e+02
2.2985e+02
2.3572e+02
2.4105e+02
2.4579e+02
2.4993e+02
2.5348e+02
2.5645e+02
2.5888e+02
2.6081e+02
2.6227e+02
2.6330e+02
2.6395e+02
2.6429e+02
2.6441e+02
2.6441e+02
2.6445e+02
2.6469e+02
2.6531e+02
2.6649e+02
2.6839e+02
2.7115e+02
2.7486e+02
2.7958e+02
2.8525e+02
2.9179e+02
2.9903e+02
3.0674e+02
3.1468e+02
3.2261e+02
3.3028e+02
3.3750e+02
3.4413e+02
3.5008e+02
3.5531e+02
3.5987e+02
3.6380e+02
3.6720e+02
3.7018e+02
3.7283e+02
3.7524e+02
3.7747e+02
3.7954e+02
3.8146e+02
3.8320e+02
3.8474e+02
3.8600e+02
3.8687e+02
3.8721e+02
3.8693e+02
3.8587e+02
3.8392e+02
3.8095e+02
3.7686e+02
3.7162e+02
3.6522e+02
3.5776e+02
3.4941e+02
3.4039e+02
3.3102e+02
3.2161e+02
3.1250e+02
3.0401e+02
2.9642e+02
2.8993e+02
2.8464e+02
2.8059e+02
2.7773e+02
2.7598e+02
2.7520e+02
2.7524e+02
2.7599e+02
2.7739e+02
2.7944e+02
2.8218e+02
2.8572e+02
2.9021e+02
2.9586e+02
3.0283e+02
3.1117e+02
3.2086e+02
3.3176e+02
3.4361e+02
3.5603e+02
3.6852e+02
3.8051e+02
3.9141e+02
4.0064e+02
4.0768e+02
4.1211e+02
4.1371e+02
4.1240e+02
4.0829e+02
4.0166e+02
3.9290e+02
3.8251e+02
3.7103e+02
3.5901e+02
3.4691e+02
3.3514e+02
3.2404e+02
3.1381e+02
3.0459e+02
2.9643e+02
2.8930e+02
2.8318e+02
2.7800e+02
2.7368e+02
2.7010e+02
2.6723e+02
2.6499e+02
2.6338e+02
2.6234e+02
2.6182e+02
2.6177e+02
2.6212e+02
2.6279e+02
2.6371e+02
2.6480e+02
2.6602e+02
2.6731e+02
2.6856e+02
2.6967e+02
2.7053e+02
2.7101e+02
2.7097e+02
2.7027e+02
2.6877e+02
2.6633e+02
2.6286e+02
2.5831e+02
2.5269e+02
2.4611e+02
2.3871e+02
2.3073e+02
2.2244e+02
2.1415e+02
2.0613e+02
1.9860e+02
1.9172e+02
1.8556e+02
1.8011e+02
1.7524e+02
1.7077e+02
1.6645e+02
1.6202e+02
1.5727e+02
1.5204e+02
1.4623e+02
1.3983e+02
1.3290e+02
1.2561e+02
1.1819e+02
1.1090e+02
1.0399e+02
9.7709e+01
9.2220e+01
8.7659e+01
8.4091e+01
8.1518e+01
7.9889e+01
7.9119e+01
7.9096e+01
7.9691e+01
8.0786e+01
8.2263e+01
8.4021e+01
8.5959e+01
8.8021e+01
9.0217e+01
9.2614e+01
9.5321e+01
9.8472e+01
1.0225e+02
1.0685e+02
1.1252e+02
1.1943e+02
1.2775e+02
1.3755e+02
1.4880e+02
1.6139e+02
1.7507e+02
1.8948e+02
2.0416e+02
2.1860e+02
2.3226e+02
2.4465e+02
2.5533e+02
2.6396e+02
2.7034e+02
2.7439e+02
2.7618e+02
2.7588e+02
2.7376e+02
2.7017e+02
2.6548e+02
2.6006e+02
2.5428e+02
2.4848e+02
2.4291e+02
2.3765e+02
2.3270e+02
2.2798e+02
2.2333e+02
2.1854e+02
2.1333e+02
2.0742e+02
2.0059e+02
1.9266e+02
1.8355e+02
1.7327e+02
1.6198e+02
1.4993e+02
1.3747e+02
1.2502e+02
1.1301e+02
1.0187e+02
9.1933e+01
8.3474e+01
7.6650e+01
7.1496e+01
6.7959e+01
6.5925e+01
6.5260e+01
6.5811e+01
6.7448e+01
7.0085e+01
7.3677e+01
7.8234e+01
8.3771e+01
9.0353e+01
9.8082e+01
1.0703e+02
1.1722e+02
1.2861e+02
1.4110e+02
1.5455e+02
1.6879e+02
1.8363e+02
1.9885e+02
2.1421e+02
2.2948e+02
2.4445e+02
2.5889e+02
2.7261e+02
2.8537e+02
2.9694e+02
3.0708e+02
3.1558e+02
3.2226e+02
3.2699e+02
3.2972e+02
3.3044e+02
3.2924e+02
3.2624e+02
3.2166e+02
3.1582e+02
3.0905e+02
3.0170e+02
2.9412e+02
2.8665e+02
2.7959e+02
2.7317e+02
2.6754e+02
2.6283e+02
2.5907e+02
2.5624e+02
2.5431e+02
2.5316e+02
2.5268e+02
2.5273e+02
2.5318e+02
2.5388e+02
2.5472e+02
2.5558e+02
2.5631e+02
2.5686e+02
2.5717e+02
2.5724e+02
2.5704e+02
2.5663e+02
2.5605e+02
2.5538e+02
2.5474e+02
2.5425e+02
2.5401e+02
2.5414e+02
2.5470e+02
2.5573e+02
2.5723e+02
2.5916e+02
2.6143e+02
2.6394e+02
2.6654e+02
2.6909e+02
2.7146e+02
2.7354e+02
2.7528e+02
2.7668e+02
2.7774e+02
2.7852e+02
2.7910e+02
2.7956e+02
2.7998e+02
2.8042e+02
2.8093e+02
2.8152e+02
2.8218e+02
2.8287e+02
2.8358e+02
2.8427e+02
2.8494e+02
2.8557e+02
2.8622e+02
2.8690e+02
2.8771e+02
2.8870e+02
2.8996e+02
2.9154e+02
2.9345e+02
2.9569e+02
2.9822e+02
3.0098e+02
3.0387e+02
3.0680e+02
3.0968e+02
3.1240e+02
3.1483e+02
3.1688e+02
3.1843e+02
3.1942e+02
3.1978e+02
3.1946e+02
3.1843e+02
3.1668e+02
3.1420e+02
3.1103e+02
3.0725e+02
3.0296e+02
2.9829e+02
2.9343e+02
2.8858e+02
2.8395e+02
2.7978e+02
2.7626e+02
2.7358e+02
2.7189e+02
2.7126e+02
2.7172e+02
2.7324e+02
2.7570e+02
2.7887e+02
2.8249e+02
2.8625e+02
2.8983e+02
2.9289e+02
2.9513e+02
2.9628e+02
2.9619e+02
2.9479e+02
2.9210e+02
2.8821e+02
2.8330e+02
2.7761e+02
2.7140e+02
2.6494e+02
2.5849e+02
2.5228e+02
2.4647e+02
2.4117e+02
2.3647e+02
2.3235e+02
2.2880e+02
2.2580e+02
2.2335e+02
2.2143e+02
2.2006e+02
2.1927e+02
2.1909e+02
2.1957e+02
2.2074e+02
2.2263e+02
2.2521e+02
2.2843e+02
2.3215e+02
2.3622e+02
2.4043e+02
2.4455e+02
2.4834e+02
2.5160e+02
2.5413e+02
2.5581e+02
2.5661e+02
2.5654e+02
2.5572e+02
2.5429e+02
2.5246e+02
2.5042e+02
2.4834e+02
2.4636e+02
2.4457e+02
2.4302e+02
2.4168e+02
2.4050e+02
2.3939e+02
2.3824e+02
2.3697e+02
2.3552e+02
2.3389e+02
2.3209e+02
2.3018e+02
2.2825e+02
2.2637e+02
2.2465e+02
2.2319e+02
2.2206e+02
2.2131e+02
2.2096e+02
2.2099e+02
2.2133e+02
2.2189e+02
2.2255e+02
2.2317e+02
2.2360e+02
2.2370e+02
2.2333e+02
2.2240e+02
2.2086e+02
2.1874e+02
2.1612e+02
2.1317e+02
2.1012e+02
2.0718e+02
2.0451e+02
2.0222e+02
2.0038e+02
1.9893e+02
1.9770e+02
1.9646e+02
1.9489e+02
1.9265e+02
1.8944e+02
1.8503e+02
1.7930e+02
1.7228e+02
1.6411e+02
1.5506e+02
