1.2925e+02
1.4732e+02
1.6352e+02
1.7657e+02
1.8537e+02
1.8912e+02
1.8745e+02
1.8048e+02
1.6880e+02
1.5338e+02
1.3554e+02
1.1671e+02
9.8342e+01
8.1735e+01
6.7884e+01
5.7423e+01
5.0605e+01
4.7331e+01
4.7213e+01
4.9666e+01
5.3938e+01
5.9235e+01
6.4848e+01
7.0180e+01
7.4747e+01
7.8228e+01
8.0506e+01
8.1553e+01
8.1392e+01
8.0084e+01
7.7720e+01
7.4412e+01
7.0290e+01
6.5505e+01
6.0208e+01
5.4576e+01
4.8792e+01
4.3030e+01
3.7459e+01
3.2258e+01
2.7600e+01
2.3624e+01
2.0439e+01
1.8092e+01
1.6586e+01
1.5876e+01
1.5870e+01
1.6437e+01
1.7417e+01
1.8636e+01
1.9910e+01
2.1084e+01
2.2038e+01
2.2693e+01
2.3005e+01
2.2977e+01
2.2676e+01
2.2208e+01
2.1706e+01
2.1307e+01
2.1159e+01
2.1382e+01
2.2075e+01
2.3304e+01
2.5096e+01
2.7432e+01
3.0279e+01
3.3615e+01
3.7398e+01
4.1588e+01
4.6147e+01
5.1037e+01
5.6229e+01
6.1692e+01
6.7383e+01
7.3228e+01
7.9123e+01
8.4919e+01
9.0443e+01
9.5490e+01
9.9835e+01
1.0327e+02
1.0562e+02
1.0676e+02
1.0661e+02
1.0521e+02
1.0266e+02
9.9106e+01
9.4773e+01
8.9912e+01
8.4817e+01
7.9764e+01
7.5015e+01
7.0779e+01
6.7214e+01
6.4429e+01
6.2493e+01
6.1400e+01
6.1080e+01
6.1437e+01
6.2339e+01
6.3648e+01
6.5231e+01
6.6959e+01
6.8724e+01
7.0446e+01
7.2078e+01
7.3603e+01
7.5050e+01
7.6458e+01
7.7885e+01
7.9398e+01
8.1033e+01
8.2806e+01
8.4699e+01
8.6665e+01
8.8609e+01
9.0412e+01
9.1943e+01
9.3100e+01
9.3834e+01
9.4172e+01
9.4219e+01
9.4150e+01
9.4235e+01
9.4794e+01
9.6186e+01
9.8770e+01
1.0286e+02
1.0868e+02
1.1631e+02
1.2569e+02
1.3661e+02
1.4873e+02
1.6162e+02
1.7478e+02
1.8769e+02
1.9988e+02
2.1093e+02
2.2053e+02
2.2851e+02
2.3479e+02
2.3939e+02
2.4243e+02
2.4408e+02
2.4451e+02
2.4389e+02
2.4236e+02
2.4005e+02
2.3706e+02
2.3349e+02
2.2940e+02
2.2487e+02
2.1997e+02
2.1485e+02
2.0963e+02
2.0451e+02
1.9963e+02
1.9512e+02
1.9109e+02
1.8759e+02
1.8465e+02
1.8224e+02
1.8032e+02
1.7880e+02
1.7755e+02
1.7649e+02
1.7551e+02
1.7457e+02
1.7364e+02
1.7274e+02
1.7190e+02
1.7120e+02
1.7072e+02
1.7053e+02
1.7070e+02
1.7125e+02
1.7219e+02
1.7348e+02
1.7509e+02
1.7693e+02
1.7890e+02
1.8091e+02
1.8287e+02
1.8474e+02
1.8646e+02
1.8806e+02
1.8954e+02
1.9097e+02
1.9244e+02
1.9404e+02
1.9585e+02
1.9795e+02
2.0039e+02
2.0316e+02
2.0623e+02
2.0950e+02
2.1287e+02
2.1619e+02
2.1932e+02
2.2208e+02
2.2434e+02
2.2602e+02
2.2706e+02
2.2747e+02
2.2729e+02
2.2665e+02
2.2568e+02
2.2455e+02
2.2344e+02
2.2247e+02
2.2178e+02
2.2143e+02
2.2145e+02
2.2181e+02
2.2245e+02
2.2326e+02
2.2415e+02
2.2501e+02
2.2574e+02
2.2630e+02
2.2664e+02
2.2676e+02
2.2668e+02
2.2648e+02
2.2624e+02
2.2604e+02
2.2592e+02
2.2586e+02
2.2576e+02
2.2548e+02
2.2480e+02
2.2348e+02
2.2122e+02
2.1773e+02
2.1275e+02
2.0608e+02
1.9761e+02
1.8738e+02
1.7555e+02
1.6241e+02
1.4836e+02
1.3386e+02
1.1941e+02
1.0548e+02
9.2513e+01
8.0858e+01
7.0744e+01
6.2286e+01
5.5486e+01
5.0261e+01
4.6448e+01
4.3866e+01
4.2313e+01
4.1579e+01
4.1473e+01
4.1832e+01
4.2511e+01
4.3403e+01
4.4459e+01
4.5658e+01
4.6995e+01
4.8483e+01
5.0138e+01
5.1998e+01
5.4104e+01
5.6483e+01
5.9140e+01
6.2069e+01
6.5217e+01
6.8492e+01
7.1755e+01
7.4839e+01
7.7562e+01
7.9745e+01
8.1233e+01
8.1901e+01
8.1691e+01
8.0608e+01
7.8713e+01
7.6129e+01
7.3003e+01
6.9470e+01
6.5665e+01
6.1709e+01
5.7676e+01
5.3590e+01
4.9429e+01
4.5139e+01
4.0666e+01
3.5954e+01
3.0971e+01
2.5733e+01
2.0315e+01
1.4883e+01
9.7329e+00
5.2380e+00
1.8354e+00
0000
1.8868e-01
2.8328e+00
8.2815e+00
1.6774e+01
2.8394e+01
4.3054e+01
6.0486e+01
8.0250e+01
1.0177e+02
1.2432e+02
1.4708e+02
1.6918e+02
1.8980e+02
2.0821e+02
2.2382e+02
2.3616e+02
2.4495e+02
2.5012e+02
2.5186e+02
2.5053e+02
2.4667e+02
2.4100e+02
2.3430e+02
2.2740e+02
2.2111e+02
2.1616e+02
2.1314e+02
2.1241e+02
2.1412e+02
2.1818e+02
2.2433e+02
2.3216e+02
2.4112e+02
2.5061e+02
2.6005e+02
2.6893e+02
2.7687e+02
2.8362e+02
2.8907e+02
2.9316e+02
2.9597e+02
2.9765e+02
2.9836e+02
2.9820e+02
2.9724e+02
2.9549e+02
2.9297e+02
2.8973e+02
2.8581e+02
2.8131e+02
2.7638e+02
2.7129e+02
2.6635e+02
2.6190e+02
2.5830e+02
2.5587e+02
2.5483e+02
2.5531e+02
2.5728e+02
2.6053e+02
2.6469e+02
2.6926e+02
2.7369e+02
2.7737e+02
2.7972e+02
2.8027e+02
2.7863e+02
2.7460e+02
2.6819e+02
2.5964e+02
2.4940e+02
2.3806e+02
2.2632e+02
2.1495e+02
2.0468e+02
1.9617e+02
1.8995e+02
1.8631e+02
1.8538e+02
1.8704e+02
1.9101e+02
1.9679e+02
2.0372e+02
2.1107e+02
2.1814e+02
2.2424e+02
2.2877e+02
2.3125e+02
2.3133e+02
2.2886e+02
2.2388e+02
2.1666e+02
2.0760e+02
1.9720e+02
1.8609e+02
1.7490e+02
1.6430e+02
1.5489e+02
1.4719e+02
1.4153e+02
1.3809e+02
1.3686e+02
1.3769e+02
1.4027e+02
1.4419e+02
1.4900e+02
1.5424e+02
1.5950e+02
1.6443e+02
1.6880e+02
1.7247e+02
1.7537e+02
1.7755e+02
1.7916e+02
1.8037e+02
1.8131e+02
1.8215e+02
1.8297e+02
1.8387e+02
1.8489e+02
1.8604e+02
1.8727e+02
1.8854e+02
1.8977e+02
1.9088e+02
1.9178e+02
1.9241e+02
1.9270e+02
1.9263e+02
1.9218e+02
1.9136e+02
1.9022e+02
1.8885e+02
1.8736e+02
1.8588e+02
1.8453e+02
1.8348e+02
1.8283e+02
1.8271e+02
1.8318e+02
1.8425e+02
1.8591e+02
1.8810e+02
1.9070e+02
1.9360e+02
1.9663e+02
1.9967e+02
2.0257e+02
2.0523e+02
2.0756e+02
2.0951e+02
2.1105e+02
2.1218e+02
2.1291e+02
2.1325e+02
2.1323e+02
2.1287e+02
2.1216e+02
2.1113e+02
2.0980e+02
2.0822e+02
2.0643e+02
2.0451e+02
2.0253e+02
2.0058e+02
1.9869e+02
1.9688e+02
1.9513e+02
1.9338e+02
1.9153e+02
1.8946e+02
1.8705e+02
1.8422e+02
1.8097e+02
1.7733e+02
1.7345e+02
1.6955e+02
1.6591e+02
1.6287e+02
1.6071e+02
1.5970e+02
1.6000e+02
1.6165e+02
1.6453e+02
1.6844e+02
1.7303e+02
1.7793e+02
1.8275e+02
1.8716e+02
1.9089e+02
1.9379e+02
1.9583e+02
1.9711e+02
1.9782e+02
1.9820e+02
1.9853e+02
1.9905e+02
1.9997e+02
2.0139e+02
2.0333e+02
2.0571e+02
2.0841e+02
2.1122e+02
2.1393e+02
2.1631e+02
2.1821e+02
2.1948e+02
2.2008e+02
2.1995e+02
2.1913e+02
2.1769e+02
2.1573e+02
2.1338e+02
2.1075e+02
2.0797e+02
2.0514e+02
2.0239e+02
1.9980e+02
1.9746e+02
1.9543e+02
1.9376e+02
1.9248e+02
1.9162e+02
1.9116e+02
1.9107e+02
1.9131e+02
1.9182e+02
1.9246e+02
1.9310e+02
1.9359e+02
1.9377e+02
1.9350e+02
1.9265e+02
1.9108e+02
1.8874e+02
1.8556e+02
1.8157e+02
1.7681e+02
1.7139e+02
1.6548e+02
1.5927e+02
1.5297e+02
1.4679e+02
1.4094e+02
1.3558e+02
1.3088e+02
1.2694e+02
1.2382e+02
1.2156e+02
1.2023e+02
1.1984e+02
1.2044e+02
1.2209e+02
1.2487e+02
1.2886e+02
1.3414e+02
1.4074e+02
1.4865e+02
1.5783e+02
1.6817e+02
1.7945e+02
1.9131e+02
2.0330e+02
2.1492e+02
2.2565e+02
2.3496e+02
2.4237e+02
2.4748e+02
2.4999e+02
2.4975e+02
2.4673e+02
2.4108e+02
2.3308e+02
2.2313e+02
2.1170e+02
1.9933e+02
1.8654e+02
1.7387e+02
1.6177e+02
1.5061e+02
1.4062e+02
1.3196e+02
1.2471e+02
1.1883e+02
1.1424e+02
1.1077e+02
1.0826e+02
1.0653e+02
1.0539e+02
1.0466e+02
1.0416e+02
1.0373e+02
1.0326e+02
1.0267e+02
1.0186e+02
1.0077e+02
9.9325e+01
9.7478e+01
9.5217e+01
9.2541e+01
8.9476e+01
8.6072e+01
8.2445e+01
7.8772e+01
7.5288e+01
7.2267e+01
7.0008e+01
6.8837e+01
6.9075e+01
7.1030e+01
7.4955e+01
8.1010e+01
8.9246e+01
9.9600e+01
1.1182e+02
1.2546e+02
1.3992e+02
1.5453e+02
1.6853e+02
1.8112e+02
1.9157e+02
1.9923e+02
2.0361e+02
2.0443e+02
2.0162e+02
1.9536e+02
1.8603e+02
1.7421e+02
1.6058e+02
1.4589e+02
1.3091e+02
1.1633e+02
1.0277e+02
9.0689e+01
8.0360e+01
7.1897e+01
6.5283e+01
6.0393e+01
5.7019e+01
5.4915e+01
5.3813e+01
5.3464e+01
5.3652e+01
5.4196e+01
5.4931e+01
5.5772e+01
5.6723e+01
5.7786e+01
5.8978e+01
6.0314e+01
6.1826e+01
6.3537e+01
6.5456e+01
6.7580e+01
6.9881e+01
7.2312e+01
7.4800e+01
7.7268e+01
7.9620e+01
8.1757e+01
8.3591e+01
8.5053e+01
8.6095e+01
8.6683e+01
8.6826e+01
8.6558e+01
8.5938e+01
8.5030e+01
8.3911e+01
8.2664e+01
8.1360e+01
8.0070e+01
7.8834e+01
7.7689e+01
7.6653e+01
7.5721e+01
7.4869e+01
7.4061e+01
7.3254e+01
7.2385e+01
7.1393e+01
7.0215e+01
6.8804e+01
6.7123e+01
6.5158e+01
6.2925e+01
6.0467e+01
5.7852e+01
5.5154e+01
5.2476e+01
4.9929e+01
4.7616e+01
4.5618e+01
4.3997e+01
4.2790e+01
4.1997e+01
4.1600e+01
4.1558e+01
4.1824e+01
4.2334e+01
4.3014e+01
4.3788e+01
4.4591e+01
4.5380e+01
4.6114e+01
4.6768e+01
4.7321e+01
4.7768e+01
4.8110e+01
4.8362e+01
4.8561e+01
4.8750e+01
4.8994e+01
4.9411e+01
5.0186e+01
5.1530e+01
5.3675e+01
5.6871e+01
6.1374e+01
6.7420e+01
7.5183e+01
8.4759e+01
9.6125e+01
1.0915e+02
1.2357e+02
1.3903e+02
1.5507e+02
1.7118e+02
1.8683e+02
2.0153e+02
2.1488e+02
2.2661e+02
2.3656e+02
2.4472e+02
2.5122e+02
2.5629e+02
2.6023e+02
2.6337e+02
2.6606e+02
2.6857e+02
2.7113e+02
2.7387e+02
2.7686e+02
2.8008e+02
2.8334e+02
2.8638e+02
2.8891e+02
2.9063e+02
2.9122e+02
2.9042e+02
2.8802e+02
2.8386e+02
2.7791e+02
2.7022e+02
2.6097e+02
2.5040e+02
2.3885e+02
2.2670e+02
2.1435e+02
2.0216e+02
1.9047e+02
1.7956e+02
1.6962e+02
1.6079e+02
1.5311e+02
1.4656e+02
1.4109e+02
1.3660e+02
1.3298e+02
1.3014e+02
1.2799e+02
1.2641e+02
1.2531e+02
1.2459e+02
1.2414e+02
1.2389e+02
1.2376e+02
1.2368e+02
1.2357e+02
1.2335e+02
1.2298e+02
1.2243e+02
1.2167e+02
1.2072e+02
1.1959e+02
1.1832e+02
1.1695e+02
1.1552e+02
1.1406e+02
1.1260e+02
1.1117e+02
1.0981e+02
1.0853e+02
1.0734e+02
1.0625e+02
1.0528e+02
1.0444e+02
1.0375e+02
1.0321e+02
1.0286e+02
1.0267e+02
1.0268e+02
1.0287e+02
1.0325e+02
1.0383e+02
1.0459e+02
1.0554e+02
1.0667e+02
1.0799e+02
1.0949e+02
1.1120e+02
1.1313e+02
1.1532e+02
1.1779e+02
1.2055e+02
1.2363e+02
1.2702e+02
1.3071e+02
1.3466e+02
1.3883e+02
1.4321e+02
1.4782e+02
1.5273e+02
1.5806e+02
1.6400e+02
1.7073e+02
1.7845e+02
1.8730e+02
1.9737e+02
2.0861e+02
2.2086e+02
2.3383e+02
2.4702e+02
2.5989e+02
2.7179e+02
2.8209e+02
2.9026e+02
2.9586e+02
2.9867e+02
2.9867e+02
2.9605e+02
2.9119e+02
2.8460e+02
2.7684e+02
2.6851e+02
2.6013e+02
2.5213e+02
2.4482e+02
2.3835e+02
2.3280e+02
2.2813e+02
2.2422e+02
2.2091e+02
2.1804e+02
2.1548e+02
2.1311e+02
2.1088e+02
2.0879e+02
2.0689e+02
2.0524e+02
2.0390e+02
2.0294e+02
2.0237e+02
2.0223e+02
2.0251e+02
2.0316e+02
2.0413e+02
2.0534e+02
2.0667e+02
2.0802e+02
2.0928e+02
2.1033e+02
2.1107e+02
2.1142e+02
2.1134e+02
2.1081e+02
2.0984e+02
2.0843e+02
2.0662e+02
2.0441e+02
2.0184e+02
1.9894e+02
1.9575e+02
1.9228e+02
1.8855e+02
1.8462e+02
1.8050e+02
1.7626e+02
1.7196e+02
1.6767e+02
1.6347e+02
1.5943e+02
1.5563e+02
1.5213e+02
1.4899e+02
1.4620e+02
1.4378e+02
1.4169e+02
1.3988e+02
1.3830e+02
1.3687e+02
1.3555e+02
1.3429e+02
1.3309e+02
1.3195e+02
1.3087e+02
1.2990e+02
1.2908e+02
1.2846e+02
1.2807e+02
1.2796e+02
1.2813e+02
1.2857e+02
1.2923e+02
1.3006e+02
1.3104e+02
1.3211e+02
1.3327e+02
1.3451e+02
1.3587e+02
1.3738e+02
1.3909e+02
1.4106e+02
1.4333e+02
1.4591e+02
1.4882e+02
1.5199e+02
1.5534e+02
1.5873e+02
1.6203e+02
1.6505e+02
1.6764e+02
1.6965e+02
1.7096e+02
1.7153e+02
1.7135e+02
1.7046e+02
1.6896e+02
1.6698e+02
1.6464e+02
1.6211e+02
1.5952e+02
1.5696e+02
1.5451e+02
1.5220e+02
1.5005e+02
1.4802e+02
1.4609e+02
1.4423e+02
1.4242e+02
1.4065e+02
1.3896e+02
1.3739e+02
1.3601e+02
1.3489e+02
1.3416e+02
1.3397e+02
1.3449e+02
1.3590e+02
1.3839e+02
1.4212e+02
1.4718e+02
1.5356e+02
1.6120e+02
1.6990e+02
1.7933e+02
1.8906e+02
1.9852e+02
2.0710e+02
2.1420e+02
2.1926e+02
2.2188e+02
2.2182e+02
2.1903e+02
2.1371e+02
2.0621e+02
1.9707e+02
1.8692e+02
1.7638e+02
1.6605e+02
1.5643e+02
1.4789e+02
1.4064e+02
1.3476e+02
1.3023e+02
1.2692e+02
1.2467e+02
1.2326e+02
1.2251e+02
1.2225e+02
1.2235e+02
1.2270e+02
1.2327e+02
1.2402e+02
1.2491e+02
1.2590e+02
1.2695e+02
1.2804e+02
1.2915e+02
1.3031e+02
1.3154e+02
1.3289e+02
1.3441e+02
1.3614e+02
1.3811e+02
1.4033e+02
1.4280e+02
1.4549e+02
1.4831e+02
1.5118e+02
1.5401e+02
1.5668e+02
1.5912e+02
1.6125e+02
1.6303e+02
1.6447e+02
1.6559e+02
1.6641e+02
1.6701e+02
1.6745e+02
1.6781e+02
1.6817e+02
1.6858e+02
1.6907e+02
1.6964e+02
1.7030e+02
1.7099e+02
1.7170e+02
1.7238e+02
1.7299e+02
1.7352e+02
1.7393e+02
1.7422e+02
1.7438e+02
1.7441e+02
1.7434e+02
1.7418e+02
1.7392e+02
1.7357e+02
1.7313e+02
1.7260e+02
1.7202e+02
1.7139e+02
1.7076e+02
1.7016e+02
1.6965e+02
1.6927e+02
1.6910e+02
1.6919e+02
1.6959e+02
1.7034e+02
1.7143e+02
1.7286e+02
1.7458e+02
1.7655e+02
1.7871e+02
1.8100e+02
1.8336e+02
1.8572e+02
1.8804e+02
1.9026e+02
1.9235e+02
1.9428e+02
1.9603e+02
1.9760e+02
1.9898e+02
2.0018e+02
2.0119e+02
2.0204e+02
2.0273e+02
2.0328e+02
2.0370e+02
2.0402e+02
2.0424e+02
2.0436e+02
2.0439e+02
2.0432e+02
2.0415e+02
2.0386e+02
2.0344e+02
2.0291e+02
2.0228e+02
2.0157e+02
2.0080e+02
2.0002e+02
1.9926e+02
1.9857e+02
1.9798e+02
1.9753e+02
1.9724e+02
1.9710e+02
1.9713e+02
1.9731e+02
1.9762e+02
1.9802e+02
1.9850e+02
1.9902e+02
1.9956e+02
2.0010e+02
2.0061e+02
2.0109e+02
2.0153e+02
2.0194e+02
2.0230e+02
2.0261e+02
2.0290e+02
2.0317e+02
2.0344e+02
2.0374e+02
2.0408e+02
2.0449e+02
2.0500e+02
2.0562e+02
2.0638e+02
2.0731e+02
2.0840e+02
2.0969e+02
2.1118e+02
2.1287e+02
2.1474e+02
2.1679e+02
2.1898e+02
2.2128e+02
2.2365e+02
2.2602e+02
2.2831e+02
2.3043e+02
2.3226e+02
2.3368e+02
2.3455e+02
2.3477e+02
2.3428e+02
2.3300e+02
2.3091e+02
2.2802e+02
2.2440e+02
2.2017e+02
2.1546e+02
2.1047e+02
2.0540e+02
2.0046e+02
1.9584e+02
1.9174e+02
1.8830e+02
1.8563e+02
1.8380e+02
1.8286e+02
1.8279e+02
1.8353e+02
1.8500e+02
1.8707e+02
1.8960e+02
1.9244e+02
1.9542e+02
1.9835e+02
2.0109e+02
2.0348e+02
2.0543e+02
2.0687e+02
2.0777e+02
2.0815e+02
2.0805e+02
2.0755e+02
2.0675e+02
2.0577e+02
2.0472e+02
2.0371e+02
2.0284e+02
2.0218e+02
2.0178e+02
2.0168e+02
2.0191e+02
2.0252e+02
2.0354e+02
2.0499e+02
2.0692e+02
2.0934e+02
2.1226e+02
2.1563e+02
2.1939e+02
2.2344e+02
2.2762e+02
2.3176e+02
2.3566e+02
2.3911e+02
2.4192e+02
2.4397e+02
2.4516e+02
2.4547e+02
2.4494e+02
2.4369e+02
2.4187e+02
2.3966e+02
2.3727e+02
2.3486e+02
2.3258e+02
2.3054e+02
2.2877e+02
2.2729e+02
2.2608e+02
2.2505e+02
2.2413e+02
2.2322e+02
2.2222e+02
2.2105e+02
2.1966e+02
2.1803e+02
2.1615e+02
2.1403e+02
2.1172e+02
2.0925e+02
2.0670e+02
2.0414e+02
2.0162e+02
1.9922e+02
1.9698e+02
1.9494e+02
1.9312e+02
1.9153e+02
1.9016e+02
1.8898e+02
1.8797e+02
1.8708e+02
1.8628e+02
1.8552e+02
1.8479e+02
1.8408e+02
1.8339e+02
1.8274e+02
1.8214e+02
1.8162e+02
1.8119e+02
1.8088e+02
1.8068e+02
1.8061e+02
1.8066e+02
1.8077e+02
1.8092e+02
1.8104e+02
1.8107e+02
1.8096e+02
1.8066e+02
1.8015e+02
1.7939e+02
1.7840e+02
1.7719e+02
1.7580e+02
1.7431e+02
1.7278e+02
1.7127e+02
1.6986e+02
1.6858e+02
1.6748e+02
1.6661e+02
1.6597e+02
1.6558e+02
1.6544e+02
1.6550e+02
1.6574e+02
1.6611e+02
1.6659e+02
1.6715e+02
1.6778e+02
1.6848e+02
1.6924e+02
1.7007e+02
1.7100e+02
1.7204e+02
1.7322e+02
1.7456e+02
1.7602e+02
1.7759e+02
1.7917e+02
1.8069e+02
1.8202e+02
1.8305e+02
1.8369e+02
1.8385e+02
1.8348e+02
1.8261e+02
1.8133e+02
1.7977e+02
1.7808e+02
1.7647e+02
1.7510e+02
1.7413e+02
1.7369e+02
1.7382e+02
1.7453e+02
1.7574e+02
1.7732e+02
1.7909e+02
1.8087e+02
1.8248e+02
1.8372e+02
1.8447e+02
1.8464e+02
1.8421e+02
1.8321e+02
1.8171e+02
1.7982e+02
1.7769e+02
1.7549e+02
1.7338e+02
1.7151e+02
1.7001e+02
1.6897e+02
1.6844e+02
1.6843e+02
1.6888e+02
1.6967e+02
1.7067e+02
1.7170e+02
1.7262e+02
1.7325e+02
1.7345e+02
1.7312e+02
1.7221e+02
1.7069e+02
1.6862e+02
1.6612e+02
1.6339e+02
1.6064e+02
1.5812e+02
1.5611e+02
1.5486e+02
1.5461e+02
1.5556e+02
1.5784e+02
1.6150e+02
1.6652e+02
1.7279e+02
1.8011e+02
1.8823e+02
1.9683e+02
2.0561e+02
2.1425e+02
2.2247e+02
2.3007e+02
2.3690e+02
2.4291e+02
2.4810e+02
2.5256e+02
2.5640e+02
2.5973e+02
2.6267e+02
2.6530e+02
2.6768e+02
2.6981e+02
2.7167e+02
2.7319e+02
2.7431e+02
2.7495e+02
2.7504e+02
2.7454e+02
2.7346e+02
2.7183e+02
2.6974e+02
2.6727e+02
2.6452e+02
2.6159e+02
2.5858e+02
2.5557e+02
2.5264e+02
2.4984e+02
2.4721e+02
2.4477e+02
2.4252e+02
2.4046e+02
2.3856e+02
2.3681e+02
2.3515e+02
2.3356e+02
2.3200e+02
2.3044e+02
2.2884e+02
2.2719e+02
2.2548e+02
2.2374e+02
2.2197e+02
2.2022e+02
2.1854e+02
2.1695e+02
2.1549e+02
2.1418e+02
2.1308e+02
2.1220e+02
2.1160e+02
2.1129e+02
2.1132e+02
2.1173e+02
2.1257e+02
2.1387e+02
2.1568e+02
2.1799e+02
2.2079e+02
2.2403e+02
2.2763e+02
2.3146e+02
2.3538e+02
2.3923e+02
2.4282e+02
2.4600e+02
2.4860e+02
2.5051e+02
2.5162e+02
2.5190e+02
2.5134e+02
2.4997e+02
2.4789e+02
2.4519e+02
2.4199e+02
2.3847e+02
2.3480e+02
2.3114e+02
2.2769e+02
2.2459e+02
2.2198e+02
2.1997e+02
2.1866e+02
2.1807e+02
2.1822e+02
2.1907e+02
2.2052e+02
2.2246e+02
2.2477e+02
2.2733e+02
2.2998e+02
2.3260e+02
2.3508e+02
2.3732e+02
2.3926e+02
2.4086e+02
2.4208e+02
2.4292e+02
2.4336e+02
2.4344e+02
2.4314e+02
2.4247e+02
2.4144e+02
2.4006e+02
2.3833e+02
2.3627e+02
2.3391e+02
2.3130e+02
2.2850e+02
2.2559e+02
2.2265e+02
2.1981e+02
2.1719e+02
2.1490e+02
2.1307e+02
2.1177e+02
2.1097e+02
2.1062e+02
2.1059e+02
2.1067e+02
2.1058e+02
2.1002e+02
2.0867e+02
2.0627e+02
2.0259e+02
1.9752e+02
1.9105e+02
1.8334e+02
1.7464e+02
1.6532e+02
1.5584e+02
1.4666e+02
1.3824e+02
1.3097e+02
1.2516e+02
1.2100e+02
1.1855e+02
1.1778e+02
1.1854e+02
1.2060e+02
1.2371e+02
1.2760e+02
1.3200e+02
1.3666e+02
1.4140e+02
1.4603e+02
1.5046e+02
1.5463e+02
1.5854e+02
1.6218e+02
1.6557e+02
1.6871e+02
1.7161e+02
1.7427e+02
1.7666e+02
1.7878e+02
1.8061e+02
1.8210e+02
1.8323e+02
1.8397e+02
1.8433e+02
1.8435e+02
1.8408e+02
1.8360e+02
1.8302e+02
1.8245e+02
1.8198e+02
1.8170e+02
1.8166e+02
1.8187e+02
1.8231e+02
1.8293e+02
1.8364e+02
1.8436e+02
1.8499e+02
1.8545e+02
1.8570e+02
1.8568e+02
1.8541e+02
1.8488e+02
1.8413e+02
1.8320e+02
1.8211e+02
1.8089e+02
1.7957e+02
1.7816e+02
1.7667e+02
1.7511e+02
1.7350e+02
1.7184e+02
1.7020e+02
1.6861e+02
1.6712e+02
1.6577e+02
1.6462e+02
1.6371e+02
1.6307e+02
1.6272e+02
1.6267e+02
1.6293e+02
1.6350e+02
1.6439e+02
1.6558e+02
1.6706e+02
1.6885e+02
1.7099e+02
1.7358e+02
1.7674e+02
1.8066e+02
1.8553e+02
1.9153e+02
1.9880e+02
2.0743e+02
2.1745e+02
2.2873e+02
2.4102e+02
2.5396e+02
2.6703e+02
2.7968e+02
2.9130e+02
3.0135e+02
3.0936e+02
3.1503e+02
3.1823e+02
3.1903e+02
3.1768e+02
3.1460e+02
3.1026e+02
3.0520e+02
2.9994e+02
2.9493e+02
2.9050e+02
2.8687e+02
2.8415e+02
2.8235e+02
2.8144e+02
2.8128e+02
2.8173e+02
2.8266e+02
2.8397e+02
2.8559e+02
2.8750e+02
2.8975e+02
2.9237e+02
2.9542e+02
2.9899e+02
3.0314e+02
3.0795e+02
3.1346e+02
3.1968e+02
3.2662e+02
3.3425e+02
3.4249e+02
3.5128e+02
3.6044e+02
3.6967e+02
3.7864e+02
3.8696e+02
3.9419e+02
3.9988e+02
4.0358e+02
4.0485e+02
4.0333e+02
3.9878e+02
3.9110e+02
3.8038e+02
3.6687e+02
3.5098e+02
3.3330e+02
3.1448e+02
2.9523e+02
2.7622e+02
2.5811e+02
2.4145e+02
2.2668e+02
2.1406e+02
2.0371e+02
1.9560e+02
1.8961e+02
1.8555e+02
1.8318e+02
1.8224e+02
1.8243e+02
1.8351e+02
1.8518e+02
1.8720e+02
1.8947e+02
1.9183e+02
1.9418e+02
1.9643e+02
1.9852e+02
2.0041e+02
2.0211e+02
2.0362e+02
2.0498e+02
2.0621e+02
2.0733e+02
2.0836e+02
2.0929e+02
2.1013e+02
2.1084e+02
2.1139e+02
2.1175e+02
2.1190e+02
2.1181e+02
2.1149e+02
2.1094e+02
2.1019e+02
2.0929e+02
2.0833e+02
2.0737e+02
2.0653e+02
2.0589e+02
2.0553e+02
2.0551e+02
2.0588e+02
2.0665e+02
2.0781e+02
2.0934e+02
2.1119e+02
2.1332e+02
2.1564e+02
2.1810e+02
2.2065e+02
2.2323e+02
2.2582e+02
2.2838e+02
2.3092e+02
2.3341e+02
2.3583e+02
2.3815e+02
2.4032e+02
2.4230e+02
2.4406e+02
2.4553e+02
2.4669e+02
2.4751e+02
2.4799e+02
2.4815e+02
2.4802e+02
2.4768e+02
2.4719e+02
2.4661e+02
2.4602e+02
2.4547e+02
2.4503e+02
2.4471e+02
2.4453e+02
2.4445e+02
2.4445e+02
2.4444e+02
2.4438e+02
2.4420e+02
2.4386e+02
2.4333e+02
2.4259e+02
2.4168e+02
2.4061e+02
2.3944e+02
2.3823e+02
2.3700e+02
2.3571e+02
2.3432e+02
2.3272e+02
2.3077e+02
2.2830e+02
2.2515e+02
2.2112e+02
2.1609e+02
2.1000e+02
2.0287e+02
1.9479e+02
1.8600e+02
1.7681e+02
1.6760e+02
1.5880e+02
1.5079e+02
1.4397e+02
1.3863e+02
1.3502e+02
1.3322e+02
1.3324e+02
1.3496e+02
1.3819e+02
1.4270e+02
1.4820e+02
1.5443e+02
1.6113e+02
1.6808e+02
1.7511e+02
1.8209e+02
1.8895e+02
1.9568e+02
2.0227e+02
2.0872e+02
2.1501e+02
2.2107e+02
2.2686e+02
2.3229e+02
2.3725e+02
2.4164e+02
2.4536e+02
2.4832e+02
2.5047e+02
2.5178e+02
2.5226e+02
2.5196e+02
2.5098e+02
2.4944e+02
2.4748e+02
2.4525e+02
2.4293e+02
2.4067e+02
2.3864e+02
2.3696e+02
2.3572e+02
2.3501e+02
2.3486e+02
2.3529e+02
2.3629e+02
2.3782e+02
2.3981e+02
2.4219e+02
2.4488e+02
2.4779e+02
2.5083e+02
2.5394e+02
2.5704e+02
2.6008e+02
2.6302e+02
2.6582e+02
2.6846e+02
2.7093e+02
2.7319e+02
2.7525e+02
2.7708e+02
2.7868e+02
2.8003e+02
2.8113e+02
2.8196e+02
2.8249e+02
2.8270e+02
2.8255e+02
2.8200e+02
2.8102e+02
2.7957e+02
2.7765e+02
2.7528e+02
2.7250e+02
2.6939e+02
2.6604e+02
2.6260e+02
2.5922e+02
2.5607e+02
2.5331e+02
2.5110e+02
2.4956e+02
2.4879e+02
2.4883e+02
2.4969e+02
2.5135e+02
2.5372e+02
2.5670e+02
2.6017e+02
2.6399e+02
2.6802e+02
2.7215e+02
2.7627e+02
2.8027e+02
2.8411e+02
2.8776e+02
2.9124e+02
2.9459e+02
2.9786e+02
3.0109e+02
3.0429e+02
3.0749e+02
3.1065e+02
3.1371e+02
3.1659e+02
3.1916e+02
3.2129e+02
3.2285e+02
3.2376e+02
3.2394e+02
3.2338e+02
3.2215e+02
3.2033e+02
3.1807e+02
3.1553e+02
3.1282e+02
3.1004e+02
3.0725e+02
3.0445e+02
3.0158e+02
2.9854e+02
2.9520e+02
2.9142e+02
2.8707e+02
2.8211e+02
2.7651e+02
2.7036e+02
2.6378e+02
2.5697e+02
2.5016e+02
2.4362e+02
2.3761e+02
2.3238e+02
2.2813e+02
2.2500e+02
2.2310e+02
2.2246e+02
2.2307e+02
2.2487e+02
2.2774e+02
2.3153e+02
2.3607e+02
2.4115e+02
2.4658e+02
2.5216e+02
2.5770e+02
2.6305e+02
2.6810e+02
2.7276e+02
2.7700e+02
2.8080e+02
2.8416e+02
2.8713e+02
2.8975e+02
2.9206e+02
2.9412e+02
2.9594e+02
2.9754e+02
2.9891e+02
3.0005e+02
3.0097e+02
3.0165e+02
3.0210e+02
3.0235e+02
3.0242e+02
3.0235e+02
3.0217e+02
3.0190e+02
3.0159e+02
3.0125e+02
3.0090e+02
3.0054e+02
3.0017e+02
2.9980e+02
2.9941e+02
2.9902e+02
2.9861e+02
2.9820e+02
2.9777e+02
2.9733e+02
2.9685e+02
2.9635e+02
2.9582e+02
2.9525e+02
2.9466e+02
2.9408e+02
2.9357e+02
2.9321e+02
2.9309e+02
2.9329e+02
2.9389e+02
2.9498e+02
2.9658e+02
2.9869e+02
3.0114e+02
3.0367e+02
3.0590e+02
3.0738e+02
3.0759e+02
3.0600e+02
3.0209e+02
2.9541e+02
2.8569e+02
2.7280e+02
2.5686e+02
2.3816e+02
2.1726e+02
1.9484e+02
1.7171e+02
