7.7478e+01
7.8296e+01
7.9256e+01
8.0338e+01
8.1512e+01
8.2748e+01
8.4026e+01
8.5333e+01
8.6665e+01
8.8026e+01
8.9441e+01
9.0944e+01
9.2584e+01
9.4423e+01
9.6511e+01
9.8882e+01
1.0156e+02
1.0454e+02
1.0780e+02
1.1131e+02
1.1498e+02
1.1870e+02
1.2237e+02
1.2586e+02
1.2903e+02
1.3176e+02
1.3398e+02
1.3562e+02
1.3665e+02
1.3710e+02
1.3703e+02
1.3652e+02
1.3567e+02
1.3460e+02
1.3341e+02
1.3219e+02
1.3102e+02
1.2992e+02
1.2889e+02
1.2790e+02
1.2692e+02
1.2587e+02
1.2470e+02
1.2333e+02
1.2170e+02
1.1978e+02
1.1754e+02
1.1500e+02
1.1218e+02
1.0911e+02
1.0584e+02
1.0245e+02
9.9007e+01
9.5605e+01
9.2319e+01
8.9221e+01
8.6385e+01
8.3870e+01
8.1736e+01
8.0027e+01
7.8767e+01
7.7963e+01
7.7616e+01
7.7708e+01
7.8200e+01
7.9036e+01
8.0132e+01
8.1379e+01
8.2623e+01
8.3701e+01
8.4430e+01
8.4628e+01
8.4119e+01
8.2744e+01
8.0393e+01
7.7001e+01
7.2570e+01
6.7175e+01
6.0959e+01
5.4123e+01
4.6913e+01
3.9593e+01
3.2409e+01
2.5597e+01
1.9364e+01
1.3875e+01
9.2418e+00
5.5231e+00
2.7354e+00
8.8710e-01
0000
9.4903e-02
1.2015e+00
3.3581e+00
6.6082e+00
1.0984e+01
1.6489e+01
2.3082e+01
3.0684e+01
3.9175e+01
4.8366e+01
5.8013e+01
6.7842e+01
7.7587e+01
8.7008e+01
9.5897e+01
1.0411e+02
1.1156e+02
1.1822e+02
1.2413e+02
1.2938e+02
1.3405e+02
1.3826e+02
1.4211e+02
1.4564e+02
1.4887e+02
1.5177e+02
1.5429e+02
1.5638e+02
1.5797e+02
1.5899e+02
1.5937e+02
1.5912e+02
1.5823e+02
1.5678e+02
1.5485e+02
1.5256e+02
1.5005e+02
1.4749e+02
1.4507e+02
1.4294e+02
1.4125e+02
1.4013e+02
1.3967e+02
1.3993e+02
1.4090e+02
1.4257e+02
1.4480e+02
1.4740e+02
1.5013e+02
1.5270e+02
1.5481e+02
1.5616e+02
1.5645e+02
1.5548e+02
1.5308e+02
1.4923e+02
1.4398e+02
1.3749e+02
1.2999e+02
1.2181e+02
1.1328e+02
1.0478e+02
9.6626e+01
8.9092e+01
8.2401e+01
7.6691e+01
7.2034e+01
6.8440e+01
6.5856e+01
6.4195e+01
6.3363e+01
6.3274e+01
6.3859e+01
6.5058e+01
6.6812e+01
6.9061e+01
7.1737e+01
7.4773e+01
7.8108e+01
8.1666e+01
8.5338e+01
8.9000e+01
9.2519e+01
9.5770e+01
9.8631e+01
1.0100e+02
1.0279e+02
1.0395e+02
1.0447e+02
1.0437e+02
1.0369e+02
1.0250e+02
1.0089e+02
9.8962e+01
9.6835e+01
9.4627e+01
9.2455e+01
9.0423e+01
8.8624e+01
8.7128e+01
8.5982e+01
8.5209e+01
8.4812e+01
8.4768e+01
8.5045e+01
8.5604e+01
8.6398e+01
8.7360e+01
8.8435e+01
8.9578e+01
9.0745e+01
9.1908e+01
9.3051e+01
9.4174e+01
9.5282e+01
9.6392e+01
9.7527e+01
9.8713e+01
9.9976e+01
1.0132e+02
1.0275e+02
1.0426e+02
1.0583e+02
1.0743e+02
1.0902e+02
1.1055e+02
1.1196e+02
1.1318e+02
1.1416e+02
1.1482e+02
1.1510e+02
1.1497e+02
1.1439e+02
1.1335e+02
1.1180e+02
1.0973e+02
1.0713e+02
1.0398e+02
1.0030e+02
9.6080e+01
9.1330e+01
8.6067e+01
8.0317e+01
7.4136e+01
6.7601e+01
6.0810e+01
5.3880e+01
4.6962e+01
4.0242e+01
3.3920e+01
2.8205e+01
2.3295e+01
1.9380e+01
1.6620e+01
1.5136e+01
1.4999e+01
1.6216e+01
1.8734e+01
2.2427e+01
2.7115e+01
3.2573e+01
3.8537e+01
4.4723e+01
5.0846e+01
5.6667e+01
6.1997e+01
6.6707e+01
7.0735e+01
7.4088e+01
7.6798e+01
7.8915e+01
8.0510e+01
8.1648e+01
8.2376e+01
8.2695e+01
8.2568e+01
8.1928e+01
8.0704e+01
7.8809e+01
7.6168e+01
7.2740e+01
6.8542e+01
6.3665e+01
5.8238e+01
5.2439e+01
4.6491e+01
4.0638e+01
3.5115e+01
3.0145e+01
2.5923e+01
2.2584e+01
2.0211e+01
1.8826e+01
1.8412e+01
1.8923e+01
2.0285e+01
2.2409e+01
2.5201e+01
2.8572e+01
3.2439e+01
3.6770e+01
4.1571e+01
4.6844e+01
5.2588e+01
5.8791e+01
6.5419e+01
7.2401e+01
7.9656e+01
8.7046e+01
9.4358e+01
1.0136e+02
1.0780e+02
1.1343e+02
1.1798e+02
1.2124e+02
1.2304e+02
1.2326e+02
1.2187e+02
1.1890e+02
1.1448e+02
1.0880e+02
1.0210e+02
9.4689e+01
8.6896e+01
7.9051e+01
7.1447e+01
6.4336e+01
5.7919e+01
5.2338e+01
4.7684e+01
4.4008e+01
4.1306e+01
3.9557e+01
3.8736e+01
3.8817e+01
3.9773e+01
4.1589e+01
4.4250e+01
4.7698e+01
5.1872e+01
5.6708e+01
6.2085e+01
6.7837e+01
7.3769e+01
7.9661e+01
8.5296e+01
9.0485e+01
9.5070e+01
9.8942e+01
1.0205e+02
1.0438e+02
1.0599e+02
1.0697e+02
1.0743e+02
1.0749e+02
1.0729e+02
1.0694e+02
1.0654e+02
1.0618e+02
1.0592e+02
1.0580e+02
1.0584e+02
1.0605e+02
1.0642e+02
1.0694e+02
1.0757e+02
1.0830e+02
1.0909e+02
1.0990e+02
1.1069e+02
1.1144e+02
1.1212e+02
1.1270e+02
1.1320e+02
1.1362e+02
1.1400e+02
1.1436e+02
1.1474e+02
1.1518e+02
1.1571e+02
1.1638e+02
1.1722e+02
1.1824e+02
1.1945e+02
1.2081e+02
1.2230e+02
1.2384e+02
1.2538e+02
1.2684e+02
1.2814e+02
1.2918e+02
1.2990e+02
1.3022e+02
1.3007e+02
1.2939e+02
1.2814e+02
1.2631e+02
1.2389e+02
1.2089e+02
1.1733e+02
1.1325e+02
1.0874e+02
1.0387e+02
9.8779e+01
9.3651e+01
8.8753e+01
8.4378e+01
8.0867e+01
7.8581e+01
7.7872e+01
7.9065e+01
8.2406e+01
8.8059e+01
9.6081e+01
1.0636e+02
1.1858e+02
1.3227e+02
1.4685e+02
1.6162e+02
1.7587e+02
1.8884e+02
1.9989e+02
2.0845e+02
2.1416e+02
2.1686e+02
2.1659e+02
2.1357e+02
2.0823e+02
2.0106e+02
1.9268e+02
1.8373e+02
1.7485e+02
1.6658e+02
1.5941e+02
1.5371e+02
1.4969e+02
1.4743e+02
1.4691e+02
1.4802e+02
1.5057e+02
1.5431e+02
1.5896e+02
1.6426e+02
1.6989e+02
1.7545e+02
1.8061e+02
1.8509e+02
1.8861e+02
1.9093e+02
1.9183e+02
1.9115e+02
1.8880e+02
1.8479e+02
1.7921e+02
1.7226e+02
1.6419e+02
1.5534e+02
1.4608e+02
1.3680e+02
1.2791e+02
1.1979e+02
1.1270e+02
1.0685e+02
1.0236e+02
9.9252e+01
9.7477e+01
9.6923e+01
9.7432e+01
9.8810e+01
1.0087e+02
1.0345e+02
1.0642e+02
1.0966e+02
1.1307e+02
1.1661e+02
1.2027e+02
1.2407e+02
1.2799e+02
1.3203e+02
1.3617e+02
1.4039e+02
1.4468e+02
1.4897e+02
1.5321e+02
1.5734e+02
1.6129e+02
1.6500e+02
1.6841e+02
1.7149e+02
1.7420e+02
1.7654e+02
1.7852e+02
1.8014e+02
1.8146e+02
1.8251e+02
1.8335e+02
1.8401e+02
1.8455e+02
1.8497e+02
1.8533e+02
1.8564e+02
1.8592e+02
1.8616e+02
1.8639e+02
1.8660e+02
1.8678e+02
1.8695e+02
1.8711e+02
1.8725e+02
1.8738e+02
1.8745e+02
1.8745e+02
1.8733e+02
1.8705e+02
1.8656e+02
1.8580e+02
1.8473e+02
1.8330e+02
1.8150e+02
1.7934e+02
1.7688e+02
1.7418e+02
1.7133e+02
1.6845e+02
1.6564e+02
1.6301e+02
1.6062e+02
1.5853e+02
1.5673e+02
1.5519e+02
1.5383e+02
1.5254e+02
1.5121e+02
1.4972e+02
1.4798e+02
1.4593e+02
1.4354e+02
1.4083e+02
1.3788e+02
1.3477e+02
1.3164e+02
1.2863e+02
1.2592e+02
1.2362e+02
1.2187e+02
1.2075e+02
1.2031e+02
1.2055e+02
1.2144e+02
1.2289e+02
1.2481e+02
1.2705e+02
1.2948e+02
1.3194e+02
1.3431e+02
1.3652e+02
1.3849e+02
1.4024e+02
1.4179e+02
1.4323e+02
1.4466e+02
1.4624e+02
1.4809e+02
1.5034e+02
1.5308e+02
1.5636e+02
1.6019e+02
1.6453e+02
1.6931e+02
1.7439e+02
1.7961e+02
1.8481e+02
1.8978e+02
1.9438e+02
1.9844e+02
2.0184e+02
2.0449e+02
2.0638e+02
2.0751e+02
2.0790e+02
2.0759e+02
2.0663e+02
2.0506e+02
2.0293e+02
2.0027e+02
1.9707e+02
1.9335e+02
1.8912e+02
1.8444e+02
1.7939e+02
1.7411e+02
1.6876e+02
1.6358e+02
1.5881e+02
1.5472e+02
1.5156e+02
1.4954e+02
1.4877e+02
1.4930e+02
1.5106e+02
1.5388e+02
1.5753e+02
1.6171e+02
1.6610e+02
1.7038e+02
1.7427e+02
1.7756e+02
1.8010e+02
1.8179e+02
1.8262e+02
1.8268e+02
1.8208e+02
1.8096e+02
1.7949e+02
1.7779e+02
1.7601e+02
1.7424e+02
1.7256e+02
1.7101e+02
1.6960e+02
1.6830e+02
1.6707e+02
1.6586e+02
1.6460e+02
1.6323e+02
1.6169e+02
1.5990e+02
1.5785e+02
1.5550e+02
1.5285e+02
1.4994e+02
1.4681e+02
1.4353e+02
1.4018e+02
1.3685e+02
1.3362e+02
1.3056e+02
1.2773e+02
1.2516e+02
1.2286e+02
1.2085e+02
1.1909e+02
1.1757e+02
1.1632e+02
1.1542e+02
1.1499e+02
1.1520e+02
1.1625e+02
1.1838e+02
1.2181e+02
1.2677e+02
1.3339e+02
1.4169e+02
1.5159e+02
1.6284e+02
1.7509e+02
1.8786e+02
2.0061e+02
2.1277e+02
2.2379e+02
2.3323e+02
2.4077e+02
2.4623e+02
2.4957e+02
2.5085e+02
2.5026e+02
2.4807e+02
2.4455e+02
2.3999e+02
2.3462e+02
2.2864e+02
2.2218e+02
2.1534e+02
2.0824e+02
2.0092e+02
1.9345e+02
1.8591e+02
1.7838e+02
1.7098e+02
1.6380e+02
1.5691e+02
1.5031e+02
1.4403e+02
1.3801e+02
1.3219e+02
1.2648e+02
1.2083e+02
1.1519e+02
1.0956e+02
1.0401e+02
9.8624e+01
9.3551e+01
8.8948e+01
8.4970e+01
8.1772e+01
7.9493e+01
7.8227e+01
7.8003e+01
7.8805e+01
8.0563e+01
8.3180e+01
8.6542e+01
9.0519e+01
9.4984e+01
9.9812e+01
1.0489e+02
1.1010e+02
1.1537e+02
1.2063e+02
1.2579e+02
1.3076e+02
1.3546e+02
1.3981e+02
1.4372e+02
1.4712e+02
1.4993e+02
1.5211e+02
1.5364e+02
1.5454e+02
1.5485e+02
1.5465e+02
1.5405e+02
1.5317e+02
1.5213e+02
1.5106e+02
1.5005e+02
1.4919e+02
1.4853e+02
1.4810e+02
1.4790e+02
1.4792e+02
1.4813e+02
1.4850e+02
1.4897e+02
1.4954e+02
1.5017e+02
1.5084e+02
1.5154e+02
1.5223e+02
1.5287e+02
1.5342e+02
1.5383e+02
1.5402e+02
1.5395e+02
1.5355e+02
1.5277e+02
1.5159e+02
1.5002e+02
1.4808e+02
1.4584e+02
1.4338e+02
1.4079e+02
1.3819e+02
1.3566e+02
1.3332e+02
1.3124e+02
1.2951e+02
1.2819e+02
1.2730e+02
1.2684e+02
1.2680e+02
1.2717e+02
1.2793e+02
1.2908e+02
1.3062e+02
1.3255e+02
1.3485e+02
1.3749e+02
1.4045e+02
1.4369e+02
1.4716e+02
1.5078e+02
1.5446e+02
1.5809e+02
1.6153e+02
1.6466e+02
1.6736e+02
1.6953e+02
1.7111e+02
1.7211e+02
1.7256e+02
1.7252e+02
1.7212e+02
1.7151e+02
1.7082e+02
1.7023e+02
1.6986e+02
1.6978e+02
1.7004e+02
1.7066e+02
1.7160e+02
1.7282e+02
1.7423e+02
1.7575e+02
1.7729e+02
1.7879e+02
1.8020e+02
1.8149e+02
1.8267e+02
1.8376e+02
1.8475e+02
1.8566e+02
1.8648e+02
1.8719e+02
1.8778e+02
1.8822e+02
1.8848e+02
1.8855e+02
1.8844e+02
1.8813e+02
1.8766e+02
1.8705e+02
1.8635e+02
1.8561e+02
1.8487e+02
1.8416e+02
1.8349e+02
1.8286e+02
1.8226e+02
1.8163e+02
1.8093e+02
1.8004e+02
1.7888e+02
1.7738e+02
1.7545e+02
1.7301e+02
1.7004e+02
1.6652e+02
1.6249e+02
1.5803e+02
1.5323e+02
1.4827e+02
1.4338e+02
1.3883e+02
1.3489e+02
1.3186e+02
1.3001e+02
1.2959e+02
1.3078e+02
1.3371e+02
1.3839e+02
1.4472e+02
1.5251e+02
1.6145e+02
1.7118e+02
1.8125e+02
1.9121e+02
2.0063e+02
2.0911e+02
2.1636e+02
2.2217e+02
2.2649e+02
2.2936e+02
2.3093e+02
2.3141e+02
2.3106e+02
2.3014e+02
2.2886e+02
2.2740e+02
2.2585e+02
2.2422e+02
2.2247e+02
2.2047e+02
2.1808e+02
2.1513e+02
2.1149e+02
2.0711e+02
2.0198e+02
1.9619e+02
1.8990e+02
1.8334e+02
1.7677e+02
1.7049e+02
1.6476e+02
1.5986e+02
1.5598e+02
1.5326e+02
1.5175e+02
1.5144e+02
1.5221e+02
1.5391e+02
1.5634e+02
1.5924e+02
1.6235e+02
1.6544e+02
1.6827e+02
1.7065e+02
1.7243e+02
1.7351e+02
1.7383e+02
1.7339e+02
1.7220e+02
1.7034e+02
1.6788e+02
1.6493e+02
1.6160e+02
1.5802e+02
1.5430e+02
1.5058e+02
1.4692e+02
1.4343e+02
1.4017e+02
1.3719e+02
1.3453e+02
1.3220e+02
1.3019e+02
1.2847e+02
1.2702e+02
1.2578e+02
1.2472e+02
1.2377e+02
1.2289e+02
1.2208e+02
1.2135e+02
1.2075e+02
1.2037e+02
1.2030e+02
1.2065e+02
1.2156e+02
1.2314e+02
1.2549e+02
1.2866e+02
1.3266e+02
1.3746e+02
1.4295e+02
1.4902e+02
1.5546e+02
1.6209e+02
1.6869e+02
1.7508e+02
1.8110e+02
1.8661e+02
1.9152e+02
1.9577e+02
1.9936e+02
2.0233e+02
2.0471e+02
2.0659e+02
2.0805e+02
2.0918e+02
2.1004e+02
2.1068e+02
2.1115e+02
2.1147e+02
2.1164e+02
2.1161e+02
2.1133e+02
2.1077e+02
2.0986e+02
2.0857e+02
2.0690e+02
2.0483e+02
2.0243e+02
1.9976e+02
1.9694e+02
1.9409e+02
1.9134e+02
1.8882e+02
1.8664e+02
1.8486e+02
1.8351e+02
1.8258e+02
1.8199e+02
1.8165e+02
1.8144e+02
1.8123e+02
1.8091e+02
1.8035e+02
1.7949e+02
1.7828e+02
1.7671e+02
1.7483e+02
1.7270e+02
1.7040e+02
1.6801e+02
1.6562e+02
1.6331e+02
1.6112e+02
1.5911e+02
1.5733e+02
1.5583e+02
1.5467e+02
1.5391e+02
1.5363e+02
1.5394e+02
1.5492e+02
1.5666e+02
1.5922e+02
1.6261e+02
1.6680e+02
1.7171e+02
1.7719e+02
1.8304e+02
1.8898e+02
1.9471e+02
1.9993e+02
2.0435e+02
2.0773e+02
2.0986e+02
2.1063e+02
2.1002e+02
2.0805e+02
2.0487e+02
2.0067e+02
1.9571e+02
1.9025e+02
1.8458e+02
1.7899e+02
1.7372e+02
1.6896e+02
1.6483e+02
1.6140e+02
1.5866e+02
1.5659e+02
1.5508e+02
1.5405e+02
1.5339e+02
1.5301e+02
1.5282e+02
1.5277e+02
1.5285e+02
1.5303e+02
1.5332e+02
1.5372e+02
1.5427e+02
1.5497e+02
1.5582e+02
1.5679e+02
1.5783e+02
1.5892e+02
1.6000e+02
1.6106e+02
1.6207e+02
1.6303e+02
1.6395e+02
1.6487e+02
1.6580e+02
1.6680e+02
1.6788e+02
1.6904e+02
1.7029e+02
1.7161e+02
1.7296e+02
1.7430e+02
1.7557e+02
1.7671e+02
1.7768e+02
1.7842e+02
1.7892e+02
1.7916e+02
1.7917e+02
1.7896e+02
1.7856e+02
1.7801e+02
1.7736e+02
1.7665e+02
1.7591e+02
1.7517e+02
1.7447e+02
1.7383e+02
1.7326e+02
1.7277e+02
1.7235e+02
1.7200e+02
1.7171e+02
1.7145e+02
1.7120e+02
1.7095e+02
1.7065e+02
1.7028e+02
1.6985e+02
1.6932e+02
1.6870e+02
1.6798e+02
1.6716e+02
1.6626e+02
1.6528e+02
1.6425e+02
1.6319e+02
1.6211e+02
1.6104e+02
1.5998e+02
1.5896e+02
1.5800e+02
1.5711e+02
1.5629e+02
1.5557e+02
1.5492e+02
1.5437e+02
1.5388e+02
1.5346e+02
1.5308e+02
1.5273e+02
1.5239e+02
1.5205e+02
1.5172e+02
1.5140e+02
1.5111e+02
1.5089e+02
1.5076e+02
1.5076e+02
1.5090e+02
1.5122e+02
1.5171e+02
1.5236e+02
1.5318e+02
1.5412e+02
1.5511e+02
1.5610e+02
1.5702e+02
1.5782e+02
1.5845e+02
1.5888e+02
1.5910e+02
1.5910e+02
1.5890e+02
1.5854e+02
1.5805e+02
1.5748e+02
1.5689e+02
1.5632e+02
1.5580e+02
1.5537e+02
1.5504e+02
1.5483e+02
1.5474e+02
1.5477e+02
1.5493e+02
1.5522e+02
1.5562e+02
1.5614e+02
1.5676e+02
1.5747e+02
1.5825e+02
1.5909e+02
1.5995e+02
1.6081e+02
1.6164e+02
1.6244e+02
1.6317e+02
1.6384e+02
1.6446e+02
1.6504e+02
1.6559e+02
1.6616e+02
1.6676e+02
1.6743e+02
1.6820e+02
1.6907e+02
1.7003e+02
1.7105e+02
1.7211e+02
1.7314e+02
1.7410e+02
1.7492e+02
1.7556e+02
1.7597e+02
1.7613e+02
1.7604e+02
1.7572e+02
1.7520e+02
1.7455e+02
1.7385e+02
1.7319e+02
1.7264e+02
1.7229e+02
1.7218e+02
1.7236e+02
1.7280e+02
1.7351e+02
1.7442e+02
1.7548e+02
1.7660e+02
1.7768e+02
1.7864e+02
1.7940e+02
1.7989e+02
1.8009e+02
1.7998e+02
1.7958e+02
1.7892e+02
1.7805e+02
1.7705e+02
1.7598e+02
1.7494e+02
1.7399e+02
1.7322e+02
1.7269e+02
1.7243e+02
1.7248e+02
1.7284e+02
1.7353e+02
1.7453e+02
1.7576e+02
1.7715e+02
1.7855e+02
1.7982e+02
1.8080e+02
1.8133e+02
1.8124e+02
1.8041e+02
1.7872e+02
1.7611e+02
1.7259e+02
1.6821e+02
1.6308e+02
1.5737e+02
1.5127e+02
1.4498e+02
1.3870e+02
1.3262e+02
1.2689e+02
1.2160e+02
1.1681e+02
1.1254e+02
1.0875e+02
1.0542e+02
1.0248e+02
9.9903e+01
9.7644e+01
9.5682e+01
9.4009e+01
9.2646e+01
9.1634e+01
9.1032e+01
9.0919e+01
9.1384e+01
9.2497e+01
9.4309e+01
9.6859e+01
1.0017e+02
1.0421e+02
1.0894e+02
1.1428e+02
1.2012e+02
1.2630e+02
1.3264e+02
1.3897e+02
1.4509e+02
1.5081e+02
1.5600e+02
1.6053e+02
1.6430e+02
1.6730e+02
1.6953e+02
1.7106e+02
1.7196e+02
1.7232e+02
1.7227e+02
1.7190e+02
1.7133e+02
1.7063e+02
1.6989e+02
1.6913e+02
1.6838e+02
1.6761e+02
1.6682e+02
1.6600e+02
1.6513e+02
1.6421e+02
1.6326e+02
1.6229e+02
1.6134e+02
1.6044e+02
1.5966e+02
1.5903e+02
1.5859e+02
1.5838e+02
1.5839e+02
1.5863e+02
1.5907e+02
1.5967e+02
1.6038e+02
1.6114e+02
1.6189e+02
1.6255e+02
1.6303e+02
1.6325e+02
1.6314e+02
1.6262e+02
1.6165e+02
1.6017e+02
1.5815e+02
1.5560e+02
1.5254e+02
1.4903e+02
1.4516e+02
1.4104e+02
1.3683e+02
1.3265e+02
1.2866e+02
1.2497e+02
1.2169e+02
1.1891e+02
1.1667e+02
1.1498e+02
1.1381e+02
1.1312e+02
1.1283e+02
1.1287e+02
1.1314e+02
1.1355e+02
1.1402e+02
1.1449e+02
1.1490e+02
1.1522e+02
1.1543e+02
1.1557e+02
1.1565e+02
1.1572e+02
1.1581e+02
1.1595e+02
1.1618e+02
1.1654e+02
1.1704e+02
1.1767e+02
1.1842e+02
1.1927e+02
1.2016e+02
1.2105e+02
1.2191e+02
1.2269e+02
1.2337e+02
1.2392e+02
1.2435e+02
1.2467e+02
1.2489e+02
1.2505e+02
1.2517e+02
1.2529e+02
1.2543e+02
1.2561e+02
1.2585e+02
1.2616e+02
1.2652e+02
1.2694e+02
1.2739e+02
1.2786e+02
1.2834e+02
1.2881e+02
1.2927e+02
1.2972e+02
1.3019e+02
1.3070e+02
1.3128e+02
1.3197e+02
1.3279e+02
1.3377e+02
1.3491e+02
1.3620e+02
1.3760e+02
1.3909e+02
1.4059e+02
1.4205e+02
1.4337e+02
1.4450e+02
1.4537e+02
1.4593e+02
1.4616e+02
1.4606e+02
1.4564e+02
1.4495e+02
1.4402e+02
1.4294e+02
1.4178e+02
1.4061e+02
1.3950e+02
1.3852e+02
1.3774e+02
1.3719e+02
1.3693e+02
1.3697e+02
1.3731e+02
1.3795e+02
1.3885e+02
1.3998e+02
1.4126e+02
1.4263e+02
1.4401e+02
1.4532e+02
1.4650e+02
1.4748e+02
1.4820e+02
1.4863e+02
1.4876e+02
1.4858e+02
1.4814e+02
1.4745e+02
1.4653e+02
1.4539e+02
1.4402e+02
1.4242e+02
1.4057e+02
1.3842e+02
1.3594e+02
1.3310e+02
1.2988e+02
1.2629e+02
1.2237e+02
1.1820e+02
1.1387e+02
1.0952e+02
1.0531e+02
1.0139e+02
9.7881e+01
9.4908e+01
9.2557e+01
9.0882e+01
8.9891e+01
8.9553e+01
8.9799e+01
9.0572e+01
9.1829e+01
9.3541e+01
9.5701e+01
9.8336e+01
1.0150e+02
1.0526e+02
1.0969e+02
1.1486e+02
1.2085e+02
1.2766e+02
1.3525e+02
1.4351e+02
1.5225e+02
1.6121e+02
1.7003e+02
1.7833e+02
1.8572e+02
1.9179e+02
1.9618e+02
1.9858e+02
1.9874e+02
1.9656e+02
1.9209e+02
1.8549e+02
1.7706e+02
1.6722e+02
1.5647e+02
1.4536e+02
1.3447e+02
1.2435e+02
1.1546e+02
1.0810e+02
1.0247e+02
9.8618e+01
9.6454e+01
9.5778e+01
9.6315e+01
9.7731e+01
9.9684e+01
1.0185e+02
1.0395e+02
1.0578e+02
1.0724e+02
1.0826e+02
1.0888e+02
1.0920e+02
1.0931e+02
1.0930e+02
1.0929e+02
1.0935e+02
1.0955e+02
1.0993e+02
1.1049e+02
1.1122e+02
1.1208e+02
1.1305e+02
1.1407e+02
1.1512e+02
1.1614e+02
1.1713e+02
1.1810e+02
1.1907e+02
1.2009e+02
1.2124e+02
1.2258e+02
1.2421e+02
1.2620e+02
1.2862e+02
1.3150e+02
1.3486e+02
1.3866e+02
1.4283e+02
1.4728e+02
1.5187e+02
1.5645e+02
1.6089e+02
1.6506e+02
1.6887e+02
1.7226e+02
1.7518e+02
1.7759e+02
1.7948e+02
1.8084e+02
1.8168e+02
1.8198e+02
1.8173e+02
1.8092e+02
1.7951e+02
1.7751e+02
1.7493e+02
1.7183e+02
1.6826e+02
1.6432e+02
1.6013e+02
1.5583e+02
1.5154e+02
1.4738e+02
1.4345e+02
1.3983e+02
1.3655e+02
1.3365e+02
1.3115e+02
1.2904e+02
1.2733e+02
1.2600e+02
1.2508e+02
1.2455e+02
1.2443e+02
1.2470e+02
1.2538e+02
1.2642e+02
1.2781e+02
1.2952e+02
1.3150e+02
1.3369e+02
1.3604e+02
1.3848e+02
1.4095e+02
1.4339e+02
1.4575e+02
1.4797e+02
1.5002e+02
1.5186e+02
1.5346e+02
1.5480e+02
1.5590e+02
1.5677e+02
1.5745e+02
1.5798e+02
1.5846e+02
1.5893e+02
1.5946e+02
1.6010e+02
1.6085e+02
1.6171e+02
1.6266e+02
1.6363e+02
1.6454e+02
1.6530e+02
1.6582e+02
1.6601e+02
1.6579e+02
1.6512e+02
1.6399e+02
1.6241e+02
1.6042e+02
1.5806e+02
1.5543e+02
1.5263e+02
1.4977e+02
1.4695e+02
1.4427e+02
1.4181e+02
1.3966e+02
1.3785e+02
1.3641e+02
1.3533e+02
1.3457e+02
1.3406e+02
1.3373e+02
1.3346e+02
1.3314e+02
1.3268e+02
1.3199e+02
1.3102e+02
1.2974e+02
1.2819e+02
1.2645e+02
1.2461e+02
1.2282e+02
1.2120e+02
1.1990e+02
1.1901e+02
1.1863e+02
1.1878e+02
1.1946e+02
1.2061e+02
1.2214e+02
1.2392e+02
1.2585e+02
1.2780e+02
1.2970e+02
1.3152e+02
1.3325e+02
1.3494e+02
1.3664e+02
1.3843e+02
1.4039e+02
1.4255e+02
1.4493e+02
1.4749e+02
1.5013e+02
1.5272e+02
1.5511e+02
1.5715e+02
1.5869e+02
1.5956e+02
1.5966e+02
1.5890e+02
1.5725e+02
1.5470e+02
1.5128e+02
1.4706e+02
1.4212e+02
1.3654e+02
1.3043e+02
1.2389e+02
1.1707e+02
1.1012e+02
1.0321e+02
9.6525e+01
9.0233e+01
8.4513e+01
7.9516e+01
7.5369e+01
7.2160e+01
6.9933e+01
6.8685e+01
6.8380e+01
6.8949e+01
7.0298e+01
7.2326e+01
7.4919e+01
7.7964e+01
8.1351e+01
8.4956e+01
8.8667e+01
9.2403e+01
9.6071e+01
9.9580e+01
1.0285e+02
1.0582e+02
1.0846e+02
1.1078e+02
1.1283e+02
1.1470e+02
1.1653e+02
1.1847e+02
1.2068e+02
1.2330e+02
1.2642e+02
1.3009e+02
1.3429e+02
1.3891e+02
1.4377e+02
1.4866e+02
1.5330e+02
1.5743e+02
1.6079e+02
1.6315e+02
1.6436e+02
1.6434e+02
1.6307e+02
1.6065e+02
1.5719e+02
1.5289e+02
1.4793e+02
1.4252e+02
1.3686e+02
1.3112e+02
1.2546e+02
1.2002e+02
1.1489e+02
1.1016e+02
1.0588e+02
1.0208e+02
9.8782e+01
9.6004e+01
9.3734e+01
9.1946e+01
9.0596e+01
8.9636e+01
8.9006e+01
8.8629e+01
8.8418e+01
8.8290e+01
8.8174e+01
8.8001e+01
8.7726e+01
8.7329e+01
8.6816e+01
8.6216e+01
8.5579e+01
8.4960e+01
8.4413e+01
8.4008e+01
8.3816e+01
8.3889e+01
8.4273e+01
8.4997e+01
8.6067e+01
8.7478e+01
8.9204e+01
9.1216e+01
9.3473e+01
9.5913e+01
9.8464e+01
1.0105e+02
1.0360e+02
1.0602e+02
1.0822e+02
1.1012e+02
1.1164e+02
1.1272e+02
1.1332e+02
1.1344e+02
1.1309e+02
1.1231e+02
1.1116e+02
1.0972e+02
1.0807e+02
1.0631e+02
1.0453e+02
1.0282e+02
1.0122e+02
9.9816e+01
9.8640e+01
9.7732e+01
9.7115e+01
9.6801e+01
9.6787e+01
9.7061e+01
9.7584e+01
9.8292e+01
9.9104e+01
9.9920e+01
1.0065e+02
1.0120e+02
1.0150e+02
1.0146e+02
1.0108e+02
1.0036e+02
9.9355e+01
9.8174e+01
9.6936e+01
9.5773e+01
9.4821e+01
9.4199e+01
9.3994e+01
9.4269e+01
9.5053e+01
9.6322e+01
9.8028e+01
1.0009e+02
1.0243e+02
1.0493e+02
1.0750e+02
1.1005e+02
1.1251e+02
1.1483e+02
1.1697e+02
1.1890e+02
1.2060e+02
1.2210e+02
1.2341e+02
1.2457e+02
1.2563e+02
1.2665e+02
1.2773e+02
1.2895e+02
1.3042e+02
1.3221e+02
1.3444e+02
1.3716e+02
1.4044e+02
1.4429e+02
1.4871e+02
1.5364e+02
1.5900e+02
1.6464e+02
1.7039e+02
1.7604e+02
1.8138e+02
1.8619e+02
1.9031e+02
1.9358e+02
1.9590e+02
1.9725e+02
1.9765e+02
1.9718e+02
1.9595e+02
1.9413e+02
1.9189e+02
1.8941e+02
1.8684e+02
1.8430e+02
1.8189e+02
1.7966e+02
1.7764e+02
1.7582e+02
1.7420e+02
1.7280e+02
1.7173e+02
1.7111e+02
1.7111e+02
1.7192e+02
1.7377e+02
1.7689e+02
1.8147e+02
1.8761e+02
1.9526e+02
2.0422e+02
2.1415e+02
2.2455e+02
2.3484e+02
2.4433e+02
2.5236e+02
2.5834e+02
2.6178e+02
2.6241e+02
2.6015e+02
2.5518e+02
2.4783e+02
2.3862e+02
2.2817e+02
2.1709e+02
2.0599e+02
1.9537e+02
1.8562e+02
1.7697e+02
1.6953e+02
1.6332e+02
1.5823e+02
1.5409e+02
1.5072e+02
1.4797e+02
1.4572e+02
1.4391e+02
1.4247e+02
1.4137e+02
1.4061e+02
1.4020e+02
1.4017e+02
1.4054e+02
1.4127e+02
1.4232e+02
1.4365e+02
1.4518e+02
1.4686e+02
1.4864e+02
1.5047e+02
1.5226e+02
1.5396e+02
1.5552e+02
1.5688e+02
1.5801e+02
1.5890e+02
1.5950e+02
1.5979e+02
1.5979e+02
1.5949e+02
1.5893e+02
1.5818e+02
1.5728e+02
1.5633e+02
1.5545e+02
1.5472e+02
1.5424e+02
1.5406e+02
1.5422e+02
1.5470e+02
1.5549e+02
1.5650e+02
1.5758e+02
1.5862e+02
1.5948e+02
1.6004e+02
1.6021e+02
1.5994e+02
1.5920e+02
1.5800e+02
1.5638e+02
1.5443e+02
1.5222e+02
1.4983e+02
1.4732e+02
1.4473e+02
1.4207e+02
1.3935e+02
1.3659e+02
1.3380e+02
1.3098e+02
1.2816e+02
1.2541e+02
1.2278e+02
1.2034e+02
1.1818e+02
1.1634e+02
1.1487e+02
1.1378e+02
1.1304e+02
1.1258e+02
1.1231e+02
1.1210e+02
1.1182e+02
1.1132e+02
1.1048e+02
1.0920e+02
1.0742e+02
1.0509e+02
1.0222e+02
9.8858e+01
9.5071e+01
9.0969e+01
8.6679e+01
8.2336e+01
7.8086e+01
7.4067e+01
7.0410e+01
6.7238e+01
6.4646e+01
6.2698e+01
6.1425e+01
6.0826e+01
6.0860e+01
6.1452e+01
6.2505e+01
