1.5038e+02
1.4695e+02
1.4392e+02
1.4135e+02
1.3931e+02
1.3779e+02
1.3677e+02
1.3618e+02
1.3596e+02
1.3601e+02
1.3628e+02
1.3668e+02
1.3721e+02
1.3785e+02
1.3861e+02
1.3954e+02
1.4068e+02
1.4212e+02
1.4392e+02
1.4620e+02
1.4904e+02
1.5250e+02
1.5664e+02
1.6148e+02
1.6703e+02
1.7325e+02
1.8007e+02
1.8737e+02
1.9498e+02
2.0270e+02
2.1025e+02
2.1737e+02
2.2377e+02
2.2918e+02
2.3335e+02
2.3611e+02
2.3736e+02
2.3710e+02
2.3540e+02
2.3242e+02
2.2842e+02
2.2367e+02
2.1849e+02
2.1319e+02
2.0803e+02
2.0323e+02
1.9895e+02
1.9528e+02
1.9226e+02
1.8982e+02
1.8787e+02
1.8629e+02
1.8497e+02
1.8380e+02
1.8271e+02
1.8165e+02
1.8061e+02
1.7961e+02
1.7866e+02
1.7784e+02
1.7720e+02
1.7684e+02
1.7678e+02
1.7706e+02
1.7769e+02
1.7864e+02
1.7987e+02
1.8132e+02
1.8293e+02
1.8463e+02
1.8637e+02
1.8808e+02
1.8976e+02
1.9138e+02
1.9297e+02
1.9453e+02
1.9606e+02
1.9754e+02
1.9892e+02
2.0017e+02
2.0118e+02
2.0187e+02
2.0214e+02
2.0187e+02
2.0100e+02
1.9950e+02
1.9737e+02
1.9469e+02
1.9159e+02
1.8822e+02
1.8478e+02
1.8143e+02
1.7834e+02
1.7563e+02
1.7338e+02
1.7161e+02
1.7030e+02
1.6938e+02
1.6875e+02
1.6827e+02
1.6786e+02
1.6739e+02
1.6681e+02
1.6608e+02
1.6523e+02
1.6432e+02
1.6343e+02
1.6267e+02
1.6216e+02
1.6198e+02
1.6221e+02
1.6288e+02
1.6398e+02
1.6544e+02
1.6721e+02
1.6917e+02
1.7124e+02
1.7333e+02
1.7535e+02
1.7726e+02
1.7905e+02
1.8073e+02
1.8234e+02
1.8393e+02
1.8552e+02
1.8711e+02
1.8869e+02
1.9020e+02
1.9156e+02
1.9267e+02
1.9340e+02
1.9365e+02
1.9336e+02
1.9249e+02
1.9106e+02
1.8913e+02
1.8680e+02
1.8421e+02
1.8155e+02
1.7897e+02
1.7662e+02
1.7462e+02
1.7306e+02
1.7198e+02
1.7139e+02
1.7127e+02
1.7157e+02
1.7221e+02
1.7312e+02
1.7423e+02
1.7548e+02
1.7681e+02
1.7821e+02
1.7964e+02
1.8108e+02
1.8253e+02
1.8399e+02
1.8545e+02
1.8690e+02
1.8834e+02
1.8976e+02
1.9114e+02
1.9248e+02
1.9373e+02
1.9488e+02
1.9592e+02
1.9683e+02
1.9758e+02
1.9814e+02
1.9849e+02
1.9854e+02
1.9819e+02
1.9735e+02
1.9588e+02
1.9366e+02
1.9057e+02
1.8647e+02
1.8129e+02
1.7495e+02
1.6744e+02
1.5881e+02
1.4919e+02
1.3876e+02
1.2771e+02
1.1631e+02
1.0482e+02
9.3489e+01
8.2574e+01
7.2278e+01
6.2771e+01
5.4177e+01
4.6574e+01
4.0000e+01
3.4478e+01
3.0016e+01
2.6584e+01
2.4154e+01
2.2688e+01
2.2141e+01
2.2450e+01
2.3546e+01
2.5365e+01
2.7839e+01
3.0850e+01
3.4211e+01
3.7712e+01
4.1121e+01
4.4184e+01
4.6641e+01
4.8270e+01
4.8907e+01
4.8442e+01
4.6852e+01
4.4210e+01
4.0702e+01
3.6605e+01
3.2255e+01
2.8022e+01
2.4285e+01
2.1407e+01
1.9687e+01
1.9331e+01
2.0450e+01
2.3074e+01
2.7130e+01
3.2468e+01
3.8907e+01
4.6222e+01
5.4186e+01
6.2588e+01
7.1242e+01
7.9977e+01
8.8641e+01
9.7089e+01
1.0521e+02
1.1293e+02
1.2020e+02
1.2694e+02
1.3310e+02
1.3863e+02
1.4349e+02
1.4762e+02
1.5099e+02
1.5354e+02
1.5522e+02
1.5600e+02
1.5585e+02
1.5480e+02
1.5289e+02
1.5020e+02
1.4681e+02
1.4284e+02
1.3843e+02
1.3373e+02
1.2885e+02
1.2395e+02
1.1910e+02
1.1439e+02
1.0986e+02
1.0553e+02
1.0142e+02
9.7534e+01
9.3878e+01
9.0455e+01
8.7287e+01
8.4403e+01
8.1821e+01
7.9549e+01
7.7587e+01
7.5926e+01
7.4541e+01
7.3400e+01
7.2471e+01
7.1728e+01
7.1171e+01
7.0807e+01
7.0662e+01
7.0777e+01
7.1209e+01
7.2019e+01
7.3261e+01
7.4975e+01
7.7177e+01
7.9851e+01
8.2946e+01
8.6414e+01
9.0207e+01
9.4272e+01
9.8574e+01
1.0309e+02
1.0783e+02
1.1278e+02
1.1798e+02
1.2343e+02
1.2915e+02
1.3509e+02
1.4121e+02
1.4740e+02
1.5353e+02
1.5944e+02
1.6500e+02
1.7005e+02
1.7441e+02
1.7798e+02
1.8067e+02
1.8242e+02
1.8322e+02
1.8311e+02
1.8215e+02
1.8040e+02
1.7797e+02
1.7495e+02
1.7150e+02
1.6777e+02
1.6396e+02
1.6024e+02
1.5683e+02
1.5389e+02
1.5160e+02
1.5008e+02
1.4946e+02
1.4977e+02
1.5102e+02
1.5316e+02
1.5608e+02
1.5964e+02
1.6366e+02
1.6798e+02
1.7241e+02
1.7679e+02
1.8099e+02
1.8490e+02
1.8845e+02
1.9162e+02
1.9438e+02
1.9675e+02
1.9872e+02
2.0031e+02
2.0157e+02
2.0249e+02
2.0310e+02
2.0342e+02
2.0348e+02
2.0329e+02
2.0286e+02
2.0223e+02
2.0141e+02
2.0045e+02
1.9938e+02
1.9822e+02
1.9703e+02
1.9585e+02
1.9472e+02
1.9368e+02
1.9276e+02
1.9195e+02
1.9125e+02
1.9062e+02
1.9002e+02
1.8937e+02
1.8861e+02
1.8766e+02
1.8645e+02
1.8494e+02
1.8312e+02
1.8108e+02
1.7891e+02
1.7677e+02
1.7483e+02
1.7328e+02
1.7228e+02
1.7194e+02
1.7233e+02
1.7342e+02
1.7513e+02
1.7727e+02
1.7961e+02
1.8190e+02
1.8386e+02
1.8527e+02
1.8594e+02
1.8576e+02
1.8471e+02
1.8286e+02
1.8038e+02
1.7745e+02
1.7436e+02
1.7137e+02
1.6875e+02
1.6674e+02
1.6554e+02
1.6530e+02
1.6609e+02
1.6792e+02
1.7074e+02
1.7443e+02
1.7879e+02
1.8359e+02
1.8856e+02
1.9340e+02
1.9783e+02
2.0158e+02
2.0446e+02
2.0632e+02
2.0708e+02
2.0673e+02
2.0536e+02
2.0312e+02
2.0023e+02
1.9692e+02
1.9344e+02
1.9001e+02
1.8683e+02
1.8404e+02
1.8170e+02
1.7983e+02
1.7840e+02
1.7731e+02
1.7650e+02
1.7585e+02
1.7526e+02
1.7464e+02
1.7393e+02
1.7312e+02
1.7219e+02
1.7115e+02
1.7002e+02
1.6882e+02
1.6761e+02
1.6641e+02
1.6526e+02
1.6417e+02
1.6318e+02
1.6231e+02
1.6159e+02
1.6103e+02
1.6068e+02
1.6056e+02
1.6069e+02
1.6108e+02
1.6173e+02
1.6265e+02
1.6387e+02
1.6537e+02
1.6715e+02
1.6920e+02
1.7153e+02
1.7413e+02
1.7701e+02
1.8011e+02
1.8342e+02
1.8687e+02
1.9040e+02
1.9393e+02
1.9737e+02
2.0061e+02
2.0358e+02
2.0620e+02
2.0841e+02
2.1012e+02
2.1130e+02
2.1193e+02
2.1201e+02
2.1155e+02
2.1057e+02
2.0911e+02
2.0722e+02
2.0498e+02
2.0245e+02
1.9976e+02
1.9701e+02
1.9434e+02
1.9184e+02
1.8961e+02
1.8769e+02
1.8613e+02
1.8492e+02
1.8399e+02
1.8327e+02
1.8262e+02
1.8191e+02
1.8103e+02
1.7987e+02
1.7838e+02
1.7652e+02
1.7434e+02
1.7189e+02
1.6925e+02
1.6654e+02
1.6389e+02
1.6140e+02
1.5916e+02
1.5725e+02
1.5570e+02
1.5453e+02
1.5373e+02
1.5329e+02
1.5318e+02
1.5340e+02
1.5397e+02
1.5490e+02
1.5623e+02
1.5797e+02
1.6017e+02
1.6284e+02
1.6601e+02
1.6964e+02
1.7358e+02
1.7764e+02
1.8160e+02
1.8514e+02
1.8795e+02
1.8966e+02
1.8996e+02
1.8859e+02
1.8535e+02
1.8017e+02
1.7310e+02
1.6430e+02
1.5407e+02
1.4278e+02
1.3084e+02
1.1870e+02
1.0675e+02
9.5338e+01
8.4733e+01
7.5106e+01
6.6545e+01
5.9081e+01
5.2678e+01
4.7271e+01
4.2786e+01
3.9157e+01
3.6321e+01
3.4222e+01
3.2811e+01
3.2011e+01
3.1754e+01
3.1982e+01
3.2626e+01
3.3597e+01
3.4800e+01
3.6147e+01
3.7561e+01
3.8961e+01
4.0257e+01
4.1375e+01
4.2234e+01
4.2763e+01
4.2883e+01
4.2515e+01
4.1589e+01
4.0049e+01
3.7886e+01
3.5138e+01
3.1898e+01
2.8316e+01
2.4586e+01
2.0916e+01
1.7494e+01
1.4492e+01
1.2030e+01
1.0160e+01
8.8633e+00
8.0590e+00
7.6168e+00
7.3789e+00
7.1916e+00
6.9168e+00
6.4628e+00
5.7827e+00
4.8881e+00
3.8450e+00
2.7493e+00
1.7086e+00
8.3813e-01
2.4810e-01
0000
1.1548e-01
5.8073e-01
1.3508e+00
2.3537e+00
3.5140e+00
4.7724e+00
6.0706e+00
7.3592e+00
8.5988e+00
9.7663e+00
1.0839e+01
1.1810e+01
1.2690e+01
1.3473e+01
1.4160e+01
1.4753e+01
1.5267e+01
1.5722e+01
1.6155e+01
1.6615e+01
1.7167e+01
1.7885e+01
1.8838e+01
2.0097e+01
2.1719e+01
2.3740e+01
2.6171e+01
2.9006e+01
3.2207e+01
3.5706e+01
3.9432e+01
4.3302e+01
4.7213e+01
5.1050e+01
5.4702e+01
5.8066e+01
6.1036e+01
6.3522e+01
6.5443e+01
6.6752e+01
6.7417e+01
6.7440e+01
6.6859e+01
6.5751e+01
6.4207e+01
6.2323e+01
6.0215e+01
5.7994e+01
5.5762e+01
5.3594e+01
5.1538e+01
4.9603e+01
4.7776e+01
4.6044e+01
4.4377e+01
4.2756e+01
4.1175e+01
3.9649e+01
3.8208e+01
3.6910e+01
3.5829e+01
3.5027e+01
3.4566e+01
3.4499e+01
3.4866e+01
3.5679e+01
3.6922e+01
3.8560e+01
4.0543e+01
4.2829e+01
4.5366e+01
4.8113e+01
5.1028e+01
5.4073e+01
5.7205e+01
6.0397e+01
6.3641e+01
6.6914e+01
7.0197e+01
7.3460e+01
7.6673e+01
7.9811e+01
8.2857e+01
8.5799e+01
8.8627e+01
9.1349e+01
9.3969e+01
9.6508e+01
9.8995e+01
1.0147e+02
1.0396e+02
1.0651e+02
1.0916e+02
1.1190e+02
1.1474e+02
1.1766e+02
1.2063e+02
1.2359e+02
1.2651e+02
1.2931e+02
1.3193e+02
1.3433e+02
1.3645e+02
1.3830e+02
1.3986e+02
1.4119e+02
1.4233e+02
1.4335e+02
1.4435e+02
1.4540e+02
1.4660e+02
1.4800e+02
1.4966e+02
1.5159e+02
1.5379e+02
1.5624e+02
1.5888e+02
1.6164e+02
1.6439e+02
1.6698e+02
1.6927e+02
1.7108e+02
1.7229e+02
1.7273e+02
1.7233e+02
1.7103e+02
1.6882e+02
1.6576e+02
1.6196e+02
1.5757e+02
1.5281e+02
1.4792e+02
1.4312e+02
1.3863e+02
1.3463e+02
1.3125e+02
1.2853e+02
1.2650e+02
1.2512e+02
1.2428e+02
1.2387e+02
1.2378e+02
1.2392e+02
1.2422e+02
1.2462e+02
1.2513e+02
1.2573e+02
1.2645e+02
1.2729e+02
1.2829e+02
1.2942e+02
1.3066e+02
1.3196e+02
1.3322e+02
1.3439e+02
1.3537e+02
1.3612e+02
1.3661e+02
1.3685e+02
1.3689e+02
1.3680e+02
1.3668e+02
1.3661e+02
1.3669e+02
1.3696e+02
1.3748e+02
1.3826e+02
1.3929e+02
1.4049e+02
1.4181e+02
1.4318e+02
1.4451e+02
1.4576e+02
1.4688e+02
1.4787e+02
1.4871e+02
1.4943e+02
1.5006e+02
1.5065e+02
1.5125e+02
1.5191e+02
1.5267e+02
1.5359e+02
1.5470e+02
1.5601e+02
1.5754e+02
1.5930e+02
1.6128e+02
1.6345e+02
1.6577e+02
1.6819e+02
1.7062e+02
1.7300e+02
1.7527e+02
1.7733e+02
1.7916e+02
1.8068e+02
1.8188e+02
1.8277e+02
1.8335e+02
1.8366e+02
1.8375e+02
1.8367e+02
1.8352e+02
1.8341e+02
1.8343e+02
1.8373e+02
1.8442e+02
1.8564e+02
1.8748e+02
1.9002e+02
1.9330e+02
1.9726e+02
2.0179e+02
2.0673e+02
2.1183e+02
2.1683e+02
2.2141e+02
2.2526e+02
2.2812e+02
2.2979e+02
2.3013e+02
2.2913e+02
2.2684e+02
2.2341e+02
2.1907e+02
2.1407e+02
2.0875e+02
2.0340e+02
1.9829e+02
1.9369e+02
1.8979e+02
1.8678e+02
1.8479e+02
1.8390e+02
1.8414e+02
1.8553e+02
1.8805e+02
1.9163e+02
1.9620e+02
2.0162e+02
2.0775e+02
2.1437e+02
2.2127e+02
2.2820e+02
2.3491e+02
2.4116e+02
2.4669e+02
2.5132e+02
2.5487e+02
2.5725e+02
2.5839e+02
2.5829e+02
2.5703e+02
2.5474e+02
2.5163e+02
2.4792e+02
2.4388e+02
2.3978e+02
2.3589e+02
2.3247e+02
2.2976e+02
2.2794e+02
2.2715e+02
2.2746e+02
2.2886e+02
2.3127e+02
2.3455e+02
2.3846e+02
2.4269e+02
2.4687e+02
2.5062e+02
2.5355e+02
2.5528e+02
2.5549e+02
2.5393e+02
2.5043e+02
2.4494e+02
2.3754e+02
2.2844e+02
2.1792e+02
2.0638e+02
1.9426e+02
1.8200e+02
1.7003e+02
1.5872e+02
1.4834e+02
1.3913e+02
1.3121e+02
1.2466e+02
1.1945e+02
1.1555e+02
1.1286e+02
1.1129e+02
1.1073e+02
1.1108e+02
1.1222e+02
1.1404e+02
1.1642e+02
1.1927e+02
1.2248e+02
1.2595e+02
1.2954e+02
1.3313e+02
1.3662e+02
1.3995e+02
1.4305e+02
1.4591e+02
1.4853e+02
1.5092e+02
1.5310e+02
1.5512e+02
1.5698e+02
1.5871e+02
1.6029e+02
1.6168e+02
1.6285e+02
1.6373e+02
1.6425e+02
1.6431e+02
1.6383e+02
1.6276e+02
1.6106e+02
1.5874e+02
1.5584e+02
1.5244e+02
1.4865e+02
1.4463e+02
1.4053e+02
1.3651e+02
1.3271e+02
1.2924e+02
1.2620e+02
1.2364e+02
1.2158e+02
1.1999e+02
1.1882e+02
1.1800e+02
1.1744e+02
1.1708e+02
1.1683e+02
1.1663e+02
1.1644e+02
1.1624e+02
1.1600e+02
1.1574e+02
1.1548e+02
1.1525e+02
1.1507e+02
1.1499e+02
1.1505e+02
1.1528e+02
1.1571e+02
1.1638e+02
1.1730e+02
1.1846e+02
1.1984e+02
1.2143e+02
1.2317e+02
1.2500e+02
1.2686e+02
1.2868e+02
1.3038e+02
1.3189e+02
1.3315e+02
1.3412e+02
1.3476e+02
1.3508e+02
1.3510e+02
1.3485e+02
1.3441e+02
1.3383e+02
1.3321e+02
1.3262e+02
1.3213e+02
1.3180e+02
1.3167e+02
1.3177e+02
1.3210e+02
1.3264e+02
1.3336e+02
1.3423e+02
1.3521e+02
1.3629e+02
1.3746e+02
1.3875e+02
1.4019e+02
1.4184e+02
1.4373e+02
1.4594e+02
1.4850e+02
1.5147e+02
1.5486e+02
1.5864e+02
1.6277e+02
1.6717e+02
1.7172e+02
1.7628e+02
1.8068e+02
1.8475e+02
1.8834e+02
1.9133e+02
1.9360e+02
1.9509e+02
1.9576e+02
1.9564e+02
1.9479e+02
1.9330e+02
1.9130e+02
1.8893e+02
1.8632e+02
1.8361e+02
1.8092e+02
1.7834e+02
1.7593e+02
1.7371e+02
1.7168e+02
1.6983e+02
1.6814e+02
1.6660e+02
1.6519e+02
1.6389e+02
1.6269e+02
1.6159e+02
1.6060e+02
1.5973e+02
1.5899e+02
1.5839e+02
1.5794e+02
1.5765e+02
1.5752e+02
1.5754e+02
1.5770e+02
1.5799e+02
1.5840e+02
1.5892e+02
1.5957e+02
1.6033e+02
1.6119e+02
1.6213e+02
1.6312e+02
1.6415e+02
1.6519e+02
1.6622e+02
1.6723e+02
1.6820e+02
1.6913e+02
1.7004e+02
1.7093e+02
1.7184e+02
1.7276e+02
1.7371e+02
1.7469e+02
1.7572e+02
1.7677e+02
1.7783e+02
1.7883e+02
1.7968e+02
1.8026e+02
1.8040e+02
1.7996e+02
1.7876e+02
1.7664e+02
1.7346e+02
1.6914e+02
1.6370e+02
1.5725e+02
1.5000e+02
1.4225e+02
1.3441e+02
1.2694e+02
1.2030e+02
1.1496e+02
1.1126e+02
1.0946e+02
1.0966e+02
1.1180e+02
1.1569e+02
1.2098e+02
1.2724e+02
1.3400e+02
1.4078e+02
1.4717e+02
1.5283e+02
1.5750e+02
1.6108e+02
1.6352e+02
1.6490e+02
1.6537e+02
1.6509e+02
1.6428e+02
1.6312e+02
1.6178e+02
1.6039e+02
1.5907e+02
1.5791e+02
1.5695e+02
1.5623e+02
1.5574e+02
1.5550e+02
1.5550e+02
1.5577e+02
1.5630e+02
1.5708e+02
1.5811e+02
1.5940e+02
1.6095e+02
1.6278e+02
1.6491e+02
1.6735e+02
1.7010e+02
1.7317e+02
1.7655e+02
1.8022e+02
1.8414e+02
1.8823e+02
1.9238e+02
1.9647e+02
2.0034e+02
2.0385e+02
2.0684e+02
2.0914e+02
2.1062e+02
2.1115e+02
2.1069e+02
2.0922e+02
2.0679e+02
2.0349e+02
1.9945e+02
1.9487e+02
1.8994e+02
1.8489e+02
1.7994e+02
1.7533e+02
1.7125e+02
1.6789e+02
1.6538e+02
1.6384e+02
1.6336e+02
1.6397e+02
1.6568e+02
1.6846e+02
1.7223e+02
1.7688e+02
1.8226e+02
1.8821e+02
1.9458e+02
2.0117e+02
2.0782e+02
2.1438e+02
2.2071e+02
2.2670e+02
2.3227e+02
2.3738e+02
2.4201e+02
2.4614e+02
2.4980e+02
2.5301e+02
2.5579e+02
2.5817e+02
2.6016e+02
2.6175e+02
2.6292e+02
2.6364e+02
2.6387e+02
2.6356e+02
2.6268e+02
2.6121e+02
2.5912e+02
2.5643e+02
2.5316e+02
2.4938e+02
2.4519e+02
2.4072e+02
2.3610e+02
2.3149e+02
2.2702e+02
2.2283e+02
2.1905e+02
2.1574e+02
2.1297e+02
2.1076e+02
2.0910e+02
2.0796e+02
2.0728e+02
2.0700e+02
2.0703e+02
2.0728e+02
2.0765e+02
2.0804e+02
2.0838e+02
2.0861e+02
2.0867e+02
2.0854e+02
2.0819e+02
2.0761e+02
2.0678e+02
2.0569e+02
2.0434e+02
2.0272e+02
2.0082e+02
1.9863e+02
1.9617e+02
1.9349e+02
1.9064e+02
1.8774e+02
1.8490e+02
1.8232e+02
1.8018e+02
1.7868e+02
1.7800e+02
1.7829e+02
1.7964e+02
1.8209e+02
1.8558e+02
1.9001e+02
1.9521e+02
2.0095e+02
2.0701e+02
2.1315e+02
2.1917e+02
2.2490e+02
2.3023e+02
2.3508e+02
2.3941e+02
2.4325e+02
2.4663e+02
2.4961e+02
2.5225e+02
2.5457e+02
2.5662e+02
2.5843e+02
2.6001e+02
2.6134e+02
2.6241e+02
2.6321e+02
2.6373e+02
2.6398e+02
2.6395e+02
2.6367e+02
2.6315e+02
2.6243e+02
2.6156e+02
2.6058e+02
2.5952e+02
2.5845e+02
2.5741e+02
2.5644e+02
2.5559e+02
2.5490e+02
2.5439e+02
2.5410e+02
2.5404e+02
2.5421e+02
2.5463e+02
2.5526e+02
2.5608e+02
2.5704e+02
2.5811e+02
2.5922e+02
2.6027e+02
2.6117e+02
2.6182e+02
2.6214e+02
2.6204e+02
2.6146e+02
2.6036e+02
2.5871e+02
2.5654e+02
2.5390e+02
2.5085e+02
2.4750e+02
2.4394e+02
2.4027e+02
2.3663e+02
2.3310e+02
2.2978e+02
2.2673e+02
2.2401e+02
2.2164e+02
2.1962e+02
2.1793e+02
2.1656e+02
2.1549e+02
2.1475e+02
2.1435e+02
2.1433e+02
2.1476e+02
2.1571e+02
2.1724e+02
2.1943e+02
2.2233e+02
2.2599e+02
2.3036e+02
2.3538e+02
2.4093e+02
2.4685e+02
2.5293e+02
2.5896e+02
2.6473e+02
2.7005e+02
2.7479e+02
2.7885e+02
2.8221e+02
2.8490e+02
2.8697e+02
2.8854e+02
2.8971e+02
2.9055e+02
2.9113e+02
2.9150e+02
2.9164e+02
2.9152e+02
2.9107e+02
2.9020e+02
2.8882e+02
2.8686e+02
2.8430e+02
2.8116e+02
2.7753e+02
2.7349e+02
2.6922e+02
2.6489e+02
2.6068e+02
2.5678e+02
2.5338e+02
2.5062e+02
2.4864e+02
2.4755e+02
2.4740e+02
2.4823e+02
2.5005e+02
2.5283e+02
2.5650e+02
2.6096e+02
2.6607e+02
2.7169e+02
2.7767e+02
2.8389e+02
2.9025e+02
2.9664e+02
3.0300e+02
3.0931e+02
3.1560e+02
3.2191e+02
3.2831e+02
3.3485e+02
3.4156e+02
3.4846e+02
3.5547e+02
3.6252e+02
3.6948e+02
3.7618e+02
3.8247e+02
3.8823e+02
3.9336e+02
3.9777e+02
4.0145e+02
4.0445e+02
4.0681e+02
4.0866e+02
4.1008e+02
4.1117e+02
4.1197e+02
4.1253e+02
4.1285e+02
4.1291e+02
4.1272e+02
4.1223e+02
4.1141e+02
4.1028e+02
4.0885e+02
4.0719e+02
4.0537e+02
4.0347e+02
4.0159e+02
3.9980e+02
3.9816e+02
3.9673e+02
3.9552e+02
3.9453e+02
3.9375e+02
3.9314e+02
3.9267e+02
3.9232e+02
3.9206e+02
3.9187e+02
3.9175e+02
3.9172e+02
3.9181e+02
3.9205e+02
3.9246e+02
3.9306e+02
3.9391e+02
3.9501e+02
3.9637e+02
3.9801e+02
3.9988e+02
4.0194e+02
4.0415e+02
4.0644e+02
4.0872e+02
4.1094e+02
4.1301e+02
4.1489e+02
4.1652e+02
4.1789e+02
4.1898e+02
4.1980e+02
4.2037e+02
4.2073e+02
4.2089e+02
4.2087e+02
4.2070e+02
4.2036e+02
4.1988e+02
4.1922e+02
4.1837e+02
4.1733e+02
4.1608e+02
4.1462e+02
4.1298e+02
4.1120e+02
4.0929e+02
4.0733e+02
4.0534e+02
4.0336e+02
4.0144e+02
3.9960e+02
3.9783e+02
3.9613e+02
3.9447e+02
3.9281e+02
3.9111e+02
3.8934e+02
3.8748e+02
3.8551e+02
3.8344e+02
3.8129e+02
3.7909e+02
3.7689e+02
3.7474e+02
3.7265e+02
3.7058e+02
3.6848e+02
3.6623e+02
3.6369e+02
3.6069e+02
3.5704e+02
3.5259e+02
3.4719e+02
3.4079e+02
3.3338e+02
3.2505e+02
3.1595e+02
3.0635e+02
2.9661e+02
2.8714e+02
2.7839e+02
2.7077e+02
2.6470e+02
2.6053e+02
2.5849e+02
2.5858e+02
2.6062e+02
2.6422e+02
2.6881e+02
2.7370e+02
2.7803e+02
2.8094e+02
2.8158e+02
2.7924e+02
2.7343e+02
2.6398e+02
2.5110e+02
2.3535e+02
2.1758e+02
1.9889e+02
1.8049e+02
1.6364e+02
1.4948e+02
1.3892e+02
1.3260e+02
1.3080e+02
1.3349e+02
1.4028e+02
1.5054e+02
1.6343e+02
1.7805e+02
1.9347e+02
2.0887e+02
2.2356e+02
2.3696e+02
2.4870e+02
2.5860e+02
2.6665e+02
2.7292e+02
2.7755e+02
2.8070e+02
2.8254e+02
2.8329e+02
2.8314e+02
2.8225e+02
2.8081e+02
2.7898e+02
2.7686e+02
2.7458e+02
2.7222e+02
2.6989e+02
2.6767e+02
2.6563e+02
2.6380e+02
2.6221e+02
2.6086e+02
2.5973e+02
2.5877e+02
2.5795e+02
2.5720e+02
2.5648e+02
2.5571e+02
2.5484e+02
2.5383e+02
2.5262e+02
2.5119e+02
2.4952e+02
2.4759e+02
2.4540e+02
2.4300e+02
2.4042e+02
2.3774e+02
2.3503e+02
2.3239e+02
2.2993e+02
2.2772e+02
2.2586e+02
2.2440e+02
2.2338e+02
2.2280e+02
2.2262e+02
2.2278e+02
2.2320e+02
2.2380e+02
2.2450e+02
2.2523e+02
2.2590e+02
2.2648e+02
2.2692e+02
2.2721e+02
2.2736e+02
2.2739e+02
2.2731e+02
2.2716e+02
2.2698e+02
2.2677e+02
2.2657e+02
2.2638e+02
2.2622e+02
2.2612e+02
2.2610e+02
2.2617e+02
2.2636e+02
2.2668e+02
2.2713e+02
2.2768e+02
2.2832e+02
2.2901e+02
2.2970e+02
2.3034e+02
2.3088e+02
2.3128e+02
2.3151e+02
2.3159e+02
2.3150e+02
2.3130e+02
2.3103e+02
2.3076e+02
2.3061e+02
2.3067e+02
2.3104e+02
2.3181e+02
2.3306e+02
2.3484e+02
2.3719e+02
2.4010e+02
2.4357e+02
2.4751e+02
2.5182e+02
2.5637e+02
2.6098e+02
2.6547e+02
2.6964e+02
2.7327e+02
2.7618e+02
2.7822e+02
2.7928e+02
2.7930e+02
2.7828e+02
2.7628e+02
2.7340e+02
2.6981e+02
2.6570e+02
2.6125e+02
2.5667e+02
2.5215e+02
2.4783e+02
2.4381e+02
2.4014e+02
2.3682e+02
2.3380e+02
2.3100e+02
2.2833e+02
2.2569e+02
2.2297e+02
2.2009e+02
2.1700e+02
2.1372e+02
2.1031e+02
2.0690e+02
2.0365e+02
2.0073e+02
1.9830e+02
1.9656e+02
1.9564e+02
1.9561e+02
1.9650e+02
1.9827e+02
2.0080e+02
2.0391e+02
2.0741e+02
2.1107e+02
2.1467e+02
2.1802e+02
2.2095e+02
2.2337e+02
2.2520e+02
2.2646e+02
2.2719e+02
2.2748e+02
2.2743e+02
2.2717e+02
2.2678e+02
2.2635e+02
2.2594e+02
2.2561e+02
2.2537e+02
2.2519e+02
2.2502e+02
2.2481e+02
2.2448e+02
2.2397e+02
2.2323e+02
2.2224e+02
2.2098e+02
2.1948e+02
2.1779e+02
2.1601e+02
2.1422e+02
2.1257e+02
2.1115e+02
2.1008e+02
2.0940e+02
2.0916e+02
2.0935e+02
2.0991e+02
2.1074e+02
2.1173e+02
2.1274e+02
2.1363e+02
2.1428e+02
2.1460e+02
2.1454e+02
2.1409e+02
2.1329e+02
2.1223e+02
2.1102e+02
2.0979e+02
2.0869e+02
2.0787e+02
2.0743e+02
2.0746e+02
2.0802e+02
2.0909e+02
2.1066e+02
2.1265e+02
2.1496e+02
2.1748e+02
2.2008e+02
2.2264e+02
2.2502e+02
2.2713e+02
2.2888e+02
2.3023e+02
2.3115e+02
2.3164e+02
2.3173e+02
2.3145e+02
2.3086e+02
2.3004e+02
2.2906e+02
2.2799e+02
2.2687e+02
2.2577e+02
2.2473e+02
2.2379e+02
2.2297e+02
2.2228e+02
2.2172e+02
2.2129e+02
2.2097e+02
2.2076e+02
2.2061e+02
2.2050e+02
2.2038e+02
2.2021e+02
2.1999e+02
2.1972e+02
2.1940e+02
2.1908e+02
2.1882e+02
2.1870e+02
2.1884e+02
2.1934e+02
2.2030e+02
2.2178e+02
2.2381e+02
2.2640e+02
2.2948e+02
2.3293e+02
2.3661e+02
2.4033e+02
2.4387e+02
2.4703e+02
2.4960e+02
2.5140e+02
2.5228e+02
2.5215e+02
2.5098e+02
2.4878e+02
2.4564e+02
2.4167e+02
2.3706e+02
2.3199e+02
2.2670e+02
2.2142e+02
2.1638e+02
2.1173e+02
2.0763e+02
2.0417e+02
2.0137e+02
1.9923e+02
1.9770e+02
1.9670e+02
1.9612e+02
1.9583e+02
1.9575e+02
1.9579e+02
1.9592e+02
1.9609e+02
1.9633e+02
1.9664e+02
1.9704e+02
1.9757e+02
1.9827e+02
1.9914e+02
2.0019e+02
2.0138e+02
2.0268e+02
2.0403e+02
2.0535e+02
2.0657e+02
2.0758e+02
2.0832e+02
2.0873e+02
2.0874e+02
2.0835e+02
2.0755e+02
2.0634e+02
2.0478e+02
2.0295e+02
2.0093e+02
1.9881e+02
1.9671e+02
1.9473e+02
1.9295e+02
1.9145e+02
1.9028e+02
1.8949e+02
1.8909e+02
1.8906e+02
1.8938e+02
1.9002e+02
1.9090e+02
1.9196e+02
1.9311e+02
1.9424e+02
1.9523e+02
1.9599e+02
1.9645e+02
1.9653e+02
1.9622e+02
1.9550e+02
1.9442e+02
1.9306e+02
1.9154e+02
1.8996e+02
1.8847e+02
1.8720e+02
1.8624e+02
1.8569e+02
1.8556e+02
1.8586e+02
1.8653e+02
1.8749e+02
1.8866e+02
1.8995e+02
1.9128e+02
1.9258e+02
1.9382e+02
1.9499e+02
1.9611e+02
1.9722e+02
1.9836e+02
1.9958e+02
2.0091e+02
2.0235e+02
2.0389e+02
2.0551e+02
2.0717e+02
2.0877e+02
2.1024e+02
2.1151e+02
2.1252e+02
2.1321e+02
2.1357e+02
2.1362e+02
2.1337e+02
2.1289e+02
2.1224e+02
2.1151e+02
2.1079e+02
2.1016e+02
2.0971e+02
2.0949e+02
2.0951e+02
2.0979e+02
2.1030e+02
2.1101e+02
2.1188e+02
2.1286e+02
2.1392e+02
2.1502e+02
2.1614e+02
2.1725e+02
2.1836e+02
2.1947e+02
2.2057e+02
2.2165e+02
2.2271e+02
2.2370e+02
2.2458e+02
2.2531e+02
2.2585e+02
2.2616e+02
2.2622e+02
2.2603e+02
2.2562e+02
2.2503e+02
2.2432e+02
2.2358e+02
2.2284e+02
2.2218e+02
2.2163e+02
2.2121e+02
2.2093e+02
2.2077e+02
2.2070e+02
2.2070e+02
2.2072e+02
2.2075e+02
2.2078e+02
2.2080e+02
2.2081e+02
2.2083e+02
2.2085e+02
2.2088e+02
2.2095e+02
2.2104e+02
2.2114e+02
2.2125e+02
2.2136e+02
2.2144e+02
2.2150e+02
2.2153e+02
2.2150e+02
2.2139e+02
2.2119e+02
2.2087e+02
2.2038e+02
2.1970e+02
2.1880e+02
2.1766e+02
2.1627e+02
2.1467e+02
2.1289e+02
2.1102e+02
2.0916e+02
2.0740e+02
2.0586e+02
2.0462e+02
2.0375e+02
2.0328e+02
2.0322e+02
2.0351e+02
2.0409e+02
2.0487e+02
2.0574e+02
2.0660e+02
2.0738e+02
2.0802e+02
2.0849e+02
2.0879e+02
2.0896e+02
2.0901e+02
2.0904e+02
2.0908e+02
2.0922e+02
2.0947e+02
2.0986e+02
2.1037e+02
2.1097e+02
2.1160e+02
2.1218e+02
2.1264e+02
2.1289e+02
2.1283e+02
2.1239e+02
2.1152e+02
2.1020e+02
2.0845e+02
2.0629e+02
2.0380e+02
2.0108e+02
