3.9341e+01
3.8961e+01
3.8689e+01
3.8530e+01
3.8491e+01
3.8588e+01
3.8830e+01
3.9238e+01
3.9846e+01
4.0689e+01
4.1804e+01
4.3230e+01
4.5005e+01
4.7144e+01
4.9657e+01
5.2529e+01
5.5735e+01
5.9228e+01
6.2953e+01
6.6844e+01
7.0830e+01
7.4833e+01
7.8753e+01
8.2496e+01
8.5960e+01
8.9042e+01
9.1640e+01
9.3658e+01
9.5018e+01
9.5653e+01
9.5523e+01
9.4626e+01
9.3006e+01
9.0746e+01
8.7977e+01
8.4857e+01
8.1548e+01
7.8231e+01
7.5074e+01
7.2221e+01
6.9788e+01
6.7860e+01
6.6483e+01
6.5667e+01
6.5408e+01
6.5671e+01
6.6413e+01
6.7583e+01
6.9119e+01
7.0953e+01
7.3010e+01
7.5204e+01
7.7446e+01
7.9669e+01
8.1795e+01
8.3754e+01
8.5487e+01
8.6951e+01
8.8129e+01
8.9025e+01
8.9661e+01
9.0066e+01
9.0279e+01
9.0334e+01
9.0262e+01
9.0068e+01
8.9747e+01
8.9284e+01
8.8652e+01
8.7842e+01
8.6850e+01
8.5689e+01
8.4390e+01
8.3010e+01
8.1639e+01
8.0369e+01
7.9288e+01
7.8460e+01
7.7936e+01
7.7742e+01
7.7864e+01
7.8243e+01
7.8794e+01
7.9394e+01
7.9908e+01
8.0214e+01
8.0189e+01
7.9741e+01
7.8818e+01
7.7397e+01
7.5497e+01
7.3178e+01
7.0536e+01
6.7673e+01
6.4700e+01
6.1734e+01
5.8903e+01
5.6315e+01
5.4070e+01
5.2256e+01
5.0929e+01
5.0143e+01
4.9935e+01
5.0336e+01
5.1362e+01
5.2998e+01
5.5212e+01
5.7961e+01
6.1187e+01
6.4805e+01
6.8723e+01
7.2838e+01
7.7037e+01
8.1205e+01
8.5245e+01
8.9087e+01
9.2658e+01
9.5916e+01
9.8840e+01
1.0143e+02
1.0369e+02
1.0563e+02
1.0725e+02
1.0858e+02
1.0962e+02
1.1039e+02
1.1086e+02
1.1103e+02
1.1090e+02
1.1046e+02
1.0974e+02
1.0875e+02
1.0754e+02
1.0614e+02
1.0461e+02
1.0300e+02
1.0136e+02
9.9739e+01
9.8184e+01
9.6728e+01
9.5395e+01
9.4190e+01
9.3114e+01
9.2175e+01
9.1385e+01
9.0756e+01
9.0296e+01
9.0005e+01
8.9875e+01
8.9902e+01
9.0059e+01
9.0319e+01
9.0658e+01
9.1058e+01
9.1520e+01
9.2046e+01
9.2683e+01
9.3497e+01
9.4574e+01
9.6024e+01
9.7958e+01
1.0047e+02
1.0361e+02
1.0744e+02
1.1191e+02
1.1696e+02
1.2247e+02
1.2829e+02
1.3422e+02
1.4010e+02
1.4575e+02
1.5103e+02
1.5584e+02
1.6012e+02
1.6381e+02
1.6690e+02
1.6938e+02
1.7125e+02
1.7251e+02
1.7318e+02
1.7326e+02
1.7276e+02
1.7172e+02
1.7018e+02
1.6824e+02
1.6597e+02
1.6350e+02
1.6096e+02
1.5847e+02
1.5613e+02
1.5402e+02
1.5218e+02
1.5060e+02
1.4929e+02
1.4818e+02
1.4723e+02
1.4637e+02
1.4557e+02
1.4482e+02
1.4412e+02
1.4350e+02
1.4303e+02
1.4278e+02
1.4279e+02
1.4312e+02
1.4382e+02
1.4488e+02
1.4630e+02
1.4800e+02
1.4992e+02
1.5195e+02
1.5399e+02
1.5591e+02
1.5763e+02
1.5904e+02
1.6009e+02
1.6071e+02
1.6091e+02
1.6069e+02
1.6008e+02
1.5913e+02
1.5788e+02
1.5641e+02
1.5479e+02
1.5310e+02
1.5138e+02
1.4970e+02
1.4810e+02
1.4661e+02
1.4526e+02
1.4407e+02
1.4305e+02
1.4224e+02
1.4165e+02
1.4130e+02
1.4123e+02
1.4147e+02
1.4203e+02
1.4295e+02
1.4426e+02
1.4596e+02
1.4804e+02
1.5047e+02
1.5318e+02
1.5603e+02
1.5886e+02
1.6150e+02
1.6375e+02
1.6540e+02
1.6623e+02
1.6604e+02
1.6467e+02
1.6200e+02
1.5797e+02
1.5259e+02
1.4590e+02
1.3803e+02
1.2912e+02
1.1939e+02
1.0905e+02
9.8341e+01
8.7493e+01
7.6721e+01
6.6251e+01
5.6301e+01
4.7076e+01
3.8776e+01
3.1575e+01
2.5632e+01
2.1075e+01
1.7997e+01
1.6436e+01
1.6377e+01
1.7738e+01
2.0387e+01
2.4158e+01
2.8820e+01
3.4100e+01
3.9713e+01
4.5391e+01
5.0895e+01
5.6036e+01
6.0688e+01
6.4769e+01
6.8267e+01
7.1213e+01
7.3684e+01
7.5790e+01
7.7648e+01
7.9368e+01
8.1052e+01
8.2818e+01
8.4747e+01
8.6869e+01
8.9174e+01
9.1610e+01
9.4095e+01
9.6509e+01
9.8707e+01
1.0050e+02
1.0171e+02
1.0212e+02
1.0158e+02
9.9952e+01
9.7144e+01
9.3130e+01
8.7948e+01
8.1739e+01
7.4720e+01
6.7166e+01
5.9387e+01
5.1721e+01
4.4499e+01
3.8030e+01
3.2587e+01
2.8353e+01
2.5426e+01
2.3806e+01
2.3406e+01
2.4061e+01
2.5552e+01
2.7613e+01
2.9950e+01
3.2348e+01
3.4690e+01
3.6940e+01
3.9158e+01
4.1504e+01
4.4215e+01
4.7589e+01
5.1949e+01
5.7577e+01
6.4644e+01
7.3141e+01
8.2891e+01
9.3540e+01
1.0459e+02
1.1542e+02
1.2533e+02
1.3361e+02
1.3964e+02
1.4293e+02
1.4320e+02
1.4041e+02
1.3474e+02
1.2660e+02
1.1653e+02
1.0520e+02
9.3355e+01
8.1684e+01
7.0805e+01
6.1210e+01
5.3254e+01
4.7125e+01
4.2831e+01
4.0249e+01
3.9159e+01
3.9304e+01
4.0441e+01
4.2352e+01
4.4859e+01
4.7844e+01
5.1250e+01
5.5084e+01
5.9436e+01
6.4403e+01
7.0068e+01
7.6480e+01
8.3629e+01
9.1456e+01
9.9828e+01
1.0856e+02
1.1739e+02
1.2607e+02
1.3431e+02
1.4185e+02
1.4846e+02
1.5397e+02
1.5828e+02
1.6137e+02
1.6332e+02
1.6427e+02
1.6442e+02
1.6400e+02
1.6328e+02
1.6253e+02
1.6199e+02
1.6185e+02
1.6221e+02
1.6309e+02
1.6441e+02
1.6602e+02
1.6770e+02
1.6919e+02
1.7027e+02
1.7069e+02
1.7029e+02
1.6897e+02
1.6675e+02
1.6370e+02
1.5998e+02
1.5580e+02
1.5140e+02
1.4705e+02
1.4295e+02
1.3930e+02
1.3620e+02
1.3373e+02
1.3196e+02
1.3087e+02
1.3044e+02
1.3063e+02
1.3141e+02
1.3274e+02
1.3461e+02
1.3698e+02
1.3981e+02
1.4306e+02
1.4667e+02
1.5056e+02
1.5462e+02
1.5874e+02
1.6279e+02
1.6667e+02
1.7025e+02
1.7343e+02
1.7614e+02
1.7833e+02
1.7998e+02
1.8111e+02
1.8176e+02
1.8202e+02
1.8197e+02
1.8172e+02
1.8140e+02
1.8111e+02
1.8096e+02
1.8103e+02
1.8134e+02
1.8189e+02
1.8267e+02
1.8361e+02
1.8462e+02
1.8561e+02
1.8646e+02
1.8711e+02
1.8750e+02
1.8756e+02
1.8721e+02
1.8640e+02
1.8509e+02
1.8324e+02
1.8080e+02
1.7774e+02
1.7401e+02
1.6961e+02
1.6454e+02
1.5881e+02
1.5246e+02
1.4555e+02
1.3818e+02
1.3046e+02
1.2250e+02
1.1442e+02
1.0629e+02
9.8178e+01
9.0139e+01
8.2214e+01
7.4448e+01
6.6894e+01
5.9630e+01
5.2755e+01
4.6386e+01
4.0639e+01
3.5646e+01
3.1518e+01
2.8338e+01
2.6135e+01
2.4913e+01
2.4641e+01
2.5232e+01
2.6570e+01
2.8507e+01
3.0893e+01
3.3579e+01
3.6428e+01
3.9314e+01
4.2141e+01
4.4867e+01
4.7457e+01
4.9891e+01
5.2167e+01
5.4267e+01
5.6137e+01
5.7727e+01
5.8977e+01
5.9816e+01
6.0175e+01
5.9965e+01
5.9107e+01
5.7532e+01
5.5193e+01
5.2076e+01
4.8221e+01
4.3719e+01
3.8694e+01
3.3315e+01
2.7776e+01
2.2287e+01
1.7056e+01
1.2284e+01
8.1411e+00
4.7593e+00
2.2467e+00
6.5476e-01
0000
2.6295e-01
1.3982e+00
3.3390e+00
6.0008e+00
9.3021e+00
1.3150e+01
1.7428e+01
2.2005e+01
2.6766e+01
3.1567e+01
3.6255e+01
4.0656e+01
4.4583e+01
4.7868e+01
5.0357e+01
5.1929e+01
5.2510e+01
5.2078e+01
5.0666e+01
4.8369e+01
4.5345e+01
4.1768e+01
3.7838e+01
3.3756e+01
2.9705e+01
2.5845e+01
2.2295e+01
1.9126e+01
1.6366e+01
1.4041e+01
1.2147e+01
1.0679e+01
9.6318e+00
9.0122e+00
8.8389e+00
9.1492e+00
9.9684e+00
1.1287e+01
1.3096e+01
1.5344e+01
1.7937e+01
2.0740e+01
2.3589e+01
2.6308e+01
2.8719e+01
3.0670e+01
3.2039e+01
3.2753e+01
3.2797e+01
3.2209e+01
3.1072e+01
2.9506e+01
2.7683e+01
2.5805e+01
2.4080e+01
2.2696e+01
2.1824e+01
2.1613e+01
2.2188e+01
2.3636e+01
2.5977e+01
2.9205e+01
3.3269e+01
3.8088e+01
4.3556e+01
4.9545e+01
5.5900e+01
6.2477e+01
6.9159e+01
7.5808e+01
8.2307e+01
8.8563e+01
9.4496e+01
1.0004e+02
1.0514e+02
1.0975e+02
1.1381e+02
1.1731e+02
1.2022e+02
1.2257e+02
1.2441e+02
1.2581e+02
1.2689e+02
1.2778e+02
1.2858e+02
1.2942e+02
1.3041e+02
1.3161e+02
1.3307e+02
1.3475e+02
1.3660e+02
1.3853e+02
1.4041e+02
1.4213e+02
1.4358e+02
1.4470e+02
1.4542e+02
1.4576e+02
1.4574e+02
1.4543e+02
1.4492e+02
1.4432e+02
1.4370e+02
1.4313e+02
1.4266e+02
1.4229e+02
1.4201e+02
1.4181e+02
1.4164e+02
1.4145e+02
1.4122e+02
1.4091e+02
1.4054e+02
1.4010e+02
1.3964e+02
1.3917e+02
1.3873e+02
1.3835e+02
1.3805e+02
1.3782e+02
1.3761e+02
1.3737e+02
1.3701e+02
1.3645e+02
1.3562e+02
1.3442e+02
1.3278e+02
1.3069e+02
1.2811e+02
1.2508e+02
1.2165e+02
1.1791e+02
1.1397e+02
1.0999e+02
1.0609e+02
1.0242e+02
9.9099e+01
9.6235e+01
9.3918e+01
9.2251e+01
9.1314e+01
9.1176e+01
9.1888e+01
9.3501e+01
9.6060e+01
9.9592e+01
1.0410e+02
1.0955e+02
1.1585e+02
1.2285e+02
1.3035e+02
1.3812e+02
1.4591e+02
1.5341e+02
1.6035e+02
1.6648e+02
1.7162e+02
1.7566e+02
1.7859e+02
1.8047e+02
1.8145e+02
1.8171e+02
1.8149e+02
1.8100e+02
1.8047e+02
1.8006e+02
1.7989e+02
1.8005e+02
1.8059e+02
1.8151e+02
1.8279e+02
1.8438e+02
1.8624e+02
1.8835e+02
1.9073e+02
1.9340e+02
1.9639e+02
1.9973e+02
2.0344e+02
2.0755e+02
2.1206e+02
2.1691e+02
2.2205e+02
2.2739e+02
2.3280e+02
2.3817e+02
2.4333e+02
2.4816e+02
2.5250e+02
2.5624e+02
2.5928e+02
2.6150e+02
2.6277e+02
2.6295e+02
2.6193e+02
2.5961e+02
2.5591e+02
2.5076e+02
2.4417e+02
2.3615e+02
2.2683e+02
2.1639e+02
2.0509e+02
1.9326e+02
1.8126e+02
1.6947e+02
1.5826e+02
1.4794e+02
1.3880e+02
1.3101e+02
1.2466e+02
1.1976e+02
1.1624e+02
1.1398e+02
1.1278e+02
1.1246e+02
1.1282e+02
1.1372e+02
1.1499e+02
1.1652e+02
1.1820e+02
1.1995e+02
1.2169e+02
1.2341e+02
1.2510e+02
1.2673e+02
1.2829e+02
1.2976e+02
1.3112e+02
1.3239e+02
1.3356e+02
1.3462e+02
1.3559e+02
1.3646e+02
1.3723e+02
1.3789e+02
1.3841e+02
1.3877e+02
1.3895e+02
1.3893e+02
1.3866e+02
1.3814e+02
1.3733e+02
1.3623e+02
1.3482e+02
1.3308e+02
1.3096e+02
1.2845e+02
1.2549e+02
1.2205e+02
1.1808e+02
1.1356e+02
1.0852e+02
1.0299e+02
9.7066e+01
9.0907e+01
8.4696e+01
7.8667e+01
7.3083e+01
6.8200e+01
6.4274e+01
6.1529e+01
6.0145e+01
6.0233e+01
6.1831e+01
6.4901e+01
6.9329e+01
7.4952e+01
8.1562e+01
8.8919e+01
9.6787e+01
1.0494e+02
1.1316e+02
1.2123e+02
1.2897e+02
1.3622e+02
1.4286e+02
1.4880e+02
1.5397e+02
1.5831e+02
1.6177e+02
1.6436e+02
1.6608e+02
1.6698e+02
1.6708e+02
1.6646e+02
1.6519e+02
1.6338e+02
1.6113e+02
1.5859e+02
1.5590e+02
1.5324e+02
1.5076e+02
1.4863e+02
1.4699e+02
1.4597e+02
1.4569e+02
1.4626e+02
1.4773e+02
1.5013e+02
1.5342e+02
1.5752e+02
1.6233e+02
1.6771e+02
1.7352e+02
1.7960e+02
1.8581e+02
1.9199e+02
1.9802e+02
2.0380e+02
2.0928e+02
2.1444e+02
2.1926e+02
2.2376e+02
2.2796e+02
2.3189e+02
2.3558e+02
2.3899e+02
2.4208e+02
2.4476e+02
2.4693e+02
2.4844e+02
2.4914e+02
2.4884e+02
2.4737e+02
2.4461e+02
2.4046e+02
2.3488e+02
2.2790e+02
2.1961e+02
2.1016e+02
1.9979e+02
1.8877e+02
1.7739e+02
1.6600e+02
1.5491e+02
1.4439e+02
1.3470e+02
1.2601e+02
1.1845e+02
1.1206e+02
1.0684e+02
1.0274e+02
9.9682e+01
9.7591e+01
9.6381e+01
9.5967e+01
9.6305e+01
9.7380e+01
9.9197e+01
1.0173e+02
1.0490e+02
1.0857e+02
1.1259e+02
1.1672e+02
1.2072e+02
1.2427e+02
1.2708e+02
1.2885e+02
1.2938e+02
1.2856e+02
1.2639e+02
1.2300e+02
1.1862e+02
1.1356e+02
1.0818e+02
1.0285e+02
9.7913e+01
9.3654e+01
9.0256e+01
8.7826e+01
8.6380e+01
8.5862e+01
8.6154e+01
8.7111e+01
8.8588e+01
9.0457e+01
9.2606e+01
9.4941e+01
9.7404e+01
9.9925e+01
1.0245e+02
1.0495e+02
1.0737e+02
1.0964e+02
1.1169e+02
1.1346e+02
1.1491e+02
1.1601e+02
1.1683e+02
1.1748e+02
1.1809e+02
1.1888e+02
1.2005e+02
1.2184e+02
1.2444e+02
1.2802e+02
1.3269e+02
1.3849e+02
1.4537e+02
1.5320e+02
1.6179e+02
1.7088e+02
1.8018e+02
1.8938e+02
1.9820e+02
2.0640e+02
2.1378e+02
2.2022e+02
2.2565e+02
2.3006e+02
2.3352e+02
2.3611e+02
2.3794e+02
2.3914e+02
2.3982e+02
2.4012e+02
2.4015e+02
2.4003e+02
2.3983e+02
2.3963e+02
2.3947e+02
2.3937e+02
2.3934e+02
2.3938e+02
2.3946e+02
2.3955e+02
2.3959e+02
2.3955e+02
2.3938e+02
2.3902e+02
2.3844e+02
2.3759e+02
2.3644e+02
2.3501e+02
2.3328e+02
2.3127e+02
2.2899e+02
2.2645e+02
2.2369e+02
2.2071e+02
2.1756e+02
2.1426e+02
2.1085e+02
2.0738e+02
2.0390e+02
2.0045e+02
1.9706e+02
1.9375e+02
1.9056e+02
1.8749e+02
1.8455e+02
1.8176e+02
1.7909e+02
1.7656e+02
1.7415e+02
1.7187e+02
1.6973e+02
1.6774e+02
1.6589e+02
1.6420e+02
1.6268e+02
1.6136e+02
1.6026e+02
1.5940e+02
1.5881e+02
1.5850e+02
1.5848e+02
1.5876e+02
1.5934e+02
1.6024e+02
1.6142e+02
1.6286e+02
1.6450e+02
1.6629e+02
1.6815e+02
1.7002e+02
1.7181e+02
1.7342e+02
1.7477e+02
1.7577e+02
1.7634e+02
1.7644e+02
1.7601e+02
1.7503e+02
1.7352e+02
1.7151e+02
1.6911e+02
1.6644e+02
1.6370e+02
1.6107e+02
1.5878e+02
1.5703e+02
1.5605e+02
1.5600e+02
1.5698e+02
1.5906e+02
1.6220e+02
1.6629e+02
1.7116e+02
1.7655e+02
1.8218e+02
1.8776e+02
1.9302e+02
1.9770e+02
2.0164e+02
2.0468e+02
2.0676e+02
2.0787e+02
2.0809e+02
2.0755e+02
2.0643e+02
2.0491e+02
2.0320e+02
2.0151e+02
2.0006e+02
1.9899e+02
1.9844e+02
1.9848e+02
1.9910e+02
2.0024e+02
2.0182e+02
2.0368e+02
2.0564e+02
2.0749e+02
2.0905e+02
2.1013e+02
2.1064e+02
2.1050e+02
2.0971e+02
2.0835e+02
2.0653e+02
2.0443e+02
2.0222e+02
2.0010e+02
1.9825e+02
1.9678e+02
1.9580e+02
1.9536e+02
1.9546e+02
1.9608e+02
1.9715e+02
1.9856e+02
2.0024e+02
2.0208e+02
2.0399e+02
2.0587e+02
2.0767e+02
2.0934e+02
2.1084e+02
2.1215e+02
2.1324e+02
2.1411e+02
2.1476e+02
2.1518e+02
2.1538e+02
2.1536e+02
2.1511e+02
2.1464e+02
2.1396e+02
2.1308e+02
2.1200e+02
2.1074e+02
2.0931e+02
2.0773e+02
2.0601e+02
2.0420e+02
2.0233e+02
2.0045e+02
1.9863e+02
1.9693e+02
1.9544e+02
1.9422e+02
1.9335e+02
1.9286e+02
1.9279e+02
1.9314e+02
1.9389e+02
1.9497e+02
1.9631e+02
1.9778e+02
1.9929e+02
2.0068e+02
2.0185e+02
2.0267e+02
2.0309e+02
2.0307e+02
2.0261e+02
2.0173e+02
2.0051e+02
1.9904e+02
1.9743e+02
1.9580e+02
1.9425e+02
1.9290e+02
1.9183e+02
1.9109e+02
1.9074e+02
1.9076e+02
1.9115e+02
1.9188e+02
1.9293e+02
1.9425e+02
1.9580e+02
1.9754e+02
1.9945e+02
2.0150e+02
2.0367e+02
2.0596e+02
2.0831e+02
2.1070e+02
2.1309e+02
2.1542e+02
2.1765e+02
2.1973e+02
2.2161e+02
2.2327e+02
2.2466e+02
2.2570e+02
2.2632e+02
2.2645e+02
2.2599e+02
2.2485e+02
2.2292e+02
2.2008e+02
2.1622e+02
2.1125e+02
2.0512e+02
1.9783e+02
1.8942e+02
1.8003e+02
1.6980e+02
1.5895e+02
1.4772e+02
1.3638e+02
1.2522e+02
1.1451e+02
1.0452e+02
9.5476e+01
8.7583e+01
8.1011e+01
7.5882e+01
7.2275e+01
7.0221e+01
6.9703e+01
7.0641e+01
7.2893e+01
7.6260e+01
8.0491e+01
8.5316e+01
9.0419e+01
9.5475e+01
1.0016e+02
1.0418e+02
1.0727e+02
1.0925e+02
1.1001e+02
1.0952e+02
1.0782e+02
1.0508e+02
1.0148e+02
9.7307e+01
9.2853e+01
8.8438e+01
8.4366e+01
8.0912e+01
7.8269e+01
7.6548e+01
7.5769e+01
7.5869e+01
7.6699e+01
7.8036e+01
7.9615e+01
8.1140e+01
8.2338e+01
8.2977e+01
8.2895e+01
8.2004e+01
8.0297e+01
7.7869e+01
7.4910e+01
7.1665e+01
6.8392e+01
6.5350e+01
6.2788e+01
6.0941e+01
6.0007e+01
6.0141e+01
6.1442e+01
6.3934e+01
6.7597e+01
7.2369e+01
7.8135e+01
8.4736e+01
9.1981e+01
9.9639e+01
1.0747e+02
1.1524e+02
1.2272e+02
1.2970e+02
1.3601e+02
1.4155e+02
1.4627e+02
1.5019e+02
1.5340e+02
1.5601e+02
1.5818e+02
1.6005e+02
1.6174e+02
1.6333e+02
1.6488e+02
1.6636e+02
1.6774e+02
1.6893e+02
1.6986e+02
1.7050e+02
1.7079e+02
1.7074e+02
1.7041e+02
1.6989e+02
1.6933e+02
1.6890e+02
1.6874e+02
1.6901e+02
1.6984e+02
1.7128e+02
1.7335e+02
1.7602e+02
1.7918e+02
1.8271e+02
1.8647e+02
1.9031e+02
1.9407e+02
1.9762e+02
2.0088e+02
2.0376e+02
2.0621e+02
2.0823e+02
2.0983e+02
2.1105e+02
2.1193e+02
2.1252e+02
2.1287e+02
2.1303e+02
2.1303e+02
2.1291e+02
2.1269e+02
2.1237e+02
2.1196e+02
2.1145e+02
2.1082e+02
2.1006e+02
2.0916e+02
2.0809e+02
2.0686e+02
2.0548e+02
2.0397e+02
2.0236e+02
2.0070e+02
1.9906e+02
1.9749e+02
1.9606e+02
1.9482e+02
1.9380e+02
1.9302e+02
1.9247e+02
1.9213e+02
1.9198e+02
1.9198e+02
1.9209e+02
1.9229e+02
1.9254e+02
1.9283e+02
1.9314e+02
1.9348e+02
1.9385e+02
1.9424e+02
1.9467e+02
1.9511e+02
1.9553e+02
1.9591e+02
1.9619e+02
1.9635e+02
1.9636e+02
1.9619e+02
1.9584e+02
1.9534e+02
1.9470e+02
1.9401e+02
1.9333e+02
1.9274e+02
1.9232e+02
1.9213e+02
1.9224e+02
1.9266e+02
1.9341e+02
1.9445e+02
1.9573e+02
1.9715e+02
1.9864e+02
2.0009e+02
2.0143e+02
2.0261e+02
2.0360e+02
2.0442e+02
2.0509e+02
2.0568e+02
2.0626e+02
2.0687e+02
2.0760e+02
2.0845e+02
2.0946e+02
2.1064e+02
2.1196e+02
2.1340e+02
2.1493e+02
2.1653e+02
2.1817e+02
2.1977e+02
2.2125e+02
2.2250e+02
2.2340e+02
2.2379e+02
2.2352e+02
2.2238e+02
2.2023e+02
2.1697e+02
2.1258e+02
2.0713e+02
2.0080e+02
1.9383e+02
1.8658e+02
1.7942e+02
1.7275e+02
1.6693e+02
1.6223e+02
1.5883e+02
1.5681e+02
1.5613e+02
1.5666e+02
1.5819e+02
1.6051e+02
1.6343e+02
1.6676e+02
1.7039e+02
1.7428e+02
1.7844e+02
1.8293e+02
1.8780e+02
1.9314e+02
1.9899e+02
2.0533e+02
2.1203e+02
2.1891e+02
2.2575e+02
2.3229e+02
2.3827e+02
2.4353e+02
2.4793e+02
2.5147e+02
2.5422e+02
2.5638e+02
2.5820e+02
2.6000e+02
2.6207e+02
2.6468e+02
2.6805e+02
2.7226e+02
2.7730e+02
2.8306e+02
2.8932e+02
2.9582e+02
3.0228e+02
3.0842e+02
3.1400e+02
3.1887e+02
3.2294e+02
3.2619e+02
3.2868e+02
3.3052e+02
3.3183e+02
3.3274e+02
3.3334e+02
3.3373e+02
3.3394e+02
3.3394e+02
3.3367e+02
3.3305e+02
3.3192e+02
3.3015e+02
3.2762e+02
3.2420e+02
3.1983e+02
3.1448e+02
3.0818e+02
3.0101e+02
2.9312e+02
2.8471e+02
2.7601e+02
2.6723e+02
2.5859e+02
2.5026e+02
2.4235e+02
2.3495e+02
2.2804e+02
2.2156e+02
2.1543e+02
2.0954e+02
2.0377e+02
1.9804e+02
1.9227e+02
1.8640e+02
1.8043e+02
1.7437e+02
1.6821e+02
1.6198e+02
1.5568e+02
1.4932e+02
1.4286e+02
1.3629e+02
1.2956e+02
1.2267e+02
1.1562e+02
1.0846e+02
1.0127e+02
9.4181e+01
8.7375e+01
8.1051e+01
7.5414e+01
7.0665e+01
6.7011e+01
6.4637e+01
6.3667e+01
6.4151e+01
6.6073e+01
6.9336e+01
7.3752e+01
7.9068e+01
8.4973e+01
9.1118e+01
9.7162e+01
1.0279e+02
1.0775e+02
1.1188e+02
1.1510e+02
1.1747e+02
1.1910e+02
1.2023e+02
1.2112e+02
1.2207e+02
1.2334e+02
1.2515e+02
1.2761e+02
1.3069e+02
1.3426e+02
1.3808e+02
1.4183e+02
1.4510e+02
1.4751e+02
1.4869e+02
1.4836e+02
1.4635e+02
1.4260e+02
1.3723e+02
1.3044e+02
1.2257e+02
1.1400e+02
1.0518e+02
9.6499e+01
8.8346e+01
8.1009e+01
7.4679e+01
6.9479e+01
6.5511e+01
6.2865e+01
6.1632e+01
6.1932e+01
6.3929e+01
6.7838e+01
7.3900e+01
8.2330e+01
9.3223e+01
1.0649e+02
1.2191e+02
1.3906e+02
1.5731e+02
1.7584e+02
1.9370e+02
2.0993e+02
2.2362e+02
2.3403e+02
2.4067e+02
2.4333e+02
2.4212e+02
2.3742e+02
2.2985e+02
2.2019e+02
2.0928e+02
1.9793e+02
1.8685e+02
1.7659e+02
1.6752e+02
1.5980e+02
1.5348e+02
1.4839e+02
1.4430e+02
1.4094e+02
1.3807e+02
1.3548e+02
1.3302e+02
1.3060e+02
1.2818e+02
1.2578e+02
1.2348e+02
1.2135e+02
1.1947e+02
1.1791e+02
1.1672e+02
1.1596e+02
1.1569e+02
1.1595e+02
1.1682e+02
1.1834e+02
1.2058e+02
1.2359e+02
1.2741e+02
1.3207e+02
1.3754e+02
1.4378e+02
1.5071e+02
1.5818e+02
1.6604e+02
1.7407e+02
1.8207e+02
1.8982e+02
1.9713e+02
2.0384e+02
2.0982e+02
2.1501e+02
2.1938e+02
2.2298e+02
2.2587e+02
2.2815e+02
2.2994e+02
2.3131e+02
2.3237e+02
2.3316e+02
2.3371e+02
2.3405e+02
2.3416e+02
2.3401e+02
2.3357e+02
2.3280e+02
2.3170e+02
2.3028e+02
2.2856e+02
2.2661e+02
2.2451e+02
2.2233e+02
2.2016e+02
2.1808e+02
2.1620e+02
2.1455e+02
2.1321e+02
2.1219e+02
2.1150e+02
2.1116e+02
2.1115e+02
2.1145e+02
2.1205e+02
2.1300e+02
2.1439e+02
2.1634e+02
2.1901e+02
2.2256e+02
2.2721e+02
2.3314e+02
2.4047e+02
2.4927e+02
2.5949e+02
2.7094e+02
2.8326e+02
2.9593e+02
3.0832e+02
3.1971e+02
3.2938e+02
3.3664e+02
3.4087e+02
3.4161e+02
3.3860e+02
3.3180e+02
3.2139e+02
3.0776e+02
2.9148e+02
2.7322e+02
2.5369e+02
2.3365e+02
2.1385e+02
1.9507e+02
1.7799e+02
1.6324e+02
1.5133e+02
1.4270e+02
1.3766e+02
1.3645e+02
1.3916e+02
1.4573e+02
1.5594e+02
1.6939e+02
1.8552e+02
2.0362e+02
2.2291e+02
2.4260e+02
2.6193e+02
2.8023e+02
2.9692e+02
3.1159e+02
3.2398e+02
3.3403e+02
3.4183e+02
3.4758e+02
3.5157e+02
3.5411e+02
3.5551e+02
3.5606e+02
3.5600e+02
3.5552e+02
3.5480e+02
3.5390e+02
3.5284e+02
3.5163e+02
3.5025e+02
3.4873e+02
3.4705e+02
3.4524e+02
3.4330e+02
3.4128e+02
3.3920e+02
3.3714e+02
3.3516e+02
3.3331e+02
3.3165e+02
3.3018e+02
3.2890e+02
3.2779e+02
3.2676e+02
3.2576e+02
3.2467e+02
3.2340e+02
3.2186e+02
3.1997e+02
3.1769e+02
3.1502e+02
3.1200e+02
3.0871e+02
3.0529e+02
3.0189e+02
2.9869e+02
2.9586e+02
2.9357e+02
2.9193e+02
2.9103e+02
2.9088e+02
2.9145e+02
2.9267e+02
2.9438e+02
2.9644e+02
2.9866e+02
3.0087e+02
3.0292e+02
3.0470e+02
3.0609e+02
3.0706e+02
3.0756e+02
3.0753e+02
3.0696e+02
3.0581e+02
3.0405e+02
3.0158e+02
2.9830e+02
2.9412e+02
2.8897e+02
2.8281e+02
2.7566e+02
2.6762e+02
2.5884e+02
2.4954e+02
2.4000e+02
2.3051e+02
2.2141e+02
2.1294e+02
2.0535e+02
1.9878e+02
1.9330e+02
1.8890e+02
1.8549e+02
1.8290e+02
1.8095e+02
1.7946e+02
1.7823e+02
1.7709e+02
1.7593e+02
1.7465e+02
1.7323e+02
1.7171e+02
1.7014e+02
1.6858e+02
1.6711e+02
1.6577e+02
1.6463e+02
1.6373e+02
1.6311e+02
1.6278e+02
1.6274e+02
1.6299e+02
1.6346e+02
1.6410e+02
1.6486e+02
1.6567e+02
1.6642e+02
1.6705e+02
1.6746e+02
1.6757e+02
1.6734e+02
1.6674e+02
1.6577e+02
1.6449e+02
1.6299e+02
1.6140e+02
1.5985e+02
1.5850e+02
1.5747e+02
1.5688e+02
1.5677e+02
1.5716e+02
1.5799e+02
1.5916e+02
1.6055e+02
1.6199e+02
1.6331e+02
1.6438e+02
1.6511e+02
1.6549e+02
1.6555e+02
1.6540e+02
1.6518e+02
1.6512e+02
1.6542e+02
1.6629e+02
1.6791e+02
1.7039e+02
1.7376e+02
1.7799e+02
1.8295e+02
1.8843e+02
1.9415e+02
1.9979e+02
2.0502e+02
2.0952e+02
2.1299e+02
2.1520e+02
2.1599e+02
2.1528e+02
2.1310e+02
2.0953e+02
2.0475e+02
1.9900e+02
1.9257e+02
1.8576e+02
1.7888e+02
1.7221e+02
1.6602e+02
1.6049e+02
1.5578e+02
1.5195e+02
1.4906e+02
1.4710e+02
1.4601e+02
1.4575e+02
1.4622e+02
1.4734e+02
1.4903e+02
1.5121e+02
1.5380e+02
1.5673e+02
1.5993e+02
1.6334e+02
1.6688e+02
1.7046e+02
1.7401e+02
1.7742e+02
1.8057e+02
1.8336e+02
1.8570e+02
1.8751e+02
1.8871e+02
1.8928e+02
1.8920e+02
1.8850e+02
1.8724e+02
1.8553e+02
1.8348e+02
1.8126e+02
1.7904e+02
1.7698e+02
1.7526e+02
1.7401e+02
1.7333e+02
1.7329e+02
1.7392e+02
1.7520e+02
1.7706e+02
1.7942e+02
1.8218e+02
1.8519e+02
1.8833e+02
1.9146e+02
1.9447e+02
1.9727e+02
1.9978e+02
2.0197e+02
2.0381e+02
2.0532e+02
2.0655e+02
2.0755e+02
2.0836e+02
2.0904e+02
2.0965e+02
2.1020e+02
2.1071e+02
2.1115e+02
2.1150e+02
2.1169e+02
2.1166e+02
2.1130e+02
2.1056e+02
2.0936e+02
2.0765e+02
2.0543e+02
2.0270e+02
1.9950e+02
1.9589e+02
1.9195e+02
1.8775e+02
1.8340e+02
1.7896e+02
1.7453e+02
1.7017e+02
1.6595e+02
1.6191e+02
1.5810e+02
1.5457e+02
1.5136e+02
1.4853e+02
1.4610e+02
1.4413e+02
1.4263e+02
1.4162e+02
1.4114e+02
1.4117e+02
1.4169e+02
1.4264e+02
1.4397e+02
1.4559e+02
1.4740e+02
1.4931e+02
1.5120e+02
1.5296e+02
1.5448e+02
1.5569e+02
1.5650e+02
1.5688e+02
1.5682e+02
1.5633e+02
1.5543e+02
1.5421e+02
1.5275e+02
1.5114e+02
1.4949e+02
1.4789e+02
1.4641e+02
1.4514e+02
1.4411e+02
1.4334e+02
1.4281e+02
1.4250e+02
1.4237e+02
1.4240e+02
1.4254e+02
1.4270e+02
1.4282e+02
1.4278e+02
1.4248e+02
1.4181e+02
1.4064e+02
1.3883e+02
1.3628e+02
1.3287e+02
1.2857e+02
1.2337e+02
1.1732e+02
1.1055e+02
1.0324e+02
9.5616e+01
