1.9529e+02
1.9549e+02
1.9571e+02
1.9595e+02
1.9614e+02
1.9623e+02
1.9617e+02
1.9591e+02
1.9541e+02
1.9460e+02
1.9348e+02
1.9202e+02
1.9024e+02
1.8816e+02
1.8582e+02
1.8329e+02
1.8064e+02
1.7795e+02
1.7530e+02
1.7275e+02
1.7035e+02
1.6815e+02
1.6617e+02
1.6442e+02
1.6290e+02
1.6160e+02
1.6056e+02
1.5983e+02
1.5949e+02
1.5964e+02
1.6041e+02
1.6192e+02
1.6428e+02
1.6761e+02
1.7194e+02
1.7731e+02
1.8363e+02
1.9073e+02
1.9834e+02
2.0610e+02
2.1364e+02
2.2054e+02
2.2641e+02
2.3088e+02
2.3368e+02
2.3462e+02
2.3366e+02
2.3086e+02
2.2638e+02
2.2051e+02
2.1357e+02
2.0594e+02
1.9799e+02
1.9007e+02
1.8247e+02
1.7542e+02
1.6910e+02
1.6356e+02
1.5883e+02
1.5491e+02
1.5173e+02
1.4923e+02
1.4735e+02
1.4603e+02
1.4517e+02
1.4475e+02
1.4468e+02
1.4490e+02
1.4535e+02
1.4598e+02
1.4673e+02
1.4753e+02
1.4833e+02
1.4906e+02
1.4966e+02
1.5010e+02
1.5037e+02
1.5042e+02
1.5027e+02
1.4993e+02
1.4939e+02
1.4866e+02
1.4775e+02
1.4670e+02
1.4551e+02
1.4423e+02
1.4289e+02
1.4152e+02
1.4019e+02
1.3894e+02
1.3783e+02
1.3692e+02
1.3622e+02
1.3575e+02
1.3548e+02
1.3539e+02
1.3539e+02
1.3543e+02
1.3540e+02
1.3522e+02
1.3482e+02
1.3415e+02
1.3320e+02
1.3198e+02
1.3054e+02
1.2897e+02
1.2738e+02
1.2589e+02
1.2464e+02
1.2374e+02
1.2329e+02
1.2338e+02
1.2408e+02
1.2542e+02
1.2739e+02
1.2997e+02
1.3310e+02
1.3671e+02
1.4070e+02
1.4493e+02
1.4927e+02
1.5355e+02
1.5761e+02
1.6133e+02
1.6457e+02
1.6725e+02
1.6932e+02
1.7078e+02
1.7166e+02
1.7207e+02
1.7211e+02
1.7191e+02
1.7162e+02
1.7137e+02
1.7125e+02
1.7133e+02
1.7165e+02
1.7221e+02
1.7294e+02
1.7376e+02
1.7458e+02
1.7533e+02
1.7591e+02
1.7626e+02
1.7635e+02
1.7616e+02
1.7571e+02
1.7507e+02
1.7427e+02
1.7341e+02
1.7257e+02
1.7182e+02
1.7123e+02
1.7086e+02
1.7073e+02
1.7087e+02
1.7128e+02
1.7197e+02
1.7291e+02
1.7407e+02
1.7541e+02
1.7691e+02
1.7852e+02
1.8021e+02
1.8196e+02
1.8371e+02
1.8544e+02
1.8710e+02
1.8866e+02
1.9009e+02
1.9135e+02
1.9245e+02
1.9337e+02
1.9410e+02
1.9464e+02
1.9504e+02
1.9531e+02
1.9549e+02
1.9562e+02
1.9573e+02
1.9585e+02
1.9600e+02
1.9621e+02
1.9649e+02
1.9686e+02
1.9733e+02
1.9793e+02
1.9869e+02
1.9960e+02
2.0069e+02
2.0197e+02
2.0346e+02
2.0513e+02
2.0695e+02
2.0887e+02
2.1081e+02
2.1268e+02
2.1439e+02
2.1585e+02
2.1696e+02
2.1769e+02
2.1798e+02
2.1782e+02
2.1722e+02
2.1623e+02
2.1491e+02
2.1332e+02
2.1154e+02
2.0964e+02
2.0770e+02
2.0577e+02
2.0392e+02
2.0218e+02
2.0058e+02
1.9914e+02
1.9786e+02
1.9675e+02
1.9578e+02
1.9495e+02
1.9424e+02
1.9362e+02
1.9309e+02
1.9261e+02
1.9218e+02
1.9180e+02
1.9147e+02
1.9119e+02
1.9097e+02
1.9084e+02
1.9076e+02
1.9073e+02
1.9070e+02
1.9062e+02
1.9043e+02
1.9006e+02
1.8942e+02
1.8849e+02
1.8723e+02
1.8565e+02
1.8384e+02
1.8186e+02
1.7987e+02
1.7799e+02
1.7637e+02
1.7517e+02
1.7447e+02
1.7434e+02
1.7477e+02
1.7570e+02
1.7701e+02
1.7857e+02
1.8021e+02
1.8177e+02
1.8310e+02
1.8410e+02
1.8471e+02
1.8493e+02
1.8478e+02
1.8432e+02
1.8363e+02
1.8280e+02
1.8188e+02
1.8089e+02
1.7984e+02
1.7869e+02
1.7739e+02
1.7591e+02
1.7418e+02
1.7218e+02
1.6990e+02
1.6737e+02
1.6466e+02
1.6187e+02
1.5914e+02
1.5661e+02
1.5440e+02
1.5264e+02
1.5138e+02
1.5068e+02
1.5049e+02
1.5076e+02
1.5139e+02
1.5224e+02
1.5312e+02
1.5388e+02
1.5434e+02
1.5437e+02
1.5385e+02
1.5271e+02
1.5093e+02
1.4851e+02
1.4554e+02
1.4216e+02
1.3850e+02
1.3476e+02
1.3113e+02
1.2779e+02
1.2491e+02
1.2264e+02
1.2107e+02
1.2024e+02
1.2014e+02
1.2072e+02
1.2185e+02
1.2340e+02
1.2519e+02
1.2703e+02
1.2878e+02
1.3030e+02
1.3149e+02
1.3228e+02
1.3264e+02
1.3258e+02
1.3214e+02
1.3136e+02
1.3031e+02
1.2903e+02
1.2760e+02
1.2604e+02
1.2439e+02
1.2269e+02
1.2098e+02
1.1929e+02
1.1767e+02
1.1618e+02
1.1487e+02
1.1380e+02
1.1303e+02
1.1260e+02
1.1256e+02
1.1293e+02
1.1372e+02
1.1493e+02
1.1653e+02
1.1850e+02
1.2080e+02
1.2340e+02
1.2625e+02
1.2930e+02
1.3247e+02
1.3571e+02
1.3896e+02
1.4214e+02
1.4518e+02
1.4800e+02
1.5054e+02
1.5274e+02
1.5456e+02
1.5597e+02
1.5698e+02
1.5759e+02
1.5783e+02
1.5773e+02
1.5733e+02
1.5670e+02
1.5587e+02
1.5490e+02
1.5385e+02
1.5276e+02
1.5168e+02
1.5067e+02
1.4976e+02
1.4898e+02
1.4839e+02
1.4799e+02
1.4781e+02
1.4783e+02
1.4804e+02
1.4843e+02
1.4898e+02
1.4964e+02
1.5040e+02
1.5122e+02
1.5206e+02
1.5293e+02
1.5381e+02
1.5468e+02
1.5553e+02
1.5636e+02
1.5713e+02
1.5783e+02
1.5843e+02
1.5892e+02
1.5928e+02
1.5950e+02
1.5958e+02
1.5953e+02
1.5938e+02
1.5919e+02
1.5899e+02
1.5882e+02
1.5871e+02
1.5870e+02
1.5880e+02
1.5898e+02
1.5923e+02
1.5951e+02
1.5977e+02
1.5994e+02
1.5997e+02
1.5980e+02
1.5940e+02
1.5876e+02
1.5786e+02
1.5672e+02
1.5538e+02
1.5388e+02
1.5230e+02
1.5071e+02
1.4920e+02
1.4783e+02
1.4666e+02
1.4575e+02
1.4512e+02
1.4478e+02
1.4474e+02
1.4496e+02
1.4540e+02
1.4603e+02
1.4678e+02
1.4761e+02
1.4848e+02
1.4934e+02
1.5019e+02
1.5102e+02
1.5183e+02
1.5263e+02
1.5343e+02
1.5423e+02
1.5506e+02
1.5592e+02
1.5680e+02
1.5769e+02
1.5857e+02
1.5942e+02
1.6020e+02
1.6089e+02
1.6144e+02
1.6184e+02
1.6204e+02
1.6203e+02
1.6180e+02
1.6137e+02
1.6073e+02
1.5989e+02
1.5890e+02
1.5777e+02
1.5653e+02
1.5520e+02
1.5380e+02
1.5238e+02
1.5096e+02
1.4956e+02
1.4822e+02
1.4698e+02
1.4588e+02
1.4497e+02
1.4428e+02
1.4387e+02
1.4376e+02
1.4396e+02
1.4448e+02
1.4527e+02
1.4632e+02
1.4757e+02
1.4895e+02
1.5040e+02
1.5183e+02
1.5319e+02
1.5442e+02
1.5548e+02
1.5632e+02
1.5693e+02
1.5729e+02
1.5736e+02
1.5715e+02
1.5662e+02
1.5576e+02
1.5457e+02
1.5305e+02
1.5120e+02
1.4907e+02
1.4668e+02
1.4410e+02
1.4140e+02
1.3865e+02
1.3592e+02
1.3327e+02
1.3077e+02
1.2845e+02
1.2634e+02
1.2444e+02
1.2275e+02
1.2126e+02
1.1994e+02
1.1878e+02
1.1777e+02
1.1690e+02
1.1617e+02
1.1558e+02
1.1514e+02
1.1485e+02
1.1470e+02
1.1468e+02
1.1479e+02
1.1500e+02
1.1527e+02
1.1557e+02
1.1586e+02
1.1610e+02
1.1622e+02
1.1617e+02
1.1592e+02
1.1540e+02
1.1460e+02
1.1346e+02
1.1197e+02
1.1012e+02
1.0793e+02
1.0542e+02
1.0260e+02
9.9558e+01
9.6332e+01
9.2972e+01
8.9493e+01
8.5914e+01
8.2217e+01
7.8380e+01
7.4369e+01
7.0120e+01
6.5582e+01
6.0706e+01
5.5484e+01
4.9928e+01
4.4095e+01
3.8081e+01
3.2015e+01
2.6076e+01
2.0429e+01
1.5243e+01
1.0665e+01
6.8411e+00
3.8529e+00
1.7296e+00
4.6547e-01
0000
2.4723e-01
1.0798e+00
2.3658e+00
3.9498e+00
5.7018e+00
7.4998e+00
9.2265e+00
1.0804e+01
1.2179e+01
1.3343e+01
1.4283e+01
1.5038e+01
1.5661e+01
1.6223e+01
1.6824e+01
1.7554e+01
1.8525e+01
1.9828e+01
2.1549e+01
2.3735e+01
2.6419e+01
2.9591e+01
3.3189e+01
3.7123e+01
4.1265e+01
4.5486e+01
4.9627e+01
5.3551e+01
5.7135e+01
6.0290e+01
6.2971e+01
6.5172e+01
6.6938e+01
6.8324e+01
6.9430e+01
7.0349e+01
7.1178e+01
7.2001e+01
7.2870e+01
7.3817e+01
7.4844e+01
7.5955e+01
7.7116e+01
7.8293e+01
7.9453e+01
8.0570e+01
8.1648e+01
8.2692e+01
8.3732e+01
8.4785e+01
8.5892e+01
8.7076e+01
8.8365e+01
8.9780e+01
9.1324e+01
9.2998e+01
9.4772e+01
9.6628e+01
9.8529e+01
1.0044e+02
1.0234e+02
1.0417e+02
1.0590e+02
1.0750e+02
1.0894e+02
1.1022e+02
1.1133e+02
1.1231e+02
1.1317e+02
1.1397e+02
1.1476e+02
1.1559e+02
1.1652e+02
1.1761e+02
1.1888e+02
1.2035e+02
1.2202e+02
1.2385e+02
1.2581e+02
1.2782e+02
1.2984e+02
1.3181e+02
1.3368e+02
1.3541e+02
1.3697e+02
1.3837e+02
1.3962e+02
1.4074e+02
1.4176e+02
1.4272e+02
1.4367e+02
1.4463e+02
1.4565e+02
1.4672e+02
1.4785e+02
1.4902e+02
1.5017e+02
1.5125e+02
1.5218e+02
1.5288e+02
1.5324e+02
1.5320e+02
1.5268e+02
1.5166e+02
1.5012e+02
1.4809e+02
1.4564e+02
1.4284e+02
1.3982e+02
1.3670e+02
1.3363e+02
1.3071e+02
1.2810e+02
1.2588e+02
1.2416e+02
1.2302e+02
1.2250e+02
1.2265e+02
1.2343e+02
1.2484e+02
1.2680e+02
1.2921e+02
1.3195e+02
1.3486e+02
1.3780e+02
1.4061e+02
1.4317e+02
1.4539e+02
1.4720e+02
1.4855e+02
1.4945e+02
1.4995e+02
1.5008e+02
1.4991e+02
1.4948e+02
1.4889e+02
1.4822e+02
1.4755e+02
1.4700e+02
1.4674e+02
1.4695e+02
1.4784e+02
1.4965e+02
1.5261e+02
1.5692e+02
1.6266e+02
1.6984e+02
1.7838e+02
1.8804e+02
1.9853e+02
2.0944e+02
2.2032e+02
2.3071e+02
2.4017e+02
2.4837e+02
2.5507e+02
2.6015e+02
2.6360e+02
2.6552e+02
2.6610e+02
2.6557e+02
2.6415e+02
2.6208e+02
2.5954e+02
2.5667e+02
2.5355e+02
2.5021e+02
2.4662e+02
2.4275e+02
2.3856e+02
2.3399e+02
2.2900e+02
2.2359e+02
2.1773e+02
2.1145e+02
2.0477e+02
1.9778e+02
1.9059e+02
1.8332e+02
1.7611e+02
1.6914e+02
1.6260e+02
1.5669e+02
1.5165e+02
1.4768e+02
1.4496e+02
1.4358e+02
1.4358e+02
1.4491e+02
1.4740e+02
1.5082e+02
1.5488e+02
1.5922e+02
1.6346e+02
1.6724e+02
1.7025e+02
1.7226e+02
1.7314e+02
1.7285e+02
1.7147e+02
1.6915e+02
1.6611e+02
1.6262e+02
1.5894e+02
1.5533e+02
1.5198e+02
1.4907e+02
1.4669e+02
1.4488e+02
1.4361e+02
1.4280e+02
1.4236e+02
1.4216e+02
1.4209e+02
1.4203e+02
1.4186e+02
1.4149e+02
1.4086e+02
1.3993e+02
1.3870e+02
1.3720e+02
1.3545e+02
1.3352e+02
1.3147e+02
1.2939e+02
1.2736e+02
1.2549e+02
1.2383e+02
1.2245e+02
1.2139e+02
1.2066e+02
1.2027e+02
1.2019e+02
1.2037e+02
1.2076e+02
1.2131e+02
1.2196e+02
1.2265e+02
1.2335e+02
1.2402e+02
1.2464e+02
1.2521e+02
1.2577e+02
1.2633e+02
1.2690e+02
1.2749e+02
1.2810e+02
1.2873e+02
1.2935e+02
1.2994e+02
1.3042e+02
1.3072e+02
1.3080e+02
1.3056e+02
1.2998e+02
1.2900e+02
1.2762e+02
1.2584e+02
1.2371e+02
1.2127e+02
1.1862e+02
1.1585e+02
1.1306e+02
1.1037e+02
1.0789e+02
1.0570e+02
1.0386e+02
1.0243e+02
1.0142e+02
1.0083e+02
1.0063e+02
1.0079e+02
1.0125e+02
1.0194e+02
1.0281e+02
1.0379e+02
1.0484e+02
1.0595e+02
1.0706e+02
1.0818e+02
1.0929e+02
1.1038e+02
1.1147e+02
1.1253e+02
1.1358e+02
1.1459e+02
1.1555e+02
1.1642e+02
1.1718e+02
1.1782e+02
1.1835e+02
1.1880e+02
1.1921e+02
1.1965e+02
1.2020e+02
1.2093e+02
1.2190e+02
1.2316e+02
1.2472e+02
1.2657e+02
1.2864e+02
1.3082e+02
1.3296e+02
1.3493e+02
1.3656e+02
1.3773e+02
1.3834e+02
1.3833e+02
1.3766e+02
1.3638e+02
1.3451e+02
1.3216e+02
1.2941e+02
1.2636e+02
1.2311e+02
1.1970e+02
1.1622e+02
1.1271e+02
1.0923e+02
1.0583e+02
1.0254e+02
9.9404e+01
9.6471e+01
9.3788e+01
9.1374e+01
8.9262e+01
8.7473e+01
8.6046e+01
8.5018e+01
8.4420e+01
8.4303e+01
8.4725e+01
8.5772e+01
8.7506e+01
8.9993e+01
9.3278e+01
9.7387e+01
1.0231e+02
1.0796e+02
1.1424e+02
1.2097e+02
1.2798e+02
1.3503e+02
1.4189e+02
1.4836e+02
1.5424e+02
1.5941e+02
1.6377e+02
1.6727e+02
1.6992e+02
1.7179e+02
1.7295e+02
1.7353e+02
1.7365e+02
1.7343e+02
1.7301e+02
1.7247e+02
1.7188e+02
1.7129e+02
1.7071e+02
1.7011e+02
1.6945e+02
1.6867e+02
1.6772e+02
1.6654e+02
1.6510e+02
1.6338e+02
1.6137e+02
1.5910e+02
1.5661e+02
1.5396e+02
1.5123e+02
1.4849e+02
1.4581e+02
1.4323e+02
1.4079e+02
1.3850e+02
1.3634e+02
1.3428e+02
1.3227e+02
1.3026e+02
1.2821e+02
1.2607e+02
1.2382e+02
1.2143e+02
1.1890e+02
1.1625e+02
1.1353e+02
1.1076e+02
1.0802e+02
1.0534e+02
1.0277e+02
1.0036e+02
9.8138e+01
9.6128e+01
9.4332e+01
9.2770e+01
9.1440e+01
9.0332e+01
8.9446e+01
8.8780e+01
8.8334e+01
8.8098e+01
8.8083e+01
8.8280e+01
8.8685e+01
8.9292e+01
9.0085e+01
9.1039e+01
9.2114e+01
9.3284e+01
9.4493e+01
9.5694e+01
9.6836e+01
9.7876e+01
9.8774e+01
9.9500e+01
1.0004e+02
1.0038e+02
1.0052e+02
1.0049e+02
1.0031e+02
1.0003e+02
9.9680e+01
9.9323e+01
9.8991e+01
9.8733e+01
9.8562e+01
9.8496e+01
9.8544e+01
9.8694e+01
9.8913e+01
9.9159e+01
9.9392e+01
9.9538e+01
9.9548e+01
9.9361e+01
9.8937e+01
9.8243e+01
9.7270e+01
9.6039e+01
9.4572e+01
9.2933e+01
9.1181e+01
8.9399e+01
8.7661e+01
8.6035e+01
8.4579e+01
8.3324e+01
8.2300e+01
8.1508e+01
8.0948e+01
8.0585e+01
8.0394e+01
8.0355e+01
8.0443e+01
8.0655e+01
8.0986e+01
8.1457e+01
8.2081e+01
8.2871e+01
8.3828e+01
8.4947e+01
8.6216e+01
8.7601e+01
8.9064e+01
9.0546e+01
9.2006e+01
9.3389e+01
9.4670e+01
9.5844e+01
9.6923e+01
9.7955e+01
9.8988e+01
1.0009e+02
1.0133e+02
1.0278e+02
1.0449e+02
1.0647e+02
1.0874e+02
1.1124e+02
1.1392e+02
1.1670e+02
1.1950e+02
1.2222e+02
1.2478e+02
1.2715e+02
1.2928e+02
1.3119e+02
1.3290e+02
1.3445e+02
1.3588e+02
1.3727e+02
1.3866e+02
1.4010e+02
1.4163e+02
1.4323e+02
1.4493e+02
1.4669e+02
1.4849e+02
1.5031e+02
1.5214e+02
1.5395e+02
1.5573e+02
1.5748e+02
1.5920e+02
1.6092e+02
1.6263e+02
1.6434e+02
1.6607e+02
1.6780e+02
1.6955e+02
1.7129e+02
1.7303e+02
1.7476e+02
1.7649e+02
1.7821e+02
1.7992e+02
1.8162e+02
1.8327e+02
1.8485e+02
1.8632e+02
1.8764e+02
1.8876e+02
1.8961e+02
1.9013e+02
1.9027e+02
1.8998e+02
1.8927e+02
1.8815e+02
1.8666e+02
1.8486e+02
1.8283e+02
1.8068e+02
1.7849e+02
1.7634e+02
1.7433e+02
1.7250e+02
1.7089e+02
1.6954e+02
1.6844e+02
1.6761e+02
1.6703e+02
1.6670e+02
1.6661e+02
1.6678e+02
1.6720e+02
1.6786e+02
1.6878e+02
1.6994e+02
1.7136e+02
1.7300e+02
1.7486e+02
1.7689e+02
1.7904e+02
1.8127e+02
1.8350e+02
1.8564e+02
1.8760e+02
1.8926e+02
1.9050e+02
1.9125e+02
1.9140e+02
1.9092e+02
1.8978e+02
1.8803e+02
1.8578e+02
1.8315e+02
1.8035e+02
1.7757e+02
1.7504e+02
1.7293e+02
1.7139e+02
1.7053e+02
1.7035e+02
1.7079e+02
1.7174e+02
1.7303e+02
1.7447e+02
1.7589e+02
1.7711e+02
1.7800e+02
1.7853e+02
1.7868e+02
1.7852e+02
1.7814e+02
1.7767e+02
1.7724e+02
1.7698e+02
1.7699e+02
1.7732e+02
1.7801e+02
1.7905e+02
1.8043e+02
1.8210e+02
1.8401e+02
1.8613e+02
1.8843e+02
1.9088e+02
1.9346e+02
1.9614e+02
1.9889e+02
2.0167e+02
2.0440e+02
2.0701e+02
2.0941e+02
2.1154e+02
2.1331e+02
2.1468e+02
2.1566e+02
2.1622e+02
2.1638e+02
2.1617e+02
2.1560e+02
2.1470e+02
2.1347e+02
2.1190e+02
2.0994e+02
2.0756e+02
2.0469e+02
2.0132e+02
1.9746e+02
1.9311e+02
1.8836e+02
1.8331e+02
1.7807e+02
1.7279e+02
1.6759e+02
1.6260e+02
1.5790e+02
1.5353e+02
1.4948e+02
1.4575e+02
1.4226e+02
1.3895e+02
1.3574e+02
1.3257e+02
1.2940e+02
1.2619e+02
1.2295e+02
1.1968e+02
1.1641e+02
1.1321e+02
1.1013e+02
1.0724e+02
1.0458e+02
1.0219e+02
1.0010e+02
9.8318e+01
9.6855e+01
9.5707e+01
9.4856e+01
9.4270e+01
9.3929e+01
9.3797e+01
9.3864e+01
9.4102e+01
9.4510e+01
9.5079e+01
9.5811e+01
9.6718e+01
9.7809e+01
9.9108e+01
1.0061e+02
1.0231e+02
1.0421e+02
1.0628e+02
1.0851e+02
1.1086e+02
1.1327e+02
1.1570e+02
1.1808e+02
1.2035e+02
1.2245e+02
1.2431e+02
1.2587e+02
1.2708e+02
1.2789e+02
1.2829e+02
1.2827e+02
1.2787e+02
1.2712e+02
1.2610e+02
1.2487e+02
1.2352e+02
1.2213e+02
1.2076e+02
1.1947e+02
1.1828e+02
1.1720e+02
1.1623e+02
1.1531e+02
1.1440e+02
1.1343e+02
1.1235e+02
1.1112e+02
1.0973e+02
1.0816e+02
1.0647e+02
1.0473e+02
1.0305e+02
1.0156e+02
1.0038e+02
9.9672e+01
9.9529e+01
1.0004e+02
1.0127e+02
1.0323e+02
1.0592e+02
1.0926e+02
1.1318e+02
1.1757e+02
1.2235e+02
1.2739e+02
1.3260e+02
1.3788e+02
1.4309e+02
1.4813e+02
1.5285e+02
1.5710e+02
1.6073e+02
1.6359e+02
1.6550e+02
1.6636e+02
1.6606e+02
1.6460e+02
1.6202e+02
1.5841e+02
1.5396e+02
1.4886e+02
1.4335e+02
1.3770e+02
1.3214e+02
1.2688e+02
1.2208e+02
1.1786e+02
1.1430e+02
1.1142e+02
1.0917e+02
1.0750e+02
1.0635e+02
1.0561e+02
1.0520e+02
1.0501e+02
1.0495e+02
1.0493e+02
1.0486e+02
1.0468e+02
1.0433e+02
1.0379e+02
1.0305e+02
1.0210e+02
1.0100e+02
9.9802e+01
9.8598e+01
9.7483e+01
9.6566e+01
9.5935e+01
9.5683e+01
9.5858e+01
9.6489e+01
9.7544e+01
9.8953e+01
1.0061e+02
1.0239e+02
1.0416e+02
1.0575e+02
1.0703e+02
1.0789e+02
1.0824e+02
1.0806e+02
1.0732e+02
1.0607e+02
1.0438e+02
1.0232e+02
9.9992e+01
9.7479e+01
9.4862e+01
9.2207e+01
8.9567e+01
8.6963e+01
8.4437e+01
8.2001e+01
7.9691e+01
7.7540e+01
7.5592e+01
7.3889e+01
7.2464e+01
7.1363e+01
7.0596e+01
7.0170e+01
7.0058e+01
7.0239e+01
7.0669e+01
7.1287e+01
7.2026e+01
7.2797e+01
7.3543e+01
7.4195e+01
7.4710e+01
7.5044e+01
7.5163e+01
7.5048e+01
7.4670e+01
7.4025e+01
7.3091e+01
7.1884e+01
7.0412e+01
6.8710e+01
6.6825e+01
6.4814e+01
6.2754e+01
6.0712e+01
5.8780e+01
5.7023e+01
5.5502e+01
5.4245e+01
5.3267e+01
5.2568e+01
5.2112e+01
5.1866e+01
5.1774e+01
5.1804e+01
5.1909e+01
5.2060e+01
5.2243e+01
5.2453e+01
5.2714e+01
5.3039e+01
5.3452e+01
5.3955e+01
5.4560e+01
5.5262e+01
5.6045e+01
5.6888e+01
5.7758e+01
5.8636e+01
5.9484e+01
6.0290e+01
6.1043e+01
6.1750e+01
6.2431e+01
6.3112e+01
6.3829e+01
6.4595e+01
6.5435e+01
6.6339e+01
6.7295e+01
6.8272e+01
6.9225e+01
7.0102e+01
7.0830e+01
7.1354e+01
7.1596e+01
7.1522e+01
7.1104e+01
7.0335e+01
6.9239e+01
6.7842e+01
6.6203e+01
6.4377e+01
6.2438e+01
6.0439e+01
5.8442e+01
5.6487e+01
5.4599e+01
5.2813e+01
5.1137e+01
4.9592e+01
4.8179e+01
4.6916e+01
4.5811e+01
4.4905e+01
4.4254e+01
4.3909e+01
4.3948e+01
4.4440e+01
4.5470e+01
4.7090e+01
4.9339e+01
5.2218e+01
5.5689e+01
5.9697e+01
6.4135e+01
6.8880e+01
7.3761e+01
7.8621e+01
8.3298e+01
8.7650e+01
9.1569e+01
9.4970e+01
9.7835e+01
1.0017e+02
1.0203e+02
1.0350e+02
1.0467e+02
1.0566e+02
1.0657e+02
1.0749e+02
1.0850e+02
1.0965e+02
1.1096e+02
1.1245e+02
1.1412e+02
1.1592e+02
1.1782e+02
1.1977e+02
1.2172e+02
1.2363e+02
1.2545e+02
1.2717e+02
1.2877e+02
1.3025e+02
1.3162e+02
1.3294e+02
1.3425e+02
1.3562e+02
1.3709e+02
1.3871e+02
1.4049e+02
1.4244e+02
1.4454e+02
1.4670e+02
1.4886e+02
1.5091e+02
1.5276e+02
1.5431e+02
1.5551e+02
1.5633e+02
1.5677e+02
1.5688e+02
1.5672e+02
1.5642e+02
1.5605e+02
1.5574e+02
1.5558e+02
1.5564e+02
1.5597e+02
1.5656e+02
1.5741e+02
1.5848e+02
1.5970e+02
1.6101e+02
1.6234e+02
1.6362e+02
1.6481e+02
1.6587e+02
1.6674e+02
1.6744e+02
1.6793e+02
1.6824e+02
1.6837e+02
1.6833e+02
1.6812e+02
1.6774e+02
1.6721e+02
1.6652e+02
1.6566e+02
1.6463e+02
1.6344e+02
1.6210e+02
1.6060e+02
1.5897e+02
1.5724e+02
1.5545e+02
1.5365e+02
1.5192e+02
1.5034e+02
1.4900e+02
1.4801e+02
1.4743e+02
1.4738e+02
1.4790e+02
1.4905e+02
1.5082e+02
1.5317e+02
1.5606e+02
1.5935e+02
1.6293e+02
1.6664e+02
1.7031e+02
1.7376e+02
1.7686e+02
1.7947e+02
1.8151e+02
1.8292e+02
1.8371e+02
1.8390e+02
1.8354e+02
1.8270e+02
1.8146e+02
1.7992e+02
1.7816e+02
1.7625e+02
1.7427e+02
1.7227e+02
1.7030e+02
1.6840e+02
1.6660e+02
1.6494e+02
1.6343e+02
1.6208e+02
1.6089e+02
1.5985e+02
1.5896e+02
1.5820e+02
1.5754e+02
1.5696e+02
1.5644e+02
1.5594e+02
1.5548e+02
1.5503e+02
1.5462e+02
1.5425e+02
1.5392e+02
1.5365e+02
1.5341e+02
1.5320e+02
1.5299e+02
1.5275e+02
1.5245e+02
1.5207e+02
1.5158e+02
1.5096e+02
1.5022e+02
1.4938e+02
1.4850e+02
1.4760e+02
1.4675e+02
1.4600e+02
1.4540e+02
1.4497e+02
1.4471e+02
1.4461e+02
1.4461e+02
1.4467e+02
1.4472e+02
1.4467e+02
1.4445e+02
1.4401e+02
1.4330e+02
1.4231e+02
1.4106e+02
1.3958e+02
1.3792e+02
1.3617e+02
1.3441e+02
1.3273e+02
1.3119e+02
1.2986e+02
1.2876e+02
1.2793e+02
1.2735e+02
1.2702e+02
1.2689e+02
1.2692e+02
1.2710e+02
1.2739e+02
1.2778e+02
1.2827e+02
1.2888e+02
1.2962e+02
1.3052e+02
1.3164e+02
1.3300e+02
1.3464e+02
1.3655e+02
1.3874e+02
1.4117e+02
1.4381e+02
1.4658e+02
1.4942e+02
1.5222e+02
1.5487e+02
1.5728e+02
1.5935e+02
1.6098e+02
1.6210e+02
1.6264e+02
1.6257e+02
1.6189e+02
1.6064e+02
1.5887e+02
1.5667e+02
1.5412e+02
1.5131e+02
1.4830e+02
1.4513e+02
1.4183e+02
1.3838e+02
1.3477e+02
1.3092e+02
1.2679e+02
1.2231e+02
1.1744e+02
1.1217e+02
1.0652e+02
1.0059e+02
9.4451e+01
8.8252e+01
8.2124e+01
7.6213e+01
7.0652e+01
6.5537e+01
6.0936e+01
5.6863e+01
5.3318e+01
5.0253e+01
4.7618e+01
4.5345e+01
4.3364e+01
4.1609e+01
4.0018e+01
3.8557e+01
3.7175e+01
3.5855e+01
3.4586e+01
3.3378e+01
3.2238e+01
3.1169e+01
3.0195e+01
2.9326e+01
2.8599e+01
2.8065e+01
2.7821e+01
2.7964e+01
2.8603e+01
2.9856e+01
3.1825e+01
3.4617e+01
3.8292e+01
4.2887e+01
4.8368e+01
5.4653e+01
6.1606e+01
6.9035e+01
7.6713e+01
8.4375e+01
9.1777e+01
9.8669e+01
1.0486e+02
1.1019e+02
1.1457e+02
1.1798e+02
1.2044e+02
1.2205e+02
1.2294e+02
1.2325e+02
1.2309e+02
1.2259e+02
1.2183e+02
1.2088e+02
1.1979e+02
1.1855e+02
1.1716e+02
1.1558e+02
1.1380e+02
1.1180e+02
1.0961e+02
1.0734e+02
1.0510e+02
1.0304e+02
1.0136e+02
1.0025e+02
9.9906e+01
1.0050e+02
1.0218e+02
1.0502e+02
1.0905e+02
1.1421e+02
1.2037e+02
1.2735e+02
1.3491e+02
1.4280e+02
1.5075e+02
1.5851e+02
1.6584e+02
1.7256e+02
1.7851e+02
1.8365e+02
1.8792e+02
1.9135e+02
1.9398e+02
1.9586e+02
1.9709e+02
1.9776e+02
1.9798e+02
1.9784e+02
1.9743e+02
1.9685e+02
1.9614e+02
1.9534e+02
1.9448e+02
1.9360e+02
1.9273e+02
1.9187e+02
1.9103e+02
1.9024e+02
1.8949e+02
1.8879e+02
1.8817e+02
1.8764e+02
1.8725e+02
1.8702e+02
1.8694e+02
1.8698e+02
1.8706e+02
1.8709e+02
1.8693e+02
1.8644e+02
1.8546e+02
1.8381e+02
1.8135e+02
1.7797e+02
1.7359e+02
1.6823e+02
1.6193e+02
1.5483e+02
1.4711e+02
1.3898e+02
1.3068e+02
1.2246e+02
1.1455e+02
1.0716e+02
1.0045e+02
9.4522e+01
8.9436e+01
8.5212e+01
8.1816e+01
7.9189e+01
7.7255e+01
7.5903e+01
7.5029e+01
7.4506e+01
7.4224e+01
7.4077e+01
7.4002e+01
7.3956e+01
7.3894e+01
7.3798e+01
7.3651e+01
7.3468e+01
7.3249e+01
7.3025e+01
7.2822e+01
7.2657e+01
7.2544e+01
7.2481e+01
7.2472e+01
7.2498e+01
7.2550e+01
7.2604e+01
7.2652e+01
7.2683e+01
7.2678e+01
7.2631e+01
7.2526e+01
7.2368e+01
7.2138e+01
7.1831e+01
7.1424e+01
7.0891e+01
7.0226e+01
6.9411e+01
6.8444e+01
6.7309e+01
6.6025e+01
6.4591e+01
6.3028e+01
6.1372e+01
5.9641e+01
5.7863e+01
5.6057e+01
5.4270e+01
5.2505e+01
5.0778e+01
4.9109e+01
4.7526e+01
4.6088e+01
4.4860e+01
4.3938e+01
4.3415e+01
4.3417e+01
4.4047e+01
4.5403e+01
4.7561e+01
5.0543e+01
5.4316e+01
5.8756e+01
6.3701e+01
6.8919e+01
7.4148e+01
7.9118e+01
8.3573e+01
8.7304e+01
9.0162e+01
9.2100e+01
9.3125e+01
9.3356e+01
9.2978e+01
9.2225e+01
9.1348e+01
9.0584e+01
9.0140e+01
9.0127e+01
9.0635e+01
9.1665e+01
9.3155e+01
9.4982e+01
9.6983e+01
9.8992e+01
1.0083e+02
1.0235e+02
1.0343e+02
1.0400e+02
1.0400e+02
1.0340e+02
1.0220e+02
1.0044e+02
9.8149e+01
9.5371e+01
9.2155e+01
8.8540e+01
8.4571e+01
8.0279e+01
7.5696e+01
7.0866e+01
6.5822e+01
6.0628e+01
5.5319e+01
4.9952e+01
4.4587e+01
3.9293e+01
3.4168e+01
2.9322e+01
2.4901e+01
2.1035e+01
1.7880e+01
1.5587e+01
1.4306e+01
1.4157e+01
1.5227e+01
1.7571e+01
2.1170e+01
2.5969e+01
3.1822e+01
3.8546e+01
4.5909e+01
5.3648e+01
6.1496e+01
6.9183e+01
7.6483e+01
8.3197e+01
8.9207e+01
9.4440e+01
9.8884e+01
1.0258e+02
1.0559e+02
1.0803e+02
1.1002e+02
1.1172e+02
1.1328e+02
1.1486e+02
1.1661e+02
1.1864e+02
1.2107e+02
1.2397e+02
1.2741e+02
1.3141e+02
1.3596e+02
1.4100e+02
1.4645e+02
1.5216e+02
1.5799e+02
