2.4650e+02
2.4899e+02
2.5236e+02
2.5677e+02
2.6234e+02
2.6913e+02
2.7718e+02
2.8642e+02
2.9673e+02
3.0789e+02
3.1964e+02
3.3166e+02
3.4362e+02
3.5519e+02
3.6607e+02
3.7600e+02
3.8482e+02
3.9241e+02
3.9876e+02
4.0390e+02
4.0793e+02
4.1096e+02
4.1313e+02
4.1459e+02
4.1548e+02
4.1593e+02
4.1605e+02
4.1597e+02
4.1577e+02
4.1557e+02
4.1546e+02
4.1556e+02
4.1597e+02
4.1680e+02
4.1813e+02
4.2002e+02
4.2248e+02
4.2550e+02
4.2899e+02
4.3285e+02
4.3693e+02
4.4107e+02
4.4511e+02
4.4887e+02
4.5222e+02
4.5508e+02
4.5738e+02
4.5911e+02
4.6030e+02
4.6100e+02
4.6129e+02
4.6125e+02
4.6095e+02
4.6045e+02
4.5977e+02
4.5892e+02
4.5784e+02
4.5647e+02
4.5472e+02
4.5253e+02
4.4982e+02
4.4655e+02
4.4269e+02
4.3828e+02
4.3336e+02
4.2799e+02
4.2229e+02
4.1635e+02
4.1029e+02
4.0421e+02
3.9818e+02
3.9229e+02
3.8656e+02
3.8105e+02
3.7578e+02
3.7074e+02
3.6594e+02
3.6138e+02
3.5706e+02
3.5297e+02
3.4910e+02
3.4544e+02
3.4195e+02
3.3860e+02
3.3536e+02
3.3216e+02
3.2892e+02
3.2556e+02
3.2200e+02
3.1815e+02
3.1395e+02
3.0934e+02
3.0430e+02
2.9883e+02
2.9301e+02
2.8693e+02
2.8078e+02
2.7474e+02
2.6904e+02
2.6391e+02
2.5956e+02
2.5617e+02
2.5387e+02
2.5272e+02
2.5265e+02
2.5354e+02
2.5516e+02
2.5723e+02
2.5943e+02
2.6143e+02
2.6292e+02
2.6363e+02
2.6338e+02
2.6208e+02
2.5972e+02
2.5636e+02
2.5216e+02
2.4732e+02
2.4206e+02
2.3660e+02
2.3114e+02
2.2584e+02
2.2081e+02
2.1612e+02
2.1181e+02
2.0784e+02
2.0420e+02
2.0082e+02
1.9768e+02
1.9472e+02
1.9194e+02
1.8932e+02
1.8686e+02
1.8456e+02
1.8242e+02
1.8045e+02
1.7867e+02
1.7711e+02
1.7579e+02
1.7477e+02
1.7410e+02
1.7385e+02
1.7409e+02
1.7490e+02
1.7635e+02
1.7849e+02
1.8134e+02
1.8488e+02
1.8905e+02
1.9375e+02
1.9884e+02
2.0417e+02
2.0956e+02
2.1485e+02
2.1986e+02
2.2449e+02
2.2861e+02
2.3219e+02
2.3521e+02
2.3767e+02
2.3962e+02
2.4114e+02
2.4228e+02
2.4313e+02
2.4376e+02
2.4426e+02
2.4469e+02
2.4510e+02
2.4553e+02
2.4602e+02
2.4656e+02
2.4719e+02
2.4789e+02
2.4866e+02
2.4949e+02
2.5036e+02
2.5126e+02
2.5215e+02
2.5303e+02
2.5388e+02
2.5468e+02
2.5545e+02
2.5616e+02
2.5678e+02
2.5727e+02
2.5758e+02
2.5765e+02
2.5742e+02
2.5681e+02
2.5576e+02
2.5422e+02
2.5216e+02
2.4958e+02
2.4651e+02
2.4302e+02
2.3922e+02
2.3521e+02
2.3114e+02
2.2713e+02
2.2332e+02
2.1981e+02
2.1669e+02
2.1402e+02
2.1182e+02
2.1010e+02
2.0887e+02
2.0811e+02
2.0781e+02
2.0796e+02
2.0854e+02
2.0955e+02
2.1096e+02
2.1276e+02
2.1491e+02
2.1742e+02
2.2029e+02
2.2351e+02
2.2708e+02
2.3101e+02
2.3532e+02
2.4004e+02
2.4521e+02
2.5086e+02
2.5699e+02
2.6360e+02
2.7063e+02
2.7801e+02
2.8564e+02
2.9337e+02
3.0105e+02
3.0850e+02
3.1557e+02
3.2211e+02
3.2803e+02
3.3326e+02
3.3777e+02
3.4156e+02
3.4469e+02
3.4717e+02
3.4906e+02
3.5039e+02
3.5120e+02
3.5151e+02
3.5131e+02
3.5061e+02
3.4937e+02
3.4760e+02
3.4530e+02
3.4248e+02
3.3922e+02
3.3559e+02
3.3170e+02
3.2765e+02
3.2361e+02
3.1974e+02
3.1620e+02
3.1315e+02
3.1073e+02
3.0906e+02
3.0826e+02
3.0840e+02
3.0954e+02
3.1168e+02
3.1478e+02
3.1874e+02
3.2345e+02
3.2871e+02
3.3429e+02
3.3990e+02
3.4528e+02
3.5018e+02
3.5432e+02
3.5750e+02
3.5955e+02
3.6036e+02
3.5993e+02
3.5829e+02
3.5558e+02
3.5197e+02
3.4769e+02
3.4297e+02
3.3808e+02
3.3328e+02
3.2878e+02
3.2476e+02
3.2134e+02
3.1863e+02
3.1665e+02
3.1543e+02
3.1491e+02
3.1506e+02
3.1583e+02
3.1718e+02
3.1908e+02
3.2151e+02
3.2448e+02
3.2797e+02
3.3202e+02
3.3665e+02
3.4188e+02
3.4767e+02
3.5396e+02
3.6069e+02
3.6772e+02
3.7491e+02
3.8209e+02
3.8910e+02
3.9578e+02
4.0196e+02
4.0751e+02
4.1230e+02
4.1627e+02
4.1933e+02
4.2146e+02
4.2265e+02
4.2294e+02
4.2238e+02
4.2107e+02
4.1913e+02
4.1671e+02
4.1401e+02
4.1122e+02
4.0854e+02
4.0615e+02
4.0419e+02
4.0279e+02
4.0201e+02
4.0186e+02
4.0230e+02
4.0322e+02
4.0452e+02
4.0602e+02
4.0760e+02
4.0913e+02
4.1051e+02
4.1166e+02
4.1257e+02
4.1320e+02
4.1359e+02
4.1377e+02
4.1377e+02
4.1364e+02
4.1341e+02
4.1312e+02
4.1278e+02
4.1241e+02
4.1201e+02
4.1157e+02
4.1110e+02
4.1058e+02
4.1003e+02
4.0942e+02
4.0875e+02
4.0800e+02
4.0716e+02
4.0620e+02
4.0510e+02
4.0384e+02
4.0240e+02
4.0077e+02
3.9893e+02
3.9689e+02
3.9466e+02
3.9226e+02
3.8972e+02
3.8708e+02
3.8438e+02
3.8169e+02
3.7905e+02
3.7653e+02
3.7419e+02
3.7206e+02
3.7020e+02
3.6864e+02
3.6738e+02
3.6644e+02
3.6578e+02
3.6539e+02
3.6523e+02
3.6524e+02
3.6535e+02
3.6549e+02
3.6560e+02
3.6560e+02
3.6544e+02
3.6505e+02
3.6439e+02
3.6343e+02
3.6211e+02
3.6043e+02
3.5836e+02
3.5592e+02
3.5311e+02
3.4995e+02
3.4646e+02
3.4269e+02
3.3869e+02
3.3452e+02
3.3027e+02
3.2602e+02
3.2185e+02
3.1788e+02
3.1419e+02
3.1090e+02
3.0809e+02
3.0585e+02
3.0423e+02
3.0329e+02
3.0307e+02
3.0356e+02
3.0476e+02
3.0664e+02
3.0913e+02
3.1214e+02
3.1555e+02
3.1923e+02
3.2303e+02
3.2678e+02
3.3033e+02
3.3356e+02
3.3632e+02
3.3852e+02
3.4009e+02
3.4100e+02
3.4126e+02
3.4094e+02
3.4011e+02
3.3891e+02
3.3748e+02
3.3597e+02
3.3457e+02
3.3343e+02
3.3271e+02
3.3253e+02
3.3302e+02
3.3423e+02
3.3621e+02
3.3896e+02
3.4247e+02
3.4664e+02
3.5142e+02
3.5671e+02
3.6243e+02
3.6843e+02
3.7460e+02
3.8080e+02
3.8690e+02
3.9272e+02
3.9809e+02
4.0285e+02
4.0686e+02
4.1002e+02
4.1227e+02
4.1359e+02
4.1404e+02
4.1375e+02
4.1292e+02
4.1181e+02
4.1071e+02
4.0990e+02
4.0967e+02
4.1026e+02
4.1188e+02
4.1463e+02
4.1855e+02
4.2364e+02
4.2983e+02
4.3703e+02
4.4510e+02
4.5391e+02
4.6334e+02
4.7325e+02
4.8348e+02
4.9390e+02
5.0437e+02
5.1475e+02
5.2490e+02
5.3466e+02
5.4391e+02
5.5251e+02
5.6035e+02
5.6724e+02
5.7305e+02
5.7763e+02
5.8086e+02
5.8267e+02
5.8295e+02
5.8167e+02
5.7881e+02
5.7442e+02
5.6859e+02
5.6150e+02
5.5339e+02
5.4452e+02
5.3526e+02
5.2596e+02
5.1696e+02
5.0856e+02
5.0101e+02
4.9448e+02
4.8909e+02
4.8483e+02
4.8163e+02
4.7936e+02
4.7781e+02
4.7677e+02
4.7601e+02
4.7529e+02
4.7443e+02
4.7324e+02
4.7162e+02
4.6951e+02
4.6694e+02
4.6396e+02
4.6068e+02
4.5721e+02
4.5365e+02
4.5016e+02
4.4684e+02
4.4379e+02
4.4109e+02
4.3880e+02
4.3693e+02
4.3551e+02
4.3451e+02
4.3393e+02
4.3373e+02
4.3387e+02
4.3435e+02
4.3512e+02
4.3616e+02
4.3744e+02
4.3892e+02
4.4058e+02
4.4240e+02
4.4433e+02
4.4635e+02
4.4843e+02
4.5057e+02
4.5274e+02
4.5493e+02
4.5710e+02
4.5923e+02
4.6125e+02
4.6314e+02
4.6480e+02
4.6618e+02
4.6722e+02
4.6790e+02
4.6816e+02
4.6799e+02
4.6740e+02
4.6644e+02
4.6514e+02
4.6358e+02
4.6182e+02
4.5994e+02
4.5802e+02
4.5614e+02
4.5434e+02
4.5270e+02
4.5124e+02
4.5002e+02
4.4905e+02
4.4837e+02
4.4796e+02
4.4783e+02
4.4798e+02
4.4837e+02
4.4897e+02
4.4974e+02
4.5063e+02
4.5160e+02
4.5260e+02
4.5360e+02
4.5457e+02
4.5550e+02
4.5640e+02
4.5730e+02
4.5821e+02
4.5917e+02
4.6022e+02
4.6137e+02
4.6266e+02
4.6407e+02
4.6561e+02
4.6725e+02
4.6897e+02
4.7073e+02
4.7248e+02
4.7418e+02
4.7581e+02
4.7734e+02
4.7876e+02
4.8008e+02
4.8129e+02
4.8242e+02
4.8349e+02
4.8451e+02
4.8550e+02
4.8647e+02
4.8742e+02
4.8833e+02
4.8921e+02
4.9003e+02
4.9077e+02
4.9142e+02
4.9197e+02
4.9240e+02
4.9273e+02
4.9297e+02
4.9314e+02
4.9327e+02
4.9340e+02
4.9355e+02
4.9378e+02
4.9409e+02
4.9452e+02
4.9507e+02
4.9574e+02
4.9654e+02
4.9744e+02
4.9844e+02
4.9952e+02
5.0066e+02
5.0183e+02
5.0301e+02
5.0420e+02
5.0536e+02
5.0651e+02
5.0763e+02
5.0872e+02
5.0980e+02
5.1088e+02
5.1194e+02
5.1297e+02
5.1394e+02
5.1481e+02
5.1553e+02
5.1604e+02
5.1627e+02
5.1617e+02
5.1568e+02
5.1477e+02
5.1345e+02
5.1176e+02
5.0975e+02
5.0754e+02
5.0525e+02
5.0303e+02
5.0103e+02
4.9938e+02
4.9822e+02
4.9763e+02
4.9769e+02
4.9840e+02
4.9976e+02
5.0172e+02
5.0419e+02
5.0708e+02
5.1028e+02
5.1366e+02
5.1707e+02
5.2034e+02
5.2328e+02
5.2576e+02
5.2760e+02
5.2866e+02
5.2882e+02
5.2797e+02
5.2605e+02
5.2307e+02
5.1905e+02
5.1413e+02
5.0845e+02
5.0227e+02
4.9586e+02
4.8955e+02
4.8367e+02
4.7853e+02
4.7445e+02
4.7168e+02
4.7044e+02
4.7088e+02
4.7308e+02
4.7703e+02
4.8267e+02
4.8985e+02
4.9837e+02
5.0801e+02
5.1850e+02
5.2954e+02
5.4086e+02
5.5217e+02
5.6325e+02
5.7390e+02
5.8392e+02
5.9318e+02
6.0159e+02
6.0908e+02
6.1564e+02
6.2127e+02
6.2602e+02
6.2995e+02
6.3316e+02
6.3575e+02
6.3783e+02
6.3949e+02
6.4084e+02
6.4196e+02
6.4295e+02
6.4389e+02
6.4483e+02
6.4581e+02
6.4685e+02
6.4797e+02
6.4916e+02
6.5040e+02
6.5170e+02
6.5301e+02
6.5432e+02
6.5560e+02
6.5680e+02
6.5790e+02
6.5886e+02
6.5962e+02
6.6016e+02
6.6044e+02
6.6044e+02
6.6014e+02
6.5953e+02
6.5861e+02
6.5740e+02
6.5590e+02
6.5416e+02
6.5218e+02
6.4999e+02
6.4758e+02
6.4494e+02
6.4203e+02
6.3878e+02
6.3514e+02
6.3102e+02
6.2634e+02
6.2102e+02
6.1502e+02
6.0830e+02
6.0087e+02
5.9281e+02
5.8419e+02
5.7514e+02
5.6582e+02
5.5639e+02
5.4701e+02
5.3780e+02
5.2891e+02
5.2040e+02
5.1231e+02
5.0461e+02
4.9725e+02
4.9011e+02
4.8308e+02
4.7602e+02
4.6877e+02
4.6125e+02
4.5341e+02
4.4528e+02
4.3698e+02
4.2869e+02
4.2069e+02
4.1330e+02
4.0687e+02
4.0174e+02
3.9821e+02
3.9649e+02
3.9667e+02
3.9870e+02
4.0241e+02
4.0749e+02
4.1352e+02
4.2003e+02
4.2654e+02
4.3259e+02
4.3782e+02
4.4197e+02
4.4491e+02
4.4663e+02
4.4725e+02
4.4694e+02
4.4597e+02
4.4459e+02
4.4303e+02
4.4149e+02
4.4008e+02
4.3888e+02
4.3788e+02
4.3700e+02
4.3613e+02
4.3515e+02
4.3394e+02
4.3243e+02
4.3055e+02
4.2828e+02
4.2564e+02
4.2268e+02
4.1947e+02
4.1608e+02
4.1263e+02
4.0917e+02
4.0578e+02
4.0252e+02
3.9943e+02
3.9653e+02
3.9380e+02
3.9122e+02
3.8874e+02
3.8630e+02
3.8382e+02
3.8123e+02
3.7844e+02
3.7537e+02
3.7197e+02
3.6819e+02
3.6399e+02
3.5939e+02
3.5440e+02
3.4908e+02
3.4351e+02
3.3776e+02
3.3193e+02
3.2611e+02
3.2038e+02
3.1482e+02
3.0950e+02
3.0450e+02
2.9987e+02
2.9567e+02
2.9198e+02
2.8885e+02
2.8635e+02
2.8452e+02
2.8341e+02
2.8303e+02
2.8335e+02
2.8433e+02
2.8587e+02
2.8787e+02
2.9015e+02
2.9258e+02
2.9499e+02
2.9723e+02
2.9921e+02
3.0086e+02
3.0215e+02
3.0309e+02
3.0374e+02
3.0418e+02
3.0448e+02
3.0474e+02
3.0502e+02
3.0536e+02
3.0579e+02
3.0631e+02
3.0687e+02
3.0743e+02
3.0793e+02
3.0829e+02
3.0842e+02
3.0828e+02
3.0778e+02
3.0687e+02
3.0551e+02
3.0366e+02
3.0128e+02
2.9835e+02
2.9484e+02
2.9079e+02
2.8624e+02
2.8127e+02
2.7599e+02
2.7051e+02
2.6498e+02
2.5955e+02
2.5434e+02
2.4949e+02
2.4510e+02
2.4122e+02
2.3787e+02
2.3503e+02
2.3264e+02
2.3061e+02
2.2883e+02
2.2717e+02
2.2554e+02
2.2381e+02
2.2191e+02
2.1977e+02
2.1736e+02
2.1468e+02
2.1177e+02
2.0867e+02
2.0547e+02
2.0226e+02
1.9917e+02
1.9631e+02
1.9382e+02
1.9181e+02
1.9039e+02
1.8965e+02
1.8965e+02
1.9041e+02
1.9195e+02
1.9422e+02
1.9717e+02
2.0070e+02
2.0471e+02
2.0907e+02
2.1363e+02
2.1825e+02
2.2280e+02
2.2715e+02
2.3120e+02
2.3486e+02
2.3805e+02
2.4076e+02
2.4298e+02
2.4476e+02
2.4618e+02
2.4736e+02
2.4846e+02
2.4966e+02
2.5113e+02
2.5305e+02
2.5558e+02
2.5881e+02
2.6284e+02
2.6766e+02
2.7327e+02
2.7956e+02
2.8641e+02
2.9366e+02
3.0110e+02
3.0859e+02
3.1596e+02
3.2307e+02
3.2983e+02
3.3617e+02
3.4208e+02
3.4756e+02
3.5265e+02
3.5740e+02
3.6186e+02
3.6606e+02
3.7006e+02
3.7388e+02
3.7753e+02
3.8100e+02
3.8427e+02
3.8730e+02
3.9004e+02
3.9246e+02
3.9450e+02
3.9614e+02
3.9737e+02
3.9820e+02
3.9865e+02
3.9874e+02
3.9853e+02
3.9804e+02
3.9732e+02
3.9642e+02
3.9540e+02
3.9431e+02
3.9318e+02
3.9205e+02
3.9094e+02
3.8990e+02
3.8896e+02
3.8814e+02
3.8746e+02
3.8693e+02
3.8655e+02
3.8631e+02
3.8618e+02
3.8614e+02
3.8618e+02
3.8633e+02
3.8660e+02
3.8705e+02
3.8776e+02
3.8883e+02
3.9034e+02
3.9239e+02
3.9504e+02
3.9831e+02
4.0215e+02
4.0648e+02
4.1116e+02
4.1601e+02
4.2084e+02
4.2543e+02
4.2961e+02
4.3321e+02
4.3613e+02
4.3832e+02
4.3979e+02
4.4059e+02
4.4079e+02
4.4054e+02
4.3995e+02
4.3915e+02
4.3829e+02
4.3749e+02
4.3685e+02
4.3646e+02
4.3641e+02
4.3673e+02
4.3743e+02
4.3852e+02
4.3997e+02
4.4172e+02
4.4371e+02
4.4587e+02
4.4811e+02
4.5034e+02
4.5253e+02
4.5462e+02
4.5658e+02
4.5841e+02
4.6012e+02
4.6170e+02
4.6319e+02
4.6458e+02
4.6587e+02
4.6703e+02
4.6804e+02
4.6885e+02
4.6942e+02
4.6974e+02
4.6979e+02
4.6958e+02
4.6917e+02
4.6861e+02
4.6798e+02
4.6737e+02
4.6686e+02
4.6652e+02
4.6640e+02
4.6653e+02
4.6692e+02
4.6754e+02
4.6833e+02
4.6921e+02
4.7011e+02
4.7094e+02
4.7162e+02
4.7207e+02
4.7226e+02
4.7214e+02
4.7172e+02
4.7103e+02
4.7011e+02
4.6904e+02
4.6787e+02
4.6671e+02
4.6563e+02
4.6475e+02
4.6414e+02
4.6388e+02
4.6403e+02
4.6461e+02
4.6563e+02
4.6705e+02
4.6884e+02
4.7091e+02
4.7319e+02
4.7556e+02
4.7791e+02
4.8011e+02
4.8207e+02
4.8369e+02
4.8490e+02
4.8566e+02
4.8595e+02
4.8577e+02
4.8516e+02
4.8415e+02
4.8281e+02
4.8119e+02
4.7935e+02
4.7735e+02
4.7524e+02
4.7304e+02
4.7077e+02
4.6847e+02
4.6611e+02
4.6366e+02
4.6107e+02
4.5829e+02
4.5524e+02
4.5187e+02
4.4808e+02
4.4385e+02
4.3912e+02
4.3389e+02
4.2815e+02
4.2197e+02
4.1543e+02
4.0864e+02
4.0176e+02
3.9494e+02
3.8834e+02
3.8212e+02
3.7641e+02
3.7132e+02
3.6692e+02
3.6325e+02
3.6028e+02
3.5798e+02
3.5626e+02
3.5502e+02
3.5414e+02
3.5349e+02
3.5294e+02
3.5239e+02
3.5175e+02
3.5098e+02
3.5007e+02
3.4902e+02
3.4788e+02
3.4675e+02
3.4571e+02
3.4487e+02
3.4434e+02
3.4423e+02
3.4465e+02
3.4572e+02
3.4752e+02
3.5012e+02
3.5356e+02
3.5784e+02
3.6296e+02
3.6884e+02
3.7538e+02
3.8246e+02
3.8991e+02
3.9753e+02
4.0510e+02
4.1242e+02
4.1927e+02
4.2549e+02
4.3092e+02
4.3548e+02
4.3913e+02
4.4187e+02
4.4376e+02
4.4486e+02
4.4530e+02
4.4524e+02
4.4484e+02
4.4424e+02
4.4361e+02
4.4308e+02
4.4278e+02
4.4285e+02
4.4337e+02
4.4440e+02
4.4597e+02
4.4807e+02
4.5067e+02
4.5371e+02
4.5710e+02
4.6074e+02
4.6452e+02
4.6831e+02
4.7202e+02
4.7553e+02
4.7876e+02
4.8165e+02
4.8416e+02
4.8626e+02
4.8794e+02
4.8919e+02
4.9003e+02
4.9050e+02
4.9063e+02
4.9050e+02
4.9020e+02
4.8982e+02
4.8947e+02
4.8925e+02
4.8928e+02
4.8965e+02
4.9044e+02
4.9170e+02
4.9343e+02
4.9562e+02
4.9820e+02
5.0109e+02
5.0422e+02
5.0747e+02
5.1076e+02
5.1402e+02
5.1720e+02
5.2027e+02
5.2322e+02
5.2605e+02
5.2875e+02
5.3131e+02
5.3372e+02
5.3595e+02
5.3792e+02
5.3960e+02
5.4089e+02
5.4173e+02
5.4208e+02
5.4189e+02
5.4115e+02
5.3986e+02
5.3806e+02
5.3579e+02
5.3314e+02
5.3017e+02
5.2695e+02
5.2357e+02
5.2007e+02
5.1654e+02
5.1301e+02
5.0955e+02
5.0622e+02
5.0309e+02
5.0023e+02
4.9775e+02
4.9572e+02
4.9424e+02
4.9338e+02
4.9320e+02
4.9373e+02
4.9494e+02
4.9680e+02
4.9925e+02
5.0217e+02
5.0545e+02
5.0895e+02
5.1256e+02
5.1615e+02
5.1965e+02
5.2298e+02
5.2607e+02
5.2889e+02
5.3139e+02
5.3355e+02
5.3530e+02
5.3660e+02
5.3737e+02
5.3754e+02
5.3704e+02
5.3582e+02
5.3387e+02
5.3120e+02
5.2791e+02
5.2412e+02
5.2001e+02
5.1579e+02
5.1167e+02
5.0788e+02
5.0463e+02
5.0208e+02
5.0035e+02
4.9950e+02
4.9951e+02
5.0029e+02
5.0170e+02
5.0360e+02
5.0583e+02
5.0822e+02
5.1064e+02
5.1298e+02
5.1517e+02
5.1719e+02
5.1910e+02
5.2093e+02
5.2273e+02
5.2459e+02
5.2657e+02
5.2872e+02
5.3104e+02
5.3349e+02
5.3602e+02
5.3853e+02
5.4092e+02
5.4307e+02
5.4487e+02
5.4619e+02
5.4691e+02
5.4696e+02
5.4626e+02
5.4477e+02
5.4243e+02
5.3926e+02
5.3523e+02
5.3035e+02
5.2465e+02
5.1812e+02
5.1078e+02
5.0261e+02
4.9363e+02
4.8384e+02
4.7325e+02
4.6190e+02
4.4980e+02
4.3701e+02
4.2360e+02
4.0967e+02
3.9535e+02
3.8075e+02
3.6601e+02
3.5126e+02
3.3667e+02
3.2235e+02
3.0839e+02
2.9490e+02
2.8192e+02
2.6946e+02
2.5758e+02
2.4630e+02
2.3563e+02
2.2558e+02
2.1616e+02
2.0737e+02
1.9920e+02
1.9163e+02
1.8467e+02
1.7829e+02
1.7245e+02
1.6713e+02
1.6227e+02
1.5781e+02
1.5370e+02
1.4986e+02
1.4623e+02
1.4274e+02
1.3935e+02
1.3599e+02
1.3263e+02
1.2926e+02
1.2588e+02
1.2252e+02
1.1922e+02
1.1606e+02
1.1313e+02
1.1053e+02
1.0835e+02
1.0666e+02
1.0551e+02
1.0488e+02
1.0470e+02
1.0481e+02
1.0503e+02
1.0515e+02
1.0490e+02
1.0405e+02
1.0239e+02
9.9747e+01
9.6028e+01
9.1226e+01
8.5412e+01
7.8746e+01
7.1463e+01
6.3822e+01
5.6109e+01
4.8585e+01
4.1495e+01
3.5023e+01
2.9289e+01
2.4344e+01
2.0168e+01
1.6700e+01
1.3840e+01
1.1476e+01
9.4699e+00
7.7057e+00
6.1131e+00
4.6615e+00
3.3717e+00
2.3082e+00
1.5932e+00
1.3643e+00
1.7849e+00
3.0056e+00
5.1379e+00
8.2657e+00
1.2407e+01
1.7508e+01
2.3440e+01
3.0021e+01
3.6994e+01
4.4059e+01
5.0893e+01
5.7180e+01
6.2631e+01
6.7000e+01
7.0143e+01
7.1987e+01
7.2567e+01
7.2005e+01
7.0505e+01
6.8327e+01
6.5768e+01
6.3143e+01
6.0740e+01
5.8831e+01
5.7617e+01
5.7207e+01
5.7624e+01
5.8805e+01
6.0602e+01
6.2788e+01
6.5118e+01
6.7322e+01
6.9138e+01
7.0345e+01
7.0762e+01
7.0272e+01
6.8835e+01
6.6495e+01
6.3339e+01
5.9533e+01
5.5299e+01
5.0882e+01
4.6531e+01
4.2489e+01
3.8978e+01
3.6156e+01
3.4146e+01
3.3011e+01
3.2757e+01
3.3340e+01
3.4677e+01
3.6658e+01
3.9147e+01
4.2017e+01
4.5131e+01
4.8372e+01
5.1637e+01
5.4845e+01
5.7936e+01
6.0874e+01
6.3650e+01
6.6250e+01
6.8671e+01
7.0909e+01
7.2968e+01
7.4854e+01
7.6570e+01
7.8134e+01
7.9561e+01
8.0878e+01
8.2099e+01
8.3241e+01
8.4316e+01
8.5331e+01
8.6290e+01
8.7194e+01
8.8042e+01
8.8822e+01
8.9530e+01
9.0154e+01
9.0706e+01
9.1213e+01
9.1723e+01
9.2317e+01
9.3098e+01
9.4206e+01
9.5780e+01
9.7981e+01
1.0095e+02
1.0481e+02
1.0964e+02
1.1546e+02
1.2225e+02
1.2991e+02
1.3828e+02
1.4713e+02
1.5622e+02
1.6525e+02
1.7389e+02
1.8182e+02
1.8876e+02
1.9446e+02
1.9873e+02
2.0143e+02
2.0250e+02
2.0196e+02
1.9988e+02
1.9642e+02
1.9179e+02
1.8626e+02
1.8012e+02
1.7369e+02
1.6727e+02
1.6112e+02
1.5547e+02
1.5053e+02
1.4644e+02
1.4332e+02
1.4124e+02
1.4025e+02
1.4036e+02
1.4160e+02
1.4394e+02
1.4738e+02
1.5186e+02
1.5730e+02
1.6359e+02
1.7055e+02
1.7800e+02
1.8572e+02
1.9345e+02
2.0096e+02
2.0799e+02
2.1436e+02
2.1989e+02
2.2452e+02
2.2818e+02
2.3090e+02
2.3270e+02
2.3368e+02
2.3391e+02
2.3347e+02
2.3244e+02
2.3085e+02
2.2876e+02
2.2618e+02
2.2316e+02
2.1973e+02
2.1594e+02
2.1188e+02
2.0766e+02
2.0346e+02
1.9947e+02
1.9590e+02
1.9296e+02
1.9085e+02
1.8977e+02
1.8986e+02
1.9119e+02
1.9379e+02
1.9758e+02
2.0245e+02
2.0820e+02
2.1460e+02
2.2139e+02
2.2827e+02
2.3498e+02
2.4130e+02
2.4706e+02
2.5216e+02
2.5660e+02
2.6039e+02
2.6362e+02
2.6642e+02
2.6895e+02
2.7136e+02
2.7377e+02
2.7627e+02
2.7893e+02
2.8174e+02
2.8467e+02
2.8766e+02
2.9058e+02
2.9331e+02
2.9577e+02
2.9784e+02
2.9947e+02
3.0061e+02
3.0126e+02
3.0146e+02
3.0128e+02
3.0079e+02
3.0009e+02
2.9928e+02
2.9844e+02
2.9765e+02
2.9696e+02
2.9639e+02
2.9595e+02
2.9559e+02
2.9527e+02
2.9490e+02
2.9441e+02
2.9371e+02
2.9271e+02
2.9131e+02
2.8943e+02
2.8700e+02
2.8395e+02
2.8026e+02
2.7590e+02
2.7091e+02
2.6531e+02
2.5918e+02
2.5261e+02
2.4570e+02
2.3857e+02
2.3136e+02
2.2417e+02
2.1709e+02
2.1020e+02
2.0353e+02
1.9708e+02
1.9081e+02
1.8469e+02
1.7863e+02
1.7256e+02
1.6640e+02
1.6010e+02
1.5361e+02
1.4691e+02
1.4000e+02
1.3291e+02
1.2567e+02
1.1835e+02
1.1100e+02
1.0372e+02
9.6588e+01
8.9675e+01
8.3061e+01
7.6813e+01
7.0993e+01
6.5636e+01
6.0779e+01
5.6440e+01
5.2617e+01
4.9281e+01
4.6376e+01
4.3833e+01
4.1562e+01
3.9480e+01
3.7492e+01
3.5522e+01
3.3502e+01
3.1389e+01
2.9160e+01
2.6815e+01
2.4388e+01
2.1914e+01
1.9458e+01
1.7074e+01
1.4824e+01
1.2755e+01
1.0901e+01
9.2779e+00
7.8806e+00
6.6936e+00
5.6775e+00
4.8063e+00
4.0443e+00
3.3659e+00
2.7618e+00
2.2275e+00
1.7817e+00
1.4522e+00
1.2863e+00
1.3224e+00
1.6130e+00
2.2068e+00
3.1407e+00
4.4407e+00
6.1111e+00
8.1486e+00
1.0520e+01
1.3190e+01
1.6103e+01
1.9198e+01
2.2413e+01
2.5674e+01
2.8916e+01
3.2067e+01
3.5068e+01
3.7862e+01
4.0404e+01
4.2660e+01
4.4607e+01
4.6231e+01
4.7521e+01
4.8496e+01
4.9166e+01
4.9565e+01
4.9725e+01
4.9685e+01
4.9483e+01
4.9162e+01
4.8757e+01
4.8287e+01
4.7782e+01
4.7261e+01
4.6747e+01
4.6257e+01
4.5816e+01
4.5452e+01
4.5190e+01
4.5074e+01
4.5136e+01
4.5417e+01
4.5946e+01
4.6733e+01
4.7781e+01
4.9071e+01
5.0578e+01
5.2264e+01
5.4098e+01
5.6044e+01
5.8072e+01
6.0171e+01
6.2340e+01
6.4607e+01
6.7001e+01
6.9564e+01
7.2322e+01
7.5302e+01
7.8498e+01
8.1860e+01
8.5312e+01
8.8734e+01
9.1996e+01
9.4937e+01
9.7393e+01
9.9203e+01
1.0024e+02
1.0043e+02
9.9721e+01
9.8130e+01
9.5697e+01
9.2489e+01
8.8583e+01
8.4075e+01
7.9048e+01
7.3573e+01
6.7712e+01
6.1504e+01
5.4990e+01
4.8212e+01
4.1266e+01
3.4294e+01
2.7482e+01
2.1064e+01
1.5302e+01
1.0479e+01
6.8517e+00
4.6308e+00
3.9225e+00
4.7489e+00
7.0315e+00
1.0574e+01
1.5083e+01
2.0185e+01
2.5476e+01
3.0553e+01
3.5067e+01
3.8730e+01
4.1350e+01
4.2838e+01
4.3189e+01
4.2494e+01
4.0902e+01
3.8609e+01
3.5808e+01
3.2687e+01
2.9404e+01
2.6080e+01
2.2816e+01
1.9679e+01
1.6724e+01
1.3966e+01
1.1416e+01
9.0788e+00
6.9673e+00
5.1002e+00
3.4883e+00
2.1501e+00
1.1037e+00
3.8275e-01
7.6150e-03
0000
3.7406e-01
1.1369e+00
2.3014e+00
3.8662e+00
5.8254e+00
8.1438e+00
1.0781e+01
1.3675e+01
1.6756e+01
1.9955e+01
2.3203e+01
2.6444e+01
2.9617e+01
3.2686e+01
3.5628e+01
3.8437e+01
4.1119e+01
4.3673e+01
4.6111e+01
4.8439e+01
5.0668e+01
5.2788e+01
5.4801e+01
5.6694e+01
5.8451e+01
6.0063e+01
6.1521e+01
6.2827e+01
6.3980e+01
6.4995e+01
6.5881e+01
6.6659e+01
6.7357e+01
6.7995e+01
6.8607e+01
6.9220e+01
6.9874e+01
7.0599e+01
7.1431e+01
7.2397e+01
7.3516e+01
7.4803e+01
7.6257e+01
7.7868e+01
7.9597e+01
8.1402e+01
8.3221e+01
8.4990e+01
8.6647e+01
8.8124e+01
8.9363e+01
9.0309e+01
9.0938e+01
9.1231e+01
9.1201e+01
9.0875e+01
9.0290e+01
8.9497e+01
8.8545e+01
8.7494e+01
8.6385e+01
8.5265e+01
8.4165e+01
8.3102e+01
8.2081e+01
8.1093e+01
8.0137e+01
7.9197e+01
7.8274e+01
7.7359e+01
7.6463e+01
7.5619e+01
7.4891e+01
7.4363e+01
7.4131e+01
7.4322e+01
7.5053e+01
7.6453e+01
7.8629e+01
8.1673e+01
8.5642e+01
9.0550e+01
9.6366e+01
1.0300e+02
1.1035e+02
1.1825e+02
1.2653e+02
1.3500e+02
1.4346e+02
1.5176e+02
1.5972e+02
1.6721e+02
1.7412e+02
1.8037e+02
1.8589e+02
1.9068e+02
1.9472e+02
1.9804e+02
2.0068e+02
2.0271e+02
2.0423e+02
2.0536e+02
2.0621e+02
2.0689e+02
2.0751e+02
2.0816e+02
2.0888e+02
2.0972e+02
2.1068e+02
2.1173e+02
2.1279e+02
2.1380e+02
2.1467e+02
2.1533e+02
2.1572e+02
2.1582e+02
2.1562e+02
2.1515e+02
2.1444e+02
2.1359e+02
2.1265e+02
2.1172e+02
2.1089e+02
2.1025e+02
2.0987e+02
2.0980e+02
2.1009e+02
2.1076e+02
2.1183e+02
2.1329e+02
2.1510e+02
2.1722e+02
2.1958e+02
2.2211e+02
2.2471e+02
