1.3900e+01
8.4738e+00
4.1029e+00
1.1714e+00
0000
8.2968e-01
3.7976e+00
8.9170e+00
1.6070e+01
2.5016e+01
3.5423e+01
4.6881e+01
5.8949e+01
7.1175e+01
8.3135e+01
9.4460e+01
1.0487e+02
1.1420e+02
1.2234e+02
1.2929e+02
1.3514e+02
1.4001e+02
1.4404e+02
1.4740e+02
1.5023e+02
1.5265e+02
1.5476e+02
1.5663e+02
1.5828e+02
1.5973e+02
1.6098e+02
1.6201e+02
1.6278e+02
1.6333e+02
1.6365e+02
1.6380e+02
1.6383e+02
1.6380e+02
1.6379e+02
1.6388e+02
1.6416e+02
1.6469e+02
1.6555e+02
1.6676e+02
1.6836e+02
1.7035e+02
1.7271e+02
1.7539e+02
1.7833e+02
1.8146e+02
1.8470e+02
1.8799e+02
1.9123e+02
1.9437e+02
1.9738e+02
2.0021e+02
2.0288e+02
2.0535e+02
2.0764e+02
2.0975e+02
2.1169e+02
2.1348e+02
2.1511e+02
2.1659e+02
2.1791e+02
2.1908e+02
2.2010e+02
2.2097e+02
2.2171e+02
2.2235e+02
2.2291e+02
2.2341e+02
2.2389e+02
2.2435e+02
2.2484e+02
2.2536e+02
2.2594e+02
2.2657e+02
2.2726e+02
2.2802e+02
2.2884e+02
2.2974e+02
2.3072e+02
2.3179e+02
2.3297e+02
2.3425e+02
2.3566e+02
2.3717e+02
2.3882e+02
2.4058e+02
2.4244e+02
2.4441e+02
2.4647e+02
2.4860e+02
2.5078e+02
2.5302e+02
2.5529e+02
2.5756e+02
2.5983e+02
2.6208e+02
2.6428e+02
2.6641e+02
2.6846e+02
2.7040e+02
2.7224e+02
2.7397e+02
2.7562e+02
2.7718e+02
2.7870e+02
2.8020e+02
2.8174e+02
2.8335e+02
2.8505e+02
2.8687e+02
2.8880e+02
2.9083e+02
2.9291e+02
2.9500e+02
2.9703e+02
2.9896e+02
3.0072e+02
3.0229e+02
3.0364e+02
3.0477e+02
3.0571e+02
3.0649e+02
3.0717e+02
3.0782e+02
3.0848e+02
3.0920e+02
3.0999e+02
3.1085e+02
3.1178e+02
3.1274e+02
3.1369e+02
3.1459e+02
3.1540e+02
3.1611e+02
3.1671e+02
3.1723e+02
3.1770e+02
3.1816e+02
3.1866e+02
3.1924e+02
3.1994e+02
3.2080e+02
3.2180e+02
3.2293e+02
3.2415e+02
3.2541e+02
3.2663e+02
3.2776e+02
3.2873e+02
3.2948e+02
3.2999e+02
3.3022e+02
3.3019e+02
3.2990e+02
3.2939e+02
3.2873e+02
3.2795e+02
3.2714e+02
3.2636e+02
3.2567e+02
3.2511e+02
3.2473e+02
3.2456e+02
3.2459e+02
3.2483e+02
3.2525e+02
3.2583e+02
3.2652e+02
3.2729e+02
3.2810e+02
3.2892e+02
3.2971e+02
3.3044e+02
3.3110e+02
3.3169e+02
3.3222e+02
3.3273e+02
3.3323e+02
3.3378e+02
3.3441e+02
3.3518e+02
3.3613e+02
3.3729e+02
3.3869e+02
3.4034e+02
3.4221e+02
3.4428e+02
3.4649e+02
3.4879e+02
3.5112e+02
3.5340e+02
3.5559e+02
3.5763e+02
3.5950e+02
3.6119e+02
3.6270e+02
3.6405e+02
3.6527e+02
3.6639e+02
3.6744e+02
3.6845e+02
3.6944e+02
3.7040e+02
3.7132e+02
3.7220e+02
3.7301e+02
3.7373e+02
3.7436e+02
3.7489e+02
3.7535e+02
3.7578e+02
3.7620e+02
3.7669e+02
3.7730e+02
3.7807e+02
3.7906e+02
3.8028e+02
3.8176e+02
3.8348e+02
3.8540e+02
3.8747e+02
3.8961e+02
3.9176e+02
3.9385e+02
3.9581e+02
3.9760e+02
3.9920e+02
4.0059e+02
4.0178e+02
4.0281e+02
4.0371e+02
4.0454e+02
4.0532e+02
4.0612e+02
4.0694e+02
4.0781e+02
4.0872e+02
4.0966e+02
4.1059e+02
4.1147e+02
4.1227e+02
4.1294e+02
4.1343e+02
4.1373e+02
4.1380e+02
4.1365e+02
4.1330e+02
4.1277e+02
4.1210e+02
4.1134e+02
4.1052e+02
4.0971e+02
4.0895e+02
4.0825e+02
4.0765e+02
4.0716e+02
4.0678e+02
4.0650e+02
4.0630e+02
4.0617e+02
4.0611e+02
4.0611e+02
4.0616e+02
4.0626e+02
4.0642e+02
4.0665e+02
4.0694e+02
4.0731e+02
4.0772e+02
4.0817e+02
4.0861e+02
4.0898e+02
4.0922e+02
4.0928e+02
4.0907e+02
4.0855e+02
4.0764e+02
4.0629e+02
4.0449e+02
4.0221e+02
3.9948e+02
3.9632e+02
3.9276e+02
3.8889e+02
3.8475e+02
3.8042e+02
3.7597e+02
3.7148e+02
3.6702e+02
3.6265e+02
3.5844e+02
3.5442e+02
3.5065e+02
3.4716e+02
3.4398e+02
3.4114e+02
3.3866e+02
3.3657e+02
3.3487e+02
3.3360e+02
3.3275e+02
3.3236e+02
3.3244e+02
3.3300e+02
3.3404e+02
3.3554e+02
3.3749e+02
3.3984e+02
3.4255e+02
3.4555e+02
3.4873e+02
3.5198e+02
3.5521e+02
3.5830e+02
3.6115e+02
3.6368e+02
3.6583e+02
3.6759e+02
3.6897e+02
3.7005e+02
3.7094e+02
3.7180e+02
3.7282e+02
3.7417e+02
3.7605e+02
3.7860e+02
3.8191e+02
3.8596e+02
3.9064e+02
3.9576e+02
4.0103e+02
4.0611e+02
4.1059e+02
4.1408e+02
4.1620e+02
4.1665e+02
4.1526e+02
4.1196e+02
4.0684e+02
4.0011e+02
3.9210e+02
3.8323e+02
3.7396e+02
3.6474e+02
3.5598e+02
3.4804e+02
3.4118e+02
3.3555e+02
3.3120e+02
3.2810e+02
3.2612e+02
3.2507e+02
3.2476e+02
3.2496e+02
3.2548e+02
3.2614e+02
3.2679e+02
3.2734e+02
3.2776e+02
3.2801e+02
3.2812e+02
3.2810e+02
3.2801e+02
3.2790e+02
3.2787e+02
3.2798e+02
3.2832e+02
3.2897e+02
3.3000e+02
3.3146e+02
3.3341e+02
3.3587e+02
3.3883e+02
3.4227e+02
3.4616e+02
3.5043e+02
3.5500e+02
3.5981e+02
3.6477e+02
3.6984e+02
3.7494e+02
3.8004e+02
3.8509e+02
3.9007e+02
3.9495e+02
3.9968e+02
4.0419e+02
4.0842e+02
4.1228e+02
4.1568e+02
4.1856e+02
4.2084e+02
4.2251e+02
4.2356e+02
4.2400e+02
4.2389e+02
4.2335e+02
4.2246e+02
4.2138e+02
4.2020e+02
4.1905e+02
4.1803e+02
4.1724e+02
4.1674e+02
4.1655e+02
4.1670e+02
4.1719e+02
4.1801e+02
4.1913e+02
4.2053e+02
4.2216e+02
4.2399e+02
4.2597e+02
4.2808e+02
4.3026e+02
4.3247e+02
4.3471e+02
4.3692e+02
4.3909e+02
4.4119e+02
4.4321e+02
4.4513e+02
4.4693e+02
4.4860e+02
4.5012e+02
4.5148e+02
4.5266e+02
4.5368e+02
4.5455e+02
4.5529e+02
4.5594e+02
4.5654e+02
4.5715e+02
4.5779e+02
4.5853e+02
4.5939e+02
4.6041e+02
4.6159e+02
4.6292e+02
4.6438e+02
4.6595e+02
4.6759e+02
4.6927e+02
4.7097e+02
4.7265e+02
4.7431e+02
4.7595e+02
4.7758e+02
4.7920e+02
4.8082e+02
4.8244e+02
4.8406e+02
4.8563e+02
4.8711e+02
4.8841e+02
4.8947e+02
4.9020e+02
4.9054e+02
4.9040e+02
4.8973e+02
4.8849e+02
4.8671e+02
4.8441e+02
4.8165e+02
4.7854e+02
4.7518e+02
4.7169e+02
4.6819e+02
4.6480e+02
4.6163e+02
4.5877e+02
4.5629e+02
4.5424e+02
4.5266e+02
4.5157e+02
4.5098e+02
4.5086e+02
4.5118e+02
4.5187e+02
4.5286e+02
4.5406e+02
4.5535e+02
4.5664e+02
4.5783e+02
4.5882e+02
4.5954e+02
4.5996e+02
4.6005e+02
4.5983e+02
4.5937e+02
4.5872e+02
4.5799e+02
4.5726e+02
4.5662e+02
4.5615e+02
4.5590e+02
4.5593e+02
4.5623e+02
4.5680e+02
4.5761e+02
4.5862e+02
4.5978e+02
4.6102e+02
4.6232e+02
4.6360e+02
4.6484e+02
4.6600e+02
4.6706e+02
4.6804e+02
4.6893e+02
4.6975e+02
4.7054e+02
4.7134e+02
4.7216e+02
4.7304e+02
4.7400e+02
4.7506e+02
4.7622e+02
4.7746e+02
4.7877e+02
4.8012e+02
4.8148e+02
4.8285e+02
4.8420e+02
4.8553e+02
4.8684e+02
4.8815e+02
4.8947e+02
4.9082e+02
4.9222e+02
4.9368e+02
4.9521e+02
4.9680e+02
4.9844e+02
5.0009e+02
5.0172e+02
5.0329e+02
5.0477e+02
5.0611e+02
5.0730e+02
5.0831e+02
5.0912e+02
5.0976e+02
5.1022e+02
5.1054e+02
5.1076e+02
5.1094e+02
5.1113e+02
5.1141e+02
5.1183e+02
5.1246e+02
5.1336e+02
5.1455e+02
5.1606e+02
5.1790e+02
5.2004e+02
5.2246e+02
5.2512e+02
5.2796e+02
5.3094e+02
5.3402e+02
5.3716e+02
5.4033e+02
5.4351e+02
5.4668e+02
5.4984e+02
5.5299e+02
5.5611e+02
5.5917e+02
5.6217e+02
5.6506e+02
5.6782e+02
5.7043e+02
5.7287e+02
5.7513e+02
5.7722e+02
5.7917e+02
5.8100e+02
5.8278e+02
5.8454e+02
5.8633e+02
5.8819e+02
5.9013e+02
5.9216e+02
5.9426e+02
5.9642e+02
5.9857e+02
6.0066e+02
6.0264e+02
6.0447e+02
6.0609e+02
6.0748e+02
6.0862e+02
6.0950e+02
6.1012e+02
6.1048e+02
6.1059e+02
6.1048e+02
6.1014e+02
6.0960e+02
6.0887e+02
6.0796e+02
6.0690e+02
6.0571e+02
6.0443e+02
6.0307e+02
6.0167e+02
6.0026e+02
5.9886e+02
5.9750e+02
5.9620e+02
5.9498e+02
5.9383e+02
5.9277e+02
5.9178e+02
5.9086e+02
5.8998e+02
5.8912e+02
5.8826e+02
5.8736e+02
5.8639e+02
5.8530e+02
5.8403e+02
5.8254e+02
5.8078e+02
5.7872e+02
5.7632e+02
5.7354e+02
5.7036e+02
5.6677e+02
5.6277e+02
5.5835e+02
5.5351e+02
5.4826e+02
5.4259e+02
5.3650e+02
5.2999e+02
5.2307e+02
5.1574e+02
5.0803e+02
4.9994e+02
4.9150e+02
4.8275e+02
4.7375e+02
4.6453e+02
4.5516e+02
4.4567e+02
4.3610e+02
4.2647e+02
4.1681e+02
4.0711e+02
3.9738e+02
3.8762e+02
3.7782e+02
3.6801e+02
3.5820e+02
3.4840e+02
3.3864e+02
3.2897e+02
3.1941e+02
3.0998e+02
3.0070e+02
2.9156e+02
2.8256e+02
2.7368e+02
2.6490e+02
2.5620e+02
2.4756e+02
2.3898e+02
2.3045e+02
2.2200e+02
2.1363e+02
2.0539e+02
1.9730e+02
1.8939e+02
1.8168e+02
1.7420e+02
1.6697e+02
1.5999e+02
1.5325e+02
1.4676e+02
1.4052e+02
1.3453e+02
1.2880e+02
1.2336e+02
1.1822e+02
1.1341e+02
1.0896e+02
1.0491e+02
1.0130e+02
9.8171e+01
9.5561e+01
9.3493e+01
9.1976e+01
9.0987e+01
9.0499e+01
9.0456e+01
9.0795e+01
9.1433e+01
9.2277e+01
9.3229e+01
9.4187e+01
9.5072e+01
9.5808e+01
9.6344e+01
9.6637e+01
9.6662e+01
9.6407e+01
9.5865e+01
9.5053e+01
9.3985e+01
9.2701e+01
9.1232e+01
8.9603e+01
8.7845e+01
8.5998e+01
8.4101e+01
8.2180e+01
8.0270e+01
7.8388e+01
7.6546e+01
7.4744e+01
7.2985e+01
7.1268e+01
6.9588e+01
6.7955e+01
6.6375e+01
6.4872e+01
6.3462e+01
6.2169e+01
6.1021e+01
6.0041e+01
5.9261e+01
5.8687e+01
5.8323e+01
5.8145e+01
5.8132e+01
5.8257e+01
5.8489e+01
5.8802e+01
5.9169e+01
5.9581e+01
6.0009e+01
6.0430e+01
6.0812e+01
6.1120e+01
6.1309e+01
6.1327e+01
6.1118e+01
6.0624e+01
5.9812e+01
5.8645e+01
5.7120e+01
5.5262e+01
5.3123e+01
5.0798e+01
4.8401e+01
4.6057e+01
4.3884e+01
4.2004e+01
4.0503e+01
3.9449e+01
3.8880e+01
3.8789e+01
3.9150e+01
3.9910e+01
4.1018e+01
4.2409e+01
4.4033e+01
4.5843e+01
4.7808e+01
4.9913e+01
5.2145e+01
5.4516e+01
5.7031e+01
5.9697e+01
6.2500e+01
6.5414e+01
6.8401e+01
7.1407e+01
7.4364e+01
7.7185e+01
7.9796e+01
8.2123e+01
8.4109e+01
8.5711e+01
8.6907e+01
8.7702e+01
8.8127e+01
8.8258e+01
8.8190e+01
8.8063e+01
8.8029e+01
8.8253e+01
8.8904e+01
9.0144e+01
9.2108e+01
9.4892e+01
9.8562e+01
1.0312e+02
1.0850e+02
1.1460e+02
1.2124e+02
1.2823e+02
1.3534e+02
1.4234e+02
1.4903e+02
1.5526e+02
1.6089e+02
1.6585e+02
1.7013e+02
1.7376e+02
1.7684e+02
1.7946e+02
1.8174e+02
1.8379e+02
1.8569e+02
1.8753e+02
1.8934e+02
1.9116e+02
1.9299e+02
1.9484e+02
1.9667e+02
1.9848e+02
2.0026e+02
2.0200e+02
2.0369e+02
2.0536e+02
2.0700e+02
2.0860e+02
2.1017e+02
2.1170e+02
2.1317e+02
2.1457e+02
2.1588e+02
2.1710e+02
2.1822e+02
2.1924e+02
2.2016e+02
2.2101e+02
2.2183e+02
2.2265e+02
2.2352e+02
2.2445e+02
2.2546e+02
2.2654e+02
2.2767e+02
2.2883e+02
2.2996e+02
2.3102e+02
2.3194e+02
2.3269e+02
2.3321e+02
2.3352e+02
2.3363e+02
2.3360e+02
2.3351e+02
2.3346e+02
2.3356e+02
2.3393e+02
2.3469e+02
2.3590e+02
2.3766e+02
2.4000e+02
2.4292e+02
2.4640e+02
2.5041e+02
2.5485e+02
2.5965e+02
2.6470e+02
2.6989e+02
2.7506e+02
2.8008e+02
2.8482e+02
2.8916e+02
2.9297e+02
2.9617e+02
2.9869e+02
3.0049e+02
3.0158e+02
3.0198e+02
3.0178e+02
3.0107e+02
3.0000e+02
2.9870e+02
2.9731e+02
2.9596e+02
2.9478e+02
2.9384e+02
2.9323e+02
2.9300e+02
2.9315e+02
2.9371e+02
2.9465e+02
2.9597e+02
2.9763e+02
2.9961e+02
3.0189e+02
3.0443e+02
3.0722e+02
3.1022e+02
3.1343e+02
3.1683e+02
3.2041e+02
3.2416e+02
3.2807e+02
3.3213e+02
3.3634e+02
3.4070e+02
3.4520e+02
3.4983e+02
3.5458e+02
3.5943e+02
3.6434e+02
3.6927e+02
3.7419e+02
3.7903e+02
3.8375e+02
3.8830e+02
3.9266e+02
3.9680e+02
4.0071e+02
4.0440e+02
4.0788e+02
4.1119e+02
4.1434e+02
4.1739e+02
4.2037e+02
4.2331e+02
4.2624e+02
4.2917e+02
4.3211e+02
4.3505e+02
4.3798e+02
4.4090e+02
4.4378e+02
4.4664e+02
4.4946e+02
4.5224e+02
4.5500e+02
4.5773e+02
4.6047e+02
4.6322e+02
4.6598e+02
4.6877e+02
4.7157e+02
4.7438e+02
4.7718e+02
4.7994e+02
4.8263e+02
4.8524e+02
4.8773e+02
4.9009e+02
4.9231e+02
4.9438e+02
4.9630e+02
4.9809e+02
4.9978e+02
5.0138e+02
5.0292e+02
5.0441e+02
5.0589e+02
5.0736e+02
5.0885e+02
5.1037e+02
5.1192e+02
5.1349e+02
5.1511e+02
5.1675e+02
5.1843e+02
5.2013e+02
5.2185e+02
5.2358e+02
5.2530e+02
5.2700e+02
5.2867e+02
5.3028e+02
5.3185e+02
5.3334e+02
5.3476e+02
5.3611e+02
5.3738e+02
5.3858e+02
5.3972e+02
5.4082e+02
5.4188e+02
5.4292e+02
5.4394e+02
5.4496e+02
5.4597e+02
5.4697e+02
5.4797e+02
5.4895e+02
5.4990e+02
5.5081e+02
5.5170e+02
5.5257e+02
5.5341e+02
5.5425e+02
5.5512e+02
5.5607e+02
5.5715e+02
5.5841e+02
5.5991e+02
5.6170e+02
5.6384e+02
5.6637e+02
5.6929e+02
5.7260e+02
5.7627e+02
5.8025e+02
5.8445e+02
5.8880e+02
5.9319e+02
5.9752e+02
6.0168e+02
6.0559e+02
6.0917e+02
6.1238e+02
6.1517e+02
6.1753e+02
6.1945e+02
6.2096e+02
6.2211e+02
6.2294e+02
6.2350e+02
6.2386e+02
6.2410e+02
6.2427e+02
6.2445e+02
6.2468e+02
6.2501e+02
6.2547e+02
6.2607e+02
6.2683e+02
6.2774e+02
6.2877e+02
6.2990e+02
6.3111e+02
6.3239e+02
6.3372e+02
6.3510e+02
6.3653e+02
6.3803e+02
6.3962e+02
6.4129e+02
6.4307e+02
6.4496e+02
6.4694e+02
6.4897e+02
6.5101e+02
6.5301e+02
6.5491e+02
6.5665e+02
6.5819e+02
6.5948e+02
6.6051e+02
6.6125e+02
6.6173e+02
6.6197e+02
6.6201e+02
6.6189e+02
6.6166e+02
6.6135e+02
6.6103e+02
6.6072e+02
6.6048e+02
6.6033e+02
6.6030e+02
6.6041e+02
6.6068e+02
6.6112e+02
6.6172e+02
6.6250e+02
6.6342e+02
6.6448e+02
6.6564e+02
6.6687e+02
6.6814e+02
6.6941e+02
6.7066e+02
6.7187e+02
6.7303e+02
6.7415e+02
6.7524e+02
6.7631e+02
6.7737e+02
6.7845e+02
6.7956e+02
6.8069e+02
6.8185e+02
6.8303e+02
6.8423e+02
6.8541e+02
6.8656e+02
6.8767e+02
6.8869e+02
6.8962e+02
6.9044e+02
6.9111e+02
6.9163e+02
6.9197e+02
6.9211e+02
6.9207e+02
6.9185e+02
6.9147e+02
6.9097e+02
6.9041e+02
6.8987e+02
6.8940e+02
6.8909e+02
6.8901e+02
6.8919e+02
6.8967e+02
6.9046e+02
6.9153e+02
6.9286e+02
6.9439e+02
6.9605e+02
6.9779e+02
6.9955e+02
7.0128e+02
7.0295e+02
7.0455e+02
7.0607e+02
7.0754e+02
7.0895e+02
7.1032e+02
7.1166e+02
7.1298e+02
7.1426e+02
7.1547e+02
7.1653e+02
7.1737e+02
7.1790e+02
7.1803e+02
7.1765e+02
7.1670e+02
7.1509e+02
7.1280e+02
7.0982e+02
7.0619e+02
7.0201e+02
6.9740e+02
6.9252e+02
6.8754e+02
6.8262e+02
6.7792e+02
6.7357e+02
6.6968e+02
6.6630e+02
6.6346e+02
6.6113e+02
6.5929e+02
6.5787e+02
6.5681e+02
6.5604e+02
6.5551e+02
6.5515e+02
6.5492e+02
6.5477e+02
6.5468e+02
6.5462e+02
6.5457e+02
6.5452e+02
6.5446e+02
6.5437e+02
6.5425e+02
6.5411e+02
6.5396e+02
6.5384e+02
6.5378e+02
6.5380e+02
6.5395e+02
6.5422e+02
6.5464e+02
6.5518e+02
6.5582e+02
6.5653e+02
6.5727e+02
6.5801e+02
6.5869e+02
6.5929e+02
6.5979e+02
6.6018e+02
6.6046e+02
6.6066e+02
6.6079e+02
6.6090e+02
6.6103e+02
6.6119e+02
6.6143e+02
6.6174e+02
6.6214e+02
6.6263e+02
6.6321e+02
6.6387e+02
6.6460e+02
6.6537e+02
6.6616e+02
6.6696e+02
6.6775e+02
6.6850e+02
6.6920e+02
6.6984e+02
6.7041e+02
6.7090e+02
6.7134e+02
6.7172e+02
6.7207e+02
6.7241e+02
6.7278e+02
6.7321e+02
6.7372e+02
6.7435e+02
6.7510e+02
6.7598e+02
6.7700e+02
6.7815e+02
6.7941e+02
6.8077e+02
6.8222e+02
6.8377e+02
6.8544e+02
6.8725e+02
6.8923e+02
6.9143e+02
6.9389e+02
6.9664e+02
6.9974e+02
7.0321e+02
7.0704e+02
7.1121e+02
7.1570e+02
7.2044e+02
7.2537e+02
7.3039e+02
7.3541e+02
7.4034e+02
7.4510e+02
7.4961e+02
7.5381e+02
7.5765e+02
7.6110e+02
7.6414e+02
7.6680e+02
7.6907e+02
7.7101e+02
7.7263e+02
7.7402e+02
7.7521e+02
7.7628e+02
7.7727e+02
7.7824e+02
7.7921e+02
7.8022e+02
7.8129e+02
7.8242e+02
7.8360e+02
7.8481e+02
7.8606e+02
7.8728e+02
7.8848e+02
7.8963e+02
7.9071e+02
7.9170e+02
7.9260e+02
7.9341e+02
7.9413e+02
7.9477e+02
7.9535e+02
7.9587e+02
7.9635e+02
7.9679e+02
7.9721e+02
7.9760e+02
7.9795e+02
7.9824e+02
7.9845e+02
7.9856e+02
7.9853e+02
7.9832e+02
7.9792e+02
7.9731e+02
7.9647e+02
7.9542e+02
7.9418e+02
7.9277e+02
7.9126e+02
7.8968e+02
7.8811e+02
7.8658e+02
7.8517e+02
7.8390e+02
7.8280e+02
7.8188e+02
7.8116e+02
7.8060e+02
7.8020e+02
7.7992e+02
7.7973e+02
7.7960e+02
7.7951e+02
7.7944e+02
7.7939e+02
7.7936e+02
7.7936e+02
7.7939e+02
7.7949e+02
7.7965e+02
7.7988e+02
7.8017e+02
7.8052e+02
7.8091e+02
7.8131e+02
7.8171e+02
7.8207e+02
7.8239e+02
7.8267e+02
7.8292e+02
7.8319e+02
7.8350e+02
7.8392e+02
7.8450e+02
7.8529e+02
7.8633e+02
7.8764e+02
7.8924e+02
7.9110e+02
7.9319e+02
7.9544e+02
7.9779e+02
8.0017e+02
8.0251e+02
8.0474e+02
8.0684e+02
8.0878e+02
8.1056e+02
8.1220e+02
8.1375e+02
8.1524e+02
8.1672e+02
8.1823e+02
8.1982e+02
8.2149e+02
8.2328e+02
8.2517e+02
8.2715e+02
8.2922e+02
8.3132e+02
8.3345e+02
8.3559e+02
8.3775e+02
8.3994e+02
8.4221e+02
8.4458e+02
8.4713e+02
8.4990e+02
8.5295e+02
8.5630e+02
8.5998e+02
8.6396e+02
8.6818e+02
8.7257e+02
8.7701e+02
8.8135e+02
8.8546e+02
8.8919e+02
8.9244e+02
8.9508e+02
8.9703e+02
8.9825e+02
8.9870e+02
8.9840e+02
8.9736e+02
8.9562e+02
8.9320e+02
8.9015e+02
8.8649e+02
8.8228e+02
8.7756e+02
8.7239e+02
8.6685e+02
8.6102e+02
8.5503e+02
8.4898e+02
8.4302e+02
8.3726e+02
8.3185e+02
8.2689e+02
8.2248e+02
8.1868e+02
8.1553e+02
8.1304e+02
8.1118e+02
8.0992e+02
8.0922e+02
8.0906e+02
8.0940e+02
8.1021e+02
8.1149e+02
8.1326e+02
8.1558e+02
8.1850e+02
8.2208e+02
8.2636e+02
8.3137e+02
8.3711e+02
8.4357e+02
8.5067e+02
8.5829e+02
8.6630e+02
8.7449e+02
8.8267e+02
8.9063e+02
8.9816e+02
9.0507e+02
9.1122e+02
9.1648e+02
9.2079e+02
9.2411e+02
9.2646e+02
9.2786e+02
9.2839e+02
9.2812e+02
9.2713e+02
9.2552e+02
9.2337e+02
9.2075e+02
9.1771e+02
9.1432e+02
9.1064e+02
9.0670e+02
9.0256e+02
8.9825e+02
8.9379e+02
8.8920e+02
8.8450e+02
8.7967e+02
8.7472e+02
8.6965e+02
8.6443e+02
8.5906e+02
8.5352e+02
8.4784e+02
8.4201e+02
8.3608e+02
8.3007e+02
8.2405e+02
8.1804e+02
8.1208e+02
8.0621e+02
8.0044e+02
7.9476e+02
7.8918e+02
7.8367e+02
7.7821e+02
7.7279e+02
7.6739e+02
7.6200e+02
7.5663e+02
7.5131e+02
7.4605e+02
7.4088e+02
7.3582e+02
7.3088e+02
7.2609e+02
7.2144e+02
7.1691e+02
7.1251e+02
7.0821e+02
7.0401e+02
6.9990e+02
6.9592e+02
6.9208e+02
6.8841e+02
6.8496e+02
6.8176e+02
6.7884e+02
6.7622e+02
6.7390e+02
6.7187e+02
6.7009e+02
6.6850e+02
6.6707e+02
6.6573e+02
6.6445e+02
6.6316e+02
6.6183e+02
6.6045e+02
6.5898e+02
6.5738e+02
6.5560e+02
6.5360e+02
6.5132e+02
6.4871e+02
6.4570e+02
6.4222e+02
6.3824e+02
6.3375e+02
6.2876e+02
6.2333e+02
6.1754e+02
6.1151e+02
6.0538e+02
5.9929e+02
5.9339e+02
5.8783e+02
5.8271e+02
5.7811e+02
5.7411e+02
5.7069e+02
5.6787e+02
5.6560e+02
5.6383e+02
5.6247e+02
5.6146e+02
5.6073e+02
5.6021e+02
5.5983e+02
5.5952e+02
5.5926e+02
5.5901e+02
5.5877e+02
5.5856e+02
5.5839e+02
5.5831e+02
5.5836e+02
5.5860e+02
5.5910e+02
5.5990e+02
5.6106e+02
5.6261e+02
5.6454e+02
5.6682e+02
5.6941e+02
5.7221e+02
5.7514e+02
5.7806e+02
5.8088e+02
5.8349e+02
5.8580e+02
5.8775e+02
5.8931e+02
5.9051e+02
5.9139e+02
5.9205e+02
5.9256e+02
5.9306e+02
5.9365e+02
5.9443e+02
5.9550e+02
5.9689e+02
5.9864e+02
6.0073e+02
6.0309e+02
6.0563e+02
6.0826e+02
6.1085e+02
6.1329e+02
6.1548e+02
6.1734e+02
6.1880e+02
6.1985e+02
6.2049e+02
6.2078e+02
6.2079e+02
6.2062e+02
6.2036e+02
6.2013e+02
6.2002e+02
6.2010e+02
6.2043e+02
6.2103e+02
6.2190e+02
6.2300e+02
6.2430e+02
6.2574e+02
6.2726e+02
6.2884e+02
6.3043e+02
6.3202e+02
6.3361e+02
6.3520e+02
6.3676e+02
6.3828e+02
6.3972e+02
6.4101e+02
6.4206e+02
6.4275e+02
6.4299e+02
6.4264e+02
6.4162e+02
6.3989e+02
6.3743e+02
6.3431e+02
6.3062e+02
6.2654e+02
6.2227e+02
6.1803e+02
6.1404e+02
6.1052e+02
6.0763e+02
6.0551e+02
6.0425e+02
6.0385e+02
6.0430e+02
6.0553e+02
6.0743e+02
6.0987e+02
6.1268e+02
6.1569e+02
6.1870e+02
6.2154e+02
6.2405e+02
6.2609e+02
6.2757e+02
6.2841e+02
6.2858e+02
6.2812e+02
6.2712e+02
6.2571e+02
6.2406e+02
6.2239e+02
6.2090e+02
6.1979e+02
6.1923e+02
6.1936e+02
6.2025e+02
6.2189e+02
6.2424e+02
6.2720e+02
6.3064e+02
6.3442e+02
6.3839e+02
6.4240e+02
6.4636e+02
6.5017e+02
6.5378e+02
6.5717e+02
6.6035e+02
6.6337e+02
6.6628e+02
6.6915e+02
6.7205e+02
6.7505e+02
6.7823e+02
6.8166e+02
6.8541e+02
6.8953e+02
6.9404e+02
6.9892e+02
7.0406e+02
7.0934e+02
7.1457e+02
7.1950e+02
7.2390e+02
7.2747e+02
7.2996e+02
7.3114e+02
7.3087e+02
7.2908e+02
7.2582e+02
7.2119e+02
7.1541e+02
7.0874e+02
7.0151e+02
6.9403e+02
6.8663e+02
6.7959e+02
6.7317e+02
6.6752e+02
6.6277e+02
6.5896e+02
6.5611e+02
6.5418e+02
6.5312e+02
6.5285e+02
6.5326e+02
6.5428e+02
6.5577e+02
6.5764e+02
6.5978e+02
6.6211e+02
6.6457e+02
6.6707e+02
6.6955e+02
6.7197e+02
6.7428e+02
6.7650e+02
6.7861e+02
6.8066e+02
6.8267e+02
6.8469e+02
6.8677e+02
6.8895e+02
6.9125e+02
6.9367e+02
6.9619e+02
6.9878e+02
7.0137e+02
7.0389e+02
7.0625e+02
7.0836e+02
7.1014e+02
7.1151e+02
7.1244e+02
7.1291e+02
7.1293e+02
7.1255e+02
7.1187e+02
7.1096e+02
7.0995e+02
7.0893e+02
7.0801e+02
7.0723e+02
7.0663e+02
7.0623e+02
7.0601e+02
7.0589e+02
7.0580e+02
7.0566e+02
7.0536e+02
7.0483e+02
7.0398e+02
7.0280e+02
7.0125e+02
6.9936e+02
6.9720e+02
6.9483e+02
6.9233e+02
6.8979e+02
6.8728e+02
6.8486e+02
6.8259e+02
6.8052e+02
6.7868e+02
6.7710e+02
6.7579e+02
6.7477e+02
6.7403e+02
6.7360e+02
6.7348e+02
6.7366e+02
6.7415e+02
6.7493e+02
6.7597e+02
6.7723e+02
6.7867e+02
6.8025e+02
6.8191e+02
6.8363e+02
6.8537e+02
6.8713e+02
6.8889e+02
6.9067e+02
6.9245e+02
6.9426e+02
6.9608e+02
6.9792e+02
6.9974e+02
7.0154e+02
7.0327e+02
7.0492e+02
7.0645e+02
7.0784e+02
7.0908e+02
7.1018e+02
7.1115e+02
7.1202e+02
7.1283e+02
7.1364e+02
7.1449e+02
7.1544e+02
7.1654e+02
7.1781e+02
7.1928e+02
7.2095e+02
7.2280e+02
7.2479e+02
7.2687e+02
7.2900e+02
7.3111e+02
7.3315e+02
7.3507e+02
7.3683e+02
7.3843e+02
7.3988e+02
7.4121e+02
7.4246e+02
7.4368e+02
7.4493e+02
7.4626e+02
7.4771e+02
7.4933e+02
7.5111e+02
7.5305e+02
7.5513e+02
7.5731e+02
7.5957e+02
7.6185e+02
7.6412e+02
7.6634e+02
7.6848e+02
7.7053e+02
7.7248e+02
7.7432e+02
7.7605e+02
7.7767e+02
7.7921e+02
7.8066e+02
7.8202e+02
7.8333e+02
7.8458e+02
7.8579e+02
7.8700e+02
7.8821e+02
7.8947e+02
7.9081e+02
7.9224e+02
7.9381e+02
7.9553e+02
7.9741e+02
7.9946e+02
8.0164e+02
8.0394e+02
8.0632e+02
8.0871e+02
8.1108e+02
8.1336e+02
8.1550e+02
8.1746e+02
8.1922e+02
8.2076e+02
8.2209e+02
8.2325e+02
8.2426e+02
8.2519e+02
8.2607e+02
8.2697e+02
8.2793e+02
8.2898e+02
8.3015e+02
8.3145e+02
8.3287e+02
8.3439e+02
8.3599e+02
8.3761e+02
8.3924e+02
8.4082e+02
8.4231e+02
8.4369e+02
8.4492e+02
8.4599e+02
8.4690e+02
8.4763e+02
8.4820e+02
8.4861e+02
8.4887e+02
8.4901e+02
8.4902e+02
8.4892e+02
8.4869e+02
8.4836e+02
8.4790e+02
8.4731e+02
8.4659e+02
8.4574e+02
8.4477e+02
8.4370e+02
8.4256e+02
8.4140e+02
8.4028e+02
8.3924e+02
8.3834e+02
8.3762e+02
8.3712e+02
8.3684e+02
8.3681e+02
8.3700e+02
8.3740e+02
8.3798e+02
8.3870e+02
8.3951e+02
8.4038e+02
8.4125e+02
8.4209e+02
8.4288e+02
8.4358e+02
8.4415e+02
8.4455e+02
8.4476e+02
8.4474e+02
8.4449e+02
8.4400e+02
8.4324e+02
8.4223e+02
8.4098e+02
8.3951e+02
8.3785e+02
8.3601e+02
8.3382e+02
8.3084e+02
8.2653e+02
8.2019e+02
8.1102e+02
7.9809e+02
7.8046e+02
7.5729e+02
7.2793e+02
6.9208e+02
6.4982e+02
6.0172e+02
5.4881e+02
4.9253e+02
4.3461e+02
