1.7062e+02
1.8276e+02
1.9414e+02
2.0446e+02
2.1349e+02
2.2111e+02
2.2733e+02
2.3220e+02
2.3588e+02
2.3859e+02
2.4057e+02
2.4205e+02
2.4327e+02
2.4444e+02
2.4575e+02
2.4738e+02
2.4944e+02
2.5197e+02
2.5502e+02
2.5858e+02
2.6263e+02
2.6710e+02
2.7189e+02
2.7686e+02
2.8188e+02
2.8677e+02
2.9138e+02
2.9557e+02
2.9924e+02
3.0233e+02
3.0480e+02
3.0668e+02
3.0801e+02
3.0887e+02
3.0937e+02
3.0960e+02
3.0969e+02
3.0971e+02
3.0972e+02
3.0977e+02
3.0984e+02
3.0988e+02
3.0986e+02
3.0970e+02
3.0932e+02
3.0867e+02
3.0768e+02
3.0633e+02
3.0463e+02
3.0261e+02
3.0034e+02
2.9790e+02
2.9540e+02
2.9294e+02
2.9062e+02
2.8852e+02
2.8669e+02
2.8517e+02
2.8396e+02
2.8304e+02
2.8237e+02
2.8192e+02
2.8163e+02
2.8150e+02
2.8151e+02
2.8167e+02
2.8199e+02
2.8251e+02
2.8325e+02
2.8426e+02
2.8555e+02
2.8713e+02
2.8897e+02
2.9102e+02
2.9322e+02
2.9547e+02
2.9769e+02
2.9979e+02
3.0165e+02
3.0319e+02
3.0433e+02
3.0503e+02
3.0525e+02
3.0500e+02
3.0426e+02
3.0308e+02
3.0149e+02
2.9954e+02
2.9728e+02
2.9476e+02
2.9208e+02
2.8928e+02
2.8645e+02
2.8365e+02
2.8095e+02
2.7841e+02
2.7609e+02
2.7403e+02
2.7225e+02
2.7077e+02
2.6960e+02
2.6874e+02
2.6819e+02
2.6795e+02
2.6799e+02
2.6833e+02
2.6893e+02
2.6981e+02
2.7095e+02
2.7235e+02
2.7398e+02
2.7580e+02
2.7777e+02
2.7980e+02
2.8183e+02
2.8375e+02
2.8543e+02
2.8678e+02
2.8768e+02
2.8806e+02
2.8784e+02
2.8695e+02
2.8536e+02
2.8308e+02
2.8014e+02
2.7658e+02
2.7248e+02
2.6795e+02
2.6308e+02
2.5800e+02
2.5281e+02
2.4764e+02
2.4257e+02
2.3774e+02
2.3326e+02
2.2926e+02
2.2587e+02
2.2321e+02
2.2138e+02
2.2049e+02
2.2062e+02
2.2182e+02
2.2410e+02
2.2741e+02
2.3165e+02
2.3663e+02
2.4212e+02
2.4786e+02
2.5356e+02
2.5892e+02
2.6365e+02
2.6752e+02
2.7033e+02
2.7195e+02
2.7234e+02
2.7152e+02
2.6959e+02
2.6668e+02
2.6299e+02
2.5875e+02
2.5418e+02
2.4953e+02
2.4502e+02
2.4085e+02
2.3720e+02
2.3418e+02
2.3187e+02
2.3029e+02
2.2943e+02
2.2924e+02
2.2963e+02
2.3047e+02
2.3161e+02
2.3292e+02
2.3423e+02
2.3541e+02
2.3636e+02
2.3702e+02
2.3736e+02
2.3737e+02
2.3707e+02
2.3649e+02
2.3568e+02
2.3472e+02
2.3367e+02
2.3259e+02
2.3152e+02
2.3053e+02
2.2963e+02
2.2887e+02
2.2827e+02
2.2784e+02
2.2761e+02
2.2756e+02
2.2769e+02
2.2799e+02
2.2841e+02
2.2890e+02
2.2943e+02
2.2992e+02
2.3032e+02
2.3057e+02
2.3064e+02
2.3048e+02
2.3009e+02
2.2950e+02
2.2873e+02
2.2785e+02
2.2689e+02
2.2595e+02
2.2508e+02
2.2434e+02
2.2377e+02
2.2337e+02
2.2313e+02
2.2303e+02
2.2301e+02
2.2298e+02
2.2288e+02
2.2262e+02
2.2212e+02
2.2132e+02
2.2019e+02
2.1873e+02
2.1693e+02
2.1482e+02
2.1244e+02
2.0983e+02
2.0704e+02
2.0412e+02
2.0110e+02
1.9800e+02
1.9483e+02
1.9164e+02
1.8843e+02
1.8525e+02
1.8212e+02
1.7909e+02
1.7622e+02
1.7356e+02
1.7114e+02
1.6901e+02
1.6717e+02
1.6561e+02
1.6432e+02
1.6325e+02
1.6231e+02
1.6141e+02
1.6049e+02
1.5947e+02
1.5829e+02
1.5695e+02
1.5546e+02
1.5387e+02
1.5227e+02
1.5078e+02
1.4954e+02
1.4870e+02
1.4841e+02
1.4878e+02
1.4988e+02
1.5175e+02
1.5440e+02
1.5778e+02
1.6182e+02
1.6642e+02
1.7146e+02
1.7684e+02
1.8245e+02
1.8821e+02
1.9405e+02
1.9989e+02
2.0567e+02
2.1131e+02
2.1670e+02
2.2174e+02
2.2630e+02
2.3024e+02
2.3344e+02
2.3577e+02
2.3715e+02
2.3751e+02
2.3688e+02
2.3532e+02
2.3292e+02
2.2984e+02
2.2625e+02
2.2233e+02
2.1827e+02
2.1424e+02
2.1037e+02
2.0679e+02
2.0357e+02
2.0078e+02
1.9843e+02
1.9655e+02
1.9513e+02
1.9418e+02
1.9369e+02
1.9366e+02
1.9406e+02
1.9489e+02
1.9610e+02
1.9767e+02
1.9956e+02
2.0169e+02
2.0400e+02
2.0640e+02
2.0880e+02
2.1113e+02
2.1330e+02
2.1526e+02
2.1695e+02
2.1834e+02
2.1941e+02
2.2016e+02
2.2063e+02
2.2085e+02
2.2086e+02
2.2072e+02
2.2048e+02
2.2019e+02
2.1989e+02
2.1963e+02
2.1942e+02
2.1928e+02
2.1922e+02
2.1923e+02
2.1930e+02
2.1941e+02
2.1952e+02
2.1962e+02
2.1966e+02
2.1962e+02
2.1947e+02
2.1922e+02
2.1884e+02
2.1836e+02
2.1780e+02
2.1719e+02
2.1658e+02
2.1602e+02
2.1556e+02
2.1523e+02
2.1507e+02
2.1513e+02
2.1542e+02
2.1594e+02
2.1670e+02
2.1770e+02
2.1894e+02
2.2040e+02
2.2206e+02
2.2389e+02
2.2585e+02
2.2789e+02
2.2995e+02
2.3196e+02
2.3382e+02
2.3545e+02
2.3675e+02
2.3764e+02
2.3808e+02
2.3801e+02
2.3743e+02
2.3637e+02
2.3490e+02
2.3313e+02
2.3117e+02
2.2917e+02
2.2728e+02
2.2564e+02
2.2438e+02
2.2359e+02
2.2334e+02
2.2364e+02
2.2447e+02
2.2576e+02
2.2745e+02
2.2939e+02
2.3148e+02
2.3359e+02
2.3560e+02
2.3742e+02
2.3898e+02
2.4026e+02
2.4127e+02
2.4207e+02
2.4277e+02
2.4355e+02
2.4461e+02
2.4621e+02
2.4861e+02
2.5208e+02
2.5686e+02
2.6315e+02
2.7108e+02
2.8068e+02
2.9187e+02
3.0444e+02
3.1807e+02
3.3235e+02
3.4679e+02
3.6088e+02
3.7410e+02
3.8600e+02
3.9621e+02
4.0445e+02
4.1057e+02
4.1448e+02
4.1620e+02
4.1577e+02
4.1330e+02
4.0892e+02
4.0275e+02
3.9491e+02
3.8551e+02
3.7470e+02
3.6263e+02
3.4951e+02
3.3561e+02
3.2126e+02
3.0681e+02
2.9268e+02
2.7924e+02
2.6687e+02
2.5587e+02
2.4644e+02
2.3867e+02
2.3257e+02
2.2802e+02
2.2486e+02
2.2284e+02
2.2172e+02
2.2123e+02
2.2114e+02
2.2124e+02
2.2139e+02
2.2144e+02
2.2132e+02
2.2101e+02
2.2052e+02
2.1986e+02
2.1905e+02
2.1812e+02
2.1709e+02
2.1600e+02
2.1490e+02
2.1380e+02
2.1275e+02
2.1180e+02
2.1096e+02
2.1028e+02
2.0976e+02
2.0944e+02
2.0931e+02
2.0938e+02
2.0963e+02
2.1004e+02
2.1058e+02
2.1121e+02
2.1188e+02
2.1253e+02
2.1311e+02
2.1354e+02
2.1376e+02
2.1374e+02
2.1344e+02
2.1284e+02
2.1194e+02
2.1077e+02
2.0938e+02
2.0784e+02
2.0626e+02
2.0473e+02
2.0337e+02
2.0228e+02
2.0155e+02
2.0127e+02
2.0147e+02
2.0219e+02
2.0340e+02
2.0506e+02
2.0710e+02
2.0942e+02
2.1190e+02
2.1444e+02
2.1690e+02
2.1917e+02
2.2113e+02
2.2270e+02
2.2380e+02
2.2439e+02
2.2446e+02
2.2400e+02
2.2309e+02
2.2177e+02
2.2015e+02
2.1835e+02
2.1649e+02
2.1473e+02
2.1318e+02
2.1197e+02
2.1118e+02
2.1086e+02
2.1101e+02
2.1159e+02
2.1248e+02
2.1356e+02
2.1463e+02
2.1552e+02
2.1603e+02
2.1595e+02
2.1516e+02
2.1354e+02
2.1103e+02
2.0767e+02
2.0350e+02
1.9867e+02
1.9334e+02
1.8772e+02
1.8203e+02
1.7651e+02
1.7138e+02
1.6682e+02
1.6300e+02
1.6003e+02
1.5802e+02
1.5698e+02
1.5692e+02
1.5779e+02
1.5951e+02
1.6199e+02
1.6508e+02
1.6864e+02
1.7248e+02
1.7644e+02
1.8032e+02
1.8393e+02
1.8712e+02
1.8971e+02
1.9159e+02
1.9265e+02
1.9284e+02
1.9214e+02
1.9058e+02
1.8826e+02
1.8531e+02
1.8191e+02
1.7827e+02
1.7465e+02
1.7128e+02
1.6842e+02
1.6630e+02
1.6510e+02
1.6499e+02
1.6603e+02
1.6823e+02
1.7150e+02
1.7569e+02
1.8060e+02
1.8600e+02
1.9160e+02
1.9718e+02
2.0251e+02
2.0741e+02
2.1177e+02
2.1556e+02
2.1881e+02
2.2160e+02
2.2405e+02
2.2629e+02
2.2844e+02
2.3063e+02
2.3293e+02
2.3540e+02
2.3802e+02
2.4077e+02
2.4358e+02
2.4640e+02
2.4917e+02
2.5186e+02
2.5446e+02
2.5698e+02
2.5948e+02
2.6202e+02
2.6466e+02
2.6744e+02
2.7040e+02
2.7354e+02
2.7683e+02
2.8018e+02
2.8347e+02
2.8652e+02
2.8914e+02
2.9111e+02
2.9220e+02
2.9223e+02
2.9101e+02
2.8845e+02
2.8448e+02
2.7915e+02
2.7255e+02
2.6487e+02
2.5636e+02
2.4730e+02
2.3802e+02
2.2886e+02
2.2014e+02
2.1213e+02
2.0505e+02
1.9903e+02
1.9413e+02
1.9031e+02
1.8749e+02
1.8549e+02
1.8410e+02
1.8309e+02
1.8225e+02
1.8141e+02
1.8041e+02
1.7917e+02
1.7763e+02
1.7580e+02
1.7370e+02
1.7143e+02
1.6907e+02
1.6673e+02
1.6453e+02
1.6256e+02
1.6092e+02
1.5969e+02
1.5895e+02
1.5876e+02
1.5916e+02
1.6016e+02
1.6176e+02
1.6393e+02
1.6661e+02
1.6969e+02
1.7304e+02
1.7648e+02
1.7985e+02
1.8297e+02
1.8568e+02
1.8787e+02
1.8945e+02
1.9039e+02
1.9074e+02
1.9057e+02
1.8998e+02
1.8910e+02
1.8809e+02
1.8707e+02
1.8616e+02
1.8544e+02
1.8494e+02
1.8465e+02
1.8454e+02
1.8454e+02
1.8458e+02
1.8459e+02
1.8449e+02
1.8424e+02
1.8382e+02
1.8322e+02
1.8246e+02
1.8158e+02
1.8060e+02
1.7956e+02
1.7848e+02
1.7739e+02
1.7629e+02
1.7518e+02
1.7403e+02
1.7281e+02
1.7147e+02
1.6998e+02
1.6831e+02
1.6642e+02
1.6431e+02
1.6196e+02
1.5939e+02
1.5662e+02
1.5365e+02
1.5055e+02
1.4735e+02
1.4411e+02
1.4088e+02
1.3773e+02
1.3471e+02
1.3186e+02
1.2924e+02
1.2686e+02
1.2475e+02
1.2292e+02
1.2137e+02
1.2009e+02
1.1909e+02
1.1834e+02
1.1784e+02
1.1758e+02
1.1756e+02
1.1776e+02
1.1817e+02
1.1878e+02
1.1957e+02
1.2051e+02
1.2156e+02
1.2267e+02
1.2380e+02
1.2489e+02
1.2588e+02
1.2675e+02
1.2747e+02
1.2802e+02
1.2842e+02
1.2868e+02
1.2883e+02
1.2892e+02
1.2899e+02
1.2910e+02
1.2927e+02
1.2953e+02
1.2990e+02
1.3039e+02
1.3098e+02
1.3165e+02
1.3236e+02
1.3309e+02
1.3380e+02
1.3448e+02
1.3512e+02
1.3571e+02
1.3627e+02
1.3684e+02
1.3744e+02
1.3811e+02
1.3889e+02
1.3980e+02
1.4085e+02
1.4203e+02
1.4333e+02
1.4470e+02
1.4609e+02
1.4743e+02
1.4868e+02
1.4975e+02
1.5059e+02
1.5116e+02
1.5142e+02
1.5137e+02
1.5101e+02
1.5037e+02
1.4947e+02
1.4837e+02
1.4711e+02
1.4576e+02
1.4439e+02
1.4303e+02
1.4176e+02
1.4061e+02
1.3961e+02
1.3878e+02
1.3814e+02
1.3769e+02
1.3743e+02
1.3736e+02
1.3748e+02
1.3781e+02
1.3836e+02
1.3912e+02
1.4011e+02
1.4133e+02
1.4281e+02
1.4451e+02
1.4643e+02
1.4852e+02
1.5073e+02
1.5302e+02
1.5529e+02
1.5750e+02
1.5955e+02
1.6140e+02
1.6299e+02
1.6428e+02
1.6525e+02
1.6592e+02
1.6627e+02
1.6635e+02
1.6618e+02
1.6582e+02
1.6530e+02
1.6467e+02
1.6401e+02
1.6334e+02
1.6272e+02
1.6221e+02
1.6184e+02
1.6165e+02
1.6167e+02
1.6193e+02
1.6242e+02
1.6315e+02
1.6408e+02
1.6518e+02
1.6640e+02
1.6766e+02
1.6891e+02
1.7008e+02
1.7111e+02
1.7195e+02
1.7256e+02
1.7293e+02
1.7309e+02
1.7307e+02
1.7295e+02
1.7281e+02
1.7274e+02
1.7286e+02
1.7324e+02
1.7397e+02
1.7510e+02
1.7666e+02
1.7864e+02
1.8099e+02
1.8366e+02
1.8653e+02
1.8951e+02
1.9248e+02
1.9533e+02
1.9797e+02
2.0031e+02
2.0232e+02
2.0396e+02
2.0524e+02
2.0619e+02
2.0682e+02
2.0718e+02
2.0732e+02
2.0728e+02
2.0709e+02
2.0679e+02
2.0641e+02
2.0598e+02
2.0552e+02
2.0502e+02
2.0450e+02
2.0399e+02
2.0349e+02
2.0299e+02
2.0252e+02
2.0207e+02
2.0163e+02
2.0121e+02
2.0080e+02
2.0038e+02
1.9996e+02
1.9954e+02
1.9910e+02
1.9867e+02
1.9824e+02
1.9781e+02
1.9742e+02
1.9705e+02
1.9674e+02
1.9647e+02
1.9627e+02
1.9614e+02
1.9609e+02
1.9612e+02
1.9621e+02
1.9637e+02
1.9658e+02
1.9681e+02
1.9705e+02
1.9729e+02
1.9750e+02
1.9769e+02
1.9784e+02
1.9794e+02
1.9803e+02
1.9808e+02
1.9813e+02
1.9820e+02
1.9830e+02
1.9847e+02
1.9873e+02
1.9910e+02
1.9961e+02
2.0028e+02
2.0114e+02
2.0220e+02
2.0348e+02
2.0498e+02
2.0668e+02
2.0857e+02
2.1059e+02
2.1270e+02
2.1482e+02
2.1689e+02
2.1883e+02
2.2059e+02
2.2213e+02
2.2341e+02
2.2445e+02
2.2527e+02
2.2590e+02
2.2642e+02
2.2687e+02
2.2732e+02
2.2782e+02
2.2840e+02
2.2907e+02
2.2984e+02
2.3068e+02
2.3155e+02
2.3241e+02
2.3322e+02
2.3393e+02
2.3452e+02
2.3497e+02
2.3526e+02
2.3539e+02
2.3538e+02
2.3526e+02
2.3505e+02
2.3479e+02
2.3450e+02
2.3422e+02
2.3397e+02
2.3378e+02
2.3367e+02
2.3365e+02
2.3374e+02
2.3395e+02
2.3427e+02
2.3468e+02
2.3519e+02
2.3573e+02
2.3628e+02
2.3679e+02
2.3720e+02
2.3744e+02
2.3748e+02
2.3725e+02
2.3673e+02
2.3591e+02
2.3479e+02
2.3340e+02
2.3178e+02
2.2998e+02
2.2807e+02
2.2612e+02
2.2422e+02
2.2243e+02
2.2085e+02
2.1954e+02
2.1858e+02
2.1804e+02
2.1799e+02
2.1847e+02
2.1954e+02
2.2121e+02
2.2347e+02
2.2628e+02
2.2959e+02
2.3327e+02
2.3719e+02
2.4120e+02
2.4512e+02
2.4880e+02
2.5207e+02
2.5479e+02
2.5688e+02
2.5828e+02
2.5897e+02
2.5900e+02
2.5841e+02
2.5730e+02
2.5580e+02
2.5402e+02
2.5210e+02
2.5016e+02
2.4828e+02
2.4657e+02
2.4508e+02
2.4383e+02
2.4287e+02
2.4218e+02
2.4178e+02
2.4163e+02
2.4172e+02
2.4206e+02
2.4261e+02
2.4340e+02
2.4442e+02
2.4571e+02
2.4727e+02
2.4914e+02
2.5132e+02
2.5384e+02
2.5670e+02
2.5988e+02
2.6338e+02
2.6716e+02
2.7120e+02
2.7544e+02
2.7983e+02
2.8434e+02
2.8891e+02
2.9350e+02
2.9808e+02
3.0261e+02
3.0706e+02
3.1144e+02
3.1575e+02
3.1997e+02
3.2414e+02
3.2828e+02
3.3241e+02
3.3656e+02
3.4076e+02
3.4503e+02
3.4939e+02
3.5387e+02
3.5842e+02
3.6303e+02
3.6764e+02
3.7219e+02
3.7658e+02
3.8073e+02
3.8454e+02
3.8790e+02
3.9074e+02
3.9299e+02
3.9461e+02
3.9557e+02
3.9590e+02
3.9567e+02
3.9494e+02
3.9384e+02
3.9247e+02
3.9096e+02
3.8944e+02
3.8800e+02
3.8674e+02
3.8570e+02
3.8492e+02
3.8440e+02
3.8411e+02
3.8402e+02
3.8409e+02
3.8426e+02
3.8447e+02
3.8469e+02
3.8485e+02
3.8492e+02
3.8488e+02
3.8471e+02
3.8438e+02
3.8388e+02
3.8318e+02
3.8228e+02
3.8116e+02
3.7981e+02
3.7826e+02
3.7650e+02
3.7458e+02
3.7253e+02
3.7040e+02
3.6824e+02
3.6610e+02
3.6404e+02
3.6210e+02
3.6030e+02
3.5865e+02
3.5714e+02
3.5575e+02
3.5444e+02
3.5317e+02
3.5189e+02
3.5058e+02
3.4919e+02
3.4769e+02
3.4607e+02
3.4430e+02
3.4241e+02
3.4040e+02
3.3828e+02
3.3605e+02
3.3374e+02
3.3133e+02
3.2884e+02
3.2626e+02
3.2361e+02
3.2088e+02
3.1812e+02
3.1536e+02
3.1269e+02
3.1017e+02
3.0791e+02
3.0600e+02
3.0455e+02
3.0363e+02
3.0330e+02
3.0358e+02
3.0445e+02
3.0584e+02
3.0763e+02
3.0970e+02
3.1188e+02
3.1401e+02
3.1592e+02
3.1749e+02
3.1863e+02
3.1929e+02
3.1944e+02
3.1905e+02
3.1812e+02
3.1667e+02
3.1470e+02
3.1220e+02
3.0916e+02
3.0552e+02
3.0127e+02
2.9638e+02
2.9087e+02
2.8476e+02
2.7814e+02
2.7113e+02
2.6387e+02
2.5656e+02
2.4938e+02
2.4252e+02
2.3614e+02
2.3035e+02
2.2526e+02
2.2091e+02
2.1729e+02
2.1439e+02
2.1214e+02
2.1050e+02
2.0941e+02
2.0883e+02
2.0871e+02
2.0902e+02
2.0976e+02
2.1090e+02
2.1245e+02
2.1440e+02
2.1668e+02
2.1925e+02
2.2202e+02
2.2489e+02
2.2774e+02
2.3044e+02
2.3285e+02
2.3486e+02
2.3637e+02
2.3732e+02
2.3765e+02
2.3737e+02
2.3649e+02
2.3508e+02
2.3323e+02
2.3103e+02
2.2859e+02
2.2600e+02
2.2335e+02
2.2071e+02
2.1815e+02
2.1568e+02
2.1331e+02
2.1104e+02
2.0885e+02
2.0674e+02
2.0468e+02
2.0269e+02
2.0075e+02
1.9890e+02
1.9716e+02
1.9556e+02
1.9415e+02
1.9295e+02
1.9200e+02
1.9131e+02
1.9093e+02
1.9086e+02
1.9112e+02
1.9172e+02
1.9265e+02
1.9392e+02
1.9554e+02
1.9749e+02
1.9977e+02
2.0235e+02
2.0521e+02
2.0829e+02
2.1153e+02
2.1484e+02
2.1814e+02
2.2134e+02
2.2434e+02
2.2706e+02
2.2942e+02
2.3138e+02
2.3289e+02
2.3395e+02
2.3458e+02
2.3480e+02
2.3467e+02
2.3425e+02
2.3361e+02
2.3280e+02
2.3190e+02
2.3095e+02
2.3001e+02
2.2913e+02
2.2834e+02
2.2764e+02
2.2706e+02
2.2660e+02
2.2627e+02
2.2604e+02
2.2591e+02
2.2586e+02
2.2584e+02
2.2582e+02
2.2576e+02
2.2563e+02
2.2539e+02
2.2502e+02
2.2450e+02
2.2380e+02
2.2296e+02
2.2198e+02
2.2090e+02
2.1977e+02
2.1864e+02
2.1756e+02
2.1659e+02
2.1576e+02
2.1511e+02
2.1467e+02
2.1443e+02
2.1439e+02
2.1453e+02
2.1480e+02
2.1516e+02
2.1556e+02
2.1595e+02
2.1629e+02
2.1654e+02
2.1666e+02
2.1663e+02
2.1644e+02
2.1609e+02
2.1560e+02
2.1497e+02
2.1424e+02
2.1341e+02
2.1251e+02
2.1158e+02
2.1064e+02
2.0971e+02
2.0882e+02
2.0800e+02
2.0725e+02
2.0662e+02
2.0611e+02
2.0573e+02
2.0550e+02
2.0542e+02
2.0549e+02
2.0569e+02
2.0603e+02
2.0647e+02
2.0701e+02
2.0764e+02
2.0835e+02
2.0912e+02
2.0993e+02
2.1079e+02
2.1165e+02
2.1251e+02
2.1333e+02
2.1406e+02
2.1466e+02
2.1507e+02
2.1526e+02
2.1518e+02
2.1482e+02
2.1417e+02
2.1325e+02
2.1210e+02
2.1076e+02
2.0925e+02
2.0759e+02
2.0581e+02
2.0389e+02
2.0181e+02
1.9952e+02
1.9698e+02
1.9413e+02
1.9095e+02
1.8742e+02
1.8355e+02
1.7939e+02
1.7502e+02
1.7051e+02
1.6600e+02
1.6159e+02
1.5743e+02
1.5365e+02
1.5035e+02
1.4764e+02
1.4560e+02
1.4432e+02
1.4385e+02
1.4421e+02
1.4542e+02
1.4745e+02
1.5023e+02
1.5366e+02
1.5758e+02
1.6182e+02
1.6617e+02
1.7043e+02
1.7440e+02
1.7789e+02
1.8076e+02
1.8290e+02
1.8428e+02
1.8490e+02
1.8483e+02
1.8417e+02
1.8303e+02
1.8155e+02
1.7989e+02
1.7816e+02
1.7645e+02
1.7484e+02
1.7333e+02
1.7190e+02
1.7050e+02
1.6905e+02
1.6745e+02
1.6561e+02
1.6344e+02
1.6087e+02
1.5788e+02
1.5451e+02
1.5080e+02
1.4689e+02
1.4292e+02
1.3907e+02
1.3553e+02
1.3248e+02
1.3009e+02
1.2847e+02
1.2772e+02
1.2788e+02
1.2895e+02
1.3087e+02
1.3355e+02
1.3691e+02
1.4082e+02
1.4518e+02
1.4984e+02
1.5470e+02
1.5962e+02
1.6452e+02
1.6927e+02
1.7377e+02
1.7792e+02
1.8161e+02
1.8473e+02
1.8718e+02
1.8889e+02
1.8978e+02
1.8983e+02
1.8902e+02
1.8740e+02
1.8503e+02
1.8201e+02
1.7848e+02
1.7460e+02
1.7053e+02
1.6645e+02
1.6252e+02
1.5889e+02
1.5565e+02
1.5288e+02
1.5064e+02
1.4895e+02
1.4779e+02
1.4712e+02
1.4687e+02
1.4700e+02
1.4744e+02
1.4810e+02
1.4894e+02
1.4988e+02
1.5086e+02
1.5183e+02
1.5274e+02
1.5353e+02
1.5418e+02
1.5466e+02
1.5497e+02
1.5510e+02
1.5508e+02
1.5491e+02
1.5464e+02
1.5428e+02
1.5387e+02
1.5340e+02
1.5289e+02
1.5230e+02
1.5161e+02
1.5078e+02
1.4978e+02
1.4858e+02
1.4718e+02
1.4556e+02
1.4374e+02
1.4177e+02
1.3967e+02
1.3751e+02
1.3535e+02
1.3322e+02
1.3116e+02
1.2919e+02
1.2732e+02
1.2555e+02
1.2392e+02
1.2245e+02
1.2119e+02
1.2019e+02
1.1953e+02
1.1931e+02
1.1961e+02
1.2051e+02
1.2206e+02
1.2425e+02
1.2703e+02
1.3031e+02
1.3393e+02
1.3768e+02
1.4135e+02
1.4467e+02
1.4744e+02
1.4946e+02
1.5060e+02
1.5079e+02
1.5005e+02
1.4844e+02
1.4608e+02
1.4315e+02
1.3981e+02
1.3628e+02
1.3272e+02
1.2929e+02
1.2608e+02
1.2316e+02
1.2052e+02
1.1814e+02
1.1597e+02
1.1397e+02
1.1211e+02
1.1040e+02
1.0885e+02
1.0752e+02
1.0651e+02
1.0595e+02
1.0597e+02
1.0669e+02
1.0822e+02
1.1062e+02
1.1392e+02
1.1807e+02
1.2299e+02
1.2854e+02
1.3455e+02
1.4082e+02
1.4715e+02
1.5334e+02
1.5923e+02
1.6469e+02
1.6962e+02
1.7397e+02
1.7770e+02
1.8078e+02
1.8321e+02
1.8498e+02
1.8610e+02
1.8660e+02
1.8650e+02
1.8582e+02
1.8457e+02
1.8278e+02
1.8052e+02
1.7785e+02
1.7486e+02
1.7164e+02
1.6828e+02
1.6491e+02
1.6160e+02
1.5845e+02
1.5553e+02
1.5291e+02
1.5063e+02
1.4873e+02
1.4724e+02
1.4616e+02
1.4549e+02
1.4523e+02
1.4534e+02
1.4578e+02
1.4652e+02
1.4751e+02
1.4867e+02
1.4996e+02
1.5130e+02
1.5264e+02
1.5395e+02
1.5518e+02
1.5628e+02
1.5724e+02
1.5803e+02
1.5864e+02
1.5905e+02
1.5926e+02
1.5929e+02
1.5913e+02
1.5882e+02
1.5840e+02
1.5790e+02
1.5739e+02
1.5691e+02
1.5651e+02
1.5626e+02
1.5617e+02
1.5624e+02
1.5646e+02
1.5676e+02
1.5706e+02
1.5729e+02
1.5733e+02
1.5710e+02
1.5650e+02
1.5547e+02
1.5399e+02
1.5205e+02
1.4972e+02
1.4707e+02
1.4421e+02
1.4123e+02
1.3826e+02
1.3539e+02
1.3271e+02
1.3029e+02
1.2814e+02
1.2629e+02
1.2475e+02
1.2350e+02
1.2253e+02
1.2185e+02
1.2145e+02
1.2135e+02
1.2153e+02
1.2199e+02
1.2270e+02
1.2361e+02
1.2466e+02
1.2578e+02
1.2685e+02
1.2779e+02
1.2848e+02
1.2883e+02
1.2879e+02
1.2832e+02
1.2744e+02
1.2619e+02
1.2461e+02
1.2279e+02
1.2082e+02
1.1878e+02
1.1672e+02
1.1472e+02
1.1279e+02
1.1098e+02
1.0929e+02
1.0774e+02
1.0631e+02
1.0501e+02
1.0384e+02
1.0280e+02
1.0188e+02
1.0107e+02
1.0037e+02
9.9737e+01
9.9168e+01
9.8619e+01
9.8061e+01
9.7455e+01
9.6771e+01
9.5987e+01
9.5097e+01
9.4110e+01
9.3039e+01
9.1909e+01
9.0744e+01
8.9579e+01
8.8443e+01
8.7355e+01
8.6322e+01
8.5337e+01
8.4392e+01
8.3467e+01
8.2539e+01
8.1582e+01
8.0567e+01
7.9467e+01
7.8267e+01
7.6973e+01
7.5586e+01
7.4124e+01
7.2606e+01
7.1058e+01
6.9508e+01
6.7984e+01
6.6513e+01
6.5109e+01
6.3791e+01
6.2564e+01
6.1433e+01
6.0397e+01
5.9445e+01
5.8563e+01
5.7730e+01
5.6930e+01
5.6139e+01
5.5347e+01
5.4534e+01
5.3692e+01
5.2814e+01
5.1902e+01
5.0967e+01
5.0024e+01
4.9105e+01
4.8238e+01
4.7457e+01
4.6799e+01
4.6309e+01
4.6020e+01
4.5952e+01
4.6124e+01
4.6540e+01
4.7200e+01
4.8081e+01
4.9142e+01
5.0316e+01
5.1527e+01
5.2695e+01
5.3727e+01
5.4534e+01
5.5028e+01
5.5141e+01
5.4826e+01
5.4072e+01
5.2908e+01
5.1397e+01
4.9639e+01
4.7756e+01
4.5902e+01
4.4228e+01
4.2889e+01
4.2022e+01
4.1734e+01
4.2088e+01
4.3097e+01
4.4736e+01
4.6930e+01
4.9570e+01
5.2506e+01
5.5585e+01
5.8666e+01
6.1609e+01
6.4306e+01
6.6680e+01
6.8690e+01
7.0327e+01
7.1629e+01
7.2644e+01
7.3428e+01
7.4044e+01
7.4548e+01
7.4989e+01
7.5390e+01
7.5766e+01
7.6112e+01
7.6412e+01
7.6645e+01
7.6789e+01
7.6831e+01
7.6755e+01
7.6570e+01
7.6283e+01
7.5910e+01
7.5473e+01
7.4991e+01
7.4488e+01
7.3979e+01
7.3482e+01
7.2999e+01
7.2548e+01
7.2132e+01
7.1753e+01
7.1411e+01
7.1099e+01
7.0810e+01
7.0532e+01
7.0254e+01
6.9942e+01
6.9563e+01
6.9084e+01
6.8468e+01
6.7678e+01
6.6681e+01
6.5460e+01
6.4010e+01
6.2353e+01
6.0519e+01
5.8560e+01
5.6544e+01
5.4548e+01
5.2668e+01
5.0987e+01
4.9590e+01
4.8547e+01
4.7920e+01
4.7743e+01
4.8027e+01
4.8761e+01
4.9911e+01
5.1431e+01
5.3247e+01
5.5281e+01
5.7448e+01
5.9669e+01
6.1868e+01
6.3976e+01
6.5941e+01
6.7735e+01
6.9354e+01
7.0805e+01
7.2103e+01
7.3272e+01
7.4344e+01
7.5347e+01
7.6295e+01
7.7199e+01
7.8041e+01
7.8816e+01
7.9506e+01
8.0090e+01
8.0542e+01
8.0841e+01
8.0981e+01
8.0962e+01
8.0799e+01
8.0511e+01
8.0135e+01
7.9713e+01
7.9283e+01
7.8881e+01
7.8537e+01
7.8283e+01
7.8141e+01
7.8128e+01
7.8244e+01
7.8492e+01
7.8870e+01
7.9368e+01
7.9971e+01
8.0654e+01
8.1395e+01
8.2169e+01
8.2948e+01
8.3698e+01
8.4386e+01
8.4990e+01
8.5489e+01
8.5872e+01
8.6125e+01
8.6252e+01
8.6263e+01
8.6187e+01
8.6056e+01
8.5899e+01
8.5753e+01
8.5646e+01
8.5604e+01
8.5628e+01
8.5713e+01
8.5838e+01
8.5978e+01
8.6100e+01
8.6163e+01
8.6129e+01
8.5957e+01
8.5628e+01
8.5130e+01
8.4466e+01
8.3656e+01
8.2730e+01
8.1734e+01
8.0711e+01
7.9715e+01
7.8785e+01
7.7960e+01
7.7267e+01
7.6718e+01
7.6318e+01
7.6054e+01
7.5908e+01
7.5847e+01
7.5839e+01
7.5843e+01
7.5826e+01
7.5763e+01
7.5627e+01
7.5398e+01
7.5057e+01
7.4596e+01
7.4002e+01
7.3282e+01
7.2431e+01
7.1450e+01
7.0345e+01
6.9126e+01
6.7815e+01
6.6428e+01
6.4998e+01
6.3552e+01
6.2126e+01
6.0751e+01
5.9448e+01
5.8240e+01
5.7133e+01
5.6135e+01
5.5241e+01
5.4445e+01
5.3740e+01
5.3119e+01
5.2574e+01
5.2103e+01
5.1710e+01
5.1381e+01
5.1111e+01
5.0881e+01
5.0661e+01
5.0420e+01
5.0114e+01
4.9695e+01
4.9114e+01
4.8333e+01
4.7313e+01
4.6038e+01
4.4511e+01
4.2745e+01
4.0771e+01
3.8630e+01
3.6368e+01
3.4021e+01
3.1629e+01
2.9212e+01
2.6784e+01
2.4353e+01
2.1923e+01
1.9498e+01
1.7083e+01
1.4700e+01
1.2366e+01
1.0120e+01
8.0017e+00
6.0597e+00
4.3467e+00
2.8974e+00
1.7410e+00
8.8389e-01
3.2161e-01
3.4057e-02
0000
1.9234e-01
5.8394e-01
1.1575e+00
1.9065e+00
2.8465e+00
3.9879e+00
5.3469e+00
6.9336e+00
8.7514e+00
1.0805e+01
1.3089e+01
1.5589e+01
1.8271e+01
2.1109e+01
2.4075e+01
2.7147e+01
3.0310e+01
3.3559e+01
3.6890e+01
4.0300e+01
4.3784e+01
4.7319e+01
5.0874e+01
5.4395e+01
