5.5016e+01
5.8013e+01
6.0817e+01
6.3354e+01
6.5571e+01
6.7453e+01
6.9015e+01
7.0313e+01
7.1444e+01
7.2520e+01
7.3676e+01
7.5041e+01
7.6750e+01
7.8908e+01
8.1604e+01
8.4889e+01
8.8772e+01
9.3212e+01
9.8124e+01
1.0340e+02
1.0888e+02
1.1440e+02
1.1978e+02
1.2486e+02
1.2948e+02
1.3353e+02
1.3691e+02
1.3958e+02
1.4154e+02
1.4281e+02
1.4344e+02
1.4352e+02
1.4313e+02
1.4238e+02
1.4133e+02
1.4011e+02
1.3880e+02
1.3750e+02
1.3627e+02
1.3520e+02
1.3432e+02
1.3364e+02
1.3315e+02
1.3280e+02
1.3252e+02
1.3220e+02
1.3174e+02
1.3101e+02
1.2991e+02
1.2836e+02
1.2633e+02
1.2383e+02
1.2094e+02
1.1780e+02
1.1455e+02
1.1138e+02
1.0846e+02
1.0596e+02
1.0399e+02
1.0264e+02
1.0196e+02
1.0193e+02
1.0253e+02
1.0369e+02
1.0534e+02
1.0742e+02
1.0986e+02
1.1263e+02
1.1569e+02
1.1903e+02
1.2260e+02
1.2640e+02
1.3041e+02
1.3460e+02
1.3893e+02
1.4334e+02
1.4780e+02
1.5225e+02
1.5667e+02
1.6103e+02
1.6532e+02
1.6957e+02
1.7378e+02
1.7800e+02
1.8223e+02
1.8651e+02
1.9083e+02
1.9517e+02
1.9952e+02
2.0380e+02
2.0796e+02
2.1191e+02
2.1557e+02
2.1887e+02
2.2173e+02
2.2413e+02
2.2604e+02
2.2749e+02
2.2849e+02
2.2913e+02
2.2947e+02
2.2960e+02
2.2961e+02
2.2958e+02
2.2958e+02
2.2962e+02
2.2969e+02
2.2972e+02
2.2966e+02
2.2939e+02
2.2880e+02
2.2778e+02
2.2621e+02
2.2404e+02
2.2121e+02
2.1775e+02
2.1371e+02
2.0922e+02
2.0441e+02
1.9947e+02
1.9457e+02
1.8988e+02
1.8556e+02
1.8171e+02
1.7843e+02
1.7575e+02
1.7368e+02
1.7218e+02
1.7121e+02
1.7071e+02
1.7060e+02
1.7081e+02
1.7129e+02
1.7196e+02
1.7275e+02
1.7361e+02
1.7452e+02
1.7543e+02
1.7632e+02
1.7715e+02
1.7792e+02
1.7862e+02
1.7926e+02
1.7985e+02
1.8042e+02
1.8103e+02
1.8173e+02
1.8259e+02
1.8368e+02
1.8506e+02
1.8681e+02
1.8900e+02
1.9169e+02
1.9493e+02
1.9876e+02
2.0317e+02
2.0816e+02
2.1366e+02
2.1960e+02
2.2586e+02
2.3231e+02
2.3882e+02
2.4523e+02
2.5139e+02
2.5717e+02
2.6247e+02
2.6720e+02
2.7131e+02
2.7478e+02
2.7761e+02
2.7978e+02
2.8126e+02
2.8206e+02
2.8214e+02
2.8148e+02
2.8005e+02
2.7781e+02
2.7470e+02
2.7072e+02
2.6589e+02
2.6028e+02
2.5399e+02
2.4716e+02
2.3998e+02
2.3266e+02
2.2542e+02
2.1853e+02
2.1220e+02
2.0667e+02
2.0211e+02
1.9866e+02
1.9644e+02
1.9549e+02
1.9584e+02
1.9742e+02
2.0015e+02
2.0389e+02
2.0847e+02
2.1367e+02
2.1927e+02
2.2501e+02
2.3067e+02
2.3606e+02
2.4100e+02
2.4537e+02
2.4907e+02
2.5206e+02
2.5436e+02
2.5600e+02
2.5710e+02
2.5772e+02
2.5798e+02
2.5796e+02
2.5776e+02
2.5744e+02
2.5707e+02
2.5668e+02
2.5629e+02
2.5593e+02
2.5560e+02
2.5529e+02
2.5501e+02
2.5473e+02
2.5445e+02
2.5413e+02
2.5375e+02
2.5325e+02
2.5260e+02
2.5174e+02
2.5065e+02
2.4930e+02
2.4768e+02
2.4578e+02
2.4363e+02
2.4127e+02
2.3873e+02
2.3606e+02
2.3333e+02
2.3058e+02
2.2785e+02
2.2517e+02
2.2258e+02
2.2006e+02
2.1765e+02
2.1536e+02
2.1322e+02
2.1124e+02
2.0945e+02
2.0790e+02
2.0661e+02
2.0564e+02
2.0502e+02
2.0477e+02
2.0489e+02
2.0537e+02
2.0615e+02
2.0719e+02
2.0841e+02
2.0972e+02
2.1105e+02
2.1231e+02
2.1344e+02
2.1440e+02
2.1515e+02
2.1570e+02
2.1604e+02
2.1622e+02
2.1629e+02
2.1631e+02
2.1635e+02
2.1649e+02
2.1683e+02
2.1743e+02
2.1839e+02
2.1975e+02
2.2157e+02
2.2385e+02
2.2659e+02
2.2974e+02
2.3321e+02
2.3692e+02
2.4071e+02
2.4446e+02
2.4799e+02
2.5114e+02
2.5378e+02
2.5579e+02
2.5710e+02
2.5765e+02
2.5744e+02
2.5650e+02
2.5489e+02
2.5271e+02
2.5006e+02
2.4707e+02
2.4388e+02
2.4064e+02
2.3747e+02
2.3450e+02
2.3182e+02
2.2952e+02
2.2763e+02
2.2618e+02
2.2517e+02
2.2457e+02
2.2435e+02
2.2445e+02
2.2482e+02
2.2541e+02
2.2618e+02
2.2711e+02
2.2815e+02
2.2929e+02
2.3049e+02
2.3173e+02
2.3297e+02
2.3416e+02
2.3524e+02
2.3614e+02
2.3680e+02
2.3715e+02
2.3717e+02
2.3683e+02
2.3614e+02
2.3513e+02
2.3386e+02
2.3239e+02
2.3079e+02
2.2914e+02
2.2751e+02
2.2594e+02
2.2444e+02
2.2304e+02
2.2171e+02
2.2041e+02
2.1913e+02
2.1783e+02
2.1647e+02
2.1505e+02
2.1358e+02
2.1208e+02
2.1057e+02
2.0910e+02
2.0772e+02
2.0647e+02
2.0539e+02
2.0450e+02
2.0380e+02
2.0329e+02
2.0294e+02
2.0271e+02
2.0256e+02
2.0243e+02
2.0226e+02
2.0201e+02
2.0166e+02
2.0117e+02
2.0055e+02
1.9979e+02
1.9892e+02
1.9797e+02
1.9696e+02
1.9596e+02
1.9498e+02
1.9407e+02
1.9323e+02
1.9243e+02
1.9166e+02
1.9087e+02
1.9000e+02
1.8897e+02
1.8772e+02
1.8617e+02
1.8427e+02
1.8200e+02
1.7935e+02
1.7636e+02
1.7307e+02
1.6959e+02
1.6601e+02
1.6246e+02
1.5903e+02
1.5584e+02
1.5297e+02
1.5049e+02
1.4843e+02
1.4678e+02
1.4555e+02
1.4469e+02
1.4415e+02
1.4389e+02
1.4385e+02
1.4398e+02
1.4423e+02
1.4457e+02
1.4497e+02
1.4539e+02
1.4583e+02
1.4628e+02
1.4672e+02
1.4715e+02
1.4756e+02
1.4794e+02
1.4831e+02
1.4867e+02
1.4904e+02
1.4943e+02
1.4984e+02
1.5030e+02
1.5078e+02
1.5130e+02
1.5184e+02
1.5237e+02
1.5289e+02
1.5335e+02
1.5374e+02
1.5403e+02
1.5422e+02
1.5428e+02
1.5424e+02
1.5411e+02
1.5393e+02
1.5371e+02
1.5351e+02
1.5337e+02
1.5332e+02
1.5342e+02
1.5368e+02
1.5413e+02
1.5479e+02
1.5565e+02
1.5671e+02
1.5794e+02
1.5932e+02
1.6080e+02
1.6234e+02
1.6388e+02
1.6538e+02
1.6677e+02
1.6802e+02
1.6909e+02
1.6993e+02
1.7056e+02
1.7094e+02
1.7111e+02
1.7110e+02
1.7098e+02
1.7083e+02
1.7075e+02
1.7086e+02
1.7127e+02
1.7209e+02
1.7343e+02
1.7538e+02
1.7797e+02
1.8122e+02
1.8506e+02
1.8939e+02
1.9410e+02
1.9900e+02
2.0392e+02
2.0866e+02
2.1305e+02
2.1694e+02
2.2021e+02
2.2282e+02
2.2476e+02
2.2610e+02
2.2693e+02
2.2739e+02
2.2764e+02
2.2785e+02
2.2818e+02
2.2875e+02
2.2966e+02
2.3096e+02
2.3260e+02
2.3452e+02
2.3659e+02
2.3864e+02
2.4049e+02
2.4198e+02
2.4292e+02
2.4321e+02
2.4279e+02
2.4163e+02
2.3982e+02
2.3746e+02
2.3474e+02
2.3187e+02
2.2907e+02
2.2658e+02
2.2460e+02
2.2331e+02
2.2284e+02
2.2329e+02
2.2469e+02
2.2702e+02
2.3021e+02
2.3418e+02
2.3877e+02
2.4382e+02
2.4916e+02
2.5460e+02
2.5997e+02
2.6509e+02
2.6985e+02
2.7414e+02
2.7790e+02
2.8113e+02
2.8383e+02
2.8605e+02
2.8786e+02
2.8932e+02
2.9051e+02
2.9148e+02
2.9227e+02
2.9291e+02
2.9341e+02
2.9378e+02
2.9402e+02
2.9411e+02
2.9407e+02
2.9390e+02
2.9366e+02
2.9339e+02
2.9315e+02
2.9299e+02
2.9295e+02
2.9305e+02
2.9329e+02
2.9364e+02
2.9404e+02
2.9444e+02
2.9476e+02
2.9492e+02
2.9484e+02
2.9445e+02
2.9373e+02
2.9262e+02
2.9115e+02
2.8933e+02
2.8721e+02
2.8483e+02
2.8223e+02
2.7948e+02
2.7660e+02
2.7364e+02
2.7061e+02
2.6752e+02
2.6436e+02
2.6114e+02
2.5787e+02
2.5453e+02
2.5116e+02
2.4776e+02
2.4436e+02
2.4101e+02
2.3772e+02
2.3457e+02
2.3160e+02
2.2888e+02
2.2645e+02
2.2437e+02
2.2267e+02
2.2137e+02
2.2048e+02
2.2000e+02
2.1991e+02
2.2015e+02
2.2070e+02
2.2148e+02
2.2243e+02
2.2348e+02
2.2454e+02
2.2555e+02
2.2647e+02
2.2726e+02
2.2789e+02
2.2837e+02
2.2868e+02
2.2886e+02
2.2893e+02
2.2892e+02
2.2886e+02
2.2877e+02
2.2867e+02
2.2856e+02
2.2844e+02
2.2829e+02
2.2808e+02
2.2779e+02
2.2738e+02
2.2682e+02
2.2609e+02
2.2519e+02
2.2412e+02
2.2288e+02
2.2150e+02
2.2000e+02
2.1843e+02
2.1681e+02
2.1517e+02
2.1353e+02
2.1192e+02
2.1035e+02
2.0881e+02
2.0732e+02
2.0584e+02
2.0440e+02
2.0297e+02
2.0155e+02
2.0014e+02
1.9874e+02
1.9736e+02
1.9600e+02
1.9468e+02
1.9342e+02
1.9222e+02
1.9108e+02
1.8997e+02
1.8884e+02
1.8764e+02
1.8630e+02
1.8473e+02
1.8285e+02
1.8059e+02
1.7787e+02
1.7468e+02
1.7104e+02
1.6700e+02
1.6266e+02
1.5821e+02
1.5383e+02
1.4973e+02
1.4615e+02
1.4327e+02
1.4129e+02
1.4031e+02
1.4041e+02
1.4157e+02
1.4372e+02
1.4673e+02
1.5040e+02
1.5452e+02
1.5884e+02
1.6316e+02
1.6723e+02
1.7089e+02
1.7402e+02
1.7653e+02
1.7843e+02
1.7972e+02
1.8047e+02
1.8075e+02
1.8067e+02
1.8031e+02
1.7976e+02
1.7908e+02
1.7833e+02
1.7756e+02
1.7680e+02
1.7607e+02
1.7539e+02
1.7478e+02
1.7424e+02
1.7379e+02
1.7346e+02
1.7324e+02
1.7314e+02
1.7314e+02
1.7322e+02
1.7333e+02
1.7344e+02
1.7349e+02
1.7344e+02
1.7326e+02
1.7292e+02
1.7241e+02
1.7175e+02
1.7094e+02
1.7004e+02
1.6910e+02
1.6818e+02
1.6733e+02
1.6662e+02
1.6608e+02
1.6575e+02
1.6563e+02
1.6572e+02
1.6600e+02
1.6645e+02
1.6702e+02
1.6769e+02
1.6843e+02
1.6923e+02
1.7010e+02
1.7105e+02
1.7212e+02
1.7331e+02
1.7465e+02
1.7614e+02
1.7779e+02
1.7956e+02
1.8142e+02
1.8332e+02
1.8520e+02
1.8700e+02
1.8868e+02
1.9020e+02
1.9155e+02
1.9275e+02
1.9382e+02
1.9480e+02
1.9575e+02
1.9670e+02
1.9769e+02
1.9875e+02
1.9988e+02
2.0111e+02
2.0239e+02
2.0372e+02
2.0503e+02
2.0630e+02
2.0749e+02
2.0856e+02
2.0951e+02
2.1031e+02
2.1096e+02
2.1149e+02
2.1192e+02
2.1231e+02
2.1271e+02
2.1318e+02
2.1378e+02
2.1456e+02
2.1559e+02
2.1688e+02
2.1843e+02
2.2024e+02
2.2225e+02
2.2439e+02
2.2656e+02
2.2866e+02
2.3058e+02
2.3221e+02
2.3349e+02
2.3433e+02
2.3473e+02
2.3468e+02
2.3423e+02
2.3345e+02
2.3241e+02
2.3123e+02
2.2998e+02
2.2878e+02
2.2767e+02
2.2670e+02
2.2589e+02
2.2524e+02
2.2475e+02
2.2435e+02
2.2404e+02
2.2375e+02
2.2346e+02
2.2316e+02
2.2284e+02
2.2252e+02
2.2220e+02
2.2192e+02
2.2170e+02
2.2157e+02
2.2156e+02
2.2168e+02
2.2194e+02
2.2233e+02
2.2287e+02
2.2353e+02
2.2433e+02
2.2523e+02
2.2623e+02
2.2733e+02
2.2851e+02
2.2974e+02
2.3099e+02
2.3225e+02
2.3347e+02
2.3462e+02
2.3569e+02
2.3663e+02
2.3745e+02
2.3813e+02
2.3869e+02
2.3914e+02
2.3952e+02
2.3987e+02
2.4019e+02
2.4051e+02
2.4084e+02
2.4118e+02
2.4152e+02
2.4185e+02
2.4214e+02
2.4234e+02
2.4236e+02
2.4213e+02
2.4155e+02
2.4052e+02
2.3894e+02
2.3672e+02
2.3377e+02
2.3007e+02
2.2557e+02
2.2034e+02
2.1444e+02
2.0802e+02
2.0126e+02
1.9436e+02
1.8752e+02
1.8096e+02
1.7486e+02
1.6935e+02
1.6453e+02
1.6043e+02
1.5707e+02
1.5437e+02
1.5228e+02
1.5073e+02
1.4963e+02
1.4894e+02
1.4861e+02
1.4863e+02
1.4897e+02
1.4962e+02
1.5059e+02
1.5188e+02
1.5348e+02
1.5535e+02
1.5742e+02
1.5959e+02
1.6176e+02
1.6383e+02
1.6569e+02
1.6724e+02
1.6843e+02
1.6920e+02
1.6956e+02
1.6953e+02
1.6917e+02
1.6856e+02
1.6781e+02
1.6705e+02
1.6639e+02
1.6592e+02
1.6574e+02
1.6588e+02
1.6640e+02
1.6729e+02
1.6851e+02
1.7001e+02
1.7174e+02
1.7361e+02
1.7556e+02
1.7751e+02
1.7940e+02
1.8122e+02
1.8291e+02
1.8445e+02
1.8587e+02
1.8715e+02
1.8831e+02
1.8936e+02
1.9033e+02
1.9121e+02
1.9201e+02
1.9271e+02
1.9330e+02
1.9376e+02
1.9406e+02
1.9419e+02
1.9412e+02
1.9384e+02
1.9337e+02
1.9270e+02
1.9187e+02
1.9092e+02
1.8989e+02
1.8883e+02
1.8780e+02
1.8687e+02
1.8611e+02
1.8557e+02
1.8530e+02
1.8535e+02
1.8573e+02
1.8648e+02
1.8757e+02
1.8898e+02
1.9067e+02
1.9257e+02
1.9458e+02
1.9662e+02
1.9856e+02
2.0029e+02
2.0171e+02
2.0273e+02
2.0330e+02
2.0337e+02
2.0295e+02
2.0208e+02
2.0079e+02
1.9916e+02
1.9728e+02
1.9522e+02
1.9305e+02
1.9083e+02
1.8860e+02
1.8640e+02
1.8424e+02
1.8213e+02
1.8007e+02
1.7807e+02
1.7616e+02
1.7437e+02
1.7275e+02
1.7134e+02
1.7022e+02
1.6945e+02
1.6909e+02
1.6917e+02
1.6972e+02
1.7073e+02
1.7218e+02
1.7397e+02
1.7604e+02
1.7826e+02
1.8050e+02
1.8262e+02
1.8448e+02
1.8596e+02
1.8693e+02
1.8734e+02
1.8713e+02
1.8629e+02
1.8486e+02
1.8290e+02
1.8049e+02
1.7772e+02
1.7475e+02
1.7170e+02
1.6873e+02
1.6597e+02
1.6355e+02
1.6159e+02
1.6021e+02
1.5949e+02
1.5947e+02
1.6017e+02
1.6157e+02
1.6363e+02
1.6622e+02
1.6924e+02
1.7252e+02
1.7591e+02
1.7924e+02
1.8235e+02
1.8513e+02
1.8748e+02
1.8935e+02
1.9071e+02
1.9160e+02
1.9203e+02
1.9206e+02
1.9176e+02
1.9120e+02
1.9044e+02
1.8952e+02
1.8852e+02
1.8750e+02
1.8653e+02
1.8567e+02
1.8501e+02
1.8465e+02
1.8469e+02
1.8520e+02
1.8626e+02
1.8790e+02
1.9013e+02
1.9291e+02
1.9615e+02
1.9974e+02
2.0352e+02
2.0732e+02
2.1098e+02
2.1431e+02
2.1717e+02
2.1948e+02
2.2116e+02
2.2222e+02
2.2267e+02
2.2263e+02
2.2220e+02
2.2155e+02
2.2084e+02
2.2023e+02
2.1985e+02
2.1981e+02
2.2019e+02
2.2101e+02
2.2225e+02
2.2382e+02
2.2564e+02
2.2756e+02
2.2944e+02
2.3116e+02
2.3259e+02
2.3365e+02
2.3429e+02
2.3448e+02
2.3426e+02
2.3366e+02
2.3278e+02
2.3170e+02
2.3051e+02
2.2932e+02
2.2821e+02
2.2724e+02
2.2649e+02
2.2596e+02
2.2568e+02
2.2565e+02
2.2582e+02
2.2619e+02
2.2670e+02
2.2728e+02
2.2788e+02
2.2845e+02
2.2894e+02
2.2931e+02
2.2952e+02
2.2958e+02
2.2949e+02
2.2932e+02
2.2911e+02
2.2895e+02
2.2892e+02
2.2913e+02
2.2964e+02
2.3053e+02
2.3182e+02
2.3353e+02
2.3562e+02
2.3801e+02
2.4061e+02
2.4329e+02
2.4591e+02
2.4833e+02
2.5043e+02
2.5210e+02
2.5328e+02
2.5395e+02
2.5408e+02
2.5373e+02
2.5296e+02
2.5185e+02
2.5048e+02
2.4896e+02
2.4734e+02
2.4570e+02
2.4406e+02
2.4244e+02
2.4087e+02
2.3934e+02
2.3782e+02
2.3630e+02
2.3476e+02
2.3320e+02
2.3160e+02
2.2995e+02
2.2827e+02
2.2657e+02
2.2488e+02
2.2324e+02
2.2167e+02
2.2023e+02
2.1894e+02
2.1786e+02
2.1699e+02
2.1636e+02
2.1596e+02
2.1576e+02
2.1572e+02
2.1578e+02
2.1587e+02
2.1592e+02
2.1584e+02
2.1558e+02
2.1509e+02
2.1436e+02
2.1340e+02
2.1224e+02
2.1095e+02
2.0962e+02
2.0832e+02
2.0714e+02
2.0618e+02
2.0548e+02
2.0510e+02
2.0505e+02
2.0534e+02
2.0591e+02
2.0669e+02
2.0759e+02
2.0850e+02
2.0929e+02
2.0987e+02
2.1012e+02
2.0997e+02
2.0935e+02
2.0824e+02
2.0664e+02
2.0459e+02
2.0216e+02
1.9943e+02
1.9650e+02
1.9346e+02
1.9042e+02
1.8745e+02
1.8463e+02
1.8199e+02
1.7955e+02
1.7734e+02
1.7535e+02
1.7359e+02
1.7206e+02
1.7077e+02
1.6974e+02
1.6899e+02
1.6857e+02
1.6850e+02
1.6884e+02
1.6962e+02
1.7087e+02
1.7260e+02
1.7481e+02
1.7745e+02
1.8048e+02
1.8382e+02
1.8738e+02
1.9105e+02
1.9471e+02
1.9826e+02
2.0159e+02
2.0460e+02
2.0722e+02
2.0938e+02
2.1104e+02
2.1216e+02
2.1274e+02
2.1278e+02
2.1231e+02
2.1135e+02
2.0995e+02
2.0815e+02
2.0600e+02
2.0356e+02
2.0088e+02
1.9807e+02
1.9518e+02
1.9229e+02
1.8945e+02
1.8670e+02
1.8410e+02
1.8166e+02
1.7940e+02
1.7731e+02
1.7536e+02
1.7352e+02
1.7176e+02
1.7006e+02
1.6840e+02
1.6680e+02
1.6525e+02
1.6378e+02
1.6245e+02
1.6130e+02
1.6041e+02
1.5985e+02
1.5968e+02
1.5996e+02
1.6072e+02
1.6198e+02
1.6372e+02
1.6589e+02
1.6845e+02
1.7131e+02
1.7435e+02
1.7748e+02
1.8056e+02
1.8348e+02
1.8616e+02
1.8853e+02
1.9055e+02
1.9218e+02
1.9345e+02
1.9439e+02
1.9505e+02
1.9550e+02
1.9582e+02
1.9608e+02
1.9635e+02
1.9666e+02
1.9706e+02
1.9753e+02
1.9808e+02
1.9869e+02
1.9930e+02
1.9987e+02
2.0035e+02
2.0068e+02
2.0084e+02
2.0080e+02
2.0055e+02
2.0011e+02
1.9949e+02
1.9873e+02
1.9787e+02
1.9695e+02
1.9603e+02
1.9515e+02
1.9435e+02
1.9369e+02
1.9321e+02
1.9298e+02
1.9307e+02
1.9354e+02
1.9446e+02
1.9588e+02
1.9788e+02
2.0050e+02
2.0374e+02
2.0758e+02
2.1199e+02
2.1687e+02
2.2212e+02
2.2760e+02
2.3316e+02
2.3867e+02
2.4397e+02
2.4896e+02
2.5353e+02
2.5765e+02
2.6126e+02
2.6438e+02
2.6701e+02
2.6917e+02
2.7088e+02
2.7216e+02
2.7299e+02
2.7339e+02
2.7332e+02
2.7277e+02
2.7171e+02
2.7014e+02
2.6804e+02
2.6546e+02
2.6246e+02
2.5913e+02
2.5560e+02
2.5199e+02
2.4842e+02
2.4504e+02
2.4195e+02
2.3921e+02
2.3687e+02
2.3493e+02
2.3336e+02
2.3210e+02
2.3107e+02
2.3018e+02
2.2938e+02
2.2860e+02
2.2782e+02
2.2705e+02
2.2633e+02
2.2572e+02
2.2531e+02
2.2519e+02
2.2542e+02
2.2607e+02
2.2719e+02
2.2878e+02
2.3082e+02
2.3326e+02
2.3602e+02
2.3903e+02
2.4219e+02
2.4544e+02
2.4868e+02
2.5185e+02
2.5492e+02
2.5783e+02
2.6057e+02
2.6309e+02
2.6539e+02
2.6741e+02
2.6910e+02
2.7040e+02
2.7127e+02
2.7164e+02
2.7148e+02
2.7077e+02
2.6950e+02
2.6769e+02
2.6541e+02
2.6273e+02
2.5977e+02
2.5664e+02
2.5346e+02
2.5037e+02
2.4747e+02
2.4483e+02
2.4250e+02
2.4052e+02
2.3887e+02
2.3754e+02
2.3645e+02
2.3556e+02
2.3479e+02
2.3408e+02
2.3337e+02
2.3260e+02
2.3175e+02
2.3081e+02
2.2978e+02
2.2866e+02
2.2747e+02
2.2626e+02
2.2507e+02
2.2394e+02
2.2292e+02
2.2205e+02
2.2137e+02
2.2093e+02
2.2075e+02
2.2085e+02
2.2126e+02
2.2197e+02
2.2295e+02
2.2419e+02
2.2563e+02
2.2723e+02
2.2893e+02
2.3067e+02
2.3240e+02
2.3407e+02
2.3566e+02
2.3715e+02
2.3852e+02
2.3982e+02
2.4106e+02
2.4231e+02
2.4364e+02
2.4509e+02
2.4673e+02
2.4859e+02
2.5070e+02
2.5308e+02
2.5570e+02
2.5853e+02
2.6152e+02
2.6459e+02
2.6768e+02
2.7070e+02
2.7357e+02
2.7622e+02
2.7857e+02
2.8056e+02
2.8215e+02
2.8330e+02
2.8395e+02
2.8407e+02
2.8361e+02
2.8254e+02
2.8082e+02
2.7844e+02
2.7538e+02
2.7166e+02
2.6730e+02
2.6235e+02
2.5689e+02
2.5102e+02
2.4481e+02
2.3839e+02
2.3185e+02
2.2530e+02
2.1884e+02
2.1253e+02
2.0643e+02
2.0058e+02
1.9501e+02
1.8971e+02
1.8468e+02
1.7993e+02
1.7546e+02
1.7127e+02
1.6738e+02
1.6378e+02
1.6045e+02
1.5735e+02
1.5443e+02
1.5162e+02
1.4886e+02
1.4602e+02
1.4299e+02
1.3963e+02
1.3585e+02
1.3153e+02
1.2662e+02
1.2108e+02
1.1492e+02
1.0820e+02
1.0101e+02
9.3485e+01
8.5774e+01
7.8046e+01
7.0463e+01
6.3181e+01
5.6331e+01
5.0021e+01
4.4331e+01
3.9310e+01
3.4987e+01
3.1356e+01
2.8388e+01
2.6037e+01
2.4242e+01
2.2934e+01
2.2037e+01
2.1490e+01
2.1221e+01
2.1163e+01
2.1243e+01
2.1394e+01
2.1563e+01
2.1709e+01
2.1802e+01
2.1822e+01
2.1763e+01
2.1626e+01
2.1422e+01
2.1172e+01
2.0895e+01
2.0615e+01
2.0341e+01
2.0079e+01
1.9813e+01
1.9528e+01
1.9195e+01
1.8792e+01
1.8301e+01
1.7715e+01
1.7039e+01
1.6296e+01
1.5542e+01
1.4844e+01
1.4281e+01
1.3939e+01
1.3897e+01
1.4226e+01
1.4965e+01
1.6133e+01
1.7708e+01
1.9650e+01
2.1901e+01
2.4389e+01
2.7034e+01
2.9767e+01
3.2538e+01
3.5312e+01
3.8088e+01
4.0868e+01
4.3674e+01
4.6530e+01
4.9463e+01
5.2491e+01
5.5615e+01
5.8823e+01
6.2075e+01
6.5318e+01
6.8478e+01
7.1466e+01
7.4190e+01
7.6564e+01
7.8510e+01
7.9961e+01
8.0873e+01
8.1225e+01
8.1028e+01
8.0317e+01
7.9152e+01
7.7616e+01
7.5803e+01
7.3826e+01
7.1788e+01
6.9797e+01
6.7939e+01
6.6276e+01
6.4843e+01
6.3646e+01
6.2669e+01
6.1871e+01
6.1206e+01
6.0611e+01
6.0020e+01
5.9370e+01
5.8608e+01
5.7695e+01
5.6603e+01
5.5319e+01
5.3829e+01
5.2134e+01
5.0243e+01
4.8172e+01
4.5932e+01
4.3540e+01
4.1022e+01
3.8400e+01
3.5703e+01
3.2960e+01
3.0207e+01
2.7467e+01
2.4764e+01
2.2125e+01
1.9565e+01
1.7098e+01
1.4725e+01
1.2452e+01
1.0287e+01
8.2511e+00
6.3660e+00
4.6587e+00
3.1645e+00
1.9132e+00
9.4893e-01
3.0419e-01
0000
3.7967e-02
4.0458e-01
1.0716e+00
1.9924e+00
3.1098e+00
4.3502e+00
5.6470e+00
6.9375e+00
8.1780e+00
9.3364e+00
1.0394e+01
1.1356e+01
1.2240e+01
1.3071e+01
1.3880e+01
1.4702e+01
1.5561e+01
1.6470e+01
1.7435e+01
1.8445e+01
1.9481e+01
2.0520e+01
2.1535e+01
2.2491e+01
2.3370e+01
2.4161e+01
2.4861e+01
2.5486e+01
2.6059e+01
2.6619e+01
2.7199e+01
2.7842e+01
2.8586e+01
2.9461e+01
3.0490e+01
3.1687e+01
3.3058e+01
3.4584e+01
3.6240e+01
3.7990e+01
3.9797e+01
4.1620e+01
4.3410e+01
4.5126e+01
4.6722e+01
4.8163e+01
4.9418e+01
5.0469e+01
5.1300e+01
5.1906e+01
5.2289e+01
5.2457e+01
5.2426e+01
5.2213e+01
5.1851e+01
5.1367e+01
5.0800e+01
5.0200e+01
4.9606e+01
4.9056e+01
4.8581e+01
4.8221e+01
4.8001e+01
4.7937e+01
4.8034e+01
4.8289e+01
4.8687e+01
4.9206e+01
4.9825e+01
5.0512e+01
5.1244e+01
5.1988e+01
5.2719e+01
5.3418e+01
5.4071e+01
5.4671e+01
5.5208e+01
5.5677e+01
5.6067e+01
5.6369e+01
5.6573e+01
5.6673e+01
5.6660e+01
5.6525e+01
5.6265e+01
5.5872e+01
5.5348e+01
5.4689e+01
5.3921e+01
5.3104e+01
5.2311e+01
5.1641e+01
5.1204e+01
5.1128e+01
5.1539e+01
5.2568e+01
5.4323e+01
5.6877e+01
6.0259e+01
6.4439e+01
6.9336e+01
7.4815e+01
8.0701e+01
8.6791e+01
9.2870e+01
9.8731e+01
1.0419e+02
1.0911e+02
1.1340e+02
1.1701e+02
1.1996e+02
1.2229e+02
1.2408e+02
1.2543e+02
1.2644e+02
1.2722e+02
1.2786e+02
1.2842e+02
1.2899e+02
1.2962e+02
1.3029e+02
1.3102e+02
1.3179e+02
1.3259e+02
1.3340e+02
1.3421e+02
1.3499e+02
1.3572e+02
1.3639e+02
1.3700e+02
1.3755e+02
1.3803e+02
1.3847e+02
1.3889e+02
1.3930e+02
1.3972e+02
1.4014e+02
1.4056e+02
1.4097e+02
1.4134e+02
1.4165e+02
1.4188e+02
1.4200e+02
1.4199e+02
1.4184e+02
1.4154e+02
1.4111e+02
1.4058e+02
1.3997e+02
1.3930e+02
1.3861e+02
1.3792e+02
1.3726e+02
1.3663e+02
1.3604e+02
1.3548e+02
1.3494e+02
1.3442e+02
1.3391e+02
1.3340e+02
1.3290e+02
1.3243e+02
1.3201e+02
1.3166e+02
1.3141e+02
1.3126e+02
1.3124e+02
1.3135e+02
1.3160e+02
1.3197e+02
1.3245e+02
1.3302e+02
1.3366e+02
1.3436e+02
1.3510e+02
1.3588e+02
1.3670e+02
1.3759e+02
1.3855e+02
1.3961e+02
1.4079e+02
1.4210e+02
1.4355e+02
1.4514e+02
1.4686e+02
1.4870e+02
1.5064e+02
1.5265e+02
1.5469e+02
1.5675e+02
1.5881e+02
1.6086e+02
1.6288e+02
1.6486e+02
1.6682e+02
1.6874e+02
1.7063e+02
1.7246e+02
1.7421e+02
1.7584e+02
1.7733e+02
1.7863e+02
1.7968e+02
1.8047e+02
1.8097e+02
1.8118e+02
1.8110e+02
1.8078e+02
1.8024e+02
1.7957e+02
1.7883e+02
1.7809e+02
1.7744e+02
1.7693e+02
1.7663e+02
1.7656e+02
1.7673e+02
1.7714e+02
1.7776e+02
1.7858e+02
1.7954e+02
1.8060e+02
1.8172e+02
1.8284e+02
1.8395e+02
1.8502e+02
1.8602e+02
1.8696e+02
1.8783e+02
1.8862e+02
1.8933e+02
1.8996e+02
1.9051e+02
1.9096e+02
1.9126e+02
1.9136e+02
1.9122e+02
1.9078e+02
1.8998e+02
1.8878e+02
1.8713e+02
1.8502e+02
1.8244e+02
1.7941e+02
1.7599e+02
1.7223e+02
1.6825e+02
1.6413e+02
1.6000e+02
1.5597e+02
1.5215e+02
1.4862e+02
1.4546e+02
1.4273e+02
1.4048e+02
1.3872e+02
1.3746e+02
1.3669e+02
1.3640e+02
1.3656e+02
1.3714e+02
1.3810e+02
1.3940e+02
1.4097e+02
1.4278e+02
1.4479e+02
1.4696e+02
1.4927e+02
1.5171e+02
1.5429e+02
1.5703e+02
1.5996e+02
1.6310e+02
1.6648e+02
1.7013e+02
1.7403e+02
1.7815e+02
1.8242e+02
1.8675e+02
1.9102e+02
1.9510e+02
1.9889e+02
2.0227e+02
2.0517e+02
2.0753e+02
2.0936e+02
2.1068e+02
2.1156e+02
2.1210e+02
2.1240e+02
2.1256e+02
2.1263e+02
2.1265e+02
2.1263e+02
2.1253e+02
2.1228e+02
2.1175e+02
2.1081e+02
2.0931e+02
2.0714e+02
2.0421e+02
2.0048e+02
1.9597e+02
1.9078e+02
1.8505e+02
1.7901e+02
1.7290e+02
1.6698e+02
1.6153e+02
1.5679e+02
1.5298e+02
1.5025e+02
1.4870e+02
1.4835e+02
1.4916e+02
1.5105e+02
1.5389e+02
1.5755e+02
1.6185e+02
1.6663e+02
1.7172e+02
1.7698e+02
1.8231e+02
1.8758e+02
1.9270e+02
1.9755e+02
2.0205e+02
2.0612e+02
2.0969e+02
2.1271e+02
2.1517e+02
2.1706e+02
2.1836e+02
2.1913e+02
2.1939e+02
2.1919e+02
2.1861e+02
2.1772e+02
2.1658e+02
2.1524e+02
2.1375e+02
2.1214e+02
2.1044e+02
2.0864e+02
2.0677e+02
2.0481e+02
2.0277e+02
2.0066e+02
1.9848e+02
1.9627e+02
1.9403e+02
1.9180e+02
1.8964e+02
1.8758e+02
1.8567e+02
1.8394e+02
1.8245e+02
1.8122e+02
1.8021e+02
1.7933e+02
1.7845e+02
1.7739e+02
1.7593e+02
1.7386e+02
1.7093e+02
1.6691e+02
1.6166e+02
1.5507e+02
1.4715e+02
1.3799e+02
1.2781e+02
1.1690e+02
1.0562e+02
