3.5771e+02
3.6370e+02
3.6933e+02
3.7442e+02
3.7882e+02
3.8241e+02
3.8517e+02
3.8710e+02
3.8826e+02
3.8876e+02
3.8873e+02
3.8830e+02
3.8761e+02
3.8680e+02
3.8599e+02
3.8528e+02
3.8475e+02
3.8446e+02
3.8445e+02
3.8475e+02
3.8539e+02
3.8637e+02
3.8771e+02
3.8939e+02
3.9140e+02
3.9369e+02
3.9621e+02
3.9889e+02
4.0167e+02
4.0445e+02
4.0715e+02
4.0972e+02
4.1208e+02
4.1419e+02
4.1602e+02
4.1757e+02
4.1885e+02
4.1986e+02
4.2064e+02
4.2122e+02
4.2161e+02
4.2184e+02
4.2191e+02
4.2182e+02
4.2155e+02
4.2108e+02
4.2038e+02
4.1941e+02
4.1815e+02
4.1656e+02
4.1463e+02
4.1233e+02
4.0967e+02
4.0663e+02
4.0323e+02
3.9949e+02
3.9542e+02
3.9104e+02
3.8639e+02
3.8149e+02
3.7638e+02
3.7110e+02
3.6568e+02
3.6014e+02
3.5454e+02
3.4890e+02
3.4326e+02
3.3766e+02
3.3213e+02
3.2668e+02
3.2136e+02
3.1617e+02
3.1113e+02
3.0625e+02
3.0153e+02
2.9699e+02
2.9262e+02
2.8844e+02
2.8443e+02
2.8062e+02
2.7702e+02
2.7364e+02
2.7050e+02
2.6764e+02
2.6507e+02
2.6284e+02
2.6096e+02
2.5947e+02
2.5837e+02
2.5768e+02
2.5740e+02
2.5751e+02
2.5797e+02
2.5876e+02
2.5980e+02
2.6100e+02
2.6227e+02
2.6351e+02
2.6462e+02
2.6549e+02
2.6607e+02
2.6628e+02
2.6611e+02
2.6556e+02
2.6468e+02
2.6355e+02
2.6225e+02
2.6091e+02
2.5964e+02
2.5854e+02
2.5771e+02
2.5720e+02
2.5703e+02
2.5719e+02
2.5765e+02
2.5837e+02
2.5927e+02
2.6031e+02
2.6144e+02
2.6263e+02
2.6387e+02
2.6517e+02
2.6654e+02
2.6801e+02
2.6960e+02
2.7132e+02
2.7317e+02
2.7514e+02
2.7718e+02
2.7926e+02
2.8134e+02
2.8337e+02
2.8532e+02
2.8718e+02
2.8894e+02
2.9062e+02
2.9225e+02
2.9386e+02
2.9548e+02
2.9714e+02
2.9887e+02
3.0067e+02
3.0253e+02
3.0446e+02
3.0642e+02
3.0839e+02
3.1034e+02
3.1226e+02
3.1413e+02
3.1593e+02
3.1768e+02
3.1939e+02
3.2106e+02
3.2271e+02
3.2434e+02
3.2597e+02
3.2760e+02
3.2924e+02
3.3088e+02
3.3252e+02
3.3415e+02
3.3577e+02
3.3737e+02
3.3896e+02
3.4054e+02
3.4211e+02
3.4368e+02
3.4523e+02
3.4677e+02
3.4831e+02
3.4983e+02
3.5132e+02
3.5278e+02
3.5419e+02
3.5553e+02
3.5679e+02
3.5795e+02
3.5898e+02
3.5987e+02
3.6060e+02
3.6115e+02
3.6150e+02
3.6163e+02
3.6154e+02
3.6124e+02
3.6074e+02
3.6006e+02
3.5925e+02
3.5834e+02
3.5738e+02
3.5642e+02
3.5548e+02
3.5461e+02
3.5383e+02
3.5313e+02
3.5251e+02
3.5195e+02
3.5141e+02
3.5087e+02
3.5029e+02
3.4964e+02
3.4891e+02
3.4809e+02
3.4717e+02
3.4616e+02
3.4507e+02
3.4391e+02
3.4268e+02
3.4141e+02
3.4008e+02
3.3868e+02
3.3722e+02
3.3567e+02
3.3402e+02
3.3228e+02
3.3041e+02
3.2842e+02
3.2629e+02
3.2401e+02
3.2155e+02
3.1892e+02
3.1609e+02
3.1307e+02
3.0984e+02
3.0641e+02
3.0279e+02
2.9900e+02
2.9506e+02
2.9103e+02
2.8694e+02
2.8283e+02
2.7876e+02
2.7477e+02
2.7089e+02
2.6717e+02
2.6363e+02
2.6030e+02
2.5718e+02
2.5429e+02
2.5162e+02
2.4919e+02
2.4700e+02
2.4505e+02
2.4333e+02
2.4184e+02
2.4057e+02
2.3952e+02
2.3870e+02
2.3809e+02
2.3769e+02
2.3749e+02
2.3750e+02
2.3769e+02
2.3805e+02
2.3856e+02
2.3918e+02
2.3989e+02
2.4066e+02
2.4146e+02
2.4227e+02
2.4305e+02
2.4379e+02
2.4446e+02
2.4506e+02
2.4557e+02
2.4599e+02
2.4631e+02
2.4651e+02
2.4660e+02
2.4658e+02
2.4645e+02
2.4622e+02
2.4589e+02
2.4548e+02
2.4501e+02
2.4450e+02
2.4398e+02
2.4346e+02
2.4296e+02
2.4247e+02
2.4201e+02
2.4157e+02
2.4114e+02
2.4069e+02
2.4022e+02
2.3970e+02
2.3913e+02
2.3848e+02
2.3775e+02
2.3693e+02
2.3603e+02
2.3504e+02
2.3399e+02
2.3286e+02
2.3167e+02
2.3041e+02
2.2910e+02
2.2774e+02
2.2632e+02
2.2483e+02
2.2325e+02
2.2159e+02
2.1982e+02
2.1791e+02
2.1586e+02
2.1363e+02
2.1122e+02
2.0860e+02
2.0577e+02
2.0271e+02
1.9941e+02
1.9588e+02
1.9213e+02
1.8815e+02
1.8397e+02
1.7960e+02
1.7506e+02
1.7036e+02
1.6552e+02
1.6057e+02
1.5552e+02
1.5039e+02
1.4520e+02
1.3996e+02
1.3468e+02
1.2939e+02
1.2409e+02
1.1879e+02
1.1350e+02
1.0820e+02
1.0291e+02
9.7603e+01
9.2273e+01
8.6910e+01
8.1509e+01
7.6073e+01
7.0610e+01
6.5145e+01
5.9701e+01
5.4317e+01
4.9043e+01
4.3923e+01
3.9003e+01
3.4325e+01
2.9926e+01
2.5838e+01
2.2095e+01
1.8721e+01
1.5727e+01
1.3131e+01
1.0942e+01
9.1609e+00
7.7837e+00
6.7994e+00
6.1825e+00
5.8915e+00
5.8741e+00
6.0589e+00
6.3693e+00
6.7213e+00
7.0336e+00
7.2312e+00
7.2593e+00
7.0827e+00
6.6868e+00
6.0865e+00
5.3109e+00
4.4075e+00
3.4394e+00
2.4806e+00
1.6014e+00
8.6570e-01
3.3050e-01
3.3372e-02
0000
2.4207e-01
7.5925e-01
1.5365e+00
2.5606e+00
3.8176e+00
5.2877e+00
6.9586e+00
8.8172e+00
1.0861e+01
1.3088e+01
1.5501e+01
1.8096e+01
2.0865e+01
2.3795e+01
2.6859e+01
3.0029e+01
3.3268e+01
3.6531e+01
3.9766e+01
4.2922e+01
4.5947e+01
4.8793e+01
5.1426e+01
5.3816e+01
5.5939e+01
5.7782e+01
5.9347e+01
6.0642e+01
6.1688e+01
6.2522e+01
6.3186e+01
6.3735e+01
6.4227e+01
6.4729e+01
6.5300e+01
6.6003e+01
6.6899e+01
6.8037e+01
6.9464e+01
7.1212e+01
7.3299e+01
7.5731e+01
7.8507e+01
8.1608e+01
8.5004e+01
8.8666e+01
9.2545e+01
9.6592e+01
1.0075e+02
1.0498e+02
1.0921e+02
1.1339e+02
1.1749e+02
1.2146e+02
1.2527e+02
1.2889e+02
1.3230e+02
1.3549e+02
1.3845e+02
1.4118e+02
1.4368e+02
1.4594e+02
1.4798e+02
1.4980e+02
1.5142e+02
1.5284e+02
1.5408e+02
1.5516e+02
1.5608e+02
1.5685e+02
1.5747e+02
1.5795e+02
1.5828e+02
1.5847e+02
1.5852e+02
1.5845e+02
1.5827e+02
1.5801e+02
1.5770e+02
1.5738e+02
1.5708e+02
1.5685e+02
1.5670e+02
1.5667e+02
1.5676e+02
1.5699e+02
1.5734e+02
1.5780e+02
1.5838e+02
1.5906e+02
1.5986e+02
1.6078e+02
1.6184e+02
1.6307e+02
1.6448e+02
1.6608e+02
1.6788e+02
1.6986e+02
1.7201e+02
1.7429e+02
1.7666e+02
1.7907e+02
1.8147e+02
1.8382e+02
1.8607e+02
1.8818e+02
1.9013e+02
1.9193e+02
1.9355e+02
1.9502e+02
1.9634e+02
1.9754e+02
1.9863e+02
1.9964e+02
2.0058e+02
2.0149e+02
2.0237e+02
2.0326e+02
2.0416e+02
2.0510e+02
2.0611e+02
2.0718e+02
2.0834e+02
2.0959e+02
2.1092e+02
2.1236e+02
2.1389e+02
2.1551e+02
2.1721e+02
2.1898e+02
2.2080e+02
2.2267e+02
2.2455e+02
2.2645e+02
2.2834e+02
2.3021e+02
2.3205e+02
2.3382e+02
2.3553e+02
2.3714e+02
2.3864e+02
2.4000e+02
2.4121e+02
2.4227e+02
2.4319e+02
2.4396e+02
2.4462e+02
2.4520e+02
2.4575e+02
2.4632e+02
2.4696e+02
2.4774e+02
2.4871e+02
2.4990e+02
2.5135e+02
2.5307e+02
2.5503e+02
2.5723e+02
2.5959e+02
2.6207e+02
2.6458e+02
2.6706e+02
2.6941e+02
2.7158e+02
2.7350e+02
2.7513e+02
2.7647e+02
2.7751e+02
2.7828e+02
2.7883e+02
2.7922e+02
2.7951e+02
2.7977e+02
2.8005e+02
2.8041e+02
2.8087e+02
2.8144e+02
2.8211e+02
2.8286e+02
2.8365e+02
2.8444e+02
2.8517e+02
2.8579e+02
2.8628e+02
2.8659e+02
2.8671e+02
2.8664e+02
2.8640e+02
2.8602e+02
2.8554e+02
2.8500e+02
2.8445e+02
2.8394e+02
2.8352e+02
2.8322e+02
2.8306e+02
2.8304e+02
2.8315e+02
2.8338e+02
2.8368e+02
2.8403e+02
2.8439e+02
2.8477e+02
2.8514e+02
2.8552e+02
2.8595e+02
2.8648e+02
2.8716e+02
2.8807e+02
2.8927e+02
2.9083e+02
2.9278e+02
2.9518e+02
2.9801e+02
3.0131e+02
3.0505e+02
3.0924e+02
3.1386e+02
3.1889e+02
3.2430e+02
3.3008e+02
3.3619e+02
3.4258e+02
3.4918e+02
3.5589e+02
3.6261e+02
3.6920e+02
3.7551e+02
3.8141e+02
3.8676e+02
3.9147e+02
3.9543e+02
3.9861e+02
4.0101e+02
4.0267e+02
4.0366e+02
4.0410e+02
4.0410e+02
4.0380e+02
4.0334e+02
4.0281e+02
4.0233e+02
4.0198e+02
4.0180e+02
4.0183e+02
4.0209e+02
4.0258e+02
4.0328e+02
4.0417e+02
4.0523e+02
4.0642e+02
4.0773e+02
4.0911e+02
4.1052e+02
4.1194e+02
4.1331e+02
4.1461e+02
4.1580e+02
4.1685e+02
4.1773e+02
4.1844e+02
4.1900e+02
4.1943e+02
4.1979e+02
4.2012e+02
4.2050e+02
4.2100e+02
4.2166e+02
4.2255e+02
4.2368e+02
4.2505e+02
4.2665e+02
4.2843e+02
4.3030e+02
4.3219e+02
4.3400e+02
4.3564e+02
4.3704e+02
4.3811e+02
4.3881e+02
4.3910e+02
4.3896e+02
4.3837e+02
4.3733e+02
4.3585e+02
4.3392e+02
4.3153e+02
4.2868e+02
4.2537e+02
4.2158e+02
4.1731e+02
4.1256e+02
4.0734e+02
4.0168e+02
3.9561e+02
3.8918e+02
3.8246e+02
3.7551e+02
3.6840e+02
3.6122e+02
3.5402e+02
3.4689e+02
3.3988e+02
3.3306e+02
3.2647e+02
3.2015e+02
3.1413e+02
3.0842e+02
3.0304e+02
2.9799e+02
2.9328e+02
2.8890e+02
2.8485e+02
2.8112e+02
2.7772e+02
2.7466e+02
2.7194e+02
2.6960e+02
2.6765e+02
2.6611e+02
2.6500e+02
2.6433e+02
2.6409e+02
2.6426e+02
2.6479e+02
2.6563e+02
2.6668e+02
2.6785e+02
2.6904e+02
2.7014e+02
2.7107e+02
2.7175e+02
2.7212e+02
2.7216e+02
2.7186e+02
2.7127e+02
2.7043e+02
2.6943e+02
2.6835e+02
2.6729e+02
2.6633e+02
2.6556e+02
2.6503e+02
2.6478e+02
2.6483e+02
2.6518e+02
2.6581e+02
2.6667e+02
2.6772e+02
2.6890e+02
2.7017e+02
2.7147e+02
2.7278e+02
2.7407e+02
2.7532e+02
2.7654e+02
2.7775e+02
2.7898e+02
2.8026e+02
2.8163e+02
2.8312e+02
2.8476e+02
2.8658e+02
2.8860e+02
2.9082e+02
2.9324e+02
2.9585e+02
2.9864e+02
3.0159e+02
3.0468e+02
3.0790e+02
3.1122e+02
3.1462e+02
3.1810e+02
3.2162e+02
3.2516e+02
3.2869e+02
3.3218e+02
3.3560e+02
3.3894e+02
3.4216e+02
3.4524e+02
3.4818e+02
3.5098e+02
3.5362e+02
3.5613e+02
3.5851e+02
3.6078e+02
3.6295e+02
3.6503e+02
3.6707e+02
3.6906e+02
3.7104e+02
3.7302e+02
3.7502e+02
3.7708e+02
3.7920e+02
3.8140e+02
3.8369e+02
3.8606e+02
3.8851e+02
3.9104e+02
3.9362e+02
3.9623e+02
3.9885e+02
4.0148e+02
4.0412e+02
4.0675e+02
4.0937e+02
4.1200e+02
4.1466e+02
4.1737e+02
4.2011e+02
4.2292e+02
4.2580e+02
4.2873e+02
4.3172e+02
4.3475e+02
4.3780e+02
4.4087e+02
4.4391e+02
4.4691e+02
4.4985e+02
4.5272e+02
4.5550e+02
4.5819e+02
4.6080e+02
4.6331e+02
4.6576e+02
4.6815e+02
4.7050e+02
4.7286e+02
4.7525e+02
4.7768e+02
4.8019e+02
4.8278e+02
4.8548e+02
4.8829e+02
4.9120e+02
4.9420e+02
4.9726e+02
5.0034e+02
5.0339e+02
5.0638e+02
5.0925e+02
5.1195e+02
5.1444e+02
5.1669e+02
5.1868e+02
5.2039e+02
5.2183e+02
5.2301e+02
5.2396e+02
5.2472e+02
5.2532e+02
5.2580e+02
5.2621e+02
5.2657e+02
5.2691e+02
5.2721e+02
5.2745e+02
5.2760e+02
5.2759e+02
5.2740e+02
5.2695e+02
5.2619e+02
5.2510e+02
5.2366e+02
5.2186e+02
5.1974e+02
5.1735e+02
5.1475e+02
5.1202e+02
5.0923e+02
5.0644e+02
5.0368e+02
5.0099e+02
4.9839e+02
4.9585e+02
4.9335e+02
4.9086e+02
4.8835e+02
4.8579e+02
4.8315e+02
4.8041e+02
4.7758e+02
4.7464e+02
4.7160e+02
4.6847e+02
4.6526e+02
4.6198e+02
4.5865e+02
4.5528e+02
4.5189e+02
4.4849e+02
4.4508e+02
4.4170e+02
4.3836e+02
4.3508e+02
4.3188e+02
4.2879e+02
4.2581e+02
4.2296e+02
4.2025e+02
4.1769e+02
4.1529e+02
4.1306e+02
4.1100e+02
4.0913e+02
4.0745e+02
4.0598e+02
4.0473e+02
4.0370e+02
4.0290e+02
4.0233e+02
4.0199e+02
4.0187e+02
4.0195e+02
4.0220e+02
4.0260e+02
4.0313e+02
4.0376e+02
4.0444e+02
4.0514e+02
4.0585e+02
4.0655e+02
4.0721e+02
4.0784e+02
4.0845e+02
4.0903e+02
4.0963e+02
4.1026e+02
4.1098e+02
4.1183e+02
4.1285e+02
4.1410e+02
4.1563e+02
4.1746e+02
4.1962e+02
4.2211e+02
4.2493e+02
4.2803e+02
4.3136e+02
4.3486e+02
4.3843e+02
4.4200e+02
4.4549e+02
4.4880e+02
4.5190e+02
4.5475e+02
4.5734e+02
4.5966e+02
4.6176e+02
4.6368e+02
4.6548e+02
4.6722e+02
4.6896e+02
4.7075e+02
4.7262e+02
4.7458e+02
4.7662e+02
4.7870e+02
4.8079e+02
4.8281e+02
4.8468e+02
4.8635e+02
4.8775e+02
4.8885e+02
4.8963e+02
4.9011e+02
4.9034e+02
4.9038e+02
4.9031e+02
4.9023e+02
4.9022e+02
4.9035e+02
4.9066e+02
4.9118e+02
4.9190e+02
4.9277e+02
4.9375e+02
4.9475e+02
4.9569e+02
4.9652e+02
4.9717e+02
4.9762e+02
4.9785e+02
4.9786e+02
4.9767e+02
4.9731e+02
4.9683e+02
4.9627e+02
4.9565e+02
4.9501e+02
4.9438e+02
4.9375e+02
4.9315e+02
4.9257e+02
4.9200e+02
4.9143e+02
4.9085e+02
4.9024e+02
4.8957e+02
4.8883e+02
4.8798e+02
4.8700e+02
4.8587e+02
4.8457e+02
4.8309e+02
4.8142e+02
4.7956e+02
4.7751e+02
4.7529e+02
4.7290e+02
4.7038e+02
4.6775e+02
4.6504e+02
4.6229e+02
4.5951e+02
4.5676e+02
4.5406e+02
4.5146e+02
4.4899e+02
4.4667e+02
4.4454e+02
4.4263e+02
4.4094e+02
4.3949e+02
4.3828e+02
4.3731e+02
4.3657e+02
4.3607e+02
4.3580e+02
4.3575e+02
4.3593e+02
4.3635e+02
4.3703e+02
4.3797e+02
4.3917e+02
4.4064e+02
4.4235e+02
4.4430e+02
4.4644e+02
4.4872e+02
4.5110e+02
4.5351e+02
4.5590e+02
4.5820e+02
4.6037e+02
4.6238e+02
4.6418e+02
4.6577e+02
4.6715e+02
4.6832e+02
4.6929e+02
4.7009e+02
4.7074e+02
4.7125e+02
4.7166e+02
4.7197e+02
4.7221e+02
4.7241e+02
4.7256e+02
4.7270e+02
4.7284e+02
4.7300e+02
4.7322e+02
4.7351e+02
4.7390e+02
4.7443e+02
4.7512e+02
4.7599e+02
4.7708e+02
4.7838e+02
4.7992e+02
4.8166e+02
4.8358e+02
4.8562e+02
4.8774e+02
4.8986e+02
4.9192e+02
4.9387e+02
4.9564e+02
4.9721e+02
4.9855e+02
4.9968e+02
5.0062e+02
5.0138e+02
5.0203e+02
5.0259e+02
5.0311e+02
5.0362e+02
5.0412e+02
5.0461e+02
5.0506e+02
5.0544e+02
5.0573e+02
5.0588e+02
5.0587e+02
5.0569e+02
5.0535e+02
5.0487e+02
5.0428e+02
5.0361e+02
5.0291e+02
5.0222e+02
5.0159e+02
5.0105e+02
5.0061e+02
5.0028e+02
5.0006e+02
4.9994e+02
4.9989e+02
4.9990e+02
4.9994e+02
4.9999e+02
5.0003e+02
5.0004e+02
5.0002e+02
4.9996e+02
4.9987e+02
4.9976e+02
4.9965e+02
4.9957e+02
4.9955e+02
4.9962e+02
4.9983e+02
5.0021e+02
5.0080e+02
5.0163e+02
5.0272e+02
5.0407e+02
5.0568e+02
5.0757e+02
5.0975e+02
5.1221e+02
5.1496e+02
5.1798e+02
5.2127e+02
5.2483e+02
5.2863e+02
5.3266e+02
5.3686e+02
5.4118e+02
5.4556e+02
5.4993e+02
5.5419e+02
5.5828e+02
5.6212e+02
5.6566e+02
5.6886e+02
5.7172e+02
5.7424e+02
5.7642e+02
5.7830e+02
5.7991e+02
5.8130e+02
5.8249e+02
5.8349e+02
5.8433e+02
5.8501e+02
5.8551e+02
5.8585e+02
5.8600e+02
5.8595e+02
5.8569e+02
5.8520e+02
5.8449e+02
5.8355e+02
5.8236e+02
5.8089e+02
5.7912e+02
5.7703e+02
5.7458e+02
5.7175e+02
5.6850e+02
5.6484e+02
5.6076e+02
5.5627e+02
5.5141e+02
5.4625e+02
5.4083e+02
5.3523e+02
5.2953e+02
5.2381e+02
5.1814e+02
5.1259e+02
5.0720e+02
5.0200e+02
4.9700e+02
4.9221e+02
4.8760e+02
4.8316e+02
4.7887e+02
4.7473e+02
4.7071e+02
4.6683e+02
4.6307e+02
4.5946e+02
4.5600e+02
4.5270e+02
4.4958e+02
4.4663e+02
4.4385e+02
4.4122e+02
4.3874e+02
4.3639e+02
4.3415e+02
4.3202e+02
4.3003e+02
4.2822e+02
4.2663e+02
4.2535e+02
4.2444e+02
4.2399e+02
4.2408e+02
4.2476e+02
4.2606e+02
4.2801e+02
4.3055e+02
4.3362e+02
4.3713e+02
4.4095e+02
4.4494e+02
4.4896e+02
4.5287e+02
4.5655e+02
4.5991e+02
4.6290e+02
4.6550e+02
4.6772e+02
4.6961e+02
4.7123e+02
4.7267e+02
4.7400e+02
4.7529e+02
4.7661e+02
4.7798e+02
4.7942e+02
4.8095e+02
4.8253e+02
4.8413e+02
4.8570e+02
4.8719e+02
4.8856e+02
4.8979e+02
4.9087e+02
4.9180e+02
4.9260e+02
4.9331e+02
4.9398e+02
4.9465e+02
4.9539e+02
4.9622e+02
4.9720e+02
4.9832e+02
4.9957e+02
5.0093e+02
5.0234e+02
5.0373e+02
5.0503e+02
5.0616e+02
5.0707e+02
5.0769e+02
5.0799e+02
5.0795e+02
5.0755e+02
5.0682e+02
5.0576e+02
5.0442e+02
5.0281e+02
5.0099e+02
4.9896e+02
4.9678e+02
4.9445e+02
4.9200e+02
4.8945e+02
4.8681e+02
4.8411e+02
4.8136e+02
4.7858e+02
4.7579e+02
4.7299e+02
4.7020e+02
4.6742e+02
4.6468e+02
4.6197e+02
4.5931e+02
4.5673e+02
4.5425e+02
4.5188e+02
4.4966e+02
4.4762e+02
4.4579e+02
4.4419e+02
4.4282e+02
4.4172e+02
4.4087e+02
4.4027e+02
4.3989e+02
4.3971e+02
4.3969e+02
4.3980e+02
4.4000e+02
4.4025e+02
4.4054e+02
4.4085e+02
4.4118e+02
4.4155e+02
4.4197e+02
4.4248e+02
4.4312e+02
4.4394e+02
4.4497e+02
4.4625e+02
4.4780e+02
4.4960e+02
4.5163e+02
4.5387e+02
4.5625e+02
4.5872e+02
4.6120e+02
4.6364e+02
4.6598e+02
4.6818e+02
4.7025e+02
4.7218e+02
4.7402e+02
4.7582e+02
4.7763e+02
4.7953e+02
4.8156e+02
4.8377e+02
4.8615e+02
4.8871e+02
4.9142e+02
4.9421e+02
4.9702e+02
4.9978e+02
5.0242e+02
5.0490e+02
5.0720e+02
5.0932e+02
5.1128e+02
5.1315e+02
5.1500e+02
5.1691e+02
5.1896e+02
5.2124e+02
5.2381e+02
5.2670e+02
5.2994e+02
5.3352e+02
5.3740e+02
5.4156e+02
5.4592e+02
5.5043e+02
5.5502e+02
5.5961e+02
5.6413e+02
5.6851e+02
5.7265e+02
5.7651e+02
5.8003e+02
5.8316e+02
5.8587e+02
5.8813e+02
5.8993e+02
5.9131e+02
5.9230e+02
5.9296e+02
5.9337e+02
5.9361e+02
5.9380e+02
5.9405e+02
5.9444e+02
5.9506e+02
5.9599e+02
5.9727e+02
5.9894e+02
6.0097e+02
6.0334e+02
6.0598e+02
6.0882e+02
6.1175e+02
6.1468e+02
6.1750e+02
6.2012e+02
6.2248e+02
6.2454e+02
6.2628e+02
6.2774e+02
6.2895e+02
6.2998e+02
6.3090e+02
6.3179e+02
6.3269e+02
6.3365e+02
6.3469e+02
6.3584e+02
6.3706e+02
6.3834e+02
6.3965e+02
6.4097e+02
6.4227e+02
6.4355e+02
6.4485e+02
6.4619e+02
6.4764e+02
6.4923e+02
6.5105e+02
6.5312e+02
6.5549e+02
6.5818e+02
6.6115e+02
6.6439e+02
6.6781e+02
6.7131e+02
6.7479e+02
6.7812e+02
6.8117e+02
6.8381e+02
6.8594e+02
6.8746e+02
6.8832e+02
6.8847e+02
6.8790e+02
6.8662e+02
6.8466e+02
6.8208e+02
6.7895e+02
6.7534e+02
6.7132e+02
6.6696e+02
6.6233e+02
6.5749e+02
6.5251e+02
6.4742e+02
6.4225e+02
6.3703e+02
6.3176e+02
6.2646e+02
6.2113e+02
6.1576e+02
6.1036e+02
6.0491e+02
5.9942e+02
5.9390e+02
5.8837e+02
5.8286e+02
5.7742e+02
5.7209e+02
5.6694e+02
5.6204e+02
5.5745e+02
5.5323e+02
5.4944e+02
5.4612e+02
5.4330e+02
5.4096e+02
5.3907e+02
5.3757e+02
5.3638e+02
5.3541e+02
5.3455e+02
5.3370e+02
5.3276e+02
5.3166e+02
5.3034e+02
5.2876e+02
5.2694e+02
5.2487e+02
5.2259e+02
5.2014e+02
5.1757e+02
5.1492e+02
5.1223e+02
5.0952e+02
5.0683e+02
5.0415e+02
5.0152e+02
4.9895e+02
4.9646e+02
4.9408e+02
4.9184e+02
4.8979e+02
4.8797e+02
4.8641e+02
4.8516e+02
4.8425e+02
4.8374e+02
4.8367e+02
4.8408e+02
4.8501e+02
4.8651e+02
4.8860e+02
4.9128e+02
4.9452e+02
4.9827e+02
5.0244e+02
5.0690e+02
5.1148e+02
5.1602e+02
5.2033e+02
5.2424e+02
5.2759e+02
5.3028e+02
5.3227e+02
5.3359e+02
5.3430e+02
5.3455e+02
5.3451e+02
5.3437e+02
5.3434e+02
5.3462e+02
5.3539e+02
5.3677e+02
5.3887e+02
5.4176e+02
5.4543e+02
5.4983e+02
5.5487e+02
5.6042e+02
5.6635e+02
5.7246e+02
5.7858e+02
5.8451e+02
5.9009e+02
5.9516e+02
5.9959e+02
6.0330e+02
6.0624e+02
6.0843e+02
6.0991e+02
6.1078e+02
6.1115e+02
6.1117e+02
6.1098e+02
6.1074e+02
6.1059e+02
6.1067e+02
6.1108e+02
6.1193e+02
6.1328e+02
6.1517e+02
6.1765e+02
6.2070e+02
6.2432e+02
6.2844e+02
6.3299e+02
6.3790e+02
6.4308e+02
6.4842e+02
6.5382e+02
6.5916e+02
6.6436e+02
6.6934e+02
6.7403e+02
6.7841e+02
6.8245e+02
6.8616e+02
6.8954e+02
6.9261e+02
6.9540e+02
6.9794e+02
7.0025e+02
7.0237e+02
7.0434e+02
7.0618e+02
7.0793e+02
7.0962e+02
7.1129e+02
7.1295e+02
7.1464e+02
7.1637e+02
7.1815e+02
7.1999e+02
7.2188e+02
7.2379e+02
7.2573e+02
7.2767e+02
7.2958e+02
7.3143e+02
7.3321e+02
7.3490e+02
7.3649e+02
7.3800e+02
7.3941e+02
7.4076e+02
7.4205e+02
7.4333e+02
7.4462e+02
7.4597e+02
7.4741e+02
7.4897e+02
7.5070e+02
7.5262e+02
7.5474e+02
7.5709e+02
7.5966e+02
7.6245e+02
7.6543e+02
7.6858e+02
7.7185e+02
7.7520e+02
7.7860e+02
7.8199e+02
7.8533e+02
7.8860e+02
7.9176e+02
7.9481e+02
7.9775e+02
8.0060e+02
8.0342e+02
8.0626e+02
8.0917e+02
8.1219e+02
8.1536e+02
8.1867e+02
8.2207e+02
8.2551e+02
8.2889e+02
8.3208e+02
8.3492e+02
8.3728e+02
8.3903e+02
8.4008e+02
8.4038e+02
8.3994e+02
8.3881e+02
8.3712e+02
8.3503e+02
8.3269e+02
8.3031e+02
8.2804e+02
8.2606e+02
8.2448e+02
8.2341e+02
8.2292e+02
8.2303e+02
8.2376e+02
8.2509e+02
8.2699e+02
8.2943e+02
8.3235e+02
8.3569e+02
8.3937e+02
8.4330e+02
8.4740e+02
8.5158e+02
8.5576e+02
8.5983e+02
8.6372e+02
8.6736e+02
8.7069e+02
8.7364e+02
8.7617e+02
8.7823e+02
8.7977e+02
8.8077e+02
8.8117e+02
8.8096e+02
8.8009e+02
8.7858e+02
8.7645e+02
8.7376e+02
8.7060e+02
8.6708e+02
8.6336e+02
8.5959e+02
8.5594e+02
8.5258e+02
8.4965e+02
8.4726e+02
8.4549e+02
8.4439e+02
8.4395e+02
8.4415e+02
8.4493e+02
8.4620e+02
8.4789e+02
8.4991e+02
8.5218e+02
8.5464e+02
8.5726e+02
8.5999e+02
8.6286e+02
8.6587e+02
8.6907e+02
8.7246e+02
8.7606e+02
8.7985e+02
8.8385e+02
8.8799e+02
8.9223e+02
8.9649e+02
9.0068e+02
9.0473e+02
9.0855e+02
9.1204e+02
9.1513e+02
9.1778e+02
9.1996e+02
9.2166e+02
9.2289e+02
9.2369e+02
9.2410e+02
9.2417e+02
9.2398e+02
9.2359e+02
9.2305e+02
9.2244e+02
9.2181e+02
9.2120e+02
9.2063e+02
9.2011e+02
9.1965e+02
9.1923e+02
9.1883e+02
9.1844e+02
9.1803e+02
9.1761e+02
9.1720e+02
9.1679e+02
9.1644e+02
9.1615e+02
9.1597e+02
9.1591e+02
9.1597e+02
9.1612e+02
9.1635e+02
9.1662e+02
9.1686e+02
9.1703e+02
9.1707e+02
9.1693e+02
9.1660e+02
9.1606e+02
9.1530e+02
9.1434e+02
9.1318e+02
9.1181e+02
9.1022e+02
9.0840e+02
9.0631e+02
9.0394e+02
9.0125e+02
8.9825e+02
8.9494e+02
8.9136e+02
8.8754e+02
8.8354e+02
8.7942e+02
8.7524e+02
8.7107e+02
8.6694e+02
8.6289e+02
8.5891e+02
8.5502e+02
8.5119e+02
8.4743e+02
8.4372e+02
8.4007e+02
8.3650e+02
8.3304e+02
8.2973e+02
8.2661e+02
8.2374e+02
8.2115e+02
8.1886e+02
8.1688e+02
8.1521e+02
8.1381e+02
8.1267e+02
8.1173e+02
8.1095e+02
8.1027e+02
8.0964e+02
8.0900e+02
8.0832e+02
8.0756e+02
8.0671e+02
8.0576e+02
8.0472e+02
8.0362e+02
8.0247e+02
8.0131e+02
8.0019e+02
7.9916e+02
7.9826e+02
7.9752e+02
7.9698e+02
7.9666e+02
7.9655e+02
7.9667e+02
7.9701e+02
7.9754e+02
7.9824e+02
7.9908e+02
8.0005e+02
8.0112e+02
8.0228e+02
8.0350e+02
8.0478e+02
8.0609e+02
8.0744e+02
8.0881e+02
8.1023e+02
8.1168e+02
8.1318e+02
8.1473e+02
8.1634e+02
8.1802e+02
8.1978e+02
8.2162e+02
8.2356e+02
8.2560e+02
8.2774e+02
8.2998e+02
8.3232e+02
8.3475e+02
8.3727e+02
8.3987e+02
8.4253e+02
8.4524e+02
8.4798e+02
8.5072e+02
8.5345e+02
8.5616e+02
8.5883e+02
8.6145e+02
8.6403e+02
8.6655e+02
8.6904e+02
8.7149e+02
8.7392e+02
8.7632e+02
8.7868e+02
8.8100e+02
8.8324e+02
8.8541e+02
8.8748e+02
8.8944e+02
8.9127e+02
8.9298e+02
8.9456e+02
8.9603e+02
8.9741e+02
8.9873e+02
9.0001e+02
9.0127e+02
9.0252e+02
9.0377e+02
9.0505e+02
9.0633e+02
9.0763e+02
9.0891e+02
9.1019e+02
9.1143e+02
9.1262e+02
9.1374e+02
9.1481e+02
9.1581e+02
9.1675e+02
9.1762e+02
9.1845e+02
9.1925e+02
9.2007e+02
9.2093e+02
9.2185e+02
9.2288e+02
9.2401e+02
9.2525e+02
9.2658e+02
9.2798e+02
9.2939e+02
9.3078e+02
9.3206e+02
9.3317e+02
9.3403e+02
9.3458e+02
9.3475e+02
9.3451e+02
9.3379e+02
9.3261e+02
9.3093e+02
9.2879e+02
9.2621e+02
9.2321e+02
9.1986e+02
9.1621e+02
9.1231e+02
9.0824e+02
9.0405e+02
8.9981e+02
8.9557e+02
8.9135e+02
8.8719e+02
8.8310e+02
8.7908e+02
8.7512e+02
8.7120e+02
8.6731e+02
8.6343e+02
8.5956e+02
8.5570e+02
8.5187e+02
8.4809e+02
8.4441e+02
8.4087e+02
8.3752e+02
8.3442e+02
8.3163e+02
8.2922e+02
8.2725e+02
8.2577e+02
8.2480e+02
8.2437e+02
8.2447e+02
8.2510e+02
8.2620e+02
8.2771e+02
8.2953e+02
8.3151e+02
8.3352e+02
8.3541e+02
8.3701e+02
8.3820e+02
8.3884e+02
8.3885e+02
8.3803e+02
8.3609e+02
8.3269e+02
8.2746e+02
8.1997e+02
8.0974e+02
7.9630e+02
7.7920e+02
7.5814e+02
7.3299e+02
7.0388e+02
6.7122e+02
6.3566e+02
5.9813e+02
5.5973e+02
