4.6775e+02
4.6815e+02
4.6850e+02
4.6880e+02
4.6906e+02
4.6931e+02
4.6957e+02
4.6987e+02
4.7023e+02
4.7068e+02
4.7122e+02
4.7186e+02
4.7260e+02
4.7345e+02
4.7439e+02
4.7541e+02
4.7651e+02
4.7765e+02
4.7881e+02
4.7996e+02
4.8108e+02
4.8212e+02
4.8304e+02
4.8379e+02
4.8433e+02
4.8464e+02
4.8466e+02
4.8437e+02
4.8376e+02
4.8284e+02
4.8164e+02
4.8016e+02
4.7847e+02
4.7659e+02
4.7458e+02
4.7247e+02
4.7032e+02
4.6815e+02
4.6602e+02
4.6394e+02
4.6196e+02
4.6011e+02
4.5842e+02
4.5690e+02
4.5557e+02
4.5445e+02
4.5353e+02
4.5279e+02
4.5222e+02
4.5178e+02
4.5140e+02
4.5103e+02
4.5062e+02
4.5011e+02
4.4947e+02
4.4866e+02
4.4767e+02
4.4651e+02
4.4520e+02
4.4377e+02
4.4227e+02
4.4075e+02
4.3925e+02
4.3782e+02
4.3652e+02
4.3536e+02
4.3438e+02
4.3358e+02
4.3295e+02
4.3247e+02
4.3211e+02
4.3181e+02
4.3153e+02
4.3120e+02
4.3076e+02
4.3017e+02
4.2939e+02
4.2838e+02
4.2716e+02
4.2573e+02
4.2413e+02
4.2241e+02
4.2061e+02
4.1881e+02
4.1706e+02
4.1543e+02
4.1396e+02
4.1270e+02
4.1169e+02
4.1096e+02
4.1052e+02
4.1039e+02
4.1058e+02
4.1107e+02
4.1187e+02
4.1294e+02
4.1425e+02
4.1576e+02
4.1743e+02
4.1919e+02
4.2100e+02
4.2280e+02
4.2454e+02
4.2619e+02
4.2774e+02
4.2916e+02
4.3047e+02
4.3167e+02
4.3280e+02
4.3386e+02
4.3490e+02
4.3593e+02
4.3696e+02
4.3799e+02
4.3902e+02
4.4002e+02
4.4099e+02
4.4189e+02
4.4270e+02
4.4342e+02
4.4403e+02
4.4452e+02
4.4490e+02
4.4518e+02
4.4539e+02
4.4553e+02
4.4562e+02
4.4568e+02
4.4571e+02
4.4572e+02
4.4571e+02
4.4567e+02
4.4559e+02
4.4547e+02
4.4531e+02
4.4513e+02
4.4492e+02
4.4471e+02
4.4451e+02
4.4431e+02
4.4412e+02
4.4391e+02
4.4368e+02
4.4339e+02
4.4301e+02
4.4249e+02
4.4181e+02
4.4092e+02
4.3980e+02
4.3844e+02
4.3685e+02
4.3506e+02
4.3308e+02
4.3095e+02
4.2872e+02
4.2642e+02
4.2407e+02
4.2171e+02
4.1934e+02
4.1697e+02
4.1460e+02
4.1223e+02
4.0985e+02
4.0747e+02
4.0509e+02
4.0274e+02
4.0043e+02
3.9818e+02
3.9603e+02
3.9399e+02
3.9209e+02
3.9036e+02
3.8880e+02
3.8740e+02
3.8616e+02
3.8505e+02
3.8405e+02
3.8314e+02
3.8228e+02
3.8146e+02
3.8065e+02
3.7986e+02
3.7906e+02
3.7825e+02
3.7746e+02
3.7667e+02
3.7590e+02
3.7516e+02
3.7443e+02
3.7371e+02
3.7302e+02
3.7233e+02
3.7163e+02
3.7094e+02
3.7023e+02
3.6950e+02
3.6876e+02
3.6801e+02
3.6725e+02
3.6651e+02
3.6579e+02
3.6509e+02
3.6444e+02
3.6382e+02
3.6326e+02
3.6274e+02
3.6228e+02
3.6188e+02
3.6153e+02
3.6124e+02
3.6100e+02
3.6083e+02
3.6072e+02
3.6069e+02
3.6072e+02
3.6082e+02
3.6098e+02
3.6119e+02
3.6145e+02
3.6174e+02
3.6206e+02
3.6237e+02
3.6266e+02
3.6291e+02
3.6310e+02
3.6320e+02
3.6320e+02
3.6308e+02
3.6282e+02
3.6239e+02
3.6178e+02
3.6095e+02
3.5990e+02
3.5861e+02
3.5707e+02
3.5530e+02
3.5331e+02
3.5115e+02
3.4888e+02
3.4659e+02
3.4438e+02
3.4235e+02
3.4062e+02
3.3931e+02
3.3848e+02
3.3820e+02
3.3850e+02
3.3937e+02
3.4076e+02
3.4258e+02
3.4472e+02
3.4705e+02
3.4946e+02
3.5181e+02
3.5400e+02
3.5595e+02
3.5762e+02
3.5900e+02
3.6012e+02
3.6104e+02
3.6181e+02
3.6251e+02
3.6320e+02
3.6392e+02
3.6469e+02
3.6549e+02
3.6630e+02
3.6705e+02
3.6766e+02
3.6805e+02
3.6814e+02
3.6785e+02
3.6715e+02
3.6601e+02
3.6445e+02
3.6251e+02
3.6027e+02
3.5783e+02
3.5528e+02
3.5273e+02
3.5028e+02
3.4803e+02
3.4604e+02
3.4438e+02
3.4310e+02
3.4222e+02
3.4177e+02
3.4174e+02
3.4212e+02
3.4290e+02
3.4400e+02
3.4539e+02
3.4697e+02
3.4868e+02
3.5043e+02
3.5212e+02
3.5366e+02
3.5496e+02
3.5596e+02
3.5660e+02
3.5690e+02
3.5683e+02
3.5644e+02
3.5578e+02
3.5489e+02
3.5385e+02
3.5270e+02
3.5151e+02
3.5032e+02
3.4917e+02
3.4809e+02
3.4708e+02
3.4617e+02
3.4535e+02
3.4461e+02
3.4395e+02
3.4338e+02
3.4287e+02
3.4244e+02
3.4209e+02
3.4181e+02
3.4161e+02
3.4149e+02
3.4146e+02
3.4153e+02
3.4171e+02
3.4199e+02
3.4239e+02
3.4290e+02
3.4351e+02
3.4420e+02
3.4495e+02
3.4572e+02
3.4646e+02
3.4712e+02
3.4766e+02
3.4801e+02
3.4815e+02
3.4802e+02
3.4762e+02
3.4694e+02
3.4601e+02
3.4486e+02
3.4356e+02
3.4217e+02
3.4077e+02
3.3946e+02
3.3828e+02
3.3729e+02
3.3654e+02
3.3602e+02
3.3573e+02
3.3561e+02
3.3562e+02
3.3569e+02
3.3574e+02
3.3573e+02
3.3559e+02
3.3531e+02
3.3487e+02
3.3428e+02
3.3354e+02
3.3272e+02
3.3183e+02
3.3093e+02
3.3003e+02
3.2915e+02
3.2832e+02
3.2753e+02
3.2678e+02
3.2608e+02
3.2544e+02
3.2484e+02
3.2431e+02
3.2387e+02
3.2354e+02
3.2333e+02
3.2328e+02
3.2341e+02
3.2372e+02
3.2424e+02
3.2495e+02
3.2585e+02
3.2695e+02
3.2822e+02
3.2965e+02
3.3120e+02
3.3285e+02
3.3455e+02
3.3626e+02
3.3793e+02
3.3950e+02
3.4093e+02
3.4215e+02
3.4314e+02
3.4384e+02
3.4424e+02
3.4435e+02
3.4418e+02
3.4375e+02
3.4309e+02
3.4225e+02
3.4128e+02
3.4021e+02
3.3908e+02
3.3794e+02
3.3680e+02
3.3569e+02
3.3462e+02
3.3360e+02
3.3263e+02
3.3173e+02
3.3090e+02
3.3015e+02
3.2949e+02
3.2893e+02
3.2846e+02
3.2810e+02
3.2783e+02
3.2766e+02
3.2758e+02
3.2757e+02
3.2763e+02
3.2774e+02
3.2788e+02
3.2803e+02
3.2817e+02
3.2828e+02
3.2836e+02
3.2839e+02
3.2837e+02
3.2831e+02
3.2823e+02
3.2813e+02
3.2802e+02
3.2792e+02
3.2783e+02
3.2775e+02
3.2767e+02
3.2757e+02
3.2743e+02
3.2722e+02
3.2691e+02
3.2646e+02
3.2585e+02
3.2506e+02
3.2407e+02
3.2290e+02
3.2156e+02
3.2007e+02
3.1849e+02
3.1686e+02
3.1524e+02
3.1368e+02
3.1223e+02
3.1092e+02
3.0980e+02
3.0887e+02
3.0812e+02
3.0754e+02
3.0710e+02
3.0674e+02
3.0641e+02
3.0605e+02
3.0561e+02
3.0506e+02
3.0436e+02
3.0349e+02
3.0245e+02
3.0125e+02
2.9992e+02
2.9851e+02
2.9704e+02
2.9555e+02
2.9408e+02
2.9264e+02
2.9127e+02
2.8997e+02
2.8874e+02
2.8758e+02
2.8647e+02
2.8542e+02
2.8442e+02
2.8349e+02
2.8262e+02
2.8183e+02
2.8115e+02
2.8059e+02
2.8019e+02
2.7995e+02
2.7988e+02
2.7999e+02
2.8027e+02
2.8071e+02
2.8129e+02
2.8198e+02
2.8277e+02
2.8363e+02
2.8455e+02
2.8552e+02
2.8652e+02
2.8752e+02
2.8853e+02
2.8950e+02
2.9043e+02
2.9128e+02
2.9203e+02
2.9265e+02
2.9309e+02
2.9332e+02
2.9332e+02
2.9308e+02
2.9256e+02
2.9177e+02
2.9070e+02
2.8938e+02
2.8780e+02
2.8598e+02
2.8395e+02
2.8173e+02
2.7936e+02
2.7686e+02
2.7427e+02
2.7164e+02
2.6902e+02
2.6645e+02
2.6399e+02
2.6167e+02
2.5955e+02
2.5767e+02
2.5606e+02
2.5473e+02
2.5368e+02
2.5291e+02
2.5239e+02
2.5208e+02
2.5193e+02
2.5188e+02
2.5185e+02
2.5181e+02
2.5168e+02
2.5142e+02
2.5100e+02
2.5041e+02
2.4965e+02
2.4876e+02
2.4774e+02
2.4666e+02
2.4557e+02
2.4451e+02
2.4355e+02
2.4272e+02
2.4207e+02
2.4163e+02
2.4145e+02
2.4151e+02
2.4185e+02
2.4246e+02
2.4334e+02
2.4449e+02
2.4587e+02
2.4746e+02
2.4922e+02
2.5110e+02
2.5307e+02
2.5506e+02
2.5703e+02
2.5893e+02
2.6073e+02
2.6239e+02
2.6391e+02
2.6525e+02
2.6643e+02
2.6743e+02
2.6825e+02
2.6889e+02
2.6934e+02
2.6961e+02
2.6970e+02
2.6961e+02
2.6935e+02
2.6893e+02
2.6836e+02
2.6766e+02
2.6687e+02
2.6600e+02
2.6507e+02
2.6411e+02
2.6313e+02
2.6214e+02
2.6116e+02
2.6020e+02
2.5925e+02
2.5832e+02
2.5739e+02
2.5647e+02
2.5553e+02
2.5458e+02
2.5359e+02
2.5255e+02
2.5145e+02
2.5029e+02
2.4909e+02
2.4785e+02
2.4658e+02
2.4534e+02
2.4416e+02
2.4307e+02
2.4211e+02
2.4131e+02
2.4068e+02
2.4024e+02
2.3999e+02
2.3990e+02
2.3997e+02
2.4016e+02
2.4044e+02
2.4078e+02
2.4113e+02
2.4147e+02
2.4176e+02
2.4197e+02
2.4207e+02
2.4203e+02
2.4183e+02
2.4147e+02
2.4095e+02
2.4027e+02
2.3947e+02
2.3857e+02
2.3761e+02
2.3664e+02
2.3569e+02
2.3477e+02
2.3393e+02
2.3318e+02
2.3250e+02
2.3189e+02
2.3134e+02
2.3081e+02
2.3030e+02
2.2980e+02
2.2928e+02
2.2873e+02
2.2816e+02
2.2755e+02
2.2691e+02
2.2622e+02
2.2549e+02
2.2470e+02
2.2384e+02
2.2289e+02
2.2185e+02
2.2070e+02
2.1945e+02
2.1812e+02
2.1671e+02
2.1528e+02
2.1385e+02
2.1248e+02
2.1122e+02
2.1013e+02
2.0926e+02
2.0864e+02
2.0830e+02
2.0825e+02
2.0848e+02
2.0896e+02
2.0963e+02
2.1043e+02
2.1129e+02
2.1214e+02
2.1288e+02
2.1347e+02
2.1386e+02
2.1402e+02
2.1392e+02
2.1357e+02
2.1298e+02
2.1217e+02
2.1118e+02
2.1003e+02
2.0876e+02
2.0740e+02
2.0599e+02
2.0454e+02
2.0309e+02
2.0166e+02
2.0028e+02
1.9899e+02
1.9781e+02
1.9676e+02
1.9585e+02
1.9509e+02
1.9448e+02
1.9401e+02
1.9365e+02
1.9339e+02
1.9319e+02
1.9302e+02
1.9286e+02
1.9268e+02
1.9246e+02
1.9219e+02
1.9187e+02
1.9148e+02
1.9103e+02
1.9050e+02
1.8990e+02
1.8924e+02
1.8850e+02
1.8766e+02
1.8674e+02
1.8571e+02
1.8456e+02
1.8330e+02
1.8191e+02
1.8043e+02
1.7886e+02
1.7725e+02
1.7564e+02
1.7406e+02
1.7258e+02
1.7121e+02
1.6999e+02
1.6893e+02
1.6803e+02
1.6727e+02
1.6660e+02
1.6597e+02
1.6530e+02
1.6455e+02
1.6364e+02
1.6255e+02
1.6125e+02
1.5974e+02
1.5802e+02
1.5613e+02
1.5411e+02
1.5199e+02
1.4982e+02
1.4764e+02
1.4549e+02
1.4343e+02
1.4152e+02
1.3981e+02
1.3836e+02
1.3724e+02
1.3651e+02
1.3623e+02
1.3642e+02
1.3711e+02
1.3826e+02
1.3984e+02
1.4176e+02
1.4392e+02
1.4622e+02
1.4854e+02
1.5078e+02
1.5286e+02
1.5474e+02
1.5642e+02
1.5790e+02
1.5926e+02
1.6056e+02
1.6190e+02
1.6335e+02
1.6501e+02
1.6695e+02
1.6919e+02
1.7178e+02
1.7469e+02
1.7790e+02
1.8135e+02
1.8497e+02
1.8865e+02
1.9231e+02
1.9587e+02
1.9922e+02
2.0231e+02
2.0505e+02
2.0742e+02
2.0938e+02
2.1096e+02
2.1216e+02
2.1302e+02
2.1360e+02
2.1392e+02
2.1405e+02
2.1402e+02
2.1385e+02
2.1356e+02
2.1316e+02
2.1266e+02
2.1204e+02
2.1131e+02
2.1047e+02
2.0952e+02
2.0848e+02
2.0738e+02
2.0625e+02
2.0514e+02
2.0408e+02
2.0311e+02
2.0227e+02
2.0159e+02
2.0109e+02
2.0078e+02
2.0064e+02
2.0068e+02
2.0085e+02
2.0114e+02
2.0150e+02
2.0189e+02
2.0227e+02
2.0260e+02
2.0283e+02
2.0295e+02
2.0292e+02
2.0273e+02
2.0239e+02
2.0189e+02
2.0128e+02
2.0060e+02
1.9989e+02
1.9922e+02
1.9864e+02
1.9823e+02
1.9800e+02
1.9802e+02
1.9828e+02
1.9880e+02
1.9954e+02
2.0044e+02
2.0147e+02
2.0255e+02
2.0361e+02
2.0458e+02
2.0541e+02
2.0605e+02
2.0646e+02
2.0664e+02
2.0658e+02
2.0630e+02
2.0583e+02
2.0518e+02
2.0436e+02
2.0340e+02
2.0231e+02
2.0112e+02
1.9984e+02
1.9848e+02
1.9708e+02
1.9564e+02
1.9422e+02
1.9282e+02
1.9148e+02
1.9025e+02
1.8916e+02
1.8824e+02
1.8751e+02
1.8697e+02
1.8661e+02
1.8643e+02
1.8640e+02
1.8650e+02
1.8668e+02
1.8691e+02
1.8714e+02
1.8733e+02
1.8746e+02
1.8749e+02
1.8739e+02
1.8716e+02
1.8676e+02
1.8622e+02
1.8552e+02
1.8470e+02
1.8376e+02
1.8274e+02
1.8165e+02
1.8052e+02
1.7938e+02
1.7825e+02
1.7717e+02
1.7613e+02
1.7517e+02
1.7428e+02
1.7347e+02
1.7275e+02
1.7210e+02
1.7152e+02
1.7100e+02
1.7054e+02
1.7011e+02
1.6971e+02
1.6933e+02
1.6895e+02
1.6858e+02
1.6822e+02
1.6788e+02
1.6759e+02
1.6735e+02
1.6721e+02
1.6718e+02
1.6730e+02
1.6759e+02
1.6807e+02
1.6873e+02
1.6957e+02
1.7057e+02
1.7169e+02
1.7291e+02
1.7418e+02
1.7543e+02
1.7665e+02
1.7779e+02
1.7885e+02
1.7980e+02
1.8067e+02
1.8147e+02
1.8223e+02
1.8296e+02
1.8369e+02
1.8442e+02
1.8516e+02
1.8589e+02
1.8656e+02
1.8713e+02
1.8756e+02
1.8779e+02
1.8778e+02
1.8749e+02
1.8689e+02
1.8600e+02
1.8482e+02
1.8338e+02
1.8174e+02
1.7995e+02
1.7808e+02
1.7618e+02
1.7430e+02
1.7249e+02
1.7080e+02
1.6924e+02
1.6785e+02
1.6661e+02
1.6554e+02
1.6462e+02
1.6384e+02
1.6318e+02
1.6261e+02
1.6211e+02
1.6167e+02
1.6125e+02
1.6083e+02
1.6041e+02
1.5997e+02
1.5951e+02
1.5902e+02
1.5852e+02
1.5800e+02
1.5747e+02
1.5693e+02
1.5641e+02
1.5591e+02
1.5543e+02
1.5498e+02
1.5456e+02
1.5417e+02
1.5381e+02
1.5349e+02
1.5319e+02
1.5293e+02
1.5271e+02
1.5250e+02
1.5231e+02
1.5212e+02
1.5193e+02
1.5172e+02
1.5147e+02
1.5118e+02
1.5083e+02
1.5042e+02
1.4995e+02
1.4944e+02
1.4890e+02
1.4837e+02
1.4787e+02
1.4743e+02
1.4708e+02
1.4684e+02
1.4671e+02
1.4669e+02
1.4675e+02
1.4687e+02
1.4701e+02
1.4712e+02
1.4718e+02
1.4716e+02
1.4704e+02
1.4682e+02
1.4651e+02
1.4614e+02
1.4574e+02
1.4535e+02
1.4500e+02
1.4472e+02
1.4453e+02
1.4444e+02
1.4444e+02
1.4453e+02
1.4468e+02
1.4487e+02
1.4507e+02
1.4528e+02
1.4548e+02
1.4567e+02
1.4586e+02
1.4607e+02
1.4628e+02
1.4653e+02
1.4683e+02
1.4717e+02
1.4757e+02
1.4800e+02
1.4846e+02
1.4891e+02
1.4933e+02
1.4971e+02
1.5002e+02
1.5026e+02
1.5043e+02
1.5055e+02
1.5063e+02
1.5070e+02
1.5078e+02
1.5089e+02
1.5106e+02
1.5127e+02
1.5154e+02
1.5183e+02
1.5214e+02
1.5242e+02
1.5264e+02
1.5277e+02
1.5276e+02
1.5258e+02
1.5219e+02
1.5158e+02
1.5072e+02
1.4962e+02
1.4829e+02
1.4672e+02
1.4495e+02
1.4301e+02
1.4096e+02
1.3885e+02
1.3675e+02
1.3470e+02
1.3276e+02
1.3097e+02
1.2937e+02
1.2795e+02
1.2672e+02
1.2565e+02
1.2470e+02
1.2384e+02
1.2303e+02
1.2221e+02
1.2134e+02
1.2041e+02
1.1939e+02
1.1828e+02
1.1711e+02
1.1591e+02
1.1471e+02
1.1357e+02
1.1254e+02
1.1167e+02
1.1099e+02
1.1054e+02
1.1031e+02
1.1031e+02
1.1051e+02
1.1085e+02
1.1130e+02
1.1177e+02
1.1221e+02
1.1258e+02
1.1284e+02
1.1296e+02
1.1295e+02
1.1282e+02
1.1258e+02
1.1226e+02
1.1190e+02
1.1153e+02
1.1115e+02
1.1077e+02
1.1041e+02
1.1004e+02
1.0965e+02
1.0922e+02
1.0874e+02
1.0817e+02
1.0752e+02
1.0679e+02
1.0599e+02
1.0514e+02
1.0426e+02
1.0337e+02
1.0250e+02
1.0167e+02
1.0092e+02
1.0025e+02
9.9679e+01
9.9202e+01
9.8808e+01
9.8470e+01
9.8167e+01
9.7867e+01
9.7549e+01
9.7181e+01
9.6746e+01
9.6254e+01
9.5725e+01
9.5201e+01
9.4727e+01
9.4367e+01
9.4179e+01
9.4223e+01
9.4542e+01
9.5156e+01
9.6067e+01
9.7252e+01
9.8664e+01
1.0023e+02
1.0187e+02
1.0351e+02
1.0506e+02
1.0644e+02
1.0761e+02
1.0854e+02
1.0919e+02
1.0959e+02
1.0973e+02
1.0965e+02
1.0938e+02
1.0895e+02
1.0841e+02
1.0778e+02
1.0709e+02
1.0636e+02
1.0562e+02
1.0491e+02
1.0424e+02
1.0364e+02
1.0313e+02
1.0274e+02
1.0249e+02
1.0240e+02
1.0246e+02
1.0269e+02
1.0307e+02
1.0358e+02
1.0420e+02
1.0489e+02
1.0562e+02
1.0634e+02
1.0701e+02
1.0758e+02
1.0802e+02
1.0831e+02
1.0840e+02
1.0830e+02
1.0798e+02
1.0746e+02
1.0677e+02
1.0592e+02
1.0498e+02
1.0397e+02
1.0297e+02
1.0202e+02
1.0117e+02
1.0047e+02
9.9938e+01
9.9603e+01
9.9458e+01
9.9490e+01
9.9665e+01
9.9949e+01
1.0029e+02
1.0064e+02
1.0093e+02
1.0112e+02
1.0115e+02
1.0099e+02
1.0060e+02
9.9977e+01
9.9107e+01
9.8003e+01
9.6697e+01
9.5223e+01
9.3620e+01
9.1944e+01
9.0243e+01
8.8577e+01
8.6986e+01
8.5502e+01
8.4145e+01
8.2931e+01
8.1872e+01
8.0976e+01
8.0257e+01
7.9720e+01
7.9386e+01
7.9273e+01
7.9410e+01
7.9827e+01
8.0544e+01
8.1581e+01
8.2928e+01
8.4565e+01
8.6440e+01
8.8497e+01
9.0656e+01
9.2822e+01
9.4910e+01
9.6841e+01
9.8556e+01
9.9999e+01
1.0115e+02
1.0200e+02
1.0256e+02
1.0288e+02
1.0299e+02
1.0294e+02
1.0276e+02
1.0250e+02
1.0215e+02
1.0175e+02
1.0129e+02
1.0076e+02
1.0017e+02
9.9498e+01
9.8770e+01
9.7994e+01
9.7209e+01
9.6454e+01
9.5772e+01
9.5211e+01
9.4812e+01
9.4619e+01
9.4655e+01
9.4929e+01
9.5422e+01
9.6106e+01
9.6938e+01
9.7854e+01
9.8786e+01
9.9656e+01
1.0041e+02
1.0098e+02
1.0132e+02
1.0141e+02
1.0123e+02
1.0080e+02
1.0011e+02
9.9206e+01
9.8118e+01
9.6895e+01
9.5582e+01
9.4227e+01
9.2874e+01
9.1561e+01
9.0327e+01
8.9198e+01
8.8200e+01
8.7342e+01
8.6637e+01
8.6094e+01
8.5712e+01
8.5484e+01
8.5383e+01
8.5386e+01
8.5461e+01
8.5581e+01
8.5709e+01
8.5819e+01
8.5889e+01
8.5897e+01
8.5843e+01
8.5729e+01
8.5578e+01
8.5410e+01
8.5258e+01
8.5149e+01
8.5102e+01
8.5136e+01
8.5255e+01
8.5461e+01
8.5734e+01
8.6055e+01
8.6394e+01
8.6728e+01
8.7042e+01
8.7321e+01
8.7565e+01
8.7777e+01
8.7979e+01
8.8181e+01
8.8402e+01
8.8658e+01
8.8958e+01
8.9316e+01
8.9722e+01
9.0171e+01
9.0647e+01
9.1138e+01
9.1624e+01
9.2094e+01
9.2545e+01
9.2969e+01
9.3364e+01
9.3723e+01
9.4049e+01
9.4333e+01
9.4569e+01
9.4748e+01
9.4862e+01
9.4907e+01
9.4871e+01
9.4757e+01
9.4567e+01
9.4320e+01
9.4030e+01
9.3715e+01
9.3400e+01
9.3102e+01
9.2841e+01
9.2625e+01
9.2464e+01
9.2359e+01
9.2311e+01
9.2323e+01
9.2394e+01
9.2533e+01
9.2744e+01
9.3045e+01
9.3444e+01
9.3955e+01
9.4582e+01
9.5326e+01
9.6185e+01
9.7150e+01
9.8213e+01
9.9347e+01
1.0053e+02
1.0175e+02
1.0300e+02
1.0425e+02
1.0551e+02
1.0677e+02
1.0804e+02
1.0931e+02
1.1057e+02
1.1183e+02
1.1306e+02
1.1427e+02
1.1542e+02
1.1651e+02
1.1751e+02
1.1841e+02
1.1918e+02
1.1981e+02
1.2029e+02
1.2059e+02
1.2071e+02
1.2064e+02
1.2037e+02
1.1990e+02
1.1924e+02
1.1839e+02
1.1738e+02
1.1624e+02
1.1502e+02
1.1375e+02
1.1246e+02
1.1121e+02
1.1003e+02
1.0892e+02
1.0790e+02
1.0695e+02
1.0604e+02
1.0517e+02
1.0427e+02
1.0333e+02
1.0232e+02
1.0122e+02
1.0002e+02
9.8730e+01
9.7381e+01
9.5996e+01
9.4613e+01
9.3267e+01
9.1994e+01
9.0821e+01
8.9767e+01
8.8849e+01
8.8075e+01
8.7460e+01
8.7005e+01
8.6717e+01
8.6594e+01
8.6633e+01
8.6825e+01
8.7150e+01
8.7584e+01
8.8089e+01
8.8619e+01
8.9108e+01
8.9502e+01
8.9747e+01
8.9791e+01
8.9601e+01
8.9162e+01
8.8488e+01
8.7603e+01
8.6554e+01
8.5398e+01
8.4193e+01
8.2998e+01
8.1857e+01
8.0812e+01
7.9882e+01
7.9078e+01
7.8390e+01
7.7809e+01
7.7320e+01
7.6907e+01
7.6567e+01
7.6293e+01
7.6093e+01
7.5974e+01
7.5950e+01
7.6028e+01
7.6209e+01
7.6491e+01
7.6857e+01
7.7285e+01
7.7736e+01
7.8179e+01
7.8571e+01
7.8877e+01
7.9070e+01
7.9127e+01
7.9046e+01
7.8832e+01
7.8512e+01
7.8111e+01
7.7671e+01
7.7237e+01
7.6854e+01
7.6570e+01
7.6416e+01
7.6422e+01
7.6603e+01
7.6975e+01
7.7540e+01
7.8295e+01
7.9233e+01
8.0342e+01
8.1614e+01
8.3025e+01
8.4556e+01
8.6177e+01
8.7860e+01
8.9569e+01
9.1260e+01
9.2888e+01
9.4401e+01
9.5759e+01
9.6920e+01
9.7855e+01
9.8541e+01
9.8978e+01
9.9182e+01
9.9168e+01
9.8969e+01
9.8611e+01
9.8130e+01
9.7551e+01
9.6895e+01
9.6169e+01
9.5369e+01
9.4488e+01
9.3508e+01
9.2418e+01
9.1210e+01
8.9890e+01
8.8468e+01
8.6966e+01
8.5422e+01
8.3880e+01
8.2397e+01
8.1017e+01
7.9785e+01
7.8725e+01
7.7845e+01
7.7138e+01
7.6572e+01
7.6111e+01
7.5701e+01
7.5294e+01
7.4839e+01
7.4311e+01
7.3690e+01
7.2978e+01
7.2201e+01
7.1395e+01
7.0612e+01
6.9901e+01
6.9319e+01
6.8902e+01
6.8672e+01
6.8634e+01
6.8771e+01
6.9057e+01
6.9447e+01
6.9900e+01
7.0362e+01
7.0798e+01
7.1178e+01
7.1481e+01
7.1696e+01
7.1815e+01
7.1843e+01
7.1779e+01
7.1638e+01
7.1424e+01
7.1139e+01
7.0795e+01
7.0397e+01
6.9962e+01
6.9495e+01
6.9016e+01
6.8541e+01
6.8089e+01
6.7677e+01
6.7311e+01
6.7003e+01
6.6749e+01
6.6547e+01
6.6383e+01
6.6254e+01
6.6151e+01
6.6073e+01
6.6028e+01
6.6027e+01
6.6086e+01
6.6221e+01
6.6451e+01
6.6777e+01
6.7203e+01
6.7716e+01
6.8293e+01
6.8906e+01
6.9513e+01
7.0076e+01
7.0546e+01
7.0896e+01
7.1108e+01
7.1168e+01
7.1077e+01
7.0847e+01
7.0509e+01
7.0087e+01
6.9615e+01
6.9114e+01
6.8607e+01
6.8112e+01
6.7634e+01
6.7177e+01
6.6736e+01
6.6308e+01
6.5881e+01
6.5456e+01
6.5033e+01
6.4608e+01
6.4184e+01
6.3761e+01
6.3340e+01
6.2916e+01
6.2489e+01
6.2042e+01
6.1568e+01
6.1056e+01
6.0493e+01
5.9877e+01
5.9208e+01
5.8499e+01
5.7756e+01
5.6993e+01
5.6230e+01
5.5482e+01
5.4760e+01
5.4060e+01
5.3383e+01
5.2713e+01
5.2043e+01
5.1357e+01
5.0639e+01
4.9880e+01
4.9076e+01
4.8236e+01
4.7369e+01
4.6495e+01
4.5628e+01
4.4782e+01
4.3968e+01
4.3188e+01
4.2443e+01
4.1721e+01
4.1022e+01
4.0339e+01
3.9679e+01
3.9052e+01
3.8481e+01
3.8004e+01
3.7662e+01
3.7500e+01
3.7554e+01
3.7857e+01
3.8417e+01
3.9226e+01
4.0248e+01
4.1435e+01
4.2731e+01
4.4065e+01
4.5368e+01
4.6561e+01
4.7593e+01
4.8425e+01
4.9036e+01
4.9423e+01
4.9590e+01
4.9554e+01
4.9334e+01
4.8955e+01
4.8434e+01
4.7793e+01
4.7052e+01
4.6222e+01
4.5322e+01
4.4360e+01
4.3358e+01
4.2333e+01
4.1306e+01
4.0299e+01
3.9327e+01
3.8411e+01
3.7555e+01
3.6768e+01
3.6044e+01
3.5389e+01
3.4803e+01
3.4288e+01
3.3844e+01
3.3466e+01
3.3159e+01
3.2924e+01
3.2778e+01
3.2717e+01
3.2733e+01
3.2817e+01
3.2949e+01
3.3113e+01
3.3279e+01
3.3419e+01
3.3500e+01
3.3504e+01
3.3410e+01
3.3201e+01
3.2869e+01
3.2409e+01
3.1834e+01
3.1150e+01
3.0377e+01
2.9538e+01
2.8662e+01
2.7775e+01
2.6901e+01
2.6074e+01
2.5319e+01
2.4669e+01
2.4133e+01
2.3722e+01
2.3431e+01
2.3252e+01
2.3169e+01
2.3156e+01
2.3182e+01
2.3205e+01
2.3202e+01
2.3147e+01
2.3024e+01
2.2820e+01
2.2522e+01
2.2140e+01
2.1683e+01
2.1174e+01
2.0621e+01
2.0038e+01
1.9434e+01
1.8820e+01
1.8211e+01
1.7610e+01
1.7027e+01
1.6463e+01
1.5928e+01
1.5430e+01
1.4983e+01
1.4597e+01
1.4278e+01
1.4036e+01
1.3863e+01
1.3757e+01
1.3702e+01
1.3685e+01
1.3691e+01
1.3700e+01
1.3696e+01
1.3658e+01
1.3584e+01
1.3464e+01
1.3300e+01
1.3091e+01
1.2850e+01
1.2594e+01
1.2334e+01
1.2079e+01
1.1830e+01
1.1594e+01
1.1368e+01
1.1155e+01
1.0942e+01
1.0710e+01
1.0454e+01
1.0154e+01
9.8000e+00
9.3727e+00
8.8643e+00
8.2634e+00
7.5704e+00
6.7916e+00
5.9335e+00
5.0169e+00
4.0636e+00
3.1139e+00
2.2063e+00
1.3908e+00
7.1823e-01
2.3898e-01
0000
2.9951e-02
3.5544e-01
9.8324e-01
1.9142e+00
3.1229e+00
4.5697e+00
6.2049e+00
7.9658e+00
9.7915e+00
1.1612e+01
1.3378e+01
1.5040e+01
1.6567e+01
1.7937e+01
1.9138e+01
2.0180e+01
2.1074e+01
2.1845e+01
2.2504e+01
2.3071e+01
2.3561e+01
2.3982e+01
2.4342e+01
2.4645e+01
2.4897e+01
2.5095e+01
2.5246e+01
2.5348e+01
2.5411e+01
2.5452e+01
2.5489e+01
2.5557e+01
2.5676e+01
2.5879e+01
2.6185e+01
2.6622e+01
2.7209e+01
2.7959e+01
2.8886e+01
2.9991e+01
3.1268e+01
3.2679e+01
3.4175e+01
3.5689e+01
3.7147e+01
3.8465e+01
3.9549e+01
4.0320e+01
4.0703e+01
4.0659e+01
4.0167e+01
3.9240e+01
3.7916e+01
3.6262e+01
3.4367e+01
3.2328e+01
3.0251e+01
2.8223e+01
2.6325e+01
2.4607e+01
2.3093e+01
2.1788e+01
2.0679e+01
1.9751e+01
1.8973e+01
1.8323e+01
1.7779e+01
1.7339e+01
1.7001e+01
1.6763e+01
1.6628e+01
1.6588e+01
1.6646e+01
1.6791e+01
1.7005e+01
1.7256e+01
1.7514e+01
1.7748e+01
1.7927e+01
1.8035e+01
1.8061e+01
1.8019e+01
1.7923e+01
1.7807e+01
1.7705e+01
1.7649e+01
1.7677e+01
1.7812e+01
1.8074e+01
1.8468e+01
1.8996e+01
1.9647e+01
2.0408e+01
2.1262e+01
2.2182e+01
2.3153e+01
2.4161e+01
2.5195e+01
2.6239e+01
2.7278e+01
2.8302e+01
2.9290e+01
3.0213e+01
3.1032e+01
3.1706e+01
3.2186e+01
3.2434e+01
3.2405e+01
3.2074e+01
3.1433e+01
3.0491e+01
2.9285e+01
2.7859e+01
2.6287e+01
2.4644e+01
2.3012e+01
2.1470e+01
2.0080e+01
1.8892e+01
1.7927e+01
1.7195e+01
1.6676e+01
1.6347e+01
1.6168e+01
1.6101e+01
1.6116e+01
1.6183e+01
1.6295e+01
1.6454e+01
1.6677e+01
1.6977e+01
1.7372e+01
1.7866e+01
1.8454e+01
1.9123e+01
1.9844e+01
2.0582e+01
2.1290e+01
2.1934e+01
2.2484e+01
2.3042e+01
2.3874e+01
2.5319e+01
2.7818e+01
3.1894e+01
3.8142e+01
4.7167e+01
5.9520e+01
7.5617e+01
9.5670e+01
1.1964e+02
1.4718e+02
1.7771e+02
2.1034e+02
2.4406e+02
