9.8814e+02
9.8586e+02
9.8357e+02
9.8133e+02
9.7917e+02
9.7713e+02
9.7520e+02
9.7342e+02
9.7176e+02
9.7022e+02
9.6879e+02
9.6745e+02
9.6616e+02
9.6489e+02
9.6363e+02
9.6232e+02
9.6095e+02
9.5948e+02
9.5789e+02
9.5617e+02
9.5430e+02
9.5229e+02
9.5013e+02
9.4785e+02
9.4548e+02
9.4304e+02
9.4058e+02
9.3814e+02
9.3576e+02
9.3347e+02
9.3130e+02
9.2926e+02
9.2737e+02
9.2560e+02
9.2395e+02
9.2238e+02
9.2086e+02
9.1934e+02
9.1780e+02
9.1621e+02
9.1454e+02
9.1281e+02
9.1102e+02
9.0919e+02
9.0737e+02
9.0560e+02
9.0391e+02
9.0235e+02
9.0096e+02
8.9974e+02
8.9871e+02
8.9786e+02
8.9717e+02
8.9658e+02
8.9606e+02
8.9556e+02
8.9503e+02
8.9442e+02
8.9369e+02
8.9281e+02
8.9176e+02
8.9055e+02
8.8919e+02
8.8769e+02
8.8610e+02
8.8443e+02
8.8275e+02
8.8111e+02
8.7954e+02
8.7808e+02
8.7677e+02
8.7564e+02
8.7469e+02
8.7394e+02
8.7338e+02
8.7299e+02
8.7278e+02
8.7271e+02
8.7277e+02
8.7293e+02
8.7316e+02
8.7344e+02
8.7376e+02
8.7409e+02
8.7441e+02
8.7472e+02
8.7501e+02
8.7529e+02
8.7555e+02
8.7579e+02
8.7603e+02
8.7626e+02
8.7650e+02
8.7674e+02
8.7699e+02
8.7725e+02
8.7749e+02
8.7771e+02
8.7789e+02
8.7804e+02
8.7815e+02
8.7822e+02
8.7828e+02
8.7833e+02
8.7840e+02
8.7852e+02
8.7871e+02
8.7899e+02
8.7936e+02
8.7985e+02
8.8044e+02
8.8111e+02
8.8182e+02
8.8254e+02
8.8320e+02
8.8379e+02
8.8424e+02
8.8453e+02
8.8464e+02
8.8455e+02
8.8426e+02
8.8380e+02
8.8320e+02
8.8247e+02
8.8165e+02
8.8076e+02
8.7983e+02
8.7887e+02
8.7788e+02
8.7687e+02
8.7584e+02
8.7478e+02
8.7369e+02
8.7258e+02
8.7146e+02
8.7035e+02
8.6928e+02
8.6826e+02
8.6732e+02
8.6647e+02
8.6570e+02
8.6500e+02
8.6434e+02
8.6371e+02
8.6307e+02
8.6238e+02
8.6161e+02
8.6074e+02
8.5975e+02
8.5864e+02
8.5744e+02
8.5617e+02
8.5485e+02
8.5354e+02
8.5226e+02
8.5104e+02
8.4993e+02
8.4893e+02
8.4808e+02
8.4737e+02
8.4682e+02
8.4642e+02
8.4616e+02
8.4605e+02
8.4606e+02
8.4618e+02
8.4638e+02
8.4664e+02
8.4692e+02
8.4717e+02
8.4737e+02
8.4747e+02
8.4743e+02
8.4722e+02
8.4680e+02
8.4617e+02
8.4531e+02
8.4422e+02
8.4291e+02
8.4141e+02
8.3974e+02
8.3792e+02
8.3600e+02
8.3401e+02
8.3199e+02
8.2998e+02
8.2801e+02
8.2610e+02
8.2427e+02
8.2255e+02
8.2093e+02
8.1940e+02
8.1797e+02
8.1661e+02
8.1530e+02
8.1402e+02
8.1274e+02
8.1146e+02
8.1015e+02
8.0880e+02
8.0742e+02
8.0600e+02
8.0454e+02
8.0306e+02
8.0157e+02
8.0008e+02
7.9861e+02
7.9718e+02
7.9581e+02
7.9451e+02
7.9328e+02
7.9214e+02
7.9110e+02
7.9015e+02
7.8928e+02
7.8847e+02
7.8770e+02
7.8695e+02
7.8617e+02
7.8534e+02
7.8445e+02
7.8346e+02
7.8238e+02
7.8121e+02
7.7997e+02
7.7866e+02
7.7731e+02
7.7594e+02
7.7457e+02
7.7321e+02
7.7185e+02
7.7049e+02
7.6909e+02
7.6763e+02
7.6607e+02
7.6438e+02
7.6254e+02
7.6053e+02
7.5837e+02
7.5605e+02
7.5360e+02
7.5106e+02
7.4846e+02
7.4583e+02
7.4322e+02
7.4063e+02
7.3810e+02
7.3563e+02
7.3325e+02
7.3097e+02
7.2881e+02
7.2679e+02
7.2492e+02
7.2322e+02
7.2172e+02
7.2042e+02
7.1933e+02
7.1844e+02
7.1773e+02
7.1717e+02
7.1672e+02
7.1636e+02
7.1604e+02
7.1572e+02
7.1540e+02
7.1505e+02
7.1466e+02
7.1423e+02
7.1375e+02
7.1323e+02
7.1268e+02
7.1209e+02
7.1147e+02
7.1083e+02
7.1016e+02
7.0946e+02
7.0873e+02
7.0798e+02
7.0720e+02
7.0641e+02
7.0559e+02
7.0475e+02
7.0387e+02
7.0296e+02
7.0202e+02
7.0104e+02
7.0004e+02
6.9902e+02
6.9800e+02
6.9700e+02
6.9606e+02
6.9519e+02
6.9442e+02
6.9379e+02
6.9330e+02
6.9296e+02
6.9277e+02
6.9272e+02
6.9280e+02
6.9295e+02
6.9316e+02
6.9335e+02
6.9349e+02
6.9353e+02
6.9342e+02
6.9312e+02
6.9261e+02
6.9187e+02
6.9090e+02
6.8970e+02
6.8830e+02
6.8675e+02
6.8508e+02
6.8335e+02
6.8165e+02
6.8004e+02
6.7861e+02
6.7741e+02
6.7652e+02
6.7598e+02
6.7584e+02
6.7611e+02
6.7680e+02
6.7788e+02
6.7931e+02
6.8103e+02
6.8294e+02
6.8490e+02
6.8680e+02
6.8847e+02
6.8980e+02
6.9066e+02
6.9093e+02
6.9055e+02
6.8948e+02
6.8774e+02
6.8540e+02
6.8256e+02
6.7936e+02
6.7598e+02
6.7257e+02
6.6930e+02
6.6632e+02
6.6374e+02
6.6163e+02
6.6000e+02
6.5882e+02
6.5806e+02
6.5761e+02
6.5740e+02
6.5732e+02
6.5730e+02
6.5725e+02
6.5713e+02
6.5691e+02
6.5655e+02
6.5605e+02
6.5542e+02
6.5468e+02
6.5383e+02
6.5288e+02
6.5185e+02
6.5074e+02
6.4957e+02
6.4836e+02
6.4713e+02
6.4591e+02
6.4473e+02
6.4359e+02
6.4254e+02
6.4157e+02
6.4071e+02
6.3994e+02
6.3925e+02
6.3860e+02
6.3796e+02
6.3732e+02
6.3665e+02
6.3590e+02
6.3507e+02
6.3414e+02
6.3309e+02
6.3193e+02
6.3068e+02
6.2934e+02
6.2794e+02
6.2651e+02
6.2505e+02
6.2360e+02
6.2219e+02
6.2082e+02
6.1951e+02
6.1826e+02
6.1709e+02
6.1599e+02
6.1496e+02
6.1398e+02
6.1305e+02
6.1214e+02
6.1125e+02
6.1037e+02
6.0949e+02
6.0860e+02
6.0771e+02
6.0681e+02
6.0591e+02
6.0501e+02
6.0409e+02
6.0315e+02
6.0219e+02
6.0118e+02
6.0012e+02
5.9900e+02
5.9780e+02
5.9653e+02
5.9518e+02
5.9376e+02
5.9227e+02
5.9074e+02
5.8918e+02
5.8759e+02
5.8599e+02
5.8438e+02
5.8278e+02
5.8119e+02
5.7960e+02
5.7800e+02
5.7640e+02
5.7478e+02
5.7314e+02
5.7149e+02
5.6982e+02
5.6814e+02
5.6644e+02
5.6473e+02
5.6302e+02
5.6132e+02
5.5964e+02
5.5801e+02
5.5643e+02
5.5492e+02
5.5351e+02
5.5219e+02
5.5100e+02
5.4992e+02
5.4897e+02
5.4814e+02
5.4741e+02
5.4677e+02
5.4620e+02
5.4570e+02
5.4523e+02
5.4479e+02
5.4436e+02
5.4393e+02
5.4349e+02
5.4304e+02
5.4257e+02
5.4207e+02
5.4153e+02
5.4093e+02
5.4026e+02
5.3948e+02
5.3859e+02
5.3754e+02
5.3633e+02
5.3496e+02
5.3343e+02
5.3178e+02
5.3003e+02
5.2823e+02
5.2646e+02
5.2477e+02
5.2322e+02
5.2186e+02
5.2074e+02
5.1987e+02
5.1927e+02
5.1893e+02
5.1881e+02
5.1890e+02
5.1914e+02
5.1950e+02
5.1996e+02
5.2048e+02
5.2104e+02
5.2164e+02
5.2226e+02
5.2292e+02
5.2360e+02
5.2433e+02
5.2508e+02
5.2587e+02
5.2668e+02
5.2750e+02
5.2832e+02
5.2912e+02
5.2988e+02
5.3060e+02
5.3125e+02
5.3184e+02
5.3235e+02
5.3278e+02
5.3313e+02
5.3339e+02
5.3356e+02
5.3365e+02
5.3365e+02
5.3357e+02
5.3339e+02
5.3313e+02
5.3278e+02
5.3235e+02
5.3183e+02
5.3124e+02
5.3059e+02
5.2991e+02
5.2920e+02
5.2849e+02
5.2781e+02
5.2718e+02
5.2661e+02
5.2613e+02
5.2573e+02
5.2543e+02
5.2521e+02
5.2507e+02
5.2499e+02
5.2495e+02
5.2491e+02
5.2485e+02
5.2475e+02
5.2456e+02
5.2428e+02
5.2389e+02
5.2339e+02
5.2278e+02
5.2210e+02
5.2137e+02
5.2064e+02
5.1995e+02
5.1937e+02
5.1892e+02
5.1864e+02
5.1856e+02
5.1865e+02
5.1890e+02
5.1925e+02
5.1965e+02
5.2002e+02
5.2028e+02
5.2038e+02
5.2024e+02
5.1984e+02
5.1916e+02
5.1819e+02
5.1696e+02
5.1553e+02
5.1393e+02
5.1223e+02
5.1049e+02
5.0876e+02
5.0708e+02
5.0550e+02
5.0403e+02
5.0271e+02
5.0153e+02
5.0049e+02
4.9960e+02
4.9883e+02
4.9819e+02
4.9764e+02
4.9717e+02
4.9677e+02
4.9642e+02
4.9611e+02
4.9582e+02
4.9556e+02
4.9533e+02
4.9512e+02
4.9494e+02
4.9479e+02
4.9467e+02
4.9457e+02
4.9450e+02
4.9442e+02
4.9431e+02
4.9415e+02
4.9389e+02
4.9351e+02
4.9298e+02
4.9230e+02
4.9147e+02
4.9048e+02
4.8937e+02
4.8816e+02
4.8688e+02
4.8556e+02
4.8421e+02
4.8287e+02
4.8152e+02
4.8017e+02
4.7882e+02
4.7745e+02
4.7605e+02
4.7461e+02
4.7314e+02
4.7163e+02
4.7011e+02
4.6860e+02
4.6710e+02
4.6564e+02
4.6424e+02
4.6291e+02
4.6165e+02
4.6046e+02
4.5934e+02
4.5826e+02
4.5724e+02
4.5626e+02
4.5535e+02
4.5452e+02
4.5379e+02
4.5320e+02
4.5278e+02
4.5255e+02
4.5255e+02
4.5278e+02
4.5324e+02
4.5390e+02
4.5472e+02
4.5564e+02
4.5658e+02
4.5748e+02
4.5827e+02
4.5890e+02
4.5931e+02
4.5949e+02
4.5944e+02
4.5919e+02
4.5877e+02
4.5825e+02
4.5767e+02
4.5708e+02
4.5650e+02
4.5594e+02
4.5539e+02
4.5482e+02
4.5419e+02
4.5344e+02
4.5251e+02
4.5135e+02
4.4993e+02
4.4822e+02
4.4625e+02
4.4404e+02
4.4164e+02
4.3911e+02
4.3652e+02
4.3395e+02
4.3147e+02
4.2912e+02
4.2696e+02
4.2500e+02
4.2325e+02
4.2171e+02
4.2035e+02
4.1916e+02
4.1810e+02
4.1713e+02
4.1620e+02
4.1526e+02
4.1429e+02
4.1325e+02
4.1210e+02
4.1083e+02
4.0943e+02
4.0788e+02
4.0619e+02
4.0438e+02
4.0246e+02
4.0047e+02
3.9842e+02
3.9637e+02
3.9435e+02
3.9241e+02
3.9058e+02
3.8892e+02
3.8748e+02
3.8630e+02
3.8543e+02
3.8489e+02
3.8471e+02
3.8488e+02
3.8538e+02
3.8619e+02
3.8723e+02
3.8842e+02
3.8969e+02
3.9093e+02
3.9206e+02
3.9302e+02
3.9374e+02
3.9420e+02
3.9437e+02
3.9426e+02
3.9389e+02
3.9329e+02
3.9248e+02
3.9150e+02
3.9035e+02
3.8907e+02
3.8765e+02
3.8613e+02
3.8450e+02
3.8280e+02
3.8105e+02
3.7930e+02
3.7761e+02
3.7602e+02
3.7458e+02
3.7336e+02
3.7237e+02
3.7164e+02
3.7116e+02
3.7093e+02
3.7092e+02
3.7108e+02
3.7138e+02
3.7176e+02
3.7218e+02
3.7259e+02
3.7296e+02
3.7325e+02
3.7345e+02
3.7354e+02
3.7350e+02
3.7334e+02
3.7307e+02
3.7268e+02
3.7221e+02
3.7167e+02
3.7107e+02
3.7044e+02
3.6980e+02
3.6916e+02
3.6856e+02
3.6801e+02
3.6756e+02
3.6723e+02
3.6709e+02
3.6717e+02
3.6754e+02
3.6826e+02
3.6937e+02
3.7091e+02
3.7290e+02
3.7529e+02
3.7803e+02
3.8103e+02
3.8415e+02
3.8725e+02
3.9017e+02
3.9273e+02
3.9480e+02
3.9628e+02
3.9710e+02
3.9723e+02
3.9671e+02
3.9561e+02
3.9402e+02
3.9208e+02
3.8992e+02
3.8766e+02
3.8541e+02
3.8325e+02
3.8123e+02
3.7938e+02
3.7768e+02
3.7614e+02
3.7474e+02
3.7344e+02
3.7226e+02
3.7118e+02
3.7022e+02
3.6940e+02
3.6875e+02
3.6827e+02
3.6799e+02
3.6792e+02
3.6804e+02
3.6833e+02
3.6876e+02
3.6929e+02
3.6988e+02
3.7048e+02
3.7107e+02
3.7162e+02
3.7210e+02
3.7251e+02
3.7285e+02
3.7312e+02
3.7331e+02
3.7343e+02
3.7348e+02
3.7344e+02
3.7331e+02
3.7308e+02
3.7276e+02
3.7234e+02
3.7181e+02
3.7120e+02
3.7051e+02
3.6974e+02
3.6892e+02
3.6805e+02
3.6715e+02
3.6624e+02
3.6534e+02
3.6445e+02
3.6358e+02
3.6277e+02
3.6202e+02
3.6135e+02
3.6076e+02
3.6026e+02
3.5986e+02
3.5956e+02
3.5933e+02
3.5919e+02
3.5909e+02
3.5902e+02
3.5895e+02
3.5885e+02
3.5869e+02
3.5842e+02
3.5802e+02
3.5746e+02
3.5672e+02
3.5577e+02
3.5461e+02
3.5323e+02
3.5163e+02
3.4983e+02
3.4787e+02
3.4578e+02
3.4361e+02
3.4141e+02
3.3924e+02
3.3713e+02
3.3515e+02
3.3332e+02
3.3167e+02
3.3021e+02
3.2895e+02
3.2786e+02
3.2693e+02
3.2613e+02
3.2545e+02
3.2484e+02
3.2429e+02
3.2376e+02
3.2324e+02
3.2271e+02
3.2216e+02
3.2156e+02
3.2093e+02
3.2024e+02
3.1949e+02
3.1867e+02
3.1778e+02
3.1683e+02
3.1582e+02
3.1476e+02
3.1367e+02
3.1256e+02
3.1148e+02
3.1044e+02
3.0948e+02
3.0861e+02
3.0788e+02
3.0730e+02
3.0690e+02
3.0670e+02
3.0672e+02
3.0695e+02
3.0741e+02
3.0809e+02
3.0896e+02
3.0999e+02
3.1115e+02
3.1238e+02
3.1361e+02
3.1481e+02
3.1590e+02
3.1684e+02
3.1759e+02
3.1812e+02
3.1843e+02
3.1850e+02
3.1833e+02
3.1794e+02
3.1733e+02
3.1651e+02
3.1548e+02
3.1426e+02
3.1287e+02
3.1130e+02
3.0960e+02
3.0780e+02
3.0596e+02
3.0416e+02
3.0245e+02
3.0090e+02
2.9959e+02
2.9854e+02
2.9778e+02
2.9730e+02
2.9705e+02
2.9698e+02
2.9699e+02
2.9701e+02
2.9695e+02
2.9673e+02
2.9631e+02
2.9565e+02
2.9476e+02
2.9365e+02
2.9236e+02
2.9093e+02
2.8942e+02
2.8787e+02
2.8633e+02
2.8482e+02
2.8335e+02
2.8194e+02
2.8057e+02
2.7923e+02
2.7794e+02
2.7669e+02
2.7548e+02
2.7434e+02
2.7328e+02
2.7232e+02
2.7147e+02
2.7077e+02
2.7021e+02
2.6980e+02
2.6954e+02
2.6942e+02
2.6942e+02
2.6951e+02
2.6969e+02
2.6993e+02
2.7019e+02
2.7046e+02
2.7073e+02
2.7096e+02
2.7115e+02
2.7127e+02
2.7131e+02
2.7124e+02
2.7106e+02
2.7074e+02
2.7028e+02
2.6966e+02
2.6888e+02
2.6795e+02
2.6686e+02
2.6563e+02
2.6426e+02
2.6277e+02
2.6118e+02
2.5950e+02
2.5775e+02
2.5595e+02
2.5412e+02
2.5227e+02
2.5044e+02
2.4863e+02
2.4688e+02
2.4521e+02
2.4363e+02
2.4217e+02
2.4087e+02
2.3974e+02
2.3883e+02
2.3814e+02
2.3770e+02
2.3753e+02
2.3763e+02
2.3800e+02
2.3863e+02
2.3948e+02
2.4052e+02
2.4170e+02
2.4295e+02
2.4421e+02
2.4543e+02
2.4654e+02
2.4750e+02
2.4826e+02
2.4880e+02
2.4911e+02
2.4918e+02
2.4904e+02
2.4869e+02
2.4816e+02
2.4747e+02
2.4661e+02
2.4562e+02
2.4448e+02
2.4321e+02
2.4181e+02
2.4028e+02
2.3863e+02
2.3687e+02
2.3502e+02
2.3311e+02
2.3117e+02
2.2924e+02
2.2737e+02
2.2558e+02
2.2390e+02
2.2237e+02
2.2099e+02
2.1978e+02
2.1873e+02
2.1783e+02
2.1708e+02
2.1646e+02
2.1592e+02
2.1545e+02
2.1501e+02
2.1455e+02
2.1405e+02
2.1347e+02
2.1276e+02
2.1189e+02
2.1083e+02
2.0956e+02
2.0806e+02
2.0634e+02
2.0440e+02
2.0226e+02
1.9993e+02
1.9746e+02
1.9489e+02
1.9224e+02
1.8957e+02
1.8689e+02
1.8424e+02
1.8162e+02
1.7905e+02
1.7653e+02
1.7407e+02
1.7167e+02
1.6933e+02
1.6707e+02
1.6489e+02
1.6283e+02
1.6092e+02
1.5921e+02
1.5773e+02
1.5652e+02
1.5559e+02
1.5495e+02
1.5459e+02
1.5444e+02
1.5448e+02
1.5461e+02
1.5477e+02
1.5490e+02
1.5490e+02
1.5475e+02
1.5441e+02
1.5391e+02
1.5325e+02
1.5251e+02
1.5175e+02
1.5105e+02
1.5052e+02
1.5022e+02
1.5025e+02
1.5064e+02
1.5145e+02
1.5267e+02
1.5430e+02
1.5631e+02
1.5864e+02
1.6122e+02
1.6398e+02
1.6683e+02
1.6968e+02
1.7244e+02
1.7506e+02
1.7749e+02
1.7967e+02
1.8159e+02
1.8326e+02
1.8468e+02
1.8587e+02
1.8684e+02
1.8762e+02
1.8823e+02
1.8869e+02
1.8900e+02
1.8916e+02
1.8917e+02
1.8901e+02
1.8866e+02
1.8811e+02
1.8737e+02
1.8642e+02
1.8528e+02
1.8399e+02
1.8256e+02
1.8106e+02
1.7953e+02
1.7801e+02
1.7658e+02
1.7527e+02
1.7412e+02
1.7316e+02
1.7241e+02
1.7185e+02
1.7148e+02
1.7127e+02
1.7119e+02
1.7119e+02
1.7125e+02
1.7132e+02
1.7138e+02
1.7141e+02
1.7139e+02
1.7132e+02
1.7120e+02
1.7102e+02
1.7080e+02
1.7053e+02
1.7023e+02
1.6988e+02
1.6948e+02
1.6902e+02
1.6847e+02
1.6783e+02
1.6706e+02
1.6615e+02
1.6508e+02
1.6384e+02
1.6243e+02
1.6086e+02
1.5914e+02
1.5731e+02
1.5538e+02
1.5340e+02
1.5139e+02
1.4937e+02
1.4737e+02
1.4538e+02
1.4339e+02
1.4139e+02
1.3936e+02
1.3726e+02
1.3507e+02
1.3278e+02
1.3037e+02
1.2782e+02
1.2516e+02
1.2238e+02
1.1952e+02
1.1659e+02
1.1362e+02
1.1062e+02
1.0760e+02
1.0458e+02
1.0155e+02
9.8525e+01
9.5500e+01
9.2487e+01
8.9498e+01
8.6558e+01
8.3703e+01
8.0978e+01
7.8444e+01
7.6164e+01
7.4199e+01
7.2603e+01
7.1423e+01
7.0684e+01
7.0402e+01
7.0579e+01
7.1189e+01
7.2197e+01
7.3552e+01
7.5190e+01
7.7047e+01
7.9063e+01
8.1185e+01
8.3366e+01
8.5563e+01
8.7741e+01
8.9868e+01
9.1921e+01
9.3875e+01
9.5706e+01
9.7392e+01
9.8917e+01
1.0026e+02
1.0143e+02
1.0241e+02
1.0322e+02
1.0388e+02
1.0436e+02
1.0468e+02
1.0478e+02
1.0464e+02
1.0417e+02
1.0330e+02
1.0193e+02
9.9973e+01
9.7361e+01
9.4054e+01
9.0064e+01
8.5455e+01
8.0353e+01
7.4937e+01
6.9425e+01
6.4051e+01
5.9043e+01
5.4601e+01
5.0879e+01
4.7968e+01
4.5886e+01
4.4581e+01
4.3951e+01
4.3853e+01
4.4120e+01
4.4589e+01
4.5118e+01
4.5601e+01
4.5977e+01
4.6221e+01
4.6356e+01
4.6445e+01
4.6580e+01
4.6846e+01
4.7320e+01
4.8061e+01
4.9106e+01
5.0464e+01
5.2111e+01
5.4008e+01
5.6089e+01
5.8280e+01
6.0510e+01
6.2708e+01
6.4814e+01
6.6783e+01
6.8587e+01
7.0211e+01
7.1652e+01
7.2915e+01
7.4001e+01
7.4913e+01
7.5646e+01
7.6187e+01
7.6518e+01
7.6627e+01
7.6498e+01
7.6133e+01
7.5546e+01
7.4756e+01
7.3801e+01
7.2738e+01
7.1627e+01
7.0522e+01
6.9473e+01
6.8518e+01
6.7677e+01
6.6949e+01
6.6308e+01
6.5723e+01
6.5146e+01
6.4535e+01
6.3845e+01
6.3048e+01
6.2134e+01
6.1110e+01
6.0001e+01
5.8839e+01
5.7665e+01
5.6520e+01
5.5442e+01
5.4460e+01
5.3583e+01
5.2815e+01
5.2144e+01
5.1546e+01
5.0985e+01
5.0425e+01
4.9828e+01
4.9162e+01
4.8407e+01
4.7554e+01
4.6604e+01
4.5564e+01
4.4463e+01
4.3333e+01
4.2221e+01
4.1171e+01
4.0227e+01
3.9431e+01
3.8814e+01
3.8396e+01
3.8184e+01
3.8181e+01
3.8371e+01
3.8726e+01
3.9211e+01
3.9785e+01
4.0408e+01
4.1042e+01
4.1647e+01
4.2192e+01
4.2667e+01
4.3076e+01
4.3429e+01
4.3745e+01
4.4054e+01
4.4392e+01
4.4792e+01
4.5285e+01
4.5894e+01
4.6627e+01
4.7476e+01
4.8411e+01
4.9391e+01
5.0358e+01
5.1251e+01
5.2007e+01
5.2570e+01
5.2899e+01
5.2975e+01
5.2799e+01
5.2402e+01
5.1837e+01
5.1164e+01
5.0454e+01
4.9781e+01
4.9204e+01
4.8768e+01
4.8494e+01
4.8379e+01
4.8402e+01
4.8521e+01
4.8672e+01
4.8791e+01
4.8833e+01
4.8765e+01
4.8581e+01
4.8293e+01
4.7943e+01
4.7591e+01
4.7301e+01
4.7127e+01
4.7111e+01
4.7280e+01
4.7636e+01
4.8154e+01
4.8775e+01
4.9423e+01
5.0015e+01
5.0477e+01
5.0755e+01
5.0820e+01
5.0671e+01
5.0340e+01
4.9891e+01
4.9403e+01
4.8965e+01
4.8660e+01
4.8553e+01
4.8681e+01
4.9054e+01
4.9655e+01
5.0434e+01
5.1332e+01
5.2270e+01
5.3159e+01
5.3924e+01
5.4501e+01
5.4848e+01
5.4935e+01
5.4752e+01
5.4302e+01
5.3611e+01
5.2716e+01
5.1653e+01
5.0453e+01
4.9150e+01
4.7777e+01
4.6364e+01
4.4945e+01
4.3549e+01
4.2203e+01
4.0931e+01
3.9752e+01
3.8685e+01
3.7744e+01
3.6942e+01
3.6283e+01
3.5765e+01
3.5378e+01
3.5110e+01
3.4939e+01
3.4843e+01
3.4797e+01
3.4777e+01
3.4763e+01
3.4746e+01
3.4724e+01
3.4707e+01
3.4705e+01
3.4741e+01
3.4839e+01
3.5030e+01
3.5337e+01
3.5774e+01
3.6350e+01
3.7066e+01
3.7913e+01
3.8869e+01
3.9905e+01
4.0973e+01
4.2031e+01
4.3031e+01
4.3929e+01
4.4693e+01
4.5298e+01
4.5730e+01
4.5973e+01
4.6015e+01
4.5857e+01
4.5503e+01
4.4956e+01
4.4221e+01
4.3295e+01
4.2176e+01
4.0867e+01
3.9371e+01
3.7697e+01
3.5857e+01
3.3868e+01
3.1757e+01
2.9558e+01
2.7310e+01
2.5051e+01
2.2829e+01
2.0696e+01
1.8707e+01
1.6916e+01
1.5375e+01
1.4138e+01
1.3257e+01
1.2787e+01
1.2765e+01
1.3219e+01
1.4158e+01
1.5565e+01
1.7398e+01
1.9596e+01
2.2086e+01
2.4782e+01
2.7587e+01
3.0403e+01
3.3137e+01
3.5711e+01
3.8062e+01
4.0144e+01
4.1921e+01
4.3371e+01
4.4480e+01
4.5241e+01
4.5653e+01
4.5710e+01
4.5413e+01
4.4765e+01
4.3787e+01
4.2498e+01
4.0930e+01
3.9126e+01
3.7134e+01
3.5020e+01
3.2860e+01
3.0736e+01
2.8726e+01
2.6910e+01
2.5351e+01
2.4112e+01
2.3253e+01
2.2811e+01
2.2812e+01
2.3262e+01
2.4148e+01
2.5430e+01
2.7053e+01
2.8944e+01
3.1014e+01
3.3163e+01
3.5291e+01
3.7304e+01
3.9120e+01
4.0673e+01
4.1915e+01
4.2816e+01
4.3378e+01
4.3620e+01
4.3577e+01
4.3292e+01
4.2823e+01
4.2228e+01
4.1570e+01
4.0915e+01
4.0316e+01
3.9819e+01
3.9460e+01
3.9260e+01
3.9225e+01
3.9356e+01
3.9633e+01
4.0015e+01
4.0462e+01
4.0928e+01
4.1369e+01
4.1751e+01
4.2063e+01
4.2310e+01
4.2520e+01
4.2737e+01
4.3016e+01
4.3416e+01
4.3991e+01
4.4775e+01
4.5779e+01
4.6985e+01
4.8343e+01
4.9772e+01
5.1179e+01
5.2458e+01
5.3502e+01
5.4211e+01
5.4506e+01
5.4337e+01
5.3679e+01
5.2544e+01
5.0966e+01
4.9004e+01
4.6741e+01
4.4270e+01
4.1682e+01
3.9075e+01
3.6546e+01
3.4172e+01
3.2018e+01
3.0134e+01
2.8554e+01
2.7285e+01
2.6315e+01
2.5611e+01
2.5128e+01
2.4809e+01
2.4596e+01
2.4429e+01
2.4255e+01
2.4031e+01
2.3720e+01
2.3311e+01
2.2807e+01
2.2218e+01
2.1570e+01
2.0898e+01
2.0247e+01
1.9654e+01
1.9150e+01
1.8755e+01
1.8477e+01
1.8315e+01
1.8251e+01
1.8261e+01
1.8312e+01
1.8376e+01
1.8426e+01
1.8445e+01
1.8438e+01
1.8422e+01
1.8435e+01
1.8529e+01
1.8772e+01
1.9232e+01
1.9973e+01
2.1038e+01
2.2446e+01
2.4194e+01
2.6234e+01
2.8483e+01
3.0833e+01
3.3163e+01
3.5333e+01
3.7210e+01
3.8673e+01
3.9616e+01
3.9970e+01
3.9696e+01
3.8792e+01
3.7292e+01
3.5264e+01
3.2797e+01
2.9991e+01
2.6961e+01
2.3813e+01
2.0647e+01
1.7555e+01
1.4615e+01
1.1884e+01
9.4057e+00
7.2108e+00
5.3131e+00
3.7188e+00
2.4245e+00
1.4210e+00
6.9230e-01
2.2629e-01
4.6190e-03
0000
1.9031e-01
5.5138e-01
1.0570e+00
1.6746e+00
2.3758e+00
3.1282e+00
3.8996e+00
4.6632e+00
5.3863e+00
6.0417e+00
6.6060e+00
7.0604e+00
7.3858e+00
7.5698e+00
7.6058e+00
7.4873e+00
7.2179e+00
6.8081e+00
6.2747e+00
5.6404e+00
4.9385e+00
4.2015e+00
3.4672e+00
2.7799e+00
2.1733e+00
1.6781e+00
1.3206e+00
1.1214e+00
1.0852e+00
1.2068e+00
1.4701e+00
1.8451e+00
2.2999e+00
2.7981e+00
3.3029e+00
3.7762e+00
4.1917e+00
4.5298e+00
4.7777e+00
4.9401e+00
5.0294e+00
5.0633e+00
5.0605e+00
5.0452e+00
5.0358e+00
5.0488e+00
5.1026e+00
5.2084e+00
5.3791e+00
5.6261e+00
5.9603e+00
6.3926e+00
6.9438e+00
7.6327e+00
8.4748e+00
9.4892e+00
1.0684e+01
1.2058e+01
1.3592e+01
1.5263e+01
1.7033e+01
1.8857e+01
2.0693e+01
2.2488e+01
2.4196e+01
2.5785e+01
2.7232e+01
2.8521e+01
2.9649e+01
3.0620e+01
3.1442e+01
3.2130e+01
3.2697e+01
3.3159e+01
3.3533e+01
3.3840e+01
3.4106e+01
3.4357e+01
3.4630e+01
3.4960e+01
3.5390e+01
3.5961e+01
3.6716e+01
3.7680e+01
3.8870e+01
4.0291e+01
4.1929e+01
4.3754e+01
4.5718e+01
4.7762e+01
4.9820e+01
5.1828e+01
5.3718e+01
5.5433e+01
5.6926e+01
5.8162e+01
5.9110e+01
5.9754e+01
6.0097e+01
6.0143e+01
5.9906e+01
5.9405e+01
5.8665e+01
5.7718e+01
5.6604e+01
5.5365e+01
5.4045e+01
5.2697e+01
5.1373e+01
5.0126e+01
4.9009e+01
4.8069e+01
4.7344e+01
4.6856e+01
4.6623e+01
4.6650e+01
4.6927e+01
4.7436e+01
4.8156e+01
4.9062e+01
5.0131e+01
5.1340e+01
5.2667e+01
5.4096e+01
5.5610e+01
5.7193e+01
5.8834e+01
6.0516e+01
6.2215e+01
6.3903e+01
6.5557e+01
6.7148e+01
6.8646e+01
7.0021e+01
7.1244e+01
7.2288e+01
7.3127e+01
7.3744e+01
7.4118e+01
7.4234e+01
7.4087e+01
7.3667e+01
7.2974e+01
7.2017e+01
7.0820e+01
6.9409e+01
6.7826e+01
6.6118e+01
6.4335e+01
6.2533e+01
6.0774e+01
5.9117e+01
5.7611e+01
5.6300e+01
5.5209e+01
5.4352e+01
5.3726e+01
5.3312e+01
5.3077e+01
5.2981e+01
5.2972e+01
5.2987e+01
5.2968e+01
5.2860e+01
5.2620e+01
5.2219e+01
5.1642e+01
5.0889e+01
4.9981e+01
4.8956e+01
4.7863e+01
4.6751e+01
4.5672e+01
4.4679e+01
4.3819e+01
4.3135e+01
4.2655e+01
4.2395e+01
4.2364e+01
4.2560e+01
4.2970e+01
4.3575e+01
4.4349e+01
4.5264e+01
4.6285e+01
4.7382e+01
4.8528e+01
4.9697e+01
5.0868e+01
5.2026e+01
5.3161e+01
5.4273e+01
5.5367e+01
5.6445e+01
5.7513e+01
5.8582e+01
5.9652e+01
6.0727e+01
6.1805e+01
6.2877e+01
6.3931e+01
6.4958e+01
6.5955e+01
6.6921e+01
6.7857e+01
6.8754e+01
6.9601e+01
7.0389e+01
7.1108e+01
7.1734e+01
7.2249e+01
7.2633e+01
7.2856e+01
7.2897e+01
7.2736e+01
7.2369e+01
7.1798e+01
7.1035e+01
7.0101e+01
6.9028e+01
6.7851e+01
6.6601e+01
6.5303e+01
6.3978e+01
6.2648e+01
6.1320e+01
5.9999e+01
5.8685e+01
5.7380e+01
5.6102e+01
5.4868e+01
5.3706e+01
5.2644e+01
5.1718e+01
5.0959e+01
5.0390e+01
5.0029e+01
4.9880e+01
4.9928e+01
5.0143e+01
5.0488e+01
5.0912e+01
5.1372e+01
5.1832e+01
5.2253e+01
5.2612e+01
5.2896e+01
5.3110e+01
5.3260e+01
5.3359e+01
5.3423e+01
5.3464e+01
5.3497e+01
5.3533e+01
5.3579e+01
5.3637e+01
5.3711e+01
5.3810e+01
5.3948e+01
5.4148e+01
5.4429e+01
5.4816e+01
5.5330e+01
5.5995e+01
5.6822e+01
5.7818e+01
5.8981e+01
6.0297e+01
6.1739e+01
6.3281e+01
6.5159e+01
6.7912e+01
7.2207e+01
7.8876e+01
8.8933e+01
1.0353e+02
1.2386e+02
1.5099e+02
1.8577e+02
2.2864e+02
2.7951e+02
3.3774e+02
4.0208e+02
4.7080e+02
5.4176e+02
