8.3339e+01
5.5895e+01
3.3231e+01
1.6163e+01
5.0953e+00
0000
4.4908e-01
5.6861e+00
1.4724e+01
2.6468e+01
3.9816e+01
5.3754e+01
6.7434e+01
8.0196e+01
9.1565e+01
1.0121e+02
1.0907e+02
1.1534e+02
1.2026e+02
1.2409e+02
1.2716e+02
1.2980e+02
1.3236e+02
1.3514e+02
1.3844e+02
1.4248e+02
1.4742e+02
1.5332e+02
1.6018e+02
1.6792e+02
1.7641e+02
1.8546e+02
1.9488e+02
2.0449e+02
2.1411e+02
2.2360e+02
2.3284e+02
2.4179e+02
2.5041e+02
2.5872e+02
2.6674e+02
2.7451e+02
2.8208e+02
2.8948e+02
2.9672e+02
3.0383e+02
3.1079e+02
3.1758e+02
3.2419e+02
3.3059e+02
3.3676e+02
3.4268e+02
3.4834e+02
3.5374e+02
3.5890e+02
3.6381e+02
3.6851e+02
3.7302e+02
3.7736e+02
3.8157e+02
3.8568e+02
3.8975e+02
3.9382e+02
3.9794e+02
4.0217e+02
4.0657e+02
4.1118e+02
4.1606e+02
4.2122e+02
4.2665e+02
4.3229e+02
4.3805e+02
4.4382e+02
4.4944e+02
4.5478e+02
4.5967e+02
4.6400e+02
4.6765e+02
4.7060e+02
4.7286e+02
4.7450e+02
4.7564e+02
4.7645e+02
4.7714e+02
4.7788e+02
4.7887e+02
4.8024e+02
4.8209e+02
4.8446e+02
4.8733e+02
4.9062e+02
4.9422e+02
4.9801e+02
5.0183e+02
5.0553e+02
5.0900e+02
5.1214e+02
5.1490e+02
5.1725e+02
5.1921e+02
5.2084e+02
5.2221e+02
5.2343e+02
5.2462e+02
5.2587e+02
5.2728e+02
5.2894e+02
5.3091e+02
5.3323e+02
5.3592e+02
5.3897e+02
5.4235e+02
5.4603e+02
5.4993e+02
5.5401e+02
5.5819e+02
5.6243e+02
5.6667e+02
5.7086e+02
5.7500e+02
5.7905e+02
5.8302e+02
5.8688e+02
5.9063e+02
5.9428e+02
5.9783e+02
6.0129e+02
6.0465e+02
6.0792e+02
6.1112e+02
6.1425e+02
6.1734e+02
6.2039e+02
6.2343e+02
6.2644e+02
6.2945e+02
6.3244e+02
6.3540e+02
6.3831e+02
6.4115e+02
6.4389e+02
6.4650e+02
6.4896e+02
6.5128e+02
6.5344e+02
6.5547e+02
6.5741e+02
6.5930e+02
6.6122e+02
6.6322e+02
6.6539e+02
6.6777e+02
6.7041e+02
6.7335e+02
6.7656e+02
6.8003e+02
6.8371e+02
6.8751e+02
6.9136e+02
6.9517e+02
6.9884e+02
7.0231e+02
7.0551e+02
7.0841e+02
7.1101e+02
7.1333e+02
7.1539e+02
7.1725e+02
7.1897e+02
7.2060e+02
7.2221e+02
7.2383e+02
7.2549e+02
7.2723e+02
7.2905e+02
7.3097e+02
7.3301e+02
7.3516e+02
7.3746e+02
7.3990e+02
7.4249e+02
7.4522e+02
7.4809e+02
7.5108e+02
7.5415e+02
7.5728e+02
7.6040e+02
7.6346e+02
7.6640e+02
7.6916e+02
7.7170e+02
7.7397e+02
7.7597e+02
7.7767e+02
7.7910e+02
7.8026e+02
7.8117e+02
7.8189e+02
7.8244e+02
7.8286e+02
7.8320e+02
7.8350e+02
7.8379e+02
7.8411e+02
7.8450e+02
7.8499e+02
7.8558e+02
7.8629e+02
7.8710e+02
7.8800e+02
7.8897e+02
7.8999e+02
7.9100e+02
7.9198e+02
7.9288e+02
7.9369e+02
7.9436e+02
7.9488e+02
7.9523e+02
7.9541e+02
7.9540e+02
7.9521e+02
7.9484e+02
7.9431e+02
7.9364e+02
7.9287e+02
7.9204e+02
7.9119e+02
7.9038e+02
7.8967e+02
7.8911e+02
7.8873e+02
7.8858e+02
7.8865e+02
7.8893e+02
7.8939e+02
7.8998e+02
7.9066e+02
7.9135e+02
7.9202e+02
7.9262e+02
7.9312e+02
7.9352e+02
7.9384e+02
7.9409e+02
7.9431e+02
7.9453e+02
7.9479e+02
7.9513e+02
7.9556e+02
7.9611e+02
7.9678e+02
7.9759e+02
7.9851e+02
7.9954e+02
8.0066e+02
8.0186e+02
8.0311e+02
8.0441e+02
8.0572e+02
8.0702e+02
8.0828e+02
8.0945e+02
8.1049e+02
8.1137e+02
8.1206e+02
8.1254e+02
8.1281e+02
8.1287e+02
8.1273e+02
8.1242e+02
8.1197e+02
8.1142e+02
8.1081e+02
8.1020e+02
8.0961e+02
8.0910e+02
8.0867e+02
8.0836e+02
8.0818e+02
8.0813e+02
8.0821e+02
8.0841e+02
8.0869e+02
8.0905e+02
8.0946e+02
8.0989e+02
8.1033e+02
8.1077e+02
8.1121e+02
8.1169e+02
8.1222e+02
8.1286e+02
8.1365e+02
8.1466e+02
8.1593e+02
8.1748e+02
8.1932e+02
8.2145e+02
8.2383e+02
8.2641e+02
8.2909e+02
8.3182e+02
8.3448e+02
8.3701e+02
8.3934e+02
8.4142e+02
8.4324e+02
8.4479e+02
8.4612e+02
8.4727e+02
8.4828e+02
8.4923e+02
8.5017e+02
8.5117e+02
8.5225e+02
8.5343e+02
8.5472e+02
8.5609e+02
8.5751e+02
8.5894e+02
8.6032e+02
8.6161e+02
8.6275e+02
8.6372e+02
8.6450e+02
8.6508e+02
8.6550e+02
8.6577e+02
8.6596e+02
8.6611e+02
8.6627e+02
8.6652e+02
8.6688e+02
8.6740e+02
8.6810e+02
8.6900e+02
8.7010e+02
8.7138e+02
8.7284e+02
8.7445e+02
8.7620e+02
8.7808e+02
8.8008e+02
8.8219e+02
8.8441e+02
8.8674e+02
8.8917e+02
8.9169e+02
8.9429e+02
8.9696e+02
8.9965e+02
9.0234e+02
9.0499e+02
9.0756e+02
9.1002e+02
9.1235e+02
9.1452e+02
9.1653e+02
9.1836e+02
9.2004e+02
9.2157e+02
9.2296e+02
9.2425e+02
9.2544e+02
9.2658e+02
9.2768e+02
9.2877e+02
9.2986e+02
9.3097e+02
9.3215e+02
9.3340e+02
9.3475e+02
9.3621e+02
9.3777e+02
9.3943e+02
9.4116e+02
9.4293e+02
9.4471e+02
9.4646e+02
9.4812e+02
9.4965e+02
9.5104e+02
9.5227e+02
9.5332e+02
9.5422e+02
9.5498e+02
9.5563e+02
9.5622e+02
9.5676e+02
9.5729e+02
9.5781e+02
9.5835e+02
9.5890e+02
9.5947e+02
9.6005e+02
9.6065e+02
9.6126e+02
9.6192e+02
9.6263e+02
9.6341e+02
9.6429e+02
9.6527e+02
9.6635e+02
9.6754e+02
9.6879e+02
9.7009e+02
9.7137e+02
9.7260e+02
9.7372e+02
9.7469e+02
9.7550e+02
9.7613e+02
9.7659e+02
9.7692e+02
9.7716e+02
9.7737e+02
9.7759e+02
9.7789e+02
9.7830e+02
9.7885e+02
9.7958e+02
9.8048e+02
9.8156e+02
9.8279e+02
9.8416e+02
9.8562e+02
9.8713e+02
9.8866e+02
9.9014e+02
9.9155e+02
9.9283e+02
9.9395e+02
9.9489e+02
9.9563e+02
9.9618e+02
9.9654e+02
9.9674e+02
9.9680e+02
9.9679e+02
9.9675e+02
9.9673e+02
9.9676e+02
9.9687e+02
9.9708e+02
9.9741e+02
9.9784e+02
9.9836e+02
9.9896e+02
9.9961e+02
1.0003e+03
1.0010e+03
1.0016e+03
1.0022e+03
1.0028e+03
1.0033e+03
1.0038e+03
1.0042e+03
1.0045e+03
1.0048e+03
1.0051e+03
1.0053e+03
1.0056e+03
1.0058e+03
1.0060e+03
1.0062e+03
1.0064e+03
1.0066e+03
1.0068e+03
1.0070e+03
1.0071e+03
1.0072e+03
1.0072e+03
1.0072e+03
1.0072e+03
1.0072e+03
1.0072e+03
1.0072e+03
1.0073e+03
1.0075e+03
1.0078e+03
1.0081e+03
1.0086e+03
1.0091e+03
1.0098e+03
1.0104e+03
1.0111e+03
1.0119e+03
1.0126e+03
1.0134e+03
1.0143e+03
1.0152e+03
1.0161e+03
1.0172e+03
1.0183e+03
1.0195e+03
1.0208e+03
1.0222e+03
1.0236e+03
1.0250e+03
1.0263e+03
1.0276e+03
1.0287e+03
1.0296e+03
1.0303e+03
1.0308e+03
1.0312e+03
1.0316e+03
1.0319e+03
1.0324e+03
1.0330e+03
1.0339e+03
1.0351e+03
1.0367e+03
1.0387e+03
1.0410e+03
1.0436e+03
1.0465e+03
1.0495e+03
1.0526e+03
1.0557e+03
1.0588e+03
1.0617e+03
1.0644e+03
1.0669e+03
1.0693e+03
1.0714e+03
1.0734e+03
1.0753e+03
1.0769e+03
1.0785e+03
1.0798e+03
1.0811e+03
1.0822e+03
1.0832e+03
1.0841e+03
1.0849e+03
1.0857e+03
1.0864e+03
1.0871e+03
1.0879e+03
1.0888e+03
1.0897e+03
1.0907e+03
1.0918e+03
1.0930e+03
1.0941e+03
1.0953e+03
1.0965e+03
1.0976e+03
1.0987e+03
1.0997e+03
1.1006e+03
1.1016e+03
1.1024e+03
1.1033e+03
1.1041e+03
1.1049e+03
1.1056e+03
1.1061e+03
1.1066e+03
1.1069e+03
1.1071e+03
1.1071e+03
1.1070e+03
1.1067e+03
1.1064e+03
1.1061e+03
1.1058e+03
1.1057e+03
1.1058e+03
1.1061e+03
1.1065e+03
1.1073e+03
1.1082e+03
1.1092e+03
1.1103e+03
1.1114e+03
1.1125e+03
1.1135e+03
1.1143e+03
1.1150e+03
1.1155e+03
1.1159e+03
1.1162e+03
1.1165e+03
1.1169e+03
1.1174e+03
1.1180e+03
1.1188e+03
1.1198e+03
1.1211e+03
1.1225e+03
1.1241e+03
1.1259e+03
1.1278e+03
1.1299e+03
1.1321e+03
1.1344e+03
1.1367e+03
1.1391e+03
1.1416e+03
1.1441e+03
1.1466e+03
1.1490e+03
1.1512e+03
1.1534e+03
1.1553e+03
1.1570e+03
1.1585e+03
1.1597e+03
1.1607e+03
1.1614e+03
1.1620e+03
1.1625e+03
1.1628e+03
1.1631e+03
1.1633e+03
1.1635e+03
1.1637e+03
1.1639e+03
1.1642e+03
1.1645e+03
1.1649e+03
1.1653e+03
1.1658e+03
1.1662e+03
1.1667e+03
1.1672e+03
1.1677e+03
1.1682e+03
1.1685e+03
1.1689e+03
1.1691e+03
1.1693e+03
1.1695e+03
1.1697e+03
1.1698e+03
1.1700e+03
1.1702e+03
1.1705e+03
1.1708e+03
1.1712e+03
1.1717e+03
1.1723e+03
1.1730e+03
1.1738e+03
1.1748e+03
1.1758e+03
1.1770e+03
1.1782e+03
1.1795e+03
1.1808e+03
1.1822e+03
1.1834e+03
1.1846e+03
1.1856e+03
1.1864e+03
1.1869e+03
1.1871e+03
1.1870e+03
1.1865e+03
1.1858e+03
1.1847e+03
1.1833e+03
1.1817e+03
1.1799e+03
1.1779e+03
1.1759e+03
1.1738e+03
1.1717e+03
1.1697e+03
1.1678e+03
1.1661e+03
1.1645e+03
1.1633e+03
1.1623e+03
1.1617e+03
1.1615e+03
1.1616e+03
1.1623e+03
1.1633e+03
1.1648e+03
1.1668e+03
1.1691e+03
1.1718e+03
1.1747e+03
1.1779e+03
1.1812e+03
1.1846e+03
1.1879e+03
1.1911e+03
1.1942e+03
1.1969e+03
1.1994e+03
1.2015e+03
1.2033e+03
1.2046e+03
1.2055e+03
1.2061e+03
1.2063e+03
1.2062e+03
1.2059e+03
1.2054e+03
1.2048e+03
1.2041e+03
1.2036e+03
1.2031e+03
1.2029e+03
1.2029e+03
1.2031e+03
1.2036e+03
1.2044e+03
1.2054e+03
1.2065e+03
1.2078e+03
1.2092e+03
1.2106e+03
1.2119e+03
1.2131e+03
1.2143e+03
1.2153e+03
1.2162e+03
1.2170e+03
1.2177e+03
1.2183e+03
1.2189e+03
1.2195e+03
1.2201e+03
1.2207e+03
1.2214e+03
1.2222e+03
1.2230e+03
1.2239e+03
1.2249e+03
1.2259e+03
1.2269e+03
1.2280e+03
1.2290e+03
1.2300e+03
1.2310e+03
1.2319e+03
1.2327e+03
1.2334e+03
1.2340e+03
1.2346e+03
1.2350e+03
1.2353e+03
1.2354e+03
1.2354e+03
1.2352e+03
1.2348e+03
1.2342e+03
1.2335e+03
1.2326e+03
1.2317e+03
1.2307e+03
1.2298e+03
1.2290e+03
1.2284e+03
1.2280e+03
1.2279e+03
1.2279e+03
1.2283e+03
1.2289e+03
1.2297e+03
1.2306e+03
1.2317e+03
1.2328e+03
1.2340e+03
1.2352e+03
1.2363e+03
1.2374e+03
1.2385e+03
1.2395e+03
1.2405e+03
1.2414e+03
1.2424e+03
1.2434e+03
1.2445e+03
1.2457e+03
1.2470e+03
1.2484e+03
1.2500e+03
1.2517e+03
1.2535e+03
1.2555e+03
1.2577e+03
1.2599e+03
1.2621e+03
1.2644e+03
1.2667e+03
1.2689e+03
1.2711e+03
1.2730e+03
1.2747e+03
1.2762e+03
1.2774e+03
1.2782e+03
1.2787e+03
1.2787e+03
1.2784e+03
1.2777e+03
1.2767e+03
1.2754e+03
1.2740e+03
1.2724e+03
1.2709e+03
1.2694e+03
1.2681e+03
1.2670e+03
1.2661e+03
1.2656e+03
1.2653e+03
1.2653e+03
1.2655e+03
1.2659e+03
1.2665e+03
1.2672e+03
1.2679e+03
1.2686e+03
1.2694e+03
1.2702e+03
1.2710e+03
1.2719e+03
1.2728e+03
1.2739e+03
1.2750e+03
1.2764e+03
1.2779e+03
1.2795e+03
1.2813e+03
1.2833e+03
1.2854e+03
1.2877e+03
1.2901e+03
1.2926e+03
1.2953e+03
1.2980e+03
1.3009e+03
1.3038e+03
1.3068e+03
1.3098e+03
1.3127e+03
1.3156e+03
1.3184e+03
1.3211e+03
1.3236e+03
1.3260e+03
1.3282e+03
1.3303e+03
1.3323e+03
1.3342e+03
1.3360e+03
1.3378e+03
1.3395e+03
1.3411e+03
1.3426e+03
1.3441e+03
1.3455e+03
1.3467e+03
1.3479e+03
1.3490e+03
1.3501e+03
1.3511e+03
1.3521e+03
1.3530e+03
1.3540e+03
1.3549e+03
1.3558e+03
1.3566e+03
1.3574e+03
1.3581e+03
1.3586e+03
1.3590e+03
1.3593e+03
1.3596e+03
1.3597e+03
1.3599e+03
1.3601e+03
1.3604e+03
1.3610e+03
1.3617e+03
1.3626e+03
1.3638e+03
1.3653e+03
1.3670e+03
1.3689e+03
1.3710e+03
1.3732e+03
1.3754e+03
1.3777e+03
1.3801e+03
1.3824e+03
1.3847e+03
1.3870e+03
1.3893e+03
1.3915e+03
1.3937e+03
1.3959e+03
1.3980e+03
1.4000e+03
1.4019e+03
1.4038e+03
1.4055e+03
1.4070e+03
1.4083e+03
1.4095e+03
1.4104e+03
1.4110e+03
1.4114e+03
1.4116e+03
1.4115e+03
1.4112e+03
1.4107e+03
1.4100e+03
1.4092e+03
1.4084e+03
1.4076e+03
1.4069e+03
1.4064e+03
1.4060e+03
1.4059e+03
1.4061e+03
1.4065e+03
1.4073e+03
1.4083e+03
1.4095e+03
1.4110e+03
1.4126e+03
1.4144e+03
1.4162e+03
1.4181e+03
1.4200e+03
1.4220e+03
1.4241e+03
1.4263e+03
1.4286e+03
1.4310e+03
1.4336e+03
1.4363e+03
1.4393e+03
1.4425e+03
1.4458e+03
1.4492e+03
1.4527e+03
1.4562e+03
1.4598e+03
1.4633e+03
1.4668e+03
1.4702e+03
1.4736e+03
1.4768e+03
1.4799e+03
1.4829e+03
1.4858e+03
1.4886e+03
1.4912e+03
1.4938e+03
1.4962e+03
1.4985e+03
1.5007e+03
1.5027e+03
1.5045e+03
1.5061e+03
1.5075e+03
1.5087e+03
1.5097e+03
1.5104e+03
1.5110e+03
1.5114e+03
1.5117e+03
1.5119e+03
1.5120e+03
1.5120e+03
1.5121e+03
1.5122e+03
1.5123e+03
1.5124e+03
1.5126e+03
1.5127e+03
1.5129e+03
1.5130e+03
1.5130e+03
1.5130e+03
1.5128e+03
1.5126e+03
1.5123e+03
1.5119e+03
1.5116e+03
1.5112e+03
1.5109e+03
1.5106e+03
1.5104e+03
1.5103e+03
1.5103e+03
1.5103e+03
1.5104e+03
1.5106e+03
1.5107e+03
1.5109e+03
1.5111e+03
1.5113e+03
1.5115e+03
1.5117e+03
1.5118e+03
1.5119e+03
1.5120e+03
1.5120e+03
1.5121e+03
1.5121e+03
1.5121e+03
1.5121e+03
1.5120e+03
1.5120e+03
1.5118e+03
1.5116e+03
1.5114e+03
1.5110e+03
1.5105e+03
1.5100e+03
1.5095e+03
1.5089e+03
1.5084e+03
1.5079e+03
1.5075e+03
1.5073e+03
1.5073e+03
1.5073e+03
1.5075e+03
1.5078e+03
1.5082e+03
1.5085e+03
1.5087e+03
1.5088e+03
1.5088e+03
1.5087e+03
1.5083e+03
1.5078e+03
1.5072e+03
1.5065e+03
1.5058e+03
1.5051e+03
1.5045e+03
1.5040e+03
1.5038e+03
1.5038e+03
1.5042e+03
1.5049e+03
1.5059e+03
1.5072e+03
1.5088e+03
1.5107e+03
1.5127e+03
1.5148e+03
1.5169e+03
1.5189e+03
1.5208e+03
1.5223e+03
1.5237e+03
1.5247e+03
1.5256e+03
1.5262e+03
1.5267e+03
1.5272e+03
1.5277e+03
1.5282e+03
1.5289e+03
1.5296e+03
1.5305e+03
1.5315e+03
1.5325e+03
1.5335e+03
1.5345e+03
1.5354e+03
1.5362e+03
1.5369e+03
1.5375e+03
1.5379e+03
1.5383e+03
1.5386e+03
1.5388e+03
1.5391e+03
1.5393e+03
1.5396e+03
1.5400e+03
1.5405e+03
1.5410e+03
1.5417e+03
1.5425e+03
1.5434e+03
1.5445e+03
1.5457e+03
1.5471e+03
1.5486e+03
1.5502e+03
1.5520e+03
1.5539e+03
1.5560e+03
1.5582e+03
1.5606e+03
1.5631e+03
1.5657e+03
1.5685e+03
1.5714e+03
1.5743e+03
1.5774e+03
1.5804e+03
1.5835e+03
1.5865e+03
1.5894e+03
1.5923e+03
1.5950e+03
1.5976e+03
1.6001e+03
1.6025e+03
1.6047e+03
1.6069e+03
1.6090e+03
1.6110e+03
1.6131e+03
1.6151e+03
1.6171e+03
1.6191e+03
1.6212e+03
1.6233e+03
1.6254e+03
1.6276e+03
1.6299e+03
1.6322e+03
1.6345e+03
1.6370e+03
1.6396e+03
1.6422e+03
1.6450e+03
1.6478e+03
1.6506e+03
1.6533e+03
1.6559e+03
1.6582e+03
1.6603e+03
1.6620e+03
1.6633e+03
1.6643e+03
1.6649e+03
1.6652e+03
1.6654e+03
1.6655e+03
1.6656e+03
1.6660e+03
1.6666e+03
1.6676e+03
1.6689e+03
1.6704e+03
1.6722e+03
1.6740e+03
1.6759e+03
1.6775e+03
1.6790e+03
1.6800e+03
1.6807e+03
1.6809e+03
1.6806e+03
1.6799e+03
1.6788e+03
1.6773e+03
1.6755e+03
1.6735e+03
1.6713e+03
1.6689e+03
1.6665e+03
1.6641e+03
1.6617e+03
1.6593e+03
1.6571e+03
1.6551e+03
1.6532e+03
1.6514e+03
1.6499e+03
1.6486e+03
1.6475e+03
1.6465e+03
1.6458e+03
1.6452e+03
1.6449e+03
1.6447e+03
1.6448e+03
1.6451e+03
1.6456e+03
1.6464e+03
1.6473e+03
1.6485e+03
1.6498e+03
1.6512e+03
1.6526e+03
1.6541e+03
1.6554e+03
1.6567e+03
1.6578e+03
1.6587e+03
1.6593e+03
1.6596e+03
1.6597e+03
1.6596e+03
1.6593e+03
1.6587e+03
1.6581e+03
1.6573e+03
1.6565e+03
1.6557e+03
1.6548e+03
1.6540e+03
1.6532e+03
1.6524e+03
1.6517e+03
1.6511e+03
1.6505e+03
1.6500e+03
1.6496e+03
1.6494e+03
1.6492e+03
1.6491e+03
1.6491e+03
1.6491e+03
1.6492e+03
1.6493e+03
1.6493e+03
1.6492e+03
1.6490e+03
1.6485e+03
1.6478e+03
1.6468e+03
1.6455e+03
1.6440e+03
1.6423e+03
1.6404e+03
1.6384e+03
1.6365e+03
1.6346e+03
1.6329e+03
1.6314e+03
1.6301e+03
1.6291e+03
1.6283e+03
1.6277e+03
1.6273e+03
1.6270e+03
1.6266e+03
1.6262e+03
1.6256e+03
1.6249e+03
1.6241e+03
1.6230e+03
1.6218e+03
1.6205e+03
1.6191e+03
1.6177e+03
1.6163e+03
1.6149e+03
1.6136e+03
1.6122e+03
1.6110e+03
1.6097e+03
1.6085e+03
1.6072e+03
1.6059e+03
1.6047e+03
1.6034e+03
1.6021e+03
1.6009e+03
1.5998e+03
1.5988e+03
1.5980e+03
1.5974e+03
1.5968e+03
1.5965e+03
1.5962e+03
1.5958e+03
1.5955e+03
1.5950e+03
1.5943e+03
1.5933e+03
1.5921e+03
1.5905e+03
1.5888e+03
1.5868e+03
1.5848e+03
1.5827e+03
1.5807e+03
1.5789e+03
1.5773e+03
1.5759e+03
1.5748e+03
1.5741e+03
1.5736e+03
1.5734e+03
1.5734e+03
1.5736e+03
1.5739e+03
1.5744e+03
1.5749e+03
1.5755e+03
1.5762e+03
1.5769e+03
1.5777e+03
1.5786e+03
1.5794e+03
1.5803e+03
1.5813e+03
1.5824e+03
1.5835e+03
1.5847e+03
1.5859e+03
1.5873e+03
1.5889e+03
1.5905e+03
1.5923e+03
1.5941e+03
1.5961e+03
1.5980e+03
1.6000e+03
1.6019e+03
1.6036e+03
1.6052e+03
1.6066e+03
1.6077e+03
1.6086e+03
1.6093e+03
1.6099e+03
1.6102e+03
1.6105e+03
1.6108e+03
1.6111e+03
1.6115e+03
1.6119e+03
1.6124e+03
1.6130e+03
1.6137e+03
1.6143e+03
1.6149e+03
1.6154e+03
1.6158e+03
1.6161e+03
1.6161e+03
1.6160e+03
1.6158e+03
1.6154e+03
1.6150e+03
1.6145e+03
1.6141e+03
1.6136e+03
1.6132e+03
1.6128e+03
1.6126e+03
1.6124e+03
1.6123e+03
1.6123e+03
1.6124e+03
1.6126e+03
1.6128e+03
1.6131e+03
1.6135e+03
1.6139e+03
1.6143e+03
1.6148e+03
1.6152e+03
1.6156e+03
1.6160e+03
1.6164e+03
1.6167e+03
1.6170e+03
1.6173e+03
1.6175e+03
1.6178e+03
1.6181e+03
1.6184e+03
1.6188e+03
1.6192e+03
1.6197e+03
1.6202e+03
1.6207e+03
1.6213e+03
1.6218e+03
1.6223e+03
1.6227e+03
1.6230e+03
1.6233e+03
1.6234e+03
1.6234e+03
1.6232e+03
1.6230e+03
1.6226e+03
1.6222e+03
1.6216e+03
1.6210e+03
1.6204e+03
1.6197e+03
1.6190e+03
1.6183e+03
1.6176e+03
1.6169e+03
1.6163e+03
1.6156e+03
1.6151e+03
1.6146e+03
1.6141e+03
1.6138e+03
1.6136e+03
1.6134e+03
1.6134e+03
1.6135e+03
1.6137e+03
1.6140e+03
1.6143e+03
1.6146e+03
1.6150e+03
1.6152e+03
1.6153e+03
1.6152e+03
1.6149e+03
1.6144e+03
1.6137e+03
1.6127e+03
1.6115e+03
1.6102e+03
1.6087e+03
1.6071e+03
1.6055e+03
1.6039e+03
1.6023e+03
1.6008e+03
1.5994e+03
1.5982e+03
1.5970e+03
1.5959e+03
1.5950e+03
1.5941e+03
1.5934e+03
1.5928e+03
1.5923e+03
1.5919e+03
1.5917e+03
1.5915e+03
1.5915e+03
1.5916e+03
1.5917e+03
1.5918e+03
1.5919e+03
1.5919e+03
1.5918e+03
1.5915e+03
1.5910e+03
1.5902e+03
1.5893e+03
1.5881e+03
1.5868e+03
1.5853e+03
1.5838e+03
1.5822e+03
1.5807e+03
1.5792e+03
1.5778e+03
1.5765e+03
1.5754e+03
1.5743e+03
1.5734e+03
1.5725e+03
1.5717e+03
1.5709e+03
1.5702e+03
1.5695e+03
1.5688e+03
1.5682e+03
1.5675e+03
1.5669e+03
1.5664e+03
1.5660e+03
1.5657e+03
1.5654e+03
1.5653e+03
1.5652e+03
1.5652e+03
1.5653e+03
1.5654e+03
1.5654e+03
1.5654e+03
1.5654e+03
1.5652e+03
1.5649e+03
1.5644e+03
1.5639e+03
1.5633e+03
1.5627e+03
1.5621e+03
1.5615e+03
1.5611e+03
1.5608e+03
1.5607e+03
1.5608e+03
1.5610e+03
1.5614e+03
1.5619e+03
1.5625e+03
1.5632e+03
1.5638e+03
1.5644e+03
1.5649e+03
1.5653e+03
1.5656e+03
1.5658e+03
1.5659e+03
1.5659e+03
1.5658e+03
1.5657e+03
1.5656e+03
1.5655e+03
1.5654e+03
1.5655e+03
1.5656e+03
1.5660e+03
1.5664e+03
1.5671e+03
1.5679e+03
1.5689e+03
1.5700e+03
1.5712e+03
1.5725e+03
1.5738e+03
1.5752e+03
1.5765e+03
1.5777e+03
1.5789e+03
1.5799e+03
1.5808e+03
1.5815e+03
1.5819e+03
1.5821e+03
1.5819e+03
1.5815e+03
1.5808e+03
1.5798e+03
1.5784e+03
1.5769e+03
1.5750e+03
1.5730e+03
1.5709e+03
1.5685e+03
1.5661e+03
1.5636e+03
1.5610e+03
1.5584e+03
1.5558e+03
1.5532e+03
1.5507e+03
1.5484e+03
1.5462e+03
1.5442e+03
1.5425e+03
1.5411e+03
1.5401e+03
1.5395e+03
1.5392e+03
1.5393e+03
1.5396e+03
1.5402e+03
1.5410e+03
1.5418e+03
1.5426e+03
1.5433e+03
1.5439e+03
1.5443e+03
1.5446e+03
1.5448e+03
1.5449e+03
1.5449e+03
1.5449e+03
1.5450e+03
1.5452e+03
1.5455e+03
1.5460e+03
1.5466e+03
1.5473e+03
1.5479e+03
1.5485e+03
1.5490e+03
1.5494e+03
1.5495e+03
1.5493e+03
1.5489e+03
1.5483e+03
1.5474e+03
1.5463e+03
1.5450e+03
1.5436e+03
1.5421e+03
1.5406e+03
1.5390e+03
1.5375e+03
1.5360e+03
1.5346e+03
1.5333e+03
1.5322e+03
1.5312e+03
1.5303e+03
1.5296e+03
1.5290e+03
1.5285e+03
1.5281e+03
1.5276e+03
1.5272e+03
1.5267e+03
1.5262e+03
1.5256e+03
1.5251e+03
1.5246e+03
1.5242e+03
1.5239e+03
1.5239e+03
1.5241e+03
1.5246e+03
1.5253e+03
1.5264e+03
1.5277e+03
1.5291e+03
1.5307e+03
1.5324e+03
1.5341e+03
1.5358e+03
1.5374e+03
1.5388e+03
1.5401e+03
1.5413e+03
1.5423e+03
1.5431e+03
1.5438e+03
1.5443e+03
1.5448e+03
1.5451e+03
1.5454e+03
1.5457e+03
1.5459e+03
1.5462e+03
1.5465e+03
1.5469e+03
1.5473e+03
1.5478e+03
1.5484e+03
1.5490e+03
1.5496e+03
1.5504e+03
1.5511e+03
1.5519e+03
1.5527e+03
1.5535e+03
1.5542e+03
1.5549e+03
1.5556e+03
1.5561e+03
1.5566e+03
1.5568e+03
1.5569e+03
1.5568e+03
1.5564e+03
1.5558e+03
1.5549e+03
1.5538e+03
1.5524e+03
1.5509e+03
1.5492e+03
1.5474e+03
1.5455e+03
1.5436e+03
1.5416e+03
1.5397e+03
1.5378e+03
1.5360e+03
1.5343e+03
1.5327e+03
1.5313e+03
1.5300e+03
1.5288e+03
1.5279e+03
1.5270e+03
1.5263e+03
1.5256e+03
1.5251e+03
1.5245e+03
1.5240e+03
1.5236e+03
1.5231e+03
1.5227e+03
1.5223e+03
1.5220e+03
1.5218e+03
1.5217e+03
1.5217e+03
1.5218e+03
1.5221e+03
1.5225e+03
1.5229e+03
1.5233e+03
1.5238e+03
1.5242e+03
1.5245e+03
1.5246e+03
1.5247e+03
1.5246e+03
1.5243e+03
1.5238e+03
1.5233e+03
1.5225e+03
1.5217e+03
1.5208e+03
1.5199e+03
1.5189e+03
1.5179e+03
1.5169e+03
1.5160e+03
1.5150e+03
1.5141e+03
1.5131e+03
1.5122e+03
1.5112e+03
1.5102e+03
1.5091e+03
1.5079e+03
1.5065e+03
1.5051e+03
1.5035e+03
1.5017e+03
1.4998e+03
1.4977e+03
1.4956e+03
1.4934e+03
1.4911e+03
1.4889e+03
1.4868e+03
1.4848e+03
1.4830e+03
1.4814e+03
1.4800e+03
1.4790e+03
1.4782e+03
1.4776e+03
1.4772e+03
1.4771e+03
1.4770e+03
1.4771e+03
1.4772e+03
1.4774e+03
1.4775e+03
1.4775e+03
1.4775e+03
1.4775e+03
1.4773e+03
1.4770e+03
1.4766e+03
1.4761e+03
1.4755e+03
1.4747e+03
1.4738e+03
1.4728e+03
1.4717e+03
1.4705e+03
1.4692e+03
1.4680e+03
1.4667e+03
1.4654e+03
1.4642e+03
1.4631e+03
1.4620e+03
1.4610e+03
1.4601e+03
1.4592e+03
1.4584e+03
1.4576e+03
1.4568e+03
1.4561e+03
1.4554e+03
1.4547e+03
1.4540e+03
1.4534e+03
1.4528e+03
1.4523e+03
1.4519e+03
1.4514e+03
1.4511e+03
1.4507e+03
1.4504e+03
1.4501e+03
1.4499e+03
1.4497e+03
1.4496e+03
1.4496e+03
1.4497e+03
1.4499e+03
1.4502e+03
1.4508e+03
1.4514e+03
1.4523e+03
1.4532e+03
1.4543e+03
1.4554e+03
1.4566e+03
1.4578e+03
1.4590e+03
1.4602e+03
1.4614e+03
1.4626e+03
1.4637e+03
1.4648e+03
1.4658e+03
1.4668e+03
1.4678e+03
1.4686e+03
1.4694e+03
1.4699e+03
1.4703e+03
1.4705e+03
1.4704e+03
1.4701e+03
1.4696e+03
1.4688e+03
1.4679e+03
1.4668e+03
1.4656e+03
1.4643e+03
1.4631e+03
1.4619e+03
1.4608e+03
1.4598e+03
1.4590e+03
1.4584e+03
1.4580e+03
1.4578e+03
1.4578e+03
1.4581e+03
1.4585e+03
1.4592e+03
1.4600e+03
1.4610e+03
1.4621e+03
1.4633e+03
1.4646e+03
1.4659e+03
1.4671e+03
1.4684e+03
1.4695e+03
1.4706e+03
1.4715e+03
1.4722e+03
1.4728e+03
1.4731e+03
1.4732e+03
1.4732e+03
1.4729e+03
1.4725e+03
1.4719e+03
1.4712e+03
1.4704e+03
1.4696e+03
1.4688e+03
1.4680e+03
1.4674e+03
1.4668e+03
1.4665e+03
1.4663e+03
1.4663e+03
1.4666e+03
1.4670e+03
1.4677e+03
1.4685e+03
1.4694e+03
1.4705e+03
1.4716e+03
1.4727e+03
1.4738e+03
1.4749e+03
1.4758e+03
1.4766e+03
1.4773e+03
1.4778e+03
1.4781e+03
1.4784e+03
1.4785e+03
1.4785e+03
1.4784e+03
1.4783e+03
1.4781e+03
1.4779e+03
1.4776e+03
1.4772e+03
1.4767e+03
1.4761e+03
1.4753e+03
1.4744e+03
1.4733e+03
1.4719e+03
1.4704e+03
1.4688e+03
1.4671e+03
1.4652e+03
1.4634e+03
1.4617e+03
1.4600e+03
1.4581e+03
1.4555e+03
1.4511e+03
1.4442e+03
1.4333e+03
1.4172e+03
1.3943e+03
1.3634e+03
1.3234e+03
1.2739e+03
1.2148e+03
1.1469e+03
1.0716e+03
9.9115e+02
9.0790e+02
