2.1858e+02
2.1839e+02
2.1816e+02
2.1790e+02
2.1762e+02
2.1731e+02
2.1697e+02
2.1660e+02
2.1620e+02
2.1575e+02
2.1526e+02
2.1470e+02
2.1411e+02
2.1348e+02
2.1284e+02
2.1222e+02
2.1166e+02
2.1118e+02
2.1081e+02
2.1056e+02
2.1047e+02
2.1052e+02
2.1072e+02
2.1105e+02
2.1148e+02
2.1197e+02
2.1250e+02
2.1306e+02
2.1362e+02
2.1417e+02
2.1473e+02
2.1528e+02
2.1582e+02
2.1635e+02
2.1686e+02
2.1735e+02
2.1779e+02
2.1816e+02
2.1844e+02
2.1862e+02
2.1867e+02
2.1858e+02
2.1836e+02
2.1798e+02
2.1746e+02
2.1682e+02
2.1606e+02
2.1519e+02
2.1422e+02
2.1317e+02
2.1205e+02
2.1086e+02
2.0961e+02
2.0832e+02
2.0701e+02
2.0568e+02
2.0436e+02
2.0307e+02
2.0181e+02
2.0060e+02
1.9945e+02
1.9835e+02
1.9731e+02
1.9632e+02
1.9538e+02
1.9450e+02
1.9366e+02
1.9288e+02
1.9215e+02
1.9150e+02
1.9092e+02
1.9044e+02
1.9005e+02
1.8975e+02
1.8954e+02
1.8941e+02
1.8933e+02
1.8927e+02
1.8921e+02
1.8911e+02
1.8895e+02
1.8871e+02
1.8834e+02
1.8784e+02
1.8721e+02
1.8647e+02
1.8565e+02
1.8479e+02
1.8392e+02
1.8310e+02
1.8239e+02
1.8182e+02
1.8145e+02
1.8130e+02
1.8137e+02
1.8167e+02
1.8217e+02
1.8283e+02
1.8361e+02
1.8445e+02
1.8529e+02
1.8610e+02
1.8682e+02
1.8743e+02
1.8790e+02
1.8825e+02
1.8846e+02
1.8856e+02
1.8858e+02
1.8853e+02
1.8846e+02
1.8839e+02
1.8836e+02
1.8840e+02
1.8854e+02
1.8880e+02
1.8918e+02
1.8968e+02
1.9032e+02
1.9107e+02
1.9195e+02
1.9292e+02
1.9399e+02
1.9515e+02
1.9640e+02
1.9777e+02
1.9925e+02
2.0085e+02
2.0256e+02
2.0437e+02
2.0625e+02
2.0812e+02
2.0992e+02
2.1154e+02
2.1286e+02
2.1377e+02
2.1414e+02
2.1388e+02
2.1292e+02
2.1126e+02
2.0892e+02
2.0595e+02
2.0245e+02
1.9855e+02
1.9437e+02
1.9006e+02
1.8574e+02
1.8152e+02
1.7749e+02
1.7373e+02
1.7025e+02
1.6709e+02
1.6423e+02
1.6166e+02
1.5938e+02
1.5735e+02
1.5558e+02
1.5404e+02
1.5276e+02
1.5173e+02
1.5098e+02
1.5053e+02
1.5036e+02
1.5049e+02
1.5091e+02
1.5160e+02
1.5254e+02
1.5367e+02
1.5495e+02
1.5629e+02
1.5762e+02
1.5884e+02
1.5988e+02
1.6068e+02
1.6119e+02
1.6141e+02
1.6134e+02
1.6101e+02
1.6049e+02
1.5985e+02
1.5915e+02
1.5848e+02
1.5790e+02
1.5747e+02
1.5724e+02
1.5723e+02
1.5744e+02
1.5787e+02
1.5849e+02
1.5928e+02
1.6021e+02
1.6127e+02
1.6242e+02
1.6365e+02
1.6491e+02
1.6618e+02
1.6741e+02
1.6853e+02
1.6950e+02
1.7025e+02
1.7074e+02
1.7089e+02
1.7068e+02
1.7008e+02
1.6906e+02
1.6765e+02
1.6585e+02
1.6370e+02
1.6126e+02
1.5859e+02
1.5575e+02
1.5282e+02
1.4987e+02
1.4697e+02
1.4419e+02
1.4157e+02
1.3916e+02
1.3698e+02
1.3507e+02
1.3345e+02
1.3214e+02
1.3116e+02
1.3053e+02
1.3026e+02
1.3039e+02
1.3093e+02
1.3190e+02
1.3330e+02
1.3511e+02
1.3732e+02
1.3985e+02
1.4264e+02
1.4558e+02
1.4855e+02
1.5145e+02
1.5416e+02
1.5658e+02
1.5863e+02
1.6027e+02
1.6148e+02
1.6227e+02
1.6271e+02
1.6284e+02
1.6277e+02
1.6258e+02
1.6236e+02
1.6219e+02
1.6213e+02
1.6223e+02
1.6249e+02
1.6291e+02
1.6347e+02
1.6411e+02
1.6480e+02
1.6548e+02
1.6613e+02
1.6670e+02
1.6718e+02
1.6757e+02
1.6788e+02
1.6812e+02
1.6832e+02
1.6849e+02
1.6861e+02
1.6869e+02
1.6870e+02
1.6861e+02
1.6835e+02
1.6789e+02
1.6718e+02
1.6616e+02
1.6484e+02
1.6321e+02
1.6131e+02
1.5917e+02
1.5688e+02
1.5450e+02
1.5212e+02
1.4981e+02
1.4765e+02
1.4567e+02
1.4389e+02
1.4233e+02
1.4098e+02
1.3984e+02
1.3888e+02
1.3809e+02
1.3744e+02
1.3694e+02
1.3659e+02
1.3640e+02
1.3640e+02
1.3659e+02
1.3700e+02
1.3763e+02
1.3846e+02
1.3947e+02
1.4063e+02
1.4190e+02
1.4321e+02
1.4454e+02
1.4581e+02
1.4700e+02
1.4807e+02
1.4903e+02
1.4987e+02
1.5062e+02
1.5129e+02
1.5191e+02
1.5251e+02
1.5310e+02
1.5369e+02
1.5431e+02
1.5492e+02
1.5554e+02
1.5613e+02
1.5672e+02
1.5729e+02
1.5786e+02
1.5846e+02
1.5910e+02
1.5983e+02
1.6066e+02
1.6160e+02
1.6266e+02
1.6382e+02
1.6505e+02
1.6629e+02
1.6748e+02
1.6856e+02
1.6948e+02
1.7020e+02
1.7068e+02
1.7094e+02
1.7098e+02
1.7084e+02
1.7055e+02
1.7018e+02
1.6975e+02
1.6930e+02
1.6885e+02
1.6838e+02
1.6790e+02
1.6739e+02
1.6682e+02
1.6617e+02
1.6544e+02
1.6462e+02
1.6373e+02
1.6280e+02
1.6186e+02
1.6096e+02
1.6014e+02
1.5944e+02
1.5887e+02
1.5844e+02
1.5814e+02
1.5794e+02
1.5782e+02
1.5775e+02
1.5767e+02
1.5755e+02
1.5738e+02
1.5711e+02
1.5676e+02
1.5631e+02
1.5576e+02
1.5513e+02
1.5443e+02
1.5368e+02
1.5290e+02
1.5209e+02
1.5125e+02
1.5038e+02
1.4950e+02
1.4858e+02
1.4764e+02
1.4666e+02
1.4562e+02
1.4453e+02
1.4338e+02
1.4217e+02
1.4090e+02
1.3958e+02
1.3821e+02
1.3681e+02
1.3540e+02
1.3400e+02
1.3262e+02
1.3127e+02
1.2998e+02
1.2874e+02
1.2758e+02
1.2649e+02
1.2548e+02
1.2457e+02
1.2376e+02
1.2305e+02
1.2247e+02
1.2202e+02
1.2171e+02
1.2154e+02
1.2154e+02
1.2169e+02
1.2200e+02
1.2246e+02
1.2304e+02
1.2372e+02
1.2447e+02
1.2525e+02
1.2605e+02
1.2682e+02
1.2753e+02
1.2817e+02
1.2871e+02
1.2917e+02
1.2954e+02
1.2985e+02
1.3014e+02
1.3045e+02
1.3082e+02
1.3126e+02
1.3180e+02
1.3244e+02
1.3318e+02
1.3395e+02
1.3473e+02
1.3543e+02
1.3599e+02
1.3633e+02
1.3639e+02
1.3612e+02
1.3550e+02
1.3451e+02
1.3319e+02
1.3157e+02
1.2972e+02
1.2768e+02
1.2553e+02
1.2331e+02
1.2107e+02
1.1884e+02
1.1664e+02
1.1449e+02
1.1240e+02
1.1038e+02
1.0843e+02
1.0659e+02
1.0484e+02
1.0322e+02
1.0174e+02
1.0040e+02
9.9217e+01
9.8176e+01
9.7258e+01
9.6417e+01
9.5597e+01
9.4730e+01
9.3754e+01
9.2604e+01
9.1232e+01
8.9599e+01
8.7684e+01
8.5504e+01
8.3094e+01
8.0513e+01
7.7833e+01
7.5146e+01
7.2547e+01
7.0129e+01
6.7984e+01
6.6187e+01
6.4805e+01
6.3877e+01
6.3434e+01
6.3480e+01
6.4007e+01
6.4989e+01
6.6390e+01
6.8167e+01
7.0260e+01
7.2606e+01
7.5116e+01
7.7702e+01
8.0267e+01
8.2709e+01
8.4935e+01
8.6863e+01
8.8436e+01
8.9607e+01
9.0367e+01
9.0725e+01
9.0729e+01
9.0450e+01
8.9972e+01
8.9395e+01
8.8817e+01
8.8338e+01
8.8030e+01
8.7957e+01
8.8155e+01
8.8642e+01
8.9417e+01
9.0462e+01
9.1750e+01
9.3235e+01
9.4876e+01
9.6618e+01
9.8412e+01
1.0021e+02
1.0194e+02
1.0354e+02
1.0495e+02
1.0609e+02
1.0691e+02
1.0734e+02
1.0736e+02
1.0694e+02
1.0609e+02
1.0484e+02
1.0325e+02
1.0140e+02
9.9379e+01
9.7303e+01
9.5276e+01
9.3394e+01
9.1736e+01
9.0353e+01
8.9255e+01
8.8437e+01
8.7856e+01
8.7461e+01
8.7178e+01
8.6934e+01
8.6669e+01
8.6337e+01
8.5919e+01
8.5414e+01
8.4859e+01
8.4300e+01
8.3810e+01
8.3468e+01
8.3342e+01
8.3500e+01
8.3985e+01
8.4820e+01
8.5991e+01
8.7469e+01
8.9186e+01
9.1064e+01
9.3019e+01
9.4955e+01
9.6792e+01
9.8450e+01
9.9878e+01
1.0104e+02
1.0192e+02
1.0253e+02
1.0290e+02
1.0307e+02
1.0309e+02
1.0302e+02
1.0289e+02
1.0275e+02
1.0264e+02
1.0255e+02
1.0251e+02
1.0250e+02
1.0251e+02
1.0252e+02
1.0253e+02
1.0249e+02
1.0240e+02
1.0223e+02
1.0199e+02
1.0166e+02
1.0123e+02
1.0071e+02
1.0010e+02
9.9380e+01
9.8562e+01
9.7632e+01
9.6588e+01
9.5424e+01
9.4146e+01
9.2754e+01
9.1263e+01
8.9689e+01
8.8063e+01
8.6427e+01
8.4835e+01
8.3346e+01
8.2025e+01
8.0945e+01
8.0169e+01
7.9758e+01
7.9753e+01
8.0171e+01
8.1015e+01
8.2267e+01
8.3896e+01
8.5840e+01
8.8024e+01
9.0358e+01
9.2754e+01
9.5122e+01
9.7372e+01
9.9427e+01
1.0122e+02
1.0270e+02
1.0383e+02
1.0460e+02
1.0502e+02
1.0511e+02
1.0491e+02
1.0449e+02
1.0391e+02
1.0324e+02
1.0257e+02
1.0197e+02
1.0150e+02
1.0120e+02
1.0110e+02
1.0122e+02
1.0154e+02
1.0205e+02
1.0271e+02
1.0348e+02
1.0434e+02
1.0524e+02
1.0617e+02
1.0709e+02
1.0801e+02
1.0889e+02
1.0973e+02
1.1053e+02
1.1126e+02
1.1192e+02
1.1248e+02
1.1293e+02
1.1323e+02
1.1338e+02
1.1334e+02
1.1310e+02
1.1265e+02
1.1199e+02
1.1113e+02
1.1007e+02
1.0883e+02
1.0744e+02
1.0594e+02
1.0438e+02
1.0282e+02
1.0134e+02
1.0003e+02
9.8983e+01
9.8263e+01
9.7954e+01
9.8108e+01
9.8762e+01
9.9917e+01
1.0154e+02
1.0359e+02
1.0597e+02
1.0858e+02
1.1131e+02
1.1403e+02
1.1663e+02
1.1900e+02
1.2106e+02
1.2273e+02
1.2399e+02
1.2481e+02
1.2521e+02
1.2521e+02
1.2485e+02
1.2418e+02
1.2325e+02
1.2212e+02
1.2084e+02
1.1946e+02
1.1803e+02
1.1659e+02
1.1517e+02
1.1380e+02
1.1251e+02
1.1131e+02
1.1023e+02
1.0928e+02
1.0848e+02
1.0784e+02
1.0736e+02
1.0704e+02
1.0687e+02
1.0682e+02
1.0685e+02
1.0693e+02
1.0702e+02
1.0708e+02
1.0706e+02
1.0692e+02
1.0666e+02
1.0624e+02
1.0570e+02
1.0504e+02
1.0431e+02
1.0354e+02
1.0278e+02
1.0208e+02
1.0148e+02
1.0101e+02
1.0067e+02
1.0050e+02
1.0047e+02
1.0057e+02
1.0079e+02
1.0111e+02
1.0150e+02
1.0194e+02
1.0243e+02
1.0292e+02
1.0340e+02
1.0385e+02
1.0425e+02
1.0457e+02
1.0478e+02
1.0486e+02
1.0480e+02
1.0456e+02
1.0416e+02
1.0360e+02
1.0290e+02
1.0210e+02
1.0125e+02
1.0039e+02
9.9577e+01
9.8864e+01
9.8289e+01
9.7874e+01
9.7638e+01
9.7578e+01
9.7679e+01
9.7915e+01
9.8247e+01
9.8633e+01
9.9027e+01
9.9397e+01
9.9707e+01
9.9933e+01
1.0006e+02
1.0008e+02
9.9991e+01
9.9801e+01
9.9521e+01
9.9156e+01
9.8721e+01
9.8218e+01
9.7652e+01
9.7031e+01
9.6357e+01
9.5639e+01
9.4887e+01
9.4120e+01
9.3346e+01
9.2590e+01
9.1883e+01
9.1259e+01
9.0756e+01
9.0407e+01
9.0243e+01
9.0271e+01
9.0504e+01
9.0933e+01
9.1533e+01
9.2265e+01
9.3082e+01
9.3934e+01
9.4763e+01
9.5525e+01
9.6181e+01
9.6710e+01
9.7103e+01
9.7364e+01
9.7521e+01
9.7599e+01
9.7637e+01
9.7664e+01
9.7712e+01
9.7801e+01
9.7948e+01
9.8157e+01
9.8407e+01
9.8681e+01
9.8951e+01
9.9203e+01
9.9410e+01
9.9557e+01
9.9624e+01
9.9605e+01
9.9509e+01
9.9347e+01
9.9150e+01
9.8947e+01
9.8779e+01
9.8683e+01
9.8702e+01
9.8869e+01
9.9204e+01
9.9716e+01
1.0039e+02
1.0121e+02
1.0213e+02
1.0309e+02
1.0405e+02
1.0491e+02
1.0561e+02
1.0607e+02
1.0624e+02
1.0606e+02
1.0552e+02
1.0459e+02
1.0328e+02
1.0161e+02
9.9619e+01
9.7372e+01
9.4926e+01
9.2361e+01
8.9753e+01
8.7184e+01
8.4717e+01
8.2401e+01
8.0274e+01
7.8343e+01
7.6601e+01
7.5017e+01
7.3565e+01
7.2202e+01
7.0883e+01
6.9578e+01
6.8257e+01
6.6919e+01
6.5569e+01
6.4230e+01
6.2931e+01
6.1726e+01
6.0678e+01
5.9848e+01
5.9308e+01
5.9115e+01
5.9323e+01
5.9963e+01
6.1063e+01
6.2623e+01
6.4623e+01
6.7020e+01
6.9740e+01
7.2699e+01
7.5783e+01
7.8870e+01
8.1829e+01
8.4546e+01
8.6914e+01
8.8846e+01
9.0299e+01
9.1255e+01
9.1733e+01
9.1766e+01
9.1421e+01
9.0773e+01
8.9913e+01
8.8928e+01
8.7893e+01
8.6878e+01
8.5934e+01
8.5103e+01
8.4392e+01
8.3809e+01
8.3353e+01
8.3013e+01
8.2784e+01
8.2648e+01
8.2605e+01
8.2645e+01
8.2771e+01
8.2977e+01
8.3265e+01
8.3640e+01
8.4093e+01
8.4618e+01
8.5200e+01
8.5826e+01
8.6468e+01
8.7102e+01
8.7695e+01
8.8209e+01
8.8612e+01
8.8864e+01
8.8943e+01
8.8826e+01
8.8508e+01
8.7990e+01
8.7294e+01
8.6451e+01
8.5502e+01
8.4507e+01
8.3523e+01
8.2619e+01
8.1850e+01
8.1267e+01
8.0906e+01
8.0783e+01
8.0907e+01
8.1262e+01
8.1831e+01
8.2579e+01
8.3479e+01
8.4495e+01
8.5596e+01
8.6757e+01
8.7959e+01
8.9197e+01
9.0454e+01
9.1725e+01
9.2996e+01
9.4255e+01
9.5478e+01
9.6636e+01
9.7699e+01
9.8626e+01
9.9390e+01
9.9960e+01
1.0032e+02
1.0045e+02
1.0035e+02
1.0004e+02
9.9547e+01
9.8902e+01
9.8148e+01
9.7341e+01
9.6533e+01
9.5779e+01
9.5129e+01
9.4624e+01
9.4303e+01
9.4183e+01
9.4278e+01
9.4576e+01
9.5063e+01
9.5707e+01
9.6471e+01
9.7312e+01
9.8186e+01
9.9057e+01
9.9874e+01
1.0059e+02
1.0118e+02
1.0161e+02
1.0186e+02
1.0192e+02
1.0178e+02
1.0145e+02
1.0093e+02
1.0023e+02
9.9390e+01
9.8429e+01
9.7383e+01
9.6285e+01
9.5163e+01
9.4051e+01
9.2964e+01
9.1923e+01
9.0931e+01
8.9986e+01
8.9081e+01
8.8199e+01
8.7330e+01
8.6459e+01
8.5582e+01
8.4689e+01
8.3786e+01
8.2875e+01
8.1963e+01
8.1055e+01
8.0154e+01
7.9277e+01
7.8428e+01
7.7615e+01
7.6830e+01
7.6072e+01
7.5334e+01
7.4604e+01
7.3882e+01
7.3156e+01
7.2430e+01
7.1699e+01
7.0967e+01
7.0235e+01
6.9514e+01
6.8829e+01
6.8194e+01
6.7635e+01
6.7170e+01
6.6827e+01
6.6625e+01
6.6572e+01
6.6664e+01
6.6880e+01
6.7197e+01
6.7567e+01
6.7941e+01
6.8259e+01
6.8471e+01
6.8524e+01
6.8375e+01
6.7999e+01
6.7387e+01
6.6553e+01
6.5521e+01
6.4344e+01
6.3085e+01
6.1816e+01
6.0599e+01
5.9489e+01
5.8536e+01
5.7765e+01
5.7195e+01
5.6812e+01
5.6598e+01
5.6513e+01
5.6502e+01
5.6512e+01
5.6485e+01
5.6376e+01
5.6138e+01
5.5748e+01
5.5191e+01
5.4472e+01
5.3600e+01
5.2590e+01
5.1474e+01
5.0283e+01
4.9047e+01
4.7790e+01
4.6545e+01
4.5332e+01
4.4168e+01
4.3071e+01
4.2053e+01
4.1133e+01
4.0316e+01
3.9606e+01
3.9007e+01
3.8543e+01
3.8232e+01
3.8087e+01
3.8132e+01
3.8377e+01
3.8845e+01
3.9543e+01
4.0480e+01
4.1656e+01
4.3065e+01
4.4698e+01
4.6528e+01
4.8525e+01
5.0627e+01
5.2778e+01
5.4910e+01
5.6957e+01
5.8854e+01
6.0531e+01
6.1933e+01
6.3012e+01
6.3747e+01
6.4127e+01
6.4173e+01
6.3918e+01
6.3411e+01
6.2720e+01
6.1921e+01
6.1105e+01
6.0356e+01
5.9756e+01
5.9359e+01
5.9211e+01
5.9339e+01
5.9743e+01
6.0409e+01
6.1295e+01
6.2354e+01
6.3518e+01
6.4718e+01
6.5885e+01
6.6950e+01
6.7855e+01
6.8551e+01
6.9015e+01
6.9228e+01
6.9193e+01
6.8916e+01
6.8414e+01
6.7714e+01
6.6847e+01
6.5857e+01
6.4775e+01
6.3644e+01
6.2504e+01
6.1405e+01
6.0398e+01
5.9534e+01
5.8864e+01
5.8428e+01
5.8269e+01
5.8411e+01
5.8873e+01
5.9656e+01
6.0750e+01
6.2134e+01
6.3774e+01
6.5633e+01
6.7658e+01
6.9809e+01
7.2042e+01
7.4324e+01
7.6620e+01
7.8898e+01
8.1133e+01
8.3292e+01
8.5341e+01
8.7237e+01
8.8941e+01
9.0407e+01
9.1595e+01
9.2474e+01
9.3024e+01
9.3245e+01
9.3150e+01
9.2786e+01
9.2208e+01
9.1491e+01
9.0720e+01
8.9982e+01
8.9354e+01
8.8896e+01
8.8658e+01
8.8659e+01
8.8906e+01
8.9381e+01
9.0052e+01
9.0877e+01
9.1810e+01
9.2811e+01
9.3840e+01
9.4876e+01
9.5892e+01
9.6873e+01
9.7801e+01
9.8661e+01
9.9441e+01
1.0012e+02
1.0070e+02
1.0115e+02
1.0147e+02
1.0164e+02
1.0168e+02
1.0158e+02
1.0137e+02
1.0108e+02
1.0072e+02
1.0034e+02
9.9968e+01
9.9641e+01
9.9386e+01
9.9223e+01
9.9178e+01
9.9266e+01
9.9500e+01
9.9874e+01
1.0039e+02
1.0104e+02
1.0182e+02
1.0270e+02
1.0367e+02
1.0470e+02
1.0575e+02
1.0677e+02
1.0773e+02
1.0859e+02
1.0931e+02
1.0985e+02
1.1018e+02
1.1029e+02
1.1017e+02
1.0982e+02
1.0926e+02
1.0850e+02
1.0759e+02
1.0657e+02
1.0548e+02
1.0438e+02
1.0330e+02
1.0229e+02
1.0137e+02
1.0056e+02
9.9885e+01
9.9322e+01
9.8860e+01
9.8469e+01
9.8127e+01
9.7791e+01
9.7426e+01
9.6995e+01
9.6464e+01
9.5815e+01
9.5028e+01
9.4097e+01
9.3021e+01
9.1823e+01
9.0525e+01
8.9167e+01
8.7795e+01
8.6449e+01
8.5175e+01
8.4008e+01
8.2990e+01
8.2141e+01
8.1472e+01
8.0980e+01
8.0647e+01
8.0450e+01
8.0351e+01
8.0314e+01
8.0296e+01
8.0278e+01
8.0237e+01
8.0165e+01
8.0064e+01
7.9938e+01
7.9796e+01
7.9644e+01
7.9498e+01
7.9353e+01
7.9202e+01
7.9022e+01
7.8777e+01
7.8440e+01
7.7974e+01
7.7353e+01
7.6550e+01
7.5557e+01
7.4366e+01
7.2986e+01
7.1441e+01
6.9764e+01
6.7999e+01
6.6186e+01
6.4375e+01
6.2603e+01
6.0908e+01
5.9321e+01
5.7867e+01
5.6570e+01
5.5449e+01
5.4525e+01
5.3799e+01
5.3279e+01
5.2953e+01
5.2808e+01
5.2833e+01
5.3006e+01
5.3303e+01
5.3682e+01
5.4105e+01
5.4527e+01
5.4921e+01
5.5253e+01
5.5493e+01
5.5620e+01
5.5619e+01
5.5487e+01
5.5216e+01
5.4816e+01
5.4293e+01
5.3662e+01
5.2936e+01
5.2126e+01
5.1251e+01
5.0329e+01
4.9400e+01
4.8497e+01
4.7669e+01
4.6955e+01
4.6394e+01
4.6024e+01
4.5861e+01
4.5916e+01
4.6174e+01
4.6618e+01
4.7211e+01
4.7911e+01
4.8669e+01
4.9424e+01
5.0125e+01
5.0723e+01
5.1191e+01
5.1497e+01
5.1636e+01
5.1610e+01
5.1428e+01
5.1111e+01
5.0665e+01
5.0116e+01
4.9485e+01
4.8797e+01
4.8070e+01
4.7325e+01
4.6580e+01
4.5840e+01
4.5106e+01
4.4360e+01
4.3586e+01
4.2754e+01
4.1846e+01
4.0845e+01
3.9740e+01
3.8542e+01
3.7275e+01
3.5993e+01
3.4761e+01
3.3659e+01
3.2765e+01
3.2154e+01
3.1895e+01
3.2032e+01
3.2583e+01
3.3522e+01
3.4802e+01
3.6339e+01
3.8036e+01
3.9788e+01
4.1494e+01
4.3080e+01
4.4483e+01
4.5674e+01
4.6645e+01
4.7428e+01
4.8059e+01
4.8591e+01
4.9080e+01
4.9567e+01
5.0085e+01
5.0639e+01
5.1220e+01
5.1793e+01
5.2316e+01
5.2734e+01
5.2990e+01
5.3032e+01
5.2812e+01
5.2302e+01
5.1479e+01
5.0345e+01
4.8909e+01
4.7196e+01
4.5241e+01
4.3084e+01
4.0784e+01
3.8389e+01
3.5963e+01
3.3563e+01
3.1246e+01
2.9057e+01
2.7031e+01
2.5193e+01
2.3548e+01
2.2098e+01
2.0824e+01
1.9710e+01
1.8730e+01
1.7863e+01
1.7103e+01
1.6447e+01
1.5906e+01
1.5494e+01
1.5237e+01
1.5155e+01
1.5262e+01
1.5562e+01
1.6037e+01
1.6655e+01
1.7363e+01
1.8102e+01
1.8792e+01
1.9363e+01
1.9747e+01
1.9886e+01
1.9742e+01
1.9291e+01
1.8537e+01
1.7490e+01
1.6187e+01
1.4666e+01
1.2981e+01
1.1191e+01
9.3573e+00
7.5467e+00
5.8142e+00
4.2238e+00
2.8262e+00
1.6813e+00
8.3590e-01
3.2807e-01
1.9100e-01
4.4092e-01
1.0882e+00
2.1095e+00
3.4740e+00
5.1238e+00
6.9852e+00
8.9715e+00
1.0984e+01
1.2917e+01
1.4653e+01
1.6095e+01
1.7153e+01
1.7761e+01
1.7878e+01
1.7491e+01
1.6624e+01
1.5330e+01
1.3698e+01
1.1828e+01
9.8404e+00
7.8486e+00
5.9643e+00
4.2828e+00
2.8759e+00
1.7976e+00
1.0652e+00
6.8115e-01
6.1299e-01
8.1717e-01
1.2333e+00
1.7946e+00
2.4372e+00
3.0931e+00
3.7148e+00
4.2518e+00
4.6681e+00
4.9310e+00
5.0237e+00
4.9394e+00
4.6833e+00
4.2828e+00
3.7622e+00
3.1604e+00
2.5106e+00
1.8603e+00
1.2521e+00
7.2392e-01
3.1627e-01
6.2922e-02
0000
1.4901e-01
5.4066e-01
1.1959e+00
2.1430e+00
3.4071e+00
5.0084e+00
6.9730e+00
9.3069e+00
1.2025e+01
1.5121e+01
1.8575e+01
2.2349e+01
2.6382e+01
3.0608e+01
3.4937e+01
3.9269e+01
4.3497e+01
4.7519e+01
5.1222e+01
5.4506e+01
5.7281e+01
5.9468e+01
6.1016e+01
6.1893e+01
6.2106e+01
6.1679e+01
6.0676e+01
5.9191e+01
5.7332e+01
5.5220e+01
5.2973e+01
5.0713e+01
4.8543e+01
4.6555e+01
4.4805e+01
4.3329e+01
4.2132e+01
4.1189e+01
4.0471e+01
3.9916e+01
3.9469e+01
3.9079e+01
3.8713e+01
3.8348e+01
3.7966e+01
3.7560e+01
3.7135e+01
3.6713e+01
3.6310e+01
3.5964e+01
3.5688e+01
3.5496e+01
3.5396e+01
3.5391e+01
3.5483e+01
3.5654e+01
3.5901e+01
3.6199e+01
3.6526e+01
3.6859e+01
3.7176e+01
3.7462e+01
3.7701e+01
3.7890e+01
3.8019e+01
3.8089e+01
3.8093e+01
3.8039e+01
3.7933e+01
3.7779e+01
3.7595e+01
3.7394e+01
3.7201e+01
3.7028e+01
3.6894e+01
3.6824e+01
3.6843e+01
3.6975e+01
3.7224e+01
3.7592e+01
3.8064e+01
3.8632e+01
3.9275e+01
3.9969e+01
4.0684e+01
4.1386e+01
4.2064e+01
4.2704e+01
4.3310e+01
4.3885e+01
4.4443e+01
4.4994e+01
4.5549e+01
4.6118e+01
4.6690e+01
4.7258e+01
4.7796e+01
4.8281e+01
4.8679e+01
4.8962e+01
4.9119e+01
4.9143e+01
4.9038e+01
4.8811e+01
4.8491e+01
4.8099e+01
4.7666e+01
4.7209e+01
4.6742e+01
4.6282e+01
4.5834e+01
4.5408e+01
4.4992e+01
4.4586e+01
4.4189e+01
4.3814e+01
4.3481e+01
4.3197e+01
4.2978e+01
4.2833e+01
4.2772e+01
4.2788e+01
4.2882e+01
4.3045e+01
4.3266e+01
4.3544e+01
4.3870e+01
4.4256e+01
4.4708e+01
4.5246e+01
4.5889e+01
4.6651e+01
4.7532e+01
4.8527e+01
4.9624e+01
5.0781e+01
5.1958e+01
5.3088e+01
5.4115e+01
5.4977e+01
5.5620e+01
5.6013e+01
5.6130e+01
5.5987e+01
5.5606e+01
5.5035e+01
5.4325e+01
5.3536e+01
5.2732e+01
5.1972e+01
5.1302e+01
5.0748e+01
5.0331e+01
5.0046e+01
4.9882e+01
4.9806e+01
4.9779e+01
4.9764e+01
4.9714e+01
4.9599e+01
4.9384e+01
4.9055e+01
4.8598e+01
4.8013e+01
4.7306e+01
4.6472e+01
4.5523e+01
4.4464e+01
4.3314e+01
4.2083e+01
4.0789e+01
3.9447e+01
3.8073e+01
3.6696e+01
3.5344e+01
3.4065e+01
3.2902e+01
3.1907e+01
3.1127e+01
3.0600e+01
3.0355e+01
3.0400e+01
3.0736e+01
3.1326e+01
3.2118e+01
3.3037e+01
3.4004e+01
3.4924e+01
3.5702e+01
3.6262e+01
3.6546e+01
3.6521e+01
3.6173e+01
3.5527e+01
3.4628e+01
3.3546e+01
3.2366e+01
3.1170e+01
3.0041e+01
2.9033e+01
2.8197e+01
2.7546e+01
2.7081e+01
2.6779e+01
2.6595e+01
2.6483e+01
2.6388e+01
2.6268e+01
2.6087e+01
2.5827e+01
2.5479e+01
2.5046e+01
2.4540e+01
2.3973e+01
2.3373e+01
2.2750e+01
2.2120e+01
2.1488e+01
2.0852e+01
2.0211e+01
1.9554e+01
1.8881e+01
1.8184e+01
1.7469e+01
1.6740e+01
1.6012e+01
1.5298e+01
1.4616e+01
1.3988e+01
1.3424e+01
1.2935e+01
1.2519e+01
1.2181e+01
1.1910e+01
1.1697e+01
1.1523e+01
1.1366e+01
1.1212e+01
1.1042e+01
1.0859e+01
1.0658e+01
1.0456e+01
1.0275e+01
1.0146e+01
1.0103e+01
1.0169e+01
1.0372e+01
1.0719e+01
1.1213e+01
1.1840e+01
1.2584e+01
1.3417e+01
1.4300e+01
1.5210e+01
1.6123e+01
1.7040e+01
1.7964e+01
1.8923e+01
1.9940e+01
2.1047e+01
2.2279e+01
2.3655e+01
2.5187e+01
2.6857e+01
2.8639e+01
3.0478e+01
3.2320e+01
3.4104e+01
3.5770e+01
3.7272e+01
3.8574e+01
3.9667e+01
4.0550e+01
4.1252e+01
4.1806e+01
4.2261e+01
4.2674e+01
4.3091e+01
4.3562e+01
4.4118e+01
4.4786e+01
4.5571e+01
4.6478e+01
4.7503e+01
4.8634e+01
4.9856e+01
5.1141e+01
5.2464e+01
5.3799e+01
5.5129e+01
5.6429e+01
5.7672e+01
5.8837e+01
5.9899e+01
6.0842e+01
6.1643e+01
6.2301e+01
6.2815e+01
6.3197e+01
6.3467e+01
6.3652e+01
6.3792e+01
6.3930e+01
6.4115e+01
6.4381e+01
6.4762e+01
6.5269e+01
6.5895e+01
6.6619e+01
6.7390e+01
6.8150e+01
6.8817e+01
6.9315e+01
6.9564e+01
6.9498e+01
6.9069e+01
6.8242e+01
6.7020e+01
6.5428e+01
6.3509e+01
6.1315e+01
5.8920e+01
5.6397e+01
5.3817e+01
5.1245e+01
4.8729e+01
4.6321e+01
4.4042e+01
4.1916e+01
3.9944e+01
3.8132e+01
3.6474e+01
3.4952e+01
3.3551e+01
3.2245e+01
3.1024e+01
2.9860e+01
2.8738e+01
2.7640e+01
2.6551e+01
2.5467e+01
2.4382e+01
2.3311e+01
2.2263e+01
2.1265e+01
2.0334e+01
1.9504e+01
1.8807e+01
1.8269e+01
1.7917e+01
1.7763e+01
1.7826e+01
1.8104e+01
1.8594e+01
1.9278e+01
2.0126e+01
2.1106e+01
2.2172e+01
2.3282e+01
2.4385e+01
2.5444e+01
2.6416e+01
2.7276e+01
2.8012e+01
2.8612e+01
2.9082e+01
2.9421e+01
2.9648e+01
2.9771e+01
2.9807e+01
2.9763e+01
2.9643e+01
2.9460e+01
2.9222e+01
2.8954e+01
2.8671e+01
2.8409e+01
2.8201e+01
2.8088e+01
2.8119e+01
2.8338e+01
2.8793e+01
2.9515e+01
3.0530e+01
3.1845e+01
3.3464e+01
3.5368e+01
3.7529e+01
3.9911e+01
4.2459e+01
4.5125e+01
4.7839e+01
5.0543e+01
5.3168e+01
5.5648e+01
5.7926e+01
5.9949e+01
6.1681e+01
6.3093e+01
6.4177e+01
6.4930e+01
6.5379e+01
6.5558e+01
6.5512e+01
6.5304e+01
6.4989e+01
6.4636e+01
6.4304e+01
6.4050e+01
6.3917e+01
6.3938e+01
6.4133e+01
6.4504e+01
6.5055e+01
6.5778e+01
6.6669e+01
6.7708e+01
6.8895e+01
7.0229e+01
7.1711e+01
7.3348e+01
7.5142e+01
7.7103e+01
7.9214e+01
8.1454e+01
8.3789e+01
8.6175e+01
8.8555e+01
9.0867e+01
9.3056e+01
9.5064e+01
9.6869e+01
9.8458e+01
9.9848e+01
1.0107e+02
1.0217e+02
1.0320e+02
1.0422e+02
1.0530e+02
1.0645e+02
1.0772e+02
1.0910e+02
1.1061e+02
1.1229e+02
1.1417e+02
1.1628e+02
1.1871e+02
1.2153e+02
1.2482e+02
1.2869e+02
1.3319e+02
1.3836e+02
1.4419e+02
1.5063e+02
1.5754e+02
1.6478e+02
1.7214e+02
