1.4304e+02
1.4519e+02
1.4717e+02
1.4890e+02
1.5029e+02
1.5127e+02
1.5182e+02
1.5190e+02
1.5154e+02
1.5078e+02
1.4966e+02
1.4826e+02
1.4664e+02
1.4489e+02
1.4305e+02
1.4121e+02
1.3940e+02
1.3765e+02
1.3599e+02
1.3441e+02
1.3292e+02
1.3150e+02
1.3016e+02
1.2890e+02
1.2773e+02
1.2665e+02
1.2564e+02
1.2472e+02
1.2389e+02
1.2317e+02
1.2256e+02
1.2204e+02
1.2161e+02
1.2123e+02
1.2089e+02
1.2055e+02
1.2017e+02
1.1971e+02
1.1914e+02
1.1842e+02
1.1751e+02
1.1640e+02
1.1507e+02
1.1352e+02
1.1177e+02
1.0983e+02
1.0775e+02
1.0556e+02
1.0332e+02
1.0107e+02
9.8858e+01
9.6727e+01
9.4696e+01
9.2758e+01
9.0893e+01
8.9070e+01
8.7243e+01
8.5381e+01
8.3442e+01
8.1389e+01
7.9186e+01
7.6813e+01
7.4274e+01
7.1581e+01
6.8779e+01
6.5911e+01
6.3040e+01
6.0217e+01
5.7508e+01
5.4975e+01
5.2664e+01
5.0622e+01
4.8877e+01
4.7457e+01
4.6367e+01
4.5607e+01
4.5159e+01
4.5003e+01
4.5123e+01
4.5491e+01
4.6082e+01
4.6869e+01
4.7841e+01
4.8981e+01
5.0280e+01
5.1712e+01
5.3218e+01
5.4736e+01
5.6182e+01
5.7474e+01
5.8500e+01
5.9168e+01
5.9398e+01
5.9129e+01
5.8338e+01
5.7031e+01
5.5260e+01
5.3116e+01
5.0732e+01
4.8239e+01
4.5787e+01
4.3513e+01
4.1534e+01
3.9953e+01
3.8828e+01
3.8203e+01
3.8092e+01
3.8500e+01
3.9413e+01
4.0820e+01
4.2718e+01
4.5099e+01
4.7953e+01
5.1254e+01
5.4968e+01
5.9028e+01
6.3358e+01
6.7872e+01
7.2472e+01
7.7039e+01
8.1438e+01
8.5559e+01
8.9290e+01
9.2553e+01
9.5293e+01
9.7470e+01
9.9074e+01
1.0011e+02
1.0059e+02
1.0056e+02
1.0005e+02
9.9112e+01
9.7817e+01
9.6230e+01
9.4426e+01
9.2490e+01
9.0509e+01
8.8587e+01
8.6813e+01
8.5292e+01
8.4106e+01
8.3317e+01
8.2979e+01
8.3109e+01
8.3708e+01
8.4739e+01
8.6156e+01
8.7886e+01
8.9855e+01
9.1972e+01
9.4159e+01
9.6353e+01
9.8498e+01
1.0057e+02
1.0255e+02
1.0445e+02
1.0627e+02
1.0806e+02
1.0983e+02
1.1160e+02
1.1340e+02
1.1521e+02
1.1704e+02
1.1886e+02
1.2063e+02
1.2231e+02
1.2387e+02
1.2526e+02
1.2643e+02
1.2738e+02
1.2807e+02
1.2853e+02
1.2880e+02
1.2894e+02
1.2906e+02
1.2927e+02
1.2971e+02
1.3053e+02
1.3186e+02
1.3381e+02
1.3642e+02
1.3970e+02
1.4356e+02
1.4788e+02
1.5247e+02
1.5711e+02
1.6154e+02
1.6552e+02
1.6885e+02
1.7138e+02
1.7306e+02
1.7388e+02
1.7394e+02
1.7338e+02
1.7240e+02
1.7120e+02
1.6999e+02
1.6895e+02
1.6822e+02
1.6790e+02
1.6803e+02
1.6862e+02
1.6962e+02
1.7097e+02
1.7261e+02
1.7447e+02
1.7649e+02
1.7864e+02
1.8088e+02
1.8317e+02
1.8549e+02
1.8784e+02
1.9022e+02
1.9264e+02
1.9508e+02
1.9754e+02
2.0001e+02
2.0250e+02
2.0502e+02
2.0758e+02
2.1019e+02
2.1286e+02
2.1560e+02
2.1841e+02
2.2128e+02
2.2418e+02
2.2710e+02
2.3000e+02
2.3287e+02
2.3565e+02
2.3832e+02
2.4086e+02
2.4324e+02
2.4543e+02
2.4745e+02
2.4929e+02
2.5095e+02
2.5244e+02
2.5375e+02
2.5490e+02
2.5589e+02
2.5673e+02
2.5744e+02
2.5799e+02
2.5839e+02
2.5863e+02
2.5870e+02
2.5861e+02
2.5837e+02
2.5799e+02
2.5749e+02
2.5691e+02
2.5629e+02
2.5569e+02
2.5517e+02
2.5480e+02
2.5462e+02
2.5470e+02
2.5506e+02
2.5573e+02
2.5667e+02
2.5788e+02
2.5929e+02
2.6087e+02
2.6253e+02
2.6419e+02
2.6578e+02
2.6727e+02
2.6860e+02
2.6974e+02
2.7067e+02
2.7143e+02
2.7200e+02
2.7241e+02
2.7270e+02
2.7288e+02
2.7299e+02
2.7304e+02
2.7304e+02
2.7300e+02
2.7295e+02
2.7289e+02
2.7282e+02
2.7280e+02
2.7282e+02
2.7288e+02
2.7295e+02
2.7301e+02
2.7301e+02
2.7288e+02
2.7254e+02
2.7190e+02
2.7087e+02
2.6936e+02
2.6732e+02
2.6475e+02
2.6168e+02
2.5823e+02
2.5451e+02
2.5070e+02
2.4699e+02
2.4356e+02
2.4060e+02
2.3824e+02
2.3659e+02
2.3568e+02
2.3548e+02
2.3590e+02
2.3683e+02
2.3812e+02
2.3961e+02
2.4115e+02
2.4264e+02
2.4404e+02
2.4529e+02
2.4643e+02
2.4756e+02
2.4882e+02
2.5033e+02
2.5223e+02
2.5462e+02
2.5757e+02
2.6107e+02
2.6505e+02
2.6939e+02
2.7391e+02
2.7838e+02
2.8257e+02
2.8624e+02
2.8917e+02
2.9120e+02
2.9225e+02
2.9229e+02
2.9136e+02
2.8957e+02
2.8707e+02
2.8406e+02
2.8072e+02
2.7729e+02
2.7392e+02
2.7079e+02
2.6802e+02
2.6569e+02
2.6387e+02
2.6258e+02
2.6185e+02
2.6166e+02
2.6199e+02
2.6280e+02
2.6406e+02
2.6569e+02
2.6763e+02
2.6978e+02
2.7206e+02
2.7439e+02
2.7665e+02
2.7877e+02
2.8065e+02
2.8222e+02
2.8346e+02
2.8433e+02
2.8485e+02
2.8504e+02
2.8494e+02
2.8461e+02
2.8414e+02
2.8359e+02
2.8300e+02
2.8241e+02
2.8183e+02
2.8126e+02
2.8069e+02
2.8010e+02
2.7943e+02
2.7862e+02
2.7765e+02
2.7647e+02
2.7505e+02
2.7342e+02
2.7160e+02
2.6965e+02
2.6764e+02
2.6565e+02
2.6375e+02
2.6201e+02
2.6046e+02
2.5914e+02
2.5803e+02
2.5711e+02
2.5634e+02
2.5567e+02
2.5503e+02
2.5440e+02
2.5375e+02
2.5308e+02
2.5238e+02
2.5165e+02
2.5091e+02
2.5019e+02
2.4947e+02
2.4873e+02
2.4792e+02
2.4700e+02
2.4591e+02
2.4462e+02
2.4311e+02
2.4140e+02
2.3953e+02
2.3757e+02
2.3563e+02
2.3382e+02
2.3224e+02
2.3099e+02
2.3014e+02
2.2971e+02
2.2968e+02
2.3001e+02
2.3062e+02
2.3142e+02
2.3228e+02
2.3312e+02
2.3384e+02
2.3439e+02
2.3470e+02
2.3474e+02
2.3453e+02
2.3404e+02
2.3329e+02
2.3224e+02
2.3088e+02
2.2920e+02
2.2720e+02
2.2486e+02
2.2215e+02
2.1911e+02
2.1574e+02
2.1211e+02
2.0830e+02
2.0442e+02
2.0057e+02
1.9687e+02
1.9346e+02
1.9041e+02
1.8779e+02
1.8563e+02
1.8392e+02
1.8264e+02
1.8172e+02
1.8107e+02
1.8058e+02
1.8015e+02
1.7968e+02
1.7911e+02
1.7839e+02
1.7749e+02
1.7641e+02
1.7517e+02
1.7379e+02
1.7233e+02
1.7081e+02
1.6928e+02
1.6775e+02
1.6623e+02
1.6476e+02
1.6335e+02
1.6204e+02
1.6082e+02
1.5971e+02
1.5874e+02
1.5789e+02
1.5717e+02
1.5653e+02
1.5593e+02
1.5530e+02
1.5458e+02
1.5369e+02
1.5255e+02
1.5111e+02
1.4933e+02
1.4722e+02
1.4484e+02
1.4227e+02
1.3961e+02
1.3699e+02
1.3453e+02
1.3236e+02
1.3058e+02
1.2926e+02
1.2844e+02
1.2810e+02
1.2823e+02
1.2875e+02
1.2961e+02
1.3074e+02
1.3205e+02
1.3347e+02
1.3494e+02
1.3643e+02
1.3792e+02
1.3936e+02
1.4076e+02
1.4211e+02
1.4341e+02
1.4469e+02
1.4596e+02
1.4725e+02
1.4859e+02
1.5005e+02
1.5165e+02
1.5343e+02
1.5539e+02
1.5753e+02
1.5980e+02
1.6209e+02
1.6431e+02
1.6632e+02
1.6797e+02
1.6912e+02
1.6965e+02
1.6947e+02
1.6854e+02
1.6689e+02
1.6461e+02
1.6181e+02
1.5864e+02
1.5525e+02
1.5181e+02
1.4844e+02
1.4526e+02
1.4232e+02
1.3965e+02
1.3725e+02
1.3507e+02
1.3309e+02
1.3121e+02
1.2939e+02
1.2758e+02
1.2576e+02
1.2390e+02
1.2202e+02
1.2014e+02
1.1827e+02
1.1643e+02
1.1466e+02
1.1299e+02
1.1144e+02
1.1005e+02
1.0883e+02
1.0781e+02
1.0703e+02
1.0650e+02
1.0626e+02
1.0632e+02
1.0666e+02
1.0727e+02
1.0813e+02
1.0920e+02
1.1042e+02
1.1173e+02
1.1305e+02
1.1432e+02
1.1547e+02
1.1646e+02
1.1723e+02
1.1779e+02
1.1814e+02
1.1834e+02
1.1846e+02
1.1859e+02
1.1885e+02
1.1931e+02
1.2006e+02
1.2117e+02
1.2266e+02
1.2452e+02
1.2670e+02
1.2910e+02
1.3162e+02
1.3413e+02
1.3648e+02
1.3855e+02
1.4027e+02
1.4161e+02
1.4258e+02
1.4325e+02
1.4374e+02
1.4417e+02
1.4472e+02
1.4553e+02
1.4672e+02
1.4836e+02
1.5050e+02
1.5310e+02
1.5608e+02
1.5932e+02
1.6269e+02
1.6601e+02
1.6915e+02
1.7196e+02
1.7435e+02
1.7627e+02
1.7770e+02
1.7868e+02
1.7927e+02
1.7956e+02
1.7965e+02
1.7963e+02
1.7959e+02
1.7962e+02
1.7977e+02
1.8009e+02
1.8062e+02
1.8136e+02
1.8228e+02
1.8337e+02
1.8457e+02
1.8586e+02
1.8719e+02
1.8852e+02
1.8981e+02
1.9101e+02
1.9208e+02
1.9301e+02
1.9378e+02
1.9438e+02
1.9483e+02
1.9514e+02
1.9534e+02
1.9547e+02
1.9558e+02
1.9568e+02
1.9581e+02
1.9597e+02
1.9617e+02
1.9636e+02
1.9651e+02
1.9654e+02
1.9639e+02
1.9596e+02
1.9521e+02
1.9409e+02
1.9260e+02
1.9078e+02
1.8868e+02
1.8642e+02
1.8417e+02
1.8205e+02
1.8024e+02
1.7884e+02
1.7796e+02
1.7763e+02
1.7787e+02
1.7859e+02
1.7970e+02
1.8109e+02
1.8264e+02
1.8423e+02
1.8579e+02
1.8726e+02
1.8862e+02
1.8991e+02
1.9117e+02
1.9246e+02
1.9384e+02
1.9535e+02
1.9701e+02
1.9878e+02
2.0063e+02
2.0246e+02
2.0421e+02
2.0578e+02
2.0710e+02
2.0809e+02
2.0873e+02
2.0904e+02
2.0900e+02
2.0865e+02
2.0805e+02
2.0723e+02
2.0621e+02
2.0498e+02
2.0354e+02
2.0186e+02
1.9992e+02
1.9767e+02
1.9508e+02
1.9209e+02
1.8868e+02
1.8489e+02
1.8074e+02
1.7629e+02
1.7160e+02
1.6679e+02
1.6195e+02
1.5718e+02
1.5257e+02
1.4819e+02
1.4410e+02
1.4034e+02
1.3695e+02
1.3395e+02
1.3134e+02
1.2913e+02
1.2735e+02
1.2604e+02
1.2518e+02
1.2482e+02
1.2500e+02
1.2572e+02
1.2698e+02
1.2878e+02
1.3109e+02
1.3385e+02
1.3700e+02
1.4047e+02
1.4411e+02
1.4778e+02
1.5132e+02
1.5460e+02
1.5745e+02
1.5972e+02
1.6128e+02
1.6201e+02
1.6182e+02
1.6066e+02
1.5855e+02
1.5556e+02
1.5182e+02
1.4752e+02
1.4289e+02
1.3821e+02
1.3375e+02
1.2978e+02
1.2652e+02
1.2416e+02
1.2283e+02
1.2258e+02
1.2338e+02
1.2514e+02
1.2771e+02
1.3089e+02
1.3447e+02
1.3823e+02
1.4198e+02
1.4552e+02
1.4875e+02
1.5157e+02
1.5400e+02
1.5605e+02
1.5777e+02
1.5923e+02
1.6051e+02
1.6169e+02
1.6282e+02
1.6395e+02
1.6507e+02
1.6615e+02
1.6715e+02
1.6799e+02
1.6860e+02
1.6888e+02
1.6876e+02
1.6820e+02
1.6718e+02
1.6569e+02
1.6379e+02
1.6159e+02
1.5919e+02
1.5676e+02
1.5444e+02
1.5239e+02
1.5075e+02
1.4964e+02
1.4913e+02
1.4925e+02
1.4997e+02
1.5120e+02
1.5286e+02
1.5479e+02
1.5682e+02
1.5880e+02
1.6056e+02
1.6199e+02
1.6299e+02
1.6352e+02
1.6352e+02
1.6304e+02
1.6212e+02
1.6082e+02
1.5923e+02
1.5746e+02
1.5558e+02
1.5369e+02
1.5189e+02
1.5028e+02
1.4895e+02
1.4794e+02
1.4729e+02
1.4704e+02
1.4718e+02
1.4767e+02
1.4848e+02
1.4955e+02
1.5080e+02
1.5212e+02
1.5344e+02
1.5468e+02
1.5575e+02
1.5661e+02
1.5723e+02
1.5761e+02
1.5779e+02
1.5782e+02
1.5774e+02
1.5764e+02
1.5758e+02
1.5763e+02
1.5784e+02
1.5823e+02
1.5882e+02
1.5962e+02
1.6062e+02
1.6177e+02
1.6306e+02
1.6443e+02
1.6585e+02
1.6728e+02
1.6870e+02
1.7006e+02
1.7135e+02
1.7254e+02
1.7361e+02
1.7458e+02
1.7543e+02
1.7618e+02
1.7684e+02
1.7743e+02
1.7800e+02
1.7859e+02
1.7927e+02
1.8008e+02
1.8103e+02
1.8216e+02
1.8345e+02
1.8490e+02
1.8644e+02
1.8802e+02
1.8957e+02
1.9101e+02
1.9229e+02
1.9335e+02
1.9413e+02
1.9463e+02
1.9485e+02
1.9481e+02
1.9456e+02
1.9414e+02
1.9365e+02
1.9314e+02
1.9270e+02
1.9242e+02
1.9238e+02
1.9265e+02
1.9328e+02
1.9430e+02
1.9573e+02
1.9755e+02
1.9973e+02
2.0220e+02
2.0486e+02
2.0760e+02
2.1032e+02
2.1291e+02
2.1528e+02
2.1736e+02
2.1910e+02
2.2051e+02
2.2159e+02
2.2240e+02
2.2297e+02
2.2337e+02
2.2363e+02
2.2378e+02
2.2384e+02
2.2379e+02
2.2364e+02
2.2333e+02
2.2283e+02
2.2212e+02
2.2119e+02
2.2004e+02
2.1870e+02
2.1721e+02
2.1564e+02
2.1405e+02
2.1251e+02
2.1110e+02
2.0986e+02
2.0884e+02
2.0805e+02
2.0747e+02
2.0709e+02
2.0686e+02
2.0674e+02
2.0667e+02
2.0661e+02
2.0651e+02
2.0635e+02
2.0609e+02
2.0572e+02
2.0522e+02
2.0460e+02
2.0387e+02
2.0305e+02
2.0214e+02
2.0116e+02
2.0012e+02
1.9907e+02
1.9802e+02
1.9699e+02
1.9602e+02
1.9512e+02
1.9432e+02
1.9365e+02
1.9311e+02
1.9270e+02
1.9240e+02
1.9220e+02
1.9208e+02
1.9199e+02
1.9191e+02
1.9182e+02
1.9168e+02
1.9148e+02
1.9121e+02
1.9087e+02
1.9048e+02
1.9006e+02
1.8963e+02
1.8921e+02
1.8883e+02
1.8852e+02
1.8830e+02
1.8816e+02
1.8814e+02
1.8823e+02
1.8844e+02
1.8873e+02
1.8911e+02
1.8956e+02
1.9005e+02
1.9057e+02
1.9110e+02
1.9162e+02
1.9210e+02
1.9256e+02
1.9297e+02
1.9335e+02
1.9371e+02
1.9406e+02
1.9441e+02
1.9478e+02
1.9519e+02
1.9562e+02
1.9609e+02
1.9660e+02
1.9712e+02
1.9764e+02
1.9811e+02
1.9852e+02
1.9886e+02
1.9912e+02
1.9928e+02
1.9935e+02
1.9935e+02
1.9929e+02
1.9920e+02
1.9911e+02
1.9906e+02
1.9905e+02
1.9910e+02
1.9922e+02
1.9939e+02
1.9961e+02
1.9983e+02
2.0005e+02
2.0023e+02
2.0035e+02
2.0040e+02
2.0035e+02
2.0022e+02
2.0002e+02
1.9977e+02
1.9951e+02
1.9928e+02
1.9911e+02
1.9901e+02
1.9902e+02
1.9915e+02
1.9939e+02
1.9973e+02
2.0013e+02
2.0055e+02
2.0095e+02
2.0128e+02
2.0150e+02
2.0159e+02
2.0151e+02
2.0126e+02
2.0086e+02
2.0035e+02
1.9977e+02
1.9917e+02
1.9861e+02
1.9817e+02
1.9791e+02
1.9783e+02
1.9798e+02
1.9837e+02
1.9896e+02
1.9974e+02
2.0064e+02
2.0159e+02
2.0253e+02
2.0338e+02
2.0408e+02
2.0458e+02
2.0484e+02
2.0486e+02
2.0464e+02
2.0420e+02
2.0356e+02
2.0278e+02
2.0191e+02
2.0098e+02
2.0005e+02
1.9915e+02
1.9830e+02
1.9752e+02
1.9680e+02
1.9613e+02
1.9549e+02
1.9485e+02
1.9416e+02
1.9339e+02
1.9251e+02
1.9148e+02
1.9028e+02
1.8890e+02
1.8732e+02
1.8557e+02
1.8367e+02
1.8165e+02
1.7954e+02
1.7740e+02
1.7523e+02
1.7308e+02
1.7092e+02
1.6875e+02
1.6654e+02
1.6427e+02
1.6191e+02
1.5943e+02
1.5680e+02
1.5402e+02
1.5111e+02
1.4814e+02
1.4519e+02
1.4236e+02
1.3976e+02
1.3751e+02
1.3570e+02
1.3441e+02
1.3369e+02
1.3359e+02
1.3406e+02
1.3504e+02
1.3647e+02
1.3822e+02
1.4018e+02
1.4224e+02
1.4429e+02
1.4621e+02
1.4796e+02
1.4947e+02
1.5075e+02
1.5180e+02
1.5264e+02
1.5331e+02
1.5386e+02
1.5431e+02
1.5469e+02
1.5501e+02
1.5527e+02
1.5546e+02
1.5557e+02
1.5556e+02
1.5539e+02
1.5503e+02
1.5447e+02
1.5368e+02
1.5269e+02
1.5153e+02
1.5023e+02
1.4885e+02
1.4745e+02
1.4609e+02
1.4487e+02
1.4383e+02
1.4303e+02
1.4251e+02
1.4228e+02
1.4235e+02
1.4271e+02
1.4333e+02
1.4415e+02
1.4511e+02
1.4616e+02
1.4722e+02
1.4823e+02
1.4916e+02
1.4993e+02
1.5053e+02
1.5090e+02
1.5102e+02
1.5088e+02
1.5044e+02
1.4967e+02
1.4851e+02
1.4692e+02
1.4484e+02
1.4223e+02
1.3903e+02
1.3524e+02
1.3085e+02
1.2588e+02
1.2042e+02
1.1456e+02
1.0843e+02
1.0218e+02
9.5947e+01
8.9899e+01
8.4166e+01
7.8869e+01
7.4077e+01
6.9848e+01
6.6199e+01
6.3122e+01
6.0588e+01
5.8557e+01
5.6982e+01
5.5812e+01
5.5029e+01
5.4608e+01
5.4536e+01
5.4796e+01
5.5379e+01
5.6289e+01
5.7529e+01
5.9091e+01
6.0946e+01
6.3060e+01
6.5370e+01
6.7811e+01
7.0307e+01
7.2782e+01
7.5168e+01
7.7390e+01
7.9388e+01
8.1107e+01
8.2526e+01
8.3641e+01
8.4471e+01
8.5051e+01
8.5414e+01
8.5609e+01
8.5682e+01
8.5672e+01
8.5604e+01
8.5499e+01
8.5366e+01
8.5209e+01
8.5021e+01
8.4773e+01
8.4450e+01
8.4040e+01
8.3545e+01
8.2966e+01
8.2315e+01
8.1605e+01
8.0853e+01
8.0092e+01
7.9359e+01
7.8702e+01
7.8141e+01
7.7709e+01
7.7431e+01
7.7314e+01
7.7365e+01
7.7581e+01
7.7960e+01
7.8470e+01
7.9088e+01
7.9775e+01
8.0500e+01
8.1240e+01
8.1967e+01
8.2659e+01
8.3298e+01
8.3883e+01
8.4398e+01
8.4844e+01
8.5213e+01
8.5503e+01
8.5722e+01
8.5865e+01
8.5943e+01
8.5972e+01
8.5977e+01
8.5989e+01
8.6059e+01
8.6248e+01
8.6619e+01
8.7232e+01
8.8129e+01
8.9368e+01
9.0971e+01
9.2933e+01
9.5232e+01
9.7818e+01
1.0061e+02
1.0353e+02
1.0647e+02
1.0934e+02
1.1204e+02
1.1451e+02
1.1668e+02
1.1851e+02
1.1999e+02
1.2113e+02
1.2195e+02
1.2251e+02
1.2284e+02
1.2302e+02
1.2311e+02
1.2319e+02
1.2333e+02
1.2360e+02
1.2403e+02
1.2465e+02
1.2548e+02
1.2651e+02
1.2767e+02
1.2892e+02
1.3017e+02
1.3132e+02
1.3226e+02
1.3288e+02
1.3311e+02
1.3288e+02
1.3214e+02
1.3090e+02
1.2917e+02
1.2700e+02
1.2447e+02
1.2170e+02
1.1883e+02
1.1599e+02
1.1333e+02
1.1101e+02
1.0918e+02
1.0796e+02
1.0742e+02
1.0765e+02
1.0864e+02
1.1038e+02
1.1277e+02
1.1570e+02
1.1901e+02
1.2253e+02
1.2607e+02
1.2949e+02
1.3266e+02
1.3547e+02
1.3788e+02
1.3990e+02
1.4156e+02
1.4294e+02
1.4413e+02
1.4524e+02
1.4635e+02
1.4753e+02
1.4882e+02
1.5024e+02
1.5177e+02
1.5338e+02
1.5499e+02
1.5653e+02
1.5789e+02
1.5901e+02
1.5981e+02
1.6023e+02
1.6022e+02
1.5979e+02
1.5895e+02
1.5772e+02
1.5616e+02
1.5432e+02
1.5230e+02
1.5017e+02
1.4800e+02
1.4587e+02
1.4384e+02
1.4196e+02
1.4025e+02
1.3873e+02
1.3741e+02
1.3628e+02
1.3535e+02
1.3459e+02
1.3399e+02
1.3356e+02
1.3328e+02
1.3315e+02
1.3316e+02
1.3329e+02
1.3353e+02
1.3387e+02
1.3428e+02
1.3478e+02
1.3534e+02
1.3600e+02
1.3674e+02
1.3762e+02
1.3864e+02
1.3984e+02
1.4126e+02
1.4293e+02
1.4484e+02
1.4697e+02
1.4926e+02
1.5161e+02
1.5392e+02
1.5605e+02
1.5785e+02
1.5919e+02
1.5995e+02
1.6003e+02
1.5941e+02
1.5809e+02
1.5613e+02
1.5364e+02
1.5074e+02
1.4759e+02
1.4434e+02
1.4115e+02
1.3812e+02
1.3536e+02
1.3292e+02
1.3083e+02
1.2910e+02
1.2770e+02
1.2662e+02
1.2582e+02
1.2530e+02
1.2501e+02
1.2495e+02
1.2509e+02
1.2538e+02
1.2579e+02
1.2627e+02
1.2678e+02
1.2723e+02
1.2759e+02
1.2779e+02
1.2779e+02
1.2756e+02
1.2709e+02
1.2640e+02
1.2552e+02
1.2449e+02
1.2335e+02
1.2217e+02
1.2099e+02
1.1986e+02
1.1883e+02
1.1791e+02
1.1713e+02
1.1649e+02
1.1600e+02
1.1564e+02
1.1542e+02
1.1531e+02
1.1530e+02
1.1541e+02
1.1565e+02
1.1602e+02
1.1655e+02
1.1730e+02
1.1829e+02
1.1956e+02
1.2114e+02
1.2303e+02
1.2523e+02
1.2772e+02
1.3043e+02
1.3329e+02
1.3621e+02
1.3910e+02
1.4184e+02
1.4435e+02
1.4657e+02
1.4845e+02
1.4998e+02
1.5114e+02
1.5194e+02
1.5241e+02
1.5258e+02
1.5246e+02
1.5208e+02
1.5144e+02
1.5055e+02
1.4939e+02
1.4797e+02
1.4631e+02
1.4443e+02
1.4240e+02
1.4030e+02
1.3823e+02
1.3631e+02
1.3466e+02
1.3340e+02
1.3261e+02
1.3233e+02
1.3254e+02
1.3320e+02
1.3422e+02
1.3546e+02
1.3675e+02
1.3795e+02
1.3890e+02
1.3947e+02
1.3959e+02
1.3923e+02
1.3843e+02
1.3725e+02
1.3581e+02
1.3423e+02
1.3265e+02
1.3118e+02
1.2991e+02
1.2889e+02
1.2809e+02
1.2746e+02
1.2693e+02
1.2637e+02
1.2566e+02
1.2469e+02
1.2338e+02
1.2167e+02
1.1956e+02
1.1709e+02
1.1433e+02
1.1143e+02
1.0853e+02
1.0576e+02
1.0325e+02
1.0112e+02
9.9460e+01
9.8344e+01
9.7802e+01
9.7834e+01
9.8428e+01
9.9544e+01
1.0114e+02
1.0315e+02
1.0554e+02
1.0824e+02
1.1116e+02
1.1421e+02
1.1729e+02
1.2029e+02
1.2309e+02
1.2562e+02
1.2781e+02
1.2959e+02
1.3095e+02
1.3190e+02
1.3250e+02
1.3280e+02
1.3291e+02
1.3292e+02
1.3295e+02
1.3307e+02
1.3333e+02
1.3379e+02
1.3447e+02
1.3536e+02
1.3643e+02
1.3764e+02
1.3895e+02
1.4032e+02
1.4170e+02
1.4306e+02
1.4437e+02
1.4557e+02
1.4658e+02
1.4736e+02
1.4785e+02
1.4799e+02
1.4771e+02
1.4696e+02
1.4570e+02
1.4392e+02
1.4161e+02
1.3880e+02
1.3557e+02
1.3200e+02
1.2819e+02
1.2423e+02
1.2024e+02
1.1631e+02
1.1253e+02
1.0894e+02
1.0559e+02
1.0250e+02
9.9686e+01
9.7155e+01
9.4903e+01
9.2937e+01
9.1256e+01
8.9857e+01
8.8730e+01
8.7869e+01
8.7244e+01
8.6814e+01
8.6566e+01
8.6459e+01
8.6431e+01
8.6418e+01
8.6361e+01
8.6213e+01
8.5936e+01
8.5510e+01
8.4910e+01
8.4139e+01
8.3193e+01
8.2078e+01
8.0807e+01
7.9400e+01
7.7889e+01
7.6281e+01
7.4576e+01
7.2769e+01
7.0858e+01
6.8828e+01
6.6661e+01
6.4335e+01
6.1821e+01
5.9105e+01
5.6184e+01
5.3078e+01
4.9829e+01
4.6516e+01
4.3228e+01
4.0076e+01
3.7176e+01
3.4640e+01
3.2594e+01
3.1129e+01
3.0317e+01
3.0194e+01
3.0767e+01
3.1998e+01
3.3818e+01
3.6152e+01
3.8891e+01
4.1918e+01
4.5106e+01
4.8332e+01
5.1478e+01
5.4429e+01
5.7110e+01
5.9477e+01
6.1519e+01
6.3250e+01
6.4719e+01
6.5999e+01
6.7206e+01
6.8464e+01
6.9900e+01
7.1645e+01
7.3791e+01
7.6400e+01
7.9479e+01
8.2989e+01
8.6845e+01
9.0923e+01
9.5075e+01
9.9130e+01
1.0294e+02
1.0637e+02
1.0933e+02
1.1175e+02
1.1364e+02
1.1503e+02
1.1599e+02
1.1663e+02
1.1703e+02
1.1732e+02
1.1757e+02
1.1786e+02
1.1823e+02
1.1868e+02
1.1919e+02
1.1974e+02
1.2027e+02
1.2074e+02
1.2110e+02
1.2132e+02
1.2137e+02
1.2122e+02
1.2087e+02
1.2031e+02
1.1956e+02
1.1862e+02
1.1750e+02
1.1622e+02
1.1482e+02
1.1331e+02
1.1171e+02
1.1003e+02
1.0828e+02
1.0644e+02
1.0449e+02
1.0243e+02
1.0021e+02
9.7832e+01
9.5261e+01
9.2508e+01
8.9585e+01
8.6539e+01
8.3428e+01
8.0336e+01
7.7357e+01
7.4577e+01
7.2083e+01
6.9928e+01
6.8143e+01
6.6713e+01
6.5607e+01
6.4759e+01
6.4084e+01
6.3484e+01
6.2858e+01
6.2129e+01
6.1233e+01
6.0141e+01
5.8838e+01
5.7329e+01
5.5636e+01
5.3796e+01
5.1859e+01
4.9871e+01
4.7881e+01
4.5917e+01
4.4011e+01
4.2178e+01
4.0421e+01
3.8745e+01
3.7144e+01
3.5609e+01
3.4111e+01
3.2638e+01
3.1179e+01
2.9740e+01
2.8338e+01
2.6986e+01
2.5718e+01
2.4581e+01
2.3629e+01
2.2903e+01
2.2448e+01
2.2287e+01
2.2433e+01
2.2884e+01
2.3607e+01
2.4553e+01
2.5646e+01
2.6807e+01
2.7949e+01
2.8990e+01
2.9849e+01
3.0457e+01
3.0768e+01
3.0739e+01
3.0357e+01
2.9619e+01
2.8543e+01
2.7154e+01
2.5484e+01
2.3581e+01
2.1500e+01
1.9307e+01
1.7042e+01
1.4761e+01
1.2511e+01
1.0336e+01
8.2819e+00
6.3835e+00
4.6774e+00
3.1984e+00
1.9851e+00
1.0498e+00
4.0791e-01
6.2467e-02
0000
1.9136e-01
5.9066e-01
1.1571e+00
1.8304e+00
2.5607e+00
3.2930e+00
3.9840e+00
4.6108e+00
5.1684e+00
5.6730e+00
6.1412e+00
6.6177e+00
7.1439e+00
7.7753e+00
8.5583e+00
9.5133e+00
1.0652e+01
1.1971e+01
1.3472e+01
1.5131e+01
1.6916e+01
1.8787e+01
2.0716e+01
2.2679e+01
2.4652e+01
2.6625e+01
2.8582e+01
3.0535e+01
3.2492e+01
3.4462e+01
3.6454e+01
3.8480e+01
4.0556e+01
4.2682e+01
4.4867e+01
4.7110e+01
4.9412e+01
5.1762e+01
5.4148e+01
5.6550e+01
5.8939e+01
6.1292e+01
6.3566e+01
6.5719e+01
6.7691e+01
6.9434e+01
7.0910e+01
7.2084e+01
7.2934e+01
7.3446e+01
7.3636e+01
7.3528e+01
7.3165e+01
7.2598e+01
7.1890e+01
7.1103e+01
7.0291e+01
6.9511e+01
6.8776e+01
6.8086e+01
6.7426e+01
6.6762e+01
6.6044e+01
6.5219e+01
6.4234e+01
6.3039e+01
6.1606e+01
5.9920e+01
5.8002e+01
5.5877e+01
5.3603e+01
5.1252e+01
4.8892e+01
4.6598e+01
4.4437e+01
4.2470e+01
4.0720e+01
3.9207e+01
3.7930e+01
3.6868e+01
3.5989e+01
3.5239e+01
3.4571e+01
3.3934e+01
3.3293e+01
3.2611e+01
3.1868e+01
3.1058e+01
3.0181e+01
2.9273e+01
2.8374e+01
2.7535e+01
2.6815e+01
2.6278e+01
2.5983e+01
2.5979e+01
2.6304e+01
2.6966e+01
2.7962e+01
2.9253e+01
3.0791e+01
3.2504e+01
3.4313e+01
3.6135e+01
3.7871e+01
3.9449e+01
4.0802e+01
4.1892e+01
4.2697e+01
4.3222e+01
4.3498e+01
4.3571e+01
4.3509e+01
4.3375e+01
4.3239e+01
4.3162e+01
4.3194e+01
4.3370e+01
4.3714e+01
4.4227e+01
4.4882e+01
4.5661e+01
4.6527e+01
4.7458e+01
4.8432e+01
4.9434e+01
5.0462e+01
5.1529e+01
5.2656e+01
5.3862e+01
5.5175e+01
5.6611e+01
5.8177e+01
5.9856e+01
6.1627e+01
6.3479e+01
6.5394e+01
6.7372e+01
6.9418e+01
7.1561e+01
7.3836e+01
7.6312e+01
7.9062e+01
8.2146e+01
8.5629e+01
8.9535e+01
9.3859e+01
9.8556e+01
1.0355e+02
1.0870e+02
1.1389e+02
1.1897e+02
1.2379e+02
1.2826e+02
1.3228e+02
1.3580e+02
1.3883e+02
1.4141e+02
1.4361e+02
1.4552e+02
1.4725e+02
1.4889e+02
1.5054e+02
1.5223e+02
1.5397e+02
1.5573e+02
1.5746e+02
1.5907e+02
1.6044e+02
1.6145e+02
1.6199e+02
1.6196e+02
1.6129e+02
1.5995e+02
1.5796e+02
1.5537e+02
1.5229e+02
1.4885e+02
1.4524e+02
1.4164e+02
1.3825e+02
1.3526e+02
1.3285e+02
1.3115e+02
1.3025e+02
1.3022e+02
1.3105e+02
1.3272e+02
1.3514e+02
1.3815e+02
1.4158e+02
1.4521e+02
1.4882e+02
1.5216e+02
1.5503e+02
1.5727e+02
1.5873e+02
1.5933e+02
1.5905e+02
1.5794e+02
1.5608e+02
1.5362e+02
1.5074e+02
