1.9912e+02
1.9984e+02
2.0025e+02
2.0030e+02
1.9991e+02
1.9908e+02
1.9779e+02
1.9606e+02
1.9398e+02
1.9162e+02
1.8911e+02
1.8657e+02
1.8410e+02
1.8186e+02
1.7993e+02
1.7840e+02
1.7729e+02
1.7661e+02
1.7632e+02
1.7634e+02
1.7658e+02
1.7693e+02
1.7726e+02
1.7747e+02
1.7747e+02
1.7720e+02
1.7663e+02
1.7578e+02
1.7469e+02
1.7342e+02
1.7207e+02
1.7073e+02
1.6951e+02
1.6847e+02
1.6768e+02
1.6717e+02
1.6695e+02
1.6703e+02
1.6737e+02
1.6797e+02
1.6875e+02
1.6969e+02
1.7076e+02
1.7192e+02
1.7315e+02
1.7440e+02
1.7567e+02
1.7695e+02
1.7822e+02
1.7948e+02
1.8073e+02
1.8197e+02
1.8320e+02
1.8443e+02
1.8568e+02
1.8696e+02
1.8829e+02
1.8969e+02
1.9114e+02
1.9265e+02
1.9420e+02
1.9577e+02
1.9732e+02
1.9883e+02
2.0025e+02
2.0154e+02
2.0270e+02
2.0370e+02
2.0454e+02
2.0523e+02
2.0577e+02
2.0619e+02
2.0649e+02
2.0672e+02
2.0687e+02
2.0697e+02
2.0702e+02
2.0702e+02
2.0697e+02
2.0686e+02
2.0669e+02
2.0644e+02
2.0612e+02
2.0573e+02
2.0529e+02
2.0483e+02
2.0439e+02
2.0404e+02
2.0385e+02
2.0390e+02
2.0426e+02
2.0499e+02
2.0613e+02
2.0770e+02
2.0967e+02
2.1200e+02
2.1458e+02
2.1729e+02
2.1995e+02
2.2243e+02
2.2455e+02
2.2620e+02
2.2727e+02
2.2771e+02
2.2751e+02
2.2671e+02
2.2538e+02
2.2363e+02
2.2157e+02
2.1931e+02
2.1697e+02
2.1466e+02
2.1247e+02
2.1048e+02
2.0876e+02
2.0735e+02
2.0630e+02
2.0562e+02
2.0535e+02
2.0546e+02
2.0594e+02
2.0675e+02
2.0784e+02
2.0911e+02
2.1047e+02
2.1182e+02
2.1303e+02
2.1403e+02
2.1475e+02
2.1516e+02
2.1524e+02
2.1501e+02
2.1451e+02
2.1382e+02
2.1300e+02
2.1212e+02
2.1125e+02
2.1043e+02
2.0970e+02
2.0908e+02
2.0858e+02
2.0819e+02
2.0791e+02
2.0772e+02
2.0762e+02
2.0760e+02
2.0764e+02
2.0777e+02
2.0797e+02
2.0824e+02
2.0857e+02
2.0895e+02
2.0935e+02
2.0974e+02
2.1010e+02
2.1040e+02
2.1060e+02
2.1069e+02
2.1064e+02
2.1045e+02
2.1012e+02
2.0966e+02
2.0909e+02
2.0843e+02
2.0770e+02
2.0694e+02
2.0616e+02
2.0538e+02
2.0457e+02
2.0375e+02
2.0286e+02
2.0189e+02
2.0079e+02
1.9952e+02
1.9804e+02
1.9632e+02
1.9435e+02
1.9213e+02
1.8970e+02
1.8709e+02
1.8438e+02
1.8164e+02
1.7895e+02
1.7641e+02
1.7408e+02
1.7204e+02
1.7033e+02
1.6900e+02
1.6804e+02
1.6744e+02
1.6718e+02
1.6719e+02
1.6741e+02
1.6776e+02
1.6815e+02
1.6850e+02
1.6876e+02
1.6884e+02
1.6873e+02
1.6841e+02
1.6788e+02
1.6720e+02
1.6639e+02
1.6554e+02
1.6469e+02
1.6391e+02
1.6323e+02
1.6269e+02
1.6230e+02
1.6206e+02
1.6195e+02
1.6192e+02
1.6193e+02
1.6196e+02
1.6197e+02
1.6198e+02
1.6200e+02
1.6207e+02
1.6221e+02
1.6246e+02
1.6284e+02
1.6338e+02
1.6405e+02
1.6483e+02
1.6565e+02
1.6643e+02
1.6710e+02
1.6756e+02
1.6774e+02
1.6760e+02
1.6714e+02
1.6638e+02
1.6537e+02
1.6418e+02
1.6288e+02
1.6157e+02
1.6032e+02
1.5920e+02
1.5823e+02
1.5743e+02
1.5677e+02
1.5624e+02
1.5581e+02
1.5544e+02
1.5509e+02
1.5476e+02
1.5441e+02
1.5402e+02
1.5359e+02
1.5313e+02
1.5265e+02
1.5214e+02
1.5161e+02
1.5107e+02
1.5053e+02
1.5001e+02
1.4951e+02
1.4906e+02
1.4867e+02
1.4835e+02
1.4810e+02
1.4791e+02
1.4774e+02
1.4756e+02
1.4733e+02
1.4700e+02
1.4653e+02
1.4588e+02
1.4504e+02
1.4401e+02
1.4282e+02
1.4152e+02
1.4015e+02
1.3874e+02
1.3735e+02
1.3601e+02
1.3475e+02
1.3356e+02
1.3248e+02
1.3150e+02
1.3058e+02
1.2970e+02
1.2883e+02
1.2795e+02
1.2702e+02
1.2602e+02
1.2491e+02
1.2363e+02
1.2214e+02
1.2041e+02
1.1838e+02
1.1603e+02
1.1335e+02
1.1035e+02
1.0709e+02
1.0363e+02
1.0010e+02
9.6596e+01
9.3257e+01
9.0199e+01
8.7529e+01
8.5305e+01
8.3555e+01
8.2293e+01
8.1475e+01
8.1030e+01
8.0872e+01
8.0897e+01
8.0994e+01
8.1050e+01
8.0971e+01
8.0689e+01
8.0151e+01
7.9320e+01
7.8170e+01
7.6693e+01
7.4904e+01
7.2825e+01
7.0481e+01
6.7912e+01
6.5167e+01
6.2297e+01
5.9349e+01
5.6377e+01
5.3446e+01
5.0620e+01
4.7958e+01
4.5496e+01
4.3269e+01
4.1311e+01
3.9638e+01
3.8247e+01
3.7129e+01
3.6262e+01
3.5604e+01
3.5121e+01
3.4769e+01
3.4500e+01
3.4276e+01
3.4063e+01
3.3825e+01
3.3536e+01
3.3188e+01
3.2764e+01
3.2251e+01
3.1636e+01
3.0901e+01
3.0017e+01
2.8955e+01
2.7691e+01
2.6199e+01
2.4464e+01
2.2487e+01
2.0291e+01
1.7915e+01
1.5408e+01
1.2832e+01
1.0268e+01
7.8072e+00
5.5493e+00
3.5825e+00
1.9868e+00
8.3306e-01
1.6550e-01
0000
3.3490e-01
1.1402e+00
2.3523e+00
3.8908e+00
5.6661e+00
7.5813e+00
9.5443e+00
1.1475e+01
1.3305e+01
1.4996e+01
1.6531e+01
1.7910e+01
1.9155e+01
2.0292e+01
2.1345e+01
2.2327e+01
2.3233e+01
2.4043e+01
2.4717e+01
2.5201e+01
2.5437e+01
2.5366e+01
2.4950e+01
2.4168e+01
2.3030e+01
2.1579e+01
1.9881e+01
1.8017e+01
1.6083e+01
1.4181e+01
1.2396e+01
1.0788e+01
9.3958e+00
8.2456e+00
7.3409e+00
6.6719e+00
6.2260e+00
5.9827e+00
5.9263e+00
6.0564e+00
6.3834e+00
6.9335e+00
7.7345e+00
8.8001e+00
1.0136e+01
1.1740e+01
1.3599e+01
1.5682e+01
1.7938e+01
2.0312e+01
2.2748e+01
2.5183e+01
2.7584e+01
2.9934e+01
3.2223e+01
3.4458e+01
3.6651e+01
3.8833e+01
4.1040e+01
4.3292e+01
4.5593e+01
4.7950e+01
5.0356e+01
5.2787e+01
5.5207e+01
5.7570e+01
5.9829e+01
6.1931e+01
6.3847e+01
6.5565e+01
6.7084e+01
6.8405e+01
6.9540e+01
7.0522e+01
7.1397e+01
7.2222e+01
7.3061e+01
7.3978e+01
7.5037e+01
7.6300e+01
7.7821e+01
7.9651e+01
8.1843e+01
8.4423e+01
8.7399e+01
9.0761e+01
9.4480e+01
9.8497e+01
1.0273e+02
1.0706e+02
1.1135e+02
1.1547e+02
1.1926e+02
1.2257e+02
1.2529e+02
1.2731e+02
1.2857e+02
1.2905e+02
1.2877e+02
1.2781e+02
1.2628e+02
1.2435e+02
1.2217e+02
1.1997e+02
1.1796e+02
1.1631e+02
1.1521e+02
1.1479e+02
1.1512e+02
1.1625e+02
1.1818e+02
1.2082e+02
1.2407e+02
1.2777e+02
1.3173e+02
1.3577e+02
1.3969e+02
1.4334e+02
1.4660e+02
1.4934e+02
1.5153e+02
1.5316e+02
1.5426e+02
1.5492e+02
1.5521e+02
1.5525e+02
1.5512e+02
1.5495e+02
1.5480e+02
1.5472e+02
1.5474e+02
1.5488e+02
1.5512e+02
1.5546e+02
1.5588e+02
1.5635e+02
1.5685e+02
1.5737e+02
1.5792e+02
1.5851e+02
1.5914e+02
1.5981e+02
1.6052e+02
1.6128e+02
1.6209e+02
1.6292e+02
1.6376e+02
1.6460e+02
1.6540e+02
1.6615e+02
1.6683e+02
1.6744e+02
1.6801e+02
1.6853e+02
1.6902e+02
1.6950e+02
1.6999e+02
1.7047e+02
1.7088e+02
1.7118e+02
1.7131e+02
1.7119e+02
1.7072e+02
1.6983e+02
1.6847e+02
1.6662e+02
1.6429e+02
1.6156e+02
1.5854e+02
1.5539e+02
1.5227e+02
1.4936e+02
1.4687e+02
1.4497e+02
1.4379e+02
1.4344e+02
1.4398e+02
1.4543e+02
1.4778e+02
1.5095e+02
1.5488e+02
1.5944e+02
1.6449e+02
1.6985e+02
1.7535e+02
1.8078e+02
1.8595e+02
1.9065e+02
1.9475e+02
1.9811e+02
2.0066e+02
2.0236e+02
2.0323e+02
2.0335e+02
2.0280e+02
2.0174e+02
2.0030e+02
1.9864e+02
1.9688e+02
1.9513e+02
1.9346e+02
1.9192e+02
1.9055e+02
1.8933e+02
1.8827e+02
1.8736e+02
1.8660e+02
1.8598e+02
1.8548e+02
1.8507e+02
1.8473e+02
1.8441e+02
1.8404e+02
1.8358e+02
1.8294e+02
1.8206e+02
1.8090e+02
1.7941e+02
1.7759e+02
1.7546e+02
1.7308e+02
1.7053e+02
1.6790e+02
1.6527e+02
1.6274e+02
1.6039e+02
1.5829e+02
1.5645e+02
1.5491e+02
1.5364e+02
1.5261e+02
1.5181e+02
1.5119e+02
1.5073e+02
1.5041e+02
1.5021e+02
1.5013e+02
1.5018e+02
1.5036e+02
1.5067e+02
1.5105e+02
1.5148e+02
1.5190e+02
1.5224e+02
1.5245e+02
1.5245e+02
1.5221e+02
1.5168e+02
1.5087e+02
1.4980e+02
1.4853e+02
1.4713e+02
1.4571e+02
1.4434e+02
1.4315e+02
1.4221e+02
1.4159e+02
1.4132e+02
1.4140e+02
1.4184e+02
1.4257e+02
1.4355e+02
1.4472e+02
1.4599e+02
1.4731e+02
1.4859e+02
1.4978e+02
1.5084e+02
1.5172e+02
1.5240e+02
1.5286e+02
1.5312e+02
1.5317e+02
1.5302e+02
1.5266e+02
1.5213e+02
1.5143e+02
1.5059e+02
1.4964e+02
1.4862e+02
1.4756e+02
1.4652e+02
1.4553e+02
1.4464e+02
1.4389e+02
1.4329e+02
1.4285e+02
1.4254e+02
1.4235e+02
1.4223e+02
1.4210e+02
1.4189e+02
1.4151e+02
1.4091e+02
1.4001e+02
1.3881e+02
1.3728e+02
1.3547e+02
1.3342e+02
1.3121e+02
1.2892e+02
1.2665e+02
1.2449e+02
1.2253e+02
1.2084e+02
1.1946e+02
1.1841e+02
1.1766e+02
1.1719e+02
1.1695e+02
1.1688e+02
1.1692e+02
1.1701e+02
1.1709e+02
1.1712e+02
1.1709e+02
1.1696e+02
1.1674e+02
1.1642e+02
1.1601e+02
1.1550e+02
1.1489e+02
1.1418e+02
1.1337e+02
1.1245e+02
1.1141e+02
1.1025e+02
1.0897e+02
1.0756e+02
1.0603e+02
1.0441e+02
1.0270e+02
1.0092e+02
9.9097e+01
9.7241e+01
9.5373e+01
9.3523e+01
9.1727e+01
9.0018e+01
8.8443e+01
8.7049e+01
8.5863e+01
8.4903e+01
8.4172e+01
8.3634e+01
8.3240e+01
8.2930e+01
8.2632e+01
8.2270e+01
8.1774e+01
8.1095e+01
8.0217e+01
7.9168e+01
7.8012e+01
7.6840e+01
7.5765e+01
7.4908e+01
7.4382e+01
7.4272e+01
7.4628e+01
7.5462e+01
7.6736e+01
7.8376e+01
8.0286e+01
8.2347e+01
8.4453e+01
8.6515e+01
8.8448e+01
9.0202e+01
9.1758e+01
9.3112e+01
9.4286e+01
9.5319e+01
9.6249e+01
9.7121e+01
9.7983e+01
9.8869e+01
9.9801e+01
1.0079e+02
1.0183e+02
1.0296e+02
1.0419e+02
1.0552e+02
1.0696e+02
1.0851e+02
1.1016e+02
1.1189e+02
1.1370e+02
1.1558e+02
1.1747e+02
1.1933e+02
1.2110e+02
1.2273e+02
1.2413e+02
1.2526e+02
1.2605e+02
1.2646e+02
1.2646e+02
1.2606e+02
1.2528e+02
1.2416e+02
1.2276e+02
1.2114e+02
1.1937e+02
1.1751e+02
1.1564e+02
1.1379e+02
1.1200e+02
1.1029e+02
1.0868e+02
1.0718e+02
1.0579e+02
1.0454e+02
1.0345e+02
1.0256e+02
1.0193e+02
1.0160e+02
1.0162e+02
1.0202e+02
1.0278e+02
1.0391e+02
1.0537e+02
1.0710e+02
1.0903e+02
1.1102e+02
1.1297e+02
1.1479e+02
1.1634e+02
1.1753e+02
1.1830e+02
1.1861e+02
1.1845e+02
1.1785e+02
1.1686e+02
1.1555e+02
1.1401e+02
1.1233e+02
1.1060e+02
1.0889e+02
1.0728e+02
1.0578e+02
1.0441e+02
1.0316e+02
1.0200e+02
1.0092e+02
9.9883e+01
9.8875e+01
9.7879e+01
9.6891e+01
9.5920e+01
9.4988e+01
9.4117e+01
9.3311e+01
9.2562e+01
9.1879e+01
9.1269e+01
9.0709e+01
9.0170e+01
8.9642e+01
8.9123e+01
8.8613e+01
8.8111e+01
8.7638e+01
8.7222e+01
8.6892e+01
8.6681e+01
8.6608e+01
8.6685e+01
8.6926e+01
8.7316e+01
8.7801e+01
8.8333e+01
8.8862e+01
8.9324e+01
8.9647e+01
8.9759e+01
8.9605e+01
8.9153e+01
8.8388e+01
8.7332e+01
8.6036e+01
8.4575e+01
8.3044e+01
8.1562e+01
8.0258e+01
7.9252e+01
7.8644e+01
7.8518e+01
7.8936e+01
7.9912e+01
8.1428e+01
8.3438e+01
8.5863e+01
8.8603e+01
9.1547e+01
9.4575e+01
9.7571e+01
1.0043e+02
1.0306e+02
1.0538e+02
1.0732e+02
1.0890e+02
1.1010e+02
1.1095e+02
1.1151e+02
1.1186e+02
1.1210e+02
1.1235e+02
1.1271e+02
1.1329e+02
1.1420e+02
1.1550e+02
1.1725e+02
1.1947e+02
1.2215e+02
1.2525e+02
1.2871e+02
1.3244e+02
1.3636e+02
1.4037e+02
1.4438e+02
1.4830e+02
1.5206e+02
1.5560e+02
1.5886e+02
1.6180e+02
1.6442e+02
1.6668e+02
1.6860e+02
1.7019e+02
1.7147e+02
1.7251e+02
1.7336e+02
1.7410e+02
1.7481e+02
1.7557e+02
1.7645e+02
1.7752e+02
1.7881e+02
1.8033e+02
1.8207e+02
1.8398e+02
1.8599e+02
1.8801e+02
1.8994e+02
1.9168e+02
1.9313e+02
1.9421e+02
1.9487e+02
1.9508e+02
1.9486e+02
1.9421e+02
1.9321e+02
1.9194e+02
1.9047e+02
1.8889e+02
1.8730e+02
1.8577e+02
1.8435e+02
1.8307e+02
1.8195e+02
1.8098e+02
1.8012e+02
1.7934e+02
1.7859e+02
1.7781e+02
1.7696e+02
1.7598e+02
1.7484e+02
1.7351e+02
1.7197e+02
1.7022e+02
1.6826e+02
1.6610e+02
1.6376e+02
1.6128e+02
1.5869e+02
1.5606e+02
1.5343e+02
1.5085e+02
1.4840e+02
1.4612e+02
1.4405e+02
1.4221e+02
1.4063e+02
1.3933e+02
1.3831e+02
1.3756e+02
1.3707e+02
1.3684e+02
1.3683e+02
1.3705e+02
1.3746e+02
1.3805e+02
1.3879e+02
1.3965e+02
1.4059e+02
1.4156e+02
1.4252e+02
1.4342e+02
1.4421e+02
1.4484e+02
1.4528e+02
1.4550e+02
1.4549e+02
1.4526e+02
1.4482e+02
1.4421e+02
1.4347e+02
1.4265e+02
1.4181e+02
1.4099e+02
1.4023e+02
1.3958e+02
1.3906e+02
1.3865e+02
1.3833e+02
1.3808e+02
1.3785e+02
1.3763e+02
1.3738e+02
1.3708e+02
1.3674e+02
1.3635e+02
1.3593e+02
1.3553e+02
1.3518e+02
1.3491e+02
1.3474e+02
1.3471e+02
1.3483e+02
1.3511e+02
1.3555e+02
1.3616e+02
1.3695e+02
1.3789e+02
1.3898e+02
1.4020e+02
1.4152e+02
1.4290e+02
1.4428e+02
1.4562e+02
1.4685e+02
1.4794e+02
1.4885e+02
1.4959e+02
1.5018e+02
1.5067e+02
1.5112e+02
1.5160e+02
1.5219e+02
1.5295e+02
1.5393e+02
1.5514e+02
1.5654e+02
1.5809e+02
1.5969e+02
1.6126e+02
1.6268e+02
1.6388e+02
1.6475e+02
1.6524e+02
1.6534e+02
1.6504e+02
1.6436e+02
1.6336e+02
1.6209e+02
1.6062e+02
1.5900e+02
1.5728e+02
1.5549e+02
1.5367e+02
1.5183e+02
1.4994e+02
1.4801e+02
1.4602e+02
1.4396e+02
1.4183e+02
1.3968e+02
1.3755e+02
1.3550e+02
1.3360e+02
1.3190e+02
1.3049e+02
1.2940e+02
1.2867e+02
1.2830e+02
1.2822e+02
1.2837e+02
1.2864e+02
1.2891e+02
1.2906e+02
1.2897e+02
1.2853e+02
1.2766e+02
1.2634e+02
1.2455e+02
1.2231e+02
1.1967e+02
1.1671e+02
1.1350e+02
1.1014e+02
1.0670e+02
1.0326e+02
9.9900e+01
9.6685e+01
9.3677e+01
9.0926e+01
8.8477e+01
8.6360e+01
8.4600e+01
8.3204e+01
8.2160e+01
8.1438e+01
8.0990e+01
8.0742e+01
8.0602e+01
8.0483e+01
8.0306e+01
8.0012e+01
7.9564e+01
7.8945e+01
7.8172e+01
7.7301e+01
7.6410e+01
7.5589e+01
7.4931e+01
7.4510e+01
7.4388e+01
7.4605e+01
7.5165e+01
7.6046e+01
7.7197e+01
7.8556e+01
8.0044e+01
8.1589e+01
8.3133e+01
8.4626e+01
8.6044e+01
8.7377e+01
8.8631e+01
8.9824e+01
9.0981e+01
9.2130e+01
9.3294e+01
9.4491e+01
9.5736e+01
9.7037e+01
9.8390e+01
9.9782e+01
1.0120e+02
1.0260e+02
1.0399e+02
1.0532e+02
1.0656e+02
1.0772e+02
1.0876e+02
1.0970e+02
1.1053e+02
1.1130e+02
1.1201e+02
1.1271e+02
1.1342e+02
1.1416e+02
1.1496e+02
1.1583e+02
1.1677e+02
1.1776e+02
1.1878e+02
1.1980e+02
1.2082e+02
1.2180e+02
1.2273e+02
1.2361e+02
1.2445e+02
1.2526e+02
1.2606e+02
1.2687e+02
1.2769e+02
1.2854e+02
1.2941e+02
1.3030e+02
1.3121e+02
1.3211e+02
1.3299e+02
1.3382e+02
1.3460e+02
1.3530e+02
1.3592e+02
1.3646e+02
1.3691e+02
1.3726e+02
1.3751e+02
1.3766e+02
1.3771e+02
1.3764e+02
1.3745e+02
1.3713e+02
1.3669e+02
1.3613e+02
1.3544e+02
1.3464e+02
1.3374e+02
1.3277e+02
1.3174e+02
1.3068e+02
1.2963e+02
1.2858e+02
1.2757e+02
1.2663e+02
1.2578e+02
1.2503e+02
1.2440e+02
1.2393e+02
1.2364e+02
1.2358e+02
1.2377e+02
1.2425e+02
1.2505e+02
1.2618e+02
1.2764e+02
1.2943e+02
1.3151e+02
1.3384e+02
1.3634e+02
1.3894e+02
1.4155e+02
1.4409e+02
1.4646e+02
1.4858e+02
1.5039e+02
1.5181e+02
1.5281e+02
1.5339e+02
1.5351e+02
1.5320e+02
1.5244e+02
1.5126e+02
1.4970e+02
1.4779e+02
1.4558e+02
1.4314e+02
1.4052e+02
1.3780e+02
1.3506e+02
1.3238e+02
1.2983e+02
1.2750e+02
1.2543e+02
1.2369e+02
1.2231e+02
1.2130e+02
1.2066e+02
1.2037e+02
1.2041e+02
1.2072e+02
1.2125e+02
1.2196e+02
1.2280e+02
1.2373e+02
1.2473e+02
1.2575e+02
1.2679e+02
1.2782e+02
1.2882e+02
1.2978e+02
1.3069e+02
1.3152e+02
1.3226e+02
1.3290e+02
1.3340e+02
1.3377e+02
1.3398e+02
1.3403e+02
1.3390e+02
1.3360e+02
1.3312e+02
1.3248e+02
1.3168e+02
1.3074e+02
1.2969e+02
1.2856e+02
1.2740e+02
1.2626e+02
1.2520e+02
1.2428e+02
1.2358e+02
1.2316e+02
1.2307e+02
1.2334e+02
1.2399e+02
1.2503e+02
1.2641e+02
1.2807e+02
1.2992e+02
1.3185e+02
1.3376e+02
1.3554e+02
1.3711e+02
1.3838e+02
1.3933e+02
1.3991e+02
1.4016e+02
1.4011e+02
1.3980e+02
1.3931e+02
1.3871e+02
1.3808e+02
1.3745e+02
1.3686e+02
1.3636e+02
1.3596e+02
1.3569e+02
1.3558e+02
1.3566e+02
1.3597e+02
1.3656e+02
1.3748e+02
1.3878e+02
1.4049e+02
1.4262e+02
1.4515e+02
1.4805e+02
1.5125e+02
1.5467e+02
1.5821e+02
1.6177e+02
1.6525e+02
1.6856e+02
1.7163e+02
1.7441e+02
1.7689e+02
1.7905e+02
1.8092e+02
1.8251e+02
1.8385e+02
1.8498e+02
1.8593e+02
1.8669e+02
1.8727e+02
1.8769e+02
1.8794e+02
1.8800e+02
1.8786e+02
1.8750e+02
1.8692e+02
1.8612e+02
1.8509e+02
1.8383e+02
1.8236e+02
1.8070e+02
1.7885e+02
1.7685e+02
1.7471e+02
1.7245e+02
1.7010e+02
1.6769e+02
1.6527e+02
1.6287e+02
1.6055e+02
1.5837e+02
1.5640e+02
1.5471e+02
1.5338e+02
1.5248e+02
1.5205e+02
1.5215e+02
1.5277e+02
1.5390e+02
1.5552e+02
1.5758e+02
1.5998e+02
1.6263e+02
1.6541e+02
1.6822e+02
1.7094e+02
1.7346e+02
1.7570e+02
1.7759e+02
1.7909e+02
1.8017e+02
1.8083e+02
1.8109e+02
1.8098e+02
1.8053e+02
1.7978e+02
1.7877e+02
1.7754e+02
1.7613e+02
1.7459e+02
1.7296e+02
1.7132e+02
1.6972e+02
1.6823e+02
1.6693e+02
1.6589e+02
1.6517e+02
1.6482e+02
1.6485e+02
1.6525e+02
1.6597e+02
1.6695e+02
1.6808e+02
1.6926e+02
1.7040e+02
1.7140e+02
1.7220e+02
1.7276e+02
1.7306e+02
1.7312e+02
1.7299e+02
1.7271e+02
1.7234e+02
1.7193e+02
1.7151e+02
1.7112e+02
1.7079e+02
1.7053e+02
1.7035e+02
1.7024e+02
1.7023e+02
1.7031e+02
1.7051e+02
1.7082e+02
1.7127e+02
1.7187e+02
1.7261e+02
1.7347e+02
1.7440e+02
1.7538e+02
1.7634e+02
1.7724e+02
1.7803e+02
1.7869e+02
1.7920e+02
1.7958e+02
1.7986e+02
1.8009e+02
1.8035e+02
1.8071e+02
1.8125e+02
1.8202e+02
1.8305e+02
1.8433e+02
1.8580e+02
1.8737e+02
1.8894e+02
1.9037e+02
1.9152e+02
1.9227e+02
1.9252e+02
1.9220e+02
1.9129e+02
1.8986e+02
1.8799e+02
1.8580e+02
1.8346e+02
1.8113e+02
1.7899e+02
1.7717e+02
1.7577e+02
1.7486e+02
1.7446e+02
1.7454e+02
1.7502e+02
1.7580e+02
1.7678e+02
1.7782e+02
1.7881e+02
1.7964e+02
1.8022e+02
1.8050e+02
1.8043e+02
1.8000e+02
1.7923e+02
1.7818e+02
1.7690e+02
1.7547e+02
1.7395e+02
1.7241e+02
1.7092e+02
1.6953e+02
1.6826e+02
1.6712e+02
1.6610e+02
1.6517e+02
1.6426e+02
1.6333e+02
1.6231e+02
1.6111e+02
1.5973e+02
1.5811e+02
1.5627e+02
1.5422e+02
1.5200e+02
1.4969e+02
1.4736e+02
1.4509e+02
1.4296e+02
1.4104e+02
1.3939e+02
1.3803e+02
1.3697e+02
1.3621e+02
1.3572e+02
1.3546e+02
1.3535e+02
1.3535e+02
1.3537e+02
1.3535e+02
1.3525e+02
1.3503e+02
1.3466e+02
1.3414e+02
1.3347e+02
1.3269e+02
1.3184e+02
1.3096e+02
1.3011e+02
1.2938e+02
1.2882e+02
1.2846e+02
1.2833e+02
1.2845e+02
1.2879e+02
1.2931e+02
1.2997e+02
1.3070e+02
1.3144e+02
1.3213e+02
1.3274e+02
1.3322e+02
1.3358e+02
1.3382e+02
1.3395e+02
1.3400e+02
1.3401e+02
1.3403e+02
1.3408e+02
1.3418e+02
1.3436e+02
1.3461e+02
1.3493e+02
1.3531e+02
1.3571e+02
1.3612e+02
1.3650e+02
1.3683e+02
1.3708e+02
1.3721e+02
1.3723e+02
1.3711e+02
1.3689e+02
1.3659e+02
1.3624e+02
1.3590e+02
1.3563e+02
1.3547e+02
1.3549e+02
1.3571e+02
1.3613e+02
1.3674e+02
1.3752e+02
1.3840e+02
1.3932e+02
1.4023e+02
1.4106e+02
1.4176e+02
1.4230e+02
1.4268e+02
1.4293e+02
1.4310e+02
1.4322e+02
1.4335e+02
1.4354e+02
1.4383e+02
1.4425e+02
1.4478e+02
1.4540e+02
1.4607e+02
1.4672e+02
1.4731e+02
1.4778e+02
1.4811e+02
1.4830e+02
1.4836e+02
1.4834e+02
1.4831e+02
1.4836e+02
1.4857e+02
1.4900e+02
1.4970e+02
1.5072e+02
1.5202e+02
1.5359e+02
1.5533e+02
1.5715e+02
1.5895e+02
1.6064e+02
1.6213e+02
1.6337e+02
1.6430e+02
1.6495e+02
1.6531e+02
1.6543e+02
1.6536e+02
1.6514e+02
1.6481e+02
1.6436e+02
1.6379e+02
1.6307e+02
1.6220e+02
1.6113e+02
1.5984e+02
1.5831e+02
1.5657e+02
1.5462e+02
1.5255e+02
1.5040e+02
1.4826e+02
1.4622e+02
1.4436e+02
1.4275e+02
1.4143e+02
1.4041e+02
1.3969e+02
1.3923e+02
1.3899e+02
1.3890e+02
1.3889e+02
1.3888e+02
1.3880e+02
1.3858e+02
1.3818e+02
1.3756e+02
1.3669e+02
1.3558e+02
1.3425e+02
1.3274e+02
1.3110e+02
1.2941e+02
1.2773e+02
1.2612e+02
1.2466e+02
1.2338e+02
1.2233e+02
1.2152e+02
1.2097e+02
1.2066e+02
1.2056e+02
1.2064e+02
1.2086e+02
1.2120e+02
1.2160e+02
1.2205e+02
1.2252e+02
1.2298e+02
1.2343e+02
1.2386e+02
1.2424e+02
1.2456e+02
1.2479e+02
1.2490e+02
1.2487e+02
1.2468e+02
1.2431e+02
1.2375e+02
1.2298e+02
1.2199e+02
1.2079e+02
1.1938e+02
1.1780e+02
1.1608e+02
1.1429e+02
1.1248e+02
1.1075e+02
1.0916e+02
1.0783e+02
1.0682e+02
1.0621e+02
1.0605e+02
1.0637e+02
1.0716e+02
1.0838e+02
1.0999e+02
1.1188e+02
1.1397e+02
1.1617e+02
1.1836e+02
1.2047e+02
1.2241e+02
1.2408e+02
1.2543e+02
1.2641e+02
1.2695e+02
1.2703e+02
1.2663e+02
1.2574e+02
1.2439e+02
1.2261e+02
1.2051e+02
1.1818e+02
1.1577e+02
1.1342e+02
1.1129e+02
1.0952e+02
1.0822e+02
1.0747e+02
1.0732e+02
1.0776e+02
1.0875e+02
1.1021e+02
1.1203e+02
1.1411e+02
1.1634e+02
1.1864e+02
1.2092e+02
1.2313e+02
1.2520e+02
1.2711e+02
1.2882e+02
1.3033e+02
1.3165e+02
1.3279e+02
1.3377e+02
1.3459e+02
1.3527e+02
1.3581e+02
1.3624e+02
1.3658e+02
1.3684e+02
1.3703e+02
1.3713e+02
1.3712e+02
1.3697e+02
1.3663e+02
1.3605e+02
1.3521e+02
1.3410e+02
1.3271e+02
1.3107e+02
1.2921e+02
1.2720e+02
1.2511e+02
1.2302e+02
1.2102e+02
1.1919e+02
1.1757e+02
1.1623e+02
1.1520e+02
1.1449e+02
1.1408e+02
1.1396e+02
1.1408e+02
1.1440e+02
1.1488e+02
1.1547e+02
1.1615e+02
1.1687e+02
1.1761e+02
1.1833e+02
1.1901e+02
1.1966e+02
1.2029e+02
1.2090e+02
1.2155e+02
1.2228e+02
1.2316e+02
1.2426e+02
1.2563e+02
1.2735e+02
1.2944e+02
1.3194e+02
1.3486e+02
1.3815e+02
1.4173e+02
1.4552e+02
1.4941e+02
1.5326e+02
1.5695e+02
1.6035e+02
1.6339e+02
1.6599e+02
1.6816e+02
1.6987e+02
1.7116e+02
1.7207e+02
1.7266e+02
1.7300e+02
1.7316e+02
1.7319e+02
1.7312e+02
1.7298e+02
1.7275e+02
1.7242e+02
1.7196e+02
1.7139e+02
1.7067e+02
1.6981e+02
1.6883e+02
1.6778e+02
1.6669e+02
1.6563e+02
1.6464e+02
1.6378e+02
1.6312e+02
1.6269e+02
1.6252e+02
1.6259e+02
1.6287e+02
1.6333e+02
1.6392e+02
1.6459e+02
1.6527e+02
1.6591e+02
1.6645e+02
1.6688e+02
1.6718e+02
1.6736e+02
1.6741e+02
1.6735e+02
1.6719e+02
1.6695e+02
1.6663e+02
1.6624e+02
1.6578e+02
1.6525e+02
1.6465e+02
1.6400e+02
1.6330e+02
1.6258e+02
1.6185e+02
1.6115e+02
1.6051e+02
1.5996e+02
1.5952e+02
1.5921e+02
1.5902e+02
1.5895e+02
1.5899e+02
1.5914e+02
1.5940e+02
1.5975e+02
1.6019e+02
1.6071e+02
1.6132e+02
1.6202e+02
1.6284e+02
1.6378e+02
1.6485e+02
1.6603e+02
1.6730e+02
1.6864e+02
1.7000e+02
1.7134e+02
1.7261e+02
1.7376e+02
1.7476e+02
1.7558e+02
1.7620e+02
1.7667e+02
1.7704e+02
1.7740e+02
1.7782e+02
1.7841e+02
1.7927e+02
1.8045e+02
1.8196e+02
1.8378e+02
1.8584e+02
1.8801e+02
1.9012e+02
1.9200e+02
1.9345e+02
1.9435e+02
1.9457e+02
1.9409e+02
1.9294e+02
1.9121e+02
1.8906e+02
1.8668e+02
1.8428e+02
1.8206e+02
1.8020e+02
1.7883e+02
1.7800e+02
1.7771e+02
1.7790e+02
1.7845e+02
1.7924e+02
1.8009e+02
1.8087e+02
1.8144e+02
1.8171e+02
1.8163e+02
1.8120e+02
1.8044e+02
1.7943e+02
1.7825e+02
1.7698e+02
1.7572e+02
1.7457e+02
1.7351e+02
1.7256e+02
1.7168e+02
1.7080e+02
1.6984e+02
1.6868e+02
1.6723e+02
1.6538e+02
1.6307e+02
1.6028e+02
1.5706e+02
1.5350e+02
1.4975e+02
1.4599e+02
1.4245e+02
1.3932e+02
1.3683e+02
1.3513e+02
1.3435e+02
1.3454e+02
1.3567e+02
1.3767e+02
1.4039e+02
1.4364e+02
1.4719e+02
1.5083e+02
1.5433e+02
1.5751e+02
1.6024e+02
1.6240e+02
1.6393e+02
1.6484e+02
1.6519e+02
1.6505e+02
1.6452e+02
1.6371e+02
1.6274e+02
1.6174e+02
1.6082e+02
1.6007e+02
1.5958e+02
1.5942e+02
1.5960e+02
1.6015e+02
1.6107e+02
1.6233e+02
1.6392e+02
1.6577e+02
1.6785e+02
1.7007e+02
1.7239e+02
1.7473e+02
1.7702e+02
