1.4284e+02
1.4123e+02
1.3949e+02
1.3766e+02
1.3576e+02
1.3382e+02
1.3190e+02
1.3001e+02
1.2817e+02
1.2642e+02
1.2475e+02
1.2319e+02
1.2172e+02
1.2036e+02
1.1912e+02
1.1800e+02
1.1701e+02
1.1614e+02
1.1542e+02
1.1486e+02
1.1449e+02
1.1431e+02
1.1433e+02
1.1457e+02
1.1501e+02
1.1563e+02
1.1639e+02
1.1727e+02
1.1822e+02
1.1920e+02
1.2016e+02
1.2105e+02
1.2183e+02
1.2247e+02
1.2294e+02
1.2326e+02
1.2342e+02
1.2346e+02
1.2342e+02
1.2337e+02
1.2337e+02
1.2348e+02
1.2378e+02
1.2427e+02
1.2497e+02
1.2585e+02
1.2686e+02
1.2790e+02
1.2888e+02
1.2967e+02
1.3016e+02
1.3023e+02
1.2983e+02
1.2894e+02
1.2759e+02
1.2586e+02
1.2389e+02
1.2184e+02
1.1988e+02
1.1817e+02
1.1685e+02
1.1601e+02
1.1570e+02
1.1590e+02
1.1652e+02
1.1743e+02
1.1846e+02
1.1945e+02
1.2023e+02
1.2065e+02
1.2062e+02
1.2012e+02
1.1915e+02
1.1778e+02
1.1613e+02
1.1433e+02
1.1250e+02
1.1078e+02
1.0926e+02
1.0800e+02
1.0702e+02
1.0630e+02
1.0578e+02
1.0538e+02
1.0499e+02
1.0453e+02
1.0391e+02
1.0308e+02
1.0202e+02
1.0078e+02
9.9399e+01
9.7990e+01
9.6667e+01
9.5540e+01
9.4687e+01
9.4163e+01
9.3982e+01
9.4110e+01
9.4461e+01
9.4900e+01
9.5255e+01
9.5337e+01
9.4971e+01
9.4012e+01
9.2367e+01
8.9997e+01
8.6930e+01
8.3264e+01
7.9152e+01
7.4795e+01
7.0425e+01
6.6279e+01
6.2575e+01
5.9507e+01
5.7231e+01
5.5842e+01
5.5389e+01
5.5870e+01
5.7242e+01
5.9411e+01
6.2256e+01
6.5636e+01
6.9393e+01
7.3362e+01
7.7387e+01
8.1343e+01
8.5122e+01
8.8623e+01
9.1768e+01
9.4507e+01
9.6808e+01
9.8666e+01
1.0010e+02
1.0116e+02
1.0186e+02
1.0228e+02
1.0247e+02
1.0247e+02
1.0236e+02
1.0218e+02
1.0197e+02
1.0176e+02
1.0159e+02
1.0147e+02
1.0143e+02
1.0149e+02
1.0166e+02
1.0194e+02
1.0233e+02
1.0283e+02
1.0342e+02
1.0410e+02
1.0485e+02
1.0561e+02
1.0636e+02
1.0705e+02
1.0764e+02
1.0808e+02
1.0834e+02
1.0842e+02
1.0832e+02
1.0807e+02
1.0772e+02
1.0731e+02
1.0690e+02
1.0654e+02
1.0628e+02
1.0615e+02
1.0618e+02
1.0637e+02
1.0672e+02
1.0722e+02
1.0783e+02
1.0853e+02
1.0929e+02
1.1007e+02
1.1085e+02
1.1159e+02
1.1228e+02
1.1290e+02
1.1343e+02
1.1384e+02
1.1412e+02
1.1424e+02
1.1420e+02
1.1399e+02
1.1362e+02
1.1312e+02
1.1251e+02
1.1183e+02
1.1112e+02
1.1042e+02
1.0976e+02
1.0917e+02
1.0868e+02
1.0828e+02
1.0798e+02
1.0778e+02
1.0769e+02
1.0769e+02
1.0779e+02
1.0799e+02
1.0829e+02
1.0872e+02
1.0928e+02
1.0998e+02
1.1082e+02
1.1178e+02
1.1283e+02
1.1394e+02
1.1508e+02
1.1622e+02
1.1736e+02
1.1850e+02
1.1967e+02
1.2092e+02
1.2231e+02
1.2390e+02
1.2576e+02
1.2794e+02
1.3046e+02
1.3330e+02
1.3641e+02
1.3971e+02
1.4310e+02
1.4646e+02
1.4968e+02
1.5264e+02
1.5526e+02
1.5747e+02
1.5924e+02
1.6056e+02
1.6145e+02
1.6195e+02
1.6209e+02
1.6191e+02
1.6148e+02
1.6081e+02
1.5995e+02
1.5892e+02
1.5772e+02
1.5637e+02
1.5486e+02
1.5317e+02
1.5130e+02
1.4923e+02
1.4697e+02
1.4452e+02
1.4189e+02
1.3909e+02
1.3618e+02
1.3320e+02
1.3022e+02
1.2732e+02
1.2457e+02
1.2204e+02
1.1978e+02
1.1781e+02
1.1614e+02
1.1474e+02
1.1357e+02
1.1258e+02
1.1170e+02
1.1087e+02
1.1002e+02
1.0912e+02
1.0813e+02
1.0707e+02
1.0594e+02
1.0478e+02
1.0364e+02
1.0256e+02
1.0157e+02
1.0070e+02
9.9986e+01
9.9417e+01
9.8983e+01
9.8660e+01
9.8424e+01
9.8237e+01
9.8061e+01
9.7865e+01
9.7631e+01
9.7338e+01
9.6972e+01
9.6537e+01
9.6044e+01
9.5519e+01
9.4995e+01
9.4507e+01
9.4088e+01
9.3774e+01
9.3591e+01
9.3557e+01
9.3681e+01
9.3954e+01
9.4336e+01
9.4770e+01
9.5206e+01
9.5602e+01
9.5919e+01
9.6145e+01
9.6287e+01
9.6384e+01
9.6506e+01
9.6749e+01
9.7217e+01
9.8004e+01
9.9190e+01
1.0082e+02
1.0290e+02
1.0540e+02
1.0823e+02
1.1130e+02
1.1447e+02
1.1762e+02
1.2062e+02
1.2338e+02
1.2584e+02
1.2798e+02
1.2981e+02
1.3136e+02
1.3269e+02
1.3387e+02
1.3494e+02
1.3594e+02
1.3690e+02
1.3782e+02
1.3871e+02
1.3956e+02
1.4033e+02
1.4099e+02
1.4151e+02
1.4184e+02
1.4198e+02
1.4190e+02
1.4158e+02
1.4102e+02
1.4021e+02
1.3917e+02
1.3790e+02
1.3642e+02
1.3478e+02
1.3302e+02
1.3120e+02
1.2936e+02
1.2756e+02
1.2588e+02
1.2435e+02
1.2303e+02
1.2196e+02
1.2116e+02
1.2065e+02
1.2045e+02
1.2054e+02
1.2091e+02
1.2155e+02
1.2243e+02
1.2353e+02
1.2479e+02
1.2618e+02
1.2764e+02
1.2912e+02
1.3061e+02
1.3207e+02
1.3347e+02
1.3480e+02
1.3605e+02
1.3721e+02
1.3829e+02
1.3928e+02
1.4017e+02
1.4094e+02
1.4155e+02
1.4194e+02
1.4205e+02
1.4182e+02
1.4120e+02
1.4012e+02
1.3855e+02
1.3647e+02
1.3391e+02
1.3091e+02
1.2755e+02
1.2395e+02
1.2024e+02
1.1657e+02
1.1308e+02
1.0992e+02
1.0719e+02
1.0501e+02
1.0343e+02
1.0248e+02
1.0215e+02
1.0240e+02
1.0316e+02
1.0433e+02
1.0585e+02
1.0761e+02
1.0952e+02
1.1151e+02
1.1352e+02
1.1548e+02
1.1738e+02
1.1920e+02
1.2092e+02
1.2254e+02
1.2404e+02
1.2543e+02
1.2668e+02
1.2779e+02
1.2877e+02
1.2959e+02
1.3027e+02
1.3080e+02
1.3120e+02
1.3146e+02
1.3160e+02
1.3163e+02
1.3158e+02
1.3145e+02
1.3125e+02
1.3098e+02
1.3067e+02
1.3033e+02
1.2997e+02
1.2962e+02
1.2930e+02
1.2902e+02
1.2881e+02
1.2867e+02
1.2861e+02
1.2864e+02
1.2873e+02
1.2887e+02
1.2901e+02
1.2914e+02
1.2920e+02
1.2916e+02
1.2900e+02
1.2869e+02
1.2821e+02
1.2757e+02
1.2677e+02
1.2583e+02
1.2476e+02
1.2358e+02
1.2231e+02
1.2096e+02
1.1952e+02
1.1801e+02
1.1643e+02
1.1478e+02
1.1308e+02
1.1134e+02
1.0959e+02
1.0785e+02
1.0617e+02
1.0458e+02
1.0316e+02
1.0194e+02
1.0096e+02
1.0024e+02
9.9774e+01
9.9562e+01
9.9575e+01
9.9768e+01
1.0009e+02
1.0047e+02
1.0086e+02
1.0118e+02
1.0139e+02
1.0146e+02
1.0133e+02
1.0101e+02
1.0049e+02
9.9768e+01
9.8859e+01
9.7786e+01
9.6576e+01
9.5251e+01
9.3839e+01
9.2377e+01
9.0891e+01
8.9401e+01
8.7928e+01
8.6493e+01
8.5115e+01
8.3808e+01
8.2580e+01
8.1429e+01
8.0364e+01
7.9398e+01
7.8546e+01
7.7823e+01
7.7254e+01
7.6857e+01
7.6649e+01
7.6647e+01
7.6860e+01
7.7288e+01
7.7916e+01
7.8721e+01
7.9670e+01
8.0725e+01
8.1861e+01
8.3068e+01
8.4355e+01
8.5744e+01
8.7274e+01
8.9002e+01
9.0994e+01
9.3312e+01
9.6000e+01
9.9080e+01
1.0254e+02
1.0633e+02
1.1035e+02
1.1448e+02
1.1859e+02
1.2256e+02
1.2623e+02
1.2951e+02
1.3233e+02
1.3467e+02
1.3653e+02
1.3797e+02
1.3906e+02
1.3988e+02
1.4047e+02
1.4086e+02
1.4105e+02
1.4102e+02
1.4069e+02
1.3998e+02
1.3881e+02
1.3710e+02
1.3476e+02
1.3177e+02
1.2814e+02
1.2390e+02
1.1915e+02
1.1401e+02
1.0859e+02
1.0301e+02
9.7398e+01
9.1847e+01
8.6427e+01
8.1187e+01
7.6159e+01
7.1348e+01
6.6762e+01
6.2419e+01
5.8331e+01
5.4510e+01
5.0981e+01
4.7765e+01
4.4882e+01
4.2341e+01
4.0152e+01
3.8332e+01
3.6874e+01
3.5745e+01
3.4900e+01
3.4293e+01
3.3857e+01
3.3517e+01
3.3196e+01
3.2819e+01
3.2325e+01
3.1665e+01
3.0795e+01
2.9678e+01
2.8307e+01
2.6687e+01
2.4847e+01
2.2835e+01
2.0712e+01
1.8554e+01
1.6439e+01
1.4437e+01
1.2607e+01
1.1022e+01
9.7617e+00
8.8992e+00
8.5015e+00
8.6398e+00
9.3882e+00
1.0816e+01
1.2974e+01
1.5887e+01
1.9550e+01
2.3926e+01
2.8946e+01
3.4484e+01
4.0368e+01
4.6406e+01
5.2391e+01
5.8110e+01
6.3353e+01
6.7935e+01
7.1710e+01
7.4586e+01
7.6516e+01
7.7502e+01
7.7596e+01
7.6874e+01
7.5439e+01
7.3421e+01
7.0961e+01
6.8209e+01
6.5318e+01
6.2426e+01
5.9651e+01
5.7089e+01
5.4819e+01
5.2897e+01
5.1357e+01
5.0202e+01
4.9412e+01
4.8943e+01
4.8737e+01
4.8725e+01
4.8839e+01
4.9005e+01
4.9167e+01
4.9289e+01
4.9338e+01
4.9296e+01
4.9160e+01
4.8942e+01
4.8653e+01
4.8305e+01
4.7916e+01
4.7512e+01
4.7128e+01
4.6804e+01
4.6599e+01
4.6583e+01
4.6826e+01
4.7398e+01
4.8368e+01
4.9795e+01
5.1720e+01
5.4151e+01
5.7063e+01
6.0406e+01
6.4099e+01
6.8039e+01
7.2105e+01
7.6166e+01
8.0107e+01
8.3834e+01
8.7275e+01
9.0381e+01
9.3135e+01
9.5544e+01
9.7635e+01
9.9457e+01
1.0106e+02
1.0249e+02
1.0381e+02
1.0505e+02
1.0627e+02
1.0750e+02
1.0876e+02
1.1008e+02
1.1149e+02
1.1299e+02
1.1458e+02
1.1626e+02
1.1801e+02
1.1980e+02
1.2161e+02
1.2338e+02
1.2506e+02
1.2659e+02
1.2792e+02
1.2896e+02
1.2964e+02
1.2993e+02
1.2980e+02
1.2924e+02
1.2825e+02
1.2686e+02
1.2512e+02
1.2310e+02
1.2090e+02
1.1859e+02
1.1628e+02
1.1405e+02
1.1198e+02
1.1012e+02
1.0851e+02
1.0714e+02
1.0599e+02
1.0505e+02
1.0426e+02
1.0356e+02
1.0291e+02
1.0228e+02
1.0164e+02
1.0099e+02
1.0033e+02
9.9669e+01
9.9046e+01
9.8494e+01
9.8038e+01
9.7706e+01
9.7537e+01
9.7588e+01
9.7905e+01
9.8534e+01
9.9528e+01
1.0095e+02
1.0284e+02
1.0526e+02
1.0822e+02
1.1171e+02
1.1570e+02
1.2010e+02
1.2476e+02
1.2953e+02
1.3424e+02
1.3869e+02
1.4272e+02
1.4617e+02
1.4893e+02
1.5094e+02
1.5220e+02
1.5276e+02
1.5270e+02
1.5215e+02
1.5124e+02
1.5012e+02
1.4889e+02
1.4767e+02
1.4649e+02
1.4536e+02
1.4429e+02
1.4322e+02
1.4207e+02
1.4076e+02
1.3920e+02
1.3733e+02
1.3510e+02
1.3249e+02
1.2955e+02
1.2633e+02
1.2295e+02
1.1954e+02
1.1625e+02
1.1326e+02
1.1070e+02
1.0872e+02
1.0739e+02
1.0675e+02
1.0679e+02
1.0745e+02
1.0862e+02
1.1016e+02
1.1191e+02
1.1371e+02
1.1541e+02
1.1691e+02
1.1813e+02
1.1902e+02
1.1961e+02
1.1991e+02
1.2000e+02
1.1995e+02
1.1982e+02
1.1967e+02
1.1954e+02
1.1946e+02
1.1942e+02
1.1942e+02
1.1942e+02
1.1940e+02
1.1934e+02
1.1920e+02
1.1897e+02
1.1867e+02
1.1828e+02
1.1782e+02
1.1731e+02
1.1677e+02
1.1621e+02
1.1565e+02
1.1512e+02
1.1463e+02
1.1420e+02
1.1386e+02
1.1363e+02
1.1354e+02
1.1362e+02
1.1388e+02
1.1433e+02
1.1497e+02
1.1578e+02
1.1673e+02
1.1779e+02
1.1891e+02
1.2004e+02
1.2114e+02
1.2217e+02
1.2311e+02
1.2394e+02
1.2467e+02
1.2531e+02
1.2587e+02
1.2639e+02
1.2687e+02
1.2734e+02
1.2780e+02
1.2829e+02
1.2881e+02
1.2937e+02
1.2998e+02
1.3067e+02
1.3148e+02
1.3245e+02
1.3362e+02
1.3500e+02
1.3662e+02
1.3844e+02
1.4044e+02
1.4252e+02
1.4458e+02
1.4650e+02
1.4813e+02
1.4932e+02
1.4995e+02
1.4991e+02
1.4916e+02
1.4769e+02
1.4554e+02
1.4279e+02
1.3957e+02
1.3603e+02
1.3234e+02
1.2868e+02
1.2521e+02
1.2210e+02
1.1950e+02
1.1754e+02
1.1628e+02
1.1579e+02
1.1610e+02
1.1722e+02
1.1910e+02
1.2168e+02
1.2486e+02
1.2849e+02
1.3243e+02
1.3654e+02
1.4066e+02
1.4461e+02
1.4826e+02
1.5149e+02
1.5421e+02
1.5634e+02
1.5786e+02
1.5878e+02
1.5910e+02
1.5887e+02
1.5814e+02
1.5698e+02
1.5548e+02
1.5372e+02
1.5178e+02
1.4976e+02
1.4773e+02
1.4574e+02
1.4385e+02
1.4207e+02
1.4045e+02
1.3897e+02
1.3763e+02
1.3640e+02
1.3525e+02
1.3416e+02
1.3311e+02
1.3207e+02
1.3104e+02
1.3002e+02
1.2901e+02
1.2806e+02
1.2720e+02
1.2649e+02
1.2596e+02
1.2568e+02
1.2567e+02
1.2600e+02
1.2668e+02
1.2773e+02
1.2914e+02
1.3089e+02
1.3292e+02
1.3517e+02
1.3757e+02
1.4003e+02
1.4244e+02
1.4471e+02
1.4677e+02
1.4854e+02
1.4999e+02
1.5106e+02
1.5177e+02
1.5217e+02
1.5229e+02
1.5221e+02
1.5201e+02
1.5178e+02
1.5160e+02
1.5155e+02
1.5170e+02
1.5208e+02
1.5267e+02
1.5346e+02
1.5441e+02
1.5545e+02
1.5651e+02
1.5751e+02
1.5836e+02
1.5900e+02
1.5938e+02
1.5945e+02
1.5921e+02
1.5866e+02
1.5784e+02
1.5677e+02
1.5552e+02
1.5416e+02
1.5276e+02
1.5137e+02
1.5007e+02
1.4891e+02
1.4797e+02
1.4728e+02
1.4685e+02
1.4670e+02
1.4685e+02
1.4729e+02
1.4801e+02
1.4898e+02
1.5018e+02
1.5157e+02
1.5311e+02
1.5478e+02
1.5653e+02
1.5831e+02
1.6010e+02
1.6185e+02
1.6353e+02
1.6509e+02
1.6652e+02
1.6778e+02
1.6887e+02
1.6976e+02
1.7042e+02
1.7086e+02
1.7106e+02
1.7101e+02
1.7071e+02
1.7016e+02
1.6936e+02
1.6831e+02
1.6702e+02
1.6549e+02
1.6376e+02
1.6184e+02
1.5976e+02
1.5751e+02
1.5512e+02
1.5260e+02
1.4996e+02
1.4723e+02
1.4444e+02
1.4161e+02
1.3879e+02
1.3601e+02
1.3336e+02
1.3087e+02
1.2861e+02
1.2660e+02
1.2490e+02
1.2352e+02
1.2243e+02
1.2164e+02
1.2110e+02
1.2077e+02
1.2059e+02
1.2052e+02
1.2052e+02
1.2055e+02
1.2058e+02
1.2060e+02
1.2063e+02
1.2066e+02
1.2069e+02
1.2072e+02
1.2074e+02
1.2073e+02
1.2066e+02
1.2050e+02
1.2021e+02
1.1976e+02
1.1911e+02
1.1822e+02
1.1709e+02
1.1571e+02
1.1413e+02
1.1236e+02
1.1043e+02
1.0838e+02
1.0622e+02
1.0395e+02
1.0156e+02
9.9020e+01
9.6282e+01
9.3290e+01
8.9988e+01
8.6332e+01
8.2292e+01
7.7874e+01
7.3113e+01
6.8080e+01
6.2881e+01
5.7643e+01
5.2511e+01
4.7634e+01
4.3167e+01
3.9247e+01
3.5998e+01
3.3518e+01
3.1877e+01
3.1113e+01
3.1236e+01
3.2225e+01
3.4032e+01
3.6577e+01
3.9752e+01
4.3421e+01
4.7430e+01
5.1623e+01
5.5844e+01
5.9947e+01
6.3791e+01
6.7248e+01
7.0221e+01
7.2638e+01
7.4460e+01
7.5667e+01
7.6258e+01
7.6255e+01
7.5688e+01
7.4588e+01
7.2999e+01
7.0979e+01
6.8595e+01
6.5939e+01
6.3117e+01
6.0245e+01
5.7449e+01
5.4860e+01
5.2606e+01
5.0803e+01
4.9545e+01
4.8900e+01
4.8898e+01
4.9516e+01
5.0688e+01
5.2319e+01
5.4282e+01
5.6429e+01
5.8615e+01
6.0698e+01
6.2552e+01
6.4083e+01
6.5238e+01
6.5997e+01
6.6376e+01
6.6425e+01
6.6227e+01
6.5881e+01
6.5481e+01
6.5128e+01
6.4914e+01
6.4930e+01
6.5232e+01
6.5825e+01
6.6687e+01
6.7767e+01
6.8994e+01
7.0273e+01
7.1494e+01
7.2543e+01
7.3309e+01
7.3695e+01
7.3640e+01
7.3129e+01
7.2200e+01
7.0941e+01
6.9471e+01
6.7946e+01
6.6542e+01
6.5437e+01
6.4787e+01
6.4722e+01
6.5323e+01
6.6614e+01
6.8565e+01
7.1091e+01
7.4067e+01
7.7338e+01
8.0750e+01
8.4153e+01
8.7415e+01
9.0436e+01
9.3134e+01
9.5468e+01
9.7447e+01
9.9093e+01
1.0046e+02
1.0160e+02
1.0252e+02
1.0325e+02
1.0380e+02
1.0417e+02
1.0435e+02
1.0431e+02
1.0400e+02
1.0339e+02
1.0245e+02
1.0116e+02
9.9526e+01
9.7572e+01
9.5342e+01
9.2896e+01
9.0312e+01
8.7677e+01
8.5086e+01
8.2626e+01
8.0371e+01
7.8379e+01
7.6686e+01
7.5299e+01
7.4210e+01
7.3386e+01
7.2779e+01
7.2343e+01
7.2019e+01
7.1759e+01
7.1523e+01
7.1251e+01
7.0899e+01
7.0463e+01
6.9936e+01
6.9311e+01
6.8588e+01
6.7762e+01
6.6838e+01
6.5839e+01
6.4795e+01
6.3739e+01
6.2719e+01
6.1795e+01
6.1033e+01
6.0511e+01
6.0306e+01
6.0496e+01
6.1136e+01
6.2269e+01
6.3917e+01
6.6082e+01
6.8728e+01
7.1787e+01
7.5167e+01
7.8757e+01
8.2437e+01
8.6082e+01
8.9567e+01
9.2780e+01
9.5615e+01
9.7979e+01
9.9804e+01
1.0104e+02
1.0167e+02
1.0166e+02
1.0102e+02
9.9758e+01
9.7903e+01
9.5511e+01
9.2646e+01
8.9406e+01
8.5925e+01
8.2346e+01
7.8824e+01
7.5521e+01
7.2603e+01
7.0217e+01
6.8483e+01
6.7489e+01
6.7282e+01
6.7873e+01
6.9213e+01
7.1202e+01
7.3715e+01
7.6609e+01
7.9725e+01
8.2895e+01
8.5956e+01
8.8764e+01
9.1208e+01
9.3207e+01
9.4715e+01
9.5722e+01
9.6245e+01
9.6322e+01
9.6021e+01
9.5427e+01
9.4624e+01
9.3679e+01
9.2633e+01
9.1515e+01
9.0329e+01
8.9053e+01
8.7661e+01
8.6131e+01
8.4446e+01
8.2608e+01
8.0646e+01
7.8623e+01
7.6628e+01
7.4772e+01
7.3161e+01
7.1899e+01
7.1078e+01
7.0739e+01
7.0866e+01
7.1397e+01
7.2236e+01
7.3269e+01
7.4366e+01
7.5398e+01
7.6260e+01
7.6894e+01
7.7287e+01
7.7472e+01
7.7520e+01
7.7525e+01
7.7592e+01
7.7825e+01
7.8304e+01
7.9092e+01
8.0218e+01
8.1671e+01
8.3409e+01
8.5360e+01
8.7440e+01
8.9565e+01
9.1660e+01
9.3659e+01
9.5510e+01
9.7179e+01
9.8649e+01
9.9924e+01
1.0103e+02
1.0202e+02
1.0295e+02
1.0388e+02
1.0491e+02
1.0611e+02
1.0753e+02
1.0922e+02
1.1118e+02
1.1337e+02
1.1572e+02
1.1813e+02
1.2046e+02
1.2254e+02
1.2423e+02
1.2536e+02
1.2581e+02
1.2552e+02
1.2448e+02
1.2273e+02
1.2038e+02
1.1758e+02
1.1451e+02
1.1136e+02
1.0831e+02
1.0553e+02
1.0315e+02
1.0124e+02
9.9850e+01
9.8979e+01
9.8582e+01
9.8591e+01
9.8933e+01
9.9536e+01
1.0033e+02
1.0126e+02
1.0227e+02
1.0335e+02
1.0446e+02
1.0560e+02
1.0675e+02
1.0791e+02
1.0905e+02
1.1015e+02
1.1118e+02
1.1214e+02
1.1301e+02
1.1382e+02
1.1456e+02
1.1527e+02
1.1599e+02
1.1677e+02
1.1764e+02
1.1861e+02
1.1966e+02
1.2077e+02
1.2185e+02
1.2281e+02
1.2354e+02
1.2390e+02
1.2380e+02
1.2314e+02
1.2187e+02
1.2000e+02
1.1758e+02
1.1469e+02
1.1149e+02
1.0813e+02
1.0478e+02
1.0162e+02
9.8779e+01
9.6380e+01
9.4481e+01
9.3112e+01
9.2251e+01
9.1834e+01
9.1762e+01
9.1917e+01
9.2175e+01
9.2420e+01
9.2541e+01
9.2443e+01
9.2065e+01
9.1388e+01
9.0429e+01
8.9226e+01
8.7845e+01
8.6368e+01
8.4882e+01
8.3463e+01
8.2177e+01
8.1066e+01
8.0143e+01
7.9402e+01
7.8803e+01
7.8283e+01
7.7776e+01
7.7224e+01
7.6576e+01
7.5813e+01
7.4936e+01
7.3971e+01
7.2977e+01
7.2031e+01
7.1220e+01
7.0632e+01
7.0334e+01
7.0384e+01
7.0813e+01
7.1622e+01
7.2780e+01
7.4233e+01
7.5912e+01
7.7727e+01
7.9565e+01
8.1312e+01
8.2865e+01
8.4125e+01
8.5015e+01
8.5472e+01
8.5462e+01
8.4977e+01
8.4032e+01
8.2663e+01
8.0928e+01
7.8913e+01
7.6712e+01
7.4429e+01
7.2165e+01
7.0010e+01
6.8041e+01
6.6318e+01
6.4887e+01
6.3778e+01
6.3006e+01
6.2569e+01
6.2454e+01
6.2635e+01
6.3079e+01
6.3752e+01
6.4610e+01
6.5598e+01
6.6662e+01
6.7736e+01
6.8745e+01
6.9628e+01
7.0330e+01
7.0797e+01
7.0982e+01
7.0849e+01
7.0390e+01
6.9608e+01
6.8522e+01
6.7170e+01
6.5609e+01
6.3900e+01
6.2110e+01
6.0313e+01
5.8585e+01
5.6998e+01
5.5618e+01
5.4499e+01
5.3670e+01
5.3135e+01
5.2886e+01
5.2898e+01
5.3132e+01
5.3537e+01
5.4063e+01
5.4656e+01
5.5270e+01
5.5875e+01
5.6458e+01
5.7016e+01
5.7547e+01
5.8066e+01
5.8582e+01
5.9092e+01
5.9585e+01
6.0042e+01
6.0434e+01
6.0726e+01
6.0884e+01
6.0875e+01
6.0678e+01
6.0287e+01
5.9714e+01
5.8985e+01
5.8134e+01
5.7199e+01
5.6214e+01
5.5205e+01
5.4187e+01
5.3177e+01
5.2182e+01
5.1192e+01
5.0187e+01
4.9153e+01
4.8083e+01
4.6982e+01
4.5861e+01
4.4743e+01
4.3666e+01
4.2676e+01
4.1820e+01
4.1152e+01
4.0727e+01
4.0586e+01
4.0751e+01
4.1236e+01
4.2040e+01
4.3135e+01
4.4474e+01
4.6005e+01
4.7665e+01
4.9376e+01
5.1065e+01
5.2669e+01
5.4133e+01
5.5421e+01
5.6519e+01
5.7425e+01
5.8153e+01
5.8729e+01
5.9187e+01
5.9558e+01
5.9868e+01
6.0133e+01
6.0362e+01
6.0547e+01
6.0674e+01
6.0749e+01
6.0771e+01
6.0718e+01
6.0582e+01
6.0371e+01
6.0086e+01
5.9732e+01
5.9319e+01
5.8864e+01
5.8365e+01
5.7812e+01
5.7198e+01
5.6515e+01
5.5748e+01
5.4891e+01
5.3950e+01
5.2924e+01
5.1813e+01
5.0639e+01
4.9411e+01
4.8126e+01
4.6784e+01
4.5383e+01
4.3900e+01
4.2316e+01
4.0614e+01
3.8772e+01
3.6774e+01
3.4619e+01
3.2325e+01
2.9926e+01
2.7449e+01
2.4930e+01
2.2432e+01
2.0020e+01
1.7757e+01
1.5704e+01
1.3904e+01
1.2383e+01
1.1160e+01
1.0255e+01
9.6989e+00
9.5183e+00
9.7292e+00
1.0350e+01
1.1401e+01
1.2896e+01
1.4843e+01
1.7227e+01
2.0005e+01
2.3117e+01
2.6481e+01
2.9988e+01
3.3515e+01
3.6926e+01
4.0082e+01
4.2860e+01
4.5165e+01
4.6944e+01
4.8180e+01
4.8886e+01
4.9108e+01
4.8920e+01
4.8414e+01
4.7679e+01
4.6801e+01
4.5842e+01
4.4851e+01
4.3876e+01
4.2953e+01
4.2110e+01
4.1366e+01
4.0748e+01
4.0288e+01
4.0029e+01
4.0023e+01
4.0315e+01
4.0942e+01
4.1922e+01
4.3263e+01
4.4945e+01
4.6927e+01
4.9148e+01
5.1533e+01
5.3994e+01
5.6444e+01
5.8799e+01
6.0980e+01
6.2926e+01
6.4579e+01
6.5891e+01
6.6823e+01
6.7337e+01
6.7404e+01
6.7016e+01
6.6181e+01
6.4919e+01
6.3268e+01
6.1284e+01
5.9037e+01
5.6618e+01
5.4133e+01
5.1689e+01
4.9370e+01
4.7258e+01
4.5412e+01
4.3852e+01
4.2566e+01
4.1515e+01
4.0638e+01
3.9863e+01
3.9119e+01
3.8326e+01
3.7423e+01
3.6366e+01
3.5140e+01
3.3747e+01
3.2213e+01
3.0567e+01
2.8849e+01
2.7100e+01
2.5351e+01
2.3633e+01
2.1972e+01
2.0387e+01
1.8885e+01
1.7458e+01
1.6100e+01
1.4802e+01
1.3556e+01
1.2342e+01
1.1147e+01
9.9544e+00
8.7507e+00
7.5289e+00
6.2816e+00
5.0139e+00
3.7582e+00
2.5714e+00
1.5205e+00
6.8494e-01
1.5090e-01
0000
3.0863e-01
1.1342e+00
2.4990e+00
4.3861e+00
6.7427e+00
9.4769e+00
1.2464e+01
1.5557e+01
1.8598e+01
2.1444e+01
2.3961e+01
2.6049e+01
2.7647e+01
2.8733e+01
2.9320e+01
2.9456e+01
2.9206e+01
2.8649e+01
2.7866e+01
2.6929e+01
2.5896e+01
2.4807e+01
2.3690e+01
2.2554e+01
2.1407e+01
2.0246e+01
1.9055e+01
1.7830e+01
1.6575e+01
1.5298e+01
1.4012e+01
1.2735e+01
1.1488e+01
1.0294e+01
9.1750e+00
8.1593e+00
7.2776e+00
6.5584e+00
6.0276e+00
5.7019e+00
5.5823e+00
5.6628e+00
5.9205e+00
6.3170e+00
6.8085e+00
7.3472e+00
7.8836e+00
8.3804e+00
8.8177e+00
9.1741e+00
9.4447e+00
9.6499e+00
9.8177e+00
9.9790e+00
1.0173e+01
1.0432e+01
1.0780e+01
1.1239e+01
1.1824e+01
1.2538e+01
1.3389e+01
1.4394e+01
1.5571e+01
1.6928e+01
1.8475e+01
2.0229e+01
2.2196e+01
2.4367e+01
2.6728e+01
2.9256e+01
3.1924e+01
3.4716e+01
3.7620e+01
4.0635e+01
4.3765e+01
4.7022e+01
5.0423e+01
5.3987e+01
5.7718e+01
6.1601e+01
6.5611e+01
6.9709e+01
7.3830e+01
7.7891e+01
8.1808e+01
8.5498e+01
8.8889e+01
9.1917e+01
9.4543e+01
9.6759e+01
9.8582e+01
1.0004e+02
1.0115e+02
1.0195e+02
1.0250e+02
1.0283e+02
1.0297e+02
1.0295e+02
1.0281e+02
1.0255e+02
1.0221e+02
1.0183e+02
1.0141e+02
1.0100e+02
1.0061e+02
1.0030e+02
1.0008e+02
9.9967e+01
9.9984e+01
1.0014e+02
1.0043e+02
1.0087e+02
1.0145e+02
1.0214e+02
1.0293e+02
1.0380e+02
1.0474e+02
1.0570e+02
1.0668e+02
1.0767e+02
1.0863e+02
1.0956e+02
1.1044e+02
1.1126e+02
1.1204e+02
1.1276e+02
1.1342e+02
1.1404e+02
1.1461e+02
1.1514e+02
1.1562e+02
1.1608e+02
1.1650e+02
1.1691e+02
1.1733e+02
1.1778e+02
1.1828e+02
1.1887e+02
1.1960e+02
1.2048e+02
1.2153e+02
1.2276e+02
1.2415e+02
1.2568e+02
1.2731e+02
1.2897e+02
1.3060e+02
1.3212e+02
1.3346e+02
1.3455e+02
1.3531e+02
1.3571e+02
1.3572e+02
1.3532e+02
1.3451e+02
1.3332e+02
1.3179e+02
1.2995e+02
1.2788e+02
1.2563e+02
1.2328e+02
1.2088e+02
1.1850e+02
1.1621e+02
1.1406e+02
1.1209e+02
1.1036e+02
1.0891e+02
1.0775e+02
1.0691e+02
1.0641e+02
1.0625e+02
1.0643e+02
1.0695e+02
1.0778e+02
1.0891e+02
1.1032e+02
1.1197e+02
1.1383e+02
1.1586e+02
1.1801e+02
1.2022e+02
1.2243e+02
1.2457e+02
1.2658e+02
1.2840e+02
1.2999e+02
1.3131e+02
1.3233e+02
1.3306e+02
1.3350e+02
1.3370e+02
1.3370e+02
1.3356e+02
1.3331e+02
1.3302e+02
1.3271e+02
1.3242e+02
1.3214e+02
1.3186e+02
1.3157e+02
1.3123e+02
1.3086e+02
1.3044e+02
1.2996e+02
1.2944e+02
1.2890e+02
1.2839e+02
1.2794e+02
1.2759e+02
1.2738e+02
1.2733e+02
1.2747e+02
1.2780e+02
1.2830e+02
1.2896e+02
1.2973e+02
1.3058e+02
1.3146e+02
1.3231e+02
1.3309e+02
1.3375e+02
1.3425e+02
1.3457e+02
1.3470e+02
1.3463e+02
1.3438e+02
1.3398e+02
1.3346e+02
1.3289e+02
1.3230e+02
1.3174e+02
1.3126e+02
1.3088e+02
1.3062e+02
1.3048e+02
1.3048e+02
1.3059e+02
1.3080e+02
1.3111e+02
1.3151e+02
1.3197e+02
1.3251e+02
1.3314e+02
1.3387e+02
1.3471e+02
1.3569e+02
1.3683e+02
1.3816e+02
1.3970e+02
1.4148e+02
1.4349e+02
1.4574e+02
1.4823e+02
1.5091e+02
1.5374e+02
1.5666e+02
1.5961e+02
1.6249e+02
1.6524e+02
1.6777e+02
1.7001e+02
1.7192e+02
1.7347e+02
1.7462e+02
1.7538e+02
1.7577e+02
1.7580e+02
1.7549e+02
1.7487e+02
1.7397e+02
1.7282e+02
1.7145e+02
1.6987e+02
1.6812e+02
1.6625e+02
1.6431e+02
1.6234e+02
