1.4761e+02
1.4658e+02
1.4576e+02
1.4518e+02
1.4481e+02
1.4463e+02
1.4460e+02
1.4465e+02
1.4473e+02
1.4480e+02
1.4481e+02
1.4477e+02
1.4465e+02
1.4449e+02
1.4431e+02
1.4415e+02
1.4408e+02
1.4413e+02
1.4436e+02
1.4479e+02
1.4546e+02
1.4633e+02
1.4740e+02
1.4862e+02
1.4992e+02
1.5122e+02
1.5243e+02
1.5348e+02
1.5426e+02
1.5472e+02
1.5482e+02
1.5452e+02
1.5380e+02
1.5269e+02
1.5122e+02
1.4944e+02
1.4742e+02
1.4524e+02
1.4296e+02
1.4064e+02
1.3834e+02
1.3611e+02
1.3396e+02
1.3194e+02
1.3007e+02
1.2837e+02
1.2684e+02
1.2549e+02
1.2435e+02
1.2341e+02
1.2268e+02
1.2215e+02
1.2181e+02
1.2163e+02
1.2157e+02
1.2160e+02
1.2166e+02
1.2169e+02
1.2164e+02
1.2147e+02
1.2114e+02
1.2061e+02
1.1988e+02
1.1896e+02
1.1784e+02
1.1656e+02
1.1516e+02
1.1367e+02
1.1213e+02
1.1061e+02
1.0915e+02
1.0780e+02
1.0659e+02
1.0557e+02
1.0476e+02
1.0417e+02
1.0382e+02
1.0371e+02
1.0381e+02
1.0411e+02
1.0456e+02
1.0512e+02
1.0576e+02
1.0643e+02
1.0709e+02
1.0774e+02
1.0835e+02
1.0894e+02
1.0950e+02
1.1004e+02
1.1059e+02
1.1115e+02
1.1174e+02
1.1237e+02
1.1304e+02
1.1375e+02
1.1450e+02
1.1529e+02
1.1611e+02
1.1697e+02
1.1788e+02
1.1884e+02
1.1986e+02
1.2097e+02
1.2216e+02
1.2345e+02
1.2482e+02
1.2626e+02
1.2776e+02
1.2928e+02
1.3082e+02
1.3233e+02
1.3380e+02
1.3522e+02
1.3658e+02
1.3788e+02
1.3913e+02
1.4034e+02
1.4153e+02
1.4271e+02
1.4391e+02
1.4512e+02
1.4635e+02
1.4758e+02
1.4879e+02
1.4997e+02
1.5108e+02
1.5211e+02
1.5302e+02
1.5380e+02
1.5443e+02
1.5490e+02
1.5519e+02
1.5534e+02
1.5533e+02
1.5521e+02
1.5498e+02
1.5467e+02
1.5433e+02
1.5398e+02
1.5368e+02
1.5348e+02
1.5343e+02
1.5359e+02
1.5399e+02
1.5465e+02
1.5561e+02
1.5685e+02
1.5836e+02
1.6010e+02
1.6202e+02
1.6404e+02
1.6610e+02
1.6812e+02
1.7003e+02
1.7177e+02
1.7331e+02
1.7463e+02
1.7570e+02
1.7655e+02
1.7718e+02
1.7762e+02
1.7792e+02
1.7810e+02
1.7820e+02
1.7824e+02
1.7826e+02
1.7828e+02
1.7831e+02
1.7838e+02
1.7851e+02
1.7871e+02
1.7898e+02
1.7933e+02
1.7977e+02
1.8030e+02
1.8088e+02
1.8151e+02
1.8213e+02
1.8273e+02
1.8324e+02
1.8363e+02
1.8386e+02
1.8386e+02
1.8359e+02
1.8301e+02
1.8208e+02
1.8077e+02
1.7906e+02
1.7695e+02
1.7446e+02
1.7162e+02
1.6851e+02
1.6522e+02
1.6189e+02
1.5865e+02
1.5566e+02
1.5309e+02
1.5107e+02
1.4970e+02
1.4907e+02
1.4918e+02
1.4999e+02
1.5142e+02
1.5333e+02
1.5555e+02
1.5789e+02
1.6017e+02
1.6225e+02
1.6401e+02
1.6537e+02
1.6630e+02
1.6681e+02
1.6694e+02
1.6678e+02
1.6641e+02
1.6594e+02
1.6546e+02
1.6503e+02
1.6472e+02
1.6455e+02
1.6454e+02
1.6470e+02
1.6499e+02
1.6538e+02
1.6585e+02
1.6635e+02
1.6683e+02
1.6723e+02
1.6752e+02
1.6763e+02
1.6753e+02
1.6718e+02
1.6658e+02
1.6573e+02
1.6465e+02
1.6338e+02
1.6197e+02
1.6051e+02
1.5908e+02
1.5773e+02
1.5654e+02
1.5557e+02
1.5485e+02
1.5437e+02
1.5411e+02
1.5402e+02
1.5404e+02
1.5408e+02
1.5408e+02
1.5398e+02
1.5372e+02
1.5330e+02
1.5275e+02
1.5212e+02
1.5151e+02
1.5102e+02
1.5076e+02
1.5083e+02
1.5133e+02
1.5233e+02
1.5381e+02
1.5572e+02
1.5795e+02
1.6034e+02
1.6270e+02
1.6481e+02
1.6646e+02
1.6747e+02
1.6767e+02
1.6699e+02
1.6540e+02
1.6297e+02
1.5982e+02
1.5612e+02
1.5208e+02
1.4791e+02
1.4383e+02
1.4002e+02
1.3662e+02
1.3371e+02
1.3134e+02
1.2949e+02
1.2812e+02
1.2714e+02
1.2646e+02
1.2597e+02
1.2559e+02
1.2523e+02
1.2482e+02
1.2431e+02
1.2366e+02
1.2287e+02
1.2196e+02
1.2096e+02
1.1989e+02
1.1881e+02
1.1775e+02
1.1675e+02
1.1584e+02
1.1505e+02
1.1440e+02
1.1388e+02
1.1347e+02
1.1315e+02
1.1289e+02
1.1266e+02
1.1244e+02
1.1222e+02
1.1199e+02
1.1175e+02
1.1148e+02
1.1121e+02
1.1095e+02
1.1070e+02
1.1046e+02
1.1024e+02
1.1003e+02
1.0982e+02
1.0960e+02
1.0939e+02
1.0918e+02
1.0897e+02
1.0876e+02
1.0853e+02
1.0828e+02
1.0799e+02
1.0762e+02
1.0713e+02
1.0649e+02
1.0567e+02
1.0464e+02
1.0337e+02
1.0185e+02
1.0008e+02
9.8073e+01
9.5839e+01
9.3412e+01
9.0835e+01
8.8147e+01
8.5394e+01
8.2637e+01
7.9942e+01
7.7371e+01
7.4990e+01
7.2873e+01
7.1086e+01
6.9688e+01
6.8722e+01
6.8201e+01
6.8113e+01
6.8427e+01
6.9093e+01
7.0050e+01
7.1233e+01
7.2574e+01
7.4022e+01
7.5548e+01
7.7139e+01
7.8801e+01
8.0549e+01
8.2392e+01
8.4338e+01
8.6389e+01
8.8537e+01
9.0751e+01
9.2992e+01
9.5215e+01
9.7368e+01
9.9404e+01
1.0130e+02
1.0306e+02
1.0468e+02
1.0622e+02
1.0771e+02
1.0922e+02
1.1083e+02
1.1259e+02
1.1456e+02
1.1681e+02
1.1938e+02
1.2229e+02
1.2556e+02
1.2920e+02
1.3317e+02
1.3743e+02
1.4191e+02
1.4653e+02
1.5119e+02
1.5577e+02
1.6014e+02
1.6420e+02
1.6784e+02
1.7098e+02
1.7357e+02
1.7557e+02
1.7702e+02
1.7796e+02
1.7849e+02
1.7869e+02
1.7868e+02
1.7858e+02
1.7848e+02
1.7846e+02
1.7860e+02
1.7894e+02
1.7948e+02
1.8024e+02
1.8117e+02
1.8223e+02
1.8335e+02
1.8447e+02
1.8553e+02
1.8644e+02
1.8713e+02
1.8755e+02
1.8768e+02
1.8750e+02
1.8703e+02
1.8630e+02
1.8536e+02
1.8429e+02
1.8317e+02
1.8209e+02
1.8113e+02
1.8037e+02
1.7987e+02
1.7963e+02
1.7965e+02
1.7990e+02
1.8034e+02
1.8091e+02
1.8154e+02
1.8217e+02
1.8273e+02
1.8318e+02
1.8349e+02
1.8365e+02
1.8366e+02
1.8356e+02
1.8340e+02
1.8322e+02
1.8308e+02
1.8304e+02
1.8315e+02
1.8345e+02
1.8398e+02
1.8474e+02
1.8573e+02
1.8693e+02
1.8831e+02
1.8983e+02
1.9143e+02
1.9309e+02
1.9475e+02
1.9640e+02
1.9802e+02
1.9962e+02
2.0120e+02
2.0277e+02
2.0437e+02
2.0602e+02
2.0772e+02
2.0948e+02
2.1128e+02
2.1310e+02
2.1491e+02
2.1665e+02
2.1829e+02
2.1976e+02
2.2106e+02
2.2216e+02
2.2303e+02
2.2368e+02
2.2413e+02
2.2438e+02
2.2447e+02
2.2441e+02
2.2421e+02
2.2389e+02
2.2346e+02
2.2293e+02
2.2232e+02
2.2165e+02
2.2095e+02
2.2025e+02
2.1959e+02
2.1901e+02
2.1852e+02
2.1818e+02
2.1798e+02
2.1793e+02
2.1800e+02
2.1817e+02
2.1839e+02
2.1862e+02
2.1880e+02
2.1890e+02
2.1888e+02
2.1870e+02
2.1836e+02
2.1784e+02
2.1713e+02
2.1624e+02
2.1520e+02
2.1400e+02
2.1270e+02
2.1132e+02
2.0991e+02
2.0851e+02
2.0717e+02
2.0595e+02
2.0491e+02
2.0408e+02
2.0349e+02
2.0316e+02
2.0307e+02
2.0321e+02
2.0355e+02
2.0404e+02
2.0464e+02
2.0529e+02
2.0597e+02
2.0664e+02
2.0728e+02
2.0787e+02
2.0841e+02
2.0889e+02
2.0930e+02
2.0965e+02
2.0993e+02
2.1014e+02
2.1026e+02
2.1031e+02
2.1027e+02
2.1016e+02
2.1002e+02
2.0988e+02
2.0978e+02
2.0977e+02
2.0994e+02
2.1033e+02
2.1099e+02
2.1197e+02
2.1328e+02
2.1492e+02
2.1687e+02
2.1908e+02
2.2151e+02
2.2408e+02
2.2672e+02
2.2934e+02
2.3188e+02
2.3426e+02
2.3643e+02
2.3836e+02
2.4002e+02
2.4142e+02
2.4256e+02
2.4346e+02
2.4413e+02
2.4461e+02
2.4490e+02
2.4504e+02
2.4504e+02
2.4491e+02
2.4466e+02
2.4428e+02
2.4377e+02
2.4315e+02
2.4241e+02
2.4158e+02
2.4066e+02
2.3968e+02
2.3868e+02
2.3770e+02
2.3677e+02
2.3595e+02
2.3525e+02
2.3472e+02
2.3436e+02
2.3418e+02
2.3419e+02
2.3436e+02
2.3467e+02
2.3506e+02
2.3550e+02
2.3592e+02
2.3626e+02
2.3646e+02
2.3648e+02
2.3627e+02
2.3579e+02
2.3503e+02
2.3399e+02
2.3267e+02
2.3111e+02
2.2934e+02
2.2742e+02
2.2541e+02
2.2338e+02
2.2139e+02
2.1952e+02
2.1787e+02
2.1649e+02
2.1546e+02
2.1480e+02
2.1452e+02
2.1460e+02
2.1497e+02
2.1556e+02
2.1624e+02
2.1686e+02
2.1724e+02
2.1725e+02
2.1673e+02
2.1560e+02
2.1379e+02
2.1130e+02
2.0817e+02
2.0450e+02
2.0039e+02
1.9599e+02
1.9145e+02
1.8693e+02
1.8253e+02
1.7837e+02
1.7451e+02
1.7101e+02
1.6788e+02
1.6514e+02
1.6276e+02
1.6075e+02
1.5910e+02
1.5778e+02
1.5677e+02
1.5604e+02
1.5558e+02
1.5538e+02
1.5541e+02
1.5565e+02
1.5604e+02
1.5657e+02
1.5720e+02
1.5791e+02
1.5866e+02
1.5941e+02
1.6014e+02
1.6081e+02
1.6139e+02
1.6186e+02
1.6220e+02
1.6238e+02
1.6242e+02
1.6231e+02
1.6206e+02
1.6169e+02
1.6124e+02
1.6075e+02
1.6024e+02
1.5977e+02
1.5941e+02
1.5920e+02
1.5921e+02
1.5948e+02
1.6008e+02
1.6103e+02
1.6236e+02
1.6406e+02
1.6612e+02
1.6848e+02
1.7106e+02
1.7376e+02
1.7644e+02
1.7896e+02
1.8118e+02
1.8299e+02
1.8428e+02
1.8499e+02
1.8508e+02
1.8459e+02
1.8357e+02
1.8210e+02
1.8030e+02
1.7830e+02
1.7621e+02
1.7416e+02
1.7223e+02
1.7051e+02
1.6906e+02
1.6789e+02
1.6702e+02
1.6644e+02
1.6613e+02
1.6607e+02
1.6624e+02
1.6658e+02
1.6707e+02
1.6765e+02
1.6827e+02
1.6886e+02
1.6935e+02
1.6970e+02
1.6983e+02
1.6970e+02
1.6928e+02
1.6855e+02
1.6749e+02
1.6613e+02
1.6451e+02
1.6269e+02
1.6074e+02
1.5874e+02
1.5677e+02
1.5492e+02
1.5328e+02
1.5192e+02
1.5091e+02
1.5030e+02
1.5010e+02
1.5030e+02
1.5090e+02
1.5181e+02
1.5297e+02
1.5427e+02
1.5560e+02
1.5683e+02
1.5786e+02
1.5857e+02
1.5888e+02
1.5875e+02
1.5816e+02
1.5711e+02
1.5564e+02
1.5382e+02
1.5171e+02
1.4941e+02
1.4702e+02
1.4462e+02
1.4233e+02
1.4021e+02
1.3834e+02
1.3676e+02
1.3552e+02
1.3464e+02
1.3412e+02
1.3395e+02
1.3409e+02
1.3451e+02
1.3513e+02
1.3590e+02
1.3673e+02
1.3757e+02
1.3837e+02
1.3907e+02
1.3966e+02
1.4011e+02
1.4043e+02
1.4063e+02
1.4074e+02
1.4079e+02
1.4080e+02
1.4078e+02
1.4074e+02
1.4069e+02
1.4060e+02
1.4047e+02
1.4029e+02
1.4004e+02
1.3972e+02
1.3932e+02
1.3886e+02
1.3836e+02
1.3784e+02
1.3733e+02
1.3688e+02
1.3652e+02
1.3630e+02
1.3625e+02
1.3639e+02
1.3673e+02
1.3731e+02
1.3812e+02
1.3914e+02
1.4036e+02
1.4175e+02
1.4324e+02
1.4481e+02
1.4637e+02
1.4785e+02
1.4920e+02
1.5035e+02
1.5125e+02
1.5186e+02
1.5216e+02
1.5212e+02
1.5176e+02
1.5109e+02
1.5013e+02
1.4893e+02
1.4751e+02
1.4593e+02
1.4424e+02
1.4249e+02
1.4075e+02
1.3906e+02
1.3747e+02
1.3603e+02
1.3478e+02
1.3374e+02
1.3295e+02
1.3241e+02
1.3212e+02
1.3206e+02
1.3219e+02
1.3249e+02
1.3291e+02
1.3340e+02
1.3392e+02
1.3442e+02
1.3490e+02
1.3532e+02
1.3568e+02
1.3596e+02
1.3618e+02
1.3634e+02
1.3646e+02
1.3652e+02
1.3655e+02
1.3654e+02
1.3649e+02
1.3639e+02
1.3623e+02
1.3600e+02
1.3570e+02
1.3530e+02
1.3479e+02
1.3415e+02
1.3337e+02
1.3246e+02
1.3138e+02
1.3013e+02
1.2870e+02
1.2709e+02
1.2530e+02
1.2335e+02
1.2126e+02
1.1907e+02
1.1682e+02
1.1457e+02
1.1239e+02
1.1032e+02
1.0844e+02
1.0680e+02
1.0544e+02
1.0441e+02
1.0374e+02
1.0344e+02
1.0351e+02
1.0394e+02
1.0470e+02
1.0576e+02
1.0707e+02
1.0857e+02
1.1018e+02
1.1184e+02
1.1348e+02
1.1506e+02
1.1652e+02
1.1783e+02
1.1898e+02
1.1996e+02
1.2082e+02
1.2157e+02
1.2228e+02
1.2299e+02
1.2376e+02
1.2462e+02
1.2558e+02
1.2666e+02
1.2784e+02
1.2908e+02
1.3034e+02
1.3158e+02
1.3273e+02
1.3376e+02
1.3463e+02
1.3529e+02
1.3574e+02
1.3598e+02
1.3603e+02
1.3594e+02
1.3574e+02
1.3550e+02
1.3529e+02
1.3518e+02
1.3525e+02
1.3558e+02
1.3623e+02
1.3725e+02
1.3867e+02
1.4050e+02
1.4271e+02
1.4526e+02
1.4806e+02
1.5102e+02
1.5402e+02
1.5694e+02
1.5968e+02
1.6212e+02
1.6420e+02
1.6586e+02
1.6711e+02
1.6795e+02
1.6844e+02
1.6865e+02
1.6866e+02
1.6857e+02
1.6846e+02
1.6842e+02
1.6850e+02
1.6873e+02
1.6913e+02
1.6971e+02
1.7043e+02
1.7125e+02
1.7214e+02
1.7303e+02
1.7388e+02
1.7462e+02
1.7521e+02
1.7561e+02
1.7580e+02
1.7574e+02
1.7543e+02
1.7488e+02
1.7410e+02
1.7313e+02
1.7197e+02
1.7066e+02
1.6923e+02
1.6770e+02
1.6610e+02
1.6445e+02
1.6278e+02
1.6109e+02
1.5941e+02
1.5775e+02
1.5613e+02
1.5459e+02
1.5316e+02
1.5189e+02
1.5084e+02
1.5006e+02
1.4961e+02
1.4952e+02
1.4984e+02
1.5058e+02
1.5176e+02
1.5336e+02
1.5535e+02
1.5769e+02
1.6032e+02
1.6316e+02
1.6616e+02
1.6922e+02
1.7227e+02
1.7524e+02
1.7806e+02
1.8066e+02
1.8302e+02
1.8510e+02
1.8687e+02
1.8832e+02
1.8946e+02
1.9029e+02
1.9084e+02
1.9114e+02
1.9125e+02
1.9121e+02
1.9108e+02
1.9091e+02
1.9074e+02
1.9062e+02
1.9058e+02
1.9063e+02
1.9078e+02
1.9104e+02
1.9139e+02
1.9181e+02
1.9228e+02
1.9281e+02
1.9338e+02
1.9397e+02
1.9458e+02
1.9521e+02
1.9584e+02
1.9648e+02
1.9708e+02
1.9763e+02
1.9807e+02
1.9836e+02
1.9843e+02
1.9826e+02
1.9780e+02
1.9706e+02
1.9603e+02
1.9473e+02
1.9321e+02
1.9153e+02
1.8972e+02
1.8785e+02
1.8596e+02
1.8407e+02
1.8218e+02
1.8030e+02
1.7841e+02
1.7650e+02
1.7457e+02
1.7261e+02
1.7064e+02
1.6870e+02
1.6680e+02
1.6501e+02
1.6337e+02
1.6192e+02
1.6068e+02
1.5965e+02
1.5881e+02
1.5814e+02
1.5759e+02
1.5711e+02
1.5668e+02
1.5626e+02
1.5582e+02
1.5538e+02
1.5493e+02
1.5448e+02
1.5406e+02
1.5368e+02
1.5335e+02
1.5308e+02
1.5285e+02
1.5264e+02
1.5242e+02
1.5219e+02
1.5192e+02
1.5161e+02
1.5127e+02
1.5091e+02
1.5057e+02
1.5029e+02
1.5014e+02
1.5016e+02
1.5039e+02
1.5086e+02
1.5158e+02
1.5253e+02
1.5367e+02
1.5496e+02
1.5634e+02
1.5771e+02
1.5902e+02
1.6020e+02
1.6118e+02
1.6195e+02
1.6250e+02
1.6284e+02
1.6300e+02
1.6305e+02
1.6303e+02
1.6302e+02
1.6307e+02
1.6323e+02
1.6356e+02
1.6408e+02
1.6483e+02
1.6585e+02
1.6714e+02
1.6872e+02
1.7059e+02
1.7272e+02
1.7510e+02
1.7765e+02
1.8030e+02
1.8295e+02
1.8547e+02
1.8773e+02
1.8957e+02
1.9087e+02
1.9150e+02
1.9137e+02
1.9043e+02
1.8869e+02
1.8619e+02
1.8303e+02
1.7932e+02
1.7524e+02
1.7093e+02
1.6658e+02
1.6234e+02
1.5834e+02
1.5473e+02
1.5158e+02
1.4896e+02
1.4689e+02
1.4538e+02
1.4443e+02
1.4398e+02
1.4400e+02
1.4445e+02
1.4527e+02
1.4642e+02
1.4783e+02
1.4945e+02
1.5119e+02
1.5300e+02
1.5481e+02
1.5656e+02
1.5819e+02
1.5964e+02
1.6089e+02
1.6190e+02
1.6266e+02
1.6315e+02
1.6340e+02
1.6341e+02
1.6322e+02
1.6286e+02
1.6237e+02
1.6179e+02
1.6115e+02
1.6049e+02
1.5983e+02
1.5920e+02
1.5862e+02
1.5810e+02
1.5764e+02
1.5722e+02
1.5681e+02
1.5640e+02
1.5595e+02
1.5543e+02
1.5479e+02
1.5404e+02
1.5315e+02
1.5216e+02
1.5107e+02
1.4995e+02
1.4883e+02
1.4778e+02
1.4685e+02
1.4607e+02
1.4548e+02
1.4510e+02
1.4492e+02
1.4492e+02
1.4508e+02
1.4534e+02
1.4566e+02
1.4598e+02
1.4624e+02
1.4641e+02
1.4645e+02
1.4632e+02
1.4600e+02
1.4545e+02
1.4466e+02
1.4361e+02
1.4232e+02
1.4078e+02
1.3901e+02
1.3703e+02
1.3490e+02
1.3264e+02
1.3031e+02
1.2797e+02
1.2567e+02
1.2346e+02
1.2139e+02
1.1950e+02
1.1779e+02
1.1628e+02
1.1497e+02
1.1383e+02
1.1287e+02
1.1205e+02
1.1135e+02
1.1077e+02
1.1029e+02
1.0990e+02
1.0959e+02
1.0937e+02
1.0924e+02
1.0919e+02
1.0923e+02
1.0937e+02
1.0960e+02
1.0994e+02
1.1039e+02
1.1095e+02
1.1163e+02
1.1241e+02
1.1330e+02
1.1430e+02
1.1539e+02
1.1654e+02
1.1776e+02
1.1901e+02
1.2026e+02
1.2149e+02
1.2268e+02
1.2378e+02
1.2479e+02
1.2568e+02
1.2640e+02
1.2693e+02
1.2722e+02
1.2724e+02
1.2696e+02
1.2635e+02
1.2541e+02
1.2413e+02
1.2255e+02
1.2070e+02
1.1865e+02
1.1646e+02
1.1421e+02
1.1199e+02
1.0987e+02
1.0792e+02
1.0618e+02
1.0469e+02
1.0344e+02
1.0243e+02
1.0161e+02
1.0094e+02
1.0038e+02
9.9878e+01
9.9403e+01
9.8937e+01
9.8472e+01
9.8017e+01
9.7594e+01
9.7233e+01
9.6972e+01
9.6853e+01
9.6909e+01
9.7161e+01
9.7617e+01
9.8271e+01
9.9109e+01
1.0010e+02
1.0122e+02
1.0242e+02
1.0367e+02
1.0493e+02
1.0617e+02
1.0737e+02
1.0851e+02
1.0956e+02
1.1052e+02
1.1136e+02
1.1206e+02
1.1260e+02
1.1294e+02
1.1308e+02
1.1299e+02
1.1266e+02
1.1208e+02
1.1125e+02
1.1018e+02
1.0890e+02
1.0745e+02
1.0587e+02
1.0421e+02
1.0253e+02
1.0088e+02
9.9311e+01
9.7864e+01
9.6583e+01
9.5497e+01
9.4633e+01
9.4008e+01
9.3621e+01
9.3464e+01
9.3521e+01
9.3770e+01
9.4174e+01
9.4696e+01
9.5300e+01
9.5944e+01
9.6593e+01
9.7220e+01
9.7802e+01
9.8321e+01
9.8768e+01
9.9142e+01
9.9446e+01
9.9684e+01
9.9863e+01
9.9988e+01
1.0006e+02
1.0009e+02
1.0006e+02
9.9979e+01
9.9828e+01
9.9611e+01
9.9328e+01
9.8978e+01
9.8564e+01
9.8093e+01
9.7568e+01
9.6988e+01
9.6348e+01
9.5635e+01
9.4833e+01
9.3916e+01
9.2856e+01
9.1628e+01
9.0200e+01
8.8558e+01
8.6708e+01
8.4667e+01
8.2474e+01
8.0180e+01
7.7854e+01
7.5575e+01
7.3421e+01
7.1467e+01
6.9777e+01
6.8389e+01
6.7321e+01
6.6569e+01
6.6103e+01
6.5872e+01
6.5809e+01
6.5848e+01
6.5929e+01
6.5999e+01
6.6027e+01
6.6000e+01
6.5927e+01
6.5841e+01
6.5784e+01
6.5802e+01
6.5947e+01
6.6260e+01
6.6756e+01
6.7435e+01
6.8274e+01
6.9238e+01
7.0268e+01
7.1298e+01
7.2260e+01
7.3103e+01
7.3789e+01
7.4300e+01
7.4641e+01
7.4831e+01
7.4902e+01
7.4895e+01
7.4851e+01
7.4807e+01
7.4797e+01
7.4839e+01
7.4948e+01
7.5140e+01
7.5424e+01
7.5807e+01
7.6297e+01
7.6914e+01
7.7681e+01
7.8611e+01
7.9707e+01
8.0965e+01
8.2378e+01
8.3910e+01
8.5512e+01
8.7133e+01
8.8709e+01
9.0182e+01
9.1505e+01
9.2644e+01
9.3586e+01
9.4327e+01
9.4880e+01
9.5266e+01
9.5517e+01
9.5664e+01
9.5730e+01
9.5733e+01
9.5681e+01
9.5578e+01
9.5419e+01
9.5179e+01
9.4838e+01
9.4386e+01
9.3811e+01
9.3112e+01
9.2297e+01
9.1393e+01
9.0433e+01
8.9462e+01
8.8536e+01
8.7718e+01
8.7066e+01
8.6630e+01
8.6454e+01
8.6562e+01
8.6957e+01
8.7628e+01
8.8542e+01
8.9647e+01
9.0872e+01
9.2150e+01
9.3422e+01
9.4629e+01
9.5740e+01
9.6736e+01
9.7611e+01
9.8377e+01
9.9061e+01
9.9690e+01
1.0029e+02
1.0090e+02
1.0153e+02
1.0220e+02
1.0290e+02
1.0364e+02
1.0441e+02
1.0519e+02
1.0598e+02
1.0679e+02
1.0763e+02
1.0850e+02
1.0943e+02
1.1044e+02
1.1154e+02
1.1276e+02
1.1409e+02
1.1554e+02
1.1708e+02
1.1868e+02
1.2032e+02
1.2195e+02
1.2354e+02
1.2504e+02
1.2643e+02
1.2769e+02
1.2879e+02
1.2974e+02
1.3055e+02
1.3122e+02
1.3178e+02
1.3222e+02
1.3257e+02
1.3283e+02
1.3299e+02
1.3307e+02
1.3305e+02
1.3297e+02
1.3283e+02
1.3267e+02
1.3253e+02
1.3249e+02
1.3262e+02
1.3300e+02
1.3368e+02
1.3472e+02
1.3615e+02
1.3796e+02
1.4011e+02
1.4257e+02
1.4523e+02
1.4798e+02
1.5071e+02
1.5329e+02
1.5563e+02
1.5765e+02
1.5929e+02
1.6054e+02
1.6138e+02
1.6185e+02
1.6199e+02
1.6185e+02
1.6150e+02
1.6098e+02
1.6035e+02
1.5962e+02
1.5881e+02
1.5791e+02
1.5691e+02
1.5577e+02
1.5448e+02
1.5299e+02
1.5129e+02
1.4937e+02
1.4724e+02
1.4491e+02
1.4244e+02
1.3990e+02
1.3736e+02
1.3490e+02
1.3261e+02
1.3056e+02
1.2882e+02
1.2741e+02
1.2638e+02
1.2571e+02
1.2536e+02
1.2530e+02
1.2545e+02
1.2576e+02
1.2615e+02
1.2655e+02
1.2693e+02
1.2724e+02
1.2747e+02
1.2761e+02
1.2767e+02
1.2766e+02
1.2759e+02
1.2750e+02
1.2740e+02
1.2731e+02
1.2726e+02
1.2725e+02
1.2731e+02
1.2744e+02
1.2768e+02
1.2802e+02
1.2849e+02
1.2909e+02
1.2983e+02
1.3068e+02
1.3163e+02
1.3263e+02
1.3363e+02
1.3457e+02
1.3540e+02
1.3605e+02
1.3648e+02
1.3665e+02
1.3654e+02
1.3617e+02
1.3554e+02
1.3471e+02
1.3371e+02
1.3260e+02
1.3143e+02
1.3024e+02
1.2908e+02
1.2796e+02
1.2691e+02
1.2592e+02
1.2497e+02
1.2407e+02
1.2319e+02
1.2233e+02
1.2149e+02
1.2065e+02
1.1985e+02
1.1908e+02
1.1836e+02
1.1770e+02
1.1713e+02
1.1664e+02
1.1626e+02
1.1598e+02
1.1582e+02
1.1575e+02
1.1576e+02
1.1583e+02
1.1594e+02
1.1606e+02
1.1616e+02
1.1623e+02
1.1623e+02
1.1616e+02
1.1600e+02
1.1574e+02
1.1539e+02
1.1495e+02
1.1442e+02
1.1383e+02
1.1319e+02
1.1252e+02
1.1183e+02
1.1114e+02
1.1048e+02
1.0986e+02
1.0930e+02
1.0883e+02
1.0848e+02
1.0827e+02
1.0823e+02
1.0838e+02
1.0872e+02
1.0924e+02
1.0994e+02
1.1079e+02
1.1176e+02
1.1281e+02
1.1387e+02
1.1489e+02
1.1582e+02
1.1662e+02
1.1727e+02
1.1773e+02
1.1800e+02
1.1809e+02
1.1801e+02
1.1780e+02
1.1747e+02
1.1707e+02
1.1663e+02
1.1616e+02
1.1571e+02
1.1528e+02
1.1489e+02
1.1454e+02
1.1425e+02
1.1400e+02
1.1380e+02
1.1362e+02
1.1347e+02
1.1335e+02
1.1326e+02
1.1319e+02
1.1317e+02
1.1320e+02
1.1328e+02
1.1342e+02
1.1362e+02
1.1388e+02
1.1421e+02
1.1459e+02
1.1500e+02
1.1541e+02
1.1582e+02
1.1620e+02
1.1654e+02
1.1682e+02
1.1704e+02
1.1720e+02
1.1731e+02
1.1740e+02
1.1749e+02
1.1763e+02
1.1785e+02
1.1818e+02
1.1868e+02
1.1936e+02
1.2026e+02
1.2140e+02
1.2276e+02
1.2432e+02
1.2605e+02
1.2789e+02
1.2978e+02
1.3164e+02
1.3342e+02
1.3503e+02
1.3644e+02
1.3761e+02
1.3851e+02
1.3915e+02
1.3956e+02
1.3977e+02
1.3983e+02
1.3979e+02
1.3969e+02
1.3957e+02
1.3946e+02
1.3935e+02
1.3925e+02
1.3914e+02
1.3902e+02
1.3885e+02
1.3861e+02
1.3827e+02
1.3781e+02
1.3724e+02
1.3655e+02
1.3575e+02
1.3486e+02
1.3389e+02
1.3287e+02
1.3184e+02
1.3081e+02
1.2982e+02
1.2890e+02
1.2807e+02
1.2735e+02
1.2674e+02
1.2624e+02
1.2586e+02
1.2560e+02
1.2543e+02
1.2533e+02
1.2528e+02
1.2528e+02
1.2530e+02
1.2534e+02
1.2540e+02
1.2550e+02
1.2563e+02
1.2580e+02
1.2603e+02
1.2631e+02
1.2666e+02
1.2709e+02
1.2759e+02
1.2818e+02
1.2884e+02
1.2955e+02
1.3032e+02
1.3113e+02
1.3195e+02
1.3277e+02
1.3356e+02
1.3430e+02
1.3495e+02
1.3550e+02
1.3592e+02
1.3618e+02
1.3628e+02
1.3618e+02
1.3587e+02
1.3532e+02
1.3454e+02
1.3352e+02
1.3226e+02
1.3077e+02
1.2906e+02
1.2717e+02
1.2512e+02
1.2298e+02
1.2080e+02
1.1865e+02
1.1659e+02
1.1469e+02
1.1300e+02
1.1156e+02
1.1040e+02
1.0953e+02
1.0894e+02
1.0862e+02
1.0853e+02
1.0865e+02
1.0894e+02
1.0937e+02
1.0990e+02
1.1052e+02
1.1118e+02
1.1187e+02
1.1257e+02
1.1325e+02
1.1388e+02
1.1444e+02
1.1489e+02
1.1519e+02
1.1532e+02
1.1525e+02
1.1496e+02
1.1445e+02
1.1371e+02
1.1277e+02
1.1166e+02
1.1042e+02
1.0908e+02
1.0770e+02
1.0630e+02
1.0492e+02
1.0359e+02
1.0231e+02
1.0110e+02
9.9943e+01
9.8852e+01
9.7817e+01
9.6832e+01
9.5895e+01
9.5004e+01
9.4161e+01
9.3363e+01
9.2608e+01
9.1885e+01
9.1177e+01
9.0463e+01
8.9725e+01
8.8936e+01
8.8072e+01
8.7118e+01
8.6064e+01
8.4923e+01
8.3724e+01
8.2503e+01
8.1311e+01
8.0208e+01
7.9248e+01
7.8489e+01
7.7990e+01
7.7780e+01
7.7856e+01
7.8186e+01
7.8709e+01
7.9331e+01
7.9948e+01
8.0444e+01
8.0686e+01
8.0551e+01
7.9950e+01
7.8826e+01
7.7154e+01
7.4960e+01
7.2315e+01
6.9325e+01
6.6121e+01
6.2845e+01
5.9637e+01
5.6623e+01
5.3913e+01
5.1577e+01
4.9659e+01
4.8172e+01
4.7088e+01
4.6358e+01
4.5943e+01
4.5783e+01
4.5794e+01
4.5900e+01
4.6015e+01
4.6041e+01
4.5883e+01
4.5453e+01
4.4677e+01
4.3484e+01
4.1823e+01
3.9667e+01
3.7025e+01
3.3954e+01
3.0548e+01
2.6933e+01
2.3253e+01
1.9671e+01
1.6340e+01
1.3393e+01
1.0939e+01
9.0411e+00
7.7284e+00
6.9888e+00
6.7690e+00
6.9899e+00
7.5695e+00
8.4206e+00
9.4595e+00
1.0623e+01
1.1860e+01
1.3116e+01
1.4366e+01
1.5605e+01
1.6822e+01
1.7999e+01
1.9103e+01
2.0079e+01
2.0869e+01
2.1399e+01
2.1592e+01
2.1382e+01
2.0713e+01
1.9552e+01
1.7906e+01
1.5819e+01
1.3375e+01
1.0711e+01
7.9893e+00
5.3948e+00
3.1243e+00
1.3650e+00
2.8206e-01
0000
5.9436e-01
2.0892e+00
4.4507e+00
7.5831e+00
1.1349e+01
1.5583e+01
2.0100e+01
2.4720e+01
2.9278e+01
3.3631e+01
3.7667e+01
4.1306e+01
4.4510e+01
4.7289e+01
4.9689e+01
5.1775e+01
5.3629e+01
5.5347e+01
5.7024e+01
5.8756e+01
6.0643e+01
6.2769e+01
6.5193e+01
6.7963e+01
7.1118e+01
7.4679e+01
7.8652e+01
8.3023e+01
8.7762e+01
9.2828e+01
9.8161e+01
1.0369e+02
1.0933e+02
1.1499e+02
1.2057e+02
1.2599e+02
1.3114e+02
1.3595e+02
