4.7021e+02
4.7139e+02
4.7277e+02
4.7428e+02
4.7586e+02
4.7746e+02
4.7901e+02
4.8041e+02
4.8162e+02
4.8255e+02
4.8316e+02
4.8341e+02
4.8331e+02
4.8285e+02
4.8206e+02
4.8099e+02
4.7969e+02
4.7824e+02
4.7670e+02
4.7513e+02
4.7356e+02
4.7201e+02
4.7049e+02
4.6900e+02
4.6752e+02
4.6601e+02
4.6446e+02
4.6285e+02
4.6118e+02
4.5948e+02
4.5780e+02
4.5620e+02
4.5475e+02
4.5352e+02
4.5257e+02
4.5196e+02
4.5171e+02
4.5181e+02
4.5226e+02
4.5301e+02
4.5402e+02
4.5523e+02
4.5658e+02
4.5804e+02
4.5958e+02
4.6120e+02
4.6291e+02
4.6474e+02
4.6670e+02
4.6880e+02
4.7105e+02
4.7346e+02
4.7601e+02
4.7866e+02
4.8136e+02
4.8404e+02
4.8662e+02
4.8904e+02
4.9124e+02
4.9317e+02
4.9477e+02
4.9605e+02
4.9698e+02
4.9757e+02
4.9785e+02
4.9785e+02
4.9763e+02
4.9725e+02
4.9676e+02
4.9624e+02
4.9573e+02
4.9529e+02
4.9496e+02
4.9476e+02
4.9471e+02
4.9482e+02
4.9506e+02
4.9544e+02
4.9593e+02
4.9652e+02
4.9720e+02
4.9798e+02
4.9888e+02
4.9990e+02
5.0106e+02
5.0240e+02
5.0392e+02
5.0563e+02
5.0752e+02
5.0953e+02
5.1163e+02
5.1375e+02
5.1582e+02
5.1777e+02
5.1954e+02
5.2107e+02
5.2234e+02
5.2333e+02
5.2407e+02
5.2460e+02
5.2496e+02
5.2521e+02
5.2542e+02
5.2564e+02
5.2591e+02
5.2626e+02
5.2668e+02
5.2714e+02
5.2757e+02
5.2793e+02
5.2814e+02
5.2814e+02
5.2788e+02
5.2732e+02
5.2645e+02
5.2528e+02
5.2385e+02
5.2222e+02
5.2047e+02
5.1867e+02
5.1689e+02
5.1516e+02
5.1354e+02
5.1200e+02
5.1053e+02
5.0909e+02
5.0763e+02
5.0611e+02
5.0448e+02
5.0271e+02
5.0080e+02
4.9874e+02
4.9658e+02
4.9434e+02
4.9208e+02
4.8984e+02
4.8766e+02
4.8554e+02
4.8349e+02
4.8149e+02
4.7950e+02
4.7749e+02
4.7540e+02
4.7319e+02
4.7081e+02
4.6825e+02
4.6551e+02
4.6259e+02
4.5953e+02
4.5636e+02
4.5313e+02
4.4990e+02
4.4671e+02
4.4361e+02
4.4063e+02
4.3777e+02
4.3507e+02
4.3250e+02
4.3007e+02
4.2774e+02
4.2549e+02
4.2325e+02
4.2101e+02
4.1875e+02
4.1644e+02
4.1407e+02
4.1162e+02
4.0913e+02
4.0662e+02
4.0414e+02
4.0173e+02
3.9946e+02
3.9737e+02
3.9553e+02
3.9397e+02
3.9274e+02
3.9183e+02
3.9124e+02
3.9094e+02
3.9089e+02
3.9104e+02
3.9131e+02
3.9164e+02
3.9195e+02
3.9217e+02
3.9227e+02
3.9221e+02
3.9196e+02
3.9153e+02
3.9092e+02
3.9015e+02
3.8928e+02
3.8834e+02
3.8739e+02
3.8646e+02
3.8559e+02
3.8481e+02
3.8414e+02
3.8362e+02
3.8325e+02
3.8303e+02
3.8297e+02
3.8305e+02
3.8327e+02
3.8359e+02
3.8398e+02
3.8439e+02
3.8478e+02
3.8509e+02
3.8528e+02
3.8531e+02
3.8514e+02
3.8476e+02
3.8418e+02
3.8344e+02
3.8257e+02
3.8165e+02
3.8074e+02
3.7992e+02
3.7925e+02
3.7881e+02
3.7863e+02
3.7876e+02
3.7918e+02
3.7987e+02
3.8082e+02
3.8196e+02
3.8324e+02
3.8461e+02
3.8598e+02
3.8730e+02
3.8851e+02
3.8955e+02
3.9038e+02
3.9096e+02
3.9128e+02
3.9135e+02
3.9117e+02
3.9076e+02
3.9014e+02
3.8934e+02
3.8839e+02
3.8734e+02
3.8622e+02
3.8505e+02
3.8386e+02
3.8269e+02
3.8155e+02
3.8048e+02
3.7949e+02
3.7860e+02
3.7779e+02
3.7708e+02
3.7644e+02
3.7585e+02
3.7530e+02
3.7474e+02
3.7415e+02
3.7348e+02
3.7270e+02
3.7180e+02
3.7074e+02
3.6955e+02
3.6823e+02
3.6681e+02
3.6534e+02
3.6386e+02
3.6242e+02
3.6110e+02
3.5995e+02
3.5903e+02
3.5837e+02
3.5800e+02
3.5793e+02
3.5816e+02
3.5864e+02
3.5934e+02
3.6019e+02
3.6112e+02
3.6206e+02
3.6294e+02
3.6369e+02
3.6427e+02
3.6466e+02
3.6485e+02
3.6485e+02
3.6468e+02
3.6440e+02
3.6405e+02
3.6369e+02
3.6337e+02
3.6314e+02
3.6304e+02
3.6311e+02
3.6336e+02
3.6381e+02
3.6447e+02
3.6533e+02
3.6637e+02
3.6756e+02
3.6890e+02
3.7035e+02
3.7187e+02
3.7344e+02
3.7501e+02
3.7653e+02
3.7796e+02
3.7927e+02
3.8042e+02
3.8140e+02
3.8220e+02
3.8282e+02
3.8329e+02
3.8363e+02
3.8393e+02
3.8424e+02
3.8463e+02
3.8520e+02
3.8598e+02
3.8705e+02
3.8844e+02
3.9016e+02
3.9222e+02
3.9460e+02
3.9723e+02
4.0007e+02
4.0301e+02
4.0598e+02
4.0891e+02
4.1170e+02
4.1430e+02
4.1663e+02
4.1867e+02
4.2038e+02
4.2176e+02
4.2283e+02
4.2362e+02
4.2419e+02
4.2460e+02
4.2491e+02
4.2519e+02
4.2551e+02
4.2593e+02
4.2650e+02
4.2726e+02
4.2822e+02
4.2937e+02
4.3069e+02
4.3214e+02
4.3369e+02
4.3530e+02
4.3692e+02
4.3852e+02
4.4005e+02
4.4148e+02
4.4279e+02
4.4396e+02
4.4497e+02
4.4579e+02
4.4639e+02
4.4673e+02
4.4677e+02
4.4648e+02
4.4583e+02
4.4479e+02
4.4338e+02
4.4160e+02
4.3950e+02
4.3714e+02
4.3459e+02
4.3194e+02
4.2928e+02
4.2670e+02
4.2426e+02
4.2201e+02
4.1998e+02
4.1816e+02
4.1654e+02
4.1506e+02
4.1369e+02
4.1239e+02
4.1109e+02
4.0978e+02
4.0842e+02
4.0700e+02
4.0553e+02
4.0403e+02
4.0253e+02
4.0104e+02
3.9959e+02
3.9819e+02
3.9683e+02
3.9551e+02
3.9422e+02
3.9295e+02
3.9167e+02
3.9038e+02
3.8905e+02
3.8769e+02
3.8631e+02
3.8492e+02
3.8353e+02
3.8217e+02
3.8082e+02
3.7951e+02
3.7824e+02
3.7702e+02
3.7585e+02
3.7475e+02
3.7371e+02
3.7274e+02
3.7186e+02
3.7107e+02
3.7040e+02
3.6985e+02
3.6945e+02
3.6919e+02
3.6907e+02
3.6906e+02
3.6915e+02
3.6930e+02
3.6949e+02
3.6966e+02
3.6980e+02
3.6987e+02
3.6987e+02
3.6979e+02
3.6963e+02
3.6940e+02
3.6910e+02
3.6875e+02
3.6838e+02
3.6798e+02
3.6759e+02
3.6722e+02
3.6688e+02
3.6656e+02
3.6629e+02
3.6604e+02
3.6583e+02
3.6565e+02
3.6550e+02
3.6536e+02
3.6522e+02
3.6506e+02
3.6486e+02
3.6460e+02
3.6426e+02
3.6380e+02
3.6324e+02
3.6255e+02
3.6174e+02
3.6082e+02
3.5981e+02
3.5873e+02
3.5759e+02
3.5641e+02
3.5522e+02
3.5401e+02
3.5282e+02
3.5165e+02
3.5049e+02
3.4932e+02
3.4814e+02
3.4694e+02
3.4571e+02
3.4444e+02
3.4315e+02
3.4184e+02
3.4053e+02
3.3923e+02
3.3796e+02
3.3675e+02
3.3561e+02
3.3456e+02
3.3362e+02
3.3280e+02
3.3210e+02
3.3152e+02
3.3109e+02
3.3078e+02
3.3060e+02
3.3053e+02
3.3055e+02
3.3064e+02
3.3078e+02
3.3094e+02
3.3111e+02
3.3126e+02
3.3137e+02
3.3143e+02
3.3146e+02
3.3146e+02
3.3147e+02
3.3153e+02
3.3167e+02
3.3194e+02
3.3237e+02
3.3296e+02
3.3373e+02
3.3467e+02
3.3576e+02
3.3696e+02
3.3824e+02
3.3955e+02
3.4083e+02
3.4204e+02
3.4314e+02
3.4408e+02
3.4483e+02
3.4535e+02
3.4559e+02
3.4552e+02
3.4510e+02
3.4432e+02
3.4318e+02
3.4168e+02
3.3985e+02
3.3777e+02
3.3550e+02
3.3314e+02
3.3081e+02
3.2862e+02
3.2665e+02
3.2500e+02
3.2371e+02
3.2281e+02
3.2226e+02
3.2204e+02
3.2206e+02
3.2225e+02
3.2251e+02
3.2277e+02
3.2297e+02
3.2306e+02
3.2303e+02
3.2288e+02
3.2262e+02
3.2231e+02
3.2198e+02
3.2165e+02
3.2139e+02
3.2121e+02
3.2116e+02
3.2124e+02
3.2146e+02
3.2183e+02
3.2234e+02
3.2301e+02
3.2383e+02
3.2480e+02
3.2594e+02
3.2724e+02
3.2868e+02
3.3023e+02
3.3187e+02
3.3354e+02
3.3522e+02
3.3682e+02
3.3829e+02
3.3955e+02
3.4056e+02
3.4126e+02
3.4162e+02
3.4161e+02
3.4125e+02
3.4055e+02
3.3958e+02
3.3839e+02
3.3709e+02
3.3575e+02
3.3447e+02
3.3334e+02
3.3244e+02
3.3181e+02
3.3150e+02
3.3151e+02
3.3183e+02
3.3241e+02
3.3321e+02
3.3416e+02
3.3521e+02
3.3629e+02
3.3737e+02
3.3842e+02
3.3944e+02
3.4044e+02
3.4144e+02
3.4248e+02
3.4360e+02
3.4482e+02
3.4615e+02
3.4756e+02
3.4900e+02
3.5041e+02
3.5170e+02
3.5278e+02
3.5354e+02
3.5389e+02
3.5374e+02
3.5304e+02
3.5178e+02
3.4999e+02
3.4774e+02
3.4514e+02
3.4232e+02
3.3944e+02
3.3665e+02
3.3412e+02
3.3198e+02
3.3034e+02
3.2928e+02
3.2882e+02
3.2894e+02
3.2959e+02
3.3068e+02
3.3207e+02
3.3364e+02
3.3523e+02
3.3672e+02
3.3798e+02
3.3893e+02
3.3952e+02
3.3972e+02
3.3957e+02
3.3909e+02
3.3835e+02
3.3743e+02
3.3639e+02
3.3533e+02
3.3432e+02
3.3342e+02
3.3269e+02
3.3216e+02
3.3183e+02
3.3170e+02
3.3178e+02
3.3205e+02
3.3248e+02
3.3303e+02
3.3367e+02
3.3436e+02
3.3506e+02
3.3574e+02
3.3638e+02
3.3694e+02
3.3743e+02
3.3782e+02
3.3812e+02
3.3832e+02
3.3842e+02
3.3842e+02
3.3836e+02
3.3822e+02
3.3804e+02
3.3783e+02
3.3761e+02
3.3743e+02
3.3732e+02
3.3732e+02
3.3745e+02
3.3775e+02
3.3822e+02
3.3886e+02
3.3966e+02
3.4059e+02
3.4161e+02
3.4267e+02
3.4372e+02
3.4471e+02
3.4562e+02
3.4643e+02
3.4713e+02
3.4774e+02
3.4828e+02
3.4880e+02
3.4933e+02
3.4991e+02
3.5056e+02
3.5131e+02
3.5216e+02
3.5308e+02
3.5405e+02
3.5503e+02
3.5594e+02
3.5674e+02
3.5738e+02
3.5781e+02
3.5800e+02
3.5791e+02
3.5756e+02
3.5695e+02
3.5611e+02
3.5508e+02
3.5390e+02
3.5262e+02
3.5129e+02
3.4995e+02
3.4865e+02
3.4741e+02
3.4628e+02
3.4526e+02
3.4437e+02
3.4361e+02
3.4296e+02
3.4243e+02
3.4200e+02
3.4166e+02
3.4140e+02
3.4119e+02
3.4104e+02
3.4094e+02
3.4089e+02
3.4090e+02
3.4099e+02
3.4116e+02
3.4143e+02
3.4180e+02
3.4229e+02
3.4290e+02
3.4360e+02
3.4439e+02
3.4523e+02
3.4609e+02
3.4694e+02
3.4772e+02
3.4841e+02
3.4897e+02
3.4936e+02
3.4956e+02
3.4957e+02
3.4936e+02
3.4895e+02
3.4838e+02
3.4769e+02
3.4692e+02
3.4616e+02
3.4547e+02
3.4494e+02
3.4466e+02
3.4471e+02
3.4512e+02
3.4594e+02
3.4714e+02
3.4870e+02
3.5056e+02
3.5264e+02
3.5483e+02
3.5703e+02
3.5912e+02
3.6100e+02
3.6259e+02
3.6383e+02
3.6471e+02
3.6519e+02
3.6530e+02
3.6507e+02
3.6452e+02
3.6370e+02
3.6266e+02
3.6143e+02
3.6004e+02
3.5854e+02
3.5696e+02
3.5531e+02
3.5363e+02
3.5195e+02
3.5031e+02
3.4873e+02
3.4725e+02
3.4590e+02
3.4469e+02
3.4364e+02
3.4274e+02
3.4197e+02
3.4132e+02
3.4075e+02
3.4022e+02
3.3972e+02
3.3921e+02
3.3869e+02
3.3817e+02
3.3768e+02
3.3726e+02
3.3696e+02
3.3682e+02
3.3689e+02
3.3719e+02
3.3775e+02
3.3854e+02
3.3953e+02
3.4065e+02
3.4183e+02
3.4298e+02
3.4399e+02
3.4480e+02
3.4534e+02
3.4556e+02
3.4545e+02
3.4501e+02
3.4428e+02
3.4331e+02
3.4216e+02
3.4089e+02
3.3957e+02
3.3827e+02
3.3705e+02
3.3593e+02
3.3493e+02
3.3407e+02
3.3333e+02
3.3270e+02
3.3213e+02
3.3157e+02
3.3099e+02
3.3032e+02
3.2953e+02
3.2856e+02
3.2738e+02
3.2595e+02
3.2426e+02
3.2232e+02
3.2015e+02
3.1779e+02
3.1531e+02
3.1278e+02
3.1028e+02
3.0786e+02
3.0558e+02
3.0348e+02
3.0158e+02
2.9987e+02
2.9832e+02
2.9688e+02
2.9551e+02
2.9414e+02
2.9273e+02
2.9124e+02
2.8965e+02
2.8798e+02
2.8628e+02
2.8460e+02
2.8302e+02
2.8161e+02
2.8044e+02
2.7957e+02
2.7901e+02
2.7879e+02
2.7885e+02
2.7914e+02
2.7957e+02
2.8006e+02
2.8052e+02
2.8086e+02
2.8106e+02
2.8107e+02
2.8089e+02
2.8059e+02
2.8024e+02
2.7996e+02
2.7984e+02
2.8001e+02
2.8056e+02
2.8154e+02
2.8299e+02
2.8492e+02
2.8726e+02
2.8995e+02
2.9290e+02
2.9598e+02
2.9908e+02
3.0209e+02
3.0491e+02
3.0747e+02
3.0972e+02
3.1161e+02
3.1315e+02
3.1434e+02
3.1519e+02
3.1574e+02
3.1603e+02
3.1611e+02
3.1602e+02
3.1581e+02
3.1551e+02
3.1516e+02
3.1478e+02
3.1439e+02
3.1401e+02
3.1364e+02
3.1328e+02
3.1291e+02
3.1252e+02
3.1209e+02
3.1160e+02
3.1104e+02
3.1040e+02
3.0969e+02
3.0895e+02
3.0821e+02
3.0750e+02
3.0689e+02
3.0642e+02
3.0616e+02
3.0617e+02
3.0649e+02
3.0716e+02
3.0817e+02
3.0950e+02
3.1113e+02
3.1299e+02
3.1500e+02
3.1709e+02
3.1917e+02
3.2113e+02
3.2291e+02
3.2445e+02
3.2571e+02
3.2668e+02
3.2734e+02
3.2771e+02
3.2783e+02
3.2775e+02
3.2750e+02
3.2716e+02
3.2676e+02
3.2638e+02
3.2604e+02
3.2580e+02
3.2565e+02
3.2563e+02
3.2574e+02
3.2598e+02
3.2635e+02
3.2681e+02
3.2735e+02
3.2792e+02
3.2848e+02
3.2899e+02
3.2940e+02
3.2967e+02
3.2977e+02
3.2966e+02
3.2935e+02
3.2883e+02
3.2813e+02
3.2729e+02
3.2635e+02
3.2537e+02
3.2439e+02
3.2348e+02
3.2268e+02
3.2202e+02
3.2153e+02
3.2121e+02
3.2108e+02
3.2111e+02
3.2131e+02
3.2166e+02
3.2216e+02
3.2280e+02
3.2358e+02
3.2450e+02
3.2558e+02
3.2681e+02
3.2818e+02
3.2968e+02
3.3128e+02
3.3294e+02
3.3462e+02
3.3628e+02
3.3787e+02
3.3934e+02
3.4066e+02
3.4179e+02
3.4272e+02
3.4343e+02
3.4389e+02
3.4408e+02
3.4398e+02
3.4358e+02
3.4286e+02
3.4185e+02
3.4056e+02
3.3903e+02
3.3730e+02
3.3545e+02
3.3356e+02
3.3173e+02
3.3007e+02
3.2865e+02
3.2755e+02
3.2682e+02
3.2644e+02
3.2641e+02
3.2666e+02
3.2714e+02
3.2775e+02
3.2843e+02
3.2909e+02
3.2967e+02
3.3011e+02
3.3039e+02
3.3050e+02
3.3044e+02
3.3022e+02
3.2987e+02
3.2942e+02
3.2891e+02
3.2838e+02
3.2789e+02
3.2746e+02
3.2712e+02
3.2688e+02
3.2678e+02
3.2682e+02
3.2702e+02
3.2737e+02
3.2784e+02
3.2844e+02
3.2912e+02
3.2988e+02
3.3069e+02
3.3156e+02
3.3247e+02
3.3341e+02
3.3440e+02
3.3541e+02
3.3646e+02
3.3752e+02
3.3859e+02
3.3965e+02
3.4067e+02
3.4162e+02
3.4250e+02
3.4328e+02
3.4394e+02
3.4447e+02
3.4485e+02
3.4508e+02
3.4515e+02
3.4509e+02
3.4489e+02
3.4458e+02
3.4418e+02
3.4370e+02
3.4318e+02
3.4263e+02
3.4208e+02
3.4154e+02
3.4104e+02
3.4058e+02
3.4018e+02
3.3982e+02
3.3952e+02
3.3925e+02
3.3901e+02
3.3879e+02
3.3857e+02
3.3837e+02
3.3816e+02
3.3794e+02
3.3774e+02
3.3755e+02
3.3738e+02
3.3723e+02
3.3708e+02
3.3690e+02
3.3667e+02
3.3633e+02
3.3584e+02
3.3512e+02
3.3410e+02
3.3273e+02
3.3095e+02
3.2875e+02
3.2612e+02
3.2311e+02
3.1977e+02
3.1617e+02
3.1242e+02
3.0861e+02
3.0485e+02
3.0121e+02
2.9774e+02
2.9449e+02
2.9146e+02
2.8864e+02
2.8601e+02
2.8353e+02
2.8118e+02
2.7892e+02
2.7675e+02
2.7467e+02
2.7267e+02
2.7078e+02
2.6902e+02
2.6743e+02
2.6602e+02
2.6480e+02
2.6375e+02
2.6287e+02
2.6213e+02
2.6152e+02
2.6100e+02
2.6053e+02
2.6010e+02
2.5967e+02
2.5923e+02
2.5876e+02
2.5823e+02
2.5763e+02
2.5697e+02
2.5623e+02
2.5543e+02
2.5460e+02
2.5375e+02
2.5293e+02
2.5219e+02
2.5157e+02
2.5112e+02
2.5084e+02
2.5077e+02
2.5090e+02
2.5121e+02
2.5166e+02
2.5218e+02
2.5272e+02
2.5323e+02
2.5366e+02
2.5396e+02
2.5413e+02
2.5415e+02
2.5404e+02
2.5383e+02
2.5354e+02
2.5320e+02
2.5286e+02
2.5253e+02
2.5224e+02
2.5201e+02
2.5185e+02
2.5179e+02
2.5183e+02
2.5200e+02
2.5231e+02
2.5279e+02
2.5343e+02
2.5424e+02
2.5520e+02
2.5627e+02
2.5743e+02
2.5866e+02
2.5989e+02
2.6107e+02
2.6216e+02
2.6314e+02
2.6397e+02
2.6466e+02
2.6520e+02
2.6560e+02
2.6588e+02
2.6607e+02
2.6617e+02
2.6619e+02
2.6612e+02
2.6595e+02
2.6566e+02
2.6524e+02
2.6467e+02
2.6394e+02
2.6305e+02
2.6203e+02
2.6091e+02
2.5973e+02
2.5854e+02
2.5741e+02
2.5637e+02
2.5548e+02
2.5478e+02
2.5426e+02
2.5392e+02
2.5375e+02
2.5370e+02
2.5373e+02
2.5379e+02
2.5385e+02
2.5387e+02
2.5382e+02
2.5372e+02
2.5356e+02
2.5337e+02
2.5316e+02
2.5297e+02
2.5283e+02
2.5277e+02
2.5282e+02
2.5296e+02
2.5319e+02
2.5347e+02
2.5375e+02
2.5398e+02
2.5411e+02
2.5408e+02
2.5387e+02
2.5344e+02
2.5279e+02
2.5195e+02
2.5094e+02
2.4983e+02
2.4870e+02
2.4760e+02
2.4660e+02
2.4574e+02
2.4505e+02
2.4451e+02
2.4411e+02
2.4379e+02
2.4349e+02
2.4314e+02
2.4269e+02
2.4207e+02
2.4127e+02
2.4028e+02
2.3912e+02
2.3783e+02
2.3647e+02
2.3511e+02
2.3384e+02
2.3271e+02
2.3182e+02
2.3121e+02
2.3091e+02
2.3094e+02
2.3131e+02
2.3202e+02
2.3305e+02
2.3440e+02
2.3604e+02
2.3795e+02
2.4010e+02
2.4246e+02
2.4496e+02
2.4755e+02
2.5017e+02
2.5274e+02
2.5518e+02
2.5740e+02
2.5935e+02
2.6097e+02
2.6224e+02
2.6316e+02
2.6375e+02
2.6406e+02
2.6417e+02
2.6416e+02
2.6410e+02
2.6404e+02
2.6401e+02
2.6402e+02
2.6407e+02
2.6412e+02
2.6410e+02
2.6397e+02
2.6367e+02
2.6317e+02
2.6243e+02
2.6146e+02
2.6028e+02
2.5895e+02
2.5751e+02
2.5604e+02
2.5459e+02
2.5325e+02
2.5204e+02
2.5102e+02
2.5018e+02
2.4953e+02
2.4906e+02
2.4875e+02
2.4855e+02
2.4844e+02
2.4836e+02
2.4830e+02
2.4821e+02
2.4804e+02
2.4778e+02
2.4739e+02
2.4687e+02
2.4618e+02
2.4530e+02
2.4421e+02
2.4290e+02
2.4136e+02
2.3959e+02
2.3760e+02
2.3540e+02
2.3303e+02
2.3053e+02
2.2794e+02
2.2531e+02
2.2268e+02
2.2009e+02
2.1757e+02
2.1511e+02
2.1272e+02
2.1036e+02
2.0802e+02
2.0565e+02
2.0322e+02
2.0072e+02
1.9813e+02
1.9546e+02
1.9273e+02
1.8999e+02
1.8729e+02
1.8468e+02
1.8221e+02
1.7992e+02
1.7781e+02
1.7589e+02
1.7414e+02
1.7252e+02
1.7100e+02
1.6953e+02
1.6806e+02
1.6658e+02
1.6504e+02
1.6344e+02
1.6178e+02
1.6008e+02
1.5834e+02
1.5656e+02
1.5478e+02
1.5298e+02
1.5119e+02
1.4941e+02
1.4766e+02
1.4594e+02
1.4425e+02
1.4260e+02
1.4100e+02
1.3946e+02
1.3800e+02
1.3664e+02
1.3538e+02
1.3425e+02
1.3324e+02
1.3239e+02
1.3171e+02
1.3122e+02
1.3095e+02
1.3091e+02
1.3112e+02
1.3157e+02
1.3224e+02
1.3311e+02
1.3413e+02
1.3526e+02
1.3643e+02
1.3757e+02
1.3863e+02
1.3955e+02
1.4030e+02
1.4085e+02
1.4119e+02
1.4134e+02
1.4130e+02
1.4109e+02
1.4073e+02
1.4025e+02
1.3969e+02
1.3906e+02
1.3838e+02
1.3766e+02
1.3692e+02
1.3616e+02
1.3541e+02
1.3467e+02
1.3395e+02
1.3326e+02
1.3262e+02
1.3204e+02
1.3154e+02
1.3112e+02
1.3079e+02
1.3058e+02
1.3050e+02
1.3055e+02
1.3074e+02
1.3106e+02
1.3151e+02
1.3208e+02
1.3276e+02
1.3352e+02
1.3434e+02
1.3520e+02
1.3607e+02
1.3693e+02
1.3775e+02
1.3853e+02
1.3924e+02
1.3987e+02
1.4043e+02
1.4091e+02
1.4131e+02
1.4165e+02
1.4194e+02
1.4219e+02
1.4245e+02
1.4274e+02
1.4310e+02
1.4357e+02
1.4415e+02
1.4488e+02
1.4578e+02
1.4684e+02
1.4806e+02
1.4942e+02
1.5089e+02
1.5245e+02
1.5407e+02
1.5570e+02
1.5730e+02
1.5885e+02
1.6032e+02
1.6167e+02
1.6288e+02
1.6397e+02
1.6491e+02
1.6574e+02
1.6645e+02
1.6707e+02
1.6762e+02
1.6812e+02
1.6858e+02
1.6901e+02
1.6942e+02
1.6979e+02
1.7010e+02
1.7033e+02
1.7043e+02
1.7037e+02
1.7012e+02
1.6963e+02
1.6890e+02
1.6791e+02
1.6664e+02
1.6511e+02
1.6333e+02
1.6135e+02
1.5919e+02
1.5689e+02
1.5452e+02
1.5212e+02
1.4973e+02
1.4741e+02
1.4520e+02
1.4314e+02
1.4126e+02
1.3960e+02
1.3817e+02
1.3698e+02
1.3603e+02
1.3529e+02
1.3478e+02
1.3444e+02
1.3427e+02
1.3422e+02
1.3425e+02
1.3433e+02
1.3441e+02
1.3447e+02
1.3446e+02
1.3438e+02
1.3419e+02
1.3391e+02
1.3353e+02
1.3307e+02
1.3256e+02
1.3200e+02
1.3142e+02
1.3084e+02
1.3030e+02
1.2980e+02
1.2937e+02
1.2901e+02
1.2872e+02
1.2850e+02
1.2834e+02
1.2823e+02
1.2815e+02
1.2812e+02
1.2811e+02
1.2813e+02
1.2819e+02
1.2829e+02
1.2845e+02
1.2869e+02
1.2902e+02
1.2944e+02
1.2998e+02
1.3063e+02
1.3140e+02
1.3229e+02
1.3328e+02
1.3437e+02
1.3552e+02
1.3669e+02
1.3784e+02
1.3895e+02
1.3998e+02
1.4087e+02
1.4160e+02
1.4213e+02
1.4245e+02
1.4253e+02
1.4238e+02
1.4201e+02
1.4143e+02
1.4068e+02
1.3978e+02
1.3877e+02
1.3765e+02
1.3646e+02
1.3522e+02
1.3391e+02
1.3254e+02
1.3110e+02
1.2957e+02
1.2795e+02
1.2624e+02
1.2445e+02
1.2260e+02
1.2069e+02
1.1875e+02
1.1681e+02
1.1490e+02
1.1305e+02
1.1129e+02
1.0963e+02
1.0808e+02
1.0662e+02
1.0524e+02
1.0391e+02
1.0260e+02
1.0128e+02
9.9928e+01
9.8498e+01
9.6967e+01
9.5314e+01
9.3526e+01
9.1601e+01
8.9544e+01
8.7378e+01
8.5130e+01
8.2833e+01
8.0524e+01
7.8246e+01
7.6038e+01
7.3940e+01
7.1978e+01
7.0166e+01
6.8515e+01
6.7020e+01
6.5664e+01
6.4421e+01
6.3251e+01
6.2101e+01
6.0898e+01
5.9571e+01
5.8056e+01
5.6292e+01
5.4231e+01
5.1851e+01
4.9158e+01
4.6178e+01
4.2975e+01
3.9638e+01
3.6283e+01
3.3036e+01
3.0026e+01
2.7379e+01
2.5195e+01
2.3545e+01
2.2459e+01
2.1927e+01
2.1905e+01
2.2323e+01
2.3087e+01
2.4092e+01
2.5242e+01
2.6455e+01
2.7669e+01
2.8840e+01
2.9946e+01
3.0983e+01
3.1959e+01
3.2892e+01
3.3799e+01
3.4700e+01
3.5604e+01
3.6504e+01
3.7389e+01
3.8246e+01
3.9059e+01
3.9812e+01
4.0497e+01
4.1107e+01
4.1647e+01
4.2126e+01
4.2557e+01
4.2956e+01
4.3335e+01
4.3699e+01
4.4049e+01
4.4381e+01
4.4687e+01
4.4957e+01
4.5169e+01
4.5305e+01
4.5348e+01
4.5277e+01
4.5080e+01
4.4754e+01
4.4305e+01
4.3746e+01
4.3099e+01
4.2388e+01
4.1638e+01
4.0879e+01
4.0140e+01
3.9444e+01
3.8796e+01
3.8195e+01
3.7642e+01
3.7143e+01
3.6702e+01
3.6326e+01
3.6035e+01
3.5867e+01
3.5876e+01
3.6121e+01
3.6668e+01
3.7578e+01
3.8912e+01
4.0712e+01
4.2987e+01
4.5712e+01
4.8828e+01
5.2248e+01
5.5855e+01
5.9532e+01
6.3164e+01
6.6641e+01
6.9873e+01
7.2801e+01
7.5401e+01
7.7677e+01
7.9658e+01
8.1362e+01
8.2797e+01
8.3961e+01
8.4838e+01
8.5400e+01
8.5598e+01
8.5363e+01
8.4624e+01
8.3341e+01
8.1505e+01
7.9146e+01
7.6334e+01
7.3187e+01
6.9877e+01
6.6603e+01
6.3586e+01
6.1038e+01
5.9147e+01
5.8076e+01
5.7941e+01
5.8799e+01
6.0654e+01
6.3460e+01
6.7110e+01
7.1459e+01
7.6328e+01
8.1523e+01
8.6854e+01
9.2134e+01
9.7191e+01
1.0189e+02
1.0614e+02
1.0990e+02
1.1315e+02
1.1591e+02
1.1821e+02
1.2012e+02
1.2171e+02
1.2305e+02
1.2417e+02
1.2507e+02
1.2574e+02
1.2611e+02
1.2614e+02
1.2571e+02
1.2473e+02
1.2311e+02
1.2078e+02
1.1771e+02
1.1393e+02
1.0950e+02
1.0455e+02
9.9262e+01
9.3838e+01
8.8495e+01
8.3465e+01
7.8977e+01
7.5230e+01
7.2377e+01
7.0519e+01
6.9698e+01
6.9892e+01
7.1016e+01
7.2952e+01
7.5540e+01
7.8595e+01
8.1927e+01
8.5343e+01
8.8663e+01
9.1722e+01
9.4405e+01
9.6646e+01
9.8418e+01
9.9720e+01
1.0058e+02
1.0106e+02
1.0122e+02
1.0114e+02
1.0090e+02
1.0055e+02
1.0014e+02
9.9706e+01
9.9275e+01
9.8847e+01
9.8424e+01
9.8016e+01
9.7623e+01
9.7228e+01
9.6824e+01
9.6394e+01
9.5925e+01
9.5405e+01
9.4821e+01
9.4170e+01
9.3442e+01
9.2630e+01
9.1739e+01
9.0788e+01
8.9810e+01
8.8851e+01
8.7961e+01
8.7185e+01
8.6567e+01
8.6139e+01
8.5927e+01
8.5940e+01
8.6164e+01
8.6571e+01
8.7119e+01
8.7759e+01
8.8430e+01
8.9083e+01
8.9661e+01
9.0121e+01
9.0435e+01
9.0583e+01
9.0554e+01
9.0349e+01
8.9987e+01
8.9483e+01
8.8869e+01
8.8179e+01
8.7450e+01
8.6717e+01
8.6006e+01
8.5346e+01
8.4769e+01
8.4299e+01
8.3945e+01
8.3711e+01
8.3586e+01
8.3545e+01
8.3557e+01
8.3582e+01
8.3569e+01
8.3459e+01
8.3197e+01
8.2740e+01
8.2060e+01
8.1149e+01
8.0023e+01
7.8721e+01
7.7297e+01
7.5826e+01
7.4392e+01
7.3078e+01
7.1947e+01
7.1053e+01
7.0425e+01
7.0064e+01
6.9955e+01
7.0052e+01
7.0292e+01
7.0607e+01
7.0933e+01
7.1216e+01
7.1415e+01
7.1505e+01
7.1476e+01
7.1342e+01
7.1129e+01
7.0876e+01
7.0627e+01
7.0426e+01
7.0317e+01
7.0342e+01
7.0533e+01
7.0913e+01
7.1499e+01
7.2300e+01
7.3321e+01
7.4559e+01
7.6006e+01
7.7647e+01
7.9455e+01
8.1399e+01
8.3442e+01
8.5552e+01
8.7693e+01
8.9837e+01
9.1961e+01
9.4039e+01
9.6062e+01
9.8032e+01
9.9954e+01
1.0185e+02
1.0374e+02
1.0566e+02
1.0760e+02
1.0958e+02
1.1159e+02
1.1360e+02
1.1558e+02
1.1745e+02
1.1916e+02
1.2060e+02
1.2171e+02
1.2241e+02
1.2265e+02
1.2239e+02
1.2162e+02
1.2035e+02
1.1864e+02
1.1653e+02
1.1413e+02
1.1152e+02
1.0880e+02
1.0604e+02
1.0331e+02
1.0066e+02
9.8107e+01
9.5662e+01
9.3311e+01
9.1029e+01
8.8791e+01
8.6562e+01
8.4304e+01
8.1976e+01
7.9561e+01
7.7046e+01
7.4425e+01
7.1700e+01
6.8874e+01
6.5959e+01
6.2967e+01
5.9930e+01
5.6889e+01
5.3878e+01
5.0938e+01
4.8108e+01
4.5431e+01
4.2941e+01
4.0659e+01
3.8567e+01
3.6627e+01
3.4785e+01
3.2964e+01
3.1077e+01
2.9032e+01
2.6741e+01
2.4137e+01
2.1183e+01
1.7879e+01
1.4267e+01
1.0430e+01
6.6149e+00
3.2541e+00
8.5226e-01
0000
1.3556e+00
5.6106e+00
1.3436e+01
2.5408e+01
4.1933e+01
6.3182e+01
8.9042e+01
1.1908e+02
1.5255e+02
1.8846e+02
2.2564e+02
