2.5538e+01
2.8521e+01
3.1444e+01
3.4207e+01
3.6719e+01
3.8900e+01
4.0699e+01
4.2081e+01
4.3020e+01
4.3521e+01
4.3610e+01
4.3319e+01
4.2695e+01
4.1785e+01
4.0632e+01
3.9284e+01
3.7786e+01
3.6172e+01
3.4479e+01
3.2752e+01
3.1050e+01
2.9441e+01
2.8004e+01
2.6832e+01
2.6023e+01
2.5676e+01
2.5888e+01
2.6752e+01
2.8330e+01
3.0641e+01
3.3658e+01
3.7309e+01
4.1484e+01
4.6023e+01
5.0742e+01
5.5445e+01
5.9940e+01
6.4041e+01
6.7582e+01
7.0433e+01
7.2503e+01
7.3735e+01
7.4113e+01
7.3643e+01
7.2357e+01
7.0317e+01
6.7596e+01
6.4267e+01
6.0421e+01
5.6173e+01
5.1639e+01
4.6938e+01
4.2189e+01
3.7515e+01
3.3030e+01
2.8843e+01
2.5045e+01
2.1713e+01
1.8904e+01
1.6642e+01
1.4943e+01
1.3826e+01
1.3297e+01
1.3357e+01
1.4016e+01
1.5276e+01
1.7126e+01
1.9537e+01
2.2472e+01
2.5882e+01
2.9702e+01
3.3834e+01
3.8155e+01
4.2524e+01
4.6799e+01
5.0852e+01
5.4576e+01
5.7892e+01
6.0766e+01
6.3209e+01
6.5269e+01
6.7017e+01
6.8552e+01
6.9981e+01
7.1404e+01
7.2884e+01
7.4462e+01
7.6154e+01
7.7927e+01
7.9710e+01
8.1427e+01
8.2989e+01
8.4304e+01
8.5306e+01
8.5949e+01
8.6210e+01
8.6100e+01
8.5661e+01
8.4943e+01
8.4010e+01
8.2932e+01
8.1773e+01
8.0600e+01
7.9465e+01
7.8403e+01
7.7444e+01
7.6605e+01
7.5887e+01
7.5287e+01
7.4791e+01
7.4375e+01
7.4007e+01
7.3655e+01
7.3280e+01
7.2844e+01
7.2328e+01
7.1729e+01
7.1045e+01
7.0285e+01
6.9472e+01
6.8646e+01
6.7854e+01
6.7142e+01
6.6551e+01
6.6113e+01
6.5844e+01
6.5743e+01
6.5786e+01
6.5937e+01
6.6155e+01
6.6390e+01
6.6575e+01
6.6654e+01
6.6563e+01
6.6257e+01
6.5719e+01
6.4943e+01
6.3944e+01
6.2758e+01
6.1444e+01
6.0069e+01
5.8713e+01
5.7447e+01
5.6350e+01
5.5490e+01
5.4905e+01
5.4598e+01
5.4550e+01
5.4715e+01
5.5030e+01
5.5433e+01
5.5857e+01
5.6240e+01
5.6540e+01
5.6743e+01
5.6865e+01
5.6946e+01
5.7060e+01
5.7293e+01
5.7727e+01
5.8437e+01
5.9480e+01
6.0886e+01
6.2648e+01
6.4729e+01
6.7052e+01
6.9527e+01
7.2071e+01
7.4598e+01
7.7027e+01
7.9338e+01
8.1536e+01
8.3623e+01
8.5627e+01
8.7587e+01
8.9525e+01
9.1436e+01
9.3277e+01
9.4960e+01
9.6362e+01
9.7336e+01
9.7722e+01
9.7365e+01
9.6154e+01
9.4040e+01
9.1038e+01
8.7218e+01
8.2723e+01
7.7748e+01
7.2525e+01
6.7301e+01
6.2303e+01
5.7715e+01
5.3667e+01
5.0228e+01
4.7422e+01
4.5250e+01
4.3664e+01
4.2579e+01
4.1926e+01
4.1643e+01
4.1653e+01
4.1904e+01
4.2394e+01
4.3119e+01
4.4068e+01
4.5223e+01
4.6570e+01
4.8081e+01
4.9723e+01
5.1449e+01
5.3195e+01
5.4905e+01
5.6532e+01
5.8026e+01
5.9352e+01
6.0492e+01
6.1457e+01
6.2270e+01
6.2962e+01
6.3577e+01
6.4154e+01
6.4729e+01
6.5339e+01
6.6019e+01
6.6792e+01
6.7655e+01
6.8579e+01
6.9540e+01
7.0509e+01
7.1455e+01
7.2350e+01
7.3177e+01
7.3929e+01
7.4617e+01
7.5259e+01
7.5885e+01
7.6533e+01
7.7237e+01
7.8025e+01
7.8912e+01
7.9904e+01
8.0991e+01
8.2134e+01
8.3289e+01
8.4402e+01
8.5410e+01
8.6242e+01
8.6841e+01
8.7166e+01
8.7193e+01
8.6918e+01
8.6359e+01
8.5564e+01
8.4594e+01
8.3525e+01
8.2446e+01
8.1459e+01
8.0662e+01
8.0141e+01
7.9963e+01
8.0169e+01
8.0781e+01
8.1795e+01
8.3169e+01
8.4840e+01
8.6731e+01
8.8749e+01
9.0803e+01
9.2813e+01
9.4694e+01
9.6376e+01
9.7808e+01
9.8957e+01
9.9806e+01
1.0035e+02
1.0061e+02
1.0059e+02
1.0036e+02
9.9975e+01
9.9485e+01
9.8957e+01
9.8461e+01
9.8070e+01
9.7854e+01
9.7865e+01
9.8140e+01
9.8697e+01
9.9507e+01
1.0050e+02
1.0159e+02
1.0267e+02
1.0363e+02
1.0436e+02
1.0476e+02
1.0478e+02
1.0438e+02
1.0355e+02
1.0237e+02
1.0091e+02
9.9279e+01
9.7588e+01
9.5952e+01
9.4470e+01
9.3209e+01
9.2203e+01
9.1437e+01
9.0869e+01
9.0441e+01
9.0079e+01
8.9714e+01
8.9300e+01
8.8819e+01
8.8286e+01
8.7756e+01
8.7311e+01
8.7055e+01
8.7096e+01
8.7531e+01
8.8442e+01
8.9882e+01
9.1855e+01
9.4316e+01
9.7176e+01
1.0032e+02
1.0362e+02
1.0693e+02
1.1013e+02
1.1311e+02
1.1579e+02
1.1811e+02
1.2004e+02
1.2157e+02
1.2272e+02
1.2351e+02
1.2396e+02
1.2409e+02
1.2393e+02
1.2353e+02
1.2292e+02
1.2213e+02
1.2119e+02
1.2018e+02
1.1916e+02
1.1819e+02
1.1735e+02
1.1667e+02
1.1618e+02
1.1590e+02
1.1582e+02
1.1590e+02
1.1609e+02
1.1630e+02
1.1639e+02
1.1627e+02
1.1581e+02
1.1492e+02
1.1350e+02
1.1149e+02
1.0887e+02
1.0564e+02
1.0186e+02
9.7610e+01
9.3025e+01
8.8249e+01
8.3436e+01
7.8743e+01
7.4321e+01
7.0300e+01
6.6779e+01
6.3826e+01
6.1481e+01
5.9759e+01
5.8641e+01
5.8088e+01
5.8042e+01
5.8442e+01
5.9231e+01
6.0353e+01
6.1748e+01
6.3349e+01
6.5086e+01
6.6898e+01
6.8743e+01
7.0591e+01
7.2415e+01
7.4190e+01
7.5897e+01
7.7541e+01
7.9135e+01
8.0695e+01
8.2241e+01
8.3793e+01
8.5357e+01
8.6926e+01
8.8483e+01
9.0009e+01
9.1477e+01
9.2851e+01
9.4101e+01
9.5211e+01
9.6176e+01
9.6999e+01
9.7688e+01
9.8261e+01
9.8752e+01
9.9193e+01
9.9609e+01
1.0001e+02
1.0040e+02
1.0077e+02
1.0109e+02
1.0136e+02
1.0154e+02
1.0160e+02
1.0152e+02
1.0128e+02
1.0090e+02
1.0037e+02
9.9734e+01
9.9021e+01
9.8279e+01
9.7558e+01
9.6911e+01
9.6390e+01
9.6043e+01
9.5904e+01
9.5987e+01
9.6290e+01
9.6803e+01
9.7489e+01
9.8302e+01
9.9187e+01
1.0008e+02
1.0093e+02
1.0166e+02
1.0222e+02
1.0258e+02
1.0270e+02
1.0258e+02
1.0221e+02
1.0161e+02
1.0080e+02
9.9812e+01
9.8677e+01
9.7434e+01
9.6119e+01
9.4766e+01
9.3409e+01
9.2082e+01
9.0821e+01
8.9665e+01
8.8655e+01
8.7832e+01
8.7236e+01
8.6902e+01
8.6858e+01
8.7121e+01
8.7698e+01
8.8583e+01
8.9743e+01
9.1134e+01
9.2694e+01
9.4348e+01
9.6019e+01
9.7631e+01
9.9123e+01
1.0045e+02
1.0158e+02
1.0250e+02
1.0323e+02
1.0380e+02
1.0427e+02
1.0472e+02
1.0522e+02
1.0583e+02
1.0661e+02
1.0759e+02
1.0880e+02
1.1024e+02
1.1189e+02
1.1369e+02
1.1559e+02
1.1751e+02
1.1938e+02
1.2109e+02
1.2257e+02
1.2376e+02
1.2460e+02
1.2506e+02
1.2513e+02
1.2483e+02
1.2418e+02
1.2322e+02
1.2202e+02
1.2061e+02
1.1907e+02
1.1745e+02
1.1579e+02
1.1415e+02
1.1262e+02
1.1126e+02
1.1019e+02
1.0948e+02
1.0924e+02
1.0957e+02
1.1056e+02
1.1221e+02
1.1451e+02
1.1738e+02
1.2067e+02
1.2416e+02
1.2762e+02
1.3078e+02
1.3336e+02
1.3513e+02
1.3592e+02
1.3567e+02
1.3439e+02
1.3217e+02
1.2920e+02
1.2572e+02
1.2199e+02
1.1830e+02
1.1489e+02
1.1197e+02
1.0972e+02
1.0822e+02
1.0751e+02
1.0759e+02
1.0843e+02
1.0993e+02
1.1200e+02
1.1453e+02
1.1740e+02
1.2051e+02
1.2372e+02
1.2694e+02
1.3007e+02
1.3303e+02
1.3571e+02
1.3806e+02
1.4002e+02
1.4158e+02
1.4273e+02
1.4350e+02
1.4394e+02
1.4411e+02
1.4408e+02
1.4391e+02
1.4367e+02
1.4341e+02
1.4318e+02
1.4301e+02
1.4293e+02
1.4294e+02
1.4302e+02
1.4317e+02
1.4336e+02
1.4359e+02
1.4383e+02
1.4409e+02
1.4434e+02
1.4460e+02
1.4485e+02
1.4512e+02
1.4540e+02
1.4572e+02
1.4606e+02
1.4644e+02
1.4686e+02
1.4734e+02
1.4786e+02
1.4839e+02
1.4889e+02
1.4932e+02
1.4963e+02
1.4976e+02
1.4961e+02
1.4912e+02
1.4824e+02
1.4691e+02
1.4513e+02
1.4289e+02
1.4026e+02
1.3728e+02
1.3406e+02
1.3069e+02
1.2727e+02
1.2390e+02
1.2067e+02
1.1764e+02
1.1485e+02
1.1231e+02
1.1005e+02
1.0804e+02
1.0627e+02
1.0472e+02
1.0338e+02
1.0224e+02
1.0131e+02
1.0056e+02
9.9981e+01
9.9559e+01
9.9286e+01
9.9137e+01
9.9082e+01
9.9089e+01
9.9122e+01
9.9154e+01
9.9160e+01
9.9119e+01
9.9024e+01
9.8870e+01
9.8662e+01
9.8410e+01
9.8131e+01
9.7837e+01
9.7536e+01
9.7246e+01
9.6982e+01
9.6747e+01
9.6548e+01
9.6389e+01
9.6274e+01
9.6204e+01
9.6181e+01
9.6211e+01
9.6303e+01
9.6455e+01
9.6668e+01
9.6933e+01
9.7245e+01
9.7604e+01
9.7996e+01
9.8390e+01
9.8758e+01
9.9082e+01
9.9337e+01
9.9509e+01
9.9593e+01
9.9595e+01
9.9522e+01
9.9391e+01
9.9230e+01
9.9064e+01
9.8920e+01
9.8817e+01
9.8786e+01
9.8861e+01
9.9065e+01
9.9419e+01
9.9946e+01
1.0066e+02
1.0158e+02
1.0272e+02
1.0406e+02
1.0561e+02
1.0733e+02
1.0917e+02
1.1108e+02
1.1298e+02
1.1480e+02
1.1646e+02
1.1788e+02
1.1898e+02
1.1972e+02
1.2007e+02
1.2004e+02
1.1965e+02
1.1892e+02
1.1791e+02
1.1668e+02
1.1530e+02
1.1385e+02
1.1240e+02
1.1101e+02
1.0974e+02
1.0862e+02
1.0769e+02
1.0695e+02
1.0642e+02
1.0609e+02
1.0594e+02
1.0597e+02
1.0616e+02
1.0648e+02
1.0690e+02
1.0741e+02
1.0799e+02
1.0860e+02
1.0923e+02
1.0988e+02
1.1053e+02
1.1120e+02
1.1187e+02
1.1257e+02
1.1331e+02
1.1410e+02
1.1496e+02
1.1588e+02
1.1685e+02
1.1784e+02
1.1884e+02
1.1978e+02
1.2062e+02
1.2131e+02
1.2179e+02
1.2204e+02
1.2202e+02
1.2172e+02
1.2116e+02
1.2034e+02
1.1932e+02
1.1812e+02
1.1681e+02
1.1543e+02
1.1402e+02
1.1264e+02
1.1133e+02
1.1013e+02
1.0906e+02
1.0814e+02
1.0739e+02
1.0680e+02
1.0636e+02
1.0605e+02
1.0586e+02
1.0574e+02
1.0565e+02
1.0558e+02
1.0550e+02
1.0541e+02
1.0531e+02
1.0522e+02
1.0516e+02
1.0515e+02
1.0522e+02
1.0539e+02
1.0563e+02
1.0595e+02
1.0630e+02
1.0665e+02
1.0695e+02
1.0717e+02
1.0726e+02
1.0720e+02
1.0701e+02
1.0670e+02
1.0632e+02
1.0592e+02
1.0557e+02
1.0534e+02
1.0528e+02
1.0542e+02
1.0577e+02
1.0634e+02
1.0710e+02
1.0800e+02
1.0901e+02
1.1007e+02
1.1113e+02
1.1215e+02
1.1310e+02
1.1394e+02
1.1468e+02
1.1531e+02
1.1585e+02
1.1628e+02
1.1661e+02
1.1682e+02
1.1691e+02
1.1687e+02
1.1667e+02
1.1630e+02
1.1574e+02
1.1501e+02
1.1412e+02
1.1311e+02
1.1200e+02
1.1086e+02
1.0974e+02
1.0870e+02
1.0779e+02
1.0704e+02
1.0650e+02
1.0618e+02
1.0609e+02
1.0621e+02
1.0652e+02
1.0697e+02
1.0754e+02
1.0819e+02
1.0888e+02
1.0956e+02
1.1020e+02
1.1077e+02
1.1122e+02
1.1155e+02
1.1173e+02
1.1175e+02
1.1160e+02
1.1127e+02
1.1079e+02
1.1015e+02
1.0937e+02
1.0849e+02
1.0751e+02
1.0648e+02
1.0542e+02
1.0436e+02
1.0332e+02
1.0230e+02
1.0132e+02
1.0036e+02
9.9440e+01
9.8541e+01
9.7659e+01
9.6787e+01
9.5924e+01
9.5076e+01
9.4255e+01
9.3479e+01
9.2775e+01
9.2174e+01
9.1701e+01
9.1385e+01
9.1252e+01
9.1306e+01
9.1542e+01
9.1944e+01
9.2484e+01
9.3131e+01
9.3838e+01
9.4555e+01
9.5254e+01
9.5913e+01
9.6506e+01
9.7030e+01
9.7493e+01
9.7905e+01
9.8282e+01
9.8650e+01
9.9030e+01
9.9428e+01
9.9836e+01
1.0024e+02
1.0063e+02
1.0099e+02
1.0132e+02
1.0163e+02
1.0195e+02
1.0230e+02
1.0272e+02
1.0328e+02
1.0402e+02
1.0499e+02
1.0622e+02
1.0770e+02
1.0942e+02
1.1132e+02
1.1333e+02
1.1538e+02
1.1739e+02
1.1928e+02
1.2099e+02
1.2248e+02
1.2370e+02
1.2468e+02
1.2542e+02
1.2594e+02
1.2627e+02
1.2646e+02
1.2653e+02
1.2647e+02
1.2627e+02
1.2592e+02
1.2539e+02
1.2467e+02
1.2375e+02
1.2261e+02
1.2125e+02
1.1970e+02
1.1798e+02
1.1617e+02
1.1434e+02
1.1256e+02
1.1091e+02
1.0947e+02
1.0830e+02
1.0744e+02
1.0693e+02
1.0677e+02
1.0696e+02
1.0746e+02
1.0821e+02
1.0919e+02
1.1032e+02
1.1156e+02
1.1284e+02
1.1414e+02
1.1542e+02
1.1668e+02
1.1788e+02
1.1902e+02
1.2011e+02
1.2116e+02
1.2218e+02
1.2318e+02
1.2415e+02
1.2507e+02
1.2592e+02
1.2665e+02
1.2723e+02
1.2759e+02
1.2766e+02
1.2738e+02
1.2670e+02
1.2556e+02
1.2396e+02
1.2189e+02
1.1940e+02
1.1656e+02
1.1347e+02
1.1024e+02
1.0699e+02
1.0386e+02
1.0094e+02
9.8345e+01
9.6142e+01
9.4376e+01
9.3056e+01
9.2166e+01
9.1664e+01
9.1499e+01
9.1607e+01
9.1926e+01
9.2396e+01
9.2962e+01
9.3549e+01
9.4099e+01
9.4590e+01
9.4990e+01
9.5270e+01
9.5413e+01
9.5419e+01
9.5301e+01
9.5078e+01
9.4774e+01
9.4428e+01
9.4089e+01
9.3808e+01
9.3630e+01
9.3583e+01
9.3695e+01
9.3974e+01
9.4403e+01
9.4956e+01
9.5603e+01
9.6297e+01
9.6986e+01
9.7639e+01
9.8222e+01
9.8710e+01
9.9099e+01
9.9384e+01
9.9552e+01
9.9589e+01
9.9480e+01
9.9198e+01
9.8708e+01
9.7970e+01
9.6944e+01
9.5598e+01
9.3923e+01
9.1938e+01
8.9680e+01
8.7219e+01
8.4655e+01
8.2118e+01
7.9766e+01
7.7741e+01
7.6171e+01
7.5163e+01
7.4793e+01
7.5088e+01
7.6028e+01
7.7553e+01
7.9556e+01
8.1896e+01
8.4419e+01
8.6964e+01
8.9369e+01
9.1497e+01
9.3244e+01
9.4527e+01
9.5314e+01
9.5618e+01
9.5480e+01
9.4964e+01
9.4149e+01
9.3120e+01
9.1955e+01
9.0723e+01
8.9488e+01
8.8292e+01
8.7159e+01
8.6109e+01
8.5151e+01
8.4297e+01
8.3558e+01
8.2925e+01
8.2399e+01
8.1989e+01
8.1702e+01
8.1533e+01
8.1472e+01
8.1498e+01
8.1583e+01
8.1697e+01
8.1797e+01
8.1841e+01
8.1803e+01
8.1655e+01
8.1377e+01
8.0963e+01
8.0428e+01
7.9790e+01
7.9075e+01
7.8315e+01
7.7552e+01
7.6827e+01
7.6184e+01
7.5666e+01
7.5309e+01
7.5133e+01
7.5150e+01
7.5360e+01
7.5752e+01
7.6308e+01
7.6980e+01
7.7711e+01
7.8467e+01
7.9208e+01
7.9899e+01
8.0519e+01
8.1061e+01
8.1535e+01
8.1969e+01
8.2398e+01
8.2861e+01
8.3407e+01
8.4076e+01
8.4885e+01
8.5843e+01
8.6945e+01
8.8159e+01
8.9440e+01
9.0737e+01
9.2024e+01
9.3264e+01
9.4403e+01
9.5410e+01
9.6252e+01
9.6894e+01
9.7311e+01
9.7485e+01
9.7386e+01
9.6979e+01
9.6228e+01
9.5106e+01
9.3610e+01
9.1742e+01
8.9516e+01
8.6972e+01
8.4161e+01
8.1161e+01
7.8063e+01
7.4955e+01
7.1929e+01
6.9067e+01
6.6448e+01
6.4130e+01
6.2153e+01
6.0536e+01
5.9293e+01
5.8424e+01
5.7917e+01
5.7754e+01
5.7904e+01
5.8308e+01
5.8901e+01
5.9636e+01
6.0444e+01
6.1250e+01
6.1988e+01
6.2600e+01
6.3028e+01
6.3240e+01
6.3231e+01
6.3015e+01
6.2621e+01
6.2094e+01
6.1489e+01
6.0851e+01
6.0219e+01
5.9621e+01
5.9062e+01
5.8530e+01
5.7989e+01
5.7382e+01
5.6644e+01
5.5707e+01
5.4508e+01
5.3001e+01
5.1160e+01
4.8969e+01
4.6435e+01
4.3589e+01
4.0478e+01
3.7155e+01
3.3697e+01
3.0177e+01
2.6672e+01
2.3261e+01
2.0023e+01
1.7022e+01
1.4307e+01
1.1920e+01
9.8892e+00
8.2240e+00
6.9161e+00
5.9494e+00
5.3144e+00
5.0065e+00
5.0288e+00
5.3870e+00
6.0908e+00
7.1608e+00
8.6058e+00
1.0426e+01
1.2624e+01
1.5183e+01
1.8053e+01
2.1156e+01
2.4393e+01
2.7646e+01
3.0786e+01
3.3682e+01
3.6220e+01
3.8316e+01
3.9912e+01
4.0987e+01
4.1562e+01
4.1690e+01
4.1446e+01
4.0926e+01
4.0240e+01
3.9501e+01
3.8819e+01
3.8294e+01
3.7998e+01
3.7977e+01
3.8254e+01
3.8812e+01
3.9587e+01
4.0489e+01
4.1411e+01
4.2228e+01
4.2796e+01
4.2984e+01
4.2685e+01
4.1810e+01
4.0292e+01
3.8120e+01
3.5332e+01
3.2007e+01
2.8265e+01
2.4258e+01
2.0161e+01
1.6141e+01
1.2357e+01
8.9473e+00
6.0216e+00
3.6498e+00
1.8709e+00
6.9269e-01
8.6079e-02
0000
3.6567e-01
1.0993e+00
2.1051e+00
3.2974e+00
4.6029e+00
5.9509e+00
7.2825e+00
8.5501e+00
9.7163e+00
1.0752e+01
1.1643e+01
1.2393e+01
1.3013e+01
1.3521e+01
1.3947e+01
1.4335e+01
1.4734e+01
1.5188e+01
1.5745e+01
1.6444e+01
1.7320e+01
1.8400e+01
1.9699e+01
2.1219e+01
2.2946e+01
2.4861e+01
2.6935e+01
2.9131e+01
3.1410e+01
3.3742e+01
3.6101e+01
3.8453e+01
4.0767e+01
4.3025e+01
4.5210e+01
4.7302e+01
4.9282e+01
5.1137e+01
5.2863e+01
5.4458e+01
5.5942e+01
5.7358e+01
5.8763e+01
6.0229e+01
6.1846e+01
6.3709e+01
6.5900e+01
6.8491e+01
7.1532e+01
7.5038e+01
7.8988e+01
8.3322e+01
8.7932e+01
9.2689e+01
9.7450e+01
1.0208e+02
1.0643e+02
1.1038e+02
1.1386e+02
1.1680e+02
1.1920e+02
1.2106e+02
1.2244e+02
1.2338e+02
1.2395e+02
1.2418e+02
1.2409e+02
1.2369e+02
1.2296e+02
1.2188e+02
1.2042e+02
1.1854e+02
1.1618e+02
1.1330e+02
1.0989e+02
1.0597e+02
1.0157e+02
9.6782e+01
9.1698e+01
8.6444e+01
8.1152e+01
7.5967e+01
7.1033e+01
6.6478e+01
6.2409e+01
5.8915e+01
5.6045e+01
5.3815e+01
5.2215e+01
5.1205e+01
5.0712e+01
5.0660e+01
5.0965e+01
5.1538e+01
5.2304e+01
5.3209e+01
5.4225e+01
5.5335e+01
5.6532e+01
5.7822e+01
5.9212e+01
6.0715e+01
6.2346e+01
6.4117e+01
6.6039e+01
6.8120e+01
7.0361e+01
7.2759e+01
7.5312e+01
7.8009e+01
8.0831e+01
8.3760e+01
8.6756e+01
8.9777e+01
9.2763e+01
9.5623e+01
9.8247e+01
1.0051e+02
1.0231e+02
1.0353e+02
1.0409e+02
1.0391e+02
1.0297e+02
1.0127e+02
9.8861e+01
9.5840e+01
9.2341e+01
8.8536e+01
8.4612e+01
8.0761e+01
7.7167e+01
7.3992e+01
7.1352e+01
6.9318e+01
6.7918e+01
6.7117e+01
6.6825e+01
6.6920e+01
6.7257e+01
6.7679e+01
6.8045e+01
6.8235e+01
6.8152e+01
6.7742e+01
6.6994e+01
6.5941e+01
6.4669e+01
6.3294e+01
6.1947e+01
6.0752e+01
5.9838e+01
5.9313e+01
5.9259e+01
5.9724e+01
6.0718e+01
6.2201e+01
6.4093e+01
6.6277e+01
6.8606e+01
7.0920e+01
7.3064e+01
7.4897e+01
7.6295e+01
7.7180e+01
7.7520e+01
7.7322e+01
7.6636e+01
7.5553e+01
7.4171e+01
7.2588e+01
7.0907e+01
6.9205e+01
6.7537e+01
6.5939e+01
6.4419e+01
6.2968e+01
6.1566e+01
6.0194e+01
5.8831e+01
5.7475e+01
5.6135e+01
5.4818e+01
5.3534e+01
5.2296e+01
5.1100e+01
4.9944e+01
4.8824e+01
4.7730e+01
4.6653e+01
4.5584e+01
4.4531e+01
4.3508e+01
4.2539e+01
4.1661e+01
4.0914e+01
4.0324e+01
3.9913e+01
3.9692e+01
3.9655e+01
3.9785e+01
4.0049e+01
4.0405e+01
4.0808e+01
4.1212e+01
4.1587e+01
4.1914e+01
4.2177e+01
4.2376e+01
4.2520e+01
4.2626e+01
4.2723e+01
4.2839e+01
4.3005e+01
4.3253e+01
4.3612e+01
4.4102e+01
4.4735e+01
4.5507e+01
4.6405e+01
4.7404e+01
4.8463e+01
4.9528e+01
5.0549e+01
5.1475e+01
5.2247e+01
5.2826e+01
5.3198e+01
5.3360e+01
5.3327e+01
5.3125e+01
5.2802e+01
5.2421e+01
5.2032e+01
5.1687e+01
5.1436e+01
5.1316e+01
5.1350e+01
5.1557e+01
5.1943e+01
5.2503e+01
5.3230e+01
5.4106e+01
5.5099e+01
5.6171e+01
5.7283e+01
5.8385e+01
5.9438e+01
6.0401e+01
6.1241e+01
6.1927e+01
6.2442e+01
6.2785e+01
6.2966e+01
6.3008e+01
6.2948e+01
6.2829e+01
6.2690e+01
6.2568e+01
6.2485e+01
6.2454e+01
6.2482e+01
6.2566e+01
6.2696e+01
6.2867e+01
6.3073e+01
6.3316e+01
6.3606e+01
6.3957e+01
6.4387e+01
6.4914e+01
6.5547e+01
6.6280e+01
6.7093e+01
6.7968e+01
6.8871e+01
6.9763e+01
7.0603e+01
7.1346e+01
7.1952e+01
7.2407e+01
7.2721e+01
7.2912e+01
7.3024e+01
7.3126e+01
7.3278e+01
7.3524e+01
7.3906e+01
7.4463e+01
7.5203e+01
7.6115e+01
7.7170e+01
7.8322e+01
7.9507e+01
8.0661e+01
8.1724e+01
8.2644e+01
8.3370e+01
8.3852e+01
8.4067e+01
8.3998e+01
8.3638e+01
8.2993e+01
8.2073e+01
8.0885e+01
7.9445e+01
7.7791e+01
7.5977e+01
7.4074e+01
7.2173e+01
7.0385e+01
6.8827e+01
6.7618e+01
6.6885e+01
6.6732e+01
6.7217e+01
6.8363e+01
7.0173e+01
7.2597e+01
7.5525e+01
7.8814e+01
8.2295e+01
8.5789e+01
8.9130e+01
9.2164e+01
9.4768e+01
9.6850e+01
9.8350e+01
9.9259e+01
9.9616e+01
9.9475e+01
9.8904e+01
9.7990e+01
9.6818e+01
9.5471e+01
9.4034e+01
9.2582e+01
9.1166e+01
8.9822e+01
8.8576e+01
8.7447e+01
8.6446e+01
8.5560e+01
8.4766e+01
8.4034e+01
8.3325e+01
8.2605e+01
8.1844e+01
8.0997e+01
8.0034e+01
7.8948e+01
7.7744e+01
7.6446e+01
7.5081e+01
7.3680e+01
7.2279e+01
7.0915e+01
6.9614e+01
6.8401e+01
6.7288e+01
6.6272e+01
6.5338e+01
6.4460e+01
6.3609e+01
6.2769e+01
6.1931e+01
6.1088e+01
6.0238e+01
5.9398e+01
5.8599e+01
5.7870e+01
5.7243e+01
5.6745e+01
5.6407e+01
5.6249e+01
5.6265e+01
5.6440e+01
5.6748e+01
5.7142e+01
5.7572e+01
5.7983e+01
5.8315e+01
5.8510e+01
5.8525e+01
5.8342e+01
5.7959e+01
5.7382e+01
5.6631e+01
5.5752e+01
5.4802e+01
5.3831e+01
5.2893e+01
5.2043e+01
5.1329e+01
5.0787e+01
5.0437e+01
5.0276e+01
5.0295e+01
5.0483e+01
5.0816e+01
5.1259e+01
5.1781e+01
5.2352e+01
5.2938e+01
5.3516e+01
5.4068e+01
5.4589e+01
5.5068e+01
5.5501e+01
5.5892e+01
5.6247e+01
5.6582e+01
5.6913e+01
5.7258e+01
5.7643e+01
5.8093e+01
5.8640e+01
5.9322e+01
6.0171e+01
6.1207e+01
6.2444e+01
6.3882e+01
6.5487e+01
6.7211e+01
6.8992e+01
7.0750e+01
7.2391e+01
7.3829e+01
7.4991e+01
7.5814e+01
7.6246e+01
7.6275e+01
7.5922e+01
7.5222e+01
7.4237e+01
7.3054e+01
7.1759e+01
7.0433e+01
6.9160e+01
6.8026e+01
6.7091e+01
6.6405e+01
6.5999e+01
6.5888e+01
6.6067e+01
6.6519e+01
6.7209e+01
6.8090e+01
6.9104e+01
7.0210e+01
7.1393e+01
7.2638e+01
7.3954e+01
7.5379e+01
7.6980e+01
7.8840e+01
8.1053e+01
8.3704e+01
8.6852e+01
9.0523e+01
9.4699e+01
9.9326e+01
1.0429e+02
1.0943e+02
1.1457e+02
1.1952e+02
1.2410e+02
1.2814e+02
1.3154e+02
1.3425e+02
1.3625e+02
1.3760e+02
1.3839e+02
1.3872e+02
1.3874e+02
1.3858e+02
1.3835e+02
1.3814e+02
1.3803e+02
1.3807e+02
1.3827e+02
1.3861e+02
1.3907e+02
1.3963e+02
1.4025e+02
1.4091e+02
1.4155e+02
1.4216e+02
1.4271e+02
1.4317e+02
1.4353e+02
1.4374e+02
1.4377e+02
1.4361e+02
1.4323e+02
1.4261e+02
1.4176e+02
1.4067e+02
1.3938e+02
1.3790e+02
1.3627e+02
1.3455e+02
1.3278e+02
1.3103e+02
1.2932e+02
1.2768e+02
1.2612e+02
1.2465e+02
1.2326e+02
1.2191e+02
1.2056e+02
1.1919e+02
1.1775e+02
1.1622e+02
1.1460e+02
1.1290e+02
1.1114e+02
1.0937e+02
1.0763e+02
1.0599e+02
1.0449e+02
1.0318e+02
1.0211e+02
1.0128e+02
1.0069e+02
1.0034e+02
1.0019e+02
1.0018e+02
1.0028e+02
1.0044e+02
1.0061e+02
1.0080e+02
1.0100e+02
1.0120e+02
1.0145e+02
1.0177e+02
1.0224e+02
1.0288e+02
1.0375e+02
1.0485e+02
1.0619e+02
1.0773e+02
1.0941e+02
1.1116e+02
1.1287e+02
1.1444e+02
1.1577e+02
1.1677e+02
1.1739e+02
1.1759e+02
1.1738e+02
1.1678e+02
1.1588e+02
1.1476e+02
1.1353e+02
1.1229e+02
1.1114e+02
1.1016e+02
1.0941e+02
1.0892e+02
1.0871e+02
1.0875e+02
1.0899e+02
1.0938e+02
1.0987e+02
1.1040e+02
1.1094e+02
1.1144e+02
1.1190e+02
1.1231e+02
1.1270e+02
1.1310e+02
1.1355e+02
1.1410e+02
1.1479e+02
1.1565e+02
1.1669e+02
1.1791e+02
1.1927e+02
1.2073e+02
1.2223e+02
1.2370e+02
1.2509e+02
1.2631e+02
1.2731e+02
1.2800e+02
1.2835e+02
1.2831e+02
1.2787e+02
1.2700e+02
1.2571e+02
1.2402e+02
1.2195e+02
1.1955e+02
1.1684e+02
1.1389e+02
1.1075e+02
1.0749e+02
1.0414e+02
1.0077e+02
9.7400e+01
9.4075e+01
9.0810e+01
8.7618e+01
8.4507e+01
8.1488e+01
7.8580e+01
7.5808e+01
7.3204e+01
7.0808e+01
6.8662e+01
6.6814e+01
6.5303e+01
6.4155e+01
6.3382e+01
6.2986e+01
6.2958e+01
6.3264e+01
6.3864e+01
6.4725e+01
6.5807e+01
6.7084e+01
6.8534e+01
7.0151e+01
7.1946e+01
7.3938e+01
7.6146e+01
7.8573e+01
8.1210e+01
8.4031e+01
8.7005e+01
9.0070e+01
9.3108e+01
9.5991e+01
9.8585e+01
1.0074e+02
1.0231e+02
1.0316e+02
1.0316e+02
1.0223e+02
1.0032e+02
9.7458e+01
9.3682e+01
8.9104e+01
8.3894e+01
7.8253e+01
7.2405e+01
6.6594e+01
6.1060e+01
5.6009e+01
5.1593e+01
4.7900e+01
4.4954e+01
4.2715e+01
4.1083e+01
3.9907e+01
3.9006e+01
3.8188e+01
3.7293e+01
3.6216e+01
3.4911e+01
3.3373e+01
3.1674e+01
2.9967e+01
2.8435e+01
2.7277e+01
2.6688e+01
2.6837e+01
2.7842e+01
2.9763e+01
3.2595e+01
3.6271e+01
4.0666e+01
4.5617e+01
5.0933e+01
5.6407e+01
6.1840e+01
6.7061e+01
7.1924e+01
7.6318e+01
8.0166e+01
8.3437e+01
8.6137e+01
8.8293e+01
8.9950e+01
9.1167e+01
9.2004e+01
9.2517e+01
9.2778e+01
9.2840e+01
9.2731e+01
9.2467e+01
9.2060e+01
9.1517e+01
9.0832e+01
8.9995e+01
8.8993e+01
8.7819e+01
8.6477e+01
8.4982e+01
8.3342e+01
8.1582e+01
7.9744e+01
7.7868e+01
7.5994e+01
7.4185e+01
7.2502e+01
7.0998e+01
6.9731e+01
6.8759e+01
6.8130e+01
6.7891e+01
6.8067e+01
6.8661e+01
6.9658e+01
7.1021e+01
7.2689e+01
7.4574e+01
7.6543e+01
7.8439e+01
8.0086e+01
8.1305e+01
8.1925e+01
8.1779e+01
8.0733e+01
7.8704e+01
7.5665e+01
7.1651e+01
6.6761e+01
6.1148e+01
5.5010e+01
4.8591e+01
