8.2423e+01
8.3657e+01
8.4927e+01
8.6176e+01
8.7352e+01
8.8421e+01
8.9375e+01
9.0229e+01
9.1024e+01
9.1825e+01
9.2703e+01
9.3734e+01
9.4975e+01
9.6457e+01
9.8175e+01
1.0009e+02
1.0211e+02
1.0413e+02
1.0604e+02
1.0771e+02
1.0903e+02
1.0990e+02
1.1028e+02
1.1015e+02
1.0954e+02
1.0855e+02
1.0727e+02
1.0584e+02
1.0440e+02
1.0310e+02
1.0204e+02
1.0134e+02
1.0106e+02
1.0124e+02
1.0187e+02
1.0290e+02
1.0425e+02
1.0580e+02
1.0743e+02
1.0901e+02
1.1041e+02
1.1153e+02
1.1230e+02
1.1267e+02
1.1266e+02
1.1230e+02
1.1167e+02
1.1087e+02
1.1000e+02
1.0917e+02
1.0846e+02
1.0796e+02
1.0769e+02
1.0767e+02
1.0786e+02
1.0824e+02
1.0872e+02
1.0923e+02
1.0970e+02
1.1009e+02
1.1034e+02
1.1044e+02
1.1039e+02
1.1022e+02
1.0996e+02
1.0967e+02
1.0939e+02
1.0916e+02
1.0905e+02
1.0906e+02
1.0921e+02
1.0949e+02
1.0986e+02
1.1028e+02
1.1068e+02
1.1101e+02
1.1122e+02
1.1124e+02
1.1105e+02
1.1065e+02
1.1002e+02
1.0915e+02
1.0802e+02
1.0663e+02
1.0496e+02
1.0299e+02
1.0067e+02
9.7986e+01
9.4902e+01
9.1401e+01
8.7490e+01
8.3212e+01
7.8643e+01
7.3911e+01
6.9191e+01
6.4693e+01
6.0640e+01
5.7250e+01
5.4730e+01
5.3248e+01
5.2930e+01
5.3823e+01
5.5914e+01
5.9111e+01
6.3259e+01
6.8148e+01
7.3531e+01
7.9150e+01
8.4740e+01
9.0074e+01
9.4934e+01
9.9170e+01
1.0271e+02
1.0555e+02
1.0773e+02
1.0931e+02
1.1041e+02
1.1116e+02
1.1171e+02
1.1217e+02
1.1265e+02
1.1318e+02
1.1378e+02
1.1442e+02
1.1502e+02
1.1546e+02
1.1561e+02
1.1533e+02
1.1449e+02
1.1300e+02
1.1081e+02
1.0790e+02
1.0435e+02
1.0027e+02
9.5797e+01
9.1142e+01
8.6511e+01
8.2105e+01
7.8105e+01
7.4663e+01
7.1871e+01
6.9779e+01
6.8376e+01
6.7601e+01
6.7365e+01
6.7547e+01
6.8031e+01
6.8707e+01
6.9487e+01
7.0285e+01
7.1048e+01
7.1768e+01
7.2459e+01
7.3151e+01
7.3888e+01
7.4722e+01
7.5704e+01
7.6882e+01
7.8297e+01
7.9972e+01
8.1907e+01
8.4071e+01
8.6412e+01
8.8857e+01
9.1316e+01
9.3682e+01
9.5851e+01
9.7719e+01
9.9190e+01
1.0020e+02
1.0070e+02
1.0069e+02
1.0017e+02
9.9210e+01
9.7857e+01
9.6188e+01
9.4287e+01
9.2225e+01
9.0053e+01
8.7809e+01
8.5532e+01
8.3238e+01
8.0923e+01
7.8581e+01
7.6234e+01
7.3932e+01
7.1740e+01
6.9754e+01
6.8084e+01
6.6860e+01
6.6223e+01
6.6302e+01
6.7209e+01
6.9016e+01
7.1732e+01
7.5292e+01
7.9580e+01
8.4416e+01
8.9584e+01
9.4845e+01
9.9952e+01
1.0468e+02
1.0888e+02
1.1245e+02
1.1528e+02
1.1738e+02
1.1879e+02
1.1956e+02
1.1977e+02
1.1947e+02
1.1870e+02
1.1749e+02
1.1581e+02
1.1367e+02
1.1105e+02
1.0795e+02
1.0438e+02
1.0041e+02
9.6125e+01
9.1652e+01
8.7148e+01
8.2799e+01
7.8793e+01
7.5303e+01
7.2475e+01
7.0432e+01
6.9277e+01
6.9061e+01
6.9795e+01
7.1443e+01
7.3940e+01
7.7185e+01
8.1048e+01
8.5349e+01
8.9904e+01
9.4535e+01
9.9023e+01
1.0316e+02
1.0674e+02
1.0961e+02
1.1162e+02
1.1268e+02
1.1273e+02
1.1176e+02
1.0981e+02
1.0695e+02
1.0329e+02
9.8997e+01
9.4215e+01
8.9114e+01
8.3868e+01
7.8632e+01
7.3516e+01
6.8619e+01
6.4015e+01
5.9740e+01
5.5805e+01
5.2203e+01
4.8928e+01
4.5990e+01
4.3433e+01
4.1308e+01
3.9686e+01
3.8655e+01
3.8300e+01
3.8715e+01
3.9979e+01
4.2139e+01
4.5181e+01
4.9032e+01
5.3565e+01
5.8595e+01
6.3899e+01
6.9223e+01
7.4311e+01
7.8926e+01
8.2878e+01
8.6005e+01
8.8184e+01
8.9356e+01
8.9517e+01
8.8710e+01
8.7008e+01
8.4517e+01
8.1345e+01
7.7609e+01
7.3438e+01
6.8958e+01
6.4306e+01
5.9618e+01
5.5010e+01
5.0567e+01
4.6382e+01
4.2527e+01
3.9048e+01
3.5971e+01
3.3272e+01
3.0899e+01
2.8789e+01
2.6870e+01
2.5076e+01
2.3368e+01
2.1738e+01
2.0209e+01
1.8843e+01
1.7728e+01
1.6967e+01
1.6659e+01
1.6912e+01
1.7820e+01
1.9404e+01
2.1616e+01
2.4345e+01
2.7427e+01
3.0642e+01
3.3740e+01
3.6454e+01
3.8549e+01
3.9832e+01
4.0162e+01
3.9478e+01
3.7817e+01
3.5310e+01
3.2146e+01
2.8572e+01
2.4853e+01
2.1249e+01
1.7993e+01
1.5262e+01
1.3175e+01
1.1781e+01
1.1064e+01
1.0938e+01
1.1280e+01
1.1961e+01
1.2846e+01
1.3826e+01
1.4812e+01
1.5756e+01
1.6615e+01
1.7365e+01
1.8012e+01
1.8574e+01
1.9067e+01
1.9500e+01
1.9872e+01
2.0181e+01
2.0434e+01
2.0623e+01
2.0750e+01
2.0831e+01
2.0888e+01
2.0954e+01
2.1056e+01
2.1220e+01
2.1464e+01
2.1803e+01
2.2240e+01
2.2757e+01
2.3334e+01
2.3944e+01
2.4553e+01
2.5122e+01
2.5623e+01
2.6036e+01
2.6347e+01
2.6565e+01
2.6707e+01
2.6803e+01
2.6876e+01
2.6966e+01
2.7109e+01
2.7347e+01
2.7714e+01
2.8222e+01
2.8875e+01
2.9663e+01
3.0577e+01
3.1582e+01
3.2642e+01
3.3724e+01
3.4792e+01
3.5810e+01
3.6741e+01
3.7570e+01
3.8287e+01
3.8897e+01
3.9405e+01
3.9824e+01
4.0178e+01
4.0495e+01
4.0807e+01
4.1152e+01
4.1583e+01
4.2142e+01
4.2875e+01
4.3826e+01
4.5017e+01
4.6466e+01
4.8171e+01
5.0118e+01
5.2274e+01
5.4587e+01
5.6983e+01
5.9389e+01
6.1729e+01
6.3934e+01
6.5947e+01
6.7721e+01
6.9247e+01
7.0532e+01
7.1599e+01
7.2487e+01
7.3240e+01
7.3902e+01
7.4510e+01
7.5093e+01
7.5660e+01
7.6219e+01
7.6761e+01
7.7263e+01
7.7703e+01
7.8048e+01
7.8275e+01
7.8349e+01
7.8261e+01
7.8005e+01
7.7587e+01
7.7025e+01
7.6337e+01
7.5556e+01
7.4716e+01
7.3858e+01
7.3018e+01
7.2238e+01
7.1551e+01
7.0983e+01
7.0574e+01
7.0364e+01
7.0401e+01
7.0728e+01
7.1396e+01
7.2457e+01
7.3964e+01
7.5963e+01
7.8487e+01
8.1552e+01
8.5144e+01
8.9221e+01
9.3697e+01
9.8457e+01
1.0337e+02
1.0829e+02
1.1307e+02
1.1756e+02
1.2163e+02
1.2512e+02
1.2793e+02
1.2994e+02
1.3108e+02
1.3127e+02
1.3049e+02
1.2868e+02
1.2586e+02
1.2206e+02
1.1735e+02
1.1184e+02
1.0571e+02
9.9159e+01
9.2396e+01
8.5659e+01
7.9185e+01
7.3183e+01
6.7833e+01
6.3259e+01
5.9540e+01
5.6699e+01
5.4696e+01
5.3450e+01
5.2856e+01
5.2805e+01
5.3185e+01
5.3896e+01
5.4846e+01
5.5963e+01
5.7210e+01
5.8582e+01
6.0097e+01
6.1767e+01
6.3614e+01
6.5659e+01
6.7922e+01
7.0395e+01
7.3029e+01
7.5755e+01
7.8474e+01
8.1069e+01
8.3397e+01
8.5307e+01
8.6647e+01
8.7288e+01
8.7141e+01
8.6156e+01
8.4346e+01
8.1773e+01
7.8558e+01
7.4859e+01
7.0861e+01
6.6770e+01
6.2775e+01
5.9037e+01
5.5666e+01
5.2730e+01
5.0243e+01
4.8173e+01
4.6454e+01
4.4994e+01
4.3695e+01
4.2461e+01
4.1224e+01
3.9932e+01
3.8562e+01
3.7105e+01
3.5581e+01
3.4047e+01
3.2554e+01
3.1146e+01
2.9852e+01
2.8693e+01
2.7668e+01
2.6773e+01
2.5986e+01
2.5278e+01
2.4624e+01
2.3991e+01
2.3364e+01
2.2736e+01
2.2101e+01
2.1458e+01
2.0815e+01
2.0187e+01
1.9596e+01
1.9071e+01
1.8630e+01
1.8302e+01
1.8118e+01
1.8104e+01
1.8282e+01
1.8678e+01
1.9315e+01
2.0206e+01
2.1355e+01
2.2745e+01
2.4341e+01
2.6092e+01
2.7923e+01
2.9741e+01
3.1448e+01
3.2960e+01
3.4211e+01
3.5167e+01
3.5810e+01
3.6165e+01
3.6296e+01
3.6294e+01
3.6273e+01
3.6351e+01
3.6644e+01
3.7241e+01
3.8204e+01
3.9554e+01
4.1271e+01
4.3292e+01
4.5518e+01
4.7846e+01
5.0151e+01
5.2314e+01
5.4240e+01
5.5864e+01
5.7147e+01
5.8077e+01
5.8676e+01
5.8984e+01
5.9062e+01
5.8966e+01
5.8752e+01
5.8468e+01
5.8151e+01
5.7806e+01
5.7396e+01
5.6868e+01
5.6149e+01
5.5174e+01
5.3875e+01
5.2179e+01
5.0030e+01
4.7390e+01
4.4256e+01
4.0660e+01
3.6673e+01
3.2388e+01
2.7930e+01
2.3440e+01
1.9060e+01
1.4927e+01
1.1159e+01
7.8627e+00
5.1134e+00
2.9529e+00
1.3925e+00
4.1890e-01
0000
9.7485e-02
6.7176e-01
1.6720e+00
3.0576e+00
4.7903e+00
6.8411e+00
9.1734e+00
1.1758e+01
1.4581e+01
1.7607e+01
2.0794e+01
2.4083e+01
2.7422e+01
3.0759e+01
3.4044e+01
3.7238e+01
4.0303e+01
4.3201e+01
4.5908e+01
4.8421e+01
5.0733e+01
5.2846e+01
5.4763e+01
5.6481e+01
5.7990e+01
5.9273e+01
6.0310e+01
6.1074e+01
6.1539e+01
6.1669e+01
6.1434e+01
6.0813e+01
5.9793e+01
5.8389e+01
5.6630e+01
5.4570e+01
5.2276e+01
4.9842e+01
4.7379e+01
4.4994e+01
4.2795e+01
4.0874e+01
3.9311e+01
3.8153e+01
3.7426e+01
3.7117e+01
3.7176e+01
3.7540e+01
3.8128e+01
3.8845e+01
3.9588e+01
4.0258e+01
4.0775e+01
4.1074e+01
4.1123e+01
4.0920e+01
4.0481e+01
3.9846e+01
3.9081e+01
3.8254e+01
3.7460e+01
3.6802e+01
3.6383e+01
3.6305e+01
3.6652e+01
3.7503e+01
3.8894e+01
4.0827e+01
4.3268e+01
4.6141e+01
4.9338e+01
5.2721e+01
5.6126e+01
5.9368e+01
6.2268e+01
6.4663e+01
6.6435e+01
6.7511e+01
6.7864e+01
6.7518e+01
6.6528e+01
6.4996e+01
6.3038e+01
6.0780e+01
5.8332e+01
5.5783e+01
5.3191e+01
5.0594e+01
4.8028e+01
4.5517e+01
4.3106e+01
4.0844e+01
3.8806e+01
3.7090e+01
3.5804e+01
3.5065e+01
3.4981e+01
3.5646e+01
3.7107e+01
3.9376e+01
4.2427e+01
4.6185e+01
5.0543e+01
5.5377e+01
6.0587e+01
6.6057e+01
7.1660e+01
7.7296e+01
8.2877e+01
8.8311e+01
9.3513e+01
9.8412e+01
1.0292e+02
1.0694e+02
1.1040e+02
1.1323e+02
1.1539e+02
1.1688e+02
1.1776e+02
1.1811e+02
1.1806e+02
1.1773e+02
1.1727e+02
1.1680e+02
1.1642e+02
1.1620e+02
1.1614e+02
1.1621e+02
1.1635e+02
1.1652e+02
1.1663e+02
1.1665e+02
1.1653e+02
1.1629e+02
1.1599e+02
1.1568e+02
1.1544e+02
1.1537e+02
1.1556e+02
1.1610e+02
1.1703e+02
1.1842e+02
1.2026e+02
1.2256e+02
1.2531e+02
1.2851e+02
1.3214e+02
1.3618e+02
1.4061e+02
1.4536e+02
1.5034e+02
1.5544e+02
1.6054e+02
1.6547e+02
1.7007e+02
1.7418e+02
1.7765e+02
1.8036e+02
1.8223e+02
1.8320e+02
1.8325e+02
1.8239e+02
1.8068e+02
1.7817e+02
1.7492e+02
1.7099e+02
1.6647e+02
1.6143e+02
1.5605e+02
1.5046e+02
1.4486e+02
1.3948e+02
1.3459e+02
1.3045e+02
1.2734e+02
1.2547e+02
1.2500e+02
1.2599e+02
1.2839e+02
1.3206e+02
1.3673e+02
1.4207e+02
1.4771e+02
1.5324e+02
1.5832e+02
1.6261e+02
1.6592e+02
1.6810e+02
1.6914e+02
1.6911e+02
1.6813e+02
1.6639e+02
1.6410e+02
1.6149e+02
1.5875e+02
1.5606e+02
1.5359e+02
1.5146e+02
1.4976e+02
1.4855e+02
1.4789e+02
1.4779e+02
1.4829e+02
1.4936e+02
1.5099e+02
1.5310e+02
1.5562e+02
1.5845e+02
1.6145e+02
1.6448e+02
1.6740e+02
1.7008e+02
1.7242e+02
1.7433e+02
1.7576e+02
1.7671e+02
1.7721e+02
1.7729e+02
1.7704e+02
1.7652e+02
1.7580e+02
1.7497e+02
1.7409e+02
1.7324e+02
1.7246e+02
1.7182e+02
1.7138e+02
1.7121e+02
1.7140e+02
1.7203e+02
1.7317e+02
1.7487e+02
1.7716e+02
1.8003e+02
1.8342e+02
1.8720e+02
1.9122e+02
1.9526e+02
1.9906e+02
2.0238e+02
2.0498e+02
2.0664e+02
2.0719e+02
2.0654e+02
2.0463e+02
2.0150e+02
1.9726e+02
1.9207e+02
1.8614e+02
1.7970e+02
1.7302e+02
1.6638e+02
1.6004e+02
1.5429e+02
1.4935e+02
1.4543e+02
1.4271e+02
1.4131e+02
1.4130e+02
1.4270e+02
1.4546e+02
1.4945e+02
1.5449e+02
1.6033e+02
1.6669e+02
1.7328e+02
1.7978e+02
1.8593e+02
1.9148e+02
1.9627e+02
2.0020e+02
2.0323e+02
2.0540e+02
2.0681e+02
2.0760e+02
2.0793e+02
2.0794e+02
2.0779e+02
2.0759e+02
2.0739e+02
2.0726e+02
2.0718e+02
2.0713e+02
2.0706e+02
2.0691e+02
2.0663e+02
2.0618e+02
2.0553e+02
2.0468e+02
2.0365e+02
2.0250e+02
2.0130e+02
2.0014e+02
1.9914e+02
1.9841e+02
1.9809e+02
1.9829e+02
1.9911e+02
2.0060e+02
2.0282e+02
2.0572e+02
2.0927e+02
2.1332e+02
2.1774e+02
2.2234e+02
2.2692e+02
2.3130e+02
2.3529e+02
2.3875e+02
2.4160e+02
2.4376e+02
2.4523e+02
2.4605e+02
2.4628e+02
2.4599e+02
2.4529e+02
2.4426e+02
2.4299e+02
2.4156e+02
2.4001e+02
2.3839e+02
2.3672e+02
2.3502e+02
2.3329e+02
2.3155e+02
2.2978e+02
2.2799e+02
2.2618e+02
2.2434e+02
2.2248e+02
2.2060e+02
2.1875e+02
2.1697e+02
2.1532e+02
2.1388e+02
2.1274e+02
2.1199e+02
2.1171e+02
2.1195e+02
2.1276e+02
2.1411e+02
2.1595e+02
2.1819e+02
2.2069e+02
2.2330e+02
2.2582e+02
2.2809e+02
2.2993e+02
2.3124e+02
2.3192e+02
2.3194e+02
2.3132e+02
2.3012e+02
2.2843e+02
2.2636e+02
2.2402e+02
2.2152e+02
2.1897e+02
2.1644e+02
2.1400e+02
2.1166e+02
2.0943e+02
2.0730e+02
2.0526e+02
2.0331e+02
2.0150e+02
1.9986e+02
1.9843e+02
1.9730e+02
1.9656e+02
1.9631e+02
1.9660e+02
1.9748e+02
1.9896e+02
2.0098e+02
2.0347e+02
2.0632e+02
2.0936e+02
2.1244e+02
2.1541e+02
2.1813e+02
2.2051e+02
2.2249e+02
2.2406e+02
2.2525e+02
2.2613e+02
2.2677e+02
2.2724e+02
2.2760e+02
2.2791e+02
2.2819e+02
2.2843e+02
2.2862e+02
2.2872e+02
2.2872e+02
2.2856e+02
2.2822e+02
2.2770e+02
2.2701e+02
2.2617e+02
2.2521e+02
2.2415e+02
2.2301e+02
2.2184e+02
2.2065e+02
2.1949e+02
2.1839e+02
2.1741e+02
2.1662e+02
2.1607e+02
2.1584e+02
2.1598e+02
2.1653e+02
2.1750e+02
2.1885e+02
2.2049e+02
2.2232e+02
2.2419e+02
2.2592e+02
2.2734e+02
2.2827e+02
2.2859e+02
2.2821e+02
2.2710e+02
2.2526e+02
2.2278e+02
2.1975e+02
2.1630e+02
2.1257e+02
2.0869e+02
2.0474e+02
2.0080e+02
1.9695e+02
1.9323e+02
1.8969e+02
1.8636e+02
1.8329e+02
1.8054e+02
1.7816e+02
1.7624e+02
1.7488e+02
1.7411e+02
1.7397e+02
1.7446e+02
1.7552e+02
1.7704e+02
1.7889e+02
1.8091e+02
1.8292e+02
1.8477e+02
1.8631e+02
1.8744e+02
1.8812e+02
1.8832e+02
1.8810e+02
1.8752e+02
1.8666e+02
1.8563e+02
1.8449e+02
1.8330e+02
1.8211e+02
1.8093e+02
1.7974e+02
1.7852e+02
1.7721e+02
1.7578e+02
1.7418e+02
1.7241e+02
1.7050e+02
1.6849e+02
1.6648e+02
1.6456e+02
1.6287e+02
1.6153e+02
1.6067e+02
1.6038e+02
1.6074e+02
1.6175e+02
1.6338e+02
1.6554e+02
1.6807e+02
1.7079e+02
1.7352e+02
1.7604e+02
1.7818e+02
1.7978e+02
1.8076e+02
1.8109e+02
1.8081e+02
1.8008e+02
1.7907e+02
1.7803e+02
1.7720e+02
1.7682e+02
1.7709e+02
1.7820e+02
1.8022e+02
1.8318e+02
1.8702e+02
1.9156e+02
1.9657e+02
2.0173e+02
2.0672e+02
2.1121e+02
2.1488e+02
2.1749e+02
2.1885e+02
2.1886e+02
2.1752e+02
2.1495e+02
2.1136e+02
2.0705e+02
2.0239e+02
1.9776e+02
1.9356e+02
1.9015e+02
1.8784e+02
1.8687e+02
1.8737e+02
1.8935e+02
1.9270e+02
1.9721e+02
2.0259e+02
2.0852e+02
2.1464e+02
2.2060e+02
2.2608e+02
2.3084e+02
2.3469e+02
2.3754e+02
2.3939e+02
2.4029e+02
2.4039e+02
2.3981e+02
2.3873e+02
2.3730e+02
2.3566e+02
2.3390e+02
2.3212e+02
2.3036e+02
2.2867e+02
2.2704e+02
2.2547e+02
2.2398e+02
2.2256e+02
2.2124e+02
2.2004e+02
2.1902e+02
2.1824e+02
2.1776e+02
2.1766e+02
2.1800e+02
2.1884e+02
2.2021e+02
2.2214e+02
2.2459e+02
2.2751e+02
2.3080e+02
2.3433e+02
2.3793e+02
2.4144e+02
2.4469e+02
2.4752e+02
2.4982e+02
2.5150e+02
2.5254e+02
2.5295e+02
2.5280e+02
2.5217e+02
2.5116e+02
2.4990e+02
2.4846e+02
2.4693e+02
2.4536e+02
2.4378e+02
2.4221e+02
2.4066e+02
2.3911e+02
2.3757e+02
2.3605e+02
2.3458e+02
2.3321e+02
2.3198e+02
2.3095e+02
2.3015e+02
2.2960e+02
2.2931e+02
2.2925e+02
2.2938e+02
2.2962e+02
2.2990e+02
2.3012e+02
2.3021e+02
2.3010e+02
2.2977e+02
2.2923e+02
2.2853e+02
2.2773e+02
2.2693e+02
2.2624e+02
2.2577e+02
2.2560e+02
2.2581e+02
2.2642e+02
2.2741e+02
2.2871e+02
2.3020e+02
2.3175e+02
2.3322e+02
2.3444e+02
2.3528e+02
2.3565e+02
2.3550e+02
2.3484e+02
2.3372e+02
2.3223e+02
2.3048e+02
2.2862e+02
2.2677e+02
2.2506e+02
2.2358e+02
2.2239e+02
2.2150e+02
2.2091e+02
2.2057e+02
2.2041e+02
2.2035e+02
2.2030e+02
2.2021e+02
2.2001e+02
2.1968e+02
2.1923e+02
2.1868e+02
2.1811e+02
2.1759e+02
2.1722e+02
2.1710e+02
2.1733e+02
2.1797e+02
2.1907e+02
2.2066e+02
2.2271e+02
2.2516e+02
2.2792e+02
2.3089e+02
2.3391e+02
2.3687e+02
2.3964e+02
2.4210e+02
2.4420e+02
2.4591e+02
2.4723e+02
2.4821e+02
2.4891e+02
2.4943e+02
2.4986e+02
2.5030e+02
2.5081e+02
2.5143e+02
2.5217e+02
2.5303e+02
2.5397e+02
2.5493e+02
2.5588e+02
2.5672e+02
2.5741e+02
2.5791e+02
2.5820e+02
2.5827e+02
2.5813e+02
2.5779e+02
2.5725e+02
2.5653e+02
2.5562e+02
2.5452e+02
2.5321e+02
2.5170e+02
2.4997e+02
2.4805e+02
2.4595e+02
2.4370e+02
2.4133e+02
2.3891e+02
2.3648e+02
2.3410e+02
2.3182e+02
2.2968e+02
2.2771e+02
2.2593e+02
2.2434e+02
2.2290e+02
2.2156e+02
2.2024e+02
2.1887e+02
2.1732e+02
2.1550e+02
2.1332e+02
2.1069e+02
2.0754e+02
2.0386e+02
1.9968e+02
1.9507e+02
1.9016e+02
1.8508e+02
1.8002e+02
1.7517e+02
1.7071e+02
1.6681e+02
1.6363e+02
1.6125e+02
1.5974e+02
1.5913e+02
1.5937e+02
1.6042e+02
1.6219e+02
1.6456e+02
1.6737e+02
1.7048e+02
1.7370e+02
1.7685e+02
1.7975e+02
1.8225e+02
1.8423e+02
1.8556e+02
1.8617e+02
1.8605e+02
1.8522e+02
1.8373e+02
1.8167e+02
1.7919e+02
1.7641e+02
1.7348e+02
1.7055e+02
1.6776e+02
1.6519e+02
1.6290e+02
1.6091e+02
1.5922e+02
1.5776e+02
1.5648e+02
1.5528e+02
1.5407e+02
1.5277e+02
1.5130e+02
1.4960e+02
1.4764e+02
1.4545e+02
1.4306e+02
1.4056e+02
1.3804e+02
1.3560e+02
1.3332e+02
1.3129e+02
1.2963e+02
1.2840e+02
1.2769e+02
1.2753e+02
1.2797e+02
1.2906e+02
1.3083e+02
1.3331e+02
1.3651e+02
1.4041e+02
1.4496e+02
1.5005e+02
1.5557e+02
1.6134e+02
1.6716e+02
1.7281e+02
1.7806e+02
1.8270e+02
1.8656e+02
1.8951e+02
1.9149e+02
1.9251e+02
1.9266e+02
1.9207e+02
1.9089e+02
1.8933e+02
1.8759e+02
1.8583e+02
1.8423e+02
1.8291e+02
1.8194e+02
1.8134e+02
1.8110e+02
1.8122e+02
1.8163e+02
1.8231e+02
1.8319e+02
1.8425e+02
1.8543e+02
1.8671e+02
1.8808e+02
1.8948e+02
1.9092e+02
1.9235e+02
1.9375e+02
1.9510e+02
1.9636e+02
1.9753e+02
1.9858e+02
1.9951e+02
2.0032e+02
2.0105e+02
2.0172e+02
2.0235e+02
2.0299e+02
2.0366e+02
2.0439e+02
2.0518e+02
2.0604e+02
2.0695e+02
2.0790e+02
2.0886e+02
2.0982e+02
2.1073e+02
2.1154e+02
2.1221e+02
2.1269e+02
2.1293e+02
2.1290e+02
2.1256e+02
2.1186e+02
2.1077e+02
2.0925e+02
2.0729e+02
2.0489e+02
2.0206e+02
1.9883e+02
1.9524e+02
1.9135e+02
1.8725e+02
1.8304e+02
1.7882e+02
1.7470e+02
1.7078e+02
1.6716e+02
1.6392e+02
1.6109e+02
1.5870e+02
1.5674e+02
1.5517e+02
1.5393e+02
1.5293e+02
1.5208e+02
1.5129e+02
1.5048e+02
1.4961e+02
1.4863e+02
1.4756e+02
1.4641e+02
1.4521e+02
1.4401e+02
1.4289e+02
1.4188e+02
1.4103e+02
1.4037e+02
1.3991e+02
1.3963e+02
1.3951e+02
1.3950e+02
1.3956e+02
1.3962e+02
1.3966e+02
1.3964e+02
1.3953e+02
1.3932e+02
1.3901e+02
1.3860e+02
1.3810e+02
1.3752e+02
1.3687e+02
1.3617e+02
1.3544e+02
1.3468e+02
1.3390e+02
1.3311e+02
1.3233e+02
1.3158e+02
1.3089e+02
1.3027e+02
1.2977e+02
1.2941e+02
1.2920e+02
1.2917e+02
1.2934e+02
1.2970e+02
1.3024e+02
1.3094e+02
1.3177e+02
1.3269e+02
1.3367e+02
1.3469e+02
1.3572e+02
1.3673e+02
1.3773e+02
1.3871e+02
1.3966e+02
1.4061e+02
1.4154e+02
1.4247e+02
1.4339e+02
1.4429e+02
1.4515e+02
1.4591e+02
1.4655e+02
1.4703e+02
1.4729e+02
1.4732e+02
1.4708e+02
1.4658e+02
1.4585e+02
1.4490e+02
1.4381e+02
1.4265e+02
1.4149e+02
1.4040e+02
1.3945e+02
1.3870e+02
1.3819e+02
1.3794e+02
1.3794e+02
1.3818e+02
1.3862e+02
1.3925e+02
1.4010e+02
1.4116e+02
1.4251e+02
1.4419e+02
1.4629e+02
1.4891e+02
1.5216e+02
1.5607e+02
1.6068e+02
1.6597e+02
1.7187e+02
1.7826e+02
1.8496e+02
1.9176e+02
1.9845e+02
2.0481e+02
2.1065e+02
2.1585e+02
2.2030e+02
2.2401e+02
2.2701e+02
2.2941e+02
2.3135e+02
2.3299e+02
2.3450e+02
2.3602e+02
2.3768e+02
2.3954e+02
2.4165e+02
2.4400e+02
2.4654e+02
2.4918e+02
2.5180e+02
2.5429e+02
2.5654e+02
2.5846e+02
2.5997e+02
2.6103e+02
2.6162e+02
2.6177e+02
2.6151e+02
2.6090e+02
2.6004e+02
2.5899e+02
2.5784e+02
2.5667e+02
2.5554e+02
2.5448e+02
2.5352e+02
2.5267e+02
2.5189e+02
2.5113e+02
2.5032e+02
2.4939e+02
2.4827e+02
2.4688e+02
2.4516e+02
2.4307e+02
2.4060e+02
2.3775e+02
2.3459e+02
2.3122e+02
2.2774e+02
2.2430e+02
2.2107e+02
2.1821e+02
2.1585e+02
2.1411e+02
2.1308e+02
2.1279e+02
2.1323e+02
2.1437e+02
2.1610e+02
2.1832e+02
2.2091e+02
2.2373e+02
2.2667e+02
2.2962e+02
2.3251e+02
2.3526e+02
2.3781e+02
2.4015e+02
2.4224e+02
2.4408e+02
2.4563e+02
2.4689e+02
2.4788e+02
2.4857e+02
2.4898e+02
2.4914e+02
2.4906e+02
2.4880e+02
2.4837e+02
2.4783e+02
2.4719e+02
2.4647e+02
2.4569e+02
2.4483e+02
2.4391e+02
2.4290e+02
2.4179e+02
2.4056e+02
2.3922e+02
2.3777e+02
2.3626e+02
2.3473e+02
2.3322e+02
2.3182e+02
2.3058e+02
2.2955e+02
2.2875e+02
2.2820e+02
2.2792e+02
2.2785e+02
2.2797e+02
2.2820e+02
2.2843e+02
2.2857e+02
2.2853e+02
2.2822e+02
2.2756e+02
2.2649e+02
2.2500e+02
2.2310e+02
2.2083e+02
2.1828e+02
2.1555e+02
2.1278e+02
2.1008e+02
2.0756e+02
2.0534e+02
2.0350e+02
2.0210e+02
2.0114e+02
2.0060e+02
2.0042e+02
2.0052e+02
2.0081e+02
2.0117e+02
2.0149e+02
2.0169e+02
2.0171e+02
2.0149e+02
2.0096e+02
2.0009e+02
1.9886e+02
1.9725e+02
1.9525e+02
1.9288e+02
1.9013e+02
1.8703e+02
1.8361e+02
1.7995e+02
1.7612e+02
1.7221e+02
1.6832e+02
1.6455e+02
1.6100e+02
1.5777e+02
1.5490e+02
1.5242e+02
1.5035e+02
1.4866e+02
1.4729e+02
1.4621e+02
1.4535e+02
1.4465e+02
1.4406e+02
1.4355e+02
1.4309e+02
1.4267e+02
1.4226e+02
1.4184e+02
1.4143e+02
1.4100e+02
1.4056e+02
1.4009e+02
1.3959e+02
1.3907e+02
1.3852e+02
1.3798e+02
1.3748e+02
1.3705e+02
1.3673e+02
1.3657e+02
1.3659e+02
1.3683e+02
1.3730e+02
1.3797e+02
1.3881e+02
1.3979e+02
1.4085e+02
1.4191e+02
1.4290e+02
1.4376e+02
1.4441e+02
1.4481e+02
1.4494e+02
1.4480e+02
1.4441e+02
1.4381e+02
1.4306e+02
1.4221e+02
1.4134e+02
1.4050e+02
1.3971e+02
1.3903e+02
1.3845e+02
1.3799e+02
1.3764e+02
1.3739e+02
1.3722e+02
1.3709e+02
1.3697e+02
1.3680e+02
1.3655e+02
1.3616e+02
1.3554e+02
1.3465e+02
1.3344e+02
1.3186e+02
1.2990e+02
1.2757e+02
1.2489e+02
1.2194e+02
1.1878e+02
1.1551e+02
1.1224e+02
1.0909e+02
1.0613e+02
1.0345e+02
1.0110e+02
9.9112e+01
9.7498e+01
9.6271e+01
9.5427e+01
9.4956e+01
9.4846e+01
9.5062e+01
9.5568e+01
9.6313e+01
9.7244e+01
9.8315e+01
9.9472e+01
1.0066e+02
1.0181e+02
1.0290e+02
1.0389e+02
1.0475e+02
1.0549e+02
1.0611e+02
1.0661e+02
1.0701e+02
1.0732e+02
1.0755e+02
1.0772e+02
1.0785e+02
1.0796e+02
1.0806e+02
1.0815e+02
1.0826e+02
1.0843e+02
1.0868e+02
1.0904e+02
1.0954e+02
1.1016e+02
1.1091e+02
1.1176e+02
1.1268e+02
1.1362e+02
1.1455e+02
1.1540e+02
1.1611e+02
1.1664e+02
1.1694e+02
1.1695e+02
1.1665e+02
1.1601e+02
1.1500e+02
1.1363e+02
1.1191e+02
1.0985e+02
1.0751e+02
1.0496e+02
1.0226e+02
9.9537e+01
9.6897e+01
9.4455e+01
9.2325e+01
9.0601e+01
8.9351e+01
8.8615e+01
8.8396e+01
8.8645e+01
8.9273e+01
9.0156e+01
9.1152e+01
9.2107e+01
9.2867e+01
9.3291e+01
9.3259e+01
9.2709e+01
9.1615e+01
8.9992e+01
8.7909e+01
8.5494e+01
8.2904e+01
8.0301e+01
7.7862e+01
7.5747e+01
7.4103e+01
7.3043e+01
7.2628e+01
7.2854e+01
7.3659e+01
7.4946e+01
7.6571e+01
7.8374e+01
8.0188e+01
8.1863e+01
8.3290e+01
8.4407e+01
8.5213e+01
8.5760e+01
8.6177e+01
8.6625e+01
8.7293e+01
8.8363e+01
9.0000e+01
9.2323e+01
9.5394e+01
9.9216e+01
1.0372e+02
1.0881e+02
1.1433e+02
1.2013e+02
1.2603e+02
1.3187e+02
1.3755e+02
1.4298e+02
1.4810e+02
1.5290e+02
1.5735e+02
1.6148e+02
1.6530e+02
1.6883e+02
1.7208e+02
1.7503e+02
1.7768e+02
1.8001e+02
1.8202e+02
1.8371e+02
1.8506e+02
1.8611e+02
1.8686e+02
1.8734e+02
1.8759e+02
1.8767e+02
1.8764e+02
1.8755e+02
1.8746e+02
1.8745e+02
1.8758e+02
1.8792e+02
1.8850e+02
1.8936e+02
1.9052e+02
1.9190e+02
1.9340e+02
1.9486e+02
1.9608e+02
1.9682e+02
1.9684e+02
1.9589e+02
1.9374e+02
1.9025e+02
1.8532e+02
1.7898e+02
1.7135e+02
1.6264e+02
1.5314e+02
1.4320e+02
