4.7069e+02
4.6641e+02
4.6217e+02
4.5805e+02
4.5413e+02
4.5044e+02
4.4696e+02
4.4368e+02
4.4052e+02
4.3744e+02
4.3437e+02
4.3128e+02
4.2815e+02
4.2501e+02
4.2189e+02
4.1884e+02
4.1591e+02
4.1315e+02
4.1061e+02
4.0829e+02
4.0617e+02
4.0425e+02
4.0248e+02
4.0084e+02
3.9931e+02
3.9788e+02
3.9655e+02
3.9536e+02
3.9436e+02
3.9359e+02
3.9308e+02
3.9285e+02
3.9291e+02
3.9324e+02
3.9382e+02
3.9456e+02
3.9540e+02
3.9627e+02
3.9710e+02
3.9785e+02
3.9850e+02
3.9904e+02
3.9948e+02
3.9984e+02
4.0015e+02
4.0044e+02
4.0075e+02
4.0107e+02
4.0141e+02
4.0176e+02
4.0210e+02
4.0239e+02
4.0263e+02
4.0279e+02
4.0289e+02
4.0292e+02
4.0293e+02
4.0297e+02
4.0309e+02
4.0337e+02
4.0389e+02
4.0469e+02
4.0584e+02
4.0734e+02
4.0921e+02
4.1141e+02
4.1388e+02
4.1652e+02
4.1926e+02
4.2197e+02
4.2454e+02
4.2685e+02
4.2881e+02
4.3037e+02
4.3146e+02
4.3210e+02
4.3229e+02
4.3208e+02
4.3154e+02
4.3075e+02
4.2980e+02
4.2878e+02
4.2776e+02
4.2681e+02
4.2597e+02
4.2527e+02
4.2472e+02
4.2430e+02
4.2399e+02
4.2375e+02
4.2353e+02
4.2329e+02
4.2299e+02
4.2258e+02
4.2206e+02
4.2141e+02
4.2063e+02
4.1972e+02
4.1873e+02
4.1766e+02
4.1653e+02
4.1537e+02
4.1418e+02
4.1298e+02
4.1178e+02
4.1058e+02
4.0939e+02
4.0823e+02
4.0713e+02
4.0613e+02
4.0528e+02
4.0463e+02
4.0425e+02
4.0418e+02
4.0446e+02
4.0512e+02
4.0613e+02
4.0747e+02
4.0907e+02
4.1085e+02
4.1272e+02
4.1458e+02
4.1635e+02
4.1795e+02
4.1933e+02
4.2047e+02
4.2138e+02
4.2210e+02
4.2268e+02
4.2317e+02
4.2362e+02
4.2408e+02
4.2459e+02
4.2519e+02
4.2587e+02
4.2664e+02
4.2746e+02
4.2833e+02
4.2923e+02
4.3012e+02
4.3101e+02
4.3189e+02
4.3276e+02
4.3362e+02
4.3446e+02
4.3528e+02
4.3608e+02
4.3683e+02
4.3754e+02
4.3819e+02
4.3880e+02
4.3935e+02
4.3987e+02
4.4038e+02
4.4091e+02
4.4152e+02
4.4222e+02
4.4304e+02
4.4402e+02
4.4516e+02
4.4646e+02
4.4789e+02
4.4940e+02
4.5093e+02
4.5243e+02
4.5383e+02
4.5505e+02
4.5604e+02
4.5677e+02
4.5721e+02
4.5734e+02
4.5718e+02
4.5677e+02
4.5614e+02
4.5536e+02
4.5449e+02
4.5360e+02
4.5275e+02
4.5200e+02
4.5138e+02
4.5090e+02
4.5059e+02
4.5041e+02
4.5036e+02
4.5040e+02
4.5048e+02
4.5055e+02
4.5057e+02
4.5047e+02
4.5022e+02
4.4976e+02
4.4904e+02
4.4805e+02
4.4675e+02
4.4514e+02
4.4322e+02
4.4101e+02
4.3857e+02
4.3593e+02
4.3317e+02
4.3037e+02
4.2760e+02
4.2494e+02
4.2244e+02
4.2016e+02
4.1811e+02
4.1630e+02
4.1472e+02
4.1332e+02
4.1207e+02
4.1095e+02
4.0990e+02
4.0893e+02
4.0803e+02
4.0720e+02
4.0648e+02
4.0590e+02
4.0548e+02
4.0527e+02
4.0527e+02
4.0551e+02
4.0599e+02
4.0669e+02
4.0756e+02
4.0856e+02
4.0960e+02
4.1064e+02
4.1160e+02
4.1240e+02
4.1297e+02
4.1327e+02
4.1323e+02
4.1284e+02
4.1210e+02
4.1102e+02
4.0964e+02
4.0803e+02
4.0627e+02
4.0447e+02
4.0274e+02
4.0120e+02
3.9994e+02
3.9904e+02
3.9855e+02
3.9850e+02
3.9887e+02
3.9963e+02
4.0073e+02
4.0210e+02
4.0366e+02
4.0534e+02
4.0707e+02
4.0877e+02
4.1039e+02
4.1189e+02
4.1326e+02
4.1448e+02
4.1555e+02
4.1646e+02
4.1722e+02
4.1782e+02
4.1829e+02
4.1863e+02
4.1886e+02
4.1900e+02
4.1908e+02
4.1913e+02
4.1919e+02
4.1928e+02
4.1942e+02
4.1964e+02
4.1995e+02
4.2034e+02
4.2081e+02
4.2133e+02
4.2186e+02
4.2236e+02
4.2275e+02
4.2299e+02
4.2299e+02
4.2271e+02
4.2211e+02
4.2117e+02
4.1991e+02
4.1836e+02
4.1661e+02
4.1474e+02
4.1285e+02
4.1103e+02
4.0934e+02
4.0783e+02
4.0652e+02
4.0541e+02
4.0443e+02
4.0352e+02
4.0258e+02
4.0154e+02
4.0034e+02
3.9898e+02
3.9748e+02
3.9590e+02
3.9434e+02
3.9294e+02
3.9179e+02
3.9102e+02
3.9068e+02
3.9077e+02
3.9122e+02
3.9191e+02
3.9266e+02
3.9326e+02
3.9348e+02
3.9313e+02
3.9205e+02
3.9014e+02
3.8737e+02
3.8381e+02
3.7958e+02
3.7487e+02
3.6991e+02
3.6494e+02
3.6021e+02
3.5590e+02
3.5216e+02
3.4908e+02
3.4670e+02
3.4504e+02
3.4404e+02
3.4364e+02
3.4377e+02
3.4435e+02
3.4531e+02
3.4661e+02
3.4822e+02
3.5010e+02
3.5223e+02
3.5458e+02
3.5714e+02
3.5986e+02
3.6273e+02
3.6567e+02
3.6863e+02
3.7155e+02
3.7438e+02
3.7709e+02
3.7965e+02
3.8203e+02
3.8423e+02
3.8624e+02
3.8807e+02
3.8973e+02
3.9121e+02
3.9252e+02
3.9365e+02
3.9457e+02
3.9528e+02
3.9575e+02
3.9597e+02
3.9593e+02
3.9565e+02
3.9513e+02
3.9441e+02
3.9354e+02
3.9259e+02
3.9164e+02
3.9076e+02
3.9005e+02
3.8957e+02
3.8938e+02
3.8951e+02
3.8999e+02
3.9080e+02
3.9191e+02
3.9327e+02
3.9479e+02
3.9639e+02
3.9799e+02
3.9951e+02
4.0086e+02
4.0201e+02
4.0289e+02
4.0350e+02
4.0382e+02
4.0386e+02
4.0365e+02
4.0321e+02
4.0259e+02
4.0181e+02
4.0093e+02
3.9998e+02
3.9901e+02
3.9806e+02
3.9719e+02
3.9643e+02
3.9583e+02
3.9542e+02
3.9526e+02
3.9536e+02
3.9574e+02
3.9643e+02
3.9741e+02
3.9869e+02
4.0023e+02
4.0200e+02
4.0397e+02
4.0608e+02
4.0828e+02
4.1051e+02
4.1273e+02
4.1486e+02
4.1688e+02
4.1876e+02
4.2047e+02
4.2201e+02
4.2339e+02
4.2462e+02
4.2573e+02
4.2672e+02
4.2761e+02
4.2841e+02
4.2913e+02
4.2974e+02
4.3021e+02
4.3052e+02
4.3064e+02
4.3055e+02
4.3024e+02
4.2969e+02
4.2894e+02
4.2799e+02
4.2689e+02
4.2570e+02
4.2448e+02
4.2330e+02
4.2223e+02
4.2130e+02
4.2056e+02
4.2004e+02
4.1975e+02
4.1970e+02
4.1985e+02
4.2018e+02
4.2066e+02
4.2122e+02
4.2182e+02
4.2240e+02
4.2289e+02
4.2325e+02
4.2345e+02
4.2346e+02
4.2327e+02
4.2289e+02
4.2236e+02
4.2173e+02
4.2107e+02
4.2043e+02
4.1988e+02
4.1950e+02
4.1931e+02
4.1936e+02
4.1964e+02
4.2011e+02
4.2072e+02
4.2137e+02
4.2199e+02
4.2246e+02
4.2269e+02
4.2260e+02
4.2216e+02
4.2134e+02
4.2016e+02
4.1866e+02
4.1694e+02
4.1508e+02
4.1321e+02
4.1145e+02
4.0991e+02
4.0867e+02
4.0781e+02
4.0736e+02
4.0734e+02
4.0776e+02
4.0857e+02
4.0973e+02
4.1119e+02
4.1289e+02
4.1477e+02
4.1677e+02
4.1884e+02
4.2092e+02
4.2297e+02
4.2496e+02
4.2687e+02
4.2866e+02
4.3031e+02
4.3181e+02
4.3313e+02
4.3427e+02
4.3521e+02
4.3594e+02
4.3646e+02
4.3677e+02
4.3687e+02
4.3676e+02
4.3647e+02
4.3604e+02
4.3548e+02
4.3486e+02
4.3421e+02
4.3360e+02
4.3309e+02
4.3273e+02
4.3256e+02
4.3261e+02
4.3290e+02
4.3342e+02
4.3414e+02
4.3502e+02
4.3601e+02
4.3704e+02
4.3804e+02
4.3896e+02
4.3974e+02
4.4034e+02
4.4074e+02
4.4096e+02
4.4100e+02
4.4090e+02
4.4069e+02
4.4041e+02
4.4009e+02
4.3974e+02
4.3938e+02
4.3902e+02
4.3864e+02
4.3822e+02
4.3773e+02
4.3714e+02
4.3645e+02
4.3562e+02
4.3466e+02
4.3356e+02
4.3232e+02
4.3097e+02
4.2952e+02
4.2799e+02
4.2641e+02
4.2480e+02
4.2316e+02
4.2152e+02
4.1988e+02
4.1827e+02
4.1667e+02
4.1510e+02
4.1357e+02
4.1207e+02
4.1061e+02
4.0921e+02
4.0787e+02
4.0660e+02
4.0540e+02
4.0429e+02
4.0325e+02
4.0230e+02
4.0142e+02
4.0061e+02
3.9983e+02
3.9908e+02
3.9833e+02
3.9756e+02
3.9675e+02
3.9589e+02
3.9497e+02
3.9399e+02
3.9297e+02
3.9192e+02
3.9087e+02
3.8984e+02
3.8887e+02
3.8797e+02
3.8716e+02
3.8643e+02
3.8579e+02
3.8519e+02
3.8462e+02
3.8402e+02
3.8335e+02
3.8256e+02
3.8163e+02
3.8052e+02
3.7924e+02
3.7782e+02
3.7626e+02
3.7462e+02
3.7295e+02
3.7128e+02
3.6968e+02
3.6816e+02
3.6675e+02
3.6545e+02
3.6426e+02
3.6316e+02
3.6213e+02
3.6112e+02
3.6014e+02
3.5915e+02
3.5815e+02
3.5713e+02
3.5611e+02
3.5508e+02
3.5405e+02
3.5304e+02
3.5204e+02
3.5106e+02
3.5008e+02
3.4911e+02
3.4814e+02
3.4716e+02
3.4618e+02
3.4520e+02
3.4426e+02
3.4336e+02
3.4253e+02
3.4180e+02
3.4119e+02
3.4070e+02
3.4035e+02
3.4013e+02
3.4001e+02
3.3996e+02
3.3995e+02
3.3994e+02
3.3993e+02
3.3988e+02
3.3981e+02
3.3971e+02
3.3961e+02
3.3956e+02
3.3956e+02
3.3966e+02
3.3987e+02
3.4021e+02
3.4065e+02
3.4117e+02
3.4173e+02
3.4228e+02
3.4276e+02
3.4314e+02
3.4337e+02
3.4344e+02
3.4334e+02
3.4309e+02
3.4272e+02
3.4226e+02
3.4175e+02
3.4124e+02
3.4074e+02
3.4027e+02
3.3985e+02
3.3945e+02
3.3906e+02
3.3865e+02
3.3817e+02
3.3757e+02
3.3682e+02
3.3588e+02
3.3473e+02
3.3336e+02
3.3176e+02
3.2996e+02
3.2800e+02
3.2592e+02
3.2379e+02
3.2169e+02
3.1972e+02
3.1794e+02
3.1647e+02
3.1536e+02
3.1468e+02
3.1444e+02
3.1466e+02
3.1531e+02
3.1635e+02
3.1773e+02
3.1938e+02
3.2121e+02
3.2317e+02
3.2519e+02
3.2720e+02
3.2919e+02
3.3113e+02
3.3301e+02
3.3482e+02
3.3658e+02
3.3828e+02
3.3993e+02
3.4151e+02
3.4301e+02
3.4442e+02
3.4573e+02
3.4693e+02
3.4802e+02
3.4901e+02
3.4990e+02
3.5072e+02
3.5150e+02
3.5228e+02
3.5308e+02
3.5396e+02
3.5494e+02
3.5605e+02
3.5729e+02
3.5867e+02
3.6016e+02
3.6173e+02
3.6334e+02
3.6493e+02
3.6646e+02
3.6789e+02
3.6917e+02
3.7028e+02
3.7122e+02
3.7197e+02
3.7256e+02
3.7299e+02
3.7330e+02
3.7348e+02
3.7354e+02
3.7344e+02
3.7317e+02
3.7269e+02
3.7195e+02
3.7093e+02
3.6960e+02
3.6796e+02
3.6603e+02
3.6386e+02
3.6154e+02
3.5915e+02
3.5678e+02
3.5452e+02
3.5246e+02
3.5066e+02
3.4916e+02
3.4797e+02
3.4709e+02
3.4650e+02
3.4615e+02
3.4602e+02
3.4608e+02
3.4629e+02
3.4663e+02
3.4708e+02
3.4762e+02
3.4825e+02
3.4894e+02
3.4967e+02
3.5042e+02
3.5116e+02
3.5188e+02
3.5254e+02
3.5313e+02
3.5363e+02
3.5404e+02
3.5437e+02
3.5464e+02
3.5487e+02
3.5508e+02
3.5532e+02
3.5559e+02
3.5595e+02
3.5639e+02
3.5694e+02
3.5762e+02
3.5842e+02
3.5933e+02
3.6036e+02
3.6148e+02
3.6269e+02
3.6397e+02
3.6531e+02
3.6669e+02
3.6810e+02
3.6955e+02
3.7102e+02
3.7251e+02
3.7401e+02
3.7554e+02
3.7708e+02
3.7864e+02
3.8021e+02
3.8178e+02
3.8337e+02
3.8495e+02
3.8654e+02
3.8813e+02
3.8971e+02
3.9128e+02
3.9283e+02
3.9434e+02
3.9581e+02
3.9721e+02
3.9851e+02
3.9965e+02
4.0060e+02
4.0130e+02
4.0172e+02
4.0181e+02
4.0154e+02
4.0089e+02
3.9986e+02
3.9848e+02
3.9677e+02
3.9480e+02
3.9264e+02
3.9037e+02
3.8809e+02
3.8587e+02
3.8380e+02
3.8195e+02
3.8038e+02
3.7914e+02
3.7823e+02
3.7768e+02
3.7747e+02
3.7758e+02
3.7797e+02
3.7859e+02
3.7937e+02
3.8025e+02
3.8115e+02
3.8198e+02
3.8266e+02
3.8313e+02
3.8333e+02
3.8323e+02
3.8278e+02
3.8199e+02
3.8087e+02
3.7946e+02
3.7781e+02
3.7600e+02
3.7409e+02
3.7216e+02
3.7030e+02
3.6856e+02
3.6704e+02
3.6579e+02
3.6484e+02
3.6424e+02
3.6400e+02
3.6412e+02
3.6459e+02
3.6539e+02
3.6646e+02
3.6778e+02
3.6927e+02
3.7090e+02
3.7263e+02
3.7441e+02
3.7623e+02
3.7806e+02
3.7988e+02
3.8170e+02
3.8348e+02
3.8521e+02
3.8688e+02
3.8844e+02
3.8986e+02
3.9109e+02
3.9210e+02
3.9284e+02
3.9331e+02
3.9348e+02
3.9339e+02
3.9307e+02
3.9258e+02
3.9197e+02
3.9132e+02
3.9071e+02
3.9022e+02
3.8990e+02
3.8977e+02
3.8986e+02
3.9016e+02
3.9063e+02
3.9123e+02
3.9189e+02
3.9255e+02
3.9314e+02
3.9361e+02
3.9392e+02
3.9404e+02
3.9399e+02
3.9378e+02
3.9344e+02
3.9302e+02
3.9259e+02
3.9220e+02
3.9189e+02
3.9164e+02
3.9144e+02
3.9124e+02
3.9097e+02
3.9051e+02
3.8976e+02
3.8861e+02
3.8697e+02
3.8476e+02
3.8198e+02
3.7866e+02
3.7491e+02
3.7089e+02
3.6680e+02
3.6288e+02
3.5937e+02
3.5648e+02
3.5442e+02
3.5333e+02
3.5327e+02
3.5427e+02
3.5626e+02
3.5913e+02
3.6270e+02
3.6678e+02
3.7119e+02
3.7571e+02
3.8016e+02
3.8436e+02
3.8817e+02
3.9153e+02
3.9438e+02
3.9670e+02
3.9849e+02
3.9978e+02
4.0060e+02
4.0101e+02
4.0105e+02
4.0080e+02
4.0032e+02
3.9969e+02
3.9896e+02
3.9818e+02
3.9738e+02
3.9661e+02
3.9587e+02
3.9518e+02
3.9454e+02
3.9394e+02
3.9337e+02
3.9278e+02
3.9214e+02
3.9143e+02
3.9063e+02
3.8970e+02
3.8863e+02
3.8742e+02
3.8607e+02
3.8463e+02
3.8313e+02
3.8160e+02
3.8010e+02
3.7865e+02
3.7731e+02
3.7611e+02
3.7506e+02
3.7417e+02
3.7341e+02
3.7277e+02
3.7222e+02
3.7173e+02
3.7123e+02
3.7070e+02
3.7009e+02
3.6941e+02
3.6865e+02
3.6783e+02
3.6699e+02
3.6618e+02
3.6544e+02
3.6486e+02
3.6448e+02
3.6436e+02
3.6454e+02
3.6502e+02
3.6581e+02
3.6687e+02
3.6818e+02
3.6967e+02
3.7128e+02
3.7292e+02
3.7453e+02
3.7603e+02
3.7737e+02
3.7850e+02
3.7937e+02
3.7996e+02
3.8025e+02
3.8024e+02
3.7992e+02
3.7932e+02
3.7845e+02
3.7737e+02
3.7613e+02
3.7477e+02
3.7336e+02
3.7197e+02
3.7063e+02
3.6938e+02
3.6823e+02
3.6717e+02
3.6619e+02
3.6525e+02
3.6431e+02
3.6333e+02
3.6227e+02
3.6111e+02
3.5982e+02
3.5842e+02
3.5692e+02
3.5536e+02
3.5377e+02
3.5218e+02
3.5062e+02
3.4910e+02
3.4762e+02
3.4618e+02
3.4476e+02
3.4333e+02
3.4187e+02
3.4036e+02
3.3880e+02
3.3719e+02
3.3554e+02
3.3386e+02
3.3218e+02
3.3054e+02
3.2897e+02
3.2750e+02
3.2616e+02
3.2500e+02
3.2404e+02
3.2328e+02
3.2274e+02
3.2243e+02
3.2232e+02
3.2240e+02
3.2266e+02
3.2306e+02
3.2354e+02
3.2406e+02
3.2458e+02
3.2505e+02
3.2543e+02
3.2570e+02
3.2583e+02
3.2581e+02
3.2564e+02
3.2532e+02
3.2489e+02
3.2436e+02
3.2375e+02
3.2309e+02
3.2240e+02
3.2171e+02
3.2106e+02
3.2046e+02
3.1995e+02
3.1952e+02
3.1918e+02
3.1891e+02
3.1869e+02
3.1850e+02
3.1832e+02
3.1810e+02
3.1781e+02
3.1740e+02
3.1686e+02
3.1618e+02
3.1541e+02
3.1459e+02
3.1379e+02
3.1308e+02
3.1258e+02
3.1236e+02
3.1251e+02
3.1312e+02
3.1425e+02
3.1594e+02
3.1822e+02
3.2107e+02
3.2447e+02
3.2834e+02
3.3264e+02
3.3728e+02
3.4217e+02
3.4720e+02
3.5227e+02
3.5725e+02
3.6204e+02
3.6653e+02
3.7063e+02
3.7423e+02
3.7726e+02
3.7963e+02
3.8131e+02
3.8226e+02
3.8248e+02
3.8199e+02
3.8083e+02
3.7906e+02
3.7676e+02
3.7403e+02
3.7100e+02
3.6777e+02
3.6447e+02
3.6121e+02
3.5811e+02
3.5521e+02
3.5259e+02
3.5025e+02
3.4821e+02
3.4642e+02
3.4484e+02
3.4338e+02
3.4196e+02
3.4051e+02
3.3894e+02
3.3719e+02
3.3520e+02
3.3294e+02
3.3041e+02
3.2762e+02
3.2459e+02
3.2135e+02
3.1794e+02
3.1440e+02
3.1072e+02
3.0693e+02
3.0303e+02
2.9902e+02
2.9488e+02
2.9061e+02
2.8621e+02
2.8168e+02
2.7706e+02
2.7241e+02
2.6778e+02
2.6327e+02
2.5896e+02
2.5497e+02
2.5136e+02
2.4820e+02
2.4555e+02
2.4343e+02
2.4184e+02
2.4076e+02
2.4014e+02
2.3993e+02
2.4007e+02
2.4050e+02
2.4116e+02
2.4198e+02
2.4291e+02
2.4389e+02
2.4488e+02
2.4581e+02
2.4663e+02
2.4731e+02
2.4780e+02
2.4807e+02
2.4808e+02
2.4784e+02
2.4736e+02
2.4667e+02
2.4583e+02
2.4489e+02
2.4395e+02
2.4308e+02
2.4237e+02
2.4188e+02
2.4166e+02
2.4176e+02
2.4217e+02
2.4289e+02
2.4387e+02
2.4506e+02
2.4639e+02
2.4775e+02
2.4907e+02
2.5026e+02
2.5123e+02
2.5192e+02
2.5228e+02
2.5228e+02
2.5192e+02
2.5123e+02
2.5026e+02
2.4906e+02
2.4772e+02
2.4632e+02
2.4497e+02
2.4375e+02
2.4271e+02
2.4192e+02
2.4138e+02
2.4111e+02
2.4108e+02
2.4124e+02
2.4154e+02
2.4190e+02
2.4226e+02
2.4257e+02
2.4280e+02
2.4293e+02
2.4295e+02
2.4286e+02
2.4270e+02
2.4251e+02
2.4232e+02
2.4214e+02
2.4199e+02
2.4184e+02
2.4168e+02
2.4146e+02
2.4113e+02
2.4064e+02
2.3994e+02
2.3897e+02
2.3772e+02
2.3616e+02
2.3430e+02
2.3218e+02
2.2983e+02
2.2730e+02
2.2462e+02
2.2181e+02
2.1889e+02
2.1589e+02
2.1277e+02
2.0952e+02
2.0611e+02
2.0253e+02
1.9873e+02
1.9470e+02
1.9046e+02
1.8602e+02
1.8145e+02
1.7678e+02
1.7209e+02
1.6741e+02
1.6284e+02
1.5841e+02
1.5419e+02
1.5025e+02
1.4664e+02
1.4345e+02
1.4074e+02
1.3861e+02
1.3715e+02
1.3646e+02
1.3660e+02
1.3764e+02
1.3957e+02
1.4236e+02
1.4591e+02
1.5007e+02
1.5463e+02
1.5933e+02
1.6391e+02
1.6811e+02
1.7169e+02
1.7444e+02
1.7627e+02
1.7713e+02
1.7704e+02
1.7612e+02
1.7452e+02
1.7243e+02
1.7008e+02
1.6765e+02
1.6533e+02
1.6325e+02
1.6151e+02
1.6013e+02
1.5909e+02
1.5836e+02
1.5786e+02
1.5751e+02
1.5726e+02
1.5704e+02
1.5683e+02
1.5661e+02
1.5639e+02
1.5618e+02
1.5598e+02
1.5582e+02
1.5570e+02
1.5559e+02
1.5546e+02
1.5525e+02
1.5491e+02
1.5437e+02
1.5355e+02
1.5242e+02
1.5095e+02
1.4916e+02
1.4712e+02
1.4494e+02
1.4275e+02
1.4069e+02
1.3895e+02
1.3769e+02
1.3706e+02
1.3714e+02
1.3796e+02
1.3952e+02
1.4173e+02
1.4444e+02
1.4748e+02
1.5064e+02
1.5371e+02
1.5650e+02
1.5887e+02
1.6070e+02
1.6197e+02
1.6267e+02
1.6287e+02
1.6269e+02
1.6225e+02
1.6169e+02
1.6111e+02
1.6060e+02
1.6022e+02
1.5998e+02
1.5988e+02
1.5988e+02
1.5991e+02
1.5991e+02
1.5981e+02
1.5959e+02
1.5926e+02
1.5882e+02
1.5831e+02
1.5781e+02
1.5739e+02
1.5710e+02
1.5700e+02
1.5710e+02
1.5740e+02
1.5783e+02
1.5834e+02
1.5884e+02
1.5922e+02
1.5942e+02
1.5934e+02
1.5895e+02
1.5822e+02
1.5718e+02
1.5585e+02
1.5427e+02
1.5253e+02
1.5070e+02
1.4885e+02
1.4703e+02
1.4529e+02
1.4366e+02
1.4218e+02
1.4088e+02
1.3979e+02
1.3894e+02
1.3837e+02
1.3807e+02
1.3807e+02
1.3837e+02
1.3897e+02
1.3983e+02
1.4091e+02
1.4215e+02
1.4347e+02
1.4479e+02
1.4605e+02
1.4718e+02
1.4812e+02
1.4885e+02
1.4935e+02
1.4963e+02
1.4972e+02
1.4964e+02
1.4944e+02
1.4915e+02
1.4882e+02
1.4846e+02
1.4811e+02
1.4776e+02
1.4742e+02
1.4706e+02
1.4665e+02
1.4617e+02
1.4557e+02
1.4483e+02
1.4390e+02
1.4274e+02
1.4133e+02
1.3966e+02
1.3775e+02
1.3563e+02
1.3332e+02
1.3090e+02
1.2843e+02
1.2597e+02
1.2359e+02
1.2137e+02
1.1936e+02
1.1761e+02
1.1612e+02
1.1493e+02
1.1404e+02
1.1344e+02
1.1314e+02
1.1315e+02
1.1344e+02
1.1404e+02
1.1495e+02
1.1617e+02
1.1767e+02
1.1945e+02
1.2148e+02
1.2370e+02
1.2605e+02
1.2844e+02
1.3079e+02
1.3298e+02
1.3495e+02
1.3664e+02
1.3799e+02
1.3896e+02
1.3955e+02
1.3978e+02
1.3968e+02
1.3931e+02
1.3875e+02
1.3808e+02
1.3736e+02
1.3666e+02
1.3600e+02
1.3540e+02
1.3483e+02
1.3423e+02
1.3354e+02
1.3267e+02
1.3152e+02
1.3000e+02
1.2802e+02
1.2550e+02
1.2242e+02
1.1880e+02
1.1471e+02
1.1028e+02
1.0568e+02
1.0111e+02
9.6796e+01
9.2976e+01
8.9881e+01
8.7706e+01
8.6592e+01
8.6626e+01
8.7832e+01
9.0152e+01
9.3455e+01
9.7570e+01
1.0228e+02
1.0734e+02
1.1249e+02
1.1750e+02
1.2216e+02
1.2634e+02
1.2994e+02
1.3288e+02
1.3515e+02
1.3672e+02
1.3763e+02
1.3790e+02
1.3758e+02
1.3671e+02
1.3533e+02
1.3349e+02
1.3126e+02
1.2870e+02
1.2589e+02
1.2292e+02
1.1990e+02
1.1696e+02
1.1420e+02
1.1174e+02
1.0966e+02
1.0804e+02
1.0693e+02
1.0634e+02
1.0626e+02
1.0669e+02
1.0759e+02
1.0892e+02
1.1061e+02
1.1261e+02
1.1486e+02
1.1728e+02
1.1980e+02
1.2235e+02
1.2484e+02
1.2723e+02
1.2948e+02
1.3154e+02
1.3338e+02
1.3500e+02
1.3640e+02
1.3759e+02
1.3864e+02
1.3955e+02
1.4036e+02
1.4110e+02
1.4178e+02
1.4242e+02
1.4300e+02
1.4350e+02
1.4392e+02
1.4424e+02
1.4446e+02
1.4461e+02
1.4472e+02
1.4484e+02
1.4501e+02
1.4529e+02
1.4576e+02
1.4644e+02
1.4738e+02
1.4857e+02
1.4998e+02
1.5157e+02
1.5327e+02
1.5502e+02
1.5672e+02
1.5831e+02
1.5975e+02
1.6099e+02
1.6204e+02
1.6291e+02
1.6362e+02
1.6422e+02
1.6474e+02
1.6520e+02
1.6563e+02
1.6603e+02
1.6636e+02
1.6658e+02
1.6664e+02
1.6651e+02
1.6611e+02
1.6544e+02
1.6448e+02
1.6327e+02
1.6184e+02
1.6029e+02
1.5873e+02
1.5727e+02
1.5603e+02
1.5512e+02
1.5464e+02
1.5464e+02
1.5517e+02
1.5620e+02
1.5771e+02
1.5964e+02
1.6187e+02
1.6430e+02
1.6681e+02
1.6929e+02
1.7164e+02
1.7379e+02
1.7567e+02
1.7727e+02
1.7855e+02
1.7952e+02
1.8016e+02
1.8051e+02
1.8057e+02
1.8038e+02
1.7994e+02
1.7927e+02
1.7838e+02
1.7731e+02
1.7606e+02
1.7469e+02
1.7322e+02
1.7170e+02
1.7019e+02
1.6875e+02
1.6741e+02
1.6626e+02
1.6532e+02
1.6463e+02
1.6421e+02
1.6405e+02
1.6412e+02
1.6439e+02
1.6480e+02
1.6529e+02
1.6580e+02
1.6624e+02
1.6655e+02
1.6667e+02
1.6656e+02
1.6619e+02
1.6557e+02
1.6471e+02
1.6363e+02
1.6238e+02
1.6100e+02
1.5954e+02
1.5804e+02
1.5654e+02
1.5505e+02
1.5359e+02
1.5215e+02
1.5073e+02
1.4931e+02
1.4788e+02
1.4642e+02
1.4492e+02
1.4340e+02
1.4185e+02
1.4029e+02
1.3875e+02
1.3724e+02
1.3578e+02
1.3438e+02
1.3304e+02
1.3174e+02
1.3047e+02
1.2918e+02
1.2784e+02
1.2641e+02
1.2485e+02
1.2314e+02
1.2125e+02
1.1919e+02
1.1697e+02
1.1462e+02
1.1216e+02
1.0963e+02
1.0706e+02
1.0450e+02
1.0199e+02
9.9527e+01
9.7144e+01
9.4850e+01
9.2650e+01
9.0550e+01
8.8545e+01
8.6627e+01
8.4790e+01
8.3024e+01
8.1323e+01
7.9679e+01
7.8079e+01
7.6514e+01
7.4978e+01
7.3470e+01
7.1993e+01
7.0545e+01
6.9131e+01
6.7766e+01
6.6462e+01
6.5230e+01
6.4074e+01
6.2996e+01
6.1988e+01
6.1041e+01
6.0161e+01
5.9355e+01
5.8622e+01
5.7976e+01
5.7435e+01
5.7022e+01
5.6765e+01
5.6691e+01
5.6821e+01
5.7169e+01
5.7728e+01
5.8479e+01
5.9389e+01
6.0413e+01
6.1507e+01
6.2621e+01
6.3711e+01
6.4750e+01
6.5716e+01
6.6583e+01
6.7337e+01
6.7969e+01
6.8486e+01
6.8891e+01
6.9180e+01
6.9347e+01
6.9388e+01
6.9305e+01
6.9109e+01
6.8823e+01
6.8476e+01
6.8090e+01
6.7701e+01
6.7363e+01
6.7110e+01
6.6978e+01
6.7016e+01
6.7272e+01
6.7797e+01
6.8634e+01
6.9830e+01
7.1412e+01
7.3374e+01
7.5689e+01
7.8288e+01
8.1067e+01
8.3885e+01
8.6558e+01
8.8874e+01
9.0621e+01
9.1621e+01
9.1732e+01
9.0872e+01
8.9031e+01
8.6279e+01
8.2767e+01
7.8702e+01
7.4334e+01
6.9922e+01
6.5709e+01
6.1908e+01
5.8679e+01
5.6118e+01
5.4245e+01
5.3016e+01
5.2353e+01
5.2140e+01
5.2233e+01
5.2493e+01
5.2816e+01
5.3130e+01
5.3383e+01
5.3574e+01
5.3750e+01
5.3975e+01
5.4321e+01
5.4860e+01
5.5652e+01
5.6722e+01
5.8066e+01
5.9645e+01
6.1374e+01
6.3146e+01
6.4831e+01
6.6298e+01
6.7425e+01
6.8113e+01
6.8302e+01
6.7976e+01
6.7161e+01
6.5933e+01
6.4386e+01
6.2632e+01
6.0789e+01
5.8965e+01
5.7250e+01
5.5709e+01
5.4380e+01
5.3276e+01
5.2393e+01
5.1698e+01
5.1145e+01
5.0693e+01
5.0308e+01
4.9964e+01
4.9648e+01
4.9360e+01
4.9094e+01
4.8852e+01
4.8648e+01
4.8491e+01
4.8386e+01
4.8338e+01
4.8348e+01
4.8404e+01
4.8494e+01
4.8601e+01
4.8708e+01
4.8798e+01
4.8860e+01
4.8897e+01
4.8917e+01
4.8930e+01
4.8956e+01
4.9019e+01
4.9153e+01
4.9392e+01
4.9767e+01
5.0294e+01
5.0981e+01
5.1817e+01
5.2779e+01
5.3837e+01
5.4948e+01
5.6064e+01
5.7135e+01
5.8117e+01
5.8978e+01
5.9694e+01
6.0249e+01
6.0648e+01
6.0916e+01
6.1086e+01
6.1193e+01
6.1278e+01
6.1386e+01
6.1555e+01
6.1821e+01
6.2209e+01
6.2725e+01
6.3349e+01
6.4043e+01
6.4745e+01
6.5392e+01
6.5916e+01
6.6233e+01
6.6266e+01
6.5945e+01
6.5225e+01
6.4096e+01
6.2576e+01
6.0712e+01
5.8582e+01
5.6278e+01
5.3899e+01
5.1547e+01
4.9312e+01
4.7264e+01
4.5445e+01
4.3870e+01
4.2531e+01
4.1391e+01
4.0400e+01
3.9507e+01
3.8662e+01
3.7842e+01
3.7039e+01
3.6265e+01
3.5559e+01
3.4968e+01
3.4547e+01
3.4350e+01
3.4432e+01
3.4823e+01
3.5512e+01
3.6452e+01
3.7589e+01
3.8843e+01
4.0111e+01
4.1293e+01
4.2308e+01
4.3101e+01
4.3633e+01
4.3890e+01
4.3891e+01
4.3686e+01
4.3347e+01
4.2947e+01
4.2540e+01
4.2159e+01
4.1820e+01
4.1516e+01
4.1235e+01
4.0925e+01
4.0483e+01
3.9821e+01
3.8838e+01
3.7441e+01
3.5553e+01
3.3110e+01
3.0098e+01
2.6569e+01
2.2623e+01
1.8406e+01
1.4110e+01
9.9687e+00
6.2509e+00
3.2036e+00
1.0492e+00
0000
2.0240e-01
1.7086e+00
4.4986e+00
8.4797e+00
1.3488e+01
1.9318e+01
2.5723e+01
3.2555e+01
3.9827e+01
4.7638e+01
5.6204e+01
6.5853e+01
7.7011e+01
9.0130e+01
1.0566e+02
1.2401e+02
1.4539e+02
1.6982e+02
1.9707e+02
2.2665e+02
2.5788e+02
2.8989e+02
