1.8147e+02
1.8066e+02
1.7968e+02
1.7849e+02
1.7706e+02
1.7536e+02
1.7339e+02
1.7114e+02
1.6864e+02
1.6595e+02
1.6312e+02
1.6022e+02
1.5733e+02
1.5454e+02
1.5191e+02
1.4944e+02
1.4714e+02
1.4498e+02
1.4289e+02
1.4081e+02
1.3863e+02
1.3627e+02
1.3364e+02
1.3069e+02
1.2738e+02
1.2372e+02
1.1977e+02
1.1560e+02
1.1132e+02
1.0701e+02
1.0279e+02
9.8771e+01
9.5036e+01
9.1648e+01
8.8645e+01
8.6047e+01
8.3862e+01
8.2090e+01
8.0715e+01
7.9711e+01
7.9048e+01
7.8681e+01
7.8557e+01
7.8617e+01
7.8782e+01
7.8967e+01
7.9101e+01
7.9106e+01
7.8905e+01
7.8446e+01
7.7689e+01
7.6620e+01
7.5255e+01
7.3638e+01
7.1822e+01
6.9875e+01
6.7885e+01
6.5932e+01
6.4078e+01
6.2393e+01
6.0942e+01
5.9749e+01
5.8812e+01
5.8125e+01
5.7666e+01
5.7405e+01
5.7297e+01
5.7289e+01
5.7323e+01
5.7349e+01
5.7323e+01
5.7212e+01
5.7002e+01
5.6688e+01
5.6274e+01
5.5778e+01
5.5236e+01
5.4676e+01
5.4133e+01
5.3640e+01
5.3220e+01
5.2887e+01
5.2650e+01
5.2507e+01
5.2441e+01
5.2429e+01
5.2442e+01
5.2451e+01
5.2428e+01
5.2348e+01
5.2197e+01
5.1963e+01
5.1644e+01
5.1249e+01
5.0800e+01
5.0327e+01
4.9862e+01
4.9433e+01
4.9072e+01
4.8811e+01
4.8677e+01
4.8696e+01
4.8889e+01
4.9278e+01
4.9881e+01
5.0711e+01
5.1789e+01
5.3134e+01
5.4764e+01
5.6689e+01
5.8918e+01
6.1438e+01
6.4215e+01
6.7198e+01
7.0323e+01
7.3507e+01
7.6661e+01
7.9692e+01
8.2505e+01
8.5008e+01
8.7118e+01
8.8774e+01
8.9948e+01
9.0645e+01
9.0890e+01
9.0729e+01
9.0221e+01
8.9439e+01
8.8470e+01
8.7394e+01
8.6279e+01
8.5189e+01
8.4177e+01
8.3278e+01
8.2507e+01
8.1873e+01
8.1375e+01
8.0993e+01
8.0710e+01
8.0509e+01
8.0366e+01
8.0258e+01
8.0178e+01
8.0115e+01
8.0053e+01
7.9977e+01
7.9868e+01
7.9694e+01
7.9427e+01
7.9040e+01
7.8510e+01
7.7832e+01
7.7007e+01
7.6038e+01
7.4938e+01
7.3731e+01
7.2453e+01
7.1154e+01
6.9887e+01
6.8696e+01
6.7629e+01
6.6723e+01
6.5995e+01
6.5449e+01
6.5082e+01
6.4879e+01
6.4803e+01
6.4818e+01
6.4879e+01
6.4930e+01
6.4904e+01
6.4748e+01
6.4414e+01
6.3854e+01
6.3056e+01
6.2039e+01
6.0846e+01
5.9554e+01
5.8275e+01
5.7144e+01
5.6299e+01
5.5875e+01
5.5981e+01
5.6691e+01
5.8037e+01
6.0003e+01
6.2518e+01
6.5461e+01
6.8664e+01
7.1945e+01
7.5128e+01
7.8051e+01
8.0588e+01
8.2655e+01
8.4209e+01
8.5254e+01
8.5824e+01
8.5984e+01
8.5819e+01
8.5424e+01
8.4890e+01
8.4304e+01
8.3748e+01
8.3282e+01
8.2965e+01
8.2835e+01
8.2924e+01
8.3249e+01
8.3808e+01
8.4579e+01
8.5522e+01
8.6581e+01
8.7684e+01
8.8755e+01
8.9718e+01
9.0503e+01
9.1053e+01
9.1340e+01
9.1369e+01
9.1176e+01
9.0820e+01
9.0367e+01
8.9895e+01
8.9476e+01
8.9170e+01
8.9026e+01
8.9058e+01
8.9266e+01
8.9637e+01
9.0132e+01
9.0703e+01
9.1297e+01
9.1872e+01
9.2389e+01
9.2827e+01
9.3174e+01
9.3443e+01
9.3648e+01
9.3802e+01
9.3933e+01
9.4073e+01
9.4256e+01
9.4515e+01
9.4877e+01
9.5358e+01
9.5964e+01
9.6696e+01
9.7551e+01
9.8515e+01
9.9560e+01
1.0064e+02
1.0171e+02
1.0271e+02
1.0362e+02
1.0439e+02
1.0500e+02
1.0543e+02
1.0569e+02
1.0580e+02
1.0578e+02
1.0568e+02
1.0553e+02
1.0536e+02
1.0521e+02
1.0512e+02
1.0511e+02
1.0521e+02
1.0544e+02
1.0581e+02
1.0637e+02
1.0715e+02
1.0817e+02
1.0946e+02
1.1103e+02
1.1288e+02
1.1498e+02
1.1728e+02
1.1970e+02
1.2216e+02
1.2453e+02
1.2672e+02
1.2864e+02
1.3023e+02
1.3143e+02
1.3226e+02
1.3272e+02
1.3289e+02
1.3282e+02
1.3262e+02
1.3238e+02
1.3215e+02
1.3202e+02
1.3202e+02
1.3218e+02
1.3248e+02
1.3293e+02
1.3347e+02
1.3408e+02
1.3474e+02
1.3541e+02
1.3609e+02
1.3676e+02
1.3743e+02
1.3810e+02
1.3878e+02
1.3952e+02
1.4031e+02
1.4118e+02
1.4213e+02
1.4316e+02
1.4426e+02
1.4540e+02
1.4657e+02
1.4775e+02
1.4889e+02
1.4999e+02
1.5100e+02
1.5192e+02
1.5275e+02
1.5348e+02
1.5415e+02
1.5480e+02
1.5548e+02
1.5628e+02
1.5726e+02
1.5853e+02
1.6018e+02
1.6230e+02
1.6496e+02
1.6819e+02
1.7202e+02
1.7641e+02
1.8129e+02
1.8656e+02
1.9209e+02
1.9769e+02
2.0320e+02
2.0844e+02
2.1327e+02
2.1754e+02
2.2119e+02
2.2417e+02
2.2647e+02
2.2813e+02
2.2922e+02
2.2977e+02
2.2983e+02
2.2944e+02
2.2862e+02
2.2736e+02
2.2566e+02
2.2346e+02
2.2073e+02
2.1745e+02
2.1362e+02
2.0925e+02
2.0443e+02
1.9927e+02
1.9390e+02
1.8849e+02
1.8321e+02
1.7822e+02
1.7366e+02
1.6966e+02
1.6629e+02
1.6357e+02
1.6150e+02
1.6001e+02
1.5903e+02
1.5847e+02
1.5820e+02
1.5814e+02
1.5820e+02
1.5830e+02
1.5839e+02
1.5843e+02
1.5844e+02
1.5843e+02
1.5842e+02
1.5844e+02
1.5848e+02
1.5856e+02
1.5867e+02
1.5880e+02
1.5893e+02
1.5902e+02
1.5906e+02
1.5899e+02
1.5880e+02
1.5846e+02
1.5795e+02
1.5724e+02
1.5633e+02
1.5521e+02
1.5386e+02
1.5227e+02
1.5042e+02
1.4830e+02
1.4592e+02
1.4329e+02
1.4041e+02
1.3734e+02
1.3409e+02
1.3074e+02
1.2734e+02
1.2398e+02
1.2073e+02
1.1766e+02
1.1484e+02
1.1234e+02
1.1020e+02
1.0847e+02
1.0717e+02
1.0633e+02
1.0593e+02
1.0598e+02
1.0644e+02
1.0726e+02
1.0840e+02
1.0978e+02
1.1134e+02
1.1301e+02
1.1471e+02
1.1640e+02
1.1800e+02
1.1948e+02
1.2080e+02
1.2197e+02
1.2296e+02
1.2380e+02
1.2449e+02
1.2507e+02
1.2556e+02
1.2598e+02
1.2636e+02
1.2670e+02
1.2701e+02
1.2729e+02
1.2752e+02
1.2770e+02
1.2781e+02
1.2785e+02
1.2780e+02
1.2766e+02
1.2743e+02
1.2710e+02
1.2669e+02
1.2621e+02
1.2565e+02
1.2504e+02
1.2437e+02
1.2364e+02
1.2287e+02
1.2205e+02
1.2120e+02
1.2034e+02
1.1949e+02
1.1869e+02
1.1795e+02
1.1733e+02
1.1687e+02
1.1659e+02
1.1652e+02
1.1666e+02
1.1700e+02
1.1750e+02
1.1815e+02
1.1888e+02
1.1964e+02
1.2038e+02
1.2104e+02
1.2158e+02
1.2196e+02
1.2215e+02
1.2215e+02
1.2198e+02
1.2166e+02
1.2121e+02
1.2066e+02
1.2006e+02
1.1944e+02
1.1881e+02
1.1819e+02
1.1759e+02
1.1703e+02
1.1648e+02
1.1594e+02
1.1539e+02
1.1481e+02
1.1418e+02
1.1351e+02
1.1275e+02
1.1192e+02
1.1099e+02
1.0997e+02
1.0884e+02
1.0763e+02
1.0637e+02
1.0506e+02
1.0371e+02
1.0235e+02
1.0101e+02
9.9698e+01
9.8430e+01
9.7214e+01
9.6038e+01
9.4864e+01
9.3653e+01
9.2373e+01
9.0988e+01
8.9477e+01
8.7834e+01
8.6076e+01
8.4239e+01
8.2371e+01
8.0541e+01
7.8828e+01
7.7318e+01
7.6091e+01
7.5201e+01
7.4678e+01
7.4530e+01
7.4740e+01
7.5272e+01
7.6078e+01
7.7104e+01
7.8297e+01
7.9594e+01
8.0942e+01
8.2310e+01
8.3681e+01
8.5043e+01
8.6391e+01
8.7723e+01
8.9038e+01
9.0336e+01
9.1619e+01
9.2901e+01
9.4190e+01
9.5489e+01
9.6807e+01
9.8152e+01
9.9531e+01
1.0097e+02
1.0250e+02
1.0410e+02
1.0577e+02
1.0749e+02
1.0922e+02
1.1092e+02
1.1253e+02
1.1397e+02
1.1515e+02
1.1601e+02
1.1646e+02
1.1647e+02
1.1599e+02
1.1502e+02
1.1359e+02
1.1175e+02
1.0956e+02
1.0713e+02
1.0455e+02
1.0193e+02
9.9341e+01
9.6873e+01
9.4582e+01
9.2510e+01
9.0678e+01
8.9099e+01
8.7771e+01
8.6681e+01
8.5819e+01
8.5173e+01
8.4712e+01
8.4416e+01
8.4278e+01
8.4279e+01
8.4399e+01
8.4609e+01
8.4876e+01
8.5166e+01
8.5453e+01
8.5716e+01
8.5934e+01
8.6095e+01
8.6197e+01
8.6254e+01
8.6300e+01
8.6371e+01
8.6504e+01
8.6740e+01
8.7118e+01
8.7667e+01
8.8406e+01
8.9343e+01
9.0459e+01
9.1714e+01
9.3059e+01
9.4428e+01
9.5748e+01
9.6946e+01
9.7959e+01
9.8734e+01
9.9238e+01
9.9438e+01
9.9320e+01
9.8887e+01
9.8144e+01
9.7092e+01
9.5736e+01
9.4073e+01
9.2098e+01
8.9800e+01
8.7169e+01
8.4207e+01
8.0923e+01
7.7339e+01
7.3504e+01
6.9479e+01
6.5333e+01
6.1149e+01
5.7015e+01
5.3007e+01
4.9195e+01
4.5630e+01
4.2343e+01
3.9352e+01
3.6661e+01
3.4260e+01
3.2121e+01
3.0223e+01
2.8537e+01
2.7032e+01
2.5660e+01
2.4380e+01
2.3163e+01
2.1971e+01
2.0762e+01
1.9512e+01
1.8219e+01
1.6887e+01
1.5543e+01
1.4227e+01
1.2997e+01
1.1926e+01
1.1082e+01
1.0528e+01
1.0308e+01
1.0433e+01
1.0881e+01
1.1593e+01
1.2471e+01
1.3400e+01
1.4258e+01
1.4924e+01
1.5299e+01
1.5312e+01
1.4932e+01
1.4171e+01
1.3087e+01
1.1772e+01
1.0335e+01
8.8868e+00
7.5465e+00
6.4150e+00
5.5436e+00
4.9513e+00
4.6197e+00
4.5042e+00
4.5372e+00
4.6269e+00
4.6865e+00
4.6380e+00
4.4303e+00
4.0418e+00
3.4779e+00
2.7817e+00
2.0238e+00
1.2834e+00
6.4429e-01
1.9246e-01
0000
1.1690e-01
5.6336e-01
1.3235e+00
2.3457e+00
3.5506e+00
4.8476e+00
6.1413e+00
7.3336e+00
8.3316e+00
9.0712e+00
9.5191e+00
9.6654e+00
9.5174e+00
9.1098e+00
8.5087e+00
7.7791e+00
6.9895e+00
6.2044e+00
5.4747e+00
4.8462e+00
4.3536e+00
4.0279e+00
3.8923e+00
3.9608e+00
4.2449e+00
4.7554e+00
5.4979e+00
6.4760e+00
7.6874e+00
9.1119e+00
1.0720e+01
1.2469e+01
1.4293e+01
1.6137e+01
1.7966e+01
1.9750e+01
2.1473e+01
2.3147e+01
2.4811e+01
2.6527e+01
2.8372e+01
3.0423e+01
3.2752e+01
3.5410e+01
3.8407e+01
4.1704e+01
4.5224e+01
4.8847e+01
5.2418e+01
5.5768e+01
5.8751e+01
6.1247e+01
6.3170e+01
6.4485e+01
6.5223e+01
6.5479e+01
6.5387e+01
6.5108e+01
6.4820e+01
6.4685e+01
6.4842e+01
6.5385e+01
6.6346e+01
6.7715e+01
6.9424e+01
7.1348e+01
7.3345e+01
7.5265e+01
7.6967e+01
7.8334e+01
7.9279e+01
7.9758e+01
7.9783e+01
7.9409e+01
7.8730e+01
7.7871e+01
7.6981e+01
7.6216e+01
7.5723e+01
7.5638e+01
7.6055e+01
7.7017e+01
7.8526e+01
8.0545e+01
8.3003e+01
8.5801e+01
8.8818e+01
9.1929e+01
9.5015e+01
9.7965e+01
1.0070e+02
1.0316e+02
1.0533e+02
1.0718e+02
1.0876e+02
1.1008e+02
1.1119e+02
1.1210e+02
1.1285e+02
1.1343e+02
1.1384e+02
1.1407e+02
1.1410e+02
1.1387e+02
1.1336e+02
1.1253e+02
1.1136e+02
1.0984e+02
1.0798e+02
1.0581e+02
1.0337e+02
1.0072e+02
9.7941e+01
9.5115e+01
9.2315e+01
8.9624e+01
8.7113e+01
8.4838e+01
8.2842e+01
8.1170e+01
7.9853e+01
7.8914e+01
7.8363e+01
7.8202e+01
7.8446e+01
7.9088e+01
8.0107e+01
8.1467e+01
8.3123e+01
8.5016e+01
8.7078e+01
8.9228e+01
9.1372e+01
9.3422e+01
9.5300e+01
9.6939e+01
9.8299e+01
9.9362e+01
1.0013e+02
1.0062e+02
1.0087e+02
1.0095e+02
1.0091e+02
1.0082e+02
1.0074e+02
1.0072e+02
1.0081e+02
1.0102e+02
1.0136e+02
1.0184e+02
1.0243e+02
1.0309e+02
1.0378e+02
1.0445e+02
1.0505e+02
1.0556e+02
1.0595e+02
1.0619e+02
1.0630e+02
1.0629e+02
1.0618e+02
1.0600e+02
1.0578e+02
1.0556e+02
1.0539e+02
1.0530e+02
1.0532e+02
1.0547e+02
1.0578e+02
1.0627e+02
1.0698e+02
1.0791e+02
1.0908e+02
1.1051e+02
1.1219e+02
1.1412e+02
1.1628e+02
1.1864e+02
1.2119e+02
1.2391e+02
1.2678e+02
1.2979e+02
1.3293e+02
1.3620e+02
1.3962e+02
1.4318e+02
1.4689e+02
1.5072e+02
1.5463e+02
1.5856e+02
1.6245e+02
1.6620e+02
1.6972e+02
1.7292e+02
1.7572e+02
1.7805e+02
1.7990e+02
1.8124e+02
1.8213e+02
1.8260e+02
1.8273e+02
1.8262e+02
1.8234e+02
1.8198e+02
1.8159e+02
1.8123e+02
1.8093e+02
1.8069e+02
1.8052e+02
1.8039e+02
1.8027e+02
1.8013e+02
1.7994e+02
1.7970e+02
1.7939e+02
1.7901e+02
1.7857e+02
1.7808e+02
1.7757e+02
1.7705e+02
1.7653e+02
1.7600e+02
1.7546e+02
1.7489e+02
1.7427e+02
1.7360e+02
1.7284e+02
1.7200e+02
1.7107e+02
1.7007e+02
1.6902e+02
1.6796e+02
1.6691e+02
1.6590e+02
1.6497e+02
1.6411e+02
1.6335e+02
1.6265e+02
1.6200e+02
1.6137e+02
1.6074e+02
1.6006e+02
1.5933e+02
1.5852e+02
1.5765e+02
1.5673e+02
1.5579e+02
1.5484e+02
1.5391e+02
1.5302e+02
1.5218e+02
1.5142e+02
1.5074e+02
1.5015e+02
1.4965e+02
1.4923e+02
1.4888e+02
1.4861e+02
1.4840e+02
1.4825e+02
1.4815e+02
1.4808e+02
1.4800e+02
1.4791e+02
1.4777e+02
1.4757e+02
1.4726e+02
1.4685e+02
1.4634e+02
1.4572e+02
1.4502e+02
1.4427e+02
1.4348e+02
1.4270e+02
1.4193e+02
1.4120e+02
1.4051e+02
1.3987e+02
1.3927e+02
1.3871e+02
1.3815e+02
1.3760e+02
1.3703e+02
1.3644e+02
1.3583e+02
1.3520e+02
1.3458e+02
1.3398e+02
1.3344e+02
1.3297e+02
1.3258e+02
1.3229e+02
1.3209e+02
1.3201e+02
1.3202e+02
1.3209e+02
1.3214e+02
1.3209e+02
1.3186e+02
1.3134e+02
1.3046e+02
1.2912e+02
1.2727e+02
1.2486e+02
1.2192e+02
1.1850e+02
1.1469e+02
1.1062e+02
1.0646e+02
1.0235e+02
9.8457e+01
9.4956e+01
9.1961e+01
8.9552e+01
8.7772e+01
8.6623e+01
8.6062e+01
8.6008e+01
8.6355e+01
8.6982e+01
8.7759e+01
8.8572e+01
8.9326e+01
8.9939e+01
9.0338e+01
9.0485e+01
9.0388e+01
9.0090e+01
8.9648e+01
8.9132e+01
8.8605e+01
8.8125e+01
8.7744e+01
8.7501e+01
8.7420e+01
8.7500e+01
8.7728e+01
8.8085e+01
8.8546e+01
8.9090e+01
8.9711e+01
9.0411e+01
9.1192e+01
9.2074e+01
9.3078e+01
9.4235e+01
9.5575e+01
9.7105e+01
9.8829e+01
1.0074e+02
1.0282e+02
1.0505e+02
1.0741e+02
1.0987e+02
1.1239e+02
1.1495e+02
1.1749e+02
1.2000e+02
1.2242e+02
1.2473e+02
1.2689e+02
1.2885e+02
1.3061e+02
1.3214e+02
1.3344e+02
1.3452e+02
1.3540e+02
1.3609e+02
1.3661e+02
1.3698e+02
1.3722e+02
1.3734e+02
1.3732e+02
1.3716e+02
1.3685e+02
1.3635e+02
1.3563e+02
1.3466e+02
1.3345e+02
1.3198e+02
1.3029e+02
1.2842e+02
1.2640e+02
1.2429e+02
1.2218e+02
1.2012e+02
1.1818e+02
1.1644e+02
1.1492e+02
1.1368e+02
1.1274e+02
1.1210e+02
1.1178e+02
1.1176e+02
1.1204e+02
1.1260e+02
1.1343e+02
1.1452e+02
1.1584e+02
1.1740e+02
1.1914e+02
1.2105e+02
1.2306e+02
1.2510e+02
1.2711e+02
1.2900e+02
1.3069e+02
1.3209e+02
1.3312e+02
1.3371e+02
1.3382e+02
1.3341e+02
1.3248e+02
1.3105e+02
1.2917e+02
1.2689e+02
1.2428e+02
1.2142e+02
1.1839e+02
1.1527e+02
1.1215e+02
1.0909e+02
1.0612e+02
1.0329e+02
1.0061e+02
9.8089e+01
9.5725e+01
9.3495e+01
9.1380e+01
8.9358e+01
8.7407e+01
8.5519e+01
8.3698e+01
8.1944e+01
8.0276e+01
7.8720e+01
7.7311e+01
7.6096e+01
7.5117e+01
7.4409e+01
7.3998e+01
7.3897e+01
7.4103e+01
7.4608e+01
7.5384e+01
7.6390e+01
7.7585e+01
7.8919e+01
8.0337e+01
8.1790e+01
8.3227e+01
8.4596e+01
8.5857e+01
8.6975e+01
8.7926e+01
8.8691e+01
8.9257e+01
8.9627e+01
8.9812e+01
8.9828e+01
8.9704e+01
8.9484e+01
8.9214e+01
8.8938e+01
8.8708e+01
8.8566e+01
8.8542e+01
8.8648e+01
8.8874e+01
8.9201e+01
8.9601e+01
9.0038e+01
9.0478e+01
9.0882e+01
9.1210e+01
9.1435e+01
9.1541e+01
9.1515e+01
9.1353e+01
9.1046e+01
9.0589e+01
8.9987e+01
8.9252e+01
8.8401e+01
8.7459e+01
8.6465e+01
8.5474e+01
8.4561e+01
8.3808e+01
8.3317e+01
8.3194e+01
8.3530e+01
8.4395e+01
8.5830e+01
8.7839e+01
9.0393e+01
9.3430e+01
9.6848e+01
1.0052e+02
1.0432e+02
1.0810e+02
1.1174e+02
1.1514e+02
1.1822e+02
1.2094e+02
1.2327e+02
1.2521e+02
1.2679e+02
1.2806e+02
1.2904e+02
1.2979e+02
1.3035e+02
1.3073e+02
1.3095e+02
1.3103e+02
1.3096e+02
1.3075e+02
1.3038e+02
1.2986e+02
1.2918e+02
1.2834e+02
1.2734e+02
1.2619e+02
1.2493e+02
1.2356e+02
1.2214e+02
1.2072e+02
1.1934e+02
1.1808e+02
1.1700e+02
1.1618e+02
1.1568e+02
1.1555e+02
1.1582e+02
1.1650e+02
1.1758e+02
1.1903e+02
1.2080e+02
1.2284e+02
1.2505e+02
1.2737e+02
1.2974e+02
1.3210e+02
1.3442e+02
1.3665e+02
1.3872e+02
1.4056e+02
1.4208e+02
1.4319e+02
1.4376e+02
1.4364e+02
1.4272e+02
1.4086e+02
1.3800e+02
1.3409e+02
1.2916e+02
1.2331e+02
1.1668e+02
1.0951e+02
1.0203e+02
9.4494e+01
8.7153e+01
8.0224e+01
7.3879e+01
6.8232e+01
6.3350e+01
5.9245e+01
5.5889e+01
5.3216e+01
5.1157e+01
4.9641e+01
4.8594e+01
4.7934e+01
4.7586e+01
4.7474e+01
4.7527e+01
4.7688e+01
4.7890e+01
4.8068e+01
4.8162e+01
4.8128e+01
4.7944e+01
4.7601e+01
4.7123e+01
4.6556e+01
4.5979e+01
4.5488e+01
4.5174e+01
4.5116e+01
4.5381e+01
4.6023e+01
4.7085e+01
4.8579e+01
5.0486e+01
5.2769e+01
5.5371e+01
5.8226e+01
6.1254e+01
6.4375e+01
6.7518e+01
7.0601e+01
7.3549e+01
7.6307e+01
7.8835e+01
8.1090e+01
8.3033e+01
8.4625e+01
8.5840e+01
8.6665e+01
8.7097e+01
8.7149e+01
8.6839e+01
8.6209e+01
8.5317e+01
8.4230e+01
8.3032e+01
8.1823e+01
8.0694e+01
7.9725e+01
7.8995e+01
7.8554e+01
7.8426e+01
7.8598e+01
7.9037e+01
7.9692e+01
8.0497e+01
8.1374e+01
8.2244e+01
8.3053e+01
8.3757e+01
8.4328e+01
8.4768e+01
8.5087e+01
8.5305e+01
8.5456e+01
8.5582e+01
8.5717e+01
8.5902e+01
8.6177e+01
8.6571e+01
8.7086e+01
8.7715e+01
8.8466e+01
8.9335e+01
9.0310e+01
9.1384e+01
9.2548e+01
9.3786e+01
9.5090e+01
9.6466e+01
9.7908e+01
9.9415e+01
1.0098e+02
1.0260e+02
1.0427e+02
1.0597e+02
1.0770e+02
1.0942e+02
1.1113e+02
1.1280e+02
1.1440e+02
1.1593e+02
1.1738e+02
1.1872e+02
1.1995e+02
1.2106e+02
1.2204e+02
1.2288e+02
1.2358e+02
1.2412e+02
1.2448e+02
1.2468e+02
1.2474e+02
1.2466e+02
1.2447e+02
1.2422e+02
1.2396e+02
1.2373e+02
1.2358e+02
1.2355e+02
1.2366e+02
1.2393e+02
1.2435e+02
1.2491e+02
1.2560e+02
1.2637e+02
1.2719e+02
1.2803e+02
1.2886e+02
1.2966e+02
1.3042e+02
1.3112e+02
1.3176e+02
1.3233e+02
1.3284e+02
1.3328e+02
1.3366e+02
1.3397e+02
1.3418e+02
1.3431e+02
1.3432e+02
1.3421e+02
1.3398e+02
1.3361e+02
1.3311e+02
1.3250e+02
1.3180e+02
1.3104e+02
1.3026e+02
1.2949e+02
1.2879e+02
1.2821e+02
1.2776e+02
1.2747e+02
1.2734e+02
1.2735e+02
1.2747e+02
1.2766e+02
1.2787e+02
1.2805e+02
1.2814e+02
1.2810e+02
1.2791e+02
1.2757e+02
1.2711e+02
1.2656e+02
1.2596e+02
1.2539e+02
1.2488e+02
1.2449e+02
1.2425e+02
1.2419e+02
1.2430e+02
1.2458e+02
1.2497e+02
1.2545e+02
1.2596e+02
1.2645e+02
1.2689e+02
1.2724e+02
1.2750e+02
1.2765e+02
1.2772e+02
1.2774e+02
1.2773e+02
1.2774e+02
1.2779e+02
1.2790e+02
1.2809e+02
1.2836e+02
1.2867e+02
1.2903e+02
1.2941e+02
1.2978e+02
1.3014e+02
1.3047e+02
1.3078e+02
1.3107e+02
1.3139e+02
1.3173e+02
1.3213e+02
1.3260e+02
1.3312e+02
1.3367e+02
1.3421e+02
1.3469e+02
1.3508e+02
1.3530e+02
1.3533e+02
1.3515e+02
1.3477e+02
1.3423e+02
1.3354e+02
1.3275e+02
1.3190e+02
1.3101e+02
1.3010e+02
1.2915e+02
1.2812e+02
1.2694e+02
1.2556e+02
1.2391e+02
1.2194e+02
1.1963e+02
1.1700e+02
1.1409e+02
1.1101e+02
1.0785e+02
1.0475e+02
1.0182e+02
9.9187e+01
9.6935e+01
9.5123e+01
9.3767e+01
9.2844e+01
9.2291e+01
9.2013e+01
9.1919e+01
9.1918e+01
9.1926e+01
9.1868e+01
9.1695e+01
9.1394e+01
9.0989e+01
9.0537e+01
9.0115e+01
8.9803e+01
8.9689e+01
8.9856e+01
9.0367e+01
9.1250e+01
9.2517e+01
9.4159e+01
9.6145e+01
9.8418e+01
1.0092e+02
1.0357e+02
1.0631e+02
1.0912e+02
1.1196e+02
1.1483e+02
1.1770e+02
1.2057e+02
1.2342e+02
1.2623e+02
1.2896e+02
1.3158e+02
1.3404e+02
1.3627e+02
1.3823e+02
1.3987e+02
1.4119e+02
1.4220e+02
1.4291e+02
1.4338e+02
1.4366e+02
1.4381e+02
1.4389e+02
1.4393e+02
1.4398e+02
1.4403e+02
1.4410e+02
1.4418e+02
1.4426e+02
1.4432e+02
1.4436e+02
1.4437e+02
1.4438e+02
1.4443e+02
1.4452e+02
1.4467e+02
1.4489e+02
1.4517e+02
1.4549e+02
1.4579e+02
1.4601e+02
1.4608e+02
1.4592e+02
1.4545e+02
1.4465e+02
1.4348e+02
1.4196e+02
1.4012e+02
1.3805e+02
1.3583e+02
1.3357e+02
1.3138e+02
1.2935e+02
1.2757e+02
1.2610e+02
1.2498e+02
1.2419e+02
1.2372e+02
1.2352e+02
1.2352e+02
1.2367e+02
1.2390e+02
1.2418e+02
1.2448e+02
1.2477e+02
1.2504e+02
1.2533e+02
1.2565e+02
1.2602e+02
1.2649e+02
1.2707e+02
1.2780e+02
1.2871e+02
1.2980e+02
1.3109e+02
1.3259e+02
1.3430e+02
1.3621e+02
1.3832e+02
1.4062e+02
1.4308e+02
1.4569e+02
1.4841e+02
1.5120e+02
1.5401e+02
1.5679e+02
1.5949e+02
1.6208e+02
1.6451e+02
1.6676e+02
1.6882e+02
1.7068e+02
1.7236e+02
1.7384e+02
1.7513e+02
1.7622e+02
1.7711e+02
1.7777e+02
1.7815e+02
1.7821e+02
1.7791e+02
1.7719e+02
1.7600e+02
1.7433e+02
1.7218e+02
1.6958e+02
1.6660e+02
1.6334e+02
1.5990e+02
1.5642e+02
1.5304e+02
1.4989e+02
1.4708e+02
1.4470e+02
1.4281e+02
1.4143e+02
1.4055e+02
1.4012e+02
1.4007e+02
1.4031e+02
1.4074e+02
1.4128e+02
1.4182e+02
1.4231e+02
1.4270e+02
1.4295e+02
1.4305e+02
1.4302e+02
1.4287e+02
1.4261e+02
1.4226e+02
1.4182e+02
1.4131e+02
1.4070e+02
1.3997e+02
1.3910e+02
1.3808e+02
1.3690e+02
1.3558e+02
1.3414e+02
1.3264e+02
1.3116e+02
1.2978e+02
1.2859e+02
1.2766e+02
1.2706e+02
1.2681e+02
1.2694e+02
1.2740e+02
1.2814e+02
1.2908e+02
1.3012e+02
1.3116e+02
1.3213e+02
1.3293e+02
1.3353e+02
1.3391e+02
1.3408e+02
1.3407e+02
1.3394e+02
1.3374e+02
1.3355e+02
1.3346e+02
1.3351e+02
1.3376e+02
1.3426e+02
1.3501e+02
1.3601e+02
1.3725e+02
1.3868e+02
1.4025e+02
1.4189e+02
1.4353e+02
1.4510e+02
1.4655e+02
1.4782e+02
1.4889e+02
1.4972e+02
1.5031e+02
1.5070e+02
1.5089e+02
1.5093e+02
1.5085e+02
1.5069e+02
1.5048e+02
1.5024e+02
1.5000e+02
1.4976e+02
1.4952e+02
1.4926e+02
1.4899e+02
1.4869e+02
1.4834e+02
1.4794e+02
1.4747e+02
1.4693e+02
1.4631e+02
1.4564e+02
1.4491e+02
1.4413e+02
1.4333e+02
1.4252e+02
1.4172e+02
1.4095e+02
1.4023e+02
1.3956e+02
1.3894e+02
1.3835e+02
1.3778e+02
1.3718e+02
1.3652e+02
1.3572e+02
1.3473e+02
1.3345e+02
1.3182e+02
1.2978e+02
1.2727e+02
1.2425e+02
1.2072e+02
1.1671e+02
1.1227e+02
1.0752e+02
1.0260e+02
9.7705e+01
9.3039e+01
8.8819e+01
8.5245e+01
8.2500e+01
8.0724e+01
8.0004e+01
8.0359e+01
8.1734e+01
8.3997e+01
8.6960e+01
9.0389e+01
9.4024e+01
9.7603e+01
1.0088e+02
1.0366e+02
1.0579e+02
1.0720e+02
1.0787e+02
1.0787e+02
1.0730e+02
1.0632e+02
1.0508e+02
1.0374e+02
1.0245e+02
1.0131e+02
1.0042e+02
9.9789e+01
9.9441e+01
9.9340e+01
9.9424e+01
9.9611e+01
9.9828e+01
1.0001e+02
1.0010e+02
1.0003e+02
9.9769e+01
9.9286e+01
9.8565e+01
9.7604e+01
9.6416e+01
9.5013e+01
9.3412e+01
9.1638e+01
8.9719e+01
8.7694e+01
8.5611e+01
8.3515e+01
8.1446e+01
7.9443e+01
7.7526e+01
7.5728e+01
7.4080e+01
7.2592e+01
7.1266e+01
7.0102e+01
6.9092e+01
6.8224e+01
6.7490e+01
6.6880e+01
6.6375e+01
6.5965e+01
6.5649e+01
6.5421e+01
6.5269e+01
6.5191e+01
6.5182e+01
6.5233e+01
6.5319e+01
6.5420e+01
6.5499e+01
6.5508e+01
6.5404e+01
6.5137e+01
6.4664e+01
6.3941e+01
6.2931e+01
6.1613e+01
5.9979e+01
5.8049e+01
5.5853e+01
5.3447e+01
5.0893e+01
4.8265e+01
4.5636e+01
4.3086e+01
4.0693e+01
3.8519e+01
3.6621e+01
3.5045e+01
3.3812e+01
3.2934e+01
3.2403e+01
3.2191e+01
3.2255e+01
3.2554e+01
3.3042e+01
3.3655e+01
3.4337e+01
3.5043e+01
3.5728e+01
3.6356e+01
3.6900e+01
3.7338e+01
3.7676e+01
3.7916e+01
3.8072e+01
3.8161e+01
3.8199e+01
3.8204e+01
3.8195e+01
3.8191e+01
3.8216e+01
3.8294e+01
3.8444e+01
3.8683e+01
3.9045e+01
3.9548e+01
4.0194e+01
4.0967e+01
4.1840e+01
4.2780e+01
4.3737e+01
4.4653e+01
4.5473e+01
4.6133e+01
4.6571e+01
4.6746e+01
4.6648e+01
4.6288e+01
4.5701e+01
4.4957e+01
4.4134e+01
4.3328e+01
4.2641e+01
4.2157e+01
4.1942e+01
4.2051e+01
4.2510e+01
4.3325e+01
4.4486e+01
4.5961e+01
4.7702e+01
4.9652e+01
5.1750e+01
5.3938e+01
5.6173e+01
5.8403e+01
6.0573e+01
6.2649e+01
6.4609e+01
6.6426e+01
6.8081e+01
6.9556e+01
7.0838e+01
7.1925e+01
7.2817e+01
7.3521e+01
7.4057e+01
7.4462e+01
7.4772e+01
7.5017e+01
7.5221e+01
7.5401e+01
7.5565e+01
7.5714e+01
7.5845e+01
7.5949e+01
7.6013e+01
7.6026e+01
7.5992e+01
7.5920e+01
7.5828e+01
7.5758e+01
7.5773e+01
7.5943e+01
7.6350e+01
7.7089e+01
7.8251e+01
7.9920e+01
8.2166e+01
8.5043e+01
8.8574e+01
9.2726e+01
9.7451e+01
1.0268e+02
1.0832e+02
1.1424e+02
1.2031e+02
1.2638e+02
1.3231e+02
1.3799e+02
1.4331e+02
1.4822e+02
1.5271e+02
1.5678e+02
1.6045e+02
1.6377e+02
1.6678e+02
