1.5533e+02
1.5703e+02
1.5848e+02
1.5957e+02
1.6027e+02
1.6053e+02
1.6036e+02
1.5980e+02
1.5889e+02
1.5771e+02
1.5633e+02
1.5486e+02
1.5338e+02
1.5197e+02
1.5072e+02
1.4968e+02
1.4889e+02
1.4837e+02
1.4808e+02
1.4802e+02
1.4811e+02
1.4830e+02
1.4850e+02
1.4864e+02
1.4862e+02
1.4840e+02
1.4791e+02
1.4714e+02
1.4609e+02
1.4478e+02
1.4325e+02
1.4158e+02
1.3982e+02
1.3806e+02
1.3635e+02
1.3478e+02
1.3336e+02
1.3212e+02
1.3105e+02
1.3016e+02
1.2941e+02
1.2879e+02
1.2825e+02
1.2775e+02
1.2725e+02
1.2670e+02
1.2608e+02
1.2532e+02
1.2442e+02
1.2333e+02
1.2205e+02
1.2057e+02
1.1888e+02
1.1699e+02
1.1494e+02
1.1277e+02
1.1054e+02
1.0833e+02
1.0621e+02
1.0428e+02
1.0263e+02
1.0133e+02
1.0043e+02
9.9986e+01
9.9997e+01
1.0045e+02
1.0129e+02
1.0248e+02
1.0392e+02
1.0550e+02
1.0711e+02
1.0864e+02
1.0999e+02
1.1108e+02
1.1185e+02
1.1228e+02
1.1238e+02
1.1219e+02
1.1178e+02
1.1123e+02
1.1063e+02
1.1008e+02
1.0969e+02
1.0953e+02
1.0966e+02
1.1012e+02
1.1091e+02
1.1199e+02
1.1334e+02
1.1488e+02
1.1656e+02
1.1829e+02
1.2001e+02
1.2169e+02
1.2326e+02
1.2471e+02
1.2601e+02
1.2715e+02
1.2812e+02
1.2893e+02
1.2956e+02
1.3002e+02
1.3029e+02
1.3040e+02
1.3034e+02
1.3014e+02
1.2984e+02
1.2946e+02
1.2910e+02
1.2879e+02
1.2863e+02
1.2866e+02
1.2894e+02
1.2950e+02
1.3034e+02
1.3146e+02
1.3282e+02
1.3438e+02
1.3610e+02
1.3796e+02
1.3993e+02
1.4201e+02
1.4424e+02
1.4667e+02
1.4937e+02
1.5242e+02
1.5592e+02
1.5991e+02
1.6444e+02
1.6947e+02
1.7495e+02
1.8078e+02
1.8681e+02
1.9289e+02
1.9883e+02
2.0445e+02
2.0958e+02
2.1411e+02
2.1794e+02
2.2101e+02
2.2334e+02
2.2493e+02
2.2584e+02
2.2613e+02
2.2587e+02
2.2515e+02
2.2402e+02
2.2256e+02
2.2082e+02
2.1885e+02
2.1668e+02
2.1438e+02
2.1198e+02
2.0955e+02
2.0715e+02
2.0484e+02
2.0268e+02
2.0073e+02
1.9903e+02
1.9763e+02
1.9654e+02
1.9577e+02
1.9529e+02
1.9506e+02
1.9501e+02
1.9507e+02
1.9517e+02
1.9521e+02
1.9513e+02
1.9485e+02
1.9432e+02
1.9354e+02
1.9252e+02
1.9130e+02
1.8995e+02
1.8856e+02
1.8722e+02
1.8605e+02
1.8515e+02
1.8459e+02
1.8442e+02
1.8468e+02
1.8536e+02
1.8641e+02
1.8776e+02
1.8933e+02
1.9102e+02
1.9274e+02
1.9441e+02
1.9594e+02
1.9730e+02
1.9848e+02
1.9947e+02
2.0025e+02
2.0079e+02
2.0103e+02
2.0090e+02
2.0027e+02
1.9903e+02
1.9701e+02
1.9407e+02
1.9010e+02
1.8503e+02
1.7885e+02
1.7167e+02
1.6365e+02
1.5506e+02
1.4621e+02
1.3745e+02
1.2914e+02
1.2165e+02
1.1531e+02
1.1038e+02
1.0704e+02
1.0541e+02
1.0550e+02
1.0729e+02
1.1067e+02
1.1550e+02
1.2158e+02
1.2869e+02
1.3657e+02
1.4493e+02
1.5348e+02
1.6197e+02
1.7013e+02
1.7770e+02
1.8444e+02
1.9014e+02
1.9465e+02
1.9787e+02
1.9975e+02
2.0030e+02
1.9959e+02
1.9773e+02
1.9487e+02
1.9121e+02
1.8695e+02
1.8232e+02
1.7754e+02
1.7281e+02
1.6829e+02
1.6411e+02
1.6037e+02
1.5711e+02
1.5437e+02
1.5213e+02
1.5036e+02
1.4903e+02
1.4809e+02
1.4749e+02
1.4720e+02
1.4719e+02
1.4742e+02
1.4788e+02
1.4852e+02
1.4928e+02
1.5012e+02
1.5097e+02
1.5176e+02
1.5243e+02
1.5291e+02
1.5317e+02
1.5317e+02
1.5292e+02
1.5243e+02
1.5175e+02
1.5095e+02
1.5010e+02
1.4925e+02
1.4849e+02
1.4789e+02
1.4748e+02
1.4730e+02
1.4736e+02
1.4765e+02
1.4817e+02
1.4886e+02
1.4969e+02
1.5064e+02
1.5167e+02
1.5280e+02
1.5404e+02
1.5543e+02
1.5704e+02
1.5895e+02
1.6125e+02
1.6402e+02
1.6733e+02
1.7119e+02
1.7560e+02
1.8047e+02
1.8568e+02
1.9105e+02
1.9637e+02
2.0139e+02
2.0589e+02
2.0965e+02
2.1250e+02
2.1433e+02
2.1508e+02
2.1476e+02
2.1346e+02
2.1130e+02
2.0846e+02
2.0514e+02
2.0152e+02
1.9780e+02
1.9413e+02
1.9064e+02
1.8742e+02
1.8451e+02
1.8193e+02
1.7965e+02
1.7762e+02
1.7581e+02
1.7415e+02
1.7258e+02
1.7106e+02
1.6955e+02
1.6803e+02
1.6649e+02
1.6493e+02
1.6338e+02
1.6185e+02
1.6039e+02
1.5902e+02
1.5778e+02
1.5671e+02
1.5581e+02
1.5511e+02
1.5459e+02
1.5426e+02
1.5408e+02
1.5401e+02
1.5402e+02
1.5407e+02
1.5412e+02
1.5414e+02
1.5410e+02
1.5401e+02
1.5385e+02
1.5366e+02
1.5345e+02
1.5325e+02
1.5309e+02
1.5301e+02
1.5305e+02
1.5326e+02
1.5368e+02
1.5435e+02
1.5532e+02
1.5661e+02
1.5827e+02
1.6031e+02
1.6272e+02
1.6545e+02
1.6838e+02
1.7136e+02
1.7420e+02
1.7668e+02
1.7856e+02
1.7962e+02
1.7964e+02
1.7847e+02
1.7601e+02
1.7228e+02
1.6734e+02
1.6138e+02
1.5464e+02
1.4740e+02
1.3996e+02
1.3263e+02
1.2569e+02
1.1935e+02
1.1378e+02
1.0906e+02
1.0523e+02
1.0226e+02
1.0007e+02
9.8580e+01
9.7672e+01
9.7253e+01
9.7222e+01
9.7497e+01
9.8006e+01
9.8689e+01
9.9508e+01
1.0045e+02
1.0149e+02
1.0260e+02
1.0376e+02
1.0494e+02
1.0610e+02
1.0720e+02
1.0823e+02
1.0914e+02
1.0991e+02
1.1052e+02
1.1094e+02
1.1116e+02
1.1120e+02
1.1106e+02
1.1073e+02
1.1024e+02
1.0962e+02
1.0889e+02
1.0808e+02
1.0726e+02
1.0646e+02
1.0573e+02
1.0515e+02
1.0478e+02
1.0467e+02
1.0489e+02
1.0547e+02
1.0645e+02
1.0781e+02
1.0953e+02
1.1157e+02
1.1383e+02
1.1625e+02
1.1871e+02
1.2112e+02
1.2339e+02
1.2547e+02
1.2730e+02
1.2886e+02
1.3016e+02
1.3123e+02
1.3211e+02
1.3285e+02
1.3349e+02
1.3407e+02
1.3463e+02
1.3521e+02
1.3580e+02
1.3640e+02
1.3700e+02
1.3757e+02
1.3810e+02
1.3858e+02
1.3899e+02
1.3933e+02
1.3962e+02
1.3988e+02
1.4014e+02
1.4044e+02
1.4084e+02
1.4137e+02
1.4208e+02
1.4297e+02
1.4407e+02
1.4537e+02
1.4685e+02
1.4847e+02
1.5019e+02
1.5194e+02
1.5366e+02
1.5530e+02
1.5679e+02
1.5811e+02
1.5924e+02
1.6019e+02
1.6094e+02
1.6148e+02
1.6181e+02
1.6196e+02
1.6191e+02
1.6165e+02
1.6117e+02
1.6047e+02
1.5955e+02
1.5846e+02
1.5725e+02
1.5600e+02
1.5483e+02
1.5384e+02
1.5319e+02
1.5299e+02
1.5334e+02
1.5430e+02
1.5590e+02
1.5811e+02
1.6086e+02
1.6401e+02
1.6742e+02
1.7093e+02
1.7439e+02
1.7766e+02
1.8064e+02
1.8325e+02
1.8545e+02
1.8722e+02
1.8856e+02
1.8951e+02
1.9013e+02
1.9043e+02
1.9047e+02
1.9026e+02
1.8984e+02
1.8924e+02
1.8846e+02
1.8752e+02
1.8644e+02
1.8522e+02
1.8388e+02
1.8244e+02
1.8091e+02
1.7929e+02
1.7760e+02
1.7587e+02
1.7412e+02
1.7239e+02
1.7069e+02
1.6904e+02
1.6747e+02
1.6600e+02
1.6463e+02
1.6334e+02
1.6212e+02
1.6094e+02
1.5977e+02
1.5858e+02
1.5734e+02
1.5603e+02
1.5463e+02
1.5315e+02
1.5158e+02
1.4994e+02
1.4825e+02
1.4652e+02
1.4476e+02
1.4299e+02
1.4122e+02
1.3947e+02
1.3774e+02
1.3606e+02
1.3444e+02
1.3292e+02
1.3152e+02
1.3028e+02
1.2920e+02
1.2829e+02
1.2754e+02
1.2694e+02
1.2649e+02
1.2613e+02
1.2585e+02
1.2562e+02
1.2541e+02
1.2520e+02
1.2497e+02
1.2473e+02
1.2446e+02
1.2415e+02
1.2379e+02
1.2337e+02
1.2289e+02
1.2231e+02
1.2162e+02
1.2080e+02
1.1985e+02
1.1876e+02
1.1757e+02
1.1631e+02
1.1503e+02
1.1378e+02
1.1262e+02
1.1161e+02
1.1081e+02
1.1025e+02
1.0997e+02
1.0997e+02
1.1027e+02
1.1082e+02
1.1161e+02
1.1257e+02
1.1363e+02
1.1473e+02
1.1579e+02
1.1675e+02
1.1753e+02
1.1809e+02
1.1840e+02
1.1848e+02
1.1834e+02
1.1803e+02
1.1760e+02
1.1714e+02
1.1671e+02
1.1639e+02
1.1624e+02
1.1628e+02
1.1654e+02
1.1699e+02
1.1759e+02
1.1827e+02
1.1898e+02
1.1965e+02
1.2022e+02
1.2065e+02
1.2091e+02
1.2096e+02
1.2080e+02
1.2041e+02
1.1981e+02
1.1898e+02
1.1792e+02
1.1663e+02
1.1509e+02
1.1330e+02
1.1126e+02
1.0899e+02
1.0649e+02
1.0382e+02
1.0100e+02
9.8080e+01
9.5125e+01
9.2197e+01
8.9347e+01
8.6622e+01
8.4048e+01
8.1637e+01
7.9396e+01
7.7310e+01
7.5362e+01
7.3538e+01
7.1817e+01
7.0178e+01
6.8604e+01
6.7086e+01
6.5611e+01
6.4178e+01
6.2803e+01
6.1504e+01
6.0298e+01
5.9194e+01
5.8200e+01
5.7317e+01
5.6550e+01
5.5895e+01
5.5334e+01
5.4841e+01
5.4396e+01
5.3974e+01
5.3554e+01
5.3118e+01
5.2641e+01
5.2106e+01
5.1506e+01
5.0846e+01
5.0135e+01
4.9388e+01
4.8620e+01
4.7844e+01
4.7079e+01
4.6330e+01
4.5590e+01
4.4850e+01
4.4095e+01
4.3302e+01
4.2450e+01
4.1523e+01
4.0497e+01
3.9361e+01
3.8113e+01
3.6762e+01
3.5334e+01
3.3863e+01
3.2391e+01
3.0952e+01
2.9584e+01
2.8323e+01
2.7193e+01
2.6204e+01
2.5352e+01
2.4618e+01
2.3984e+01
2.3429e+01
2.2919e+01
2.2419e+01
2.1892e+01
2.1307e+01
2.0636e+01
1.9868e+01
1.8990e+01
1.7987e+01
1.6852e+01
1.5589e+01
1.4208e+01
1.2729e+01
1.1170e+01
9.5534e+00
7.9147e+00
6.3023e+00
4.7642e+00
3.3520e+00
2.1192e+00
1.1228e+00
4.1144e-01
2.7906e-02
0000
3.3046e-01
1.0011e+00
1.9661e+00
3.1684e+00
4.5473e+00
6.0422e+00
7.6021e+00
9.2033e+00
1.0852e+01
1.2576e+01
1.4448e+01
1.6565e+01
1.9037e+01
2.1959e+01
2.5399e+01
2.9387e+01
3.3906e+01
3.8881e+01
4.4176e+01
4.9611e+01
5.4987e+01
6.0103e+01
6.4769e+01
6.8835e+01
7.2214e+01
7.4874e+01
7.6846e+01
7.8207e+01
7.9070e+01
7.9569e+01
7.9844e+01
8.0023e+01
8.0207e+01
8.0467e+01
8.0823e+01
8.1261e+01
8.1738e+01
8.2189e+01
8.2528e+01
8.2670e+01
8.2542e+01
8.2075e+01
8.1220e+01
7.9948e+01
7.8261e+01
7.6195e+01
7.3809e+01
7.1176e+01
6.8382e+01
6.5527e+01
6.2706e+01
6.0015e+01
5.7538e+01
5.5346e+01
5.3485e+01
5.1982e+01
5.0846e+01
5.0071e+01
4.9643e+01
4.9539e+01
4.9721e+01
5.0147e+01
5.0772e+01
5.1545e+01
5.2411e+01
5.3322e+01
5.4223e+01
5.5052e+01
5.5749e+01
5.6258e+01
5.6529e+01
5.6525e+01
5.6218e+01
5.5595e+01
5.4671e+01
5.3482e+01
5.2067e+01
5.0477e+01
4.8777e+01
4.7050e+01
4.5374e+01
4.3828e+01
4.2481e+01
4.1386e+01
4.0585e+01
4.0105e+01
3.9952e+01
4.0111e+01
4.0552e+01
4.1218e+01
4.2043e+01
4.2954e+01
4.3863e+01
4.4675e+01
4.5314e+01
4.5715e+01
4.5832e+01
4.5645e+01
4.5158e+01
4.4400e+01
4.3422e+01
4.2295e+01
4.1096e+01
3.9904e+01
3.8790e+01
3.7800e+01
3.6978e+01
3.6356e+01
3.5961e+01
3.5798e+01
3.5867e+01
3.6176e+01
3.6738e+01
3.7573e+01
3.8694e+01
4.0118e+01
4.1859e+01
4.3919e+01
4.6280e+01
4.8907e+01
5.1749e+01
5.4745e+01
5.7827e+01
6.0926e+01
6.3977e+01
6.6922e+01
6.9721e+01
7.2340e+01
7.4749e+01
7.6932e+01
7.8874e+01
8.0565e+01
8.1991e+01
8.3132e+01
8.3970e+01
8.4490e+01
8.4689e+01
8.4556e+01
8.4103e+01
8.3356e+01
8.2351e+01
8.1143e+01
7.9792e+01
7.8355e+01
7.6899e+01
7.5494e+01
7.4190e+01
7.3039e+01
7.2086e+01
7.1372e+01
7.0918e+01
7.0745e+01
7.0858e+01
7.1239e+01
7.1865e+01
7.2699e+01
7.3695e+01
7.4795e+01
7.5944e+01
7.7081e+01
7.8147e+01
7.9101e+01
7.9912e+01
8.0566e+01
8.1070e+01
8.1445e+01
8.1723e+01
8.1941e+01
8.2136e+01
8.2334e+01
8.2555e+01
8.2808e+01
8.3083e+01
8.3366e+01
8.3646e+01
8.3893e+01
8.4051e+01
8.4077e+01
8.3913e+01
8.3506e+01
8.2804e+01
8.1767e+01
8.0357e+01
7.8551e+01
7.6355e+01
7.3804e+01
7.0959e+01
6.7914e+01
6.4784e+01
6.1706e+01
5.8836e+01
5.6316e+01
5.4262e+01
5.2760e+01
5.1854e+01
5.1549e+01
5.1801e+01
5.2525e+01
5.3606e+01
5.4915e+01
5.6324e+01
5.7719e+01
5.9018e+01
6.0167e+01
6.1144e+01
6.1939e+01
6.2580e+01
6.3125e+01
6.3644e+01
6.4203e+01
6.4853e+01
6.5632e+01
6.6561e+01
6.7651e+01
6.8897e+01
7.0277e+01
7.1758e+01
7.3307e+01
7.4893e+01
7.6494e+01
7.8121e+01
7.9814e+01
8.1632e+01
8.3656e+01
8.5982e+01
8.8721e+01
9.1969e+01
9.5809e+01
1.0029e+02
1.0543e+02
1.1118e+02
1.1742e+02
1.2401e+02
1.3075e+02
1.3742e+02
1.4380e+02
1.4969e+02
1.5492e+02
1.5933e+02
1.6284e+02
1.6540e+02
1.6701e+02
1.6773e+02
1.6761e+02
1.6675e+02
1.6524e+02
1.6319e+02
1.6069e+02
1.5786e+02
1.5481e+02
1.5165e+02
1.4846e+02
1.4533e+02
1.4234e+02
1.3954e+02
1.3701e+02
1.3476e+02
1.3280e+02
1.3110e+02
1.2963e+02
1.2834e+02
1.2715e+02
1.2604e+02
1.2494e+02
1.2382e+02
1.2267e+02
1.2148e+02
1.2023e+02
1.1895e+02
1.1765e+02
1.1635e+02
1.1506e+02
1.1378e+02
1.1253e+02
1.1128e+02
1.1005e+02
1.0882e+02
1.0760e+02
1.0637e+02
1.0514e+02
1.0390e+02
1.0265e+02
1.0140e+02
1.0013e+02
9.8841e+01
9.7533e+01
9.6200e+01
9.4830e+01
9.3418e+01
9.1971e+01
9.0501e+01
8.9041e+01
8.7620e+01
8.6275e+01
8.5050e+01
8.3992e+01
8.3142e+01
8.2532e+01
8.2181e+01
8.2093e+01
8.2265e+01
8.2683e+01
8.3320e+01
8.4136e+01
8.5090e+01
8.6151e+01
8.7288e+01
8.8480e+01
8.9711e+01
9.0968e+01
9.2246e+01
9.3547e+01
9.4869e+01
9.6208e+01
9.7554e+01
9.8881e+01
1.0015e+02
1.0132e+02
1.0235e+02
1.0318e+02
1.0379e+02
1.0414e+02
1.0420e+02
1.0398e+02
1.0350e+02
1.0277e+02
1.0186e+02
1.0082e+02
9.9718e+01
9.8610e+01
9.7563e+01
9.6616e+01
9.5794e+01
9.5109e+01
9.4556e+01
9.4109e+01
9.3741e+01
9.3421e+01
9.3121e+01
9.2822e+01
9.2509e+01
9.2179e+01
9.1841e+01
9.1522e+01
9.1249e+01
9.1049e+01
9.0954e+01
9.0991e+01
9.1181e+01
9.1534e+01
9.2053e+01
9.2722e+01
9.3519e+01
9.4415e+01
9.5375e+01
9.6362e+01
9.7339e+01
9.8274e+01
9.9132e+01
9.9893e+01
1.0054e+02
1.0104e+02
1.0141e+02
1.0163e+02
1.0171e+02
1.0168e+02
1.0153e+02
1.0130e+02
1.0098e+02
1.0060e+02
1.0016e+02
9.9681e+01
9.9172e+01
9.8653e+01
9.8137e+01
9.7639e+01
9.7177e+01
9.6762e+01
9.6398e+01
9.6088e+01
9.5833e+01
9.5620e+01
9.5431e+01
9.5245e+01
9.5028e+01
9.4750e+01
9.4386e+01
9.3914e+01
9.3307e+01
9.2553e+01
9.1643e+01
9.0565e+01
8.9317e+01
8.7905e+01
8.6331e+01
8.4607e+01
8.2757e+01
8.0806e+01
7.8780e+01
7.6713e+01
7.4648e+01
7.2631e+01
7.0712e+01
6.8946e+01
6.7377e+01
6.6042e+01
6.4959e+01
6.4135e+01
6.3566e+01
6.3236e+01
6.3118e+01
6.3170e+01
6.3356e+01
6.3632e+01
6.3962e+01
6.4322e+01
6.4702e+01
6.5094e+01
6.5502e+01
6.5950e+01
6.6461e+01
6.7051e+01
6.7736e+01
6.8526e+01
6.9419e+01
7.0400e+01
7.1424e+01
7.2428e+01
7.3353e+01
7.4135e+01
7.4711e+01
7.5029e+01
7.5053e+01
7.4756e+01
7.4131e+01
7.3193e+01
7.1968e+01
7.0505e+01
6.8866e+01
6.7112e+01
6.5306e+01
6.3509e+01
6.1765e+01
6.0108e+01
5.8571e+01
5.7167e+01
5.5893e+01
5.4734e+01
5.3672e+01
5.2680e+01
5.1726e+01
5.0778e+01
4.9819e+01
4.8858e+01
4.7908e+01
4.6990e+01
4.6138e+01
4.5412e+01
4.4868e+01
4.4552e+01
4.4507e+01
4.4758e+01
4.5309e+01
4.6140e+01
4.7212e+01
4.8456e+01
4.9792e+01
5.1138e+01
5.2404e+01
5.3508e+01
5.4383e+01
5.4968e+01
5.5228e+01
5.5160e+01
5.4769e+01
5.4072e+01
5.3112e+01
5.1940e+01
5.0610e+01
4.9179e+01
4.7708e+01
4.6246e+01
4.4839e+01
4.3518e+01
4.2305e+01
4.1215e+01
4.0261e+01
3.9450e+01
3.8785e+01
3.8267e+01
3.7895e+01
3.7664e+01
3.7566e+01
3.7591e+01
3.7728e+01
3.7961e+01
3.8281e+01
3.8684e+01
3.9154e+01
3.9681e+01
4.0253e+01
4.0866e+01
4.1516e+01
4.2199e+01
4.2904e+01
4.3620e+01
4.4328e+01
4.4996e+01
4.5594e+01
4.6087e+01
4.6441e+01
4.6619e+01
4.6598e+01
4.6371e+01
4.5951e+01
4.5361e+01
4.4638e+01
4.3835e+01
4.3014e+01
4.2237e+01
4.1572e+01
4.1086e+01
4.0826e+01
4.0825e+01
4.1106e+01
4.1671e+01
4.2504e+01
4.3564e+01
4.4785e+01
4.6095e+01
4.7411e+01
4.8640e+01
4.9687e+01
5.0469e+01
5.0914e+01
5.0964e+01
5.0590e+01
4.9797e+01
4.8620e+01
4.7117e+01
4.5371e+01
4.3474e+01
4.1533e+01
3.9651e+01
3.7923e+01
3.6416e+01
3.5179e+01
3.4239e+01
3.3601e+01
3.3251e+01
3.3151e+01
3.3249e+01
3.3485e+01
3.3810e+01
3.4180e+01
3.4554e+01
3.4901e+01
3.5202e+01
3.5450e+01
3.5659e+01
3.5849e+01
3.6041e+01
3.6261e+01
3.6542e+01
3.6905e+01
3.7372e+01
3.7952e+01
3.8650e+01
3.9448e+01
4.0321e+01
4.1234e+01
4.2147e+01
4.3022e+01
4.3814e+01
4.4489e+01
4.5018e+01
4.5381e+01
4.5569e+01
4.5579e+01
4.5408e+01
4.5049e+01
4.4503e+01
4.3765e+01
4.2833e+01
4.1698e+01
4.0353e+01
3.8795e+01
3.7037e+01
3.5113e+01
3.3060e+01
3.0930e+01
2.8788e+01
2.6707e+01
2.4761e+01
2.3016e+01
2.1518e+01
2.0295e+01
1.9355e+01
1.8675e+01
1.8211e+01
1.7901e+01
1.7670e+01
1.7444e+01
1.7152e+01
1.6743e+01
1.6187e+01
1.5480e+01
1.4651e+01
1.3756e+01
1.2863e+01
1.2050e+01
1.1390e+01
1.0946e+01
1.0771e+01
1.0891e+01
1.1300e+01
1.1967e+01
1.2840e+01
1.3851e+01
1.4930e+01
1.6019e+01
1.7068e+01
1.8050e+01
1.8959e+01
1.9808e+01
2.0632e+01
2.1475e+01
2.2378e+01
2.3374e+01
2.4488e+01
2.5722e+01
2.7058e+01
2.8463e+01
2.9897e+01
3.1323e+01
3.2704e+01
3.4010e+01
3.5216e+01
3.6314e+01
3.7307e+01
3.8207e+01
3.9029e+01
3.9790e+01
4.0496e+01
4.1141e+01
4.1715e+01
4.2204e+01
4.2594e+01
4.2874e+01
4.3045e+01
4.3115e+01
4.3107e+01
4.3060e+01
4.3007e+01
4.2996e+01
4.3076e+01
4.3285e+01
4.3658e+01
4.4219e+01
4.4962e+01
4.5864e+01
4.6891e+01
4.7999e+01
4.9129e+01
5.0220e+01
5.1206e+01
5.2030e+01
5.2645e+01
5.3020e+01
5.3139e+01
5.3015e+01
5.2681e+01
5.2195e+01
5.1631e+01
5.1082e+01
5.0637e+01
5.0382e+01
5.0396e+01
5.0739e+01
5.1450e+01
5.2543e+01
5.4002e+01
5.5788e+01
5.7844e+01
6.0107e+01
6.2499e+01
6.4940e+01
6.7349e+01
6.9653e+01
7.1789e+01
7.3715e+01
7.5410e+01
7.6862e+01
7.8071e+01
7.9041e+01
7.9788e+01
8.0340e+01
8.0726e+01
8.0982e+01
8.1143e+01
8.1247e+01
8.1317e+01
8.1378e+01
8.1444e+01
8.1526e+01
8.1629e+01
8.1756e+01
8.1908e+01
8.2080e+01
8.2269e+01
8.2466e+01
8.2671e+01
8.2886e+01
8.3113e+01
8.3348e+01
8.3596e+01
8.3866e+01
8.4161e+01
8.4488e+01
8.4847e+01
8.5240e+01
8.5664e+01
8.6109e+01
8.6555e+01
8.6989e+01
8.7404e+01
8.7785e+01
8.8112e+01
8.8361e+01
8.8516e+01
8.8567e+01
8.8513e+01
8.8352e+01
8.8082e+01
8.7717e+01
8.7273e+01
8.6766e+01
8.6214e+01
8.5629e+01
8.5026e+01
8.4419e+01
8.3822e+01
8.3242e+01
8.2685e+01
8.2155e+01
8.1665e+01
8.1231e+01
8.0862e+01
8.0546e+01
8.0259e+01
7.9972e+01
7.9630e+01
7.9161e+01
7.8484e+01
7.7512e+01
7.6153e+01
7.4329e+01
7.1998e+01
6.9159e+01
6.5870e+01
6.2237e+01
5.8405e+01
5.4558e+01
5.0903e+01
4.7653e+01
4.4995e+01
4.3074e+01
4.1975e+01
4.1721e+01
4.2267e+01
4.3511e+01
4.5296e+01
4.7441e+01
4.9754e+01
5.2050e+01
5.4175e+01
5.6001e+01
5.7431e+01
5.8405e+01
5.8914e+01
5.8969e+01
5.8583e+01
5.7774e+01
5.6552e+01
5.4928e+01
5.2898e+01
5.0454e+01
4.7600e+01
4.4355e+01
4.0752e+01
3.6857e+01
3.2767e+01
2.8607e+01
2.4534e+01
2.0706e+01
1.7274e+01
1.4374e+01
1.2118e+01
1.0581e+01
9.7832e+00
9.6930e+00
1.0237e+01
1.1307e+01
1.2763e+01
1.4471e+01
1.6303e+01
1.8153e+01
1.9963e+01
2.1705e+01
2.3387e+01
2.5045e+01
2.6729e+01
2.8489e+01
3.0366e+01
3.2374e+01
3.4487e+01
3.6663e+01
3.8848e+01
4.0968e+01
4.2948e+01
4.4736e+01
4.6306e+01
4.7656e+01
4.8817e+01
4.9843e+01
5.0807e+01
5.1787e+01
5.2840e+01
5.3985e+01
5.5214e+01
5.6499e+01
5.7787e+01
5.9011e+01
6.0115e+01
6.1065e+01
6.1847e+01
6.2490e+01
6.3053e+01
6.3617e+01
6.4283e+01
6.5149e+01
6.6292e+01
6.7756e+01
6.9547e+01
7.1630e+01
7.3934e+01
7.6366e+01
7.8810e+01
8.1146e+01
8.3273e+01
8.5132e+01
8.6688e+01
8.7942e+01
8.8944e+01
8.9759e+01
9.0463e+01
9.1134e+01
9.1834e+01
9.2610e+01
9.3483e+01
9.4439e+01
9.5432e+01
9.6397e+01
9.7255e+01
9.7923e+01
9.8324e+01
9.8398e+01
9.8103e+01
9.7430e+01
9.6403e+01
9.5076e+01
9.3542e+01
9.1907e+01
9.0295e+01
8.8836e+01
8.7652e+01
8.6855e+01
8.6545e+01
8.6798e+01
8.7664e+01
8.9163e+01
9.1265e+01
9.3917e+01
9.7036e+01
1.0051e+02
1.0423e+02
1.0805e+02
1.1185e+02
1.1552e+02
1.1893e+02
1.2200e+02
1.2467e+02
1.2688e+02
1.2863e+02
1.2989e+02
1.3069e+02
1.3106e+02
1.3104e+02
1.3070e+02
1.3010e+02
1.2933e+02
1.2846e+02
1.2754e+02
1.2667e+02
1.2590e+02
1.2527e+02
1.2483e+02
1.2460e+02
1.2456e+02
1.2472e+02
1.2504e+02
1.2550e+02
1.2606e+02
1.2670e+02
1.2741e+02
1.2817e+02
1.2897e+02
1.2982e+02
1.3072e+02
1.3168e+02
1.3271e+02
1.3380e+02
1.3496e+02
1.3616e+02
1.3741e+02
1.3868e+02
1.3999e+02
1.4130e+02
1.4257e+02
1.4377e+02
1.4481e+02
1.4564e+02
1.4615e+02
1.4625e+02
1.4582e+02
1.4479e+02
1.4304e+02
1.4055e+02
1.3728e+02
1.3329e+02
1.2865e+02
1.2351e+02
1.1803e+02
1.1238e+02
1.0678e+02
1.0139e+02
9.6377e+01
9.1887e+01
8.8009e+01
8.4799e+01
8.2279e+01
8.0450e+01
7.9292e+01
7.8779e+01
7.8882e+01
7.9572e+01
8.0809e+01
8.2540e+01
8.4701e+01
8.7227e+01
9.0035e+01
9.3010e+01
9.6020e+01
9.8924e+01
1.0158e+02
1.0385e+02
1.0563e+02
1.0685e+02
1.0748e+02
1.0751e+02
1.0700e+02
1.0600e+02
1.0460e+02
1.0290e+02
1.0098e+02
9.8934e+01
9.6824e+01
9.4702e+01
9.2599e+01
9.0532e+01
8.8522e+01
8.6588e+01
8.4758e+01
8.3061e+01
8.1533e+01
8.0213e+01
7.9130e+01
7.8312e+01
7.7775e+01
7.7523e+01
7.7542e+01
7.7798e+01
7.8251e+01
7.8847e+01
7.9527e+01
8.0226e+01
8.0885e+01
8.1448e+01
8.1873e+01
8.2126e+01
8.2173e+01
8.1993e+01
8.1570e+01
8.0908e+01
8.0029e+01
7.8972e+01
7.7779e+01
7.6503e+01
7.5198e+01
7.3920e+01
7.2724e+01
7.1657e+01
7.0748e+01
7.0015e+01
6.9465e+01
6.9098e+01
6.8900e+01
6.8865e+01
6.8974e+01
6.9206e+01
6.9539e+01
6.9956e+01
7.0440e+01
7.0973e+01
7.1537e+01
7.2111e+01
7.2685e+01
7.3247e+01
7.3782e+01
7.4278e+01
7.4734e+01
7.5164e+01
7.5584e+01
7.6022e+01
7.6502e+01
7.7048e+01
7.7680e+01
7.8410e+01
7.9237e+01
8.0153e+01
8.1144e+01
8.2176e+01
8.3212e+01
8.4214e+01
8.5139e+01
8.5950e+01
8.6620e+01
8.7135e+01
8.7497e+01
8.7728e+01
8.7858e+01
8.7936e+01
8.8020e+01
8.8167e+01
8.8431e+01
8.8855e+01
8.9473e+01
9.0297e+01
9.1333e+01
9.2564e+01
9.3966e+01
9.5502e+01
9.7127e+01
9.8789e+01
1.0043e+02
1.0199e+02
1.0342e+02
1.0466e+02
1.0566e+02
1.0638e+02
1.0678e+02
1.0684e+02
1.0656e+02
1.0594e+02
1.0502e+02
1.0384e+02
1.0246e+02
1.0095e+02
9.9367e+01
9.7781e+01
9.6235e+01
9.4768e+01
9.3393e+01
9.2102e+01
9.0878e+01
8.9700e+01
8.8540e+01
8.7372e+01
8.6172e+01
8.4917e+01
8.3614e+01
8.2285e+01
8.0966e+01
7.9709e+01
7.8576e+01
7.7637e+01
7.6961e+01
7.6613e+01
7.6645e+01
7.7095e+01
7.7983e+01
7.9289e+01
8.0964e+01
8.2928e+01
8.5077e+01
8.7281e+01
8.9403e+01
9.1307e+01
9.2881e+01
9.4047e+01
9.4779e+01
9.5088e+01
9.5028e+01
9.4704e+01
9.4251e+01
9.3814e+01
9.3522e+01
9.3474e+01
9.3727e+01
9.4301e+01
9.5175e+01
9.6280e+01
9.7519e+01
9.8779e+01
9.9954e+01
1.0097e+02
1.0178e+02
1.0240e+02
1.0287e+02
1.0327e+02
1.0368e+02
1.0418e+02
1.0485e+02
1.0574e+02
1.0684e+02
1.0813e+02
1.0956e+02
1.1103e+02
1.1246e+02
1.1377e+02
1.1487e+02
1.1570e+02
1.1624e+02
1.1650e+02
1.1649e+02
1.1625e+02
1.1584e+02
1.1529e+02
1.1467e+02
1.1403e+02
1.1342e+02
1.1288e+02
1.1243e+02
1.1210e+02
1.1191e+02
1.1187e+02
1.1198e+02
1.1223e+02
1.1260e+02
1.1307e+02
1.1361e+02
1.1420e+02
1.1481e+02
1.1542e+02
1.1602e+02
1.1661e+02
1.1716e+02
1.1768e+02
1.1814e+02
1.1855e+02
1.1886e+02
1.1905e+02
1.1907e+02
1.1891e+02
1.1852e+02
1.1789e+02
1.1702e+02
1.1592e+02
1.1466e+02
1.1327e+02
1.1183e+02
1.1040e+02
1.0904e+02
1.0781e+02
1.0677e+02
1.0594e+02
1.0536e+02
1.0502e+02
1.0488e+02
1.0491e+02
1.0507e+02
1.0531e+02
1.0557e+02
1.0580e+02
1.0595e+02
1.0599e+02
1.0589e+02
1.0567e+02
1.0534e+02
1.0494e+02
1.0451e+02
1.0410e+02
1.0380e+02
1.0366e+02
1.0375e+02
1.0413e+02
1.0482e+02
1.0585e+02
1.0721e+02
1.0888e+02
1.1082e+02
1.1300e+02
1.1535e+02
1.1784e+02
1.2040e+02
1.2296e+02
1.2546e+02
