1.6969e+02
1.6811e+02
1.6678e+02
1.6577e+02
1.6512e+02
1.6484e+02
1.6494e+02
1.6540e+02
1.6620e+02
1.6731e+02
1.6868e+02
1.7026e+02
1.7201e+02
1.7387e+02
1.7576e+02
1.7761e+02
1.7937e+02
1.8096e+02
1.8234e+02
1.8347e+02
1.8433e+02
1.8493e+02
1.8529e+02
1.8546e+02
1.8550e+02
1.8547e+02
1.8544e+02
1.8545e+02
1.8553e+02
1.8571e+02
1.8596e+02
1.8629e+02
1.8666e+02
1.8703e+02
1.8736e+02
1.8763e+02
1.8783e+02
1.8797e+02
1.8807e+02
1.8814e+02
1.8822e+02
1.8834e+02
1.8849e+02
1.8871e+02
1.8896e+02
1.8924e+02
1.8949e+02
1.8968e+02
1.8975e+02
1.8965e+02
1.8935e+02
1.8882e+02
1.8807e+02
1.8712e+02
1.8601e+02
1.8481e+02
1.8360e+02
1.8246e+02
1.8150e+02
1.8079e+02
1.8038e+02
1.8031e+02
1.8060e+02
1.8124e+02
1.8219e+02
1.8339e+02
1.8475e+02
1.8619e+02
1.8759e+02
1.8887e+02
1.8994e+02
1.9073e+02
1.9117e+02
1.9121e+02
1.9081e+02
1.8996e+02
1.8869e+02
1.8704e+02
1.8506e+02
1.8283e+02
1.8043e+02
1.7799e+02
1.7560e+02
1.7340e+02
1.7146e+02
1.6988e+02
1.6870e+02
1.6791e+02
1.6748e+02
1.6735e+02
1.6743e+02
1.6760e+02
1.6775e+02
1.6775e+02
1.6754e+02
1.6709e+02
1.6640e+02
1.6555e+02
1.6463e+02
1.6379e+02
1.6316e+02
1.6290e+02
1.6311e+02
1.6388e+02
1.6525e+02
1.6718e+02
1.6960e+02
1.7238e+02
1.7535e+02
1.7836e+02
1.8124e+02
1.8383e+02
1.8599e+02
1.8761e+02
1.8861e+02
1.8894e+02
1.8859e+02
1.8758e+02
1.8593e+02
1.8369e+02
1.8091e+02
1.7764e+02
1.7397e+02
1.6999e+02
1.6581e+02
1.6155e+02
1.5731e+02
1.5320e+02
1.4933e+02
1.4582e+02
1.4276e+02
1.4022e+02
1.3823e+02
1.3680e+02
1.3592e+02
1.3556e+02
1.3564e+02
1.3611e+02
1.3692e+02
1.3802e+02
1.3938e+02
1.4097e+02
1.4284e+02
1.4501e+02
1.4756e+02
1.5053e+02
1.5396e+02
1.5784e+02
1.6215e+02
1.6680e+02
1.7166e+02
1.7657e+02
1.8134e+02
1.8576e+02
1.8967e+02
1.9288e+02
1.9524e+02
1.9666e+02
1.9706e+02
1.9641e+02
1.9471e+02
1.9198e+02
1.8826e+02
1.8359e+02
1.7805e+02
1.7172e+02
1.6470e+02
1.5711e+02
1.4909e+02
1.4079e+02
1.3235e+02
1.2392e+02
1.1564e+02
1.0762e+02
9.9933e+01
9.2638e+01
8.5747e+01
7.9260e+01
7.3180e+01
6.7523e+01
6.2311e+01
5.7594e+01
5.3445e+01
4.9951e+01
4.7204e+01
4.5281e+01
4.4233e+01
4.4088e+01
4.4831e+01
4.6383e+01
4.8611e+01
5.1338e+01
5.4362e+01
5.7466e+01
6.0420e+01
6.3005e+01
6.5024e+01
6.6325e+01
6.6791e+01
6.6354e+01
6.4990e+01
6.2716e+01
5.9592e+01
5.5708e+01
5.1183e+01
4.6156e+01
4.0785e+01
3.5235e+01
2.9663e+01
2.4211e+01
1.9025e+01
1.4247e+01
1.0001e+01
6.3983e+00
3.5279e+00
1.4693e+00
2.8193e-01
0000
6.2380e-01
2.1222e+00
4.4314e+00
7.4443e+00
1.1025e+01
1.5003e+01
1.9193e+01
2.3411e+01
2.7488e+01
3.1278e+01
3.4668e+01
3.7588e+01
4.0010e+01
4.1949e+01
4.3445e+01
4.4534e+01
4.5251e+01
4.5632e+01
4.5700e+01
4.5447e+01
4.4860e+01
4.3912e+01
4.2585e+01
4.0860e+01
3.8731e+01
3.6213e+01
3.3360e+01
3.0265e+01
2.7020e+01
2.3722e+01
2.0468e+01
1.7349e+01
1.4448e+01
1.1843e+01
9.6035e+00
7.7840e+00
6.4361e+00
5.6105e+00
5.3632e+00
5.7491e+00
6.8102e+00
8.5632e+00
1.0999e+01
1.4076e+01
1.7700e+01
2.1745e+01
2.6070e+01
3.0514e+01
3.4894e+01
3.9036e+01
4.2795e+01
4.6056e+01
4.8759e+01
5.0888e+01
5.2466e+01
5.3564e+01
5.4295e+01
5.4778e+01
5.5126e+01
5.5465e+01
5.5910e+01
5.6561e+01
5.7500e+01
5.8781e+01
6.0419e+01
6.2409e+01
6.4729e+01
6.7334e+01
7.0160e+01
7.3123e+01
7.6133e+01
7.9095e+01
8.1913e+01
8.4505e+01
8.6806e+01
8.8770e+01
9.0359e+01
9.1560e+01
9.2374e+01
9.2818e+01
9.2923e+01
9.2731e+01
9.2287e+01
9.1643e+01
9.0866e+01
9.0031e+01
8.9203e+01
8.8432e+01
8.7756e+01
8.7201e+01
8.6765e+01
8.6422e+01
8.6101e+01
8.5711e+01
8.5151e+01
8.4331e+01
8.3182e+01
8.1668e+01
7.9812e+01
7.7687e+01
7.5426e+01
7.3205e+01
7.1232e+01
6.9727e+01
6.8891e+01
6.8874e+01
6.9765e+01
7.1583e+01
7.4266e+01
7.7700e+01
8.1719e+01
8.6121e+01
9.0692e+01
9.5241e+01
9.9602e+01
1.0364e+02
1.0726e+02
1.1043e+02
1.1317e+02
1.1551e+02
1.1753e+02
1.1927e+02
1.2081e+02
1.2223e+02
1.2359e+02
1.2497e+02
1.2640e+02
1.2791e+02
1.2952e+02
1.3121e+02
1.3295e+02
1.3470e+02
1.3643e+02
1.3806e+02
1.3956e+02
1.4088e+02
1.4198e+02
1.4284e+02
1.4348e+02
1.4394e+02
1.4427e+02
1.4450e+02
1.4467e+02
1.4483e+02
1.4501e+02
1.4523e+02
1.4551e+02
1.4584e+02
1.4623e+02
1.4666e+02
1.4715e+02
1.4771e+02
1.4838e+02
1.4918e+02
1.5015e+02
1.5134e+02
1.5276e+02
1.5442e+02
1.5632e+02
1.5841e+02
1.6065e+02
1.6296e+02
1.6528e+02
1.6750e+02
1.6956e+02
1.7138e+02
1.7290e+02
1.7411e+02
1.7501e+02
1.7561e+02
1.7594e+02
1.7608e+02
1.7610e+02
1.7608e+02
1.7611e+02
1.7625e+02
1.7655e+02
1.7708e+02
1.7785e+02
1.7887e+02
1.8013e+02
1.8160e+02
1.8326e+02
1.8507e+02
1.8698e+02
1.8895e+02
1.9096e+02
1.9297e+02
1.9495e+02
1.9688e+02
1.9875e+02
2.0053e+02
2.0224e+02
2.0384e+02
2.0536e+02
2.0678e+02
2.0812e+02
2.0938e+02
2.1058e+02
2.1171e+02
2.1277e+02
2.1378e+02
2.1474e+02
2.1569e+02
2.1666e+02
2.1772e+02
2.1892e+02
2.2033e+02
2.2202e+02
2.2407e+02
2.2654e+02
2.2944e+02
2.3276e+02
2.3645e+02
2.4042e+02
2.4455e+02
2.4868e+02
2.5264e+02
2.5628e+02
2.5945e+02
2.6203e+02
2.6396e+02
2.6523e+02
2.6587e+02
2.6595e+02
2.6560e+02
2.6494e+02
2.6412e+02
2.6329e+02
2.6259e+02
2.6212e+02
2.6198e+02
2.6218e+02
2.6274e+02
2.6356e+02
2.6453e+02
2.6547e+02
2.6622e+02
2.6659e+02
2.6640e+02
2.6551e+02
2.6379e+02
2.6118e+02
2.5770e+02
2.5344e+02
2.4853e+02
2.4314e+02
2.3747e+02
2.3175e+02
2.2615e+02
2.2086e+02
2.1601e+02
2.1172e+02
2.0807e+02
2.0509e+02
2.0282e+02
2.0127e+02
2.0047e+02
2.0043e+02
2.0114e+02
2.0258e+02
2.0467e+02
2.0731e+02
2.1037e+02
2.1363e+02
2.1692e+02
2.2000e+02
2.2267e+02
2.2475e+02
2.2611e+02
2.2667e+02
2.2645e+02
2.2556e+02
2.2412e+02
2.2233e+02
2.2041e+02
2.1856e+02
2.1693e+02
2.1567e+02
2.1482e+02
2.1439e+02
2.1435e+02
2.1460e+02
2.1502e+02
2.1548e+02
2.1586e+02
2.1609e+02
2.1610e+02
2.1588e+02
2.1544e+02
2.1482e+02
2.1409e+02
2.1332e+02
2.1257e+02
2.1191e+02
2.1136e+02
2.1095e+02
2.1067e+02
2.1051e+02
2.1046e+02
2.1049e+02
2.1061e+02
2.1079e+02
2.1106e+02
2.1144e+02
2.1194e+02
2.1259e+02
2.1342e+02
2.1444e+02
2.1565e+02
2.1705e+02
2.1858e+02
2.2020e+02
2.2182e+02
2.2338e+02
2.2481e+02
2.2604e+02
2.2703e+02
2.2773e+02
2.2814e+02
2.2825e+02
2.2810e+02
2.2772e+02
2.2715e+02
2.2643e+02
2.2561e+02
2.2471e+02
2.2377e+02
2.2279e+02
2.2180e+02
2.2081e+02
2.1979e+02
2.1877e+02
2.1775e+02
2.1671e+02
2.1567e+02
2.1464e+02
2.1362e+02
2.1261e+02
2.1163e+02
2.1069e+02
2.0981e+02
2.0900e+02
2.0831e+02
2.0778e+02
2.0746e+02
2.0740e+02
2.0765e+02
2.0825e+02
2.0921e+02
2.1053e+02
2.1218e+02
2.1411e+02
2.1623e+02
2.1844e+02
2.2062e+02
2.2266e+02
2.2445e+02
2.2589e+02
2.2692e+02
2.2750e+02
2.2763e+02
2.2735e+02
2.2670e+02
2.2578e+02
2.2467e+02
2.2348e+02
2.2231e+02
2.2122e+02
2.2029e+02
2.1957e+02
2.1909e+02
2.1886e+02
2.1887e+02
2.1908e+02
2.1944e+02
2.1992e+02
2.2046e+02
2.2099e+02
2.2145e+02
2.2181e+02
2.2204e+02
2.2209e+02
2.2195e+02
2.2160e+02
2.2104e+02
2.2026e+02
2.1928e+02
2.1812e+02
2.1681e+02
2.1537e+02
2.1381e+02
2.1217e+02
2.1047e+02
2.0875e+02
2.0704e+02
2.0536e+02
2.0375e+02
2.0223e+02
2.0082e+02
1.9952e+02
1.9836e+02
1.9733e+02
1.9642e+02
1.9563e+02
1.9492e+02
1.9427e+02
1.9364e+02
1.9302e+02
1.9238e+02
1.9172e+02
1.9104e+02
1.9033e+02
1.8963e+02
1.8897e+02
1.8840e+02
1.8797e+02
1.8775e+02
1.8775e+02
1.8802e+02
1.8856e+02
1.8938e+02
1.9046e+02
1.9175e+02
1.9322e+02
1.9477e+02
1.9635e+02
1.9787e+02
1.9925e+02
2.0041e+02
2.0127e+02
2.0178e+02
2.0188e+02
2.0154e+02
2.0074e+02
1.9950e+02
1.9784e+02
1.9582e+02
1.9351e+02
1.9098e+02
1.8831e+02
1.8556e+02
1.8283e+02
1.8017e+02
1.7763e+02
1.7523e+02
1.7300e+02
1.7093e+02
1.6901e+02
1.6724e+02
1.6560e+02
1.6409e+02
1.6270e+02
1.6143e+02
1.6029e+02
1.5928e+02
1.5840e+02
1.5764e+02
1.5701e+02
1.5650e+02
1.5611e+02
1.5584e+02
1.5569e+02
1.5565e+02
1.5573e+02
1.5592e+02
1.5623e+02
1.5667e+02
1.5725e+02
1.5798e+02
1.5886e+02
1.5989e+02
1.6105e+02
1.6232e+02
1.6367e+02
1.6506e+02
1.6643e+02
1.6772e+02
1.6888e+02
1.6984e+02
1.7057e+02
1.7106e+02
1.7133e+02
1.7142e+02
1.7140e+02
1.7136e+02
1.7141e+02
1.7165e+02
1.7218e+02
1.7304e+02
1.7428e+02
1.7585e+02
1.7771e+02
1.7974e+02
1.8182e+02
1.8381e+02
1.8556e+02
1.8698e+02
1.8798e+02
1.8849e+02
1.8852e+02
1.8810e+02
1.8730e+02
1.8622e+02
1.8494e+02
1.8358e+02
1.8220e+02
1.8088e+02
1.7965e+02
1.7854e+02
1.7756e+02
1.7669e+02
1.7590e+02
1.7516e+02
1.7445e+02
1.7375e+02
1.7306e+02
1.7240e+02
1.7177e+02
1.7120e+02
1.7070e+02
1.7030e+02
1.7002e+02
1.6986e+02
1.6983e+02
1.6989e+02
1.7004e+02
1.7025e+02
1.7051e+02
1.7079e+02
1.7106e+02
1.7130e+02
1.7148e+02
1.7160e+02
1.7164e+02
1.7159e+02
1.7142e+02
1.7111e+02
1.7065e+02
1.7000e+02
1.6908e+02
1.6785e+02
1.6624e+02
1.6419e+02
1.6165e+02
1.5858e+02
1.5495e+02
1.5075e+02
1.4601e+02
1.4078e+02
1.3518e+02
1.2932e+02
1.2333e+02
1.1738e+02
1.1160e+02
1.0615e+02
1.0119e+02
9.6846e+01
9.3296e+01
9.0692e+01
8.9191e+01
8.8956e+01
9.0144e+01
9.2897e+01
9.7316e+01
1.0345e+02
1.1129e+02
1.2071e+02
1.3150e+02
1.4335e+02
1.5587e+02
1.6863e+02
1.8115e+02
1.9297e+02
2.0369e+02
2.1298e+02
2.2063e+02
2.2655e+02
2.3073e+02
2.3331e+02
2.3448e+02
2.3450e+02
2.3366e+02
2.3225e+02
2.3058e+02
2.2888e+02
2.2740e+02
2.2632e+02
2.2579e+02
2.2590e+02
2.2668e+02
2.2813e+02
2.3020e+02
2.3281e+02
2.3579e+02
2.3897e+02
2.4215e+02
2.4511e+02
2.4764e+02
2.4955e+02
2.5072e+02
2.5106e+02
2.5056e+02
2.4924e+02
2.4721e+02
2.4463e+02
2.4165e+02
2.3847e+02
2.3529e+02
2.3227e+02
2.2954e+02
2.2720e+02
2.2529e+02
2.2379e+02
2.2263e+02
2.2175e+02
2.2106e+02
2.2047e+02
2.1993e+02
2.1939e+02
2.1883e+02
2.1831e+02
2.1786e+02
2.1759e+02
2.1757e+02
2.1787e+02
2.1851e+02
2.1951e+02
2.2080e+02
2.2229e+02
2.2387e+02
2.2537e+02
2.2664e+02
2.2754e+02
2.2796e+02
2.2781e+02
2.2707e+02
2.2573e+02
2.2384e+02
2.2146e+02
2.1868e+02
2.1558e+02
2.1222e+02
2.0870e+02
2.0508e+02
2.0142e+02
1.9775e+02
1.9411e+02
1.9053e+02
1.8707e+02
1.8376e+02
1.8069e+02
1.7792e+02
1.7551e+02
1.7353e+02
1.7200e+02
1.7095e+02
1.7039e+02
1.7028e+02
1.7056e+02
1.7114e+02
1.7191e+02
1.7275e+02
1.7353e+02
1.7413e+02
1.7445e+02
1.7441e+02
1.7395e+02
1.7308e+02
1.7181e+02
1.7020e+02
1.6835e+02
1.6639e+02
1.6445e+02
1.6266e+02
1.6114e+02
1.5999e+02
1.5929e+02
1.5906e+02
1.5928e+02
1.5991e+02
1.6084e+02
1.6196e+02
1.6313e+02
1.6422e+02
1.6511e+02
1.6573e+02
1.6603e+02
1.6600e+02
1.6566e+02
1.6505e+02
1.6425e+02
1.6333e+02
1.6236e+02
1.6138e+02
1.6042e+02
1.5948e+02
1.5855e+02
1.5760e+02
1.5659e+02
1.5550e+02
1.5428e+02
1.5291e+02
1.5139e+02
1.4971e+02
1.4788e+02
1.4591e+02
1.4381e+02
1.4159e+02
1.3927e+02
1.3686e+02
1.3437e+02
1.3183e+02
1.2928e+02
1.2675e+02
1.2430e+02
1.2199e+02
1.1988e+02
1.1805e+02
1.1658e+02
1.1555e+02
1.1501e+02
1.1501e+02
1.1555e+02
1.1665e+02
1.1825e+02
1.2031e+02
1.2270e+02
1.2530e+02
1.2798e+02
1.3058e+02
1.3297e+02
1.3499e+02
1.3653e+02
1.3754e+02
1.3798e+02
1.3787e+02
1.3730e+02
1.3636e+02
1.3519e+02
1.3395e+02
1.3279e+02
1.3183e+02
1.3119e+02
1.3093e+02
1.3109e+02
1.3167e+02
1.3261e+02
1.3387e+02
1.3534e+02
1.3694e+02
1.3856e+02
1.4014e+02
1.4164e+02
1.4303e+02
1.4432e+02
1.4554e+02
1.4673e+02
1.4798e+02
1.4935e+02
1.5091e+02
1.5270e+02
1.5474e+02
1.5704e+02
1.5958e+02
1.6231e+02
1.6513e+02
1.6794e+02
1.7062e+02
1.7307e+02
1.7520e+02
1.7692e+02
1.7820e+02
1.7903e+02
1.7946e+02
1.7954e+02
1.7935e+02
1.7899e+02
1.7854e+02
1.7807e+02
1.7765e+02
1.7730e+02
1.7704e+02
1.7684e+02
1.7669e+02
1.7654e+02
1.7635e+02
1.7607e+02
1.7567e+02
1.7516e+02
1.7451e+02
1.7375e+02
1.7287e+02
1.7190e+02
1.7084e+02
1.6968e+02
1.6841e+02
1.6703e+02
1.6555e+02
1.6398e+02
1.6236e+02
1.6074e+02
1.5920e+02
1.5784e+02
1.5675e+02
1.5604e+02
1.5580e+02
1.5610e+02
1.5696e+02
1.5836e+02
1.6023e+02
1.6247e+02
1.6495e+02
1.6749e+02
1.6992e+02
1.7210e+02
1.7387e+02
1.7516e+02
1.7593e+02
1.7620e+02
1.7601e+02
1.7548e+02
1.7470e+02
1.7380e+02
1.7288e+02
1.7203e+02
1.7131e+02
1.7075e+02
1.7036e+02
1.7007e+02
1.6983e+02
1.6958e+02
1.6930e+02
1.6897e+02
1.6859e+02
1.6819e+02
1.6783e+02
1.6759e+02
1.6753e+02
1.6774e+02
1.6826e+02
1.6910e+02
1.7026e+02
1.7170e+02
1.7336e+02
1.7514e+02
1.7697e+02
1.7874e+02
1.8039e+02
1.8186e+02
1.8309e+02
1.8406e+02
1.8476e+02
1.8519e+02
1.8537e+02
1.8531e+02
1.8503e+02
1.8454e+02
1.8385e+02
1.8300e+02
1.8201e+02
1.8095e+02
1.7987e+02
1.7886e+02
1.7799e+02
1.7737e+02
1.7711e+02
1.7729e+02
1.7798e+02
1.7925e+02
1.8109e+02
1.8350e+02
1.8640e+02
1.8970e+02
1.9326e+02
1.9694e+02
2.0058e+02
2.0404e+02
2.0721e+02
2.0998e+02
2.1232e+02
2.1421e+02
2.1569e+02
2.1678e+02
2.1757e+02
2.1813e+02
2.1852e+02
2.1879e+02
2.1896e+02
2.1904e+02
2.1899e+02
2.1880e+02
2.1843e+02
2.1784e+02
2.1700e+02
2.1593e+02
2.1467e+02
2.1329e+02
2.1189e+02
2.1058e+02
2.0949e+02
2.0872e+02
2.0838e+02
2.0857e+02
2.0932e+02
2.1063e+02
2.1247e+02
2.1474e+02
2.1733e+02
2.2012e+02
2.2295e+02
2.2567e+02
2.2813e+02
2.3024e+02
2.3190e+02
2.3306e+02
2.3371e+02
2.3383e+02
2.3345e+02
2.3262e+02
2.3140e+02
2.2984e+02
2.2799e+02
2.2590e+02
2.2361e+02
2.2120e+02
2.1869e+02
2.1615e+02
2.1362e+02
2.1116e+02
2.0882e+02
2.0665e+02
2.0469e+02
2.0296e+02
2.0148e+02
2.0023e+02
1.9918e+02
1.9829e+02
1.9750e+02
1.9675e+02
1.9595e+02
1.9507e+02
1.9405e+02
1.9289e+02
1.9159e+02
1.9018e+02
1.8872e+02
1.8726e+02
1.8587e+02
1.8462e+02
1.8355e+02
1.8271e+02
1.8211e+02
1.8175e+02
1.8162e+02
1.8169e+02
1.8192e+02
1.8226e+02
1.8269e+02
1.8316e+02
1.8366e+02
1.8418e+02
1.8471e+02
1.8526e+02
1.8581e+02
1.8638e+02
1.8697e+02
1.8757e+02
1.8818e+02
1.8878e+02
1.8936e+02
1.8991e+02
1.9039e+02
1.9081e+02
1.9113e+02
1.9135e+02
1.9148e+02
1.9152e+02
1.9151e+02
1.9145e+02
1.9139e+02
1.9134e+02
1.9133e+02
1.9137e+02
1.9146e+02
1.9157e+02
1.9166e+02
1.9170e+02
1.9161e+02
1.9137e+02
1.9093e+02
1.9027e+02
1.8937e+02
1.8825e+02
1.8698e+02
1.8559e+02
1.8415e+02
1.8273e+02
1.8137e+02
1.8010e+02
1.7893e+02
1.7782e+02
1.7673e+02
1.7559e+02
1.7434e+02
1.7291e+02
1.7124e+02
1.6930e+02
1.6709e+02
1.6463e+02
1.6197e+02
1.5917e+02
1.5633e+02
1.5352e+02
1.5081e+02
1.4826e+02
1.4591e+02
1.4378e+02
1.4185e+02
1.4011e+02
1.3854e+02
1.3713e+02
1.3590e+02
1.3488e+02
1.3412e+02
1.3369e+02
1.3369e+02
1.3420e+02
1.3528e+02
1.3697e+02
1.3926e+02
1.4209e+02
1.4535e+02
1.4889e+02
1.5254e+02
1.5608e+02
1.5936e+02
1.6224e+02
1.6467e+02
1.6663e+02
1.6818e+02
1.6947e+02
1.7065e+02
1.7193e+02
1.7346e+02
1.7541e+02
1.7789e+02
1.8092e+02
1.8447e+02
1.8844e+02
1.9271e+02
1.9706e+02
2.0127e+02
2.0515e+02
2.0851e+02
2.1123e+02
2.1321e+02
2.1441e+02
2.1485e+02
2.1457e+02
2.1367e+02
2.1226e+02
2.1046e+02
2.0842e+02
2.0625e+02
2.0408e+02
2.0200e+02
2.0011e+02
1.9845e+02
1.9703e+02
1.9585e+02
1.9488e+02
1.9405e+02
1.9330e+02
1.9252e+02
1.9165e+02
1.9059e+02
1.8927e+02
1.8763e+02
1.8562e+02
1.8323e+02
1.8047e+02
1.7737e+02
1.7400e+02
1.7041e+02
1.6669e+02
1.6292e+02
1.5917e+02
1.5552e+02
1.5199e+02
1.4862e+02
1.4541e+02
1.4234e+02
1.3936e+02
1.3640e+02
1.3340e+02
1.3026e+02
1.2695e+02
1.2341e+02
1.1964e+02
1.1566e+02
1.1153e+02
1.0734e+02
1.0323e+02
9.9320e+01
9.5742e+01
9.2614e+01
9.0028e+01
8.8042e+01
8.6683e+01
8.5948e+01
8.5798e+01
8.6155e+01
8.6935e+01
8.8051e+01
8.9413e+01
9.0937e+01
9.2543e+01
9.4168e+01
9.5772e+01
9.7329e+01
9.8806e+01
1.0017e+02
1.0141e+02
1.0250e+02
1.0342e+02
1.0416e+02
1.0472e+02
1.0507e+02
1.0522e+02
1.0515e+02
1.0485e+02
1.0431e+02
1.0351e+02
1.0244e+02
1.0110e+02
9.9481e+01
9.7609e+01
9.5510e+01
9.3235e+01
9.0848e+01
8.8430e+01
8.6075e+01
8.3880e+01
8.1923e+01
8.0268e+01
7.8947e+01
7.7963e+01
7.7291e+01
7.6888e+01
7.6682e+01
7.6588e+01
7.6538e+01
7.6485e+01
7.6410e+01
7.6322e+01
7.6265e+01
7.6306e+01
7.6546e+01
7.7097e+01
7.8062e+01
7.9524e+01
8.1541e+01
8.4130e+01
8.7265e+01
9.0880e+01
9.4869e+01
9.9102e+01
1.0344e+02
1.0775e+02
1.1190e+02
1.1581e+02
1.1939e+02
1.2261e+02
1.2545e+02
1.2794e+02
1.3011e+02
1.3200e+02
1.3364e+02
1.3504e+02
1.3620e+02
1.3709e+02
1.3768e+02
1.3792e+02
1.3777e+02
1.3717e+02
1.3612e+02
1.3464e+02
1.3276e+02
1.3058e+02
1.2820e+02
1.2576e+02
1.2341e+02
1.2126e+02
1.1942e+02
1.1799e+02
1.1701e+02
1.1650e+02
1.1642e+02
1.1671e+02
1.1729e+02
1.1807e+02
1.1896e+02
1.1989e+02
1.2082e+02
1.2172e+02
1.2257e+02
1.2338e+02
1.2417e+02
1.2497e+02
1.2583e+02
1.2674e+02
1.2770e+02
1.2868e+02
1.2964e+02
1.3052e+02
1.3125e+02
1.3176e+02
1.3196e+02
1.3179e+02
1.3119e+02
1.3011e+02
1.2853e+02
1.2646e+02
1.2394e+02
1.2103e+02
1.1780e+02
1.1436e+02
1.1083e+02
1.0733e+02
1.0400e+02
1.0092e+02
9.8217e+01
9.5939e+01
9.4124e+01
9.2776e+01
9.1880e+01
9.1395e+01
9.1263e+01
9.1418e+01
9.1781e+01
9.2274e+01
9.2839e+01
9.3430e+01
9.4005e+01
9.4533e+01
9.4991e+01
9.5366e+01
9.5644e+01
9.5815e+01
9.5889e+01
9.5883e+01
9.5816e+01
9.5706e+01
9.5580e+01
9.5457e+01
9.5354e+01
9.5278e+01
9.5219e+01
9.5159e+01
9.5074e+01
9.4931e+01
9.4694e+01
9.4334e+01
9.3831e+01
9.3182e+01
9.2414e+01
9.1563e+01
9.0683e+01
8.9837e+01
8.9092e+01
8.8504e+01
8.8114e+01
8.7943e+01
8.7990e+01
8.8234e+01
8.8630e+01
8.9127e+01
8.9665e+01
9.0187e+01
9.0642e+01
9.0990e+01
9.1206e+01
9.1273e+01
9.1185e+01
9.0943e+01
9.0568e+01
9.0088e+01
8.9542e+01
8.8967e+01
8.8395e+01
8.7861e+01
8.7400e+01
8.7047e+01
8.6857e+01
8.6906e+01
8.7276e+01
8.8059e+01
8.9358e+01
9.1272e+01
9.3895e+01
9.7308e+01
1.0157e+02
1.0669e+02
1.1263e+02
1.1929e+02
1.2651e+02
1.3409e+02
1.4172e+02
1.4908e+02
1.5583e+02
1.6165e+02
1.6627e+02
1.6944e+02
1.7103e+02
1.7096e+02
1.6929e+02
1.6614e+02
1.6172e+02
1.5630e+02
1.5020e+02
1.4378e+02
1.3740e+02
1.3140e+02
1.2608e+02
1.2168e+02
1.1834e+02
1.1618e+02
1.1521e+02
1.1537e+02
1.1657e+02
1.1865e+02
1.2141e+02
1.2464e+02
1.2812e+02
1.3164e+02
1.3505e+02
1.3819e+02
1.4098e+02
1.4339e+02
1.4542e+02
1.4714e+02
1.4860e+02
1.4988e+02
1.5107e+02
1.5222e+02
1.5338e+02
1.5458e+02
1.5580e+02
1.5702e+02
1.5817e+02
1.5921e+02
1.6005e+02
1.6060e+02
1.6082e+02
1.6067e+02
1.6013e+02
1.5922e+02
1.5796e+02
1.5638e+02
1.5456e+02
1.5256e+02
1.5044e+02
1.4831e+02
1.4622e+02
1.4428e+02
1.4254e+02
1.4107e+02
1.3992e+02
1.3913e+02
1.3873e+02
1.3875e+02
1.3917e+02
1.4000e+02
1.4119e+02
1.4267e+02
1.4437e+02
1.4620e+02
1.4804e+02
1.4978e+02
1.5129e+02
1.5247e+02
1.5321e+02
1.5345e+02
1.5313e+02
1.5226e+02
1.5085e+02
1.4897e+02
1.4672e+02
1.4421e+02
1.4157e+02
1.3893e+02
1.3644e+02
1.3419e+02
1.3230e+02
1.3081e+02
1.2977e+02
1.2919e+02
1.2906e+02
1.2934e+02
1.2999e+02
1.3094e+02
1.3214e+02
1.3351e+02
1.3500e+02
1.3656e+02
1.3814e+02
1.3970e+02
1.4121e+02
1.4263e+02
1.4394e+02
1.4510e+02
1.4607e+02
1.4680e+02
1.4727e+02
1.4743e+02
1.4724e+02
1.4665e+02
1.4565e+02
1.4422e+02
1.4237e+02
1.4013e+02
1.3756e+02
1.3473e+02
1.3176e+02
1.2875e+02
1.2582e+02
1.2308e+02
1.2062e+02
1.1853e+02
1.1685e+02
1.1561e+02
1.1478e+02
1.1434e+02
1.1423e+02
1.1439e+02
1.1475e+02
1.1528e+02
1.1594e+02
1.1673e+02
1.1763e+02
1.1869e+02
1.1994e+02
1.2140e+02
1.2309e+02
1.2503e+02
1.2719e+02
1.2951e+02
1.3194e+02
1.3439e+02
1.3677e+02
1.3896e+02
1.4082e+02
1.4227e+02
1.4318e+02
1.4350e+02
1.4315e+02
1.4213e+02
1.4042e+02
1.3805e+02
1.3509e+02
1.3161e+02
1.2775e+02
1.2363e+02
1.1939e+02
1.1517e+02
1.1112e+02
1.0735e+02
1.0396e+02
1.0100e+02
9.8499e+01
9.6470e+01
9.4887e+01
9.3706e+01
9.2867e+01
9.2307e+01
9.1972e+01
9.1825e+01
9.1844e+01
9.2013e+01
9.2321e+01
9.2771e+01
9.3383e+01
9.4172e+01
9.5128e+01
9.6235e+01
9.7461e+01
9.8752e+01
1.0004e+02
1.0125e+02
1.0231e+02
1.0316e+02
1.0374e+02
1.0400e+02
1.0393e+02
1.0354e+02
1.0288e+02
1.0201e+02
1.0102e+02
9.9996e+01
9.9052e+01
9.8275e+01
9.7731e+01
9.7460e+01
9.7468e+01
9.7733e+01
9.8204e+01
9.8808e+01
9.9455e+01
1.0004e+02
1.0048e+02
1.0070e+02
1.0063e+02
1.0026e+02
9.9603e+01
9.8717e+01
9.7675e+01
9.6580e+01
9.5552e+01
9.4711e+01
9.4166e+01
9.3992e+01
9.4231e+01
9.4882e+01
9.5912e+01
9.7240e+01
9.8755e+01
1.0033e+02
1.0181e+02
1.0305e+02
1.0388e+02
1.0417e+02
1.0382e+02
1.0276e+02
1.0098e+02
9.8486e+01
9.5321e+01
9.1558e+01
8.7282e+01
8.2604e+01
7.7657e+01
7.2571e+01
6.7477e+01
6.2502e+01
5.7759e+01
5.3349e+01
4.9357e+01
4.5850e+01
4.2870e+01
4.0443e+01
3.8570e+01
3.7236e+01
3.6415e+01
3.6074e+01
3.6159e+01
3.6601e+01
3.7322e+01
3.8236e+01
3.9251e+01
4.0270e+01
4.1208e+01
4.1993e+01
4.2559e+01
4.2846e+01
4.2811e+01
4.2433e+01
4.1709e+01
4.0663e+01
3.9340e+01
3.7800e+01
3.6107e+01
3.4333e+01
3.2559e+01
3.0862e+01
2.9318e+01
2.7995e+01
2.6938e+01
2.6175e+01
2.5726e+01
2.5597e+01
2.5776e+01
2.6242e+01
2.6957e+01
2.7876e+01
2.8953e+01
3.0143e+01
3.1403e+01
3.2697e+01
3.3991e+01
3.5246e+01
3.6427e+01
3.7506e+01
3.8451e+01
3.9228e+01
3.9813e+01
4.0179e+01
4.0304e+01
4.0181e+01
3.9805e+01
3.9193e+01
3.8388e+01
3.7450e+01
3.6440e+01
3.5433e+01
3.4508e+01
3.3721e+01
3.3122e+01
3.2751e+01
3.2623e+01
3.2723e+01
3.3006e+01
3.3397e+01
3.3800e+01
3.4106e+01
3.4204e+01
3.3992e+01
3.3383e+01
3.2315e+01
3.0755e+01
2.8712e+01
2.6253e+01
2.3496e+01
2.0598e+01
1.7749e+01
1.5158e+01
1.3030e+01
1.1555e+01
1.0886e+01
1.1121e+01
1.2276e+01
1.4271e+01
1.6945e+01
2.0073e+01
2.3379e+01
2.6555e+01
2.9308e+01
3.1393e+01
3.2632e+01
3.2941e+01
3.2338e+01
3.0953e+01
2.9009e+01
2.6806e+01
2.4693e+01
2.3029e+01
2.2144e+01
2.2304e+01
2.3703e+01
2.6439e+01
3.0520e+01
3.5856e+01
4.2281e+01
4.9567e+01
5.7444e+01
6.5630e+01
7.3844e+01
8.1831e+01
8.9373e+01
9.6285e+01
1.0243e+02
1.0773e+02
1.1219e+02
1.1579e+02
1.1861e+02
1.2071e+02
1.2222e+02
1.2324e+02
1.2390e+02
1.2430e+02
1.2455e+02
1.2474e+02
1.2491e+02
1.2510e+02
1.2533e+02
1.2557e+02
1.2580e+02
1.2596e+02
1.2602e+02
1.2591e+02
1.2559e+02
1.2505e+02
1.2428e+02
1.2329e+02
1.2211e+02
1.2078e+02
1.1937e+02
1.1794e+02
1.1658e+02
1.1539e+02
1.1448e+02
1.1394e+02
1.1388e+02
1.1438e+02
1.1552e+02
1.1737e+02
1.1995e+02
1.2328e+02
1.2729e+02
1.3193e+02
1.3706e+02
1.4254e+02
1.4817e+02
