1.8271e+02
1.8344e+02
1.8398e+02
1.8430e+02
1.8439e+02
1.8425e+02
1.8391e+02
1.8340e+02
1.8277e+02
1.8208e+02
1.8141e+02
1.8080e+02
1.8032e+02
1.8000e+02
1.7987e+02
1.7997e+02
1.8028e+02
1.8080e+02
1.8153e+02
1.8243e+02
1.8350e+02
1.8471e+02
1.8602e+02
1.8741e+02
1.8884e+02
1.9024e+02
1.9157e+02
1.9274e+02
1.9368e+02
1.9431e+02
1.9456e+02
1.9436e+02
1.9367e+02
1.9248e+02
1.9078e+02
1.8859e+02
1.8599e+02
1.8303e+02
1.7980e+02
1.7641e+02
1.7294e+02
1.6948e+02
1.6609e+02
1.6285e+02
1.5978e+02
1.5693e+02
1.5428e+02
1.5184e+02
1.4959e+02
1.4751e+02
1.4560e+02
1.4384e+02
1.4222e+02
1.4073e+02
1.3937e+02
1.3816e+02
1.3710e+02
1.3620e+02
1.3546e+02
1.3488e+02
1.3448e+02
1.3425e+02
1.3417e+02
1.3424e+02
1.3444e+02
1.3474e+02
1.3512e+02
1.3557e+02
1.3605e+02
1.3655e+02
1.3705e+02
1.3753e+02
1.3799e+02
1.3844e+02
1.3887e+02
1.3930e+02
1.3972e+02
1.4015e+02
1.4057e+02
1.4098e+02
1.4132e+02
1.4155e+02
1.4159e+02
1.4139e+02
1.4086e+02
1.3995e+02
1.3862e+02
1.3687e+02
1.3472e+02
1.3226e+02
1.2961e+02
1.2691e+02
1.2433e+02
1.2203e+02
1.2018e+02
1.1889e+02
1.1824e+02
1.1829e+02
1.1900e+02
1.2032e+02
1.2215e+02
1.2439e+02
1.2688e+02
1.2951e+02
1.3217e+02
1.3475e+02
1.3718e+02
1.3942e+02
1.4142e+02
1.4316e+02
1.4465e+02
1.4588e+02
1.4685e+02
1.4756e+02
1.4801e+02
1.4822e+02
1.4820e+02
1.4798e+02
1.4758e+02
1.4705e+02
1.4640e+02
1.4566e+02
1.4487e+02
1.4403e+02
1.4317e+02
1.4228e+02
1.4137e+02
1.4043e+02
1.3946e+02
1.3846e+02
1.3746e+02
1.3645e+02
1.3550e+02
1.3463e+02
1.3389e+02
1.3331e+02
1.3294e+02
1.3280e+02
1.3290e+02
1.3323e+02
1.3376e+02
1.3446e+02
1.3527e+02
1.3613e+02
1.3697e+02
1.3773e+02
1.3835e+02
1.3878e+02
1.3899e+02
1.3896e+02
1.3868e+02
1.3817e+02
1.3745e+02
1.3655e+02
1.3551e+02
1.3435e+02
1.3312e+02
1.3185e+02
1.3057e+02
1.2930e+02
1.2805e+02
1.2685e+02
1.2570e+02
1.2460e+02
1.2354e+02
1.2254e+02
1.2159e+02
1.2070e+02
1.1986e+02
1.1908e+02
1.1837e+02
1.1776e+02
1.1727e+02
1.1692e+02
1.1674e+02
1.1674e+02
1.1695e+02
1.1736e+02
1.1798e+02
1.1878e+02
1.1977e+02
1.2090e+02
1.2216e+02
1.2350e+02
1.2487e+02
1.2623e+02
1.2755e+02
1.2877e+02
1.2985e+02
1.3076e+02
1.3146e+02
1.3193e+02
1.3217e+02
1.3218e+02
1.3199e+02
1.3165e+02
1.3122e+02
1.3076e+02
1.3034e+02
1.3003e+02
1.2986e+02
1.2987e+02
1.3004e+02
1.3032e+02
1.3063e+02
1.3090e+02
1.3102e+02
1.3089e+02
1.3044e+02
1.2959e+02
1.2832e+02
1.2662e+02
1.2451e+02
1.2206e+02
1.1935e+02
1.1645e+02
1.1348e+02
1.1052e+02
1.0768e+02
1.0506e+02
1.0276e+02
1.0088e+02
9.9526e+01
9.8791e+01
9.8764e+01
9.9510e+01
1.0108e+02
1.0352e+02
1.0680e+02
1.1089e+02
1.1569e+02
1.2103e+02
1.2668e+02
1.3235e+02
1.3773e+02
1.4244e+02
1.4612e+02
1.4842e+02
1.4899e+02
1.4759e+02
1.4407e+02
1.3839e+02
1.3064e+02
1.2105e+02
1.0997e+02
9.7848e+01
8.5204e+01
7.2592e+01
6.0557e+01
4.9593e+01
4.0098e+01
3.2369e+01
2.6585e+01
2.2814e+01
2.1006e+01
2.1021e+01
2.2662e+01
2.5678e+01
2.9789e+01
3.4716e+01
4.0195e+01
4.5970e+01
5.1823e+01
5.7573e+01
6.3073e+01
6.8212e+01
7.2907e+01
7.7099e+01
8.0766e+01
8.3920e+01
8.6587e+01
8.8804e+01
9.0625e+01
9.2106e+01
9.3292e+01
9.4221e+01
9.4924e+01
9.5419e+01
9.5724e+01
9.5850e+01
9.5806e+01
9.5610e+01
9.5290e+01
9.4874e+01
9.4397e+01
9.3908e+01
9.3455e+01
9.3080e+01
9.2817e+01
9.2695e+01
9.2736e+01
9.2942e+01
9.3307e+01
9.3820e+01
9.4460e+01
9.5200e+01
9.6019e+01
9.6895e+01
9.7806e+01
9.8730e+01
9.9651e+01
1.0056e+02
1.0143e+02
1.0225e+02
1.0301e+02
1.0370e+02
1.0431e+02
1.0483e+02
1.0527e+02
1.0562e+02
1.0591e+02
1.0615e+02
1.0635e+02
1.0656e+02
1.0679e+02
1.0707e+02
1.0742e+02
1.0787e+02
1.0840e+02
1.0902e+02
1.0970e+02
1.1045e+02
1.1122e+02
1.1197e+02
1.1268e+02
1.1331e+02
1.1382e+02
1.1420e+02
1.1441e+02
1.1445e+02
1.1432e+02
1.1401e+02
1.1354e+02
1.1294e+02
1.1223e+02
1.1143e+02
1.1056e+02
1.0964e+02
1.0870e+02
1.0776e+02
1.0683e+02
1.0593e+02
1.0508e+02
1.0430e+02
1.0361e+02
1.0302e+02
1.0256e+02
1.0226e+02
1.0210e+02
1.0209e+02
1.0224e+02
1.0251e+02
1.0289e+02
1.0334e+02
1.0383e+02
1.0432e+02
1.0478e+02
1.0518e+02
1.0549e+02
1.0571e+02
1.0581e+02
1.0581e+02
1.0570e+02
1.0550e+02
1.0524e+02
1.0493e+02
1.0461e+02
1.0430e+02
1.0403e+02
1.0382e+02
1.0367e+02
1.0362e+02
1.0365e+02
1.0376e+02
1.0396e+02
1.0423e+02
1.0454e+02
1.0490e+02
1.0528e+02
1.0569e+02
1.0613e+02
1.0660e+02
1.0711e+02
1.0765e+02
1.0823e+02
1.0883e+02
1.0942e+02
1.0999e+02
1.1051e+02
1.1096e+02
1.1129e+02
1.1150e+02
1.1157e+02
1.1151e+02
1.1133e+02
1.1105e+02
1.1073e+02
1.1040e+02
1.1009e+02
1.0984e+02
1.0967e+02
1.0960e+02
1.0964e+02
1.0977e+02
1.1000e+02
1.1028e+02
1.1061e+02
1.1094e+02
1.1127e+02
1.1159e+02
1.1187e+02
1.1211e+02
1.1230e+02
1.1244e+02
1.1255e+02
1.1265e+02
1.1276e+02
1.1291e+02
1.1315e+02
1.1349e+02
1.1397e+02
1.1459e+02
1.1537e+02
1.1626e+02
1.1726e+02
1.1830e+02
1.1932e+02
1.2028e+02
1.2110e+02
1.2175e+02
1.2220e+02
1.2244e+02
1.2248e+02
1.2236e+02
1.2209e+02
1.2174e+02
1.2135e+02
1.2095e+02
1.2060e+02
1.2031e+02
1.2011e+02
1.2000e+02
1.2000e+02
1.2012e+02
1.2037e+02
1.2076e+02
1.2131e+02
1.2200e+02
1.2285e+02
1.2384e+02
1.2495e+02
1.2614e+02
1.2739e+02
1.2863e+02
1.2984e+02
1.3098e+02
1.3200e+02
1.3287e+02
1.3356e+02
1.3407e+02
1.3438e+02
1.3449e+02
1.3441e+02
1.3414e+02
1.3371e+02
1.3315e+02
1.3251e+02
1.3185e+02
1.3123e+02
1.3071e+02
1.3035e+02
1.3020e+02
1.3030e+02
1.3068e+02
1.3134e+02
1.3225e+02
1.3336e+02
1.3464e+02
1.3600e+02
1.3739e+02
1.3875e+02
1.4004e+02
1.4120e+02
1.4223e+02
1.4309e+02
1.4379e+02
1.4434e+02
1.4475e+02
1.4502e+02
1.4518e+02
1.4523e+02
1.4520e+02
1.4509e+02
1.4494e+02
1.4475e+02
1.4455e+02
1.4435e+02
1.4417e+02
1.4402e+02
1.4389e+02
1.4379e+02
1.4372e+02
1.4365e+02
1.4358e+02
1.4347e+02
1.4330e+02
1.4307e+02
1.4274e+02
1.4229e+02
1.4173e+02
1.4103e+02
1.4018e+02
1.3916e+02
1.3799e+02
1.3665e+02
1.3514e+02
1.3349e+02
1.3171e+02
1.2982e+02
1.2787e+02
1.2590e+02
1.2395e+02
1.2207e+02
1.2032e+02
1.1874e+02
1.1736e+02
1.1624e+02
1.1539e+02
1.1481e+02
1.1450e+02
1.1445e+02
1.1464e+02
1.1501e+02
1.1552e+02
1.1612e+02
1.1672e+02
1.1727e+02
1.1770e+02
1.1796e+02
1.1797e+02
1.1770e+02
1.1713e+02
1.1624e+02
1.1507e+02
1.1365e+02
1.1203e+02
1.1029e+02
1.0851e+02
1.0677e+02
1.0514e+02
1.0369e+02
1.0246e+02
1.0148e+02
1.0075e+02
1.0024e+02
9.9913e+01
9.9725e+01
9.9631e+01
9.9599e+01
9.9601e+01
9.9623e+01
9.9669e+01
9.9761e+01
9.9929e+01
1.0021e+02
1.0064e+02
1.0124e+02
1.0201e+02
1.0294e+02
1.0400e+02
1.0513e+02
1.0626e+02
1.0733e+02
1.0827e+02
1.0900e+02
1.0947e+02
1.0965e+02
1.0953e+02
1.0912e+02
1.0847e+02
1.0764e+02
1.0670e+02
1.0571e+02
1.0477e+02
1.0394e+02
1.0330e+02
1.0288e+02
1.0273e+02
1.0284e+02
1.0321e+02
1.0380e+02
1.0458e+02
1.0551e+02
1.0652e+02
1.0756e+02
1.0855e+02
1.0941e+02
1.1009e+02
1.1051e+02
1.1061e+02
1.1037e+02
1.0974e+02
1.0873e+02
1.0734e+02
1.0560e+02
1.0357e+02
1.0133e+02
9.8934e+01
9.6461e+01
9.3952e+01
9.1437e+01
8.8925e+01
8.6401e+01
8.3820e+01
8.1124e+01
7.8256e+01
7.5169e+01
7.1841e+01
6.8287e+01
6.4553e+01
6.0711e+01
5.6867e+01
5.3136e+01
4.9634e+01
4.6468e+01
4.3726e+01
4.1464e+01
3.9701e+01
3.8429e+01
3.7598e+01
3.7139e+01
3.6978e+01
3.7042e+01
3.7252e+01
3.7552e+01
3.7896e+01
3.8234e+01
3.8544e+01
3.8810e+01
3.9029e+01
3.9214e+01
3.9386e+01
3.9565e+01
3.9774e+01
4.0040e+01
4.0387e+01
4.0837e+01
4.1405e+01
4.2099e+01
4.2901e+01
4.3791e+01
4.4735e+01
4.5691e+01
4.6622e+01
4.7494e+01
4.8281e+01
4.8979e+01
4.9598e+01
5.0159e+01
5.0694e+01
5.1253e+01
5.1878e+01
5.2602e+01
5.3457e+01
5.4475e+01
5.5674e+01
5.7065e+01
5.8662e+01
6.0476e+01
6.2522e+01
6.4806e+01
6.7329e+01
7.0073e+01
7.3000e+01
7.6047e+01
7.9133e+01
8.2155e+01
8.4977e+01
8.7454e+01
8.9442e+01
9.0822e+01
9.1508e+01
9.1458e+01
9.0673e+01
8.9206e+01
8.7174e+01
8.4734e+01
8.2073e+01
7.9398e+01
7.6921e+01
7.4841e+01
7.3324e+01
7.2501e+01
7.2452e+01
7.3205e+01
7.4729e+01
7.6945e+01
7.9736e+01
8.2956e+01
8.6434e+01
8.9989e+01
9.3456e+01
9.6691e+01
9.9574e+01
1.0203e+02
1.0400e+02
1.0549e+02
1.0653e+02
1.0717e+02
1.0749e+02
1.0757e+02
1.0747e+02
1.0725e+02
1.0696e+02
1.0663e+02
1.0627e+02
1.0587e+02
1.0539e+02
1.0481e+02
1.0409e+02
1.0317e+02
1.0205e+02
1.0069e+02
9.9119e+01
9.7358e+01
9.5457e+01
9.3488e+01
9.1530e+01
8.9665e+01
8.7966e+01
8.6496e+01
8.5304e+01
8.4400e+01
8.3778e+01
8.3410e+01
8.3254e+01
8.3266e+01
8.3408e+01
8.3641e+01
8.3942e+01
8.4305e+01
8.4739e+01
8.5263e+01
8.5895e+01
8.6634e+01
8.7461e+01
8.8339e+01
8.9224e+01
9.0045e+01
9.0732e+01
9.1223e+01
9.1468e+01
9.1426e+01
9.1089e+01
9.0464e+01
8.9559e+01
8.8395e+01
8.6987e+01
8.5347e+01
8.3469e+01
8.1333e+01
7.8907e+01
7.6157e+01
7.3067e+01
6.9632e+01
6.5883e+01
6.1885e+01
5.7736e+01
5.3562e+01
4.9516e+01
4.5761e+01
4.2448e+01
3.9717e+01
3.7661e+01
3.6336e+01
3.5750e+01
3.5863e+01
3.6584e+01
3.7789e+01
3.9340e+01
4.1081e+01
4.2864e+01
4.4548e+01
4.6004e+01
4.7129e+01
4.7850e+01
4.8126e+01
4.7936e+01
4.7284e+01
4.6176e+01
4.4646e+01
4.2750e+01
4.0559e+01
3.8151e+01
3.5614e+01
3.3047e+01
3.0536e+01
2.8169e+01
2.6023e+01
2.4154e+01
2.2592e+01
2.1350e+01
2.0408e+01
1.9710e+01
1.9192e+01
1.8773e+01
1.8365e+01
1.7890e+01
1.7291e+01
1.6525e+01
1.5559e+01
1.4390e+01
1.3030e+01
1.1514e+01
9.8934e+00
8.2219e+00
6.5571e+00
4.9620e+00
3.4930e+00
2.2084e+00
1.1749e+00
4.4028e-01
3.8712e-02
0000
3.4532e-01
1.0833e+00
2.2114e+00
3.7192e+00
5.5807e+00
7.7552e+00
1.0182e+01
1.2790e+01
1.5502e+01
1.8225e+01
2.0860e+01
2.3316e+01
2.5516e+01
2.7383e+01
2.8858e+01
2.9905e+01
3.0518e+01
3.0727e+01
3.0587e+01
3.0168e+01
2.9564e+01
2.8882e+01
2.8220e+01
2.7659e+01
2.7249e+01
2.7013e+01
2.6941e+01
2.6978e+01
2.7060e+01
2.7100e+01
2.7008e+01
2.6708e+01
2.6138e+01
2.5256e+01
2.4053e+01
2.2548e+01
2.0786e+01
1.8848e+01
1.6823e+01
1.4791e+01
1.2831e+01
1.1026e+01
9.4341e+00
8.0848e+00
7.0100e+00
6.2260e+00
5.7384e+00
5.5512e+00
5.6646e+00
6.0723e+00
6.7653e+00
7.7276e+00
8.9262e+00
1.0327e+01
1.1883e+01
1.3537e+01
1.5215e+01
1.6840e+01
1.8330e+01
1.9608e+01
2.0621e+01
2.1324e+01
2.1701e+01
2.1763e+01
2.1548e+01
2.1114e+01
2.0543e+01
1.9929e+01
1.9360e+01
1.8919e+01
1.8679e+01
1.8698e+01
1.9007e+01
1.9623e+01
2.0542e+01
2.1737e+01
2.3169e+01
2.4784e+01
2.6521e+01
2.8319e+01
3.0124e+01
3.1882e+01
3.3547e+01
3.5091e+01
3.6485e+01
3.7707e+01
3.8747e+01
3.9601e+01
4.0278e+01
4.0807e+01
4.1223e+01
4.1561e+01
4.1872e+01
4.2209e+01
4.2624e+01
4.3171e+01
4.3902e+01
4.4857e+01
4.6067e+01
4.7556e+01
4.9329e+01
5.1376e+01
5.3667e+01
5.6156e+01
5.8775e+01
6.1445e+01
6.4078e+01
6.6576e+01
6.8843e+01
7.0780e+01
7.2300e+01
7.3340e+01
7.3864e+01
7.3861e+01
7.3353e+01
7.2404e+01
7.1106e+01
6.9576e+01
6.7945e+01
6.6337e+01
6.4866e+01
6.3634e+01
6.2716e+01
6.2148e+01
6.1936e+01
6.2047e+01
6.2424e+01
6.2999e+01
6.3698e+01
6.4436e+01
6.5128e+01
6.5704e+01
6.6102e+01
6.6284e+01
6.6233e+01
6.5944e+01
6.5429e+01
6.4723e+01
6.3880e+01
6.2964e+01
6.2055e+01
6.1235e+01
6.0575e+01
6.0132e+01
5.9952e+01
6.0052e+01
6.0415e+01
6.1003e+01
6.1754e+01
6.2600e+01
6.3467e+01
6.4284e+01
6.4995e+01
6.5570e+01
6.6004e+01
6.6313e+01
6.6546e+01
6.6766e+01
6.7037e+01
6.7413e+01
6.7947e+01
6.8681e+01
6.9635e+01
7.0824e+01
7.2233e+01
7.3834e+01
7.5586e+01
7.7433e+01
7.9308e+01
8.1144e+01
8.2876e+01
8.4441e+01
8.5786e+01
8.6872e+01
8.7680e+01
8.8209e+01
8.8479e+01
8.8524e+01
8.8394e+01
8.8150e+01
8.7841e+01
8.7511e+01
8.7192e+01
8.6905e+01
8.6644e+01
8.6395e+01
8.6139e+01
8.5840e+01
8.5471e+01
8.5011e+01
8.4456e+01
8.3809e+01
8.3082e+01
8.2290e+01
8.1444e+01
8.0554e+01
7.9619e+01
7.8633e+01
7.7590e+01
7.6482e+01
7.5299e+01
7.4035e+01
7.2694e+01
7.1286e+01
6.9834e+01
6.8360e+01
6.6892e+01
6.5449e+01
6.4047e+01
6.2683e+01
6.1341e+01
6.0004e+01
5.8651e+01
5.7261e+01
5.5815e+01
5.4307e+01
5.2735e+01
5.1120e+01
4.9502e+01
4.7920e+01
4.6420e+01
4.5039e+01
4.3821e+01
4.2799e+01
4.2000e+01
4.1443e+01
4.1144e+01
4.1116e+01
4.1370e+01
4.1912e+01
4.2741e+01
4.3856e+01
4.5249e+01
4.6891e+01
4.8738e+01
5.0734e+01
5.2816e+01
5.4911e+01
5.6939e+01
5.8822e+01
6.0487e+01
6.1874e+01
6.2935e+01
6.3646e+01
6.4000e+01
6.4015e+01
6.3724e+01
6.3183e+01
6.2451e+01
6.1593e+01
6.0689e+01
5.9813e+01
5.9048e+01
5.8471e+01
5.8151e+01
5.8144e+01
5.8495e+01
5.9234e+01
6.0369e+01
6.1889e+01
6.3745e+01
6.5859e+01
6.8124e+01
7.0417e+01
7.2607e+01
7.4559e+01
7.6135e+01
7.7187e+01
7.7590e+01
7.7254e+01
7.6126e+01
7.4198e+01
7.1506e+01
6.8131e+01
6.4193e+01
5.9853e+01
5.5292e+01
5.0711e+01
4.6318e+01
4.2317e+01
3.8887e+01
3.6174e+01
3.4291e+01
3.3288e+01
3.3163e+01
3.3856e+01
3.5261e+01
3.7230e+01
3.9581e+01
4.2122e+01
4.4652e+01
4.7001e+01
4.9032e+01
5.0637e+01
5.1748e+01
5.2344e+01
5.2447e+01
5.2117e+01
5.1458e+01
5.0578e+01
4.9591e+01
4.8607e+01
4.7726e+01
4.7027e+01
4.6573e+01
4.6405e+01
4.6534e+01
4.6950e+01
4.7617e+01
4.8485e+01
4.9489e+01
5.0554e+01
5.1600e+01
5.2548e+01
5.3342e+01
5.3932e+01
5.4289e+01
5.4410e+01
5.4312e+01
5.4025e+01
5.3600e+01
5.3093e+01
5.2551e+01
5.2022e+01
5.1549e+01
5.1164e+01
5.0881e+01
5.0701e+01
5.0614e+01
5.0607e+01
5.0678e+01
5.0824e+01
5.1049e+01
5.1354e+01
5.1740e+01
5.2204e+01
5.2733e+01
5.3310e+01
5.3902e+01
5.4475e+01
5.4975e+01
5.5343e+01
5.5526e+01
5.5485e+01
5.5189e+01
5.4623e+01
5.3798e+01
5.2734e+01
5.1473e+01
5.0072e+01
4.8583e+01
4.7057e+01
4.5543e+01
4.4087e+01
4.2718e+01
4.1457e+01
4.0310e+01
3.9267e+01
3.8313e+01
3.7435e+01
3.6606e+01
3.5794e+01
3.4973e+01
3.4107e+01
3.3173e+01
3.2154e+01
3.1046e+01
2.9844e+01
2.8557e+01
2.7206e+01
2.5809e+01
2.4410e+01
2.3059e+01
2.1797e+01
2.0664e+01
1.9709e+01
1.8969e+01
1.8459e+01
1.8196e+01
1.8182e+01
1.8404e+01
1.8847e+01
1.9500e+01
2.0338e+01
2.1330e+01
2.2459e+01
2.3699e+01
2.5037e+01
2.6466e+01
2.7982e+01
2.9571e+01
3.1228e+01
3.2950e+01
3.4717e+01
3.6513e+01
3.8322e+01
4.0113e+01
4.1842e+01
4.3473e+01
4.4971e+01
4.6300e+01
4.7440e+01
4.8376e+01
4.9102e+01
4.9641e+01
5.0027e+01
5.0299e+01
5.0506e+01
5.0715e+01
5.0992e+01
5.1397e+01
5.1971e+01
5.2735e+01
5.3684e+01
5.4800e+01
5.6052e+01
5.7386e+01
5.8738e+01
6.0038e+01
6.1234e+01
6.2278e+01
6.3143e+01
6.3828e+01
6.4351e+01
6.4746e+01
6.5052e+01
6.5321e+01
6.5603e+01
6.5947e+01
6.6395e+01
6.6979e+01
6.7715e+01
6.8603e+01
6.9639e+01
7.0809e+01
7.2094e+01
7.3468e+01
7.4899e+01
7.6351e+01
7.7787e+01
7.9172e+01
8.0465e+01
8.1633e+01
8.2651e+01
8.3499e+01
8.4156e+01
8.4610e+01
8.4863e+01
8.4933e+01
8.4848e+01
8.4629e+01
8.4312e+01
8.3946e+01
8.3587e+01
8.3287e+01
8.3098e+01
8.3066e+01
8.3220e+01
8.3591e+01
8.4189e+01
8.4995e+01
8.5966e+01
8.7048e+01
8.8174e+01
8.9267e+01
9.0250e+01
9.1049e+01
9.1610e+01
9.1910e+01
9.1953e+01
9.1761e+01
9.1379e+01
9.0864e+01
9.0272e+01
8.9665e+01
8.9095e+01
8.8600e+01
8.8200e+01
8.7898e+01
8.7679e+01
8.7518e+01
8.7411e+01
8.7350e+01
8.7326e+01
8.7333e+01
8.7379e+01
8.7472e+01
8.7623e+01
8.7846e+01
8.8135e+01
8.8478e+01
8.8854e+01
8.9236e+01
8.9588e+01
8.9877e+01
9.0083e+01
9.0199e+01
9.0239e+01
9.0224e+01
9.0189e+01
9.0184e+01
9.0250e+01
9.0422e+01
9.0738e+01
9.1223e+01
9.1860e+01
9.2605e+01
9.3397e+01
9.4159e+01
9.4807e+01
9.5266e+01
9.5471e+01
9.5367e+01
9.4932e+01
9.4177e+01
9.3149e+01
9.1919e+01
9.0578e+01
8.9219e+01
8.7927e+01
8.6775e+01
8.5807e+01
8.5041e+01
8.4475e+01
8.4090e+01
8.3849e+01
8.3706e+01
8.3618e+01
8.3559e+01
8.3525e+01
8.3523e+01
8.3572e+01
8.3699e+01
8.3935e+01
8.4289e+01
8.4754e+01
8.5311e+01
8.5915e+01
8.6509e+01
8.7023e+01
8.7379e+01
8.7500e+01
8.7335e+01
8.6858e+01
8.6071e+01
8.5008e+01
8.3726e+01
8.2295e+01
8.0800e+01
7.9332e+01
7.7969e+01
7.6768e+01
7.5775e+01
7.5004e+01
7.4439e+01
7.4035e+01
7.3728e+01
7.3443e+01
7.3112e+01
7.2674e+01
7.2072e+01
7.1281e+01
7.0300e+01
6.9160e+01
6.7918e+01
6.6645e+01
6.5423e+01
6.4338e+01
6.3478e+01
6.2906e+01
6.2663e+01
6.2774e+01
6.3246e+01
6.4060e+01
6.5181e+01
6.6565e+01
6.8159e+01
6.9923e+01
7.1817e+01
7.3803e+01
7.5846e+01
7.7925e+01
8.0022e+01
8.2116e+01
8.4181e+01
8.6196e+01
8.8142e+01
9.0006e+01
9.1774e+01
9.3425e+01
9.4945e+01
9.6334e+01
9.7581e+01
9.8692e+01
9.9664e+01
1.0050e+02
1.0119e+02
1.0173e+02
1.0212e+02
1.0234e+02
1.0242e+02
1.0236e+02
1.0216e+02
1.0186e+02
1.0148e+02
1.0105e+02
1.0062e+02
1.0024e+02
9.9916e+01
9.9695e+01
9.9600e+01
9.9649e+01
9.9849e+01
1.0020e+02
1.0068e+02
1.0129e+02
1.0199e+02
1.0276e+02
1.0356e+02
1.0435e+02
1.0510e+02
1.0578e+02
1.0636e+02
1.0681e+02
1.0711e+02
1.0724e+02
1.0722e+02
1.0705e+02
1.0677e+02
1.0642e+02
1.0605e+02
1.0568e+02
1.0539e+02
1.0520e+02
1.0516e+02
1.0529e+02
1.0560e+02
1.0608e+02
1.0669e+02
1.0739e+02
1.0813e+02
1.0883e+02
1.0944e+02
1.0989e+02
1.1013e+02
1.1013e+02
1.0990e+02
1.0944e+02
1.0878e+02
1.0798e+02
1.0708e+02
1.0615e+02
1.0525e+02
1.0443e+02
1.0372e+02
1.0318e+02
1.0281e+02
1.0261e+02
1.0260e+02
1.0275e+02
1.0305e+02
1.0346e+02
1.0398e+02
1.0458e+02
1.0522e+02
1.0585e+02
1.0644e+02
1.0692e+02
1.0726e+02
1.0742e+02
1.0737e+02
1.0710e+02
1.0662e+02
1.0596e+02
1.0514e+02
1.0423e+02
1.0327e+02
1.0229e+02
1.0131e+02
1.0036e+02
9.9443e+01
9.8541e+01
9.7636e+01
9.6704e+01
9.5730e+01
9.4704e+01
9.3629e+01
9.2532e+01
9.1445e+01
9.0408e+01
8.9469e+01
8.8679e+01
8.8082e+01
8.7703e+01
8.7564e+01
8.7671e+01
8.8019e+01
8.8592e+01
8.9364e+01
9.0298e+01
9.1348e+01
9.2461e+01
9.3577e+01
9.4636e+01
9.5577e+01
9.6341e+01
9.6877e+01
9.7149e+01
9.7146e+01
9.6884e+01
9.6398e+01
9.5739e+01
9.4981e+01
9.4214e+01
9.3513e+01
9.2943e+01
9.2551e+01
9.2362e+01
9.2364e+01
9.2527e+01
9.2794e+01
9.3096e+01
9.3361e+01
9.3533e+01
9.3567e+01
9.3439e+01
9.3152e+01
9.2735e+01
9.2241e+01
9.1734e+01
9.1284e+01
9.0960e+01
9.0818e+01
9.0899e+01
9.1227e+01
9.1807e+01
9.2625e+01
9.3654e+01
9.4858e+01
9.6193e+01
9.7618e+01
9.9101e+01
1.0061e+02
1.0212e+02
1.0360e+02
1.0504e+02
1.0644e+02
1.0777e+02
1.0902e+02
1.1016e+02
1.1116e+02
1.1199e+02
1.1261e+02
1.1298e+02
1.1305e+02
1.1282e+02
1.1224e+02
1.1132e+02
1.1007e+02
1.0855e+02
1.0678e+02
1.0484e+02
1.0281e+02
1.0076e+02
9.8758e+01
9.6870e+01
9.5132e+01
9.3569e+01
9.2186e+01
9.0975e+01
8.9911e+01
8.8962e+01
8.8091e+01
8.7268e+01
8.6481e+01
8.5720e+01
8.4995e+01
8.4336e+01
8.3787e+01
8.3386e+01
8.3172e+01
8.3178e+01
8.3414e+01
8.3879e+01
8.4549e+01
8.5377e+01
8.6311e+01
8.7315e+01
8.8329e+01
8.9290e+01
9.0169e+01
9.0951e+01
9.1624e+01
9.2197e+01
9.2700e+01
9.3163e+01
9.3618e+01
9.4104e+01
9.4639e+01
9.5232e+01
9.5875e+01
9.6555e+01
9.7246e+01
9.7930e+01
9.8596e+01
9.9232e+01
9.9840e+01
1.0043e+02
1.0102e+02
1.0164e+02
1.0232e+02
1.0310e+02
1.0400e+02
1.0503e+02
1.0619e+02
1.0746e+02
1.0880e+02
1.1015e+02
1.1146e+02
1.1266e+02
1.1371e+02
1.1455e+02
1.1516e+02
1.1553e+02
1.1566e+02
1.1558e+02
1.1534e+02
1.1496e+02
1.1448e+02
1.1396e+02
1.1342e+02
1.1288e+02
1.1237e+02
1.1190e+02
1.1145e+02
1.1101e+02
1.1055e+02
1.1007e+02
1.0953e+02
1.0893e+02
1.0826e+02
1.0752e+02
1.0674e+02
1.0594e+02
1.0519e+02
1.0453e+02
1.0402e+02
1.0371e+02
1.0365e+02
1.0386e+02
1.0436e+02
1.0513e+02
1.0611e+02
1.0724e+02
1.0845e+02
1.0964e+02
1.1073e+02
1.1165e+02
1.1235e+02
1.1280e+02
1.1300e+02
1.1297e+02
1.1275e+02
1.1242e+02
1.1203e+02
1.1164e+02
1.1132e+02
1.1111e+02
1.1106e+02
1.1119e+02
1.1150e+02
1.1198e+02
1.1261e+02
1.1336e+02
1.1419e+02
1.1505e+02
1.1590e+02
1.1672e+02
1.1746e+02
1.1809e+02
1.1857e+02
1.1887e+02
1.1899e+02
1.1889e+02
1.1857e+02
1.1803e+02
1.1727e+02
1.1630e+02
1.1516e+02
1.1388e+02
1.1251e+02
1.1110e+02
1.0969e+02
1.0833e+02
1.0705e+02
1.0587e+02
1.0480e+02
1.0385e+02
1.0298e+02
1.0220e+02
1.0148e+02
1.0081e+02
1.0020e+02
9.9666e+01
9.9266e+01
9.9049e+01
9.9068e+01
9.9367e+01
9.9972e+01
1.0089e+02
1.0212e+02
1.0361e+02
1.0529e+02
1.0709e+02
1.0892e+02
1.1069e+02
1.1235e+02
1.1383e+02
1.1510e+02
1.1617e+02
1.1704e+02
1.1774e+02
1.1831e+02
1.1878e+02
1.1918e+02
1.1951e+02
1.1978e+02
1.1994e+02
1.1999e+02
1.1990e+02
1.1962e+02
1.1915e+02
1.1849e+02
1.1763e+02
1.1662e+02
1.1550e+02
1.1431e+02
1.1314e+02
1.1207e+02
1.1118e+02
1.1056e+02
1.1026e+02
1.1034e+02
1.1080e+02
1.1166e+02
1.1289e+02
1.1443e+02
1.1622e+02
1.1818e+02
1.2023e+02
1.2229e+02
1.2429e+02
1.2617e+02
1.2790e+02
1.2946e+02
1.3084e+02
1.3203e+02
1.3307e+02
1.3398e+02
1.3478e+02
1.3550e+02
1.3615e+02
1.3673e+02
1.3726e+02
1.3773e+02
1.3812e+02
1.3843e+02
1.3865e+02
1.3875e+02
1.3874e+02
1.3860e+02
1.3835e+02
1.3797e+02
1.3750e+02
1.3698e+02
1.3644e+02
1.3595e+02
1.3555e+02
1.3529e+02
1.3519e+02
1.3527e+02
1.3553e+02
1.3591e+02
1.3636e+02
1.3678e+02
1.3705e+02
1.3708e+02
1.3676e+02
1.3600e+02
1.3473e+02
1.3293e+02
1.3060e+02
1.2778e+02
1.2454e+02
1.2100e+02
1.1728e+02
1.1353e+02
1.0989e+02
1.0649e+02
1.0347e+02
1.0092e+02
9.8899e+01
9.7477e+01
9.6671e+01
9.6461e+01
9.6808e+01
9.7636e+01
9.8836e+01
1.0028e+02
1.0183e+02
1.0336e+02
1.0471e+02
1.0577e+02
1.0641e+02
1.0654e+02
1.0611e+02
1.0508e+02
1.0349e+02
1.0139e+02
9.8866e+01
9.6028e+01
9.3011e+01
8.9962e+01
8.7023e+01
8.4330e+01
8.1993e+01
8.0091e+01
7.8668e+01
7.7731e+01
7.7244e+01
7.7152e+01
7.7377e+01
7.7836e+01
7.8440e+01
7.9118e+01
7.9813e+01
8.0486e+01
8.1131e+01
8.1766e+01
8.2425e+01
8.3154e+01
8.4003e+01
8.5008e+01
8.6207e+01
8.7635e+01
8.9298e+01
9.1197e+01
9.3322e+01
9.5646e+01
9.8124e+01
1.0070e+02
1.0334e+02
1.0595e+02
1.0850e+02
1.1091e+02
1.1315e+02
1.1517e+02
1.1696e+02
1.1852e+02
1.1985e+02
1.2099e+02
1.2198e+02
1.2286e+02
1.2368e+02
1.2445e+02
1.2519e+02
1.2591e+02
1.2657e+02
1.2715e+02
1.2761e+02
1.2791e+02
1.2799e+02
1.2784e+02
1.2743e+02
1.2676e+02
1.2583e+02
1.2468e+02
1.2334e+02
1.2188e+02
1.2035e+02
1.1881e+02
1.1737e+02
1.1611e+02
1.1515e+02
1.1460e+02
1.1455e+02
1.1511e+02
1.1634e+02
1.1829e+02
1.2096e+02
1.2431e+02
1.2826e+02
1.3270e+02
1.3747e+02
1.4239e+02
1.4729e+02
