5.8724e+01
6.0101e+01
6.1821e+01
6.3919e+01
6.6408e+01
6.9278e+01
7.2493e+01
7.5993e+01
7.9700e+01
8.3516e+01
8.7329e+01
9.1028e+01
9.4504e+01
9.7672e+01
1.0047e+02
1.0285e+02
1.0482e+02
1.0637e+02
1.0752e+02
1.0832e+02
1.0882e+02
1.0909e+02
1.0917e+02
1.0913e+02
1.0901e+02
1.0885e+02
1.0867e+02
1.0853e+02
1.0844e+02
1.0843e+02
1.0851e+02
1.0870e+02
1.0900e+02
1.0940e+02
1.0988e+02
1.1041e+02
1.1096e+02
1.1147e+02
1.1188e+02
1.1216e+02
1.1222e+02
1.1203e+02
1.1154e+02
1.1072e+02
1.0954e+02
1.0799e+02
1.0607e+02
1.0379e+02
1.0119e+02
9.8322e+01
9.5259e+01
9.2072e+01
8.8833e+01
8.5612e+01
8.2491e+01
7.9539e+01
7.6812e+01
7.4363e+01
7.2216e+01
7.0394e+01
6.8916e+01
6.7787e+01
6.7007e+01
6.6573e+01
6.6487e+01
6.6740e+01
6.7328e+01
6.8256e+01
6.9519e+01
7.1094e+01
7.2952e+01
7.5057e+01
7.7361e+01
7.9807e+01
8.2328e+01
8.4860e+01
8.7345e+01
8.9726e+01
9.1948e+01
9.3968e+01
9.5758e+01
9.7272e+01
9.8477e+01
9.9346e+01
9.9851e+01
9.9958e+01
9.9646e+01
9.8896e+01
9.7693e+01
9.6048e+01
9.3982e+01
9.1534e+01
8.8774e+01
8.5800e+01
8.2725e+01
7.9665e+01
7.6736e+01
7.4038e+01
7.1653e+01
6.9625e+01
6.7967e+01
6.6656e+01
6.5638e+01
6.4841e+01
6.4177e+01
6.3564e+01
6.2928e+01
6.2213e+01
6.1391e+01
6.0466e+01
5.9456e+01
5.8403e+01
5.7373e+01
5.6431e+01
5.5641e+01
5.5061e+01
5.4732e+01
5.4672e+01
5.4883e+01
5.5352e+01
5.6051e+01
5.6959e+01
5.8048e+01
5.9286e+01
6.0643e+01
6.2089e+01
6.3601e+01
6.5165e+01
6.6774e+01
6.8424e+01
7.0114e+01
7.1843e+01
7.3611e+01
7.5419e+01
7.7258e+01
7.9111e+01
8.0949e+01
8.2741e+01
8.4443e+01
8.6006e+01
8.7376e+01
8.8505e+01
8.9344e+01
8.9856e+01
9.0035e+01
8.9888e+01
8.9443e+01
8.8741e+01
8.7836e+01
8.6800e+01
8.5716e+01
8.4663e+01
8.3705e+01
8.2904e+01
8.2307e+01
8.1944e+01
8.1834e+01
8.1983e+01
8.2378e+01
8.2983e+01
8.3755e+01
8.4637e+01
8.5570e+01
8.6481e+01
8.7286e+01
8.7900e+01
8.8255e+01
8.8301e+01
8.8002e+01
8.7353e+01
8.6371e+01
8.5107e+01
8.3638e+01
8.2056e+01
8.0463e+01
7.8954e+01
7.7611e+01
7.6490e+01
7.5641e+01
7.5092e+01
7.4836e+01
7.4854e+01
7.5119e+01
7.5601e+01
7.6262e+01
7.7078e+01
7.8032e+01
7.9114e+01
8.0315e+01
8.1624e+01
8.3014e+01
8.4446e+01
8.5875e+01
8.7239e+01
8.8479e+01
8.9550e+01
9.0431e+01
9.1122e+01
9.1649e+01
9.2075e+01
9.2485e+01
9.2989e+01
9.3697e+01
9.4713e+01
9.6118e+01
9.7958e+01
1.0023e+02
1.0288e+02
1.0584e+02
1.0899e+02
1.1218e+02
1.1528e+02
1.1815e+02
1.2068e+02
1.2279e+02
1.2443e+02
1.2561e+02
1.2635e+02
1.2669e+02
1.2670e+02
1.2646e+02
1.2605e+02
1.2556e+02
1.2506e+02
1.2463e+02
1.2432e+02
1.2419e+02
1.2426e+02
1.2455e+02
1.2507e+02
1.2580e+02
1.2674e+02
1.2786e+02
1.2912e+02
1.3050e+02
1.3196e+02
1.3347e+02
1.3502e+02
1.3661e+02
1.3823e+02
1.3990e+02
1.4162e+02
1.4343e+02
1.4530e+02
1.4723e+02
1.4920e+02
1.5117e+02
1.5308e+02
1.5486e+02
1.5640e+02
1.5762e+02
1.5843e+02
1.5875e+02
1.5851e+02
1.5766e+02
1.5615e+02
1.5400e+02
1.5122e+02
1.4787e+02
1.4401e+02
1.3977e+02
1.3527e+02
1.3065e+02
1.2609e+02
1.2178e+02
1.1791e+02
1.1465e+02
1.1217e+02
1.1060e+02
1.1001e+02
1.1044e+02
1.1184e+02
1.1413e+02
1.1713e+02
1.2068e+02
1.2453e+02
1.2847e+02
1.3225e+02
1.3567e+02
1.3858e+02
1.4089e+02
1.4256e+02
1.4359e+02
1.4402e+02
1.4392e+02
1.4340e+02
1.4255e+02
1.4146e+02
1.4019e+02
1.3878e+02
1.3729e+02
1.3571e+02
1.3406e+02
1.3235e+02
1.3058e+02
1.2877e+02
1.2695e+02
1.2517e+02
1.2347e+02
1.2189e+02
1.2050e+02
1.1933e+02
1.1843e+02
1.1779e+02
1.1741e+02
1.1725e+02
1.1728e+02
1.1744e+02
1.1766e+02
1.1787e+02
1.1801e+02
1.1801e+02
1.1783e+02
1.1744e+02
1.1683e+02
1.1601e+02
1.1499e+02
1.1382e+02
1.1253e+02
1.1117e+02
1.0979e+02
1.0844e+02
1.0716e+02
1.0598e+02
1.0493e+02
1.0402e+02
1.0325e+02
1.0261e+02
1.0209e+02
1.0168e+02
1.0137e+02
1.0112e+02
1.0092e+02
1.0074e+02
1.0058e+02
1.0045e+02
1.0034e+02
1.0026e+02
1.0022e+02
1.0024e+02
1.0035e+02
1.0055e+02
1.0090e+02
1.0140e+02
1.0209e+02
1.0299e+02
1.0412e+02
1.0549e+02
1.0712e+02
1.0901e+02
1.1114e+02
1.1349e+02
1.1603e+02
1.1870e+02
1.2142e+02
1.2414e+02
1.2679e+02
1.2929e+02
1.3158e+02
1.3361e+02
1.3532e+02
1.3669e+02
1.3769e+02
1.3833e+02
1.3865e+02
1.3867e+02
1.3844e+02
1.3802e+02
1.3751e+02
1.3701e+02
1.3662e+02
1.3647e+02
1.3661e+02
1.3709e+02
1.3795e+02
1.3918e+02
1.4074e+02
1.4255e+02
1.4452e+02
1.4652e+02
1.4845e+02
1.5020e+02
1.5167e+02
1.5284e+02
1.5368e+02
1.5423e+02
1.5455e+02
1.5469e+02
1.5475e+02
1.5479e+02
1.5490e+02
1.5513e+02
1.5551e+02
1.5607e+02
1.5678e+02
1.5760e+02
1.5850e+02
1.5941e+02
1.6029e+02
1.6107e+02
1.6167e+02
1.6205e+02
1.6215e+02
1.6195e+02
1.6146e+02
1.6068e+02
1.5965e+02
1.5839e+02
1.5697e+02
1.5544e+02
1.5387e+02
1.5231e+02
1.5083e+02
1.4946e+02
1.4823e+02
1.4716e+02
1.4625e+02
1.4551e+02
1.4495e+02
1.4456e+02
1.4435e+02
1.4433e+02
1.4448e+02
1.4479e+02
1.4524e+02
1.4579e+02
1.4639e+02
1.4697e+02
1.4742e+02
1.4763e+02
1.4748e+02
1.4688e+02
1.4574e+02
1.4399e+02
1.4160e+02
1.3857e+02
1.3497e+02
1.3088e+02
1.2643e+02
1.2178e+02
1.1709e+02
1.1252e+02
1.0823e+02
1.0434e+02
1.0096e+02
9.8141e+01
9.5909e+01
9.4235e+01
9.3067e+01
9.2337e+01
9.1969e+01
9.1895e+01
9.2058e+01
9.2417e+01
9.2957e+01
9.3680e+01
9.4597e+01
9.5719e+01
9.7071e+01
9.8682e+01
1.0055e+02
1.0265e+02
1.0493e+02
1.0732e+02
1.0973e+02
1.1205e+02
1.1418e+02
1.1601e+02
1.1747e+02
1.1849e+02
1.1904e+02
1.1912e+02
1.1875e+02
1.1798e+02
1.1689e+02
1.1554e+02
1.1404e+02
1.1249e+02
1.1101e+02
1.0973e+02
1.0876e+02
1.0823e+02
1.0822e+02
1.0884e+02
1.1015e+02
1.1222e+02
1.1506e+02
1.1864e+02
1.2289e+02
1.2769e+02
1.3287e+02
1.3824e+02
1.4357e+02
1.4862e+02
1.5319e+02
1.5709e+02
1.6016e+02
1.6231e+02
1.6353e+02
1.6383e+02
1.6333e+02
1.6216e+02
1.6049e+02
1.5852e+02
1.5645e+02
1.5446e+02
1.5270e+02
1.5129e+02
1.5029e+02
1.4973e+02
1.4960e+02
1.4985e+02
1.5043e+02
1.5126e+02
1.5227e+02
1.5339e+02
1.5457e+02
1.5574e+02
1.5688e+02
1.5796e+02
1.5895e+02
1.5983e+02
1.6059e+02
1.6121e+02
1.6169e+02
1.6200e+02
1.6215e+02
1.6214e+02
1.6194e+02
1.6155e+02
1.6096e+02
1.6015e+02
1.5911e+02
1.5783e+02
1.5627e+02
1.5442e+02
1.5228e+02
1.4985e+02
1.4716e+02
1.4425e+02
1.4117e+02
1.3800e+02
1.3481e+02
1.3169e+02
1.2872e+02
1.2597e+02
1.2349e+02
1.2130e+02
1.1943e+02
1.1787e+02
1.1661e+02
1.1564e+02
1.1494e+02
1.1450e+02
1.1431e+02
1.1435e+02
1.1459e+02
1.1498e+02
1.1549e+02
1.1607e+02
1.1667e+02
1.1721e+02
1.1765e+02
1.1792e+02
1.1797e+02
1.1779e+02
1.1737e+02
1.1674e+02
1.1594e+02
1.1502e+02
1.1407e+02
1.1313e+02
1.1228e+02
1.1153e+02
1.1094e+02
1.1048e+02
1.1016e+02
1.0995e+02
1.0981e+02
1.0972e+02
1.0966e+02
1.0962e+02
1.0959e+02
1.0957e+02
1.0958e+02
1.0964e+02
1.0977e+02
1.0997e+02
1.1025e+02
1.1060e+02
1.1099e+02
1.1139e+02
1.1174e+02
1.1199e+02
1.1213e+02
1.1213e+02
1.1203e+02
1.1184e+02
1.1163e+02
1.1146e+02
1.1143e+02
1.1163e+02
1.1215e+02
1.1308e+02
1.1446e+02
1.1631e+02
1.1862e+02
1.2133e+02
1.2436e+02
1.2759e+02
1.3090e+02
1.3415e+02
1.3720e+02
1.3993e+02
1.4225e+02
1.4407e+02
1.4535e+02
1.4606e+02
1.4621e+02
1.4583e+02
1.4500e+02
1.4377e+02
1.4225e+02
1.4055e+02
1.3877e+02
1.3702e+02
1.3537e+02
1.3390e+02
1.3268e+02
1.3176e+02
1.3115e+02
1.3087e+02
1.3091e+02
1.3123e+02
1.3180e+02
1.3255e+02
1.3346e+02
1.3445e+02
1.3551e+02
1.3660e+02
1.3767e+02
1.3870e+02
1.3968e+02
1.4061e+02
1.4148e+02
1.4230e+02
1.4308e+02
1.4382e+02
1.4454e+02
1.4525e+02
1.4593e+02
1.4659e+02
1.4721e+02
1.4775e+02
1.4819e+02
1.4849e+02
1.4861e+02
1.4852e+02
1.4820e+02
1.4761e+02
1.4677e+02
1.4569e+02
1.4439e+02
1.4291e+02
1.4132e+02
1.3967e+02
1.3802e+02
1.3643e+02
1.3496e+02
1.3363e+02
1.3247e+02
1.3148e+02
1.3065e+02
1.2998e+02
1.2942e+02
1.2892e+02
1.2841e+02
1.2785e+02
1.2717e+02
1.2629e+02
1.2516e+02
1.2374e+02
1.2200e+02
1.1994e+02
1.1759e+02
1.1499e+02
1.1220e+02
1.0932e+02
1.0644e+02
1.0366e+02
1.0106e+02
9.8698e+01
9.6619e+01
9.4831e+01
9.3300e+01
9.1976e+01
9.0791e+01
8.9671e+01
8.8538e+01
8.7323e+01
8.5977e+01
8.4475e+01
8.2820e+01
8.1036e+01
7.9162e+01
7.7248e+01
7.5360e+01
7.3566e+01
7.1930e+01
7.0510e+01
6.9352e+01
6.8495e+01
6.7967e+01
6.7785e+01
6.7943e+01
6.8428e+01
6.9208e+01
7.0230e+01
7.1435e+01
7.2757e+01
7.4124e+01
7.5463e+01
7.6705e+01
7.7794e+01
7.8694e+01
7.9398e+01
7.9905e+01
8.0230e+01
8.0403e+01
8.0462e+01
8.0444e+01
8.0384e+01
8.0311e+01
8.0246e+01
8.0202e+01
8.0178e+01
8.0166e+01
8.0149e+01
8.0103e+01
7.9994e+01
7.9791e+01
7.9464e+01
7.8972e+01
7.8276e+01
7.7354e+01
7.6190e+01
7.4778e+01
7.3129e+01
7.1270e+01
6.9246e+01
6.7123e+01
6.4975e+01
6.2882e+01
6.0921e+01
5.9162e+01
5.7654e+01
5.6433e+01
5.5514e+01
5.4876e+01
5.4484e+01
5.4282e+01
5.4206e+01
5.4177e+01
5.4123e+01
5.3976e+01
5.3677e+01
5.3194e+01
5.2510e+01
5.1627e+01
5.0574e+01
4.9391e+01
4.8121e+01
4.6817e+01
4.5541e+01
4.4342e+01
4.3252e+01
4.2295e+01
4.1483e+01
4.0810e+01
4.0264e+01
3.9824e+01
3.9464e+01
3.9167e+01
3.8918e+01
3.8706e+01
3.8527e+01
3.8388e+01
3.8297e+01
3.8266e+01
3.8315e+01
3.8449e+01
3.8664e+01
3.8956e+01
3.9319e+01
3.9736e+01
4.0187e+01
4.0652e+01
4.1103e+01
4.1529e+01
4.1919e+01
4.2256e+01
4.2531e+01
4.2751e+01
4.2922e+01
4.3044e+01
4.3124e+01
4.3170e+01
4.3184e+01
4.3167e+01
4.3123e+01
4.3056e+01
4.2971e+01
4.2872e+01
4.2769e+01
4.2680e+01
4.2628e+01
4.2640e+01
4.2741e+01
4.2957e+01
4.3304e+01
4.3792e+01
4.4430e+01
4.5212e+01
4.6114e+01
4.7102e+01
4.8139e+01
4.9182e+01
5.0189e+01
5.1123e+01
5.1948e+01
5.2638e+01
5.3174e+01
5.3544e+01
5.3741e+01
5.3758e+01
5.3593e+01
5.3258e+01
5.2772e+01
5.2151e+01
5.1425e+01
5.0634e+01
4.9823e+01
4.9044e+01
4.8356e+01
4.7822e+01
4.7484e+01
4.7378e+01
4.7532e+01
4.7950e+01
4.8619e+01
4.9514e+01
5.0590e+01
5.1784e+01
5.3036e+01
5.4284e+01
5.5471e+01
5.6551e+01
5.7495e+01
5.8284e+01
5.8910e+01
5.9385e+01
5.9725e+01
5.9966e+01
6.0151e+01
6.0323e+01
6.0532e+01
6.0829e+01
6.1246e+01
6.1807e+01
6.2528e+01
6.3403e+01
6.4414e+01
6.5527e+01
6.6706e+01
6.7892e+01
6.9023e+01
7.0047e+01
7.0922e+01
7.1624e+01
7.2137e+01
7.2460e+01
7.2605e+01
7.2602e+01
7.2490e+01
7.2304e+01
7.2082e+01
7.1851e+01
7.1621e+01
7.1385e+01
7.1137e+01
7.0851e+01
7.0495e+01
7.0038e+01
6.9458e+01
6.8736e+01
6.7873e+01
6.6881e+01
6.5786e+01
6.4629e+01
6.3459e+01
6.2336e+01
6.1324e+01
6.0473e+01
5.9819e+01
5.9379e+01
5.9161e+01
5.9151e+01
5.9322e+01
5.9638e+01
6.0046e+01
6.0503e+01
6.0976e+01
6.1436e+01
6.1862e+01
6.2253e+01
6.2613e+01
6.2944e+01
6.3265e+01
6.3589e+01
6.3916e+01
6.4235e+01
6.4532e+01
6.4790e+01
6.4984e+01
6.5090e+01
6.5087e+01
6.4968e+01
6.4739e+01
6.4422e+01
6.4031e+01
6.3591e+01
6.3123e+01
6.2637e+01
6.2142e+01
6.1633e+01
6.1086e+01
6.0466e+01
5.9745e+01
5.8896e+01
5.7888e+01
5.6710e+01
5.5364e+01
5.3865e+01
5.2238e+01
5.0519e+01
4.8740e+01
4.6935e+01
4.5131e+01
4.3352e+01
4.1616e+01
3.9936e+01
3.8327e+01
3.6805e+01
3.5387e+01
3.4096e+01
3.2965e+01
3.2038e+01
3.1341e+01
3.0892e+01
3.0696e+01
3.0752e+01
3.1031e+01
3.1484e+01
3.2046e+01
3.2638e+01
3.3185e+01
3.3621e+01
3.3893e+01
3.3968e+01
3.3839e+01
3.3522e+01
3.3058e+01
3.2504e+01
3.1924e+01
3.1387e+01
3.0949e+01
3.0648e+01
3.0503e+01
3.0520e+01
3.0682e+01
3.0952e+01
3.1294e+01
3.1665e+01
3.2036e+01
3.2401e+01
3.2781e+01
3.3200e+01
3.3697e+01
3.4325e+01
3.5137e+01
3.6186e+01
3.7511e+01
3.9134e+01
4.1053e+01
4.3251e+01
4.5694e+01
4.8326e+01
5.1089e+01
5.3914e+01
5.6729e+01
5.9470e+01
6.2081e+01
6.4511e+01
6.6719e+01
6.8673e+01
7.0344e+01
7.1721e+01
7.2807e+01
7.3620e+01
7.4184e+01
7.4525e+01
7.4676e+01
7.4674e+01
7.4561e+01
7.4366e+01
7.4105e+01
7.3785e+01
7.3417e+01
7.3006e+01
7.2553e+01
7.2063e+01
7.1536e+01
7.0993e+01
7.0461e+01
6.9969e+01
6.9543e+01
6.9207e+01
6.8970e+01
6.8829e+01
6.8771e+01
6.8763e+01
6.8763e+01
6.8713e+01
6.8557e+01
6.8240e+01
6.7733e+01
6.7022e+01
6.6085e+01
6.4909e+01
6.3488e+01
6.1827e+01
5.9940e+01
5.7844e+01
5.5552e+01
5.3069e+01
5.0415e+01
4.7619e+01
4.4716e+01
4.1748e+01
3.8774e+01
3.5851e+01
3.3035e+01
3.0381e+01
2.7923e+01
2.5687e+01
2.3689e+01
2.1924e+01
2.0371e+01
1.9007e+01
1.7808e+01
1.6746e+01
1.5804e+01
1.4966e+01
1.4221e+01
1.3559e+01
1.2977e+01
1.2451e+01
1.1950e+01
1.1456e+01
1.0950e+01
1.0414e+01
9.8278e+00
9.1671e+00
8.4156e+00
7.5774e+00
6.6684e+00
5.7049e+00
4.7164e+00
3.7357e+00
2.7920e+00
1.9187e+00
1.1606e+00
5.5983e-01
1.5844e-01
0000
1.1775e-01
5.3796e-01
1.2755e+00
2.3350e+00
3.6991e+00
5.3332e+00
7.1815e+00
9.1689e+00
1.1222e+01
1.3264e+01
1.5221e+01
1.7030e+01
1.8643e+01
2.0029e+01
2.1181e+01
2.2112e+01
2.2843e+01
2.3404e+01
2.3833e+01
2.4168e+01
2.4430e+01
2.4639e+01
2.4811e+01
2.4954e+01
2.5082e+01
2.5208e+01
2.5341e+01
2.5494e+01
2.5689e+01
2.5950e+01
2.6307e+01
2.6787e+01
2.7406e+01
2.8174e+01
2.9091e+01
3.0143e+01
3.1298e+01
3.2524e+01
3.3780e+01
3.5020e+01
3.6207e+01
3.7313e+01
3.8329e+01
3.9266e+01
4.0157e+01
4.1049e+01
4.1992e+01
4.3045e+01
4.4258e+01
4.5664e+01
4.7271e+01
4.9066e+01
5.1010e+01
5.3041e+01
5.5075e+01
5.7015e+01
5.8775e+01
6.0278e+01
6.1473e+01
6.2340e+01
6.2888e+01
6.3145e+01
6.3160e+01
6.3013e+01
6.2784e+01
6.2547e+01
6.2363e+01
6.2270e+01
6.2280e+01
6.2380e+01
6.2538e+01
6.2706e+01
6.2845e+01
6.2914e+01
6.2876e+01
6.2716e+01
6.2444e+01
6.2083e+01
6.1671e+01
6.1264e+01
6.0921e+01
6.0699e+01
6.0639e+01
6.0768e+01
6.1090e+01
6.1602e+01
6.2285e+01
6.3102e+01
6.4022e+01
6.5015e+01
6.6052e+01
6.7114e+01
6.8207e+01
6.9350e+01
7.0562e+01
7.1873e+01
7.3305e+01
7.4881e+01
7.6619e+01
7.8525e+01
8.0586e+01
8.2775e+01
8.5055e+01
8.7362e+01
8.9630e+01
9.1788e+01
9.3762e+01
9.5482e+01
9.6885e+01
9.7927e+01
9.8576e+01
9.8816e+01
9.8647e+01
9.8097e+01
9.7224e+01
9.6097e+01
9.4801e+01
9.3426e+01
9.2065e+01
9.0796e+01
8.9684e+01
8.8775e+01
8.8089e+01
8.7616e+01
8.7327e+01
8.7173e+01
8.7084e+01
8.6993e+01
8.6835e+01
8.6554e+01
8.6121e+01
8.5532e+01
8.4791e+01
8.3921e+01
8.2964e+01
8.1963e+01
8.0962e+01
8.0002e+01
7.9112e+01
7.8308e+01
7.7600e+01
7.6985e+01
7.6454e+01
7.6010e+01
7.5646e+01
7.5348e+01
7.5112e+01
7.4933e+01
7.4795e+01
7.4686e+01
7.4585e+01
7.4460e+01
7.4279e+01
7.4007e+01
7.3609e+01
7.3060e+01
7.2352e+01
7.1496e+01
7.0527e+01
6.9513e+01
6.8531e+01
6.7673e+01
6.7033e+01
6.6700e+01
6.6746e+01
6.7213e+01
6.8111e+01
6.9410e+01
7.1054e+01
7.2954e+01
7.5008e+01
7.7105e+01
7.9147e+01
8.1063e+01
8.2805e+01
8.4368e+01
8.5799e+01
8.7184e+01
8.8626e+01
9.0246e+01
9.2161e+01
9.4478e+01
9.7271e+01
1.0057e+02
1.0435e+02
1.0857e+02
1.1311e+02
1.1781e+02
1.2249e+02
1.2696e+02
1.3102e+02
1.3450e+02
1.3725e+02
1.3917e+02
1.4020e+02
1.4036e+02
1.3967e+02
1.3826e+02
1.3626e+02
1.3383e+02
1.3114e+02
1.2837e+02
1.2567e+02
1.2319e+02
1.2101e+02
1.1921e+02
1.1780e+02
1.1675e+02
1.1595e+02
1.1528e+02
1.1461e+02
1.1376e+02
1.1257e+02
1.1088e+02
1.0856e+02
1.0551e+02
1.0170e+02
9.7140e+01
9.1909e+01
8.6149e+01
8.0056e+01
7.3847e+01
6.7742e+01
6.1963e+01
5.6703e+01
5.2116e+01
4.8309e+01
4.5329e+01
4.3169e+01
4.1771e+01
4.1041e+01
4.0851e+01
4.1075e+01
4.1591e+01
4.2276e+01
4.3025e+01
4.3774e+01
4.4498e+01
4.5219e+01
4.5994e+01
4.6891e+01
4.8001e+01
4.9425e+01
5.1251e+01
5.3526e+01
5.6257e+01
5.9411e+01
6.2879e+01
6.6498e+01
7.0062e+01
7.3327e+01
7.6033e+01
7.7961e+01
7.8943e+01
7.8877e+01
7.7757e+01
7.5665e+01
7.2763e+01
6.9284e+01
6.5505e+01
6.1717e+01
5.8201e+01
5.5197e+01
5.2871e+01
5.1331e+01
5.0629e+01
5.0762e+01
5.1660e+01
5.3211e+01
5.5283e+01
5.7748e+01
6.0489e+01
6.3389e+01
6.6348e+01
6.9284e+01
7.2139e+01
7.4859e+01
7.7398e+01
7.9726e+01
8.1818e+01
8.3666e+01
8.5274e+01
8.6660e+01
8.7843e+01
8.8858e+01
8.9744e+01
9.0546e+01
9.1318e+01
9.2115e+01
9.2985e+01
9.3963e+01
9.5076e+01
9.6340e+01
9.7764e+01
9.9337e+01
1.0103e+02
1.0280e+02
1.0457e+02
1.0630e+02
1.0792e+02
1.0937e+02
1.1061e+02
1.1159e+02
1.1230e+02
1.1273e+02
1.1291e+02
1.1286e+02
1.1263e+02
1.1228e+02
1.1186e+02
1.1141e+02
1.1096e+02
1.1054e+02
1.1013e+02
1.0973e+02
1.0930e+02
1.0881e+02
1.0824e+02
1.0754e+02
1.0672e+02
1.0577e+02
1.0472e+02
1.0363e+02
1.0258e+02
1.0165e+02
1.0094e+02
1.0053e+02
1.0048e+02
1.0083e+02
1.0159e+02
1.0270e+02
1.0406e+02
1.0556e+02
1.0705e+02
1.0837e+02
1.0938e+02
1.0994e+02
1.0997e+02
1.0945e+02
1.0838e+02
1.0684e+02
1.0494e+02
1.0281e+02
1.0062e+02
9.8492e+01
9.6553e+01
9.4885e+01
9.3520e+01
9.2454e+01
9.1651e+01
9.1052e+01
9.0589e+01
9.0182e+01
8.9764e+01
8.9281e+01
8.8702e+01
8.8025e+01
8.7265e+01
8.6441e+01
8.5565e+01
8.4660e+01
8.3738e+01
8.2799e+01
8.1831e+01
8.0820e+01
7.9752e+01
7.8625e+01
7.7442e+01
7.6201e+01
7.4911e+01
7.3596e+01
7.2277e+01
7.0968e+01
6.9674e+01
6.8396e+01
6.7111e+01
6.5796e+01
6.4421e+01
6.2962e+01
6.1393e+01
5.9699e+01
5.7880e+01
5.5958e+01
5.3987e+01
5.2031e+01
5.0171e+01
4.8489e+01
4.7059e+01
4.5939e+01
4.5187e+01
4.4838e+01
4.4887e+01
4.5317e+01
4.6099e+01
4.7183e+01
4.8511e+01
5.0022e+01
5.1648e+01
5.3328e+01
5.5021e+01
5.6679e+01
5.8254e+01
5.9701e+01
6.0990e+01
6.2086e+01
6.2956e+01
6.3589e+01
6.3982e+01
6.4148e+01
6.4114e+01
6.3928e+01
6.3646e+01
6.3330e+01
6.3043e+01
6.2832e+01
6.2734e+01
6.2758e+01
6.2902e+01
6.3134e+01
6.3407e+01
6.3663e+01
6.3852e+01
6.3940e+01
6.3909e+01
6.3770e+01
6.3561e+01
6.3338e+01
6.3175e+01
6.3157e+01
6.3362e+01
6.3849e+01
6.4662e+01
6.5818e+01
6.7311e+01
6.9124e+01
7.1232e+01
7.3601e+01
7.6196e+01
7.8998e+01
8.2000e+01
8.5206e+01
8.8623e+01
9.2251e+01
9.6081e+01
1.0009e+02
1.0422e+02
1.0840e+02
1.1257e+02
1.1662e+02
1.2046e+02
1.2403e+02
1.2726e+02
1.3013e+02
1.3262e+02
1.3474e+02
1.3654e+02
1.3805e+02
1.3933e+02
1.4040e+02
1.4128e+02
1.4197e+02
1.4248e+02
1.4279e+02
1.4287e+02
1.4273e+02
1.4233e+02
1.4167e+02
1.4075e+02
1.3962e+02
1.3831e+02
1.3687e+02
1.3535e+02
1.3382e+02
1.3233e+02
1.3095e+02
1.2972e+02
1.2869e+02
1.2788e+02
1.2731e+02
1.2697e+02
1.2683e+02
1.2683e+02
1.2690e+02
1.2695e+02
1.2691e+02
1.2668e+02
1.2620e+02
1.2540e+02
1.2427e+02
1.2281e+02
1.2108e+02
1.1914e+02
1.1707e+02
1.1496e+02
1.1289e+02
1.1093e+02
1.0911e+02
1.0747e+02
1.0601e+02
1.0470e+02
1.0351e+02
1.0239e+02
1.0132e+02
1.0027e+02
9.9249e+01
9.8269e+01
9.7383e+01
9.6645e+01
9.6104e+01
9.5796e+01
9.5749e+01
9.5971e+01
9.6438e+01
9.7091e+01
9.7846e+01
9.8622e+01
9.9334e+01
9.9912e+01
1.0030e+02
1.0048e+02
1.0047e+02
1.0033e+02
1.0014e+02
1.0001e+02
1.0005e+02
1.0037e+02
1.0105e+02
1.0214e+02
1.0362e+02
1.0544e+02
1.0746e+02
1.0954e+02
1.1151e+02
1.1315e+02
1.1430e+02
1.1479e+02
1.1451e+02
1.1337e+02
1.1137e+02
1.0856e+02
1.0505e+02
1.0098e+02
9.6481e+01
9.1694e+01
8.6791e+01
8.1937e+01
7.7219e+01
7.2663e+01
6.8279e+01
6.4056e+01
5.9956e+01
5.5925e+01
5.1917e+01
4.7884e+01
4.3802e+01
3.9692e+01
3.5601e+01
3.1570e+01
2.7666e+01
2.3978e+01
2.0583e+01
1.7553e+01
1.4935e+01
1.2741e+01
1.0958e+01
9.5488e+00
8.4628e+00
7.6383e+00
7.0063e+00
6.5106e+00
6.1137e+00
5.7851e+00
5.5244e+00
5.3839e+00
5.4349e+00
5.7210e+00
6.2633e+00
7.1110e+00
8.3199e+00
9.9029e+00
1.1840e+01
1.4094e+01
1.6599e+01
1.9264e+01
2.2009e+01
2.4750e+01
2.7404e+01
2.9904e+01
3.2221e+01
3.4344e+01
3.6277e+01
3.8058e+01
3.9743e+01
4.1400e+01
4.3107e+01
4.4939e+01
4.6955e+01
4.9195e+01
5.1690e+01
5.4437e+01
5.7410e+01
6.0547e+01
6.3770e+01
6.6997e+01
7.0130e+01
7.3068e+01
7.5732e+01
7.8073e+01
8.0052e+01
8.1655e+01
8.2893e+01
8.3808e+01
8.4452e+01
8.4895e+01
8.5209e+01
8.5445e+01
8.5629e+01
8.5750e+01
8.5778e+01
8.5666e+01
8.5346e+01
8.4727e+01
8.3717e+01
8.2237e+01
8.0235e+01
7.7696e+01
7.4651e+01
7.1183e+01
6.7414e+01
6.3497e+01
5.9615e+01
5.5953e+01
5.2690e+01
4.9969e+01
4.7895e+01
4.6525e+01
4.5866e+01
4.5874e+01
4.6461e+01
4.7514e+01
4.8898e+01
5.0478e+01
5.2126e+01
5.3738e+01
5.5238e+01
5.6578e+01
5.7745e+01
5.8751e+01
5.9635e+01
6.0449e+01
6.1241e+01
6.2062e+01
6.2964e+01
6.3987e+01
6.5153e+01
6.6482e+01
6.7977e+01
6.9626e+01
7.1413e+01
7.3306e+01
7.5270e+01
7.7270e+01
7.9263e+01
8.1207e+01
8.3068e+01
8.4814e+01
8.6422e+01
8.7880e+01
8.9187e+01
9.0350e+01
9.1387e+01
9.2330e+01
9.3215e+01
9.4080e+01
9.4955e+01
9.5858e+01
9.6793e+01
9.7755e+01
9.8736e+01
9.9702e+01
1.0061e+02
1.0142e+02
1.0208e+02
1.0255e+02
1.0282e+02
1.0286e+02
1.0269e+02
1.0232e+02
1.0179e+02
1.0113e+02
1.0040e+02
9.9646e+01
9.8867e+01
9.8080e+01
9.7291e+01
9.6491e+01
9.5657e+01
9.4754e+01
9.3758e+01
9.2647e+01
9.1409e+01
9.0044e+01
8.8571e+01
8.7027e+01
8.5451e+01
8.3889e+01
8.2384e+01
8.0975e+01
7.9681e+01
7.8481e+01
7.7335e+01
7.6180e+01
7.4946e+01
7.3549e+01
7.1902e+01
6.9924e+01
6.7553e+01
6.4752e+01
6.1515e+01
5.7884e+01
5.3915e+01
4.9692e+01
4.5333e+01
4.0973e+01
3.6746e+01
3.2796e+01
2.9261e+01
2.6276e+01
2.3971e+01
2.2453e+01
2.1815e+01
2.2131e+01
2.3452e+01
2.5796e+01
2.9149e+01
3.3460e+01
3.8622e+01
4.4495e+01
5.0901e+01
5.7639e+01
6.4506e+01
7.1306e+01
7.7851e+01
8.3975e+01
8.9554e+01
9.4507e+01
9.8800e+01
1.0243e+02
1.0543e+02
1.0783e+02
1.0969e+02
1.1105e+02
1.1193e+02
1.1239e+02
1.1244e+02
1.1213e+02
1.1149e+02
1.1055e+02
1.0938e+02
1.0805e+02
1.0664e+02
1.0526e+02
1.0400e+02
1.0296e+02
1.0220e+02
1.0177e+02
1.0167e+02
1.0190e+02
1.0241e+02
1.0313e+02
1.0396e+02
1.0480e+02
1.0555e+02
1.0610e+02
1.0637e+02
1.0631e+02
1.0587e+02
1.0503e+02
1.0381e+02
1.0225e+02
1.0041e+02
9.8353e+01
9.6161e+01
9.3925e+01
9.1727e+01
8.9640e+01
8.7728e+01
8.6034e+01
8.4583e+01
8.3387e+01
8.2444e+01
8.1725e+01
8.1194e+01
8.0804e+01
8.0501e+01
8.0228e+01
7.9936e+01
7.9582e+01
7.9126e+01
7.8543e+01
7.7817e+01
7.6940e+01
7.5924e+01
7.4803e+01
7.3612e+01
7.2399e+01
7.1221e+01
7.0128e+01
6.9169e+01
6.8388e+01
6.7820e+01
6.7476e+01
6.7351e+01
6.7422e+01
6.7647e+01
6.7971e+01
6.8330e+01
6.8675e+01
6.8965e+01
6.9176e+01
6.9293e+01
6.9312e+01
6.9247e+01
6.9120e+01
6.8957e+01
6.8777e+01
6.8587e+01
6.8377e+01
6.8127e+01
6.7810e+01
6.7393e+01
6.6846e+01
6.6148e+01
6.5296e+01
6.4298e+01
