4.0195e+02
4.0286e+02
4.0362e+02
4.0420e+02
4.0455e+02
4.0462e+02
4.0440e+02
4.0387e+02
4.0305e+02
4.0195e+02
4.0062e+02
3.9912e+02
3.9751e+02
3.9586e+02
3.9427e+02
3.9281e+02
3.9155e+02
3.9056e+02
3.8989e+02
3.8955e+02
3.8959e+02
3.9000e+02
3.9078e+02
3.9193e+02
3.9343e+02
3.9530e+02
3.9750e+02
4.0005e+02
4.0292e+02
4.0609e+02
4.0952e+02
4.1317e+02
4.1699e+02
4.2092e+02
4.2488e+02
4.2881e+02
4.3265e+02
4.3633e+02
4.3983e+02
4.4310e+02
4.4613e+02
4.4893e+02
4.5150e+02
4.5386e+02
4.5602e+02
4.5799e+02
4.5977e+02
4.6138e+02
4.6282e+02
4.6410e+02
4.6521e+02
4.6619e+02
4.6705e+02
4.6780e+02
4.6847e+02
4.6911e+02
4.6972e+02
4.7033e+02
4.7092e+02
4.7149e+02
4.7203e+02
4.7249e+02
4.7282e+02
4.7298e+02
4.7291e+02
4.7257e+02
4.7193e+02
4.7099e+02
4.6975e+02
4.6823e+02
4.6649e+02
4.6459e+02
4.6258e+02
4.6054e+02
4.5852e+02
4.5658e+02
4.5478e+02
4.5318e+02
4.5182e+02
4.5077e+02
4.5007e+02
4.4978e+02
4.4995e+02
4.5060e+02
4.5178e+02
4.5344e+02
4.5552e+02
4.5792e+02
4.6048e+02
4.6304e+02
4.6538e+02
4.6728e+02
4.6849e+02
4.6885e+02
4.6822e+02
4.6650e+02
4.6367e+02
4.5979e+02
4.5497e+02
4.4937e+02
4.4318e+02
4.3663e+02
4.2992e+02
4.2326e+02
4.1682e+02
4.1072e+02
4.0508e+02
3.9995e+02
3.9535e+02
3.9126e+02
3.8766e+02
3.8448e+02
3.8166e+02
3.7913e+02
3.7680e+02
3.7461e+02
3.7249e+02
3.7039e+02
3.6826e+02
3.6606e+02
3.6378e+02
3.6141e+02
3.5899e+02
3.5655e+02
3.5414e+02
3.5181e+02
3.4964e+02
3.4768e+02
3.4597e+02
3.4453e+02
3.4337e+02
3.4247e+02
3.4179e+02
3.4127e+02
3.4084e+02
3.4045e+02
3.4003e+02
3.3952e+02
3.3890e+02
3.3814e+02
3.3725e+02
3.3627e+02
3.3524e+02
3.3423e+02
3.3330e+02
3.3256e+02
3.3211e+02
3.3203e+02
3.3242e+02
3.3336e+02
3.3491e+02
3.3707e+02
3.3981e+02
3.4305e+02
3.4667e+02
3.5050e+02
3.5434e+02
3.5794e+02
3.6110e+02
3.6363e+02
3.6537e+02
3.6625e+02
3.6626e+02
3.6546e+02
3.6399e+02
3.6202e+02
3.5979e+02
3.5750e+02
3.5537e+02
3.5355e+02
3.5216e+02
3.5125e+02
3.5084e+02
3.5090e+02
3.5138e+02
3.5218e+02
3.5324e+02
3.5447e+02
3.5582e+02
3.5729e+02
3.5884e+02
3.6048e+02
3.6222e+02
3.6407e+02
3.6601e+02
3.6802e+02
3.7003e+02
3.7197e+02
3.7379e+02
3.7539e+02
3.7669e+02
3.7762e+02
3.7813e+02
3.7821e+02
3.7786e+02
3.7711e+02
3.7601e+02
3.7461e+02
3.7297e+02
3.7118e+02
3.6930e+02
3.6740e+02
3.6551e+02
3.6366e+02
3.6184e+02
3.6006e+02
3.5831e+02
3.5659e+02
3.5490e+02
3.5324e+02
3.5160e+02
3.5001e+02
3.4847e+02
3.4701e+02
3.4562e+02
3.4431e+02
3.4306e+02
3.4187e+02
3.4071e+02
3.3952e+02
3.3828e+02
3.3693e+02
3.3541e+02
3.3368e+02
3.3169e+02
3.2940e+02
3.2682e+02
3.2395e+02
3.2082e+02
3.1750e+02
3.1405e+02
3.1059e+02
3.0721e+02
3.0406e+02
3.0124e+02
2.9886e+02
2.9700e+02
2.9571e+02
2.9500e+02
2.9486e+02
2.9522e+02
2.9599e+02
2.9706e+02
2.9830e+02
2.9958e+02
3.0076e+02
3.0174e+02
3.0244e+02
3.0278e+02
3.0273e+02
3.0228e+02
3.0146e+02
3.0032e+02
2.9895e+02
2.9745e+02
2.9594e+02
2.9451e+02
2.9325e+02
2.9224e+02
2.9151e+02
2.9110e+02
2.9100e+02
2.9116e+02
2.9153e+02
2.9202e+02
2.9257e+02
2.9310e+02
2.9356e+02
2.9388e+02
2.9404e+02
2.9402e+02
2.9384e+02
2.9350e+02
2.9300e+02
2.9238e+02
2.9165e+02
2.9083e+02
2.8992e+02
2.8893e+02
2.8788e+02
2.8677e+02
2.8561e+02
2.8442e+02
2.8321e+02
2.8202e+02
2.8087e+02
2.7980e+02
2.7885e+02
2.7808e+02
2.7753e+02
2.7727e+02
2.7736e+02
2.7784e+02
2.7874e+02
2.8009e+02
2.8187e+02
2.8408e+02
2.8666e+02
2.8955e+02
2.9266e+02
2.9588e+02
2.9913e+02
3.0232e+02
3.0537e+02
3.0825e+02
3.1092e+02
3.1341e+02
3.1574e+02
3.1797e+02
3.2019e+02
3.2246e+02
3.2486e+02
3.2743e+02
3.3021e+02
3.3319e+02
3.3636e+02
3.3965e+02
3.4301e+02
3.4637e+02
3.4964e+02
3.5275e+02
3.5565e+02
3.5832e+02
3.6075e+02
3.6295e+02
3.6497e+02
3.6686e+02
3.6867e+02
3.7045e+02
3.7226e+02
3.7412e+02
3.7606e+02
3.7809e+02
3.8019e+02
3.8235e+02
3.8453e+02
3.8671e+02
3.8885e+02
3.9091e+02
3.9289e+02
3.9476e+02
3.9651e+02
3.9815e+02
3.9968e+02
4.0110e+02
4.0243e+02
4.0369e+02
4.0487e+02
4.0598e+02
4.0701e+02
4.0794e+02
4.0877e+02
4.0945e+02
4.0999e+02
4.1034e+02
4.1048e+02
4.1040e+02
4.1010e+02
4.0958e+02
4.0885e+02
4.0794e+02
4.0689e+02
4.0574e+02
4.0454e+02
4.0334e+02
4.0218e+02
4.0113e+02
4.0021e+02
3.9946e+02
3.9889e+02
3.9851e+02
3.9832e+02
3.9830e+02
3.9843e+02
3.9867e+02
3.9898e+02
3.9931e+02
3.9962e+02
3.9985e+02
3.9996e+02
3.9992e+02
3.9972e+02
3.9934e+02
3.9877e+02
3.9803e+02
3.9711e+02
3.9604e+02
3.9484e+02
3.9352e+02
3.9210e+02
3.9060e+02
3.8901e+02
3.8736e+02
3.8565e+02
3.8391e+02
3.8215e+02
3.8041e+02
3.7870e+02
3.7707e+02
3.7554e+02
3.7416e+02
3.7294e+02
3.7188e+02
3.7099e+02
3.7026e+02
3.6967e+02
3.6920e+02
3.6880e+02
3.6843e+02
3.6806e+02
3.6765e+02
3.6717e+02
3.6660e+02
3.6591e+02
3.6512e+02
3.6422e+02
3.6324e+02
3.6219e+02
3.6109e+02
3.5999e+02
3.5890e+02
3.5786e+02
3.5690e+02
3.5605e+02
3.5532e+02
3.5473e+02
3.5428e+02
3.5396e+02
3.5376e+02
3.5367e+02
3.5364e+02
3.5364e+02
3.5363e+02
3.5357e+02
3.5342e+02
3.5314e+02
3.5267e+02
3.5201e+02
3.5114e+02
3.5003e+02
3.4869e+02
3.4711e+02
3.4532e+02
3.4331e+02
3.4113e+02
3.3877e+02
3.3626e+02
3.3363e+02
3.3089e+02
3.2808e+02
3.2522e+02
3.2234e+02
3.1946e+02
3.1659e+02
3.1378e+02
3.1102e+02
3.0835e+02
3.0579e+02
3.0334e+02
3.0104e+02
2.9887e+02
2.9686e+02
2.9499e+02
2.9329e+02
2.9174e+02
2.9035e+02
2.8909e+02
2.8795e+02
2.8692e+02
2.8596e+02
2.8506e+02
2.8420e+02
2.8336e+02
2.8252e+02
2.8166e+02
2.8078e+02
2.7987e+02
2.7892e+02
2.7793e+02
2.7691e+02
2.7585e+02
2.7477e+02
2.7367e+02
2.7258e+02
2.7153e+02
2.7054e+02
2.6965e+02
2.6889e+02
2.6828e+02
2.6783e+02
2.6753e+02
2.6738e+02
2.6736e+02
2.6741e+02
2.6749e+02
2.6753e+02
2.6749e+02
2.6731e+02
2.6697e+02
2.6647e+02
2.6581e+02
2.6506e+02
2.6427e+02
2.6356e+02
2.6301e+02
2.6274e+02
2.6284e+02
2.6339e+02
2.6445e+02
2.6604e+02
2.6817e+02
2.7080e+02
2.7386e+02
2.7729e+02
2.8098e+02
2.8485e+02
2.8883e+02
2.9284e+02
2.9681e+02
3.0072e+02
3.0456e+02
3.0831e+02
3.1196e+02
3.1550e+02
3.1891e+02
3.2219e+02
3.2529e+02
3.2817e+02
3.3082e+02
3.3318e+02
3.3525e+02
3.3703e+02
3.3852e+02
3.3973e+02
3.4071e+02
3.4152e+02
3.4222e+02
3.4289e+02
3.4359e+02
3.4437e+02
3.4527e+02
3.4632e+02
3.4749e+02
3.4879e+02
3.5017e+02
3.5157e+02
3.5293e+02
3.5417e+02
3.5519e+02
3.5589e+02
3.5614e+02
3.5586e+02
3.5497e+02
3.5343e+02
3.5123e+02
3.4838e+02
3.4497e+02
3.4111e+02
3.3695e+02
3.3267e+02
3.2849e+02
3.2457e+02
3.2110e+02
3.1821e+02
3.1597e+02
3.1442e+02
3.1351e+02
3.1315e+02
3.1321e+02
3.1354e+02
3.1399e+02
3.1442e+02
3.1473e+02
3.1483e+02
3.1468e+02
3.1429e+02
3.1368e+02
3.1290e+02
3.1197e+02
3.1096e+02
3.0991e+02
3.0885e+02
3.0778e+02
3.0668e+02
3.0553e+02
3.0429e+02
3.0294e+02
3.0146e+02
2.9983e+02
2.9804e+02
2.9611e+02
2.9406e+02
2.9192e+02
2.8972e+02
2.8750e+02
2.8531e+02
2.8320e+02
2.8119e+02
2.7934e+02
2.7767e+02
2.7619e+02
2.7491e+02
2.7383e+02
2.7293e+02
2.7220e+02
2.7160e+02
2.7110e+02
2.7065e+02
2.7021e+02
2.6975e+02
2.6923e+02
2.6863e+02
2.6791e+02
2.6708e+02
2.6612e+02
2.6505e+02
2.6387e+02
2.6262e+02
2.6133e+02
2.6003e+02
2.5876e+02
2.5755e+02
2.5645e+02
2.5547e+02
2.5463e+02
2.5396e+02
2.5343e+02
2.5305e+02
2.5279e+02
2.5263e+02
2.5252e+02
2.5244e+02
2.5235e+02
2.5223e+02
2.5209e+02
2.5190e+02
2.5167e+02
2.5142e+02
2.5115e+02
2.5090e+02
2.5067e+02
2.5048e+02
2.5033e+02
2.5024e+02
2.5022e+02
2.5027e+02
2.5042e+02
2.5069e+02
2.5111e+02
2.5168e+02
2.5246e+02
2.5347e+02
2.5473e+02
2.5625e+02
2.5802e+02
2.5998e+02
2.6209e+02
2.6427e+02
2.6641e+02
2.6843e+02
2.7021e+02
2.7168e+02
2.7275e+02
2.7340e+02
2.7357e+02
2.7329e+02
2.7258e+02
2.7151e+02
2.7017e+02
2.6864e+02
2.6705e+02
2.6549e+02
2.6407e+02
2.6291e+02
2.6208e+02
2.6165e+02
2.6167e+02
2.6214e+02
2.6304e+02
2.6433e+02
2.6592e+02
2.6770e+02
2.6954e+02
2.7130e+02
2.7286e+02
2.7409e+02
2.7489e+02
2.7521e+02
2.7499e+02
2.7422e+02
2.7292e+02
2.7115e+02
2.6898e+02
2.6647e+02
2.6372e+02
2.6079e+02
2.5776e+02
2.5467e+02
2.5157e+02
2.4847e+02
2.4540e+02
2.4235e+02
2.3932e+02
2.3630e+02
2.3328e+02
2.3027e+02
2.2727e+02
2.2429e+02
2.2136e+02
2.1851e+02
2.1582e+02
2.1334e+02
2.1115e+02
2.0932e+02
2.0791e+02
2.0695e+02
2.0647e+02
2.0648e+02
2.0693e+02
2.0780e+02
2.0900e+02
2.1048e+02
2.1214e+02
2.1390e+02
2.1570e+02
2.1750e+02
2.1929e+02
2.2105e+02
2.2282e+02
2.2462e+02
2.2649e+02
2.2846e+02
2.3054e+02
2.3273e+02
2.3501e+02
2.3732e+02
2.3961e+02
2.4178e+02
2.4377e+02
2.4549e+02
2.4687e+02
2.4784e+02
2.4836e+02
2.4842e+02
2.4801e+02
2.4715e+02
2.4589e+02
2.4427e+02
2.4235e+02
2.4020e+02
2.3790e+02
2.3553e+02
2.3315e+02
2.3086e+02
2.2871e+02
2.2678e+02
2.2509e+02
2.2366e+02
2.2248e+02
2.2152e+02
2.2070e+02
2.1994e+02
2.1915e+02
2.1824e+02
2.1712e+02
2.1576e+02
2.1411e+02
2.1219e+02
2.1004e+02
2.0774e+02
2.0537e+02
2.0306e+02
2.0093e+02
1.9908e+02
1.9761e+02
1.9659e+02
1.9604e+02
1.9599e+02
1.9641e+02
1.9726e+02
1.9849e+02
2.0001e+02
2.0176e+02
2.0365e+02
2.0563e+02
2.0762e+02
2.0959e+02
2.1148e+02
2.1326e+02
2.1486e+02
2.1624e+02
2.1735e+02
2.1813e+02
2.1851e+02
2.1842e+02
2.1776e+02
2.1648e+02
2.1451e+02
2.1184e+02
2.0847e+02
2.0443e+02
1.9981e+02
1.9472e+02
1.8931e+02
1.8372e+02
1.7813e+02
1.7272e+02
1.6766e+02
1.6308e+02
1.5911e+02
1.5584e+02
1.5332e+02
1.5158e+02
1.5064e+02
1.5046e+02
1.5100e+02
1.5218e+02
1.5393e+02
1.5615e+02
1.5877e+02
1.6171e+02
1.6488e+02
1.6823e+02
1.7170e+02
1.7526e+02
1.7887e+02
1.8255e+02
1.8630e+02
1.9015e+02
1.9415e+02
1.9833e+02
2.0276e+02
2.0747e+02
2.1250e+02
2.1788e+02
2.2362e+02
2.2969e+02
2.3605e+02
2.4264e+02
2.4935e+02
2.5607e+02
2.6267e+02
2.6902e+02
2.7499e+02
2.8046e+02
2.8534e+02
2.8957e+02
2.9312e+02
2.9598e+02
2.9818e+02
2.9976e+02
3.0081e+02
3.0141e+02
3.0164e+02
3.0160e+02
3.0138e+02
3.0108e+02
3.0076e+02
3.0051e+02
3.0038e+02
3.0041e+02
3.0064e+02
3.0109e+02
3.0177e+02
3.0268e+02
3.0382e+02
3.0515e+02
3.0665e+02
3.0828e+02
3.1000e+02
3.1178e+02
3.1357e+02
3.1532e+02
3.1701e+02
3.1860e+02
3.2004e+02
3.2133e+02
3.2242e+02
3.2330e+02
3.2395e+02
3.2434e+02
3.2444e+02
3.2427e+02
3.2381e+02
3.2307e+02
3.2206e+02
3.2081e+02
3.1936e+02
3.1776e+02
3.1608e+02
3.1437e+02
3.1271e+02
3.1116e+02
3.0976e+02
3.0858e+02
3.0764e+02
3.0699e+02
3.0663e+02
3.0655e+02
3.0676e+02
3.0722e+02
3.0791e+02
3.0876e+02
3.0970e+02
3.1065e+02
3.1152e+02
3.1219e+02
3.1258e+02
3.1258e+02
3.1211e+02
3.1113e+02
3.0962e+02
3.0759e+02
3.0507e+02
3.0213e+02
2.9886e+02
2.9536e+02
2.9174e+02
2.8808e+02
2.8447e+02
2.8095e+02
2.7755e+02
2.7427e+02
2.7109e+02
2.6801e+02
2.6498e+02
2.6196e+02
2.5893e+02
2.5589e+02
2.5283e+02
2.4977e+02
2.4673e+02
2.4375e+02
2.4088e+02
2.3818e+02
2.3570e+02
2.3351e+02
2.3165e+02
2.3016e+02
2.2907e+02
2.2838e+02
2.2803e+02
2.2795e+02
2.2806e+02
2.2825e+02
2.2840e+02
2.2841e+02
2.2815e+02
2.2756e+02
2.2660e+02
2.2529e+02
2.2370e+02
2.2194e+02
2.2015e+02
2.1849e+02
2.1708e+02
2.1604e+02
2.1545e+02
2.1532e+02
2.1562e+02
2.1626e+02
2.1712e+02
2.1805e+02
2.1891e+02
2.1955e+02
2.1987e+02
2.1980e+02
2.1931e+02
2.1841e+02
2.1713e+02
2.1554e+02
2.1373e+02
2.1178e+02
2.0979e+02
2.0782e+02
2.0593e+02
2.0413e+02
2.0243e+02
2.0084e+02
1.9935e+02
1.9793e+02
1.9655e+02
1.9519e+02
1.9380e+02
1.9236e+02
1.9083e+02
1.8921e+02
1.8750e+02
1.8571e+02
1.8385e+02
1.8196e+02
1.8006e+02
1.7819e+02
1.7640e+02
1.7472e+02
1.7317e+02
1.7179e+02
1.7058e+02
1.6955e+02
1.6867e+02
1.6794e+02
1.6732e+02
1.6676e+02
1.6624e+02
1.6572e+02
1.6517e+02
1.6457e+02
1.6391e+02
1.6320e+02
1.6245e+02
1.6168e+02
1.6091e+02
1.6019e+02
1.5955e+02
1.5903e+02
1.5863e+02
1.5839e+02
1.5830e+02
1.5835e+02
1.5851e+02
1.5876e+02
1.5907e+02
1.5940e+02
1.5973e+02
1.6002e+02
1.6025e+02
1.6043e+02
1.6054e+02
1.6059e+02
1.6060e+02
1.6060e+02
1.6062e+02
1.6067e+02
1.6078e+02
1.6096e+02
1.6123e+02
1.6158e+02
1.6203e+02
1.6255e+02
1.6315e+02
1.6383e+02
1.6459e+02
1.6542e+02
1.6633e+02
1.6733e+02
1.6842e+02
1.6961e+02
1.7086e+02
1.7214e+02
1.7341e+02
1.7460e+02
1.7562e+02
1.7639e+02
1.7682e+02
1.7685e+02
1.7642e+02
1.7551e+02
1.7415e+02
1.7238e+02
1.7029e+02
1.6798e+02
1.6556e+02
1.6315e+02
1.6085e+02
1.5875e+02
1.5692e+02
1.5539e+02
1.5416e+02
1.5321e+02
1.5252e+02
1.5202e+02
1.5167e+02
1.5142e+02
1.5122e+02
1.5105e+02
1.5086e+02
1.5062e+02
1.5032e+02
1.4996e+02
1.4954e+02
1.4904e+02
1.4848e+02
1.4785e+02
1.4717e+02
1.4645e+02
1.4569e+02
1.4491e+02
1.4411e+02
1.4331e+02
1.4250e+02
1.4170e+02
1.4092e+02
1.4016e+02
1.3943e+02
1.3874e+02
1.3809e+02
1.3750e+02
1.3697e+02
1.3652e+02
1.3613e+02
1.3580e+02
1.3551e+02
1.3524e+02
1.3496e+02
1.3465e+02
1.3428e+02
1.3381e+02
1.3323e+02
1.3253e+02
1.3171e+02
1.3077e+02
1.2970e+02
1.2854e+02
1.2729e+02
1.2597e+02
1.2459e+02
1.2316e+02
1.2169e+02
1.2019e+02
1.1865e+02
1.1707e+02
1.1545e+02
1.1380e+02
1.1213e+02
1.1048e+02
1.0886e+02
1.0732e+02
1.0590e+02
1.0466e+02
1.0364e+02
1.0287e+02
1.0240e+02
1.0223e+02
1.0237e+02
1.0279e+02
1.0346e+02
1.0433e+02
1.0536e+02
1.0645e+02
1.0756e+02
1.0860e+02
1.0954e+02
1.1032e+02
1.1091e+02
1.1130e+02
1.1149e+02
1.1150e+02
1.1135e+02
1.1108e+02
1.1073e+02
1.1033e+02
1.0993e+02
1.0955e+02
1.0922e+02
1.0895e+02
1.0877e+02
1.0866e+02
1.0861e+02
1.0862e+02
1.0866e+02
1.0870e+02
1.0872e+02
1.0868e+02
1.0858e+02
1.0838e+02
1.0808e+02
1.0766e+02
1.0713e+02
1.0647e+02
1.0572e+02
1.0488e+02
1.0396e+02
1.0300e+02
1.0201e+02
1.0103e+02
1.0008e+02
9.9186e+01
9.8380e+01
9.7689e+01
9.7135e+01
9.6729e+01
9.6479e+01
9.6384e+01
9.6430e+01
9.6581e+01
9.6796e+01
9.7028e+01
9.7229e+01
9.7343e+01
9.7319e+01
9.7118e+01
9.6711e+01
9.6085e+01
9.5241e+01
9.4194e+01
9.2974e+01
9.1611e+01
9.0143e+01
8.8613e+01
8.7064e+01
8.5531e+01
8.4050e+01
8.2646e+01
8.1337e+01
8.0138e+01
7.9058e+01
7.8102e+01
7.7270e+01
7.6558e+01
7.5952e+01
7.5435e+01
7.4995e+01
7.4614e+01
7.4272e+01
7.3948e+01
7.3627e+01
7.3292e+01
7.2930e+01
7.2531e+01
7.2089e+01
7.1600e+01
7.1053e+01
7.0441e+01
6.9751e+01
6.8974e+01
6.8096e+01
6.7108e+01
6.6009e+01
6.4800e+01
6.3488e+01
6.2082e+01
6.0608e+01
5.9091e+01
5.7567e+01
5.6064e+01
5.4601e+01
5.3200e+01
5.1873e+01
5.0634e+01
4.9496e+01
4.8470e+01
4.7568e+01
4.6806e+01
4.6209e+01
4.5803e+01
4.5620e+01
4.5688e+01
4.6024e+01
4.6623e+01
4.7448e+01
4.8419e+01
4.9419e+01
5.0314e+01
5.0959e+01
5.1218e+01
5.0966e+01
5.0120e+01
4.8641e+01
4.6550e+01
4.3931e+01
4.0930e+01
3.7732e+01
3.4546e+01
3.1582e+01
2.9018e+01
2.6997e+01
2.5608e+01
2.4871e+01
2.4746e+01
2.5132e+01
2.5892e+01
2.6868e+01
2.7903e+01
2.8855e+01
2.9607e+01
3.0080e+01
3.0230e+01
3.0048e+01
2.9548e+01
2.8764e+01
2.7743e+01
2.6552e+01
2.5251e+01
2.3888e+01
2.2486e+01
2.1059e+01
1.9614e+01
1.8150e+01
1.6668e+01
1.5166e+01
1.3644e+01
1.2108e+01
1.0568e+01
9.0389e+00
7.5380e+00
6.0958e+00
4.7394e+00
3.4934e+00
2.3847e+00
1.4457e+00
7.1116e-01
2.1539e-01
0000
1.0112e-01
5.5674e-01
1.3976e+00
2.6461e+00
4.3132e+00
6.3838e+00
8.8173e+00
1.1542e+01
1.4456e+01
1.7424e+01
2.0305e+01
2.2955e+01
2.5240e+01
2.7055e+01
2.8334e+01
2.9056e+01
2.9246e+01
2.8976e+01
2.8351e+01
2.7501e+01
2.6562e+01
2.5670e+01
2.4941e+01
2.4456e+01
2.4255e+01
2.4336e+01
2.4661e+01
2.5156e+01
2.5727e+01
2.6269e+01
2.6674e+01
2.6852e+01
2.6728e+01
2.6251e+01
2.5395e+01
2.4167e+01
2.2605e+01
2.0766e+01
1.8725e+01
1.6568e+01
1.4388e+01
1.2274e+01
1.0303e+01
8.5461e+00
7.0539e+00
5.8622e+00
4.9862e+00
4.4260e+00
4.1735e+00
4.2228e+00
4.5560e+00
5.1487e+00
5.9776e+00
7.0251e+00
8.2780e+00
9.7238e+00
1.1365e+01
1.3205e+01
1.5242e+01
1.7471e+01
1.9880e+01
2.2454e+01
2.5169e+01
2.7995e+01
3.0895e+01
3.3833e+01
3.6761e+01
3.9634e+01
4.2412e+01
4.5061e+01
4.7561e+01
4.9907e+01
5.2105e+01
5.4169e+01
5.6122e+01
5.7986e+01
5.9783e+01
6.1540e+01
6.3277e+01
6.5000e+01
6.6701e+01
6.8369e+01
6.9986e+01
7.1514e+01
7.2904e+01
7.4103e+01
7.5068e+01
7.5758e+01
7.6140e+01
7.6184e+01
7.5881e+01
7.5246e+01
7.4311e+01
7.3133e+01
7.1791e+01
7.0380e+01
6.8992e+01
6.7725e+01
6.6661e+01
6.5868e+01
6.5396e+01
6.5273e+01
6.5503e+01
6.6056e+01
6.6898e+01
6.7986e+01
6.9274e+01
7.0715e+01
7.2259e+01
7.3875e+01
7.5540e+01
7.7235e+01
7.8927e+01
8.0582e+01
8.2164e+01
8.3637e+01
8.4960e+01
8.6085e+01
8.6967e+01
8.7569e+01
8.7876e+01
8.7888e+01
8.7622e+01
8.7117e+01
8.6422e+01
8.5590e+01
8.4677e+01
8.3742e+01
8.2823e+01
8.1945e+01
8.1120e+01
8.0345e+01
7.9603e+01
7.8866e+01
7.8119e+01
7.7342e+01
7.6522e+01
7.5654e+01
7.4750e+01
7.3829e+01
7.2906e+01
7.1987e+01
7.1075e+01
7.0172e+01
6.9266e+01
6.8341e+01
6.7372e+01
6.6333e+01
6.5205e+01
6.3969e+01
6.2629e+01
6.1203e+01
5.9728e+01
5.8249e+01
5.6821e+01
5.5499e+01
5.4339e+01
5.3378e+01
5.2621e+01
5.2060e+01
5.1663e+01
5.1389e+01
5.1182e+01
5.0982e+01
5.0740e+01
5.0408e+01
4.9949e+01
4.9340e+01
4.8579e+01
4.7670e+01
4.6628e+01
4.5482e+01
4.4265e+01
4.3013e+01
4.1765e+01
4.0571e+01
3.9488e+01
3.8584e+01
3.7928e+01
3.7591e+01
3.7644e+01
3.8141e+01
3.9118e+01
4.0585e+01
4.2524e+01
4.4888e+01
4.7609e+01
5.0599e+01
5.3766e+01
5.7027e+01
6.0316e+01
6.3580e+01
6.6778e+01
6.9883e+01
7.2883e+01
7.5768e+01
7.8527e+01
8.1144e+01
8.3598e+01
8.5855e+01
8.7883e+01
8.9647e+01
9.1119e+01
9.2282e+01
9.3140e+01
9.3721e+01
9.4070e+01
9.4244e+01
9.4309e+01
9.4346e+01
9.4428e+01
9.4617e+01
9.4967e+01
9.5521e+01
9.6310e+01
9.7340e+01
9.8609e+01
1.0009e+02
1.0175e+02
1.0355e+02
1.0544e+02
1.0737e+02
1.0926e+02
1.1109e+02
1.1279e+02
1.1431e+02
1.1562e+02
1.1668e+02
1.1750e+02
1.1807e+02
1.1841e+02
1.1852e+02
1.1845e+02
1.1820e+02
1.1782e+02
1.1733e+02
1.1676e+02
1.1614e+02
1.1548e+02
1.1480e+02
1.1408e+02
1.1331e+02
1.1248e+02
1.1158e+02
1.1057e+02
1.0945e+02
1.0818e+02
1.0678e+02
1.0525e+02
1.0359e+02
1.0182e+02
9.9972e+01
9.8079e+01
9.6171e+01
9.4280e+01
9.2440e+01
9.0675e+01
8.9011e+01
8.7477e+01
8.6100e+01
8.4912e+01
8.3948e+01
8.3246e+01
8.2841e+01
8.2762e+01
8.3024e+01
8.3631e+01
8.4565e+01
8.5781e+01
8.7210e+01
8.8761e+01
9.0336e+01
9.1831e+01
9.3146e+01
9.4196e+01
9.4916e+01
9.5270e+01
9.5252e+01
9.4892e+01
9.4249e+01
9.3402e+01
9.2443e+01
9.1464e+01
9.0557e+01
8.9789e+01
8.9207e+01
8.8838e+01
8.8685e+01
8.8714e+01
8.8860e+01
8.9048e+01
8.9193e+01
8.9220e+01
8.9065e+01
8.8682e+01
8.8056e+01
8.7211e+01
8.6200e+01
8.5101e+01
8.4015e+01
8.3051e+01
8.2318e+01
8.1904e+01
8.1870e+01
8.2244e+01
8.3021e+01
8.4168e+01
8.5633e+01
8.7345e+01
8.9220e+01
9.1181e+01
9.3160e+01
9.5108e+01
9.6988e+01
9.8775e+01
1.0045e+02
1.0202e+02
1.0345e+02
1.0474e+02
1.0586e+02
1.0680e+02
1.0755e+02
1.0809e+02
1.0841e+02
1.0849e+02
1.0837e+02
1.0806e+02
1.0759e+02
1.0702e+02
1.0639e+02
1.0575e+02
1.0515e+02
1.0463e+02
1.0421e+02
1.0393e+02
1.0378e+02
1.0377e+02
1.0388e+02
1.0408e+02
1.0435e+02
1.0465e+02
1.0496e+02
1.0527e+02
1.0555e+02
1.0580e+02
1.0603e+02
1.0628e+02
1.0657e+02
1.0694e+02
1.0741e+02
1.0802e+02
1.0880e+02
1.0974e+02
1.1085e+02
1.1209e+02
1.1345e+02
1.1490e+02
1.1640e+02
1.1792e+02
1.1942e+02
1.2091e+02
1.2237e+02
1.2381e+02
1.2525e+02
1.2670e+02
1.2820e+02
1.2976e+02
1.3140e+02
1.3312e+02
1.3491e+02
1.3676e+02
1.3866e+02
1.4058e+02
1.4250e+02
1.4438e+02
1.4621e+02
1.4796e+02
1.4962e+02
1.5117e+02
1.5263e+02
1.5399e+02
1.5526e+02
1.5645e+02
1.5759e+02
1.5867e+02
1.5970e+02
1.6070e+02
1.6166e+02
1.6258e+02
1.6345e+02
1.6425e+02
1.6498e+02
1.6561e+02
1.6613e+02
1.6651e+02
1.6676e+02
1.6688e+02
1.6686e+02
1.6672e+02
1.6649e+02
1.6619e+02
1.6588e+02
1.6558e+02
1.6534e+02
1.6517e+02
1.6511e+02
1.6518e+02
1.6536e+02
1.6565e+02
1.6601e+02
1.6640e+02
1.6679e+02
1.6712e+02
1.6736e+02
1.6747e+02
1.6742e+02
1.6721e+02
1.6683e+02
1.6627e+02
1.6553e+02
1.6457e+02
1.6333e+02
1.6175e+02
1.5976e+02
1.5730e+02
1.5431e+02
1.5073e+02
1.4658e+02
1.4190e+02
1.3679e+02
1.3141e+02
1.2595e+02
1.2063e+02
1.1568e+02
1.1130e+02
1.0767e+02
1.0488e+02
1.0298e+02
1.0192e+02
1.0159e+02
1.0186e+02
1.0252e+02
1.0338e+02
1.0424e+02
1.0495e+02
1.0538e+02
1.0545e+02
1.0515e+02
1.0449e+02
1.0350e+02
1.0225e+02
1.0083e+02
9.9343e+01
9.7858e+01
9.6424e+01
9.5062e+01
9.3779e+01
9.2573e+01
9.1422e+01
9.0296e+01
8.9161e+01
8.7987e+01
8.6746e+01
8.5428e+01
8.4035e+01
8.2584e+01
8.1103e+01
7.9621e+01
7.8172e+01
7.6778e+01
7.5460e+01
7.4217e+01
7.3038e+01
7.1891e+01
7.0744e+01
6.9570e+01
6.8344e+01
6.7048e+01
6.5675e+01
6.4240e+01
6.2769e+01
6.1308e+01
5.9901e+01
5.8591e+01
5.7417e+01
5.6406e+01
5.5576e+01
5.4924e+01
5.4435e+01
5.4085e+01
5.3841e+01
5.3672e+01
5.3562e+01
5.3511e+01
5.3535e+01
5.3669e+01
5.3953e+01
5.4430e+01
5.5150e+01
5.6164e+01
5.7513e+01
5.9211e+01
6.1250e+01
6.3592e+01
6.6180e+01
6.8935e+01
7.1755e+01
7.4534e+01
7.7170e+01
7.9575e+01
8.1679e+01
8.3445e+01
8.4859e+01
8.5927e+01
8.6679e+01
8.7161e+01
8.7427e+01
8.7530e+01
8.7517e+01
8.7413e+01
8.7235e+01
8.6986e+01
8.6658e+01
8.6235e+01
8.5696e+01
8.5024e+01
8.4203e+01
8.3233e+01
8.2125e+01
8.0896e+01
7.9555e+01
7.8113e+01
7.6586e+01
7.4980e+01
7.3307e+01
7.1579e+01
6.9807e+01
6.8007e+01
6.6202e+01
6.4420e+01
6.2700e+01
6.1087e+01
5.9623e+01
5.8348e+01
5.7303e+01
5.6515e+01
5.6005e+01
5.5780e+01
5.5835e+01
5.6162e+01
5.6753e+01
5.7591e+01
5.8660e+01
5.9939e+01
6.1410e+01
6.3055e+01
6.4858e+01
6.6814e+01
6.8904e+01
7.1113e+01
7.3421e+01
7.5811e+01
7.8270e+01
8.0787e+01
8.3356e+01
8.5967e+01
8.8614e+01
9.1291e+01
9.3996e+01
9.6729e+01
9.9494e+01
1.0229e+02
1.0514e+02
1.0804e+02
1.1099e+02
1.1401e+02
1.1710e+02
1.2025e+02
1.2345e+02
1.2670e+02
1.2994e+02
1.3314e+02
1.3625e+02
1.3920e+02
1.4192e+02
1.4437e+02
1.4648e+02
1.4816e+02
1.4936e+02
1.5005e+02
1.5019e+02
1.4979e+02
1.4887e+02
1.4749e+02
1.4572e+02
1.4365e+02
1.4136e+02
1.3896e+02
1.3653e+02
1.3417e+02
1.3193e+02
1.2986e+02
1.2806e+02
1.2670e+02
1.2594e+02
1.2605e+02
1.2731e+02
1.3005e+02
1.3464e+02
1.4143e+02
1.5067e+02
1.6254e+02
1.7702e+02
1.9393e+02
2.1290e+02
2.3339e+02
2.5471e+02
