5.5679e+02
5.5616e+02
5.5562e+02
5.5519e+02
5.5487e+02
5.5467e+02
5.5457e+02
5.5454e+02
5.5456e+02
5.5459e+02
5.5460e+02
5.5454e+02
5.5436e+02
5.5402e+02
5.5348e+02
5.5269e+02
5.5162e+02
5.5024e+02
5.4853e+02
5.4651e+02
5.4417e+02
5.4155e+02
5.3867e+02
5.3560e+02
5.3240e+02
5.2912e+02
5.2583e+02
5.2260e+02
5.1951e+02
5.1664e+02
5.1408e+02
5.1190e+02
5.1018e+02
5.0898e+02
5.0836e+02
5.0834e+02
5.0893e+02
5.1010e+02
5.1182e+02
5.1401e+02
5.1661e+02
5.1950e+02
5.2261e+02
5.2586e+02
5.2920e+02
5.3260e+02
5.3605e+02
5.3960e+02
5.4328e+02
5.4717e+02
5.5131e+02
5.5577e+02
5.6056e+02
5.6569e+02
5.7113e+02
5.7680e+02
5.8263e+02
5.8852e+02
5.9433e+02
5.9996e+02
6.0527e+02
6.1017e+02
6.1457e+02
6.1842e+02
6.2169e+02
6.2436e+02
6.2646e+02
6.2801e+02
6.2907e+02
6.2969e+02
6.2995e+02
6.2990e+02
6.2964e+02
6.2921e+02
6.2870e+02
6.2814e+02
6.2758e+02
6.2703e+02
6.2653e+02
6.2608e+02
6.2570e+02
6.2537e+02
6.2510e+02
6.2488e+02
6.2471e+02
6.2460e+02
6.2457e+02
6.2462e+02
6.2478e+02
6.2507e+02
6.2555e+02
6.2626e+02
6.2723e+02
6.2848e+02
6.3000e+02
6.3178e+02
6.3374e+02
6.3582e+02
6.3790e+02
6.3984e+02
6.4150e+02
6.4276e+02
6.4350e+02
6.4366e+02
6.4320e+02
6.4215e+02
6.4060e+02
6.3864e+02
6.3643e+02
6.3412e+02
6.3183e+02
6.2969e+02
6.2778e+02
6.2613e+02
6.2477e+02
6.2365e+02
6.2274e+02
6.2200e+02
6.2138e+02
6.2087e+02
6.2044e+02
6.2010e+02
6.1986e+02
6.1973e+02
6.1974e+02
6.1990e+02
6.2021e+02
6.2065e+02
6.2117e+02
6.2173e+02
6.2225e+02
6.2267e+02
6.2293e+02
6.2299e+02
6.2279e+02
6.2229e+02
6.2148e+02
6.2035e+02
6.1889e+02
6.1713e+02
6.1508e+02
6.1278e+02
6.1026e+02
6.0756e+02
6.0474e+02
6.0185e+02
5.9894e+02
5.9604e+02
5.9319e+02
5.9041e+02
5.8770e+02
5.8509e+02
5.8255e+02
5.8010e+02
5.7772e+02
5.7539e+02
5.7312e+02
5.7089e+02
5.6872e+02
5.6662e+02
5.6464e+02
5.6278e+02
5.6111e+02
5.5964e+02
5.5841e+02
5.5745e+02
5.5678e+02
5.5640e+02
5.5633e+02
5.5651e+02
5.5693e+02
5.5754e+02
5.5827e+02
5.5908e+02
5.5990e+02
5.6069e+02
5.6139e+02
5.6197e+02
5.6239e+02
5.6262e+02
5.6266e+02
5.6249e+02
5.6209e+02
5.6147e+02
5.6060e+02
5.5950e+02
5.5816e+02
5.5658e+02
5.5477e+02
5.5275e+02
5.5057e+02
5.4828e+02
5.4593e+02
5.4359e+02
5.4132e+02
5.3920e+02
5.3728e+02
5.3562e+02
5.3426e+02
5.3320e+02
5.3245e+02
5.3201e+02
5.3184e+02
5.3193e+02
5.3220e+02
5.3262e+02
5.3315e+02
5.3373e+02
5.3433e+02
5.3492e+02
5.3549e+02
5.3603e+02
5.3654e+02
5.3701e+02
5.3745e+02
5.3785e+02
5.3823e+02
5.3856e+02
5.3884e+02
5.3906e+02
5.3919e+02
5.3920e+02
5.3904e+02
5.3868e+02
5.3810e+02
5.3729e+02
5.3622e+02
5.3490e+02
5.3334e+02
5.3157e+02
5.2962e+02
5.2753e+02
5.2536e+02
5.2316e+02
5.2099e+02
5.1889e+02
5.1690e+02
5.1508e+02
5.1345e+02
5.1203e+02
5.1086e+02
5.0993e+02
5.0927e+02
5.0888e+02
5.0876e+02
5.0892e+02
5.0935e+02
5.1005e+02
5.1099e+02
5.1217e+02
5.1357e+02
5.1517e+02
5.1691e+02
5.1878e+02
5.2072e+02
5.2269e+02
5.2464e+02
5.2650e+02
5.2823e+02
5.2978e+02
5.3113e+02
5.3223e+02
5.3310e+02
5.3373e+02
5.3414e+02
5.3439e+02
5.3451e+02
5.3457e+02
5.3463e+02
5.3473e+02
5.3490e+02
5.3518e+02
5.3559e+02
5.3614e+02
5.3680e+02
5.3757e+02
5.3844e+02
5.3939e+02
5.4041e+02
5.4149e+02
5.4262e+02
5.4376e+02
5.4491e+02
5.4604e+02
5.4711e+02
5.4809e+02
5.4893e+02
5.4960e+02
5.5008e+02
5.5033e+02
5.5035e+02
5.5014e+02
5.4974e+02
5.4920e+02
5.4856e+02
5.4788e+02
5.4723e+02
5.4665e+02
5.4617e+02
5.4583e+02
5.4563e+02
5.4558e+02
5.4564e+02
5.4580e+02
5.4603e+02
5.4629e+02
5.4656e+02
5.4681e+02
5.4704e+02
5.4723e+02
5.4740e+02
5.4752e+02
5.4762e+02
5.4766e+02
5.4765e+02
5.4756e+02
5.4734e+02
5.4697e+02
5.4639e+02
5.4558e+02
5.4450e+02
5.4315e+02
5.4153e+02
5.3967e+02
5.3760e+02
5.3537e+02
5.3304e+02
5.3068e+02
5.2833e+02
5.2604e+02
5.2385e+02
5.2175e+02
5.1975e+02
5.1784e+02
5.1599e+02
5.1420e+02
5.1244e+02
5.1071e+02
5.0901e+02
5.0735e+02
5.0574e+02
5.0421e+02
5.0278e+02
5.0145e+02
5.0024e+02
4.9915e+02
4.9816e+02
4.9725e+02
4.9641e+02
4.9562e+02
4.9484e+02
4.9407e+02
4.9329e+02
4.9247e+02
4.9160e+02
4.9067e+02
4.8968e+02
4.8861e+02
4.8744e+02
4.8616e+02
4.8475e+02
4.8322e+02
4.8156e+02
4.7977e+02
4.7788e+02
4.7593e+02
4.7393e+02
4.7195e+02
4.7002e+02
4.6817e+02
4.6645e+02
4.6487e+02
4.6346e+02
4.6219e+02
4.6105e+02
4.6002e+02
4.5909e+02
4.5821e+02
4.5735e+02
4.5647e+02
4.5553e+02
4.5450e+02
4.5334e+02
4.5205e+02
4.5061e+02
4.4905e+02
4.4738e+02
4.4564e+02
4.4390e+02
4.4222e+02
4.4069e+02
4.3937e+02
4.3835e+02
4.3766e+02
4.3731e+02
4.3732e+02
4.3763e+02
4.3817e+02
4.3888e+02
4.3965e+02
4.4041e+02
4.4108e+02
4.4159e+02
4.4194e+02
4.4211e+02
4.4214e+02
4.4204e+02
4.4185e+02
4.4159e+02
4.4127e+02
4.4093e+02
4.4056e+02
4.4017e+02
4.3978e+02
4.3940e+02
4.3908e+02
4.3888e+02
4.3888e+02
4.3916e+02
4.3980e+02
4.4088e+02
4.4244e+02
4.4450e+02
4.4701e+02
4.4987e+02
4.5294e+02
4.5602e+02
4.5892e+02
4.6143e+02
4.6335e+02
4.6452e+02
4.6482e+02
4.6419e+02
4.6265e+02
4.6024e+02
4.5709e+02
4.5337e+02
4.4925e+02
4.4496e+02
4.4069e+02
4.3664e+02
4.3295e+02
4.2975e+02
4.2713e+02
4.2512e+02
4.2374e+02
4.2295e+02
4.2270e+02
4.2291e+02
4.2347e+02
4.2430e+02
4.2530e+02
4.2636e+02
4.2739e+02
4.2834e+02
4.2916e+02
4.2986e+02
4.3045e+02
4.3094e+02
4.3139e+02
4.3186e+02
4.3239e+02
4.3303e+02
4.3381e+02
4.3474e+02
4.3581e+02
4.3702e+02
4.3833e+02
4.3970e+02
4.4112e+02
4.4260e+02
4.4416e+02
4.4587e+02
4.4781e+02
4.5007e+02
4.5274e+02
4.5590e+02
4.5959e+02
4.6383e+02
4.6859e+02
4.7379e+02
4.7929e+02
4.8493e+02
4.9051e+02
4.9584e+02
5.0073e+02
5.0502e+02
5.0858e+02
5.1135e+02
5.1332e+02
5.1452e+02
5.1504e+02
5.1497e+02
5.1445e+02
5.1360e+02
5.1252e+02
5.1133e+02
5.1010e+02
5.0886e+02
5.0767e+02
5.0653e+02
5.0543e+02
5.0438e+02
5.0336e+02
5.0239e+02
5.0148e+02
5.0068e+02
5.0002e+02
4.9954e+02
4.9930e+02
4.9932e+02
4.9966e+02
5.0033e+02
5.0133e+02
5.0264e+02
5.0425e+02
5.0612e+02
5.0820e+02
5.1046e+02
5.1284e+02
5.1529e+02
5.1777e+02
5.2025e+02
5.2270e+02
5.2512e+02
5.2750e+02
5.2983e+02
5.3213e+02
5.3439e+02
5.3663e+02
5.3884e+02
5.4102e+02
5.4317e+02
5.4529e+02
5.4738e+02
5.4946e+02
5.5156e+02
5.5371e+02
5.5594e+02
5.5830e+02
5.6086e+02
5.6366e+02
5.6675e+02
5.7016e+02
5.7388e+02
5.7793e+02
5.8224e+02
5.8676e+02
5.9141e+02
5.9607e+02
6.0066e+02
6.0508e+02
6.0922e+02
6.1303e+02
6.1644e+02
6.1943e+02
6.2198e+02
6.2412e+02
6.2589e+02
6.2732e+02
6.2846e+02
6.2938e+02
6.3012e+02
6.3073e+02
6.3127e+02
6.3174e+02
6.3218e+02
6.3258e+02
6.3293e+02
6.3323e+02
6.3346e+02
6.3361e+02
6.3365e+02
6.3357e+02
6.3336e+02
6.3302e+02
6.3256e+02
6.3199e+02
6.3134e+02
6.3060e+02
6.2974e+02
6.2874e+02
6.2753e+02
6.2607e+02
6.2423e+02
6.2194e+02
6.1909e+02
6.1560e+02
6.1142e+02
6.0654e+02
6.0102e+02
5.9494e+02
5.8845e+02
5.8173e+02
5.7497e+02
5.6838e+02
5.6213e+02
5.5637e+02
5.5120e+02
5.4668e+02
5.4284e+02
5.3966e+02
5.3711e+02
5.3513e+02
5.3368e+02
5.3272e+02
5.3220e+02
5.3211e+02
5.3241e+02
5.3306e+02
5.3405e+02
5.3532e+02
5.3679e+02
5.3838e+02
5.3997e+02
5.4146e+02
5.4275e+02
5.4375e+02
5.4441e+02
5.4469e+02
5.4460e+02
5.4417e+02
5.4345e+02
5.4254e+02
5.4151e+02
5.4044e+02
5.3939e+02
5.3842e+02
5.3753e+02
5.3672e+02
5.3597e+02
5.3522e+02
5.3438e+02
5.3339e+02
5.3218e+02
5.3070e+02
5.2892e+02
5.2684e+02
5.2448e+02
5.2189e+02
5.1915e+02
5.1633e+02
5.1351e+02
5.1078e+02
5.0820e+02
5.0580e+02
5.0360e+02
5.0161e+02
4.9981e+02
4.9818e+02
4.9672e+02
4.9542e+02
4.9430e+02
4.9338e+02
4.9271e+02
4.9233e+02
4.9232e+02
4.9270e+02
4.9353e+02
4.9481e+02
4.9653e+02
4.9865e+02
5.0110e+02
5.0380e+02
5.0664e+02
5.0953e+02
5.1235e+02
5.1502e+02
5.1748e+02
5.1967e+02
5.2156e+02
5.2314e+02
5.2442e+02
5.2542e+02
5.2617e+02
5.2668e+02
5.2701e+02
5.2717e+02
5.2720e+02
5.2711e+02
5.2693e+02
5.2669e+02
5.2641e+02
5.2611e+02
5.2579e+02
5.2549e+02
5.2523e+02
5.2500e+02
5.2482e+02
5.2469e+02
5.2461e+02
5.2458e+02
5.2461e+02
5.2467e+02
5.2479e+02
5.2497e+02
5.2520e+02
5.2550e+02
5.2588e+02
5.2633e+02
5.2687e+02
5.2748e+02
5.2814e+02
5.2883e+02
5.2951e+02
5.3015e+02
5.3072e+02
5.3117e+02
5.3150e+02
5.3169e+02
5.3176e+02
5.3174e+02
5.3168e+02
5.3164e+02
5.3169e+02
5.3190e+02
5.3232e+02
5.3299e+02
5.3393e+02
5.3514e+02
5.3658e+02
5.3819e+02
5.3989e+02
5.4158e+02
5.4319e+02
5.4460e+02
5.4576e+02
5.4660e+02
5.4708e+02
5.4718e+02
5.4688e+02
5.4621e+02
5.4517e+02
5.4377e+02
5.4204e+02
5.3999e+02
5.3765e+02
5.3506e+02
5.3228e+02
5.2937e+02
5.2640e+02
5.2347e+02
5.2065e+02
5.1803e+02
5.1569e+02
5.1368e+02
5.1204e+02
5.1078e+02
5.0985e+02
5.0922e+02
5.0880e+02
5.0850e+02
5.0823e+02
5.0791e+02
5.0747e+02
5.0688e+02
5.0613e+02
5.0522e+02
5.0419e+02
5.0309e+02
5.0198e+02
5.0094e+02
5.0001e+02
4.9923e+02
4.9863e+02
4.9821e+02
4.9792e+02
4.9772e+02
4.9751e+02
4.9721e+02
4.9669e+02
4.9588e+02
4.9469e+02
4.9304e+02
4.9090e+02
4.8825e+02
4.8512e+02
4.8155e+02
4.7760e+02
4.7336e+02
4.6892e+02
4.6440e+02
4.5988e+02
4.5546e+02
4.5123e+02
4.4723e+02
4.4351e+02
4.4008e+02
4.3694e+02
4.3406e+02
4.3139e+02
4.2888e+02
4.2648e+02
4.2411e+02
4.2172e+02
4.1924e+02
4.1665e+02
4.1394e+02
4.1109e+02
4.0813e+02
4.0509e+02
4.0202e+02
3.9895e+02
3.9593e+02
3.9300e+02
3.9019e+02
3.8752e+02
3.8498e+02
3.8258e+02
3.8031e+02
3.7817e+02
3.7614e+02
3.7423e+02
3.7244e+02
3.7080e+02
3.6934e+02
3.6808e+02
3.6707e+02
3.6634e+02
3.6595e+02
3.6591e+02
3.6625e+02
3.6698e+02
3.6809e+02
3.6955e+02
3.7132e+02
3.7335e+02
3.7556e+02
3.7787e+02
3.8021e+02
3.8247e+02
3.8458e+02
3.8645e+02
3.8802e+02
3.8928e+02
3.9022e+02
3.9086e+02
3.9127e+02
3.9153e+02
3.9172e+02
3.9193e+02
3.9227e+02
3.9279e+02
3.9354e+02
3.9453e+02
3.9574e+02
3.9713e+02
3.9861e+02
4.0011e+02
4.0154e+02
4.0282e+02
4.0388e+02
4.0467e+02
4.0517e+02
4.0539e+02
4.0535e+02
4.0508e+02
4.0461e+02
4.0400e+02
4.0329e+02
4.0249e+02
4.0163e+02
4.0070e+02
3.9971e+02
3.9864e+02
3.9747e+02
3.9620e+02
3.9479e+02
3.9325e+02
3.9157e+02
3.8977e+02
3.8787e+02
3.8589e+02
3.8385e+02
3.8181e+02
3.7977e+02
3.7776e+02
3.7579e+02
3.7384e+02
3.7193e+02
3.7003e+02
3.6812e+02
3.6620e+02
3.6424e+02
3.6227e+02
3.6027e+02
3.5829e+02
3.5635e+02
3.5449e+02
3.5278e+02
3.5123e+02
3.4989e+02
3.4880e+02
3.4798e+02
3.4744e+02
3.4719e+02
3.4721e+02
3.4748e+02
3.4797e+02
3.4864e+02
3.4945e+02
3.5034e+02
3.5127e+02
3.5216e+02
3.5297e+02
3.5363e+02
3.5407e+02
3.5426e+02
3.5414e+02
3.5367e+02
3.5283e+02
3.5161e+02
3.5002e+02
3.4808e+02
3.4581e+02
3.4328e+02
3.4055e+02
3.3771e+02
3.3486e+02
3.3210e+02
3.2953e+02
3.2724e+02
3.2533e+02
3.2384e+02
3.2281e+02
3.2223e+02
3.2209e+02
3.2234e+02
3.2291e+02
3.2371e+02
3.2468e+02
3.2572e+02
3.2677e+02
3.2776e+02
3.2865e+02
3.2940e+02
3.3000e+02
3.3042e+02
3.3067e+02
3.3073e+02
3.3060e+02
3.3028e+02
3.2976e+02
3.2905e+02
3.2816e+02
3.2712e+02
3.2598e+02
3.2480e+02
3.2366e+02
3.2263e+02
3.2180e+02
3.2128e+02
3.2113e+02
3.2142e+02
3.2221e+02
3.2352e+02
3.2532e+02
3.2755e+02
3.3014e+02
3.3296e+02
3.3588e+02
3.3875e+02
3.4141e+02
3.4373e+02
3.4558e+02
3.4688e+02
3.4758e+02
3.4767e+02
3.4718e+02
3.4617e+02
3.4474e+02
3.4298e+02
3.4100e+02
3.3891e+02
3.3679e+02
3.3471e+02
3.3270e+02
3.3080e+02
3.2901e+02
3.2730e+02
3.2564e+02
3.2401e+02
3.2238e+02
3.2071e+02
3.1896e+02
3.1713e+02
3.1519e+02
3.1316e+02
3.1103e+02
3.0882e+02
3.0654e+02
3.0422e+02
3.0188e+02
2.9954e+02
2.9724e+02
2.9500e+02
2.9285e+02
2.9079e+02
2.8884e+02
2.8700e+02
2.8529e+02
2.8370e+02
2.8223e+02
2.8088e+02
2.7967e+02
2.7861e+02
2.7775e+02
2.7712e+02
2.7676e+02
2.7674e+02
2.7710e+02
2.7788e+02
2.7912e+02
2.8081e+02
2.8296e+02
2.8551e+02
2.8842e+02
2.9159e+02
2.9493e+02
2.9833e+02
3.0166e+02
3.0483e+02
3.0775e+02
3.1036e+02
3.1259e+02
3.1442e+02
3.1585e+02
3.1689e+02
3.1758e+02
3.1796e+02
3.1808e+02
3.1799e+02
3.1774e+02
3.1738e+02
3.1695e+02
3.1652e+02
3.1611e+02
3.1575e+02
3.1544e+02
3.1516e+02
3.1487e+02
3.1455e+02
3.1413e+02
3.1354e+02
3.1270e+02
3.1152e+02
3.0996e+02
3.0795e+02
3.0547e+02
3.0253e+02
2.9915e+02
2.9540e+02
2.9134e+02
2.8708e+02
2.8268e+02
2.7825e+02
2.7386e+02
2.6957e+02
2.6543e+02
2.6147e+02
2.5773e+02
2.5422e+02
2.5099e+02
2.4807e+02
2.4553e+02
2.4341e+02
2.4177e+02
2.4065e+02
2.4010e+02
2.4015e+02
2.4081e+02
2.4205e+02
2.4381e+02
2.4601e+02
2.4853e+02
2.5124e+02
2.5403e+02
2.5675e+02
2.5931e+02
2.6161e+02
2.6359e+02
2.6522e+02
2.6650e+02
2.6746e+02
2.6814e+02
2.6862e+02
2.6897e+02
2.6927e+02
2.6956e+02
2.6990e+02
2.7032e+02
2.7081e+02
2.7137e+02
2.7194e+02
2.7248e+02
2.7295e+02
2.7328e+02
2.7344e+02
2.7337e+02
2.7305e+02
2.7244e+02
2.7157e+02
2.7040e+02
2.6896e+02
2.6725e+02
2.6529e+02
2.6311e+02
2.6071e+02
2.5815e+02
2.5544e+02
2.5264e+02
2.4980e+02
2.4696e+02
2.4416e+02
2.4144e+02
2.3882e+02
2.3631e+02
2.3391e+02
2.3159e+02
2.2935e+02
2.2713e+02
2.2492e+02
2.2268e+02
2.2041e+02
2.1812e+02
2.1581e+02
2.1353e+02
2.1131e+02
2.0921e+02
2.0729e+02
2.0560e+02
2.0416e+02
2.0299e+02
2.0211e+02
2.0151e+02
2.0116e+02
2.0103e+02
2.0108e+02
2.0126e+02
2.0152e+02
2.0181e+02
2.0209e+02
2.0229e+02
2.0240e+02
2.0240e+02
2.0228e+02
2.0203e+02
2.0166e+02
2.0119e+02
2.0065e+02
2.0008e+02
1.9951e+02
1.9899e+02
1.9856e+02
1.9824e+02
1.9804e+02
1.9798e+02
1.9803e+02
1.9817e+02
1.9833e+02
1.9844e+02
1.9842e+02
1.9819e+02
1.9767e+02
1.9680e+02
1.9552e+02
1.9380e+02
1.9165e+02
1.8910e+02
1.8620e+02
1.8304e+02
1.7969e+02
1.7625e+02
1.7281e+02
1.6944e+02
1.6621e+02
1.6314e+02
1.6026e+02
1.5757e+02
1.5507e+02
1.5276e+02
1.5063e+02
1.4867e+02
1.4687e+02
1.4522e+02
1.4376e+02
1.4248e+02
1.4141e+02
1.4053e+02
1.3984e+02
1.3934e+02
1.3899e+02
1.3878e+02
1.3864e+02
1.3854e+02
1.3843e+02
1.3827e+02
1.3802e+02
1.3767e+02
1.3720e+02
1.3664e+02
1.3600e+02
1.3534e+02
1.3471e+02
1.3415e+02
1.3373e+02
1.3349e+02
1.3346e+02
1.3366e+02
1.3407e+02
1.3466e+02
1.3538e+02
1.3615e+02
1.3693e+02
1.3765e+02
1.3828e+02
1.3880e+02
1.3923e+02
1.3960e+02
1.3996e+02
1.4039e+02
1.4095e+02
1.4173e+02
1.4278e+02
1.4411e+02
1.4572e+02
1.4756e+02
1.4958e+02
1.5167e+02
1.5373e+02
1.5564e+02
1.5729e+02
1.5860e+02
1.5948e+02
1.5988e+02
1.5980e+02
1.5925e+02
1.5827e+02
1.5690e+02
1.5522e+02
1.5330e+02
1.5121e+02
1.4905e+02
1.4687e+02
1.4475e+02
1.4274e+02
1.4086e+02
1.3915e+02
1.3763e+02
1.3630e+02
1.3516e+02
1.3420e+02
1.3340e+02
1.3273e+02
1.3217e+02
1.3171e+02
1.3131e+02
1.3095e+02
1.3063e+02
1.3031e+02
1.2998e+02
1.2964e+02
1.2927e+02
1.2887e+02
1.2843e+02
1.2797e+02
1.2749e+02
1.2700e+02
1.2654e+02
1.2610e+02
1.2571e+02
1.2539e+02
1.2514e+02
1.2497e+02
1.2486e+02
1.2480e+02
1.2476e+02
1.2470e+02
1.2458e+02
1.2437e+02
1.2403e+02
1.2355e+02
1.2296e+02
1.2226e+02
1.2152e+02
1.2079e+02
1.2014e+02
1.1965e+02
1.1938e+02
1.1938e+02
1.1968e+02
1.2027e+02
1.2112e+02
1.2216e+02
1.2329e+02
1.2440e+02
1.2537e+02
1.2608e+02
1.2643e+02
1.2635e+02
1.2580e+02
1.2476e+02
1.2327e+02
1.2137e+02
1.1914e+02
1.1669e+02
1.1414e+02
1.1161e+02
1.0920e+02
1.0705e+02
1.0521e+02
1.0376e+02
1.0273e+02
1.0212e+02
1.0191e+02
1.0203e+02
1.0241e+02
1.0296e+02
1.0357e+02
1.0413e+02
1.0456e+02
1.0478e+02
1.0473e+02
1.0437e+02
1.0371e+02
1.0277e+02
1.0159e+02
1.0026e+02
9.8819e+01
9.7361e+01
9.5954e+01
9.4667e+01
9.3565e+01
9.2691e+01
9.2080e+01
9.1748e+01
9.1693e+01
9.1898e+01
9.2331e+01
9.2949e+01
9.3699e+01
9.4533e+01
9.5396e+01
9.6244e+01
9.7034e+01
9.7739e+01
9.8341e+01
9.8835e+01
9.9236e+01
9.9560e+01
9.9830e+01
1.0006e+02
1.0028e+02
1.0049e+02
1.0070e+02
1.0089e+02
1.0105e+02
1.0116e+02
1.0120e+02
1.0118e+02
1.0108e+02
1.0092e+02
1.0070e+02
1.0046e+02
1.0023e+02
1.0004e+02
9.9923e+01
9.9895e+01
9.9974e+01
1.0016e+02
1.0044e+02
1.0077e+02
1.0113e+02
1.0148e+02
1.0175e+02
1.0193e+02
1.0196e+02
1.0181e+02
1.0146e+02
1.0090e+02
1.0011e+02
9.9098e+01
9.7866e+01
9.6428e+01
9.4808e+01
9.3036e+01
9.1145e+01
8.9177e+01
8.7169e+01
8.5162e+01
8.3180e+01
8.1248e+01
7.9383e+01
7.7594e+01
7.5877e+01
7.4215e+01
7.2598e+01
7.1015e+01
6.9465e+01
6.7945e+01
6.6476e+01
6.5084e+01
6.3808e+01
6.2693e+01
6.1780e+01
6.1114e+01
6.0726e+01
6.0649e+01
6.0897e+01
6.1474e+01
6.2372e+01
6.3566e+01
6.5032e+01
6.6733e+01
6.8626e+01
7.0652e+01
7.2755e+01
7.4869e+01
7.6922e+01
7.8839e+01
8.0554e+01
8.2017e+01
8.3182e+01
8.4022e+01
8.4523e+01
8.4691e+01
8.4556e+01
8.4157e+01
8.3545e+01
8.2773e+01
8.1898e+01
8.0963e+01
8.0007e+01
7.9059e+01
7.8135e+01
7.7241e+01
7.6375e+01
7.5531e+01
7.4692e+01
7.3844e+01
7.2968e+01
7.2044e+01
7.1049e+01
6.9959e+01
6.8762e+01
6.7442e+01
6.5995e+01
6.4413e+01
6.2699e+01
6.0873e+01
5.8960e+01
5.6986e+01
5.4981e+01
5.2984e+01
5.1019e+01
4.9118e+01
4.7303e+01
4.5587e+01
4.3977e+01
4.2478e+01
4.1090e+01
3.9807e+01
3.8627e+01
3.7540e+01
3.6536e+01
3.5605e+01
3.4740e+01
3.3934e+01
3.3180e+01
3.2474e+01
3.1811e+01
3.1194e+01
3.0626e+01
3.0117e+01
2.9681e+01
2.9320e+01
2.9041e+01
2.8841e+01
2.8716e+01
2.8647e+01
2.8602e+01
2.8542e+01
2.8426e+01
2.8213e+01
2.7858e+01
2.7330e+01
2.6593e+01
2.5629e+01
2.4440e+01
2.3052e+01
2.1503e+01
1.9840e+01
1.8126e+01
1.6430e+01
1.4848e+01
1.3473e+01
1.2405e+01
1.1727e+01
1.1510e+01
1.1805e+01
1.2635e+01
1.3995e+01
1.5842e+01
1.8108e+01
2.0688e+01
2.3459e+01
2.6290e+01
2.9045e+01
3.1591e+01
3.3807e+01
3.5611e+01
3.6948e+01
3.7803e+01
3.8192e+01
3.8161e+01
3.7777e+01
3.7113e+01
3.6266e+01
3.5329e+01
3.4384e+01
3.3480e+01
3.2655e+01
3.1928e+01
3.1295e+01
3.0732e+01
3.0194e+01
2.9629e+01
2.8974e+01
2.8179e+01
2.7200e+01
2.6012e+01
2.4605e+01
2.2987e+01
2.1191e+01
1.9257e+01
1.7246e+01
1.5218e+01
1.3233e+01
1.1356e+01
9.6565e+00
8.2078e+00
7.0685e+00
6.2925e+00
5.9128e+00
5.9614e+00
6.4531e+00
7.3958e+00
8.7841e+00
1.0581e+01
1.2718e+01
1.5080e+01
1.7539e+01
1.9931e+01
2.2081e+01
2.3817e+01
2.4982e+01
2.5451e+01
2.5144e+01
2.4041e+01
2.2180e+01
1.9671e+01
1.6680e+01
1.3416e+01
1.0107e+01
6.9814e+00
4.2566e+00
2.1070e+00
6.6442e-01
0000
1.2981e-01
1.0165e+00
2.5836e+00
4.7289e+00
7.3344e+00
1.0296e+01
1.3509e+01
1.6887e+01
2.0353e+01
2.3849e+01
2.7336e+01
3.0789e+01
3.4204e+01
3.7573e+01
4.0901e+01
4.4188e+01
4.7435e+01
5.0642e+01
5.3805e+01
5.6916e+01
5.9951e+01
6.2883e+01
6.5667e+01
6.8258e+01
7.0604e+01
7.2665e+01
7.4411e+01
7.5826e+01
7.6918e+01
7.7716e+01
7.8277e+01
7.8668e+01
7.8969e+01
7.9256e+01
7.9600e+01
8.0059e+01
8.0664e+01
8.1423e+01
8.2319e+01
8.3325e+01
8.4395e+01
8.5482e+01
8.6545e+01
8.7550e+01
8.8484e+01
8.9344e+01
9.0151e+01
9.0921e+01
9.1686e+01
9.2464e+01
9.3274e+01
9.4128e+01
9.5023e+01
9.5941e+01
9.6840e+01
9.7680e+01
9.8411e+01
9.8981e+01
9.9344e+01
9.9457e+01
9.9301e+01
9.8855e+01
9.8119e+01
9.7102e+01
9.5828e+01
9.4334e+01
9.2657e+01
9.0847e+01
8.8949e+01
8.7016e+01
8.5087e+01
8.3206e+01
8.1407e+01
7.9732e+01
7.8235e+01
7.6968e+01
7.5991e+01
7.5354e+01
7.5115e+01
7.5319e+01
7.6006e+01
7.7192e+01
7.8872e+01
8.1006e+01
8.3521e+01
8.6330e+01
8.9312e+01
9.2335e+01
9.5258e+01
9.7951e+01
1.0030e+02
1.0221e+02
1.0364e+02
1.0456e+02
1.0499e+02
1.0494e+02
1.0445e+02
1.0360e+02
1.0243e+02
1.0101e+02
9.9367e+01
9.7561e+01
9.5620e+01
9.3580e+01
9.1466e+01
8.9305e+01
8.7127e+01
8.4969e+01
8.2881e+01
8.0911e+01
7.9117e+01
7.7543e+01
7.6233e+01
7.5202e+01
7.4447e+01
7.3947e+01
7.3658e+01
7.3524e+01
7.3471e+01
7.3421e+01
7.3294e+01
7.3040e+01
7.2643e+01
7.2119e+01
7.1534e+01
7.0985e+01
7.0607e+01
7.0545e+01
7.0950e+01
7.1949e+01
7.3632e+01
7.6031e+01
7.9111e+01
8.2782e+01
8.6893e+01
9.1270e+01
9.5719e+01
1.0006e+02
1.0413e+02
1.0784e+02
1.1114e+02
1.1401e+02
1.1653e+02
1.1877e+02
1.2084e+02
1.2282e+02
1.2481e+02
1.2686e+02
1.2895e+02
1.3106e+02
1.3312e+02
1.3506e+02
1.3679e+02
1.3823e+02
1.3932e+02
1.4001e+02
1.4031e+02
1.4023e+02
1.3984e+02
1.3920e+02
1.3839e+02
1.3750e+02
1.3663e+02
1.3585e+02
1.3525e+02
1.3490e+02
1.3485e+02
1.3514e+02
1.3580e+02
1.3683e+02
1.3824e+02
1.4004e+02
1.4219e+02
1.4467e+02
1.4743e+02
1.5044e+02
1.5366e+02
1.5703e+02
1.6051e+02
1.6405e+02
1.6762e+02
1.7118e+02
1.7472e+02
1.7821e+02
1.8165e+02
1.8502e+02
1.8835e+02
1.9163e+02
1.9488e+02
1.9811e+02
2.0132e+02
2.0453e+02
2.0773e+02
2.1092e+02
2.1408e+02
2.1719e+02
2.2023e+02
2.2317e+02
2.2600e+02
2.2869e+02
2.3123e+02
2.3360e+02
2.3580e+02
2.3784e+02
2.3973e+02
2.4149e+02
2.4316e+02
2.4474e+02
2.4627e+02
2.4776e+02
2.4923e+02
2.5070e+02
2.5216e+02
2.5363e+02
2.5509e+02
2.5654e+02
2.5796e+02
2.5935e+02
2.6068e+02
2.6193e+02
2.6309e+02
2.6415e+02
2.6508e+02
2.6587e+02
2.6649e+02
2.6694e+02
2.6722e+02
2.6732e+02
2.6726e+02
2.6705e+02
2.6670e+02
2.6625e+02
2.6572e+02
2.6514e+02
2.6452e+02
2.6389e+02
2.6328e+02
2.6271e+02
2.6221e+02
2.6180e+02
2.6153e+02
2.6143e+02
2.6152e+02
2.6183e+02
2.6239e+02
2.6320e+02
2.6425e+02
2.6551e+02
2.6694e+02
2.6847e+02
2.7001e+02
2.7145e+02
2.7268e+02
2.7360e+02
2.7411e+02
2.7413e+02
2.7360e+02
2.7247e+02
2.7077e+02
2.6851e+02
2.6578e+02
2.6267e+02
2.5930e+02
2.5582e+02
2.5236e+02
2.4907e+02
2.4607e+02
2.4346e+02
2.4131e+02
2.3965e+02
2.3851e+02
2.3785e+02
2.3762e+02
2.3774e+02
2.3814e+02
2.3870e+02
2.3933e+02
2.3994e+02
2.4044e+02
2.4076e+02
2.4086e+02
2.4070e+02
2.4028e+02
2.3959e+02
2.3865e+02
2.3748e+02
2.3613e+02
2.3465e+02
2.3308e+02
2.3145e+02
2.2980e+02
2.2815e+02
2.2649e+02
2.2482e+02
2.2312e+02
2.2139e+02
2.1963e+02
2.1783e+02
2.1600e+02
2.1418e+02
2.1241e+02
2.1073e+02
2.0922e+02
2.0793e+02
2.0693e+02
2.0625e+02
2.0594e+02
2.0601e+02
2.0644e+02
2.0720e+02
2.0823e+02
2.0947e+02
2.1084e+02
2.1225e+02
2.1364e+02
2.1494e+02
2.1611e+02
2.1710e+02
2.1785e+02
2.1835e+02
2.1855e+02
2.1844e+02
2.1800e+02
2.1723e+02
2.1611e+02
2.1465e+02
2.1287e+02
2.1081e+02
2.0858e+02
2.0626e+02
2.0399e+02
2.0192e+02
2.0022e+02
1.9903e+02
1.9848e+02
1.9867e+02
1.9974e+02
2.0190e+02
2.0532e+02
2.1020e+02
2.1678e+02
2.2527e+02
2.3592e+02
2.4894e+02
2.6446e+02
2.8251e+02
3.0296e+02
3.2553e+02
3.4978e+02
3.7512e+02
4.0086e+02
