6.4745e+02
6.5706e+02
6.6616e+02
6.7450e+02
6.8191e+02
6.8828e+02
6.9359e+02
6.9791e+02
7.0136e+02
7.0410e+02
7.0628e+02
7.0809e+02
7.0965e+02
7.1108e+02
7.1243e+02
7.1376e+02
7.1505e+02
7.1627e+02
7.1739e+02
7.1838e+02
7.1921e+02
7.1989e+02
7.2042e+02
7.2083e+02
7.2112e+02
7.2133e+02
7.2148e+02
7.2159e+02
7.2165e+02
7.2167e+02
7.2164e+02
7.2155e+02
7.2137e+02
7.2109e+02
7.2072e+02
7.2026e+02
7.1973e+02
7.1916e+02
7.1860e+02
7.1812e+02
7.1778e+02
7.1767e+02
7.1785e+02
7.1837e+02
7.1928e+02
7.2057e+02
7.2224e+02
7.2423e+02
7.2647e+02
7.2880e+02
7.3105e+02
7.3304e+02
7.3457e+02
7.3545e+02
7.3550e+02
7.3460e+02
7.3265e+02
7.2961e+02
7.2550e+02
7.2041e+02
7.1449e+02
7.0791e+02
7.0090e+02
6.9367e+02
6.8644e+02
6.7941e+02
6.7277e+02
6.6668e+02
6.6127e+02
6.5666e+02
6.5293e+02
6.5014e+02
6.4836e+02
6.4763e+02
6.4796e+02
6.4933e+02
6.5171e+02
6.5498e+02
6.5901e+02
6.6360e+02
6.6855e+02
6.7362e+02
6.7857e+02
6.8317e+02
6.8714e+02
6.9027e+02
6.9238e+02
6.9333e+02
6.9306e+02
6.9153e+02
6.8873e+02
6.8474e+02
6.7965e+02
6.7361e+02
6.6681e+02
6.5947e+02
6.5184e+02
6.4419e+02
6.3675e+02
6.2974e+02
6.2336e+02
6.1775e+02
6.1301e+02
6.0919e+02
6.0632e+02
6.0438e+02
6.0334e+02
6.0315e+02
6.0377e+02
6.0514e+02
6.0724e+02
6.1002e+02
6.1344e+02
6.1739e+02
6.2178e+02
6.2649e+02
6.3136e+02
6.3624e+02
6.4093e+02
6.4525e+02
6.4905e+02
6.5221e+02
6.5464e+02
6.5629e+02
6.5716e+02
6.5728e+02
6.5671e+02
6.5554e+02
6.5383e+02
6.5167e+02
6.4912e+02
6.4622e+02
6.4301e+02
6.3951e+02
6.3573e+02
6.3169e+02
6.2738e+02
6.2283e+02
6.1807e+02
6.1313e+02
6.0809e+02
6.0302e+02
5.9802e+02
5.9319e+02
5.8867e+02
5.8457e+02
5.8101e+02
5.7811e+02
5.7596e+02
5.7461e+02
5.7408e+02
5.7434e+02
5.7533e+02
5.7693e+02
5.7899e+02
5.8132e+02
5.8373e+02
5.8601e+02
5.8797e+02
5.8945e+02
5.9032e+02
5.9052e+02
5.9003e+02
5.8889e+02
5.8715e+02
5.8492e+02
5.8231e+02
5.7945e+02
5.7647e+02
5.7348e+02
5.7057e+02
5.6784e+02
5.6534e+02
5.6309e+02
5.6110e+02
5.5937e+02
5.5787e+02
5.5658e+02
5.5546e+02
5.5448e+02
5.5360e+02
5.5276e+02
5.5192e+02
5.5102e+02
5.5003e+02
5.4892e+02
5.4768e+02
5.4627e+02
5.4469e+02
5.4293e+02
5.4102e+02
5.3894e+02
5.3674e+02
5.3443e+02
5.3206e+02
5.2965e+02
5.2725e+02
5.2491e+02
5.2268e+02
5.2059e+02
5.1867e+02
5.1695e+02
5.1545e+02
5.1416e+02
5.1309e+02
5.1220e+02
5.1147e+02
5.1084e+02
5.1028e+02
5.0976e+02
5.0925e+02
5.0875e+02
5.0826e+02
5.0780e+02
5.0738e+02
5.0704e+02
5.0679e+02
5.0664e+02
5.0660e+02
5.0666e+02
5.0677e+02
5.0690e+02
5.0699e+02
5.0699e+02
5.0684e+02
5.0650e+02
5.0596e+02
5.0520e+02
5.0425e+02
5.0312e+02
5.0186e+02
5.0052e+02
4.9913e+02
4.9775e+02
4.9638e+02
4.9505e+02
4.9376e+02
4.9250e+02
4.9125e+02
4.8998e+02
4.8867e+02
4.8727e+02
4.8577e+02
4.8417e+02
4.8246e+02
4.8069e+02
4.7890e+02
4.7713e+02
4.7546e+02
4.7394e+02
4.7263e+02
4.7158e+02
4.7081e+02
4.7034e+02
4.7016e+02
4.7025e+02
4.7056e+02
4.7102e+02
4.7158e+02
4.7217e+02
4.7275e+02
4.7329e+02
4.7377e+02
4.7416e+02
4.7446e+02
4.7469e+02
4.7485e+02
4.7493e+02
4.7493e+02
4.7485e+02
4.7467e+02
4.7438e+02
4.7396e+02
4.7340e+02
4.7271e+02
4.7190e+02
4.7101e+02
4.7007e+02
4.6916e+02
4.6831e+02
4.6758e+02
4.6703e+02
4.6671e+02
4.6663e+02
4.6681e+02
4.6723e+02
4.6789e+02
4.6875e+02
4.6980e+02
4.7100e+02
4.7233e+02
4.7377e+02
4.7530e+02
4.7691e+02
4.7859e+02
4.8036e+02
4.8221e+02
4.8412e+02
4.8610e+02
4.8813e+02
4.9020e+02
4.9229e+02
4.9440e+02
4.9652e+02
4.9864e+02
5.0077e+02
5.0288e+02
5.0498e+02
5.0705e+02
5.0908e+02
5.1106e+02
5.1296e+02
5.1474e+02
5.1638e+02
5.1785e+02
5.1912e+02
5.2017e+02
5.2101e+02
5.2164e+02
5.2208e+02
5.2238e+02
5.2258e+02
5.2273e+02
5.2289e+02
5.2312e+02
5.2347e+02
5.2397e+02
5.2467e+02
5.2555e+02
5.2657e+02
5.2766e+02
5.2873e+02
5.2969e+02
5.3043e+02
5.3084e+02
5.3084e+02
5.3036e+02
5.2940e+02
5.2799e+02
5.2619e+02
5.2411e+02
5.2188e+02
5.1962e+02
5.1746e+02
5.1548e+02
5.1375e+02
5.1226e+02
5.1099e+02
5.0990e+02
5.0893e+02
5.0803e+02
5.0716e+02
5.0630e+02
5.0546e+02
5.0468e+02
5.0401e+02
5.0350e+02
5.0321e+02
5.0313e+02
5.0326e+02
5.0358e+02
5.0404e+02
5.0455e+02
5.0504e+02
5.0544e+02
5.0568e+02
5.0573e+02
5.0557e+02
5.0519e+02
5.0460e+02
5.0380e+02
5.0281e+02
5.0162e+02
5.0023e+02
4.9862e+02
4.9679e+02
4.9473e+02
4.9248e+02
4.9008e+02
4.8758e+02
4.8506e+02
4.8263e+02
4.8038e+02
4.7843e+02
4.7689e+02
4.7583e+02
4.7531e+02
4.7535e+02
4.7595e+02
4.7709e+02
4.7871e+02
4.8074e+02
4.8310e+02
4.8567e+02
4.8837e+02
4.9107e+02
4.9370e+02
4.9617e+02
4.9844e+02
5.0046e+02
5.0222e+02
5.0372e+02
5.0499e+02
5.0607e+02
5.0702e+02
5.0788e+02
5.0871e+02
5.0955e+02
5.1045e+02
5.1144e+02
5.1252e+02
5.1370e+02
5.1496e+02
5.1629e+02
5.1766e+02
5.1905e+02
5.2042e+02
5.2173e+02
5.2295e+02
5.2402e+02
5.2493e+02
5.2563e+02
5.2609e+02
5.2630e+02
5.2623e+02
5.2588e+02
5.2527e+02
5.2439e+02
5.2328e+02
5.2196e+02
5.2048e+02
5.1888e+02
5.1721e+02
5.1553e+02
5.1386e+02
5.1225e+02
5.1072e+02
5.0929e+02
5.0799e+02
5.0680e+02
5.0575e+02
5.0481e+02
5.0400e+02
5.0331e+02
5.0273e+02
5.0229e+02
5.0199e+02
5.0184e+02
5.0186e+02
5.0204e+02
5.0238e+02
5.0286e+02
5.0346e+02
5.0413e+02
5.0485e+02
5.0557e+02
5.0626e+02
5.0691e+02
5.0748e+02
5.0797e+02
5.0839e+02
5.0875e+02
5.0907e+02
5.0933e+02
5.0957e+02
5.0977e+02
5.0994e+02
5.1006e+02
5.1014e+02
5.1018e+02
5.1018e+02
5.1014e+02
5.1009e+02
5.1004e+02
5.1002e+02
5.1006e+02
5.1015e+02
5.1031e+02
5.1053e+02
5.1081e+02
5.1111e+02
5.1143e+02
5.1173e+02
5.1200e+02
5.1224e+02
5.1242e+02
5.1254e+02
5.1262e+02
5.1265e+02
5.1264e+02
5.1259e+02
5.1251e+02
5.1238e+02
5.1221e+02
5.1200e+02
5.1175e+02
5.1148e+02
5.1119e+02
5.1091e+02
5.1065e+02
5.1042e+02
5.1023e+02
5.1008e+02
5.0997e+02
5.0986e+02
5.0972e+02
5.0952e+02
5.0920e+02
5.0872e+02
5.0805e+02
5.0716e+02
5.0604e+02
5.0469e+02
5.0312e+02
5.0134e+02
4.9940e+02
4.9732e+02
4.9514e+02
4.9290e+02
4.9065e+02
4.8843e+02
4.8627e+02
4.8425e+02
4.8239e+02
4.8076e+02
4.7939e+02
4.7832e+02
4.7758e+02
4.7716e+02
4.7705e+02
4.7721e+02
4.7761e+02
4.7816e+02
4.7878e+02
4.7936e+02
4.7981e+02
4.8005e+02
4.8000e+02
4.7960e+02
4.7881e+02
4.7763e+02
4.7607e+02
4.7418e+02
4.7203e+02
4.6970e+02
4.6728e+02
4.6487e+02
4.6259e+02
4.6053e+02
4.5875e+02
4.5729e+02
4.5619e+02
4.5541e+02
4.5492e+02
4.5465e+02
4.5452e+02
4.5446e+02
4.5437e+02
4.5419e+02
4.5387e+02
4.5341e+02
4.5279e+02
4.5204e+02
4.5119e+02
4.5025e+02
4.4925e+02
4.4817e+02
4.4699e+02
4.4567e+02
4.4416e+02
4.4241e+02
4.4037e+02
4.3804e+02
4.3542e+02
4.3256e+02
4.2955e+02
4.2651e+02
4.2356e+02
4.2082e+02
4.1842e+02
4.1644e+02
4.1493e+02
4.1390e+02
4.1332e+02
4.1310e+02
4.1316e+02
4.1340e+02
4.1371e+02
4.1401e+02
4.1422e+02
4.1430e+02
4.1423e+02
4.1400e+02
4.1361e+02
4.1310e+02
4.1251e+02
4.1187e+02
4.1120e+02
4.1053e+02
4.0986e+02
4.0922e+02
4.0858e+02
4.0797e+02
4.0736e+02
4.0674e+02
4.0610e+02
4.0544e+02
4.0475e+02
4.0403e+02
4.0330e+02
4.0256e+02
4.0184e+02
4.0116e+02
4.0057e+02
4.0009e+02
3.9974e+02
3.9956e+02
3.9955e+02
3.9972e+02
4.0006e+02
4.0057e+02
4.0123e+02
4.0202e+02
4.0294e+02
4.0398e+02
4.0516e+02
4.0648e+02
4.0798e+02
4.0966e+02
4.1156e+02
4.1369e+02
4.1607e+02
4.1869e+02
4.2153e+02
4.2457e+02
4.2777e+02
4.3110e+02
4.3449e+02
4.3791e+02
4.4130e+02
4.4462e+02
4.4785e+02
4.5098e+02
4.5399e+02
4.5690e+02
4.5973e+02
4.6250e+02
4.6526e+02
4.6804e+02
4.7086e+02
4.7374e+02
4.7672e+02
4.7979e+02
4.8295e+02
4.8620e+02
4.8952e+02
4.9290e+02
4.9631e+02
4.9974e+02
5.0320e+02
5.0670e+02
5.1026e+02
5.1393e+02
5.1774e+02
5.2174e+02
5.2597e+02
5.3045e+02
5.3518e+02
5.4014e+02
5.4531e+02
5.5062e+02
5.5599e+02
5.6133e+02
5.6655e+02
5.7156e+02
5.7627e+02
5.8060e+02
5.8452e+02
5.8799e+02
5.9102e+02
5.9363e+02
5.9586e+02
5.9778e+02
5.9944e+02
6.0092e+02
6.0231e+02
6.0367e+02
6.0507e+02
6.0657e+02
6.0819e+02
6.0995e+02
6.1185e+02
6.1386e+02
6.1592e+02
6.1796e+02
6.1992e+02
6.2170e+02
6.2323e+02
6.2444e+02
6.2528e+02
6.2573e+02
6.2579e+02
6.2549e+02
6.2487e+02
6.2401e+02
6.2298e+02
6.2186e+02
6.2072e+02
6.1964e+02
6.1866e+02
6.1778e+02
6.1700e+02
6.1632e+02
6.1570e+02
6.1512e+02
6.1454e+02
6.1392e+02
6.1324e+02
6.1248e+02
6.1163e+02
6.1069e+02
6.0968e+02
6.0860e+02
6.0748e+02
6.0633e+02
6.0516e+02
6.0398e+02
6.0279e+02
6.0158e+02
6.0029e+02
5.9889e+02
5.9732e+02
5.9555e+02
5.9355e+02
5.9128e+02
5.8876e+02
5.8600e+02
5.8306e+02
5.8002e+02
5.7699e+02
5.7409e+02
5.7144e+02
5.6913e+02
5.6723e+02
5.6580e+02
5.6480e+02
5.6422e+02
5.6395e+02
5.6391e+02
5.6397e+02
5.6402e+02
5.6395e+02
5.6367e+02
5.6313e+02
5.6230e+02
5.6119e+02
5.5985e+02
5.5831e+02
5.5665e+02
5.5496e+02
5.5332e+02
5.5181e+02
5.5048e+02
5.4936e+02
5.4846e+02
5.4776e+02
5.4724e+02
5.4686e+02
5.4655e+02
5.4626e+02
5.4593e+02
5.4550e+02
5.4495e+02
5.4425e+02
5.4342e+02
5.4246e+02
5.4143e+02
5.4035e+02
5.3926e+02
5.3820e+02
5.3718e+02
5.3623e+02
5.3533e+02
5.3448e+02
5.3365e+02
5.3284e+02
5.3203e+02
5.3120e+02
5.3035e+02
5.2947e+02
5.2857e+02
5.2764e+02
5.2670e+02
5.2573e+02
5.2472e+02
5.2365e+02
5.2248e+02
5.2118e+02
5.1972e+02
5.1807e+02
5.1618e+02
5.1405e+02
5.1166e+02
5.0904e+02
5.0622e+02
5.0325e+02
5.0019e+02
4.9710e+02
4.9406e+02
4.9112e+02
4.8832e+02
4.8571e+02
4.8332e+02
4.8113e+02
4.7916e+02
4.7739e+02
4.7579e+02
4.7433e+02
4.7300e+02
4.7177e+02
4.7063e+02
4.6956e+02
4.6855e+02
4.6760e+02
4.6669e+02
4.6582e+02
4.6498e+02
4.6416e+02
4.6335e+02
4.6254e+02
4.6173e+02
4.6093e+02
4.6013e+02
4.5935e+02
4.5857e+02
4.5781e+02
4.5706e+02
4.5631e+02
4.5555e+02
4.5477e+02
4.5394e+02
4.5305e+02
4.5208e+02
4.5101e+02
4.4983e+02
4.4854e+02
4.4716e+02
4.4568e+02
4.4412e+02
4.4251e+02
4.4088e+02
4.3924e+02
4.3763e+02
4.3606e+02
4.3455e+02
4.3311e+02
4.3175e+02
4.3050e+02
4.2935e+02
4.2833e+02
4.2743e+02
4.2665e+02
4.2602e+02
4.2555e+02
4.2525e+02
4.2511e+02
4.2514e+02
4.2533e+02
4.2567e+02
4.2612e+02
4.2667e+02
4.2726e+02
4.2786e+02
4.2841e+02
4.2888e+02
4.2920e+02
4.2934e+02
4.2925e+02
4.2891e+02
4.2831e+02
4.2742e+02
4.2623e+02
4.2474e+02
4.2296e+02
4.2091e+02
4.1862e+02
4.1611e+02
4.1343e+02
4.1063e+02
4.0774e+02
4.0483e+02
4.0193e+02
3.9907e+02
3.9626e+02
3.9350e+02
3.9080e+02
3.8814e+02
3.8550e+02
3.8288e+02
3.8026e+02
3.7766e+02
3.7510e+02
3.7261e+02
3.7024e+02
3.6805e+02
3.6610e+02
3.6443e+02
3.6308e+02
3.6206e+02
3.6135e+02
3.6094e+02
3.6077e+02
3.6079e+02
3.6094e+02
3.6117e+02
3.6144e+02
3.6172e+02
3.6201e+02
3.6230e+02
3.6260e+02
3.6293e+02
3.6329e+02
3.6371e+02
3.6418e+02
3.6468e+02
3.6520e+02
3.6569e+02
3.6612e+02
3.6643e+02
3.6656e+02
3.6645e+02
3.6605e+02
3.6532e+02
3.6423e+02
3.6277e+02
3.6093e+02
3.5875e+02
3.5628e+02
3.5358e+02
3.5076e+02
3.4794e+02
3.4524e+02
3.4279e+02
3.4070e+02
3.3905e+02
3.3792e+02
3.3730e+02
3.3718e+02
3.3747e+02
3.3803e+02
3.3867e+02
3.3918e+02
3.3934e+02
3.3895e+02
3.3783e+02
3.3587e+02
3.3301e+02
3.2925e+02
3.2469e+02
3.1951e+02
3.1393e+02
3.0823e+02
3.0270e+02
2.9761e+02
2.9320e+02
2.8963e+02
2.8703e+02
2.8541e+02
2.8473e+02
2.8489e+02
2.8574e+02
2.8708e+02
2.8874e+02
2.9056e+02
2.9240e+02
2.9416e+02
2.9581e+02
2.9730e+02
2.9867e+02
2.9996e+02
3.0121e+02
3.0250e+02
3.0388e+02
3.0537e+02
3.0696e+02
3.0865e+02
3.1042e+02
3.1222e+02
3.1403e+02
3.1580e+02
3.1749e+02
3.1907e+02
3.2053e+02
3.2184e+02
3.2299e+02
3.2398e+02
3.2482e+02
3.2549e+02
3.2601e+02
3.2638e+02
3.2660e+02
3.2667e+02
3.2659e+02
3.2638e+02
3.2605e+02
3.2561e+02
3.2507e+02
3.2445e+02
3.2378e+02
3.2307e+02
3.2235e+02
3.2162e+02
3.2089e+02
3.2017e+02
3.1948e+02
3.1882e+02
3.1820e+02
3.1761e+02
3.1706e+02
3.1658e+02
3.1614e+02
3.1577e+02
3.1545e+02
3.1521e+02
3.1503e+02
3.1491e+02
3.1485e+02
3.1483e+02
3.1487e+02
3.1496e+02
3.1508e+02
3.1523e+02
3.1540e+02
3.1558e+02
3.1576e+02
3.1590e+02
3.1598e+02
3.1597e+02
3.1585e+02
3.1559e+02
3.1516e+02
3.1454e+02
3.1374e+02
3.1275e+02
3.1158e+02
3.1026e+02
3.0881e+02
3.0727e+02
3.0568e+02
3.0405e+02
3.0242e+02
3.0080e+02
2.9922e+02
2.9768e+02
2.9620e+02
2.9476e+02
2.9336e+02
2.9200e+02
2.9067e+02
2.8937e+02
2.8808e+02
2.8680e+02
2.8553e+02
2.8425e+02
2.8297e+02
2.8168e+02
2.8039e+02
2.7908e+02
2.7777e+02
2.7645e+02
2.7513e+02
2.7381e+02
2.7251e+02
2.7123e+02
2.6998e+02
2.6879e+02
2.6766e+02
2.6661e+02
2.6565e+02
2.6480e+02
2.6405e+02
2.6341e+02
2.6286e+02
2.6239e+02
2.6199e+02
2.6162e+02
2.6126e+02
2.6091e+02
2.6053e+02
2.6012e+02
2.5967e+02
2.5917e+02
2.5863e+02
2.5805e+02
2.5746e+02
2.5686e+02
2.5628e+02
2.5572e+02
2.5521e+02
2.5477e+02
2.5439e+02
2.5411e+02
2.5392e+02
2.5384e+02
2.5387e+02
2.5399e+02
2.5420e+02
2.5447e+02
2.5478e+02
2.5508e+02
2.5533e+02
2.5550e+02
2.5553e+02
2.5539e+02
2.5506e+02
2.5452e+02
2.5376e+02
2.5282e+02
2.5173e+02
2.5054e+02
2.4935e+02
2.4824e+02
2.4728e+02
2.4655e+02
2.4611e+02
2.4601e+02
2.4625e+02
2.4683e+02
2.4772e+02
2.4886e+02
2.5016e+02
2.5155e+02
2.5292e+02
2.5420e+02
2.5528e+02
2.5609e+02
2.5659e+02
2.5674e+02
2.5653e+02
2.5596e+02
2.5507e+02
2.5390e+02
2.5251e+02
2.5097e+02
2.4936e+02
2.4773e+02
2.4617e+02
2.4471e+02
2.4339e+02
2.4224e+02
2.4125e+02
2.4040e+02
2.3967e+02
2.3903e+02
2.3846e+02
2.3793e+02
2.3741e+02
2.3688e+02
2.3634e+02
2.3578e+02
2.3519e+02
2.3458e+02
2.3395e+02
2.3327e+02
2.3254e+02
2.3174e+02
2.3087e+02
2.2990e+02
2.2882e+02
2.2763e+02
2.2633e+02
2.2493e+02
2.2343e+02
2.2187e+02
2.2026e+02
2.1862e+02
2.1697e+02
2.1533e+02
2.1370e+02
2.1208e+02
2.1047e+02
2.0887e+02
2.0728e+02
2.0569e+02
2.0408e+02
2.0248e+02
2.0088e+02
1.9930e+02
1.9778e+02
1.9634e+02
1.9503e+02
1.9386e+02
1.9291e+02
1.9221e+02
1.9183e+02
1.9181e+02
1.9221e+02
1.9307e+02
1.9442e+02
1.9628e+02
1.9866e+02
2.0155e+02
2.0489e+02
2.0864e+02
2.1268e+02
2.1691e+02
2.2121e+02
2.2543e+02
2.2948e+02
2.3323e+02
2.3660e+02
2.3954e+02
2.4202e+02
2.4406e+02
2.4568e+02
2.4694e+02
2.4790e+02
2.4866e+02
2.4928e+02
2.4980e+02
2.5028e+02
2.5074e+02
2.5122e+02
2.5170e+02
2.5217e+02
2.5262e+02
2.5303e+02
2.5337e+02
2.5364e+02
2.5382e+02
2.5391e+02
2.5393e+02
2.5387e+02
2.5376e+02
2.5361e+02
2.5345e+02
2.5329e+02
2.5317e+02
2.5311e+02
2.5312e+02
2.5320e+02
2.5337e+02
2.5361e+02
2.5391e+02
2.5425e+02
2.5460e+02
2.5494e+02
2.5522e+02
2.5541e+02
2.5551e+02
2.5551e+02
2.5541e+02
2.5524e+02
2.5501e+02
2.5476e+02
2.5455e+02
2.5441e+02
2.5438e+02
2.5448e+02
2.5474e+02
2.5516e+02
2.5574e+02
2.5645e+02
2.5728e+02
2.5818e+02
2.5915e+02
2.6015e+02
2.6119e+02
2.6227e+02
2.6341e+02
2.6463e+02
2.6596e+02
2.6744e+02
2.6911e+02
2.7098e+02
2.7308e+02
2.7537e+02
2.7781e+02
2.8031e+02
2.8280e+02
2.8514e+02
2.8721e+02
2.8891e+02
2.9014e+02
2.9085e+02
2.9099e+02
2.9058e+02
2.8963e+02
2.8820e+02
2.8636e+02
2.8418e+02
2.8175e+02
2.7914e+02
2.7641e+02
2.7361e+02
2.7082e+02
2.6811e+02
2.6555e+02
2.6326e+02
2.6136e+02
2.5996e+02
2.5919e+02
2.5913e+02
2.5985e+02
2.6133e+02
2.6354e+02
2.6635e+02
2.6962e+02
2.7317e+02
2.7680e+02
2.8032e+02
2.8357e+02
2.8642e+02
2.8879e+02
2.9065e+02
2.9202e+02
2.9292e+02
2.9344e+02
2.9365e+02
2.9363e+02
2.9343e+02
2.9310e+02
2.9265e+02
2.9209e+02
2.9141e+02
2.9059e+02
2.8963e+02
2.8853e+02
2.8728e+02
2.8588e+02
2.8435e+02
2.8271e+02
2.8099e+02
2.7922e+02
2.7743e+02
2.7565e+02
2.7392e+02
2.7226e+02
2.7070e+02
2.6928e+02
2.6801e+02
2.6693e+02
2.6603e+02
2.6533e+02
2.6483e+02
2.6452e+02
2.6438e+02
2.6439e+02
2.6452e+02
2.6473e+02
2.6501e+02
2.6530e+02
2.6559e+02
2.6586e+02
2.6607e+02
2.6623e+02
2.6631e+02
2.6633e+02
2.6627e+02
2.6615e+02
2.6598e+02
2.6577e+02
2.6554e+02
2.6532e+02
2.6514e+02
2.6503e+02
2.6502e+02
2.6512e+02
2.6537e+02
2.6576e+02
2.6630e+02
2.6697e+02
2.6774e+02
2.6859e+02
2.6949e+02
2.7040e+02
2.7128e+02
2.7210e+02
2.7282e+02
2.7344e+02
2.7393e+02
2.7429e+02
2.7452e+02
2.7465e+02
2.7467e+02
2.7463e+02
2.7455e+02
2.7445e+02
2.7437e+02
2.7433e+02
2.7437e+02
2.7449e+02
2.7470e+02
2.7500e+02
2.7540e+02
2.7588e+02
2.7644e+02
2.7705e+02
2.7771e+02
2.7843e+02
2.7918e+02
2.7997e+02
2.8081e+02
2.8170e+02
2.8263e+02
2.8359e+02
2.8455e+02
2.8550e+02
2.8641e+02
2.8724e+02
2.8798e+02
2.8859e+02
2.8906e+02
2.8940e+02
2.8961e+02
2.8970e+02
2.8970e+02
2.8963e+02
2.8951e+02
2.8933e+02
2.8911e+02
2.8882e+02
2.8844e+02
2.8797e+02
2.8736e+02
2.8659e+02
2.8566e+02
2.8456e+02
2.8331e+02
2.8191e+02
2.8039e+02
2.7880e+02
2.7716e+02
2.7551e+02
2.7388e+02
2.7228e+02
2.7072e+02
2.6920e+02
2.6773e+02
2.6631e+02
2.6491e+02
2.6354e+02
2.6219e+02
2.6087e+02
2.5958e+02
2.5831e+02
2.5710e+02
2.5595e+02
2.5487e+02
2.5387e+02
2.5295e+02
2.5210e+02
2.5132e+02
2.5058e+02
2.4987e+02
2.4916e+02
2.4843e+02
2.4765e+02
2.4679e+02
2.4586e+02
2.4483e+02
2.4371e+02
2.4251e+02
2.4124e+02
2.3992e+02
2.3857e+02
2.3721e+02
2.3587e+02
2.3455e+02
2.3328e+02
2.3206e+02
2.3092e+02
2.2987e+02
2.2892e+02
2.2809e+02
2.2739e+02
2.2682e+02
2.2638e+02
2.2607e+02
2.2587e+02
2.2575e+02
2.2569e+02
2.2564e+02
2.2555e+02
2.2539e+02
2.2510e+02
2.2467e+02
2.2405e+02
2.2325e+02
2.2228e+02
2.2117e+02
2.1995e+02
2.1868e+02
2.1741e+02
2.1622e+02
2.1515e+02
2.1428e+02
2.1365e+02
2.1329e+02
2.1322e+02
2.1344e+02
2.1392e+02
2.1461e+02
2.1548e+02
2.1646e+02
2.1747e+02
2.1845e+02
2.1934e+02
2.2007e+02
2.2061e+02
2.2092e+02
2.2099e+02
2.2082e+02
2.2042e+02
2.1981e+02
2.1900e+02
2.1803e+02
2.1695e+02
2.1578e+02
2.1456e+02
2.1334e+02
2.1215e+02
2.1103e+02
2.1000e+02
2.0910e+02
2.0834e+02
2.0774e+02
2.0730e+02
2.0701e+02
2.0687e+02
2.0687e+02
2.0699e+02
2.0718e+02
2.0743e+02
2.0771e+02
2.0799e+02
2.0824e+02
2.0841e+02
2.0850e+02
2.0845e+02
2.0824e+02
2.0784e+02
2.0723e+02
2.0639e+02
2.0531e+02
2.0400e+02
2.0249e+02
2.0081e+02
1.9899e+02
1.9708e+02
1.9513e+02
1.9319e+02
1.9128e+02
1.8945e+02
1.8769e+02
1.8602e+02
1.8444e+02
1.8292e+02
1.8145e+02
1.8001e+02
1.7859e+02
1.7719e+02
1.7583e+02
1.7451e+02
1.7325e+02
1.7206e+02
1.7095e+02
1.6992e+02
1.6897e+02
1.6807e+02
1.6718e+02
1.6627e+02
1.6530e+02
1.6422e+02
1.6301e+02
1.6164e+02
1.6013e+02
1.5849e+02
1.5673e+02
1.5490e+02
1.5302e+02
1.5114e+02
1.4927e+02
1.4746e+02
1.4571e+02
1.4402e+02
1.4239e+02
1.4081e+02
1.3928e+02
1.3778e+02
1.3631e+02
1.3487e+02
1.3347e+02
1.3212e+02
1.3083e+02
1.2959e+02
1.2842e+02
1.2731e+02
1.2627e+02
1.2527e+02
1.2432e+02
1.2340e+02
1.2252e+02
1.2167e+02
1.2086e+02
1.2010e+02
1.1941e+02
1.1878e+02
1.1821e+02
1.1771e+02
1.1727e+02
1.1688e+02
1.1653e+02
1.1619e+02
1.1585e+02
1.1551e+02
1.1517e+02
1.1483e+02
1.1450e+02
1.1422e+02
1.1400e+02
1.1387e+02
1.1386e+02
1.1399e+02
1.1427e+02
1.1471e+02
1.1533e+02
1.1610e+02
1.1704e+02
1.1813e+02
1.1936e+02
1.2073e+02
1.2221e+02
1.2377e+02
1.2538e+02
1.2699e+02
1.2855e+02
1.3003e+02
1.3138e+02
1.3259e+02
1.3363e+02
1.3450e+02
1.3521e+02
1.3582e+02
1.3635e+02
1.3688e+02
1.3742e+02
1.3803e+02
1.3871e+02
1.3947e+02
1.4029e+02
1.4113e+02
1.4191e+02
1.4255e+02
1.4299e+02
1.4316e+02
1.4301e+02
1.4250e+02
1.4161e+02
1.4037e+02
1.3881e+02
1.3697e+02
1.3493e+02
1.3274e+02
1.3049e+02
1.2825e+02
1.2609e+02
1.2405e+02
1.2216e+02
1.2044e+02
1.1890e+02
1.1755e+02
1.1637e+02
1.1533e+02
1.1442e+02
1.1360e+02
1.1285e+02
1.1213e+02
1.1145e+02
1.1078e+02
1.1011e+02
1.0945e+02
1.0880e+02
1.0815e+02
1.0750e+02
1.0685e+02
1.0618e+02
1.0548e+02
1.0473e+02
1.0391e+02
1.0300e+02
1.0199e+02
1.0087e+02
9.9644e+01
9.8331e+01
9.6949e+01
9.5522e+01
9.4072e+01
9.2624e+01
9.1197e+01
8.9799e+01
8.8416e+01
8.7013e+01
8.5559e+01
8.4021e+01
8.2388e+01
8.0665e+01
7.8881e+01
7.7092e+01
7.5380e+01
7.3854e+01
7.2634e+01
7.1843e+01
7.1593e+01
7.1973e+01
7.3033e+01
7.4769e+01
7.7115e+01
7.9937e+01
8.3062e+01
8.6289e+01
8.9417e+01
9.2254e+01
9.4643e+01
9.6474e+01
9.7697e+01
9.8335e+01
9.8484e+01
9.8298e+01
9.7965e+01
9.7686e+01
9.7657e+01
9.8056e+01
9.9022e+01
1.0063e+02
1.0290e+02
1.0578e+02
1.0916e+02
1.1291e+02
1.1687e+02
1.2088e+02
1.2478e+02
1.2847e+02
1.3183e+02
1.3483e+02
1.3745e+02
1.3971e+02
1.4162e+02
1.4325e+02
1.4464e+02
1.4585e+02
1.4691e+02
1.4783e+02
1.4860e+02
1.4918e+02
1.4954e+02
1.4961e+02
1.4931e+02
1.4859e+02
1.4739e+02
1.4566e+02
1.4338e+02
1.4058e+02
1.3728e+02
1.3358e+02
1.2959e+02
1.2546e+02
1.2135e+02
1.1745e+02
1.1391e+02
1.1088e+02
1.0847e+02
1.0677e+02
1.0578e+02
1.0547e+02
1.0573e+02
1.0644e+02
1.0743e+02
1.0852e+02
1.0953e+02
1.1033e+02
1.1080e+02
1.1087e+02
1.1051e+02
1.0973e+02
1.0859e+02
1.0717e+02
1.0558e+02
1.0393e+02
1.0231e+02
1.0080e+02
9.9452e+01
9.8280e+01
9.7289e+01
9.6461e+01
9.5755e+01
9.5117e+01
9.4484e+01
9.3789e+01
9.2975e+01
9.1988e+01
9.0780e+01
8.9310e+01
8.7557e+01
8.5513e+01
8.3181e+01
8.0574e+01
7.7719e+01
7.4665e+01
7.1470e+01
6.8198e+01
6.4920e+01
6.1701e+01
5.8604e+01
5.5678e+01
5.2959e+01
5.0462e+01
4.8190e+01
4.6124e+01
4.4231e+01
4.2473e+01
4.0810e+01
3.9202e+01
3.7612e+01
3.6016e+01
3.4395e+01
3.2741e+01
3.1043e+01
2.9285e+01
2.7454e+01
2.5540e+01
2.3534e+01
2.1430e+01
1.9226e+01
1.6931e+01
1.4574e+01
1.2205e+01
9.8838e+00
7.6699e+00
5.6301e+00
3.8356e+00
2.3442e+00
1.1991e+00
4.2755e-01
3.2600e-02
0000
3.0746e-01
9.2721e-01
1.8292e+00
2.9972e+00
4.4205e+00
6.0950e+00
8.0202e+00
1.0194e+01
1.2608e+01
1.5244e+01
1.8063e+01
2.0998e+01
2.3980e+01
2.6933e+01
2.9775e+01
3.2425e+01
3.4815e+01
3.6899e+01
3.8660e+01
4.0107e+01
4.1267e+01
4.2182e+01
4.2918e+01
4.3551e+01
4.4154e+01
4.4785e+01
4.5492e+01
4.6298e+01
4.7217e+01
4.8247e+01
4.9374e+01
5.0582e+01
5.1845e+01
5.3131e+01
5.4390e+01
5.5561e+01
5.6585e+01
5.7406e+01
5.7974e+01
5.8246e+01
5.8186e+01
5.7770e+01
5.7009e+01
5.5945e+01
5.4655e+01
5.3258e+01
5.1897e+01
5.0732e+01
4.9926e+01
4.9621e+01
4.9927e+01
5.0911e+01
5.2589e+01
5.4911e+01
5.7778e+01
6.1036e+01
6.4472e+01
6.7852e+01
7.0950e+01
7.3712e+01
7.6297e+01
7.8983e+01
8.2198e+01
8.6529e+01
9.2696e+01
1.0150e+02
1.1372e+02
1.3003e+02
1.5086e+02
1.7635e+02
2.0627e+02
2.4006e+02
2.7679e+02
3.1530e+02
