4.1451e+02
4.1515e+02
4.1579e+02
4.1639e+02
4.1695e+02
4.1742e+02
4.1780e+02
4.1807e+02
4.1823e+02
4.1828e+02
4.1821e+02
4.1803e+02
4.1775e+02
4.1738e+02
4.1694e+02
4.1643e+02
4.1587e+02
4.1530e+02
4.1472e+02
4.1417e+02
4.1367e+02
4.1324e+02
4.1292e+02
4.1271e+02
4.1263e+02
4.1269e+02
4.1287e+02
4.1315e+02
4.1350e+02
4.1387e+02
4.1422e+02
4.1450e+02
4.1464e+02
4.1460e+02
4.1436e+02
4.1391e+02
4.1326e+02
4.1242e+02
4.1145e+02
4.1039e+02
4.0933e+02
4.0831e+02
4.0740e+02
4.0666e+02
4.0611e+02
4.0576e+02
4.0560e+02
4.0558e+02
4.0569e+02
4.0586e+02
4.0605e+02
4.0622e+02
4.0632e+02
4.0634e+02
4.0627e+02
4.0612e+02
4.0589e+02
4.0560e+02
4.0527e+02
4.0492e+02
4.0453e+02
4.0411e+02
4.0366e+02
4.0316e+02
4.0259e+02
4.0193e+02
4.0117e+02
4.0029e+02
3.9929e+02
3.9819e+02
3.9699e+02
3.9572e+02
3.9440e+02
3.9306e+02
3.9175e+02
3.9049e+02
3.8929e+02
3.8817e+02
3.8713e+02
3.8616e+02
3.8526e+02
3.8440e+02
3.8354e+02
3.8266e+02
3.8175e+02
3.8077e+02
3.7972e+02
3.7861e+02
3.7742e+02
3.7618e+02
3.7491e+02
3.7363e+02
3.7237e+02
3.7113e+02
3.6990e+02
3.6867e+02
3.6740e+02
3.6604e+02
3.6454e+02
3.6287e+02
3.6100e+02
3.5893e+02
3.5666e+02
3.5425e+02
3.5177e+02
3.4932e+02
3.4700e+02
3.4494e+02
3.4327e+02
3.4206e+02
3.4137e+02
3.4122e+02
3.4160e+02
3.4245e+02
3.4366e+02
3.4512e+02
3.4668e+02
3.4821e+02
3.4959e+02
3.5073e+02
3.5157e+02
3.5207e+02
3.5225e+02
3.5217e+02
3.5190e+02
3.5154e+02
3.5120e+02
3.5100e+02
3.5101e+02
3.5131e+02
3.5191e+02
3.5282e+02
3.5398e+02
3.5535e+02
3.5684e+02
3.5833e+02
3.5975e+02
3.6099e+02
3.6200e+02
3.6274e+02
3.6319e+02
3.6337e+02
3.6331e+02
3.6303e+02
3.6260e+02
3.6204e+02
3.6139e+02
3.6065e+02
3.5983e+02
3.5890e+02
3.5784e+02
3.5662e+02
3.5523e+02
3.5365e+02
3.5188e+02
3.4995e+02
3.4789e+02
3.4576e+02
3.4361e+02
3.4149e+02
3.3945e+02
3.3752e+02
3.3575e+02
3.3412e+02
3.3265e+02
3.3131e+02
3.3009e+02
3.2896e+02
3.2789e+02
3.2688e+02
3.2590e+02
3.2496e+02
3.2408e+02
3.2327e+02
3.2255e+02
3.2197e+02
3.2155e+02
3.2130e+02
3.2126e+02
3.2144e+02
3.2184e+02
3.2244e+02
3.2322e+02
3.2414e+02
3.2519e+02
3.2632e+02
3.2750e+02
3.2871e+02
3.2991e+02
3.3109e+02
3.3222e+02
3.3330e+02
3.3433e+02
3.3529e+02
3.3618e+02
3.3698e+02
3.3767e+02
3.3825e+02
3.3872e+02
3.3906e+02
3.3930e+02
3.3944e+02
3.3953e+02
3.3960e+02
3.3973e+02
3.3997e+02
3.4037e+02
3.4100e+02
3.4186e+02
3.4298e+02
3.4434e+02
3.4588e+02
3.4755e+02
3.4926e+02
3.5094e+02
3.5250e+02
3.5387e+02
3.5501e+02
3.5590e+02
3.5655e+02
3.5702e+02
3.5738e+02
3.5770e+02
3.5808e+02
3.5861e+02
3.5935e+02
3.6035e+02
3.6161e+02
3.6310e+02
3.6477e+02
3.6653e+02
3.6826e+02
3.6985e+02
3.7116e+02
3.7207e+02
3.7248e+02
3.7230e+02
3.7149e+02
3.7002e+02
3.6792e+02
3.6523e+02
3.6206e+02
3.5853e+02
3.5479e+02
3.5099e+02
3.4731e+02
3.4389e+02
3.4087e+02
3.3837e+02
3.3647e+02
3.3521e+02
3.3459e+02
3.3456e+02
3.3505e+02
3.3594e+02
3.3711e+02
3.3844e+02
3.3979e+02
3.4105e+02
3.4215e+02
3.4302e+02
3.4361e+02
3.4394e+02
3.4400e+02
3.4382e+02
3.4345e+02
3.4291e+02
3.4227e+02
3.4156e+02
3.4081e+02
3.4006e+02
3.3934e+02
3.3865e+02
3.3802e+02
3.3746e+02
3.3696e+02
3.3653e+02
3.3618e+02
3.3592e+02
3.3574e+02
3.3567e+02
3.3571e+02
3.3590e+02
3.3625e+02
3.3680e+02
3.3758e+02
3.3860e+02
3.3987e+02
3.4138e+02
3.4309e+02
3.4495e+02
3.4687e+02
3.4876e+02
3.5052e+02
3.5204e+02
3.5324e+02
3.5403e+02
3.5436e+02
3.5421e+02
3.5359e+02
3.5254e+02
3.5114e+02
3.4946e+02
3.4760e+02
3.4566e+02
3.4371e+02
3.4184e+02
3.4010e+02
3.3852e+02
3.3710e+02
3.3585e+02
3.3471e+02
3.3365e+02
3.3261e+02
3.3155e+02
3.3043e+02
3.2921e+02
3.2787e+02
3.2643e+02
3.2490e+02
3.2333e+02
3.2177e+02
3.2030e+02
3.1898e+02
3.1786e+02
3.1699e+02
3.1640e+02
3.1611e+02
3.1611e+02
3.1637e+02
3.1684e+02
3.1745e+02
3.1816e+02
3.1889e+02
3.1959e+02
3.2020e+02
3.2071e+02
3.2108e+02
3.2130e+02
3.2138e+02
3.2133e+02
3.2117e+02
3.2092e+02
3.2058e+02
3.2016e+02
3.1968e+02
3.1914e+02
3.1853e+02
3.1784e+02
3.1709e+02
3.1628e+02
3.1539e+02
3.1445e+02
3.1346e+02
3.1246e+02
3.1146e+02
3.1048e+02
3.0955e+02
3.0868e+02
3.0788e+02
3.0714e+02
3.0646e+02
3.0580e+02
3.0514e+02
3.0442e+02
3.0361e+02
3.0266e+02
3.0155e+02
3.0028e+02
2.9883e+02
2.9722e+02
2.9547e+02
2.9361e+02
2.9169e+02
2.8975e+02
2.8781e+02
2.8592e+02
2.8406e+02
2.8225e+02
2.8047e+02
2.7870e+02
2.7693e+02
2.7514e+02
2.7332e+02
2.7148e+02
2.6960e+02
2.6771e+02
2.6581e+02
2.6391e+02
2.6202e+02
2.6014e+02
2.5825e+02
2.5634e+02
2.5441e+02
2.5245e+02
2.5046e+02
2.4845e+02
2.4644e+02
2.4447e+02
2.4257e+02
2.4079e+02
2.3917e+02
2.3775e+02
2.3657e+02
2.3563e+02
2.3492e+02
2.3440e+02
2.3404e+02
2.3377e+02
2.3354e+02
2.3330e+02
2.3299e+02
2.3255e+02
2.3195e+02
2.3117e+02
2.3023e+02
2.2914e+02
2.2793e+02
2.2664e+02
2.2532e+02
2.2401e+02
2.2272e+02
2.2149e+02
2.2031e+02
2.1919e+02
2.1812e+02
2.1708e+02
2.1606e+02
2.1506e+02
2.1409e+02
2.1315e+02
2.1227e+02
2.1149e+02
2.1083e+02
2.1031e+02
2.0996e+02
2.0976e+02
2.0971e+02
2.0978e+02
2.0992e+02
2.1011e+02
2.1028e+02
2.1043e+02
2.1053e+02
2.1058e+02
2.1059e+02
2.1057e+02
2.1053e+02
2.1051e+02
2.1051e+02
2.1051e+02
2.1052e+02
2.1051e+02
2.1044e+02
2.1028e+02
2.0999e+02
2.0955e+02
2.0895e+02
2.0818e+02
2.0726e+02
2.0623e+02
2.0514e+02
2.0403e+02
2.0299e+02
2.0207e+02
2.0136e+02
2.0092e+02
2.0084e+02
2.0115e+02
2.0186e+02
2.0296e+02
2.0442e+02
2.0616e+02
2.0809e+02
2.1008e+02
2.1198e+02
2.1365e+02
2.1494e+02
2.1573e+02
2.1594e+02
2.1552e+02
2.1446e+02
2.1283e+02
2.1071e+02
2.0822e+02
2.0552e+02
2.0274e+02
2.0005e+02
1.9760e+02
1.9550e+02
1.9385e+02
1.9271e+02
1.9211e+02
1.9205e+02
1.9250e+02
1.9339e+02
1.9465e+02
1.9615e+02
1.9777e+02
1.9939e+02
2.0092e+02
2.0223e+02
2.0323e+02
2.0387e+02
2.0409e+02
2.0390e+02
2.0332e+02
2.0240e+02
2.0123e+02
1.9988e+02
1.9844e+02
1.9700e+02
1.9563e+02
1.9439e+02
1.9331e+02
1.9241e+02
1.9171e+02
1.9122e+02
1.9092e+02
1.9080e+02
1.9085e+02
1.9107e+02
1.9147e+02
1.9205e+02
1.9282e+02
1.9379e+02
1.9494e+02
1.9628e+02
1.9778e+02
1.9941e+02
2.0112e+02
2.0287e+02
2.0460e+02
2.0627e+02
2.0784e+02
2.0928e+02
2.1059e+02
2.1176e+02
2.1280e+02
2.1373e+02
2.1460e+02
2.1542e+02
2.1623e+02
2.1703e+02
2.1783e+02
2.1863e+02
2.1943e+02
2.2020e+02
2.2091e+02
2.2153e+02
2.2204e+02
2.2241e+02
2.2263e+02
2.2268e+02
2.2256e+02
2.2228e+02
2.2183e+02
2.2125e+02
2.2056e+02
2.1977e+02
2.1893e+02
2.1807e+02
2.1719e+02
2.1634e+02
2.1554e+02
2.1481e+02
2.1415e+02
2.1355e+02
2.1301e+02
2.1250e+02
2.1202e+02
2.1152e+02
2.1100e+02
2.1045e+02
2.0984e+02
2.0919e+02
2.0849e+02
2.0776e+02
2.0703e+02
2.0632e+02
2.0565e+02
2.0503e+02
2.0448e+02
2.0397e+02
2.0352e+02
2.0309e+02
2.0266e+02
2.0218e+02
2.0162e+02
2.0094e+02
2.0012e+02
1.9912e+02
1.9795e+02
1.9658e+02
1.9505e+02
1.9336e+02
1.9153e+02
1.8961e+02
1.8764e+02
1.8566e+02
1.8371e+02
1.8182e+02
1.8004e+02
1.7838e+02
1.7686e+02
1.7548e+02
1.7422e+02
1.7308e+02
1.7201e+02
1.7098e+02
1.6996e+02
1.6889e+02
1.6776e+02
1.6654e+02
1.6521e+02
1.6377e+02
1.6220e+02
1.6053e+02
1.5877e+02
1.5697e+02
1.5516e+02
1.5338e+02
1.5168e+02
1.5009e+02
1.4867e+02
1.4744e+02
1.4643e+02
1.4566e+02
1.4513e+02
1.4482e+02
1.4473e+02
1.4481e+02
1.4502e+02
1.4530e+02
1.4561e+02
1.4591e+02
1.4617e+02
1.4636e+02
1.4649e+02
1.4655e+02
1.4658e+02
1.4660e+02
1.4666e+02
1.4678e+02
1.4701e+02
1.4738e+02
1.4791e+02
1.4861e+02
1.4947e+02
1.5047e+02
1.5159e+02
1.5277e+02
1.5396e+02
1.5512e+02
1.5620e+02
1.5714e+02
1.5791e+02
1.5849e+02
1.5884e+02
1.5898e+02
1.5891e+02
1.5865e+02
1.5822e+02
1.5765e+02
1.5698e+02
1.5623e+02
1.5543e+02
1.5459e+02
1.5375e+02
1.5292e+02
1.5210e+02
1.5129e+02
1.5050e+02
1.4971e+02
1.4893e+02
1.4814e+02
1.4733e+02
1.4649e+02
1.4561e+02
1.4468e+02
1.4371e+02
1.4269e+02
1.4163e+02
1.4053e+02
1.3942e+02
1.3831e+02
1.3721e+02
1.3615e+02
1.3514e+02
1.3419e+02
1.3330e+02
1.3247e+02
1.3171e+02
1.3099e+02
1.3032e+02
1.2969e+02
1.2908e+02
1.2849e+02
1.2793e+02
1.2737e+02
1.2683e+02
1.2630e+02
1.2579e+02
1.2532e+02
1.2488e+02
1.2447e+02
1.2409e+02
1.2375e+02
1.2346e+02
1.2325e+02
1.2315e+02
1.2321e+02
1.2346e+02
1.2397e+02
1.2478e+02
1.2596e+02
1.2754e+02
1.2953e+02
1.3192e+02
1.3466e+02
1.3770e+02
1.4094e+02
1.4426e+02
1.4756e+02
1.5073e+02
1.5366e+02
1.5630e+02
1.5858e+02
1.6048e+02
1.6201e+02
1.6319e+02
1.6406e+02
1.6467e+02
1.6506e+02
1.6529e+02
1.6537e+02
1.6532e+02
1.6514e+02
1.6484e+02
1.6440e+02
1.6380e+02
1.6303e+02
1.6208e+02
1.6097e+02
1.5970e+02
1.5830e+02
1.5681e+02
1.5529e+02
1.5378e+02
1.5234e+02
1.5103e+02
1.4992e+02
1.4904e+02
1.4846e+02
1.4818e+02
1.4822e+02
1.4856e+02
1.4916e+02
1.5000e+02
1.5101e+02
1.5212e+02
1.5328e+02
1.5440e+02
1.5542e+02
1.5630e+02
1.5699e+02
1.5749e+02
1.5781e+02
1.5799e+02
1.5805e+02
1.5805e+02
1.5803e+02
1.5806e+02
1.5821e+02
1.5853e+02
1.5909e+02
1.5992e+02
1.6104e+02
1.6251e+02
1.6432e+02
1.6648e+02
1.6900e+02
1.7183e+02
1.7494e+02
1.7828e+02
1.8177e+02
1.8535e+02
1.8892e+02
1.9240e+02
1.9572e+02
1.9880e+02
2.0159e+02
2.0403e+02
2.0609e+02
2.0771e+02
2.0888e+02
2.0956e+02
2.0971e+02
2.0930e+02
2.0829e+02
2.0666e+02
2.0443e+02
2.0164e+02
1.9835e+02
1.9464e+02
1.9063e+02
1.8647e+02
1.8231e+02
1.7833e+02
1.7464e+02
1.7135e+02
1.6855e+02
1.6625e+02
1.6444e+02
1.6306e+02
1.6203e+02
1.6125e+02
1.6062e+02
1.6004e+02
1.5941e+02
1.5868e+02
1.5781e+02
1.5679e+02
1.5563e+02
1.5436e+02
1.5305e+02
1.5174e+02
1.5048e+02
1.4932e+02
1.4831e+02
1.4745e+02
1.4678e+02
1.4627e+02
1.4588e+02
1.4560e+02
1.4535e+02
1.4509e+02
1.4475e+02
1.4428e+02
1.4364e+02
1.4281e+02
1.4176e+02
1.4051e+02
1.3907e+02
1.3747e+02
1.3576e+02
1.3397e+02
1.3215e+02
1.3034e+02
1.2857e+02
1.2687e+02
1.2525e+02
1.2372e+02
1.2227e+02
1.2090e+02
1.1961e+02
1.1839e+02
1.1722e+02
1.1611e+02
1.1505e+02
1.1406e+02
1.1312e+02
1.1225e+02
1.1146e+02
1.1075e+02
1.1014e+02
1.0962e+02
1.0920e+02
1.0887e+02
1.0860e+02
1.0838e+02
1.0817e+02
1.0794e+02
1.0768e+02
1.0736e+02
1.0699e+02
1.0658e+02
1.0616e+02
1.0578e+02
1.0551e+02
1.0541e+02
1.0557e+02
1.0601e+02
1.0679e+02
1.0790e+02
1.0931e+02
1.1096e+02
1.1273e+02
1.1449e+02
1.1608e+02
1.1733e+02
1.1812e+02
1.1831e+02
1.1783e+02
1.1664e+02
1.1475e+02
1.1220e+02
1.0909e+02
1.0555e+02
1.0171e+02
9.7718e+01
9.3708e+01
8.9811e+01
8.6127e+01
8.2735e+01
7.9686e+01
7.7013e+01
7.4728e+01
7.2827e+01
7.1295e+01
7.0107e+01
6.9226e+01
6.8611e+01
6.8223e+01
6.8011e+01
6.7923e+01
6.7911e+01
6.7932e+01
6.7954e+01
6.7953e+01
6.7915e+01
6.7829e+01
6.7689e+01
6.7494e+01
6.7251e+01
6.6969e+01
6.6648e+01
6.6286e+01
6.5879e+01
6.5421e+01
6.4903e+01
6.4318e+01
6.3659e+01
6.2921e+01
6.2108e+01
6.1230e+01
6.0305e+01
5.9351e+01
5.8393e+01
5.7457e+01
5.6569e+01
5.5749e+01
5.5007e+01
5.4348e+01
5.3774e+01
5.3291e+01
5.2890e+01
5.2554e+01
5.2270e+01
5.2029e+01
5.1822e+01
5.1639e+01
5.1477e+01
5.1334e+01
5.1211e+01
5.1100e+01
5.0988e+01
5.0855e+01
5.0669e+01
5.0393e+01
4.9984e+01
4.9406e+01
4.8622e+01
4.7598e+01
4.6320e+01
4.4793e+01
4.3037e+01
4.1085e+01
3.8989e+01
3.6801e+01
3.4577e+01
3.2373e+01
3.0234e+01
2.8203e+01
2.6309e+01
2.4565e+01
2.2967e+01
2.1515e+01
2.0194e+01
1.8989e+01
1.7887e+01
1.6878e+01
1.5956e+01
1.5106e+01
1.4320e+01
1.3587e+01
1.2901e+01
1.2258e+01
1.1649e+01
1.1078e+01
1.0541e+01
1.0042e+01
9.5785e+00
9.1588e+00
8.7942e+00
8.4974e+00
8.2750e+00
8.1283e+00
8.0614e+00
8.0686e+00
8.1432e+00
8.2675e+00
8.4225e+00
8.5904e+00
8.7542e+00
8.8988e+00
9.0147e+00
9.1019e+00
9.1595e+00
9.2019e+00
9.2474e+00
9.3132e+00
9.4193e+00
9.5844e+00
9.8253e+00
1.0149e+01
1.0563e+01
1.1060e+01
1.1626e+01
1.2238e+01
1.2864e+01
1.3475e+01
1.4036e+01
1.4517e+01
1.4885e+01
1.5111e+01
1.5174e+01
1.5065e+01
1.4789e+01
1.4356e+01
1.3785e+01
1.3103e+01
1.2344e+01
1.1542e+01
1.0730e+01
9.9380e+00
9.1913e+00
8.5066e+00
7.8835e+00
7.3153e+00
6.7833e+00
6.2682e+00
5.7465e+00
5.1949e+00
4.5959e+00
3.9435e+00
3.2474e+00
2.5245e+00
1.8073e+00
1.1410e+00
5.8179e-01
1.8517e-01
0000
6.3648e-02
3.8408e-01
9.4211e-01
1.6953e+00
2.5856e+00
3.5355e+00
4.4682e+00
5.3179e+00
6.0349e+00
6.6013e+00
7.0363e+00
7.4038e+00
7.7985e+00
8.3414e+00
9.1609e+00
1.0381e+01
1.2115e+01
1.4438e+01
1.7391e+01
2.0957e+01
2.5081e+01
2.9669e+01
3.4608e+01
3.9773e+01
4.5042e+01
5.0308e+01
5.5483e+01
6.0507e+01
6.5344e+01
6.9977e+01
7.4412e+01
7.8663e+01
8.2754e+01
8.6715e+01
9.0574e+01
9.4339e+01
9.8012e+01
1.0158e+02
1.0504e+02
1.0838e+02
1.1160e+02
1.1469e+02
1.1763e+02
1.2044e+02
1.2311e+02
1.2565e+02
1.2808e+02
1.3042e+02
1.3268e+02
1.3489e+02
1.3707e+02
1.3925e+02
1.4144e+02
1.4365e+02
1.4589e+02
1.4817e+02
1.5050e+02
1.5287e+02
1.5527e+02
1.5769e+02
1.6011e+02
1.6252e+02
1.6489e+02
1.6721e+02
1.6948e+02
1.7169e+02
1.7383e+02
1.7593e+02
1.7799e+02
1.8004e+02
1.8208e+02
1.8416e+02
1.8627e+02
1.8845e+02
1.9071e+02
1.9306e+02
1.9549e+02
1.9799e+02
2.0056e+02
2.0317e+02
2.0582e+02
2.0845e+02
2.1105e+02
2.1359e+02
2.1603e+02
2.1835e+02
2.2052e+02
2.2251e+02
2.2432e+02
2.2593e+02
2.2737e+02
2.2863e+02
2.2976e+02
2.3079e+02
2.3173e+02
2.3265e+02
2.3356e+02
2.3450e+02
2.3549e+02
2.3657e+02
2.3774e+02
2.3901e+02
2.4037e+02
2.4183e+02
2.4337e+02
2.4498e+02
2.4663e+02
2.4830e+02
2.4995e+02
2.5156e+02
2.5306e+02
2.5442e+02
2.5560e+02
2.5655e+02
2.5726e+02
2.5768e+02
2.5784e+02
2.5774e+02
2.5742e+02
2.5693e+02
2.5633e+02
2.5571e+02
2.5512e+02
2.5462e+02
2.5424e+02
2.5400e+02
2.5388e+02
2.5385e+02
2.5385e+02
2.5380e+02
2.5363e+02
2.5327e+02
2.5265e+02
2.5175e+02
2.5056e+02
2.4911e+02
2.4744e+02
2.4564e+02
2.4379e+02
2.4198e+02
2.4029e+02
2.3878e+02
2.3748e+02
2.3643e+02
2.3559e+02
2.3495e+02
2.3446e+02
2.3403e+02
2.3361e+02
2.3315e+02
2.3258e+02
2.3186e+02
2.3097e+02
2.2992e+02
2.2872e+02
2.2740e+02
2.2600e+02
2.2455e+02
2.2309e+02
2.2165e+02
2.2023e+02
2.1884e+02
2.1747e+02
2.1610e+02
2.1471e+02
2.1328e+02
2.1182e+02
2.1032e+02
2.0880e+02
2.0730e+02
2.0585e+02
2.0452e+02
2.0334e+02
2.0235e+02
2.0158e+02
2.0104e+02
2.0071e+02
2.0059e+02
2.0065e+02
2.0084e+02
2.0112e+02
2.0147e+02
2.0184e+02
2.0222e+02
2.0260e+02
2.0297e+02
2.0334e+02
2.0371e+02
2.0409e+02
2.0448e+02
2.0491e+02
2.0538e+02
2.0591e+02
2.0649e+02
2.0714e+02
2.0786e+02
2.0864e+02
2.0949e+02
2.1039e+02
2.1133e+02
2.1227e+02
2.1320e+02
2.1410e+02
2.1495e+02
2.1576e+02
2.1651e+02
2.1723e+02
2.1794e+02
2.1869e+02
2.1950e+02
2.2042e+02
2.2150e+02
2.2274e+02
2.2418e+02
2.2581e+02
2.2762e+02
2.2956e+02
2.3160e+02
2.3366e+02
2.3569e+02
2.3763e+02
2.3940e+02
2.4096e+02
2.4227e+02
2.4330e+02
2.4405e+02
2.4453e+02
2.4475e+02
2.4476e+02
2.4458e+02
2.4426e+02
2.4388e+02
2.4346e+02
2.4306e+02
2.4271e+02
2.4244e+02
2.4228e+02
2.4225e+02
2.4232e+02
2.4251e+02
2.4280e+02
2.4317e+02
2.4359e+02
2.4407e+02
2.4457e+02
2.4509e+02
2.4565e+02
2.4625e+02
2.4692e+02
2.4768e+02
2.4855e+02
2.4956e+02
2.5070e+02
2.5198e+02
2.5337e+02
2.5483e+02
2.5630e+02
2.5771e+02
2.5902e+02
2.6017e+02
2.6112e+02
2.6185e+02
2.6236e+02
2.6268e+02
2.6286e+02
2.6295e+02
2.6304e+02
2.6319e+02
2.6342e+02
2.6377e+02
2.6422e+02
2.6476e+02
2.6533e+02
2.6588e+02
2.6634e+02
2.6668e+02
2.6684e+02
2.6681e+02
2.6663e+02
2.6633e+02
2.6597e+02
2.6564e+02
2.6540e+02
2.6532e+02
2.6544e+02
2.6577e+02
2.6630e+02
2.6698e+02
2.6774e+02
2.6850e+02
2.6916e+02
2.6965e+02
2.6990e+02
2.6984e+02
2.6946e+02
2.6872e+02
2.6763e+02
2.6622e+02
2.6452e+02
2.6261e+02
2.6056e+02
2.5843e+02
2.5629e+02
2.5422e+02
2.5228e+02
2.5053e+02
2.4899e+02
2.4770e+02
2.4665e+02
2.4585e+02
2.4524e+02
2.4479e+02
2.4443e+02
2.4412e+02
2.4379e+02
2.4339e+02
2.4291e+02
2.4232e+02
2.4163e+02
2.4087e+02
2.4010e+02
2.3938e+02
2.3880e+02
2.3843e+02
2.3835e+02
2.3865e+02
2.3938e+02
2.4059e+02
2.4230e+02
2.4450e+02
2.4717e+02
2.5028e+02
2.5378e+02
2.5760e+02
2.6169e+02
2.6599e+02
2.7046e+02
2.7504e+02
2.7972e+02
2.8447e+02
2.8925e+02
2.9405e+02
2.9885e+02
3.0363e+02
3.0838e+02
3.1306e+02
3.1765e+02
3.2212e+02
3.2645e+02
3.3062e+02
3.3463e+02
3.3845e+02
3.4209e+02
3.4556e+02
3.4886e+02
3.5202e+02
3.5506e+02
3.5800e+02
3.6088e+02
3.6371e+02
3.6651e+02
3.6931e+02
3.7210e+02
3.7489e+02
3.7767e+02
3.8042e+02
3.8313e+02
3.8577e+02
3.8832e+02
3.9076e+02
3.9308e+02
3.9530e+02
3.9740e+02
3.9942e+02
4.0135e+02
4.0324e+02
4.0510e+02
4.0696e+02
4.0883e+02
4.1072e+02
4.1263e+02
4.1455e+02
4.1647e+02
4.1834e+02
4.2015e+02
4.2186e+02
4.2346e+02
4.2491e+02
4.2620e+02
4.2733e+02
4.2831e+02
4.2913e+02
4.2983e+02
4.3043e+02
4.3093e+02
4.3138e+02
4.3178e+02
4.3215e+02
4.3249e+02
4.3279e+02
4.3299e+02
4.3299e+02
4.3271e+02
4.3204e+02
4.3090e+02
4.2920e+02
4.2685e+02
4.2382e+02
4.2014e+02
4.1587e+02
4.1113e+02
4.0611e+02
4.0103e+02
3.9612e+02
3.9160e+02
3.8768e+02
3.8450e+02
3.8214e+02
3.8063e+02
3.7994e+02
3.7996e+02
3.8057e+02
3.8163e+02
3.8299e+02
3.8451e+02
3.8611e+02
3.8770e+02
3.8927e+02
3.9078e+02
3.9224e+02
3.9367e+02
3.9509e+02
3.9653e+02
3.9799e+02
3.9946e+02
4.0089e+02
4.0226e+02
4.0354e+02
4.0470e+02
4.0573e+02
4.0662e+02
4.0736e+02
4.0797e+02
4.0846e+02
4.0887e+02
4.0924e+02
4.0960e+02
4.1000e+02
4.1048e+02
4.1110e+02
4.1187e+02
4.1283e+02
4.1398e+02
4.1533e+02
4.1688e+02
4.1860e+02
4.2047e+02
4.2244e+02
4.2447e+02
4.2650e+02
4.2848e+02
4.3036e+02
4.3211e+02
4.3368e+02
4.3505e+02
4.3621e+02
4.3716e+02
4.3790e+02
4.3845e+02
4.3884e+02
4.3909e+02
4.3923e+02
4.3930e+02
4.3933e+02
4.3934e+02
4.3937e+02
4.3944e+02
4.3956e+02
4.3975e+02
4.4000e+02
4.4032e+02
4.4072e+02
4.4118e+02
4.4171e+02
4.4231e+02
4.4299e+02
4.4374e+02
4.4458e+02
4.4551e+02
4.4654e+02
4.4766e+02
4.4887e+02
4.5015e+02
4.5148e+02
4.5282e+02
4.5413e+02
4.5536e+02
4.5647e+02
4.5739e+02
4.5808e+02
4.5852e+02
4.5867e+02
4.5851e+02
4.5807e+02
4.5734e+02
4.5637e+02
4.5520e+02
4.5386e+02
4.5242e+02
4.5093e+02
4.4943e+02
4.4798e+02
4.4661e+02
4.4536e+02
4.4428e+02
4.4337e+02
4.4266e+02
4.4214e+02
4.4182e+02
4.4170e+02
4.4178e+02
4.4204e+02
4.4249e+02
4.4312e+02
4.4393e+02
4.4492e+02
4.4610e+02
4.4746e+02
4.4902e+02
4.5076e+02
4.5269e+02
4.5477e+02
4.5701e+02
4.5937e+02
4.6182e+02
4.6433e+02
4.6685e+02
4.6936e+02
4.7183e+02
4.7424e+02
4.7659e+02
4.7887e+02
4.8108e+02
4.8323e+02
4.8535e+02
4.8742e+02
4.8945e+02
4.9145e+02
4.9344e+02
4.9541e+02
4.9738e+02
4.9935e+02
5.0134e+02
5.0336e+02
5.0543e+02
5.0756e+02
5.0977e+02
5.1208e+02
5.1449e+02
5.1698e+02
5.1954e+02
5.2214e+02
5.2475e+02
5.2732e+02
5.2983e+02
5.3223e+02
5.3448e+02
5.3654e+02
5.3840e+02
5.4002e+02
5.4140e+02
5.4253e+02
5.4341e+02
5.4406e+02
5.4449e+02
5.4474e+02
5.4485e+02
5.4488e+02
5.4486e+02
5.4484e+02
5.4487e+02
5.4499e+02
5.4523e+02
5.4560e+02
5.4608e+02
5.4668e+02
5.4736e+02
5.4809e+02
5.4883e+02
5.4953e+02
5.5017e+02
5.5070e+02
5.5110e+02
5.5134e+02
5.5141e+02
5.5129e+02
5.5097e+02
5.5045e+02
5.4974e+02
5.4882e+02
5.4773e+02
5.4647e+02
5.4506e+02
5.4349e+02
5.4177e+02
5.3991e+02
5.3793e+02
5.3580e+02
5.3354e+02
5.3114e+02
5.2860e+02
5.2595e+02
5.2319e+02
5.2037e+02
5.1750e+02
5.1465e+02
5.1185e+02
5.0915e+02
5.0658e+02
5.0418e+02
5.0196e+02
4.9993e+02
4.9808e+02
4.9640e+02
4.9489e+02
4.9353e+02
4.9231e+02
4.9124e+02
4.9032e+02
4.8956e+02
4.8896e+02
4.8855e+02
4.8831e+02
4.8825e+02
4.8838e+02
4.8866e+02
4.8908e+02
4.8960e+02
4.9020e+02
4.9085e+02
4.9155e+02
4.9226e+02
4.9300e+02
4.9375e+02
4.9454e+02
4.9536e+02
4.9624e+02
4.9718e+02
4.9819e+02
4.9925e+02
5.0035e+02
5.0148e+02
5.0261e+02
5.0373e+02
5.0480e+02
5.0582e+02
5.0677e+02
5.0765e+02
5.0847e+02
5.0924e+02
5.0997e+02
5.1068e+02
5.1140e+02
5.1212e+02
5.1285e+02
5.1359e+02
5.1434e+02
5.1509e+02
5.1582e+02
5.1652e+02
5.1717e+02
5.1777e+02
5.1833e+02
5.1884e+02
5.1933e+02
5.1980e+02
5.2028e+02
5.2080e+02
5.2138e+02
5.2203e+02
5.2278e+02
5.2363e+02
5.2458e+02
5.2562e+02
5.2672e+02
5.2786e+02
5.2901e+02
5.3016e+02
5.3129e+02
5.3236e+02
5.3337e+02
5.3433e+02
5.3523e+02
5.3607e+02
5.3687e+02
5.3762e+02
5.3834e+02
5.3902e+02
5.3964e+02
5.4019e+02
5.4068e+02
5.4109e+02
5.4143e+02
5.4169e+02
5.4190e+02
5.4206e+02
5.4219e+02
5.4232e+02
5.4247e+02
5.4267e+02
5.4291e+02
5.4321e+02
5.4357e+02
5.4400e+02
5.4448e+02
5.4502e+02
5.4560e+02
5.4622e+02
5.4688e+02
5.4756e+02
5.4827e+02
5.4898e+02
5.4968e+02
5.5039e+02
5.5108e+02
5.5176e+02
5.5244e+02
5.5311e+02
5.5378e+02
5.5447e+02
5.5516e+02
5.5585e+02
5.5652e+02
5.5714e+02
5.5770e+02
5.5814e+02
5.5845e+02
5.5860e+02
5.5857e+02
5.5837e+02
5.5802e+02
5.5757e+02
5.5706e+02
5.5655e+02
5.5613e+02
5.5585e+02
5.5577e+02
5.5593e+02
5.5636e+02
5.5709e+02
5.5810e+02
5.5938e+02
5.6091e+02
5.6265e+02
5.6455e+02
5.6656e+02
5.6863e+02
5.7073e+02
5.7279e+02
5.7479e+02
5.7668e+02
5.7843e+02
5.8003e+02
5.8145e+02
5.8270e+02
5.8376e+02
5.8464e+02
5.8534e+02
5.8587e+02
5.8624e+02
5.8645e+02
5.8652e+02
5.8647e+02
5.8632e+02
5.8609e+02
5.8581e+02
5.8551e+02
5.8523e+02
5.8499e+02
5.8481e+02
5.8472e+02
5.8474e+02
5.8487e+02
5.8510e+02
5.8542e+02
5.8580e+02
5.8622e+02
5.8663e+02
5.8701e+02
5.8732e+02
5.8755e+02
5.8767e+02
5.8767e+02
5.8757e+02
5.8737e+02
5.8709e+02
5.8676e+02
5.8642e+02
5.8610e+02
5.8583e+02
5.8563e+02
5.8552e+02
5.8552e+02
5.8560e+02
5.8577e+02
5.8598e+02
5.8621e+02
5.8642e+02
5.8658e+02
5.8666e+02
5.8663e+02
5.8648e+02
5.8619e+02
5.8576e+02
5.8521e+02
5.8455e+02
5.8382e+02
5.8304e+02
5.8225e+02
5.8148e+02
5.8076e+02
5.8012e+02
5.7957e+02
5.7912e+02
5.7877e+02
5.7851e+02
5.7832e+02
5.7815e+02
5.7798e+02
5.7778e+02
5.7750e+02
5.7712e+02
5.7663e+02
5.7600e+02
5.7524e+02
5.7437e+02
5.7341e+02
5.7238e+02
5.7132e+02
5.7028e+02
5.6929e+02
5.6838e+02
5.6758e+02
5.6692e+02
5.6642e+02
5.6609e+02
5.6593e+02
5.6594e+02
5.6612e+02
5.6646e+02
5.6695e+02
5.6758e+02
5.6828e+02
5.6895e+02
5.6943e+02
5.6955e+02
5.6910e+02
5.6784e+02
5.6555e+02
5.6198e+02
5.5695e+02
5.5034e+02
5.4215e+02
5.3246e+02
5.2149e+02
5.0954e+02
4.9700e+02
