4.3656e+02
4.3162e+02
4.2800e+02
4.2584e+02
4.2516e+02
4.2583e+02
4.2766e+02
4.3035e+02
4.3354e+02
4.3689e+02
4.4010e+02
4.4290e+02
4.4513e+02
4.4670e+02
4.4760e+02
4.4785e+02
4.4758e+02
4.4696e+02
4.4618e+02
4.4541e+02
4.4480e+02
4.4449e+02
4.4458e+02
4.4515e+02
4.4624e+02
4.4785e+02
4.4993e+02
4.5239e+02
4.5512e+02
4.5796e+02
4.6075e+02
4.6332e+02
4.6550e+02
4.6717e+02
4.6823e+02
4.6864e+02
4.6839e+02
4.6750e+02
4.6605e+02
4.6416e+02
4.6193e+02
4.5946e+02
4.5686e+02
4.5420e+02
4.5155e+02
4.4896e+02
4.4648e+02
4.4413e+02
4.4193e+02
4.3989e+02
4.3802e+02
4.3633e+02
4.3484e+02
4.3354e+02
4.3242e+02
4.3145e+02
4.3061e+02
4.2987e+02
4.2916e+02
4.2843e+02
4.2765e+02
4.2677e+02
4.2577e+02
4.2462e+02
4.2331e+02
4.2180e+02
4.2008e+02
4.1816e+02
4.1605e+02
4.1373e+02
4.1123e+02
4.0857e+02
4.0581e+02
4.0300e+02
4.0022e+02
3.9757e+02
3.9513e+02
3.9300e+02
3.9129e+02
3.9004e+02
3.8932e+02
3.8914e+02
3.8950e+02
3.9032e+02
3.9154e+02
3.9304e+02
3.9469e+02
3.9637e+02
3.9796e+02
3.9935e+02
4.0046e+02
4.0122e+02
4.0161e+02
4.0160e+02
4.0121e+02
4.0046e+02
3.9941e+02
3.9810e+02
3.9658e+02
3.9492e+02
3.9316e+02
3.9137e+02
3.8958e+02
3.8786e+02
3.8625e+02
3.8479e+02
3.8354e+02
3.8252e+02
3.8176e+02
3.8127e+02
3.8104e+02
3.8105e+02
3.8127e+02
3.8163e+02
3.8206e+02
3.8249e+02
3.8283e+02
3.8301e+02
3.8293e+02
3.8256e+02
3.8183e+02
3.8073e+02
3.7926e+02
3.7747e+02
3.7539e+02
3.7309e+02
3.7061e+02
3.6803e+02
3.6541e+02
3.6281e+02
3.6027e+02
3.5783e+02
3.5553e+02
3.5339e+02
3.5146e+02
3.4976e+02
3.4833e+02
3.4720e+02
3.4642e+02
3.4600e+02
3.4597e+02
3.4633e+02
3.4705e+02
3.4809e+02
3.4939e+02
3.5083e+02
3.5231e+02
3.5370e+02
3.5491e+02
3.5581e+02
3.5633e+02
3.5642e+02
3.5605e+02
3.5526e+02
3.5408e+02
3.5260e+02
3.5092e+02
3.4918e+02
3.4750e+02
3.4600e+02
3.4476e+02
3.4387e+02
3.4337e+02
3.4328e+02
3.4360e+02
3.4427e+02
3.4527e+02
3.4651e+02
3.4794e+02
3.4948e+02
3.5106e+02
3.5264e+02
3.5415e+02
3.5556e+02
3.5683e+02
3.5796e+02
3.5894e+02
3.5977e+02
3.6048e+02
3.6105e+02
3.6152e+02
3.6191e+02
3.6225e+02
3.6256e+02
3.6288e+02
3.6322e+02
3.6361e+02
3.6406e+02
3.6457e+02
3.6514e+02
3.6575e+02
3.6638e+02
3.6700e+02
3.6754e+02
3.6795e+02
3.6817e+02
3.6817e+02
3.6790e+02
3.6738e+02
3.6661e+02
3.6565e+02
3.6457e+02
3.6347e+02
3.6246e+02
3.6165e+02
3.6115e+02
3.6104e+02
3.6139e+02
3.6222e+02
3.6353e+02
3.6530e+02
3.6745e+02
3.6990e+02
3.7253e+02
3.7523e+02
3.7788e+02
3.8036e+02
3.8258e+02
3.8444e+02
3.8587e+02
3.8684e+02
3.8732e+02
3.8736e+02
3.8699e+02
3.8630e+02
3.8541e+02
3.8444e+02
3.8350e+02
3.8272e+02
3.8218e+02
3.8194e+02
3.8202e+02
3.8243e+02
3.8313e+02
3.8405e+02
3.8510e+02
3.8620e+02
3.8725e+02
3.8818e+02
3.8893e+02
3.8947e+02
3.8981e+02
3.8995e+02
3.8995e+02
3.8985e+02
3.8970e+02
3.8959e+02
3.8954e+02
3.8962e+02
3.8985e+02
3.9023e+02
3.9077e+02
3.9144e+02
3.9221e+02
3.9303e+02
3.9386e+02
3.9465e+02
3.9535e+02
3.9595e+02
3.9644e+02
3.9686e+02
3.9722e+02
3.9760e+02
3.9807e+02
3.9869e+02
3.9955e+02
4.0071e+02
4.0224e+02
4.0415e+02
4.0644e+02
4.0910e+02
4.1211e+02
4.1542e+02
4.1899e+02
4.2277e+02
4.2672e+02
4.3080e+02
4.3498e+02
4.3924e+02
4.4354e+02
4.4786e+02
4.5213e+02
4.5628e+02
4.6020e+02
4.6376e+02
4.6683e+02
4.6928e+02
4.7099e+02
4.7185e+02
4.7181e+02
4.7082e+02
4.6894e+02
4.6625e+02
4.6287e+02
4.5895e+02
4.5469e+02
4.5029e+02
4.4593e+02
4.4176e+02
4.3795e+02
4.3459e+02
4.3175e+02
4.2946e+02
4.2769e+02
4.2641e+02
4.2559e+02
4.2516e+02
4.2504e+02
4.2516e+02
4.2547e+02
4.2589e+02
4.2639e+02
4.2690e+02
4.2740e+02
4.2788e+02
4.2832e+02
4.2870e+02
4.2901e+02
4.2924e+02
4.2941e+02
4.2952e+02
4.2956e+02
4.2956e+02
4.2951e+02
4.2943e+02
4.2932e+02
4.2918e+02
4.2901e+02
4.2882e+02
4.2859e+02
4.2832e+02
4.2803e+02
4.2770e+02
4.2733e+02
4.2695e+02
4.2655e+02
4.2615e+02
4.2576e+02
4.2541e+02
4.2510e+02
4.2486e+02
4.2470e+02
4.2464e+02
4.2471e+02
4.2491e+02
4.2526e+02
4.2578e+02
4.2647e+02
4.2735e+02
4.2842e+02
4.2967e+02
4.3109e+02
4.3263e+02
4.3427e+02
4.3596e+02
4.3765e+02
4.3928e+02
4.4081e+02
4.4220e+02
4.4343e+02
4.4448e+02
4.4536e+02
4.4609e+02
4.4669e+02
4.4720e+02
4.4762e+02
4.4798e+02
4.4824e+02
4.4838e+02
4.4835e+02
4.4808e+02
4.4751e+02
4.4656e+02
4.4519e+02
4.4336e+02
4.4111e+02
4.3845e+02
4.3547e+02
4.3228e+02
4.2898e+02
4.2571e+02
4.2257e+02
4.1967e+02
4.1709e+02
4.1488e+02
4.1307e+02
4.1165e+02
4.1061e+02
4.0992e+02
4.0957e+02
4.0953e+02
4.0979e+02
4.1033e+02
4.1117e+02
4.1227e+02
4.1361e+02
4.1516e+02
4.1685e+02
4.1863e+02
4.2042e+02
4.2212e+02
4.2367e+02
4.2500e+02
4.2608e+02
4.2692e+02
4.2754e+02
4.2802e+02
4.2846e+02
4.2896e+02
4.2962e+02
4.3056e+02
4.3186e+02
4.3356e+02
4.3566e+02
4.3813e+02
4.4091e+02
4.4389e+02
4.4696e+02
4.4998e+02
4.5284e+02
4.5543e+02
4.5765e+02
4.5945e+02
4.6077e+02
4.6160e+02
4.6196e+02
4.6186e+02
4.6135e+02
4.6044e+02
4.5921e+02
4.5768e+02
4.5591e+02
4.5394e+02
4.5182e+02
4.4960e+02
4.4731e+02
4.4498e+02
4.4265e+02
4.4035e+02
4.3809e+02
4.3590e+02
4.3379e+02
4.3175e+02
4.2979e+02
4.2791e+02
4.2609e+02
4.2427e+02
4.2240e+02
4.2043e+02
4.1827e+02
4.1585e+02
4.1309e+02
4.0994e+02
4.0635e+02
4.0232e+02
3.9788e+02
3.9310e+02
3.8810e+02
3.8300e+02
3.7797e+02
3.7317e+02
3.6876e+02
3.6487e+02
3.6158e+02
3.5895e+02
3.5699e+02
3.5568e+02
3.5494e+02
3.5471e+02
3.5487e+02
3.5534e+02
3.5600e+02
3.5679e+02
3.5763e+02
3.5848e+02
3.5932e+02
3.6016e+02
3.6104e+02
3.6202e+02
3.6315e+02
3.6449e+02
3.6608e+02
3.6798e+02
3.7019e+02
3.7271e+02
3.7549e+02
3.7846e+02
3.8151e+02
3.8453e+02
3.8741e+02
3.9004e+02
3.9232e+02
3.9420e+02
3.9566e+02
3.9670e+02
3.9739e+02
3.9779e+02
3.9801e+02
3.9815e+02
3.9830e+02
3.9852e+02
3.9888e+02
3.9940e+02
4.0007e+02
4.0088e+02
4.0177e+02
4.0269e+02
4.0356e+02
4.0433e+02
4.0495e+02
4.0537e+02
4.0558e+02
4.0557e+02
4.0533e+02
4.0489e+02
4.0424e+02
4.0342e+02
4.0243e+02
4.0132e+02
4.0008e+02
3.9875e+02
3.9734e+02
3.9586e+02
3.9436e+02
3.9284e+02
3.9133e+02
3.8985e+02
3.8843e+02
3.8705e+02
3.8574e+02
3.8448e+02
3.8327e+02
3.8208e+02
3.8089e+02
3.7967e+02
3.7840e+02
3.7707e+02
3.7567e+02
3.7418e+02
3.7263e+02
3.7100e+02
3.6932e+02
3.6759e+02
3.6585e+02
3.6411e+02
3.6241e+02
3.6077e+02
3.5922e+02
3.5780e+02
3.5653e+02
3.5543e+02
3.5455e+02
3.5390e+02
3.5351e+02
3.5340e+02
3.5359e+02
3.5406e+02
3.5483e+02
3.5589e+02
3.5720e+02
3.5873e+02
3.6043e+02
3.6226e+02
3.6413e+02
3.6598e+02
3.6773e+02
3.6932e+02
3.7068e+02
3.7175e+02
3.7253e+02
3.7298e+02
3.7313e+02
3.7298e+02
3.7258e+02
3.7196e+02
3.7117e+02
3.7025e+02
3.6922e+02
3.6811e+02
3.6689e+02
3.6555e+02
3.6404e+02
3.6233e+02
3.6034e+02
3.5802e+02
3.5533e+02
3.5223e+02
3.4871e+02
3.4479e+02
3.4051e+02
3.3595e+02
3.3122e+02
3.2645e+02
3.2177e+02
3.1734e+02
3.1329e+02
3.0975e+02
3.0680e+02
3.0449e+02
3.0284e+02
3.0182e+02
3.0138e+02
3.0142e+02
3.0184e+02
3.0253e+02
3.0340e+02
3.0434e+02
3.0527e+02
3.0612e+02
3.0687e+02
3.0752e+02
3.0808e+02
3.0857e+02
3.0901e+02
3.0944e+02
3.0989e+02
3.1037e+02
3.1091e+02
3.1151e+02
3.1218e+02
3.1292e+02
3.1372e+02
3.1456e+02
3.1544e+02
3.1636e+02
3.1731e+02
3.1828e+02
3.1928e+02
3.2030e+02
3.2131e+02
3.2232e+02
3.2330e+02
3.2422e+02
3.2507e+02
3.2581e+02
3.2642e+02
3.2688e+02
3.2719e+02
3.2734e+02
3.2733e+02
3.2719e+02
3.2692e+02
3.2655e+02
3.2610e+02
3.2559e+02
3.2503e+02
3.2445e+02
3.2383e+02
3.2318e+02
3.2250e+02
3.2177e+02
3.2100e+02
3.2020e+02
3.1937e+02
3.1853e+02
3.1771e+02
3.1692e+02
3.1619e+02
3.1552e+02
3.1491e+02
3.1437e+02
3.1386e+02
3.1337e+02
3.1284e+02
3.1222e+02
3.1148e+02
3.1056e+02
3.0944e+02
3.0809e+02
3.0652e+02
3.0476e+02
3.0283e+02
3.0076e+02
2.9858e+02
2.9634e+02
2.9406e+02
2.9175e+02
2.8941e+02
2.8705e+02
2.8468e+02
2.8228e+02
2.7986e+02
2.7742e+02
2.7497e+02
2.7255e+02
2.7017e+02
2.6788e+02
2.6570e+02
2.6366e+02
2.6177e+02
2.6004e+02
2.5847e+02
2.5705e+02
2.5574e+02
2.5456e+02
2.5347e+02
2.5247e+02
2.5157e+02
2.5077e+02
2.5010e+02
2.4956e+02
2.4918e+02
2.4897e+02
2.4898e+02
2.4923e+02
2.4976e+02
2.5057e+02
2.5169e+02
2.5313e+02
2.5486e+02
2.5688e+02
2.5915e+02
2.6164e+02
2.6429e+02
2.6705e+02
2.6986e+02
2.7266e+02
2.7539e+02
2.7800e+02
2.8046e+02
2.8274e+02
2.8483e+02
2.8673e+02
2.8841e+02
2.8987e+02
2.9111e+02
2.9210e+02
2.9285e+02
2.9335e+02
2.9361e+02
2.9366e+02
2.9354e+02
2.9331e+02
2.9305e+02
2.9283e+02
2.9271e+02
2.9276e+02
2.9302e+02
2.9352e+02
2.9425e+02
2.9518e+02
2.9625e+02
2.9738e+02
2.9850e+02
2.9952e+02
3.0039e+02
3.0105e+02
3.0148e+02
3.0168e+02
3.0168e+02
3.0148e+02
3.0114e+02
3.0070e+02
3.0017e+02
2.9960e+02
2.9899e+02
2.9836e+02
2.9769e+02
2.9698e+02
2.9621e+02
2.9538e+02
2.9447e+02
2.9349e+02
2.9246e+02
2.9140e+02
2.9035e+02
2.8934e+02
2.8843e+02
2.8767e+02
2.8708e+02
2.8670e+02
2.8656e+02
2.8667e+02
2.8702e+02
2.8761e+02
2.8842e+02
2.8940e+02
2.9054e+02
2.9179e+02
2.9313e+02
2.9451e+02
2.9591e+02
2.9731e+02
2.9868e+02
3.0003e+02
3.0134e+02
3.0260e+02
3.0383e+02
3.0503e+02
3.0620e+02
3.0737e+02
3.0854e+02
3.0974e+02
3.1097e+02
3.1225e+02
3.1358e+02
3.1497e+02
3.1643e+02
3.1794e+02
3.1952e+02
3.2116e+02
3.2286e+02
3.2461e+02
3.2641e+02
3.2826e+02
3.3013e+02
3.3203e+02
3.3392e+02
3.3579e+02
3.3760e+02
3.3932e+02
3.4093e+02
3.4239e+02
3.4369e+02
3.4480e+02
3.4571e+02
3.4644e+02
3.4698e+02
3.4737e+02
3.4763e+02
3.4779e+02
3.4790e+02
3.4799e+02
3.4808e+02
3.4820e+02
3.4834e+02
3.4851e+02
3.4868e+02
3.4883e+02
3.4892e+02
3.4891e+02
3.4873e+02
3.4837e+02
3.4779e+02
3.4698e+02
3.4595e+02
3.4473e+02
3.4334e+02
3.4186e+02
3.4033e+02
3.3882e+02
3.3739e+02
3.3608e+02
3.3493e+02
3.3396e+02
3.3317e+02
3.3253e+02
3.3202e+02
3.3159e+02
3.3119e+02
3.3077e+02
3.3028e+02
3.2968e+02
3.2895e+02
3.2806e+02
3.2703e+02
3.2587e+02
3.2461e+02
3.2330e+02
3.2201e+02
3.2079e+02
3.1973e+02
3.1888e+02
3.1831e+02
3.1808e+02
3.1823e+02
3.1877e+02
3.1971e+02
3.2102e+02
3.2268e+02
3.2464e+02
3.2682e+02
3.2917e+02
3.3162e+02
3.3410e+02
3.3656e+02
3.3895e+02
3.4123e+02
3.4341e+02
3.4546e+02
3.4738e+02
3.4917e+02
3.5085e+02
3.5240e+02
3.5382e+02
3.5511e+02
3.5625e+02
3.5723e+02
3.5803e+02
3.5866e+02
3.5911e+02
3.5940e+02
3.5954e+02
3.5954e+02
3.5946e+02
3.5930e+02
3.5910e+02
3.5890e+02
3.5872e+02
3.5860e+02
3.5855e+02
3.5862e+02
3.5883e+02
3.5920e+02
3.5975e+02
3.6049e+02
3.6143e+02
3.6255e+02
3.6382e+02
3.6520e+02
3.6664e+02
3.6807e+02
3.6945e+02
3.7071e+02
3.7180e+02
3.7269e+02
3.7338e+02
3.7385e+02
3.7414e+02
3.7428e+02
3.7429e+02
3.7421e+02
3.7408e+02
3.7391e+02
3.7372e+02
3.7353e+02
3.7333e+02
3.7311e+02
3.7289e+02
3.7267e+02
3.7246e+02
3.7229e+02
3.7216e+02
3.7212e+02
3.7220e+02
3.7240e+02
3.7276e+02
3.7326e+02
3.7389e+02
3.7464e+02
3.7548e+02
3.7636e+02
3.7728e+02
3.7817e+02
3.7902e+02
3.7981e+02
3.8055e+02
3.8124e+02
3.8191e+02
3.8259e+02
3.8332e+02
3.8414e+02
3.8509e+02
3.8620e+02
3.8752e+02
3.8904e+02
3.9078e+02
3.9271e+02
3.9482e+02
3.9707e+02
3.9941e+02
4.0179e+02
4.0414e+02
4.0641e+02
4.0855e+02
4.1051e+02
4.1224e+02
4.1373e+02
4.1497e+02
4.1596e+02
4.1673e+02
4.1730e+02
4.1771e+02
4.1800e+02
4.1822e+02
4.1839e+02
4.1858e+02
4.1879e+02
4.1904e+02
4.1933e+02
4.1966e+02
4.2002e+02
4.2040e+02
4.2079e+02
4.2118e+02
4.2156e+02
4.2194e+02
4.2230e+02
4.2267e+02
4.2303e+02
4.2339e+02
4.2374e+02
4.2409e+02
4.2440e+02
4.2467e+02
4.2487e+02
4.2495e+02
4.2491e+02
4.2472e+02
4.2436e+02
4.2383e+02
4.2314e+02
4.2228e+02
4.2129e+02
4.2019e+02
4.1902e+02
4.1781e+02
4.1658e+02
4.1538e+02
4.1423e+02
4.1316e+02
4.1219e+02
4.1134e+02
4.1061e+02
4.1001e+02
4.0955e+02
4.0921e+02
4.0900e+02
4.0889e+02
4.0886e+02
4.0891e+02
4.0899e+02
4.0909e+02
4.0918e+02
4.0925e+02
4.0928e+02
4.0926e+02
4.0919e+02
4.0906e+02
4.0886e+02
4.0859e+02
4.0823e+02
4.0776e+02
4.0718e+02
4.0645e+02
4.0557e+02
4.0453e+02
4.0330e+02
4.0191e+02
4.0034e+02
3.9861e+02
3.9672e+02
3.9471e+02
3.9257e+02
3.9033e+02
3.8799e+02
3.8555e+02
3.8302e+02
3.8043e+02
3.7779e+02
3.7514e+02
3.7254e+02
3.7006e+02
3.6774e+02
3.6566e+02
3.6386e+02
3.6238e+02
3.6123e+02
3.6039e+02
3.5981e+02
3.5943e+02
3.5918e+02
3.5896e+02
3.5870e+02
3.5835e+02
3.5786e+02
3.5721e+02
3.5642e+02
3.5551e+02
3.5454e+02
3.5355e+02
3.5258e+02
3.5165e+02
3.5078e+02
3.4995e+02
3.4914e+02
3.4829e+02
3.4737e+02
3.4633e+02
3.4512e+02
3.4373e+02
3.4215e+02
3.4041e+02
3.3853e+02
3.3658e+02
3.3461e+02
3.3269e+02
3.3085e+02
3.2914e+02
3.2758e+02
3.2617e+02
3.2489e+02
3.2370e+02
3.2258e+02
3.2147e+02
3.2033e+02
3.1913e+02
3.1785e+02
3.1647e+02
3.1502e+02
3.1350e+02
3.1195e+02
3.1040e+02
3.0887e+02
3.0741e+02
3.0603e+02
3.0475e+02
3.0357e+02
3.0249e+02
3.0150e+02
3.0057e+02
2.9968e+02
2.9880e+02
2.9792e+02
2.9701e+02
2.9607e+02
2.9509e+02
2.9407e+02
2.9304e+02
2.9199e+02
2.9096e+02
2.8995e+02
2.8898e+02
2.8807e+02
2.8721e+02
2.8640e+02
2.8564e+02
2.8490e+02
2.8418e+02
2.8345e+02
2.8271e+02
2.8196e+02
2.8118e+02
2.8041e+02
2.7965e+02
2.7892e+02
2.7826e+02
2.7768e+02
2.7721e+02
2.7687e+02
2.7667e+02
2.7661e+02
2.7671e+02
2.7698e+02
2.7740e+02
2.7800e+02
2.7875e+02
2.7966e+02
2.8072e+02
2.8189e+02
2.8316e+02
2.8449e+02
2.8584e+02
2.8716e+02
2.8842e+02
2.8958e+02
2.9060e+02
2.9145e+02
2.9213e+02
2.9264e+02
2.9300e+02
2.9324e+02
2.9339e+02
2.9351e+02
2.9365e+02
2.9386e+02
2.9419e+02
2.9469e+02
2.9539e+02
2.9631e+02
2.9748e+02
2.9889e+02
3.0054e+02
3.0241e+02
3.0447e+02
3.0670e+02
3.0904e+02
3.1145e+02
3.1390e+02
3.1634e+02
3.1873e+02
3.2105e+02
3.2326e+02
3.2534e+02
3.2726e+02
3.2902e+02
3.3060e+02
3.3201e+02
3.3324e+02
3.3431e+02
3.3522e+02
3.3601e+02
3.3667e+02
3.3723e+02
3.3770e+02
3.3809e+02
3.3841e+02
3.3868e+02
3.3889e+02
3.3906e+02
3.3919e+02
3.3929e+02
3.3937e+02
3.3947e+02
3.3959e+02
3.3977e+02
3.4002e+02
3.4038e+02
3.4083e+02
3.4138e+02
3.4201e+02
3.4268e+02
3.4337e+02
3.4401e+02
3.4456e+02
3.4497e+02
3.4520e+02
3.4521e+02
3.4499e+02
3.4454e+02
3.4387e+02
3.4301e+02
3.4200e+02
3.4087e+02
3.3968e+02
3.3847e+02
3.3729e+02
3.3617e+02
3.3512e+02
3.3416e+02
3.3329e+02
3.3250e+02
3.3178e+02
3.3110e+02
3.3044e+02
3.2976e+02
3.2903e+02
3.2821e+02
3.2727e+02
3.2620e+02
3.2497e+02
3.2357e+02
3.2198e+02
3.2021e+02
3.1826e+02
3.1614e+02
3.1388e+02
3.1150e+02
3.0904e+02
3.0652e+02
3.0398e+02
3.0143e+02
2.9892e+02
2.9646e+02
2.9407e+02
2.9176e+02
2.8956e+02
2.8748e+02
2.8553e+02
2.8372e+02
2.8207e+02
2.8059e+02
2.7929e+02
2.7815e+02
2.7719e+02
2.7638e+02
2.7573e+02
2.7520e+02
2.7478e+02
2.7442e+02
2.7412e+02
2.7383e+02
2.7353e+02
2.7322e+02
2.7286e+02
2.7245e+02
2.7198e+02
2.7145e+02
2.7085e+02
2.7018e+02
2.6943e+02
2.6861e+02
2.6769e+02
2.6669e+02
2.6559e+02
2.6439e+02
2.6309e+02
2.6167e+02
2.6015e+02
2.5852e+02
2.5679e+02
2.5497e+02
2.5310e+02
2.5119e+02
2.4928e+02
2.4741e+02
2.4562e+02
2.4395e+02
2.4243e+02
2.4109e+02
2.3994e+02
2.3900e+02
2.3824e+02
2.3766e+02
2.3723e+02
2.3692e+02
2.3673e+02
2.3662e+02
2.3659e+02
2.3666e+02
2.3683e+02
2.3714e+02
2.3763e+02
2.3832e+02
2.3924e+02
2.4043e+02
2.4188e+02
2.4361e+02
2.4561e+02
2.4786e+02
2.5033e+02
2.5300e+02
2.5582e+02
2.5879e+02
2.6186e+02
2.6503e+02
2.6828e+02
2.7159e+02
2.7494e+02
2.7834e+02
2.8176e+02
2.8522e+02
2.8867e+02
2.9211e+02
2.9554e+02
2.9892e+02
3.0223e+02
3.0546e+02
3.0859e+02
3.1158e+02
3.1442e+02
3.1709e+02
3.1957e+02
3.2187e+02
3.2398e+02
3.2595e+02
3.2777e+02
3.2950e+02
3.3116e+02
3.3279e+02
3.3443e+02
3.3610e+02
3.3783e+02
3.3964e+02
3.4153e+02
3.4353e+02
3.4561e+02
3.4779e+02
3.5006e+02
3.5239e+02
3.5479e+02
3.5724e+02
3.5970e+02
3.6216e+02
3.6458e+02
3.6691e+02
3.6912e+02
3.7117e+02
3.7303e+02
3.7467e+02
3.7611e+02
3.7733e+02
3.7836e+02
3.7922e+02
3.7996e+02
3.8059e+02
3.8115e+02
3.8165e+02
3.8212e+02
3.8255e+02
3.8294e+02
3.8328e+02
3.8354e+02
3.8370e+02
3.8373e+02
3.8361e+02
3.8333e+02
3.8288e+02
3.8226e+02
3.8146e+02
3.8049e+02
3.7937e+02
3.7810e+02
3.7672e+02
3.7530e+02
3.7389e+02
3.7258e+02
3.7146e+02
3.7063e+02
3.7017e+02
3.7015e+02
3.7063e+02
3.7158e+02
3.7295e+02
3.7467e+02
3.7659e+02
3.7856e+02
3.8041e+02
3.8199e+02
3.8314e+02
3.8378e+02
3.8386e+02
3.8341e+02
3.8249e+02
3.8122e+02
3.7973e+02
3.7817e+02
3.7666e+02
3.7526e+02
3.7400e+02
3.7283e+02
3.7166e+02
3.7039e+02
3.6889e+02
3.6700e+02
3.6463e+02
3.6169e+02
3.5818e+02
3.5412e+02
3.4962e+02
3.4481e+02
3.3988e+02
3.3503e+02
3.3046e+02
3.2637e+02
3.2291e+02
3.2018e+02
3.1825e+02
3.1715e+02
3.1685e+02
3.1730e+02
3.1843e+02
3.2011e+02
3.2222e+02
3.2460e+02
3.2711e+02
3.2962e+02
3.3199e+02
3.3410e+02
3.3586e+02
3.3720e+02
3.3809e+02
3.3852e+02
3.3848e+02
3.3802e+02
3.3715e+02
3.3594e+02
3.3442e+02
3.3265e+02
3.3068e+02
3.2857e+02
3.2637e+02
3.2411e+02
3.2184e+02
3.1961e+02
3.1747e+02
3.1549e+02
3.1371e+02
3.1218e+02
3.1092e+02
3.0992e+02
3.0914e+02
3.0850e+02
3.0790e+02
3.0726e+02
3.0645e+02
3.0537e+02
3.0393e+02
3.0208e+02
2.9981e+02
2.9714e+02
2.9416e+02
2.9100e+02
2.8778e+02
2.8464e+02
2.8173e+02
2.7914e+02
2.7695e+02
2.7518e+02
2.7381e+02
2.7278e+02
2.7202e+02
2.7141e+02
2.7086e+02
2.7026e+02
2.6955e+02
2.6869e+02
2.6768e+02
2.6652e+02
2.6525e+02
2.6391e+02
2.6254e+02
2.6118e+02
2.5985e+02
2.5855e+02
2.5725e+02
2.5592e+02
2.5452e+02
2.5300e+02
2.5134e+02
2.4950e+02
2.4750e+02
2.4538e+02
2.4323e+02
2.4113e+02
2.3921e+02
2.3759e+02
2.3638e+02
2.3570e+02
2.3562e+02
2.3619e+02
2.3739e+02
2.3917e+02
2.4139e+02
2.4394e+02
2.4662e+02
2.4926e+02
2.5164e+02
2.5359e+02
2.5497e+02
2.5570e+02
2.5572e+02
2.5505e+02
2.5377e+02
2.5198e+02
2.4983e+02
2.4746e+02
2.4504e+02
2.4269e+02
2.4052e+02
2.3861e+02
2.3699e+02
2.3560e+02
2.3438e+02
2.3322e+02
2.3199e+02
2.3059e+02
2.2891e+02
2.2690e+02
2.2455e+02
2.2187e+02
2.1897e+02
2.1594e+02
2.1296e+02
2.1019e+02
2.0778e+02
2.0586e+02
2.0448e+02
2.0368e+02
2.0341e+02
2.0358e+02
2.0403e+02
2.0461e+02
2.0513e+02
2.0540e+02
2.0528e+02
2.0466e+02
2.0345e+02
2.0166e+02
1.9930e+02
1.9643e+02
1.9315e+02
1.8959e+02
1.8589e+02
1.8218e+02
1.7859e+02
1.7523e+02
1.7217e+02
1.6950e+02
1.6722e+02
1.6534e+02
1.6386e+02
1.6273e+02
1.6188e+02
1.6124e+02
1.6075e+02
1.6034e+02
1.5994e+02
1.5953e+02
1.5907e+02
1.5857e+02
1.5801e+02
1.5741e+02
1.5680e+02
1.5620e+02
1.5565e+02
1.5517e+02
1.5480e+02
1.5458e+02
1.5454e+02
1.5473e+02
1.5517e+02
1.5588e+02
1.5688e+02
1.5815e+02
1.5969e+02
1.6145e+02
1.6336e+02
1.6535e+02
1.6733e+02
1.6922e+02
1.7091e+02
1.7235e+02
1.7345e+02
1.7418e+02
1.7453e+02
1.7448e+02
1.7406e+02
1.7328e+02
1.7219e+02
1.7080e+02
1.6916e+02
1.6731e+02
1.6530e+02
1.6315e+02
1.6092e+02
1.5863e+02
1.5632e+02
1.5404e+02
1.5181e+02
1.4965e+02
1.4758e+02
1.4560e+02
1.4373e+02
1.4192e+02
1.4018e+02
1.3847e+02
1.3677e+02
1.3508e+02
1.3338e+02
1.3170e+02
1.3007e+02
1.2853e+02
1.2714e+02
1.2597e+02
1.2508e+02
1.2452e+02
1.2432e+02
1.2451e+02
1.2508e+02
1.2600e+02
1.2723e+02
1.2870e+02
1.3030e+02
1.3194e+02
1.3350e+02
1.3483e+02
1.3580e+02
1.3629e+02
1.3615e+02
1.3528e+02
1.3361e+02
1.3108e+02
1.2769e+02
1.2349e+02
1.1859e+02
1.1312e+02
1.0728e+02
1.0130e+02
9.5402e+01
8.9819e+01
8.4754e+01
8.0382e+01
7.6825e+01
7.4165e+01
7.2425e+01
7.1579e+01
7.1566e+01
7.2293e+01
7.3656e+01
7.5538e+01
7.7833e+01
8.0429e+01
8.3225e+01
8.6120e+01
8.9018e+01
9.1841e+01
9.4523e+01
9.7018e+01
9.9270e+01
1.0124e+02
1.0290e+02
1.0422e+02
1.0520e+02
1.0584e+02
1.0615e+02
1.0613e+02
1.0582e+02
1.0522e+02
1.0437e+02
1.0327e+02
1.0197e+02
1.0048e+02
9.8845e+01
9.7118e+01
9.5338e+01
9.3562e+01
9.1846e+01
9.0252e+01
8.8830e+01
8.7625e+01
8.6666e+01
8.5948e+01
8.5454e+01
8.5142e+01
8.4959e+01
8.4826e+01
8.4653e+01
8.4341e+01
8.3789e+01
8.2925e+01
8.1690e+01
8.0050e+01
7.7995e+01
7.5545e+01
7.2742e+01
6.9647e+01
6.6342e+01
6.2900e+01
5.9396e+01
5.5894e+01
5.2449e+01
4.9095e+01
4.5855e+01
4.2743e+01
3.9757e+01
3.6899e+01
3.4166e+01
3.1559e+01
2.9078e+01
2.6728e+01
2.4517e+01
2.2460e+01
2.0584e+01
1.8908e+01
1.7451e+01
1.6238e+01
1.5299e+01
1.4661e+01
1.4351e+01
1.4399e+01
1.4818e+01
1.5621e+01
1.6807e+01
1.8359e+01
2.0237e+01
2.2383e+01
2.4716e+01
2.7128e+01
2.9515e+01
3.1759e+01
3.3758e+01
3.5416e+01
3.6666e+01
3.7461e+01
3.7790e+01
3.7678e+01
3.7168e+01
3.6333e+01
3.5253e+01
3.4019e+01
3.2716e+01
3.1421e+01
3.0198e+01
2.9101e+01
2.8173e+01
2.7439e+01
2.6930e+01
2.6653e+01
2.6607e+01
2.6784e+01
2.7174e+01
2.7761e+01
2.8508e+01
2.9378e+01
3.0322e+01
3.1295e+01
3.2246e+01
3.3121e+01
3.3885e+01
3.4506e+01
3.4973e+01
3.5291e+01
3.5488e+01
3.5601e+01
3.5682e+01
3.5784e+01
3.5955e+01
3.6248e+01
3.6693e+01
3.7306e+01
3.8081e+01
3.8993e+01
4.0000e+01
4.1044e+01
4.2063e+01
4.2985e+01
4.3750e+01
4.4290e+01
4.4568e+01
4.4581e+01
4.4338e+01
4.3862e+01
4.3194e+01
4.2399e+01
4.1539e+01
4.0684e+01
3.9893e+01
3.9218e+01
3.8698e+01
3.8351e+01
3.8180e+01
3.8159e+01
3.8251e+01
3.8394e+01
3.8532e+01
3.8597e+01
3.8525e+01
3.8256e+01
3.7741e+01
3.6953e+01
3.5873e+01
3.4504e+01
3.2856e+01
3.0962e+01
2.8860e+01
2.6595e+01
2.4215e+01
2.1767e+01
1.9307e+01
1.6870e+01
1.4488e+01
1.2192e+01
1.0015e+01
7.9922e+00
6.1446e+00
4.5013e+00
3.0834e+00
1.9182e+00
1.0234e+00
4.0844e-01
7.1511e-02
0000
1.7313e-01
5.5496e-01
1.1088e+00
1.7773e+00
2.5098e+00
3.2614e+00
4.0001e+00
4.7162e+00
5.4129e+00
6.1202e+00
6.8869e+00
7.7882e+00
8.9001e+00
1.0300e+01
1.2054e+01
1.4208e+01
1.6786e+01
1.9775e+01
2.3135e+01
2.6785e+01
3.0618e+01
3.4508e+01
3.8324e+01
4.1941e+01
4.5239e+01
4.8127e+01
5.0535e+01
5.2429e+01
5.3809e+01
5.4709e+01
5.5180e+01
5.5285e+01
5.5102e+01
5.4687e+01
5.4091e+01
5.3335e+01
5.2425e+01
5.1344e+01
5.0051e+01
4.8498e+01
4.6635e+01
4.4428e+01
4.1862e+01
3.8964e+01
3.5801e+01
3.2480e+01
2.9137e+01
2.5924e+01
2.3008e+01
2.0536e+01
1.8639e+01
1.7399e+01
1.6979e+01
1.7648e+01
1.9685e+01
2.3419e+01
2.9237e+01
3.7579e+01
4.8902e+01
6.3630e+01
8.2085e+01
1.0443e+02
1.3059e+02
1.6025e+02
1.9281e+02
2.2743e+02
2.6311e+02
