4.7452e+02
4.7323e+02
4.7199e+02
4.7085e+02
4.6988e+02
4.6912e+02
4.6860e+02
4.6834e+02
4.6833e+02
4.6856e+02
4.6901e+02
4.6967e+02
4.7051e+02
4.7151e+02
4.7265e+02
4.7390e+02
4.7521e+02
4.7653e+02
4.7780e+02
4.7891e+02
4.7978e+02
4.8033e+02
4.8048e+02
4.8018e+02
4.7940e+02
4.7814e+02
4.7645e+02
4.7439e+02
4.7204e+02
4.6951e+02
4.6691e+02
4.6431e+02
4.6181e+02
4.5943e+02
4.5723e+02
4.5520e+02
4.5334e+02
4.5165e+02
4.5009e+02
4.4865e+02
4.4733e+02
4.4611e+02
4.4500e+02
4.4399e+02
4.4308e+02
4.4225e+02
4.4149e+02
4.4076e+02
4.4001e+02
4.3918e+02
4.3821e+02
4.3707e+02
4.3571e+02
4.3412e+02
4.3231e+02
4.3032e+02
4.2822e+02
4.2610e+02
4.2409e+02
4.2230e+02
4.2084e+02
4.1980e+02
4.1925e+02
4.1921e+02
4.1966e+02
4.2056e+02
4.2183e+02
4.2334e+02
4.2500e+02
4.2670e+02
4.2834e+02
4.2986e+02
4.3121e+02
4.3238e+02
4.3336e+02
4.3418e+02
4.3486e+02
4.3543e+02
4.3593e+02
4.3638e+02
4.3678e+02
4.3714e+02
4.3743e+02
4.3766e+02
4.3779e+02
4.3782e+02
4.3775e+02
4.3756e+02
4.3727e+02
4.3687e+02
4.3639e+02
4.3583e+02
4.3521e+02
4.3458e+02
4.3395e+02
4.3338e+02
4.3290e+02
4.3255e+02
4.3237e+02
4.3240e+02
4.3265e+02
4.3311e+02
4.3376e+02
4.3458e+02
4.3550e+02
4.3646e+02
4.3736e+02
4.3813e+02
4.3870e+02
4.3899e+02
4.3897e+02
4.3863e+02
4.3797e+02
4.3702e+02
4.3583e+02
4.3447e+02
4.3301e+02
4.3152e+02
4.3008e+02
4.2873e+02
4.2752e+02
4.2645e+02
4.2551e+02
4.2467e+02
4.2390e+02
4.2314e+02
4.2238e+02
4.2158e+02
4.2074e+02
4.1987e+02
4.1898e+02
4.1812e+02
4.1732e+02
4.1664e+02
4.1613e+02
4.1584e+02
4.1580e+02
4.1603e+02
4.1657e+02
4.1742e+02
4.1860e+02
4.2015e+02
4.2207e+02
4.2440e+02
4.2715e+02
4.3034e+02
4.3396e+02
4.3797e+02
4.4234e+02
4.4697e+02
4.5177e+02
4.5665e+02
4.6151e+02
4.6627e+02
4.7089e+02
4.7531e+02
4.7953e+02
4.8355e+02
4.8740e+02
4.9110e+02
4.9468e+02
4.9816e+02
5.0155e+02
5.0485e+02
5.0802e+02
5.1105e+02
5.1388e+02
5.1650e+02
5.1887e+02
5.2099e+02
5.2283e+02
5.2438e+02
5.2561e+02
5.2651e+02
5.2706e+02
5.2727e+02
5.2712e+02
5.2664e+02
5.2585e+02
5.2481e+02
5.2358e+02
5.2228e+02
5.2098e+02
5.1981e+02
5.1885e+02
5.1819e+02
5.1787e+02
5.1790e+02
5.1827e+02
5.1894e+02
5.1983e+02
5.2087e+02
5.2198e+02
5.2309e+02
5.2412e+02
5.2502e+02
5.2574e+02
5.2625e+02
5.2655e+02
5.2662e+02
5.2648e+02
5.2616e+02
5.2572e+02
5.2518e+02
5.2459e+02
5.2401e+02
5.2351e+02
5.2316e+02
5.2304e+02
5.2321e+02
5.2375e+02
5.2471e+02
5.2614e+02
5.2806e+02
5.3047e+02
5.3336e+02
5.3669e+02
5.4041e+02
5.4446e+02
5.4874e+02
5.5320e+02
5.5772e+02
5.6223e+02
5.6667e+02
5.7098e+02
5.7513e+02
5.7911e+02
5.8293e+02
5.8662e+02
5.9022e+02
5.9375e+02
5.9727e+02
6.0078e+02
6.0431e+02
6.0788e+02
6.1148e+02
6.1512e+02
6.1876e+02
6.2234e+02
6.2579e+02
6.2904e+02
6.3202e+02
6.3463e+02
6.3683e+02
6.3854e+02
6.3975e+02
6.4047e+02
6.4073e+02
6.4063e+02
6.4028e+02
6.3986e+02
6.3951e+02
6.3943e+02
6.3976e+02
6.4059e+02
6.4201e+02
6.4402e+02
6.4657e+02
6.4955e+02
6.5284e+02
6.5624e+02
6.5961e+02
6.6278e+02
6.6562e+02
6.6804e+02
6.6999e+02
6.7147e+02
6.7250e+02
6.7312e+02
6.7339e+02
6.7340e+02
6.7319e+02
6.7281e+02
6.7231e+02
6.7168e+02
6.7093e+02
6.7006e+02
6.6905e+02
6.6790e+02
6.6663e+02
6.6525e+02
6.6380e+02
6.6231e+02
6.6082e+02
6.5938e+02
6.5804e+02
6.5682e+02
6.5575e+02
6.5481e+02
6.5401e+02
6.5331e+02
6.5268e+02
6.5207e+02
6.5143e+02
6.5071e+02
6.4987e+02
6.4888e+02
6.4772e+02
6.4637e+02
6.4485e+02
6.4317e+02
6.4136e+02
6.3945e+02
6.3746e+02
6.3543e+02
6.3337e+02
6.3131e+02
6.2924e+02
6.2718e+02
6.2511e+02
6.2302e+02
6.2089e+02
6.1870e+02
6.1645e+02
6.1414e+02
6.1178e+02
6.0939e+02
6.0699e+02
6.0461e+02
6.0228e+02
6.0004e+02
5.9790e+02
5.9588e+02
5.9396e+02
5.9215e+02
5.9042e+02
5.8875e+02
5.8712e+02
5.8549e+02
5.8386e+02
5.8221e+02
5.8052e+02
5.7882e+02
5.7709e+02
5.7535e+02
5.7360e+02
5.7182e+02
5.7001e+02
5.6817e+02
5.6627e+02
5.6430e+02
5.6225e+02
5.6014e+02
5.5798e+02
5.5577e+02
5.5355e+02
5.5134e+02
5.4915e+02
5.4701e+02
5.4494e+02
5.4292e+02
5.4097e+02
5.3906e+02
5.3718e+02
5.3532e+02
5.3346e+02
5.3161e+02
5.2976e+02
5.2794e+02
5.2618e+02
5.2449e+02
5.2289e+02
5.2141e+02
5.2006e+02
5.1883e+02
5.1771e+02
5.1668e+02
5.1572e+02
5.1477e+02
5.1381e+02
5.1280e+02
5.1170e+02
5.1051e+02
5.0920e+02
5.0778e+02
5.0626e+02
5.0467e+02
5.0303e+02
5.0138e+02
4.9974e+02
4.9814e+02
4.9659e+02
4.9509e+02
4.9364e+02
4.9223e+02
4.9083e+02
4.8942e+02
4.8797e+02
4.8646e+02
4.8487e+02
4.8319e+02
4.8143e+02
4.7958e+02
4.7768e+02
4.7574e+02
4.7379e+02
4.7185e+02
4.6993e+02
4.6806e+02
4.6626e+02
4.6453e+02
4.6288e+02
4.6133e+02
4.5988e+02
4.5853e+02
4.5730e+02
4.5618e+02
4.5518e+02
4.5428e+02
4.5348e+02
4.5275e+02
4.5208e+02
4.5144e+02
4.5080e+02
4.5012e+02
4.4938e+02
4.4856e+02
4.4764e+02
4.4662e+02
4.4549e+02
4.4427e+02
4.4296e+02
4.4158e+02
4.4015e+02
4.3867e+02
4.3718e+02
4.3568e+02
4.3418e+02
4.3269e+02
4.3123e+02
4.2979e+02
4.2839e+02
4.2704e+02
4.2572e+02
4.2444e+02
4.2320e+02
4.2200e+02
4.2084e+02
4.1971e+02
4.1860e+02
4.1752e+02
4.1645e+02
4.1540e+02
4.1434e+02
4.1328e+02
4.1223e+02
4.1119e+02
4.1017e+02
4.0917e+02
4.0822e+02
4.0731e+02
4.0645e+02
4.0564e+02
4.0488e+02
4.0416e+02
4.0348e+02
4.0282e+02
4.0216e+02
4.0151e+02
4.0085e+02
4.0021e+02
3.9958e+02
3.9897e+02
3.9841e+02
3.9791e+02
3.9747e+02
3.9709e+02
3.9675e+02
3.9641e+02
3.9606e+02
3.9564e+02
3.9511e+02
3.9444e+02
3.9360e+02
3.9258e+02
3.9138e+02
3.9002e+02
3.8854e+02
3.8698e+02
3.8537e+02
3.8378e+02
3.8225e+02
3.8081e+02
3.7949e+02
3.7830e+02
3.7725e+02
3.7633e+02
3.7554e+02
3.7489e+02
3.7434e+02
3.7390e+02
3.7354e+02
3.7326e+02
3.7304e+02
3.7287e+02
3.7270e+02
3.7252e+02
3.7231e+02
3.7202e+02
3.7162e+02
3.7110e+02
3.7045e+02
3.6965e+02
3.6872e+02
3.6767e+02
3.6655e+02
3.6538e+02
3.6418e+02
3.6300e+02
3.6184e+02
3.6071e+02
3.5961e+02
3.5851e+02
3.5739e+02
3.5621e+02
3.5494e+02
3.5356e+02
3.5203e+02
3.5037e+02
3.4859e+02
3.4671e+02
3.4479e+02
3.4289e+02
3.4106e+02
3.3938e+02
3.3790e+02
3.3666e+02
3.3569e+02
3.3501e+02
3.3462e+02
3.3448e+02
3.3456e+02
3.3478e+02
3.3509e+02
3.3543e+02
3.3571e+02
3.3588e+02
3.3588e+02
3.3571e+02
3.3536e+02
3.3484e+02
3.3417e+02
3.3341e+02
3.3259e+02
3.3179e+02
3.3104e+02
3.3040e+02
3.2990e+02
3.2951e+02
3.2924e+02
3.2904e+02
3.2889e+02
3.2873e+02
3.2851e+02
3.2816e+02
3.2764e+02
3.2690e+02
3.2594e+02
3.2472e+02
3.2323e+02
3.2150e+02
3.1953e+02
3.1736e+02
3.1503e+02
3.1259e+02
3.1010e+02
3.0761e+02
3.0521e+02
3.0297e+02
3.0097e+02
2.9928e+02
2.9800e+02
2.9716e+02
2.9684e+02
2.9704e+02
2.9776e+02
2.9895e+02
3.0056e+02
3.0248e+02
3.0463e+02
3.0685e+02
3.0899e+02
3.1090e+02
3.1243e+02
3.1348e+02
3.1399e+02
3.1393e+02
3.1332e+02
3.1220e+02
3.1066e+02
3.0881e+02
3.0677e+02
3.0464e+02
3.0255e+02
3.0056e+02
2.9875e+02
2.9716e+02
2.9582e+02
2.9472e+02
2.9387e+02
2.9328e+02
2.9296e+02
2.9293e+02
2.9320e+02
2.9378e+02
2.9468e+02
2.9586e+02
2.9728e+02
2.9886e+02
3.0051e+02
3.0211e+02
3.0353e+02
3.0468e+02
3.0547e+02
3.0584e+02
3.0574e+02
3.0518e+02
3.0415e+02
3.0272e+02
3.0095e+02
2.9891e+02
2.9671e+02
2.9444e+02
2.9221e+02
2.9011e+02
2.8824e+02
2.8666e+02
2.8545e+02
2.8466e+02
2.8430e+02
2.8438e+02
2.8484e+02
2.8561e+02
2.8658e+02
2.8763e+02
2.8864e+02
2.8950e+02
2.9008e+02
2.9034e+02
2.9023e+02
2.8976e+02
2.8897e+02
2.8791e+02
2.8666e+02
2.8529e+02
2.8387e+02
2.8247e+02
2.8115e+02
2.7995e+02
2.7887e+02
2.7793e+02
2.7713e+02
2.7645e+02
2.7588e+02
2.7542e+02
2.7504e+02
2.7471e+02
2.7441e+02
2.7406e+02
2.7361e+02
2.7297e+02
2.7206e+02
2.7079e+02
2.6913e+02
2.6704e+02
2.6454e+02
2.6170e+02
2.5862e+02
2.5545e+02
2.5237e+02
2.4958e+02
2.4727e+02
2.4560e+02
2.4471e+02
2.4466e+02
2.4548e+02
2.4709e+02
2.4938e+02
2.5219e+02
2.5532e+02
2.5858e+02
2.6176e+02
2.6471e+02
2.6730e+02
2.6944e+02
2.7111e+02
2.7230e+02
2.7306e+02
2.7345e+02
2.7355e+02
2.7344e+02
2.7317e+02
2.7280e+02
2.7235e+02
2.7182e+02
2.7120e+02
2.7046e+02
2.6956e+02
2.6847e+02
2.6719e+02
2.6571e+02
2.6405e+02
2.6223e+02
2.6030e+02
2.5832e+02
2.5634e+02
2.5442e+02
2.5260e+02
2.5091e+02
2.4934e+02
2.4788e+02
2.4652e+02
2.4521e+02
2.4391e+02
2.4259e+02
2.4121e+02
2.3976e+02
2.3823e+02
2.3664e+02
2.3501e+02
2.3338e+02
2.3181e+02
2.3031e+02
2.2893e+02
2.2768e+02
2.2659e+02
2.2563e+02
2.2481e+02
2.2409e+02
2.2344e+02
2.2283e+02
2.2223e+02
2.2161e+02
2.2096e+02
2.2028e+02
2.1956e+02
2.1882e+02
2.1808e+02
2.1735e+02
2.1666e+02
2.1601e+02
2.1542e+02
2.1488e+02
2.1438e+02
2.1389e+02
2.1337e+02
2.1280e+02
2.1212e+02
2.1131e+02
2.1033e+02
2.0915e+02
2.0775e+02
2.0611e+02
2.0425e+02
2.0216e+02
1.9988e+02
1.9743e+02
1.9483e+02
1.9212e+02
1.8933e+02
1.8647e+02
1.8357e+02
1.8064e+02
1.7769e+02
1.7472e+02
1.7174e+02
1.6874e+02
1.6574e+02
1.6274e+02
1.5976e+02
1.5681e+02
1.5391e+02
1.5105e+02
1.4826e+02
1.4552e+02
1.4286e+02
1.4024e+02
1.3767e+02
1.3512e+02
1.3260e+02
1.3009e+02
1.2760e+02
1.2515e+02
1.2276e+02
1.2045e+02
1.1821e+02
1.1604e+02
1.1396e+02
1.1193e+02
1.0995e+02
1.0800e+02
1.0603e+02
1.0404e+02
1.0199e+02
9.9909e+01
9.7786e+01
9.5647e+01
9.3528e+01
9.1475e+01
8.9518e+01
8.7683e+01
8.5989e+01
8.4445e+01
8.3043e+01
8.1761e+01
8.0581e+01
7.9473e+01
7.8413e+01
7.7379e+01
7.6358e+01
7.5352e+01
7.4361e+01
7.3396e+01
7.2462e+01
7.1571e+01
7.0738e+01
6.9979e+01
6.9300e+01
6.8693e+01
6.8149e+01
6.7644e+01
6.7162e+01
6.6681e+01
6.6179e+01
6.5629e+01
6.5008e+01
6.4313e+01
6.3532e+01
6.2660e+01
6.1687e+01
6.0628e+01
5.9495e+01
5.8304e+01
5.7068e+01
5.5804e+01
5.4530e+01
5.3248e+01
5.1969e+01
5.0696e+01
4.9438e+01
4.8198e+01
4.6980e+01
4.5790e+01
4.4632e+01
4.3518e+01
4.2455e+01
4.1453e+01
4.0517e+01
3.9650e+01
3.8845e+01
3.8088e+01
3.7362e+01
3.6642e+01
3.5909e+01
3.5137e+01
3.4310e+01
3.3406e+01
3.2408e+01
3.1312e+01
3.0122e+01
2.8852e+01
2.7512e+01
2.6120e+01
2.4700e+01
2.3271e+01
2.1855e+01
2.0466e+01
1.9123e+01
1.7825e+01
1.6577e+01
1.5378e+01
1.4224e+01
1.3115e+01
1.2051e+01
1.1037e+01
1.0083e+01
9.2121e+00
8.4462e+00
7.8170e+00
7.3567e+00
7.0980e+00
7.0693e+00
7.2895e+00
7.7639e+00
8.4724e+00
9.3904e+00
1.0476e+01
1.1680e+01
1.2952e+01
1.4246e+01
1.5522e+01
1.6746e+01
1.7910e+01
1.9012e+01
2.0071e+01
2.1111e+01
2.2162e+01
2.3254e+01
2.4410e+01
2.5653e+01
2.6988e+01
2.8414e+01
2.9924e+01
3.1501e+01
3.3123e+01
3.4770e+01
3.6416e+01
3.8029e+01
3.9590e+01
4.1071e+01
4.2448e+01
4.3695e+01
4.4794e+01
4.5727e+01
4.6481e+01
4.7057e+01
4.7459e+01
4.7712e+01
4.7845e+01
4.7893e+01
4.7895e+01
4.7884e+01
4.7882e+01
4.7890e+01
4.7901e+01
4.7883e+01
4.7806e+01
4.7630e+01
4.7312e+01
4.6816e+01
4.6123e+01
4.5243e+01
4.4201e+01
4.3055e+01
4.1868e+01
4.0715e+01
3.9668e+01
3.8789e+01
3.8124e+01
3.7686e+01
3.7467e+01
3.7432e+01
3.7531e+01
3.7708e+01
3.7898e+01
3.8045e+01
3.8100e+01
3.8037e+01
3.7832e+01
3.7476e+01
3.6969e+01
3.6314e+01
3.5520e+01
3.4605e+01
3.3586e+01
3.2476e+01
3.1295e+01
3.0055e+01
2.8777e+01
2.7489e+01
2.6218e+01
2.4995e+01
2.3842e+01
2.2776e+01
2.1801e+01
2.0919e+01
2.0118e+01
1.9380e+01
1.8677e+01
1.7981e+01
1.7271e+01
1.6528e+01
1.5746e+01
1.4912e+01
1.4024e+01
1.3083e+01
1.2102e+01
1.1096e+01
1.0076e+01
9.0629e+00
8.0710e+00
7.1248e+00
6.2404e+00
5.4390e+00
4.7317e+00
4.1242e+00
3.6200e+00
3.2121e+00
2.8962e+00
2.6516e+00
2.4612e+00
2.3079e+00
2.1819e+00
2.0833e+00
2.0120e+00
1.9806e+00
2.0065e+00
2.1212e+00
2.3564e+00
2.7337e+00
3.2610e+00
3.9338e+00
4.7309e+00
5.6111e+00
6.5272e+00
7.4186e+00
8.2288e+00
8.8987e+00
9.3804e+00
9.6399e+00
9.6587e+00
9.4427e+00
9.0017e+00
8.3590e+00
7.5399e+00
6.5856e+00
5.5444e+00
4.4641e+00
3.3931e+00
2.3767e+00
1.4714e+00
7.3098e-01
2.1955e-01
0000
1.3144e-01
6.7091e-01
1.6680e+00
3.1587e+00
5.1506e+00
7.6371e+00
1.0588e+01
1.3956e+01
1.7677e+01
2.1670e+01
2.5851e+01
3.0134e+01
3.4449e+01
3.8725e+01
4.2917e+01
4.6996e+01
5.0957e+01
5.4816e+01
5.8597e+01
6.2341e+01
6.6095e+01
6.9908e+01
7.3813e+01
7.7836e+01
8.1993e+01
8.6285e+01
9.0695e+01
9.5189e+01
9.9732e+01
1.0427e+02
1.0877e+02
1.1317e+02
1.1745e+02
1.2159e+02
1.2559e+02
1.2946e+02
1.3319e+02
1.3682e+02
1.4035e+02
1.4382e+02
1.4722e+02
1.5054e+02
1.5377e+02
1.5689e+02
1.5987e+02
1.6269e+02
1.6535e+02
1.6782e+02
1.7013e+02
1.7228e+02
1.7431e+02
1.7627e+02
1.7819e+02
1.8013e+02
1.8210e+02
1.8411e+02
1.8618e+02
1.8829e+02
1.9044e+02
1.9260e+02
1.9477e+02
1.9695e+02
1.9912e+02
2.0132e+02
2.0354e+02
2.0580e+02
2.0811e+02
2.1048e+02
2.1290e+02
2.1534e+02
2.1777e+02
2.2011e+02
2.2232e+02
2.2433e+02
2.2609e+02
2.2754e+02
2.2864e+02
2.2936e+02
2.2971e+02
2.2968e+02
2.2929e+02
2.2853e+02
2.2742e+02
2.2598e+02
2.2423e+02
2.2220e+02
2.1992e+02
2.1741e+02
2.1473e+02
2.1192e+02
2.0905e+02
2.0618e+02
2.0340e+02
2.0075e+02
1.9829e+02
1.9608e+02
1.9413e+02
1.9247e+02
1.9110e+02
1.9002e+02
1.8920e+02
1.8863e+02
1.8830e+02
1.8820e+02
1.8831e+02
1.8862e+02
1.8912e+02
1.8981e+02
1.9070e+02
1.9177e+02
1.9303e+02
1.9447e+02
1.9610e+02
1.9790e+02
1.9987e+02
2.0200e+02
2.0424e+02
2.0657e+02
2.0897e+02
2.1139e+02
2.1380e+02
2.1616e+02
2.1842e+02
2.2057e+02
2.2257e+02
2.2444e+02
2.2616e+02
2.2778e+02
2.2930e+02
2.3076e+02
2.3219e+02
2.3363e+02
2.3510e+02
2.3665e+02
2.3827e+02
2.3998e+02
2.4179e+02
2.4367e+02
2.4563e+02
2.4763e+02
2.4965e+02
2.5166e+02
2.5364e+02
2.5556e+02
2.5739e+02
2.5912e+02
2.6073e+02
2.6220e+02
2.6353e+02
2.6473e+02
2.6578e+02
2.6667e+02
2.6742e+02
2.6801e+02
2.6845e+02
2.6875e+02
2.6890e+02
2.6891e+02
2.6882e+02
2.6862e+02
2.6836e+02
2.6806e+02
2.6773e+02
2.6742e+02
2.6713e+02
2.6687e+02
2.6664e+02
2.6644e+02
2.6626e+02
2.6607e+02
2.6587e+02
2.6562e+02
2.6533e+02
2.6498e+02
2.6457e+02
2.6413e+02
2.6366e+02
2.6321e+02
2.6279e+02
2.6244e+02
2.6215e+02
2.6193e+02
2.6178e+02
2.6170e+02
2.6166e+02
2.6166e+02
2.6167e+02
2.6170e+02
2.6176e+02
2.6186e+02
2.6205e+02
2.6237e+02
2.6284e+02
2.6351e+02
2.6438e+02
2.6543e+02
2.6665e+02
2.6796e+02
2.6928e+02
2.7053e+02
2.7162e+02
2.7248e+02
2.7306e+02
2.7333e+02
2.7331e+02
2.7302e+02
2.7253e+02
2.7190e+02
2.7119e+02
2.7045e+02
2.6973e+02
2.6906e+02
2.6846e+02
2.6791e+02
2.6739e+02
2.6688e+02
2.6637e+02
2.6585e+02
2.6531e+02
2.6479e+02
2.6429e+02
2.6386e+02
2.6354e+02
2.6338e+02
2.6341e+02
2.6365e+02
2.6412e+02
2.6483e+02
2.6576e+02
2.6690e+02
2.6822e+02
2.6969e+02
2.7128e+02
2.7297e+02
2.7471e+02
2.7647e+02
2.7823e+02
2.7994e+02
2.8157e+02
2.8310e+02
2.8451e+02
2.8578e+02
2.8692e+02
2.8794e+02
2.8889e+02
2.8982e+02
2.9080e+02
2.9193e+02
2.9331e+02
2.9502e+02
2.9715e+02
2.9975e+02
3.0284e+02
3.0641e+02
3.1040e+02
3.1472e+02
3.1927e+02
3.2395e+02
3.2863e+02
3.3324e+02
3.3769e+02
3.4193e+02
3.4595e+02
3.4975e+02
3.5334e+02
3.5673e+02
3.5994e+02
3.6299e+02
3.6586e+02
3.6854e+02
3.7099e+02
3.7315e+02
3.7499e+02
3.7646e+02
3.7755e+02
3.7826e+02
3.7861e+02
3.7864e+02
3.7841e+02
3.7799e+02
3.7744e+02
3.7683e+02
3.7623e+02
3.7568e+02
3.7521e+02
3.7485e+02
3.7460e+02
3.7446e+02
3.7442e+02
3.7446e+02
3.7458e+02
3.7475e+02
3.7495e+02
3.7514e+02
3.7529e+02
3.7536e+02
3.7531e+02
3.7511e+02
3.7474e+02
3.7417e+02
3.7342e+02
3.7252e+02
3.7153e+02
3.7052e+02
3.6958e+02
3.6880e+02
3.6824e+02
3.6797e+02
3.6799e+02
3.6830e+02
3.6886e+02
3.6957e+02
3.7035e+02
3.7110e+02
3.7175e+02
3.7225e+02
3.7261e+02
3.7286e+02
3.7308e+02
3.7338e+02
3.7386e+02
3.7465e+02
3.7583e+02
3.7748e+02
3.7959e+02
3.8214e+02
3.8507e+02
3.8827e+02
3.9164e+02
3.9504e+02
3.9836e+02
4.0152e+02
4.0444e+02
4.0709e+02
4.0944e+02
4.1150e+02
4.1328e+02
4.1481e+02
4.1610e+02
4.1720e+02
4.1810e+02
4.1883e+02
4.1940e+02
4.1980e+02
4.2005e+02
4.2014e+02
4.2008e+02
4.1986e+02
4.1949e+02
4.1899e+02
4.1836e+02
4.1761e+02
4.1677e+02
4.1584e+02
4.1487e+02
4.1388e+02
4.1290e+02
4.1196e+02
4.1106e+02
4.1023e+02
4.0947e+02
4.0880e+02
4.0820e+02
4.0767e+02
4.0719e+02
4.0672e+02
4.0623e+02
4.0566e+02
4.0498e+02
4.0415e+02
4.0313e+02
4.0190e+02
4.0046e+02
3.9883e+02
3.9706e+02
3.9522e+02
3.9338e+02
3.9164e+02
3.9009e+02
3.8880e+02
3.8784e+02
3.8722e+02
3.8695e+02
3.8698e+02
3.8727e+02
3.8774e+02
3.8829e+02
3.8885e+02
3.8938e+02
3.8983e+02
3.9021e+02
3.9053e+02
3.9086e+02
3.9124e+02
3.9173e+02
3.9237e+02
3.9320e+02
3.9425e+02
3.9548e+02
3.9686e+02
3.9833e+02
3.9978e+02
4.0109e+02
4.0216e+02
4.0288e+02
4.0318e+02
4.0300e+02
4.0235e+02
4.0126e+02
3.9980e+02
3.9809e+02
3.9628e+02
3.9452e+02
3.9299e+02
3.9184e+02
3.9119e+02
3.9112e+02
3.9167e+02
3.9282e+02
3.9451e+02
3.9664e+02
3.9910e+02
4.0176e+02
4.0449e+02
4.0717e+02
4.0974e+02
4.1213e+02
4.1432e+02
4.1629e+02
4.1803e+02
4.1957e+02
4.2090e+02
4.2206e+02
4.2305e+02
4.2390e+02
4.2461e+02
4.2520e+02
4.2568e+02
4.2606e+02
4.2638e+02
4.2668e+02
4.2698e+02
4.2731e+02
4.2769e+02
4.2814e+02
4.2868e+02
4.2930e+02
4.3000e+02
4.3077e+02
4.3161e+02
4.3250e+02
4.3344e+02
4.3444e+02
4.3550e+02
4.3663e+02
4.3785e+02
4.3916e+02
4.4059e+02
4.4214e+02
4.4381e+02
4.4558e+02
4.4741e+02
4.4925e+02
4.5104e+02
4.5271e+02
4.5418e+02
4.5538e+02
4.5628e+02
4.5683e+02
4.5705e+02
4.5695e+02
4.5661e+02
4.5611e+02
4.5554e+02
4.5499e+02
4.5452e+02
4.5418e+02
4.5397e+02
4.5386e+02
4.5380e+02
4.5369e+02
4.5348e+02
4.5308e+02
4.5242e+02
4.5149e+02
4.5028e+02
4.4885e+02
4.4728e+02
4.4565e+02
4.4403e+02
4.4250e+02
4.4109e+02
4.3982e+02
4.3868e+02
4.3760e+02
4.3652e+02
4.3537e+02
4.3409e+02
4.3265e+02
4.3105e+02
4.2932e+02
4.2752e+02
4.2574e+02
4.2409e+02
4.2266e+02
4.2155e+02
4.2084e+02
4.2055e+02
4.2070e+02
4.2126e+02
4.2218e+02
4.2338e+02
4.2478e+02
4.2631e+02
4.2791e+02
4.2952e+02
4.3112e+02
4.3272e+02
4.3431e+02
4.3590e+02
4.3753e+02
4.3919e+02
4.4090e+02
4.4269e+02
4.4453e+02
4.4641e+02
4.4832e+02
4.5022e+02
4.5208e+02
4.5389e+02
4.5561e+02
4.5724e+02
4.5874e+02
4.6010e+02
4.6128e+02
4.6229e+02
4.6310e+02
4.6371e+02
4.6412e+02
4.6435e+02
4.6443e+02
4.6441e+02
4.6433e+02
4.6426e+02
4.6428e+02
4.6444e+02
4.6479e+02
4.6537e+02
4.6619e+02
4.6724e+02
4.6848e+02
4.6988e+02
4.7136e+02
4.7286e+02
4.7429e+02
4.7557e+02
4.7666e+02
4.7750e+02
4.7808e+02
4.7838e+02
4.7843e+02
4.7824e+02
4.7784e+02
4.7728e+02
4.7662e+02
4.7591e+02
4.7521e+02
4.7455e+02
4.7400e+02
4.7356e+02
4.7327e+02
4.7314e+02
4.7315e+02
4.7328e+02
4.7351e+02
4.7379e+02
4.7408e+02
4.7437e+02
4.7461e+02
4.7480e+02
4.7493e+02
4.7502e+02
4.7508e+02
4.7514e+02
4.7520e+02
4.7528e+02
4.7538e+02
4.7547e+02
4.7553e+02
4.7552e+02
4.7541e+02
4.7517e+02
4.7481e+02
4.7434e+02
4.7381e+02
4.7327e+02
4.7280e+02
4.7247e+02
4.7234e+02
4.7247e+02
4.7288e+02
4.7355e+02
4.7446e+02
4.7552e+02
4.7665e+02
4.7775e+02
4.7872e+02
4.7950e+02
4.8003e+02
4.8029e+02
4.8027e+02
4.8000e+02
4.7953e+02
4.7893e+02
4.7826e+02
4.7758e+02
4.7697e+02
4.7645e+02
4.7607e+02
4.7583e+02
4.7573e+02
4.7576e+02
4.7590e+02
4.7611e+02
4.7638e+02
4.7668e+02
4.7700e+02
4.7734e+02
4.7769e+02
4.7807e+02
4.7851e+02
4.7902e+02
4.7964e+02
4.8040e+02
4.8133e+02
4.8249e+02
4.8389e+02
4.8556e+02
4.8750e+02
4.8973e+02
4.9224e+02
4.9501e+02
4.9802e+02
5.0122e+02
5.0456e+02
5.0800e+02
5.1146e+02
5.1490e+02
5.1826e+02
5.2151e+02
5.2462e+02
5.2760e+02
5.3044e+02
5.3318e+02
5.3585e+02
5.3852e+02
5.4121e+02
5.4400e+02
5.4692e+02
5.5002e+02
5.5331e+02
5.5683e+02
5.6055e+02
5.6448e+02
5.6857e+02
5.7280e+02
5.7711e+02
5.8147e+02
5.8582e+02
5.9014e+02
5.9437e+02
5.9849e+02
6.0248e+02
6.0631e+02
6.0997e+02
6.1347e+02
6.1679e+02
6.1991e+02
6.2284e+02
6.2555e+02
6.2805e+02
6.3032e+02
6.3238e+02
6.3423e+02
6.3587e+02
6.3735e+02
6.3868e+02
6.3989e+02
6.4099e+02
6.4200e+02
6.4294e+02
6.4379e+02
6.4455e+02
6.4521e+02
6.4575e+02
6.4614e+02
6.4640e+02
6.4651e+02
6.4649e+02
6.4638e+02
6.4626e+02
6.4620e+02
6.4629e+02
6.4664e+02
6.4735e+02
6.4851e+02
6.5018e+02
6.5241e+02
6.5521e+02
6.5855e+02
6.6237e+02
6.6654e+02
6.7093e+02
6.7536e+02
6.7965e+02
6.8362e+02
6.8710e+02
6.8994e+02
6.9202e+02
6.9329e+02
6.9372e+02
6.9334e+02
6.9221e+02
6.9040e+02
6.8802e+02
6.8519e+02
6.8201e+02
6.7860e+02
6.7506e+02
6.7146e+02
6.6790e+02
6.6442e+02
6.6107e+02
6.5788e+02
6.5489e+02
6.5211e+02
6.4955e+02
6.4721e+02
6.4506e+02
6.4309e+02
6.4127e+02
6.3955e+02
6.3791e+02
6.3630e+02
6.3471e+02
6.3313e+02
6.3156e+02
6.3003e+02
6.2859e+02
6.2727e+02
6.2614e+02
6.2526e+02
6.2467e+02
6.2442e+02
6.2454e+02
6.2505e+02
6.2594e+02
6.2718e+02
6.2875e+02
6.3057e+02
6.3256e+02
6.3464e+02
6.3671e+02
6.3867e+02
6.4043e+02
6.4188e+02
6.4297e+02
6.4362e+02
6.4381e+02
6.4351e+02
6.4274e+02
6.4152e+02
6.3989e+02
6.3790e+02
6.3564e+02
6.3316e+02
6.3054e+02
6.2786e+02
6.2517e+02
6.2254e+02
6.2002e+02
6.1766e+02
6.1548e+02
6.1351e+02
6.1175e+02
6.1023e+02
6.0894e+02
6.0786e+02
6.0700e+02
6.0635e+02
6.0590e+02
6.0566e+02
6.0564e+02
6.0583e+02
6.0625e+02
6.0690e+02
6.0776e+02
6.0884e+02
6.1011e+02
6.1155e+02
6.1310e+02
6.1474e+02
6.1641e+02
6.1806e+02
6.1966e+02
6.2119e+02
6.2263e+02
6.2397e+02
6.2523e+02
6.2640e+02
6.2751e+02
6.2857e+02
6.2959e+02
6.3059e+02
6.3156e+02
6.3251e+02
6.3343e+02
6.3433e+02
6.3519e+02
6.3605e+02
6.3689e+02
6.3776e+02
6.3869e+02
6.3970e+02
6.4084e+02
6.4214e+02
6.4362e+02
6.4529e+02
6.4714e+02
6.4915e+02
6.5127e+02
6.5345e+02
6.5563e+02
6.5775e+02
6.5975e+02
6.6157e+02
6.6317e+02
6.6452e+02
6.6560e+02
6.6640e+02
6.6693e+02
6.6719e+02
6.6720e+02
6.6696e+02
6.6653e+02
6.6595e+02
6.6529e+02
6.6463e+02
6.6407e+02
6.6372e+02
6.6368e+02
6.6404e+02
6.6490e+02
6.6629e+02
6.6822e+02
6.7066e+02
6.7353e+02
6.7671e+02
6.8006e+02
6.8340e+02
6.8660e+02
6.8950e+02
6.9200e+02
6.9402e+02
6.9553e+02
6.9655e+02
6.9712e+02
6.9733e+02
6.9729e+02
6.9712e+02
6.9695e+02
6.9689e+02
6.9703e+02
6.9744e+02
6.9817e+02
6.9923e+02
7.0062e+02
7.0228e+02
7.0416e+02
7.0618e+02
7.0823e+02
7.1016e+02
7.1173e+02
7.1270e+02
7.1277e+02
7.1165e+02
7.0903e+02
7.0462e+02
6.9818e+02
6.8955e+02
6.7868e+02
6.6563e+02
6.5064e+02
6.3408e+02
6.1641e+02
5.9820e+02
