1.9945e+02
2.0483e+02
2.0978e+02
2.1415e+02
2.1786e+02
2.2089e+02
2.2327e+02
2.2505e+02
2.2634e+02
2.2726e+02
2.2790e+02
2.2837e+02
2.2876e+02
2.2917e+02
2.2965e+02
2.3027e+02
2.3109e+02
2.3216e+02
2.3355e+02
2.3534e+02
2.3757e+02
2.4031e+02
2.4355e+02
2.4726e+02
2.5135e+02
2.5568e+02
2.6004e+02
2.6422e+02
2.6796e+02
2.7105e+02
2.7328e+02
2.7450e+02
2.7462e+02
2.7364e+02
2.7163e+02
2.6874e+02
2.6516e+02
2.6111e+02
2.5684e+02
2.5262e+02
2.4868e+02
2.4524e+02
2.4249e+02
2.4055e+02
2.3952e+02
2.3946e+02
2.4036e+02
2.4218e+02
2.4482e+02
2.4811e+02
2.5185e+02
2.5582e+02
2.5975e+02
2.6339e+02
2.6650e+02
2.6889e+02
2.7041e+02
2.7098e+02
2.7060e+02
2.6935e+02
2.6735e+02
2.6482e+02
2.6199e+02
2.5911e+02
2.5641e+02
2.5409e+02
2.5229e+02
2.5114e+02
2.5068e+02
2.5087e+02
2.5164e+02
2.5286e+02
2.5439e+02
2.5607e+02
2.5771e+02
2.5916e+02
2.6023e+02
2.6080e+02
2.6076e+02
2.6004e+02
2.5862e+02
2.5649e+02
2.5371e+02
2.5035e+02
2.4651e+02
2.4232e+02
2.3788e+02
2.3331e+02
2.2872e+02
2.2420e+02
2.1980e+02
2.1554e+02
2.1142e+02
2.0742e+02
2.0348e+02
1.9958e+02
1.9571e+02
1.9188e+02
1.8811e+02
1.8451e+02
1.8118e+02
1.7825e+02
1.7589e+02
1.7421e+02
1.7333e+02
1.7333e+02
1.7424e+02
1.7605e+02
1.7865e+02
1.8190e+02
1.8562e+02
1.8958e+02
1.9355e+02
1.9733e+02
2.0072e+02
2.0358e+02
2.0582e+02
2.0737e+02
2.0822e+02
2.0836e+02
2.0781e+02
2.0661e+02
2.0479e+02
2.0238e+02
1.9939e+02
1.9585e+02
1.9179e+02
1.8726e+02
1.8233e+02
1.7709e+02
1.7164e+02
1.6612e+02
1.6068e+02
1.5546e+02
1.5060e+02
1.4622e+02
1.4239e+02
1.3916e+02
1.3653e+02
1.3447e+02
1.3295e+02
1.3191e+02
1.3125e+02
1.3090e+02
1.3077e+02
1.3077e+02
1.3082e+02
1.3084e+02
1.3076e+02
1.3055e+02
1.3018e+02
1.2963e+02
1.2889e+02
1.2800e+02
1.2697e+02
1.2586e+02
1.2472e+02
1.2360e+02
1.2256e+02
1.2166e+02
1.2092e+02
1.2037e+02
1.2002e+02
1.1988e+02
1.2000e+02
1.2040e+02
1.2112e+02
1.2222e+02
1.2374e+02
1.2577e+02
1.2834e+02
1.3149e+02
1.3524e+02
1.3954e+02
1.4433e+02
1.4949e+02
1.5485e+02
1.6019e+02
1.6528e+02
1.6987e+02
1.7375e+02
1.7669e+02
1.7855e+02
1.7922e+02
1.7866e+02
1.7692e+02
1.7411e+02
1.7040e+02
1.6603e+02
1.6124e+02
1.5631e+02
1.5147e+02
1.4697e+02
1.4301e+02
1.3975e+02
1.3727e+02
1.3562e+02
1.3477e+02
1.3468e+02
1.3524e+02
1.3636e+02
1.3790e+02
1.3974e+02
1.4175e+02
1.4383e+02
1.4588e+02
1.4784e+02
1.4970e+02
1.5148e+02
1.5319e+02
1.5489e+02
1.5662e+02
1.5841e+02
1.6033e+02
1.6241e+02
1.6465e+02
1.6702e+02
1.6947e+02
1.7192e+02
1.7428e+02
1.7646e+02
1.7836e+02
1.7990e+02
1.8102e+02
1.8165e+02
1.8177e+02
1.8137e+02
1.8050e+02
1.7918e+02
1.7750e+02
1.7554e+02
1.7340e+02
1.7117e+02
1.6896e+02
1.6686e+02
1.6497e+02
1.6337e+02
1.6212e+02
1.6120e+02
1.6060e+02
1.6023e+02
1.6005e+02
1.5995e+02
1.5984e+02
1.5963e+02
1.5926e+02
1.5869e+02
1.5793e+02
1.5707e+02
1.5623e+02
1.5555e+02
1.5520e+02
1.5534e+02
1.5613e+02
1.5769e+02
1.6010e+02
1.6339e+02
1.6752e+02
1.7238e+02
1.7782e+02
1.8367e+02
1.8972e+02
1.9573e+02
2.0150e+02
2.0681e+02
2.1151e+02
2.1546e+02
2.1857e+02
2.2082e+02
2.2221e+02
2.2281e+02
2.2271e+02
2.2203e+02
2.2087e+02
2.1937e+02
2.1767e+02
2.1588e+02
2.1410e+02
2.1244e+02
2.1095e+02
2.0966e+02
2.0862e+02
2.0782e+02
2.0729e+02
2.0705e+02
2.0710e+02
2.0745e+02
2.0810e+02
2.0908e+02
2.1039e+02
2.1205e+02
2.1405e+02
2.1639e+02
2.1904e+02
2.2199e+02
2.2518e+02
2.2856e+02
2.3205e+02
2.3557e+02
2.3906e+02
2.4242e+02
2.4561e+02
2.4857e+02
2.5128e+02
2.5371e+02
2.5589e+02
2.5784e+02
2.5959e+02
2.6122e+02
2.6274e+02
2.6417e+02
2.6552e+02
2.6675e+02
2.6783e+02
2.6869e+02
2.6925e+02
2.6945e+02
2.6924e+02
2.6861e+02
2.6758e+02
2.6622e+02
2.6464e+02
2.6295e+02
2.6131e+02
2.5986e+02
2.5873e+02
2.5802e+02
2.5778e+02
2.5802e+02
2.5872e+02
2.5982e+02
2.6122e+02
2.6284e+02
2.6458e+02
2.6637e+02
2.6812e+02
2.6981e+02
2.7139e+02
2.7283e+02
2.7410e+02
2.7518e+02
2.7605e+02
2.7668e+02
2.7704e+02
2.7709e+02
2.7681e+02
2.7621e+02
2.7529e+02
2.7411e+02
2.7273e+02
2.7124e+02
2.6975e+02
2.6838e+02
2.6726e+02
2.6647e+02
2.6610e+02
2.6619e+02
2.6675e+02
2.6774e+02
2.6909e+02
2.7069e+02
2.7242e+02
2.7415e+02
2.7576e+02
2.7715e+02
2.7823e+02
2.7896e+02
2.7933e+02
2.7936e+02
2.7906e+02
2.7851e+02
2.7773e+02
2.7677e+02
2.7568e+02
2.7446e+02
2.7314e+02
2.7171e+02
2.7015e+02
2.6846e+02
2.6665e+02
2.6472e+02
2.6268e+02
2.6056e+02
2.5836e+02
2.5611e+02
2.5382e+02
2.5149e+02
2.4910e+02
2.4666e+02
2.4417e+02
2.4164e+02
2.3907e+02
2.3651e+02
2.3399e+02
2.3159e+02
2.2936e+02
2.2739e+02
2.2574e+02
2.2443e+02
2.2351e+02
2.2295e+02
2.2270e+02
2.2271e+02
2.2289e+02
2.2314e+02
2.2336e+02
2.2348e+02
2.2344e+02
2.2319e+02
2.2275e+02
2.2212e+02
2.2135e+02
2.2050e+02
2.1961e+02
2.1873e+02
2.1789e+02
2.1707e+02
2.1624e+02
2.1535e+02
2.1432e+02
2.1306e+02
2.1152e+02
2.0964e+02
2.0741e+02
2.0484e+02
2.0200e+02
1.9899e+02
1.9593e+02
1.9296e+02
1.9023e+02
1.8786e+02
1.8595e+02
1.8456e+02
1.8374e+02
1.8347e+02
1.8374e+02
1.8451e+02
1.8571e+02
1.8731e+02
1.8927e+02
1.9155e+02
1.9413e+02
1.9696e+02
2.0001e+02
2.0322e+02
2.0650e+02
2.0977e+02
2.1291e+02
2.1585e+02
2.1847e+02
2.2068e+02
2.2239e+02
2.2353e+02
2.2406e+02
2.2397e+02
2.2327e+02
2.2196e+02
2.2007e+02
2.1763e+02
2.1468e+02
2.1126e+02
2.0744e+02
2.0327e+02
1.9883e+02
1.9419e+02
1.8944e+02
1.8467e+02
1.7998e+02
1.7547e+02
1.7122e+02
1.6729e+02
1.6374e+02
1.6060e+02
1.5789e+02
1.5560e+02
1.5373e+02
1.5225e+02
1.5114e+02
1.5035e+02
1.4984e+02
1.4958e+02
1.4954e+02
1.4972e+02
1.5010e+02
1.5067e+02
1.5146e+02
1.5244e+02
1.5364e+02
1.5502e+02
1.5659e+02
1.5830e+02
1.6014e+02
1.6208e+02
1.6407e+02
1.6605e+02
1.6799e+02
1.6981e+02
1.7148e+02
1.7294e+02
1.7414e+02
1.7505e+02
1.7561e+02
1.7581e+02
1.7564e+02
1.7511e+02
1.7424e+02
1.7310e+02
1.7177e+02
1.7033e+02
1.6889e+02
1.6756e+02
1.6642e+02
1.6557e+02
1.6505e+02
1.6490e+02
1.6512e+02
1.6566e+02
1.6649e+02
1.6754e+02
1.6874e+02
1.7004e+02
1.7139e+02
1.7275e+02
1.7409e+02
1.7541e+02
1.7672e+02
1.7805e+02
1.7942e+02
1.8083e+02
1.8228e+02
1.8375e+02
1.8522e+02
1.8665e+02
1.8799e+02
1.8919e+02
1.9023e+02
1.9110e+02
1.9181e+02
1.9241e+02
1.9295e+02
1.9354e+02
1.9424e+02
1.9517e+02
1.9639e+02
1.9796e+02
1.9990e+02
2.0218e+02
2.0476e+02
2.0755e+02
2.1044e+02
2.1330e+02
2.1602e+02
2.1849e+02
2.2064e+02
2.2242e+02
2.2384e+02
2.2491e+02
2.2569e+02
2.2625e+02
2.2669e+02
2.2710e+02
2.2758e+02
2.2819e+02
2.2899e+02
2.3002e+02
2.3128e+02
2.3277e+02
2.3444e+02
2.3625e+02
2.3814e+02
2.4007e+02
2.4197e+02
2.4381e+02
2.4555e+02
2.4718e+02
2.4869e+02
2.5011e+02
2.5147e+02
2.5280e+02
2.5417e+02
2.5561e+02
2.5720e+02
2.5897e+02
2.6094e+02
2.6314e+02
2.6556e+02
2.6819e+02
2.7100e+02
2.7396e+02
2.7701e+02
2.8011e+02
2.8321e+02
2.8624e+02
2.8912e+02
2.9173e+02
2.9393e+02
2.9561e+02
2.9660e+02
2.9677e+02
2.9596e+02
2.9406e+02
2.9099e+02
2.8674e+02
2.8139e+02
2.7506e+02
2.6799e+02
2.6046e+02
2.5280e+02
2.4536e+02
2.3848e+02
2.3246e+02
2.2755e+02
2.2392e+02
2.2165e+02
2.2074e+02
2.2112e+02
2.2264e+02
2.2511e+02
2.2832e+02
2.3202e+02
2.3600e+02
2.4002e+02
2.4390e+02
2.4746e+02
2.5061e+02
2.5330e+02
2.5549e+02
2.5718e+02
2.5838e+02
2.5916e+02
2.5955e+02
2.5963e+02
2.5946e+02
2.5909e+02
2.5855e+02
2.5786e+02
2.5704e+02
2.5609e+02
2.5499e+02
2.5375e+02
2.5235e+02
2.5081e+02
2.4915e+02
2.4739e+02
2.4557e+02
2.4372e+02
2.4189e+02
2.4010e+02
2.3838e+02
2.3678e+02
2.3528e+02
2.3392e+02
2.3269e+02
2.3158e+02
2.3058e+02
2.2967e+02
2.2884e+02
2.2804e+02
2.2725e+02
2.2645e+02
2.2560e+02
2.2468e+02
2.2367e+02
2.2256e+02
2.2134e+02
2.2000e+02
2.1856e+02
2.1701e+02
2.1538e+02
2.1366e+02
2.1186e+02
2.1001e+02
2.0810e+02
2.0614e+02
2.0414e+02
2.0208e+02
1.9998e+02
1.9783e+02
1.9564e+02
1.9343e+02
1.9121e+02
1.8900e+02
1.8682e+02
1.8471e+02
1.8269e+02
1.8080e+02
1.7904e+02
1.7745e+02
1.7603e+02
1.7478e+02
1.7370e+02
1.7276e+02
1.7196e+02
1.7127e+02
1.7068e+02
1.7016e+02
1.6968e+02
1.6924e+02
1.6881e+02
1.6839e+02
1.6795e+02
1.6750e+02
1.6700e+02
1.6645e+02
1.6584e+02
1.6515e+02
1.6437e+02
1.6352e+02
1.6261e+02
1.6164e+02
1.6063e+02
1.5962e+02
1.5862e+02
1.5766e+02
1.5674e+02
1.5589e+02
1.5509e+02
1.5437e+02
1.5369e+02
1.5306e+02
1.5245e+02
1.5185e+02
1.5125e+02
1.5065e+02
1.5004e+02
1.4945e+02
1.4888e+02
1.4835e+02
1.4788e+02
1.4748e+02
1.4718e+02
1.4696e+02
1.4684e+02
1.4679e+02
1.4678e+02
1.4680e+02
1.4680e+02
1.4675e+02
1.4660e+02
1.4635e+02
1.4596e+02
1.4543e+02
1.4477e+02
1.4400e+02
1.4314e+02
1.4221e+02
1.4125e+02
1.4030e+02
1.3936e+02
1.3846e+02
1.3759e+02
1.3673e+02
1.3588e+02
1.3503e+02
1.3418e+02
1.3335e+02
1.3259e+02
1.3197e+02
1.3157e+02
1.3151e+02
1.3189e+02
1.3283e+02
1.3441e+02
1.3666e+02
1.3958e+02
1.4311e+02
1.4712e+02
1.5145e+02
1.5590e+02
1.6026e+02
1.6429e+02
1.6783e+02
1.7070e+02
1.7282e+02
1.7414e+02
1.7469e+02
1.7452e+02
1.7373e+02
1.7242e+02
1.7071e+02
1.6872e+02
1.6657e+02
1.6432e+02
1.6204e+02
1.5978e+02
1.5755e+02
1.5535e+02
1.5318e+02
1.5103e+02
1.4889e+02
1.4675e+02
1.4461e+02
1.4244e+02
1.4024e+02
1.3800e+02
1.3571e+02
1.3338e+02
1.3102e+02
1.2864e+02
1.2626e+02
1.2391e+02
1.2160e+02
1.1936e+02
1.1722e+02
1.1519e+02
1.1327e+02
1.1145e+02
1.0975e+02
1.0816e+02
1.0671e+02
1.0543e+02
1.0436e+02
1.0357e+02
1.0313e+02
1.0312e+02
1.0362e+02
1.0469e+02
1.0634e+02
1.0854e+02
1.1124e+02
1.1430e+02
1.1759e+02
1.2090e+02
1.2404e+02
1.2682e+02
1.2907e+02
1.3068e+02
1.3157e+02
1.3172e+02
1.3118e+02
1.3004e+02
1.2842e+02
1.2647e+02
1.2434e+02
1.2217e+02
1.2010e+02
1.1824e+02
1.1668e+02
1.1551e+02
1.1475e+02
1.1443e+02
1.1456e+02
1.1512e+02
1.1606e+02
1.1734e+02
1.1887e+02
1.2057e+02
1.2231e+02
1.2399e+02
1.2549e+02
1.2671e+02
1.2755e+02
1.2791e+02
1.2769e+02
1.2677e+02
1.2505e+02
1.2242e+02
1.1878e+02
1.1405e+02
1.0822e+02
1.0131e+02
9.3407e+01
8.4712e+01
7.5503e+01
6.6148e+01
5.7073e+01
4.8730e+01
4.1558e+01
3.5936e+01
3.2144e+01
3.0327e+01
3.0482e+01
3.2458e+01
3.5984e+01
4.0684e+01
4.6119e+01
5.1843e+01
5.7446e+01
6.2592e+01
6.7035e+01
7.0622e+01
7.3292e+01
7.5071e+01
7.6070e+01
7.6452e+01
7.6408e+01
7.6126e+01
7.5788e+01
7.5558e+01
7.5566e+01
7.5910e+01
7.6659e+01
7.7852e+01
7.9493e+01
8.1555e+01
8.3985e+01
8.6712e+01
8.9635e+01
9.2640e+01
9.5615e+01
9.8460e+01
1.0109e+02
1.0343e+02
1.0543e+02
1.0707e+02
1.0836e+02
1.0931e+02
1.0995e+02
1.1034e+02
1.1051e+02
1.1050e+02
1.1035e+02
1.1011e+02
1.0979e+02
1.0940e+02
1.0894e+02
1.0843e+02
1.0787e+02
1.0727e+02
1.0664e+02
1.0599e+02
1.0533e+02
1.0469e+02
1.0406e+02
1.0346e+02
1.0290e+02
1.0237e+02
1.0185e+02
1.0131e+02
1.0075e+02
1.0011e+02
9.9370e+01
9.8505e+01
9.7494e+01
9.6335e+01
9.5031e+01
9.3590e+01
9.2035e+01
9.0399e+01
8.8726e+01
8.7061e+01
8.5444e+01
8.3916e+01
8.2508e+01
8.1246e+01
8.0149e+01
7.9228e+01
7.8481e+01
7.7892e+01
7.7432e+01
7.7067e+01
7.6758e+01
7.6461e+01
7.6134e+01
7.5745e+01
7.5269e+01
7.4698e+01
7.4037e+01
7.3309e+01
7.2537e+01
7.1746e+01
7.0931e+01
7.0052e+01
6.9044e+01
6.7823e+01
6.6288e+01
6.4325e+01
6.1824e+01
5.8693e+01
5.4887e+01
5.0442e+01
4.5476e+01
4.0197e+01
3.4882e+01
2.9867e+01
2.5506e+01
2.2150e+01
2.0099e+01
1.9565e+01
2.0656e+01
2.3361e+01
2.7543e+01
3.2960e+01
3.9292e+01
4.6163e+01
5.3179e+01
5.9972e+01
6.6223e+01
7.1685e+01
7.6195e+01
7.9678e+01
8.2145e+01
8.3695e+01
8.4487e+01
8.4710e+01
8.4551e+01
8.4189e+01
8.3783e+01
8.3470e+01
8.3367e+01
8.3545e+01
8.4029e+01
8.4801e+01
8.5820e+01
8.7025e+01
8.8336e+01
8.9672e+01
9.0943e+01
9.2071e+01
9.2989e+01
9.3647e+01
9.4022e+01
9.4118e+01
9.3960e+01
9.3593e+01
9.3088e+01
9.2531e+01
9.2014e+01
9.1629e+01
9.1459e+01
9.1571e+01
9.2000e+01
9.2755e+01
9.3799e+01
9.5069e+01
9.6480e+01
9.7924e+01
9.9290e+01
1.0047e+02
1.0135e+02
1.0188e+02
1.0202e+02
1.0177e+02
1.0116e+02
1.0028e+02
9.9191e+01
9.8007e+01
9.6826e+01
9.5745e+01
9.4842e+01
9.4178e+01
9.3789e+01
9.3682e+01
9.3844e+01
9.4241e+01
9.4825e+01
9.5536e+01
9.6317e+01
9.7115e+01
9.7878e+01
9.8563e+01
9.9136e+01
9.9564e+01
9.9823e+01
9.9900e+01
9.9788e+01
9.9479e+01
9.8967e+01
9.8244e+01
9.7300e+01
9.6122e+01
9.4703e+01
9.3044e+01
9.1157e+01
8.9068e+01
8.6822e+01
8.4484e+01
8.2137e+01
7.9879e+01
7.7812e+01
7.6039e+01
7.4641e+01
7.3662e+01
7.3113e+01
7.2967e+01
7.3168e+01
7.3626e+01
7.4233e+01
7.4860e+01
7.5390e+01
7.5726e+01
7.5801e+01
7.5583e+01
7.5083e+01
7.4343e+01
7.3410e+01
7.2344e+01
7.1201e+01
7.0026e+01
6.8843e+01
6.7657e+01
6.6470e+01
6.5274e+01
6.4064e+01
6.2841e+01
6.1627e+01
6.0467e+01
5.9419e+01
5.8563e+01
5.7978e+01
5.7743e+01
5.7918e+01
5.8536e+01
5.9604e+01
6.1095e+01
6.2950e+01
6.5085e+01
6.7402e+01
6.9793e+01
7.2158e+01
7.4404e+01
7.6453e+01
7.8249e+01
7.9753e+01
8.0943e+01
8.1807e+01
8.2356e+01
8.2598e+01
8.2551e+01
8.2229e+01
8.1660e+01
8.0880e+01
7.9918e+01
7.8804e+01
7.7570e+01
7.6263e+01
7.4918e+01
7.3570e+01
7.2249e+01
7.0967e+01
6.9725e+01
6.8505e+01
6.7276e+01
6.6008e+01
6.4672e+01
6.3240e+01
6.1691e+01
6.0016e+01
5.8221e+01
5.6335e+01
5.4397e+01
5.2457e+01
5.0569e+01
4.8788e+01
4.7159e+01
4.5713e+01
4.4469e+01
4.3427e+01
4.2578e+01
4.1904e+01
4.1386e+01
4.0995e+01
4.0698e+01
4.0476e+01
4.0315e+01
4.0204e+01
4.0126e+01
4.0070e+01
4.0011e+01
3.9929e+01
3.9804e+01
3.9613e+01
3.9333e+01
3.8948e+01
3.8449e+01
3.7842e+01
3.7158e+01
3.6444e+01
3.5755e+01
3.5158e+01
3.4716e+01
3.4487e+01
3.4516e+01
3.4823e+01
3.5385e+01
3.6149e+01
3.7028e+01
3.7887e+01
3.8571e+01
3.8915e+01
3.8756e+01
3.7951e+01
3.6391e+01
3.4028e+01
3.0874e+01
2.7010e+01
2.2579e+01
1.7799e+01
1.2958e+01
8.4063e+00
4.4995e+00
1.5889e+00
0000
2.6810e-03
1.7937e+00
5.4773e+00
1.1060e+01
1.8436e+01
2.7400e+01
3.7665e+01
4.8873e+01
6.0623e+01
7.2497e+01
8.4099e+01
9.5074e+01
1.0513e+02
1.1406e+02
1.2171e+02
1.2807e+02
1.3315e+02
1.3705e+02
1.3991e+02
1.4187e+02
1.4312e+02
1.4381e+02
1.4406e+02
1.4398e+02
1.4368e+02
1.4320e+02
1.4258e+02
1.4181e+02
1.4089e+02
1.3982e+02
1.3861e+02
1.3727e+02
1.3579e+02
1.3421e+02
1.3255e+02
1.3085e+02
1.2911e+02
1.2737e+02
1.2564e+02
1.2396e+02
1.2235e+02
1.2084e+02
1.1944e+02
1.1816e+02
1.1703e+02
1.1605e+02
1.1523e+02
1.1459e+02
1.1412e+02
1.1383e+02
1.1369e+02
1.1369e+02
1.1381e+02
1.1406e+02
1.1446e+02
1.1506e+02
1.1591e+02
1.1708e+02
1.1869e+02
1.2081e+02
1.2353e+02
1.2693e+02
1.3101e+02
1.3579e+02
1.4117e+02
1.4706e+02
1.5328e+02
1.5967e+02
1.6604e+02
1.7219e+02
1.7797e+02
1.8327e+02
1.8802e+02
1.9221e+02
1.9586e+02
1.9904e+02
2.0183e+02
2.0432e+02
2.0660e+02
2.0872e+02
2.1072e+02
2.1262e+02
2.1442e+02
2.1608e+02
2.1758e+02
2.1888e+02
2.1993e+02
2.2073e+02
2.2128e+02
2.2161e+02
2.2175e+02
2.2175e+02
2.2165e+02
2.2151e+02
2.2135e+02
2.2119e+02
2.2101e+02
2.2081e+02
2.2055e+02
2.2019e+02
2.1967e+02
2.1897e+02
2.1804e+02
2.1688e+02
2.1547e+02
2.1384e+02
2.1203e+02
2.1009e+02
2.0808e+02
2.0607e+02
2.0411e+02
2.0222e+02
2.0042e+02
1.9871e+02
1.9706e+02
1.9543e+02
1.9378e+02
1.9204e+02
1.9016e+02
1.8810e+02
1.8586e+02
1.8344e+02
1.8089e+02
1.7828e+02
1.7570e+02
1.7328e+02
1.7114e+02
1.6940e+02
1.6814e+02
1.6744e+02
1.6733e+02
1.6781e+02
1.6881e+02
1.7026e+02
1.7204e+02
1.7403e+02
1.7611e+02
1.7818e+02
1.8016e+02
1.8201e+02
1.8374e+02
1.8537e+02
1.8696e+02
1.8855e+02
1.9018e+02
1.9187e+02
1.9359e+02
1.9529e+02
1.9687e+02
1.9823e+02
1.9924e+02
1.9977e+02
1.9973e+02
1.9905e+02
1.9773e+02
1.9580e+02
1.9336e+02
1.9053e+02
1.8747e+02
1.8432e+02
1.8123e+02
1.7832e+02
1.7568e+02
1.7338e+02
1.7143e+02
1.6982e+02
1.6853e+02
1.6751e+02
1.6672e+02
1.6611e+02
1.6564e+02
1.6529e+02
1.6501e+02
1.6479e+02
1.6458e+02
1.6437e+02
1.6411e+02
1.6375e+02
1.6323e+02
1.6248e+02
1.6146e+02
1.6010e+02
1.5837e+02
1.5626e+02
1.5377e+02
1.5094e+02
1.4782e+02
1.4448e+02
1.4102e+02
1.3756e+02
1.3423e+02
1.3120e+02
1.2860e+02
1.2659e+02
1.2531e+02
1.2487e+02
1.2536e+02
1.2683e+02
1.2927e+02
1.3263e+02
1.3680e+02
1.4162e+02
1.4690e+02
1.5240e+02
1.5788e+02
1.6310e+02
1.6784e+02
1.7193e+02
1.7522e+02
1.7767e+02
1.7926e+02
1.8005e+02
1.8014e+02
1.7966e+02
1.7878e+02
1.7764e+02
1.7640e+02
1.7519e+02
1.7410e+02
1.7319e+02
1.7247e+02
1.7194e+02
1.7155e+02
1.7125e+02
1.7098e+02
1.7067e+02
1.7026e+02
1.6972e+02
1.6903e+02
1.6820e+02
1.6724e+02
1.6619e+02
1.6508e+02
1.6393e+02
1.6280e+02
1.6169e+02
1.6061e+02
1.5954e+02
1.5845e+02
1.5731e+02
1.5606e+02
1.5467e+02
1.5310e+02
1.5134e+02
1.4940e+02
1.4731e+02
1.4510e+02
1.4282e+02
1.4052e+02
1.3826e+02
1.3608e+02
1.3399e+02
1.3201e+02
1.3014e+02
1.2835e+02
1.2662e+02
1.2490e+02
1.2320e+02
1.2151e+02
1.1983e+02
1.1820e+02
1.1665e+02
1.1525e+02
1.1404e+02
1.1309e+02
1.1243e+02
1.1209e+02
1.1210e+02
1.1247e+02
1.1318e+02
1.1422e+02
1.1557e+02
1.1720e+02
1.1911e+02
1.2128e+02
1.2369e+02
1.2633e+02
1.2918e+02
1.3224e+02
1.3547e+02
1.3884e+02
1.4231e+02
1.4584e+02
1.4938e+02
1.5289e+02
1.5635e+02
1.5973e+02
1.6303e+02
1.6625e+02
1.6942e+02
1.7256e+02
1.7571e+02
1.7890e+02
1.8216e+02
1.8550e+02
1.8893e+02
1.9244e+02
1.9600e+02
1.9959e+02
2.0316e+02
2.0666e+02
2.1007e+02
2.1333e+02
2.1643e+02
2.1933e+02
2.2203e+02
2.2451e+02
2.2679e+02
2.2886e+02
2.3073e+02
2.3243e+02
2.3397e+02
2.3538e+02
2.3667e+02
2.3787e+02
2.3900e+02
2.4007e+02
2.4110e+02
2.4209e+02
2.4305e+02
2.4397e+02
2.4485e+02
2.4567e+02
2.4642e+02
2.4708e+02
2.4766e+02
2.4814e+02
2.4853e+02
2.4885e+02
2.4910e+02
2.4932e+02
2.4954e+02
2.4978e+02
2.5006e+02
2.5039e+02
2.5081e+02
2.5131e+02
2.5190e+02
2.5259e+02
2.5337e+02
2.5423e+02
2.5515e+02
2.5614e+02
2.5718e+02
2.5826e+02
2.5938e+02
2.6057e+02
2.6183e+02
2.6322e+02
2.6478e+02
2.6658e+02
2.6870e+02
2.7120e+02
2.7416e+02
2.7762e+02
2.8162e+02
2.8616e+02
2.9120e+02
2.9666e+02
3.0244e+02
3.0839e+02
3.1437e+02
3.2020e+02
3.2572e+02
3.3080e+02
3.3535e+02
3.3928e+02
3.4259e+02
3.4527e+02
3.4738e+02
3.4897e+02
3.5015e+02
3.5100e+02
3.5160e+02
3.5204e+02
3.5237e+02
3.5264e+02
3.5287e+02
3.5307e+02
3.5325e+02
3.5341e+02
3.5355e+02
3.5368e+02
3.5380e+02
3.5394e+02
3.5412e+02
3.5439e+02
3.5476e+02
3.5524e+02
3.5586e+02
3.5662e+02
3.5749e+02
3.5846e+02
3.5951e+02
3.6057e+02
3.6162e+02
3.6260e+02
3.6347e+02
3.6420e+02
3.6480e+02
3.6524e+02
3.6555e+02
3.6573e+02
3.6582e+02
3.6584e+02
3.6581e+02
3.6574e+02
3.6564e+02
3.6551e+02
3.6534e+02
3.6510e+02
3.6477e+02
3.6433e+02
3.6374e+02
3.6299e+02
3.6207e+02
3.6099e+02
3.5975e+02
3.5838e+02
3.5688e+02
3.5530e+02
3.5366e+02
3.5198e+02
3.5028e+02
3.4858e+02
3.4689e+02
3.4523e+02
3.4360e+02
3.4201e+02
3.4047e+02
3.3902e+02
3.3765e+02
3.3639e+02
3.3525e+02
3.3425e+02
3.3339e+02
3.3265e+02
3.3203e+02
3.3149e+02
3.3099e+02
3.3050e+02
3.2998e+02
3.2939e+02
3.2872e+02
3.2797e+02
3.2716e+02
3.2631e+02
3.2545e+02
3.2463e+02
3.2390e+02
3.2328e+02
3.2281e+02
3.2247e+02
3.2228e+02
3.2220e+02
3.2220e+02
3.2224e+02
3.2228e+02
3.2226e+02
3.2217e+02
3.2197e+02
3.2164e+02
3.2117e+02
3.2057e+02
3.1984e+02
3.1900e+02
3.1807e+02
3.1707e+02
3.1603e+02
3.1498e+02
3.1397e+02
3.1301e+02
3.1217e+02
3.1145e+02
3.1087e+02
3.1043e+02
3.1013e+02
3.0993e+02
3.0983e+02
3.0976e+02
3.0969e+02
3.0957e+02
3.0938e+02
3.0908e+02
3.0867e+02
3.0814e+02
3.0752e+02
3.0683e+02
3.0610e+02
3.0535e+02
3.0461e+02
3.0389e+02
3.0320e+02
3.0254e+02
3.0189e+02
3.0124e+02
3.0056e+02
2.9984e+02
2.9906e+02
2.9821e+02
2.9730e+02
2.9633e+02
2.9532e+02
2.9429e+02
2.9326e+02
2.9226e+02
2.9132e+02
2.9046e+02
2.8969e+02
2.8903e+02
2.8848e+02
2.8805e+02
2.8773e+02
2.8754e+02
2.8746e+02
2.8749e+02
2.8761e+02
2.8782e+02
2.8809e+02
2.8840e+02
2.8873e+02
2.8904e+02
2.8930e+02
2.8949e+02
2.8956e+02
2.8948e+02
2.8924e+02
2.8883e+02
2.8823e+02
2.8744e+02
2.8647e+02
2.8534e+02
2.8405e+02
2.8264e+02
2.8112e+02
2.7953e+02
2.7789e+02
2.7622e+02
2.7455e+02
2.7290e+02
2.7129e+02
2.6973e+02
2.6822e+02
2.6677e+02
2.6539e+02
2.6407e+02
2.6282e+02
2.6162e+02
2.6049e+02
2.5945e+02
2.5851e+02
2.5772e+02
2.5711e+02
2.5673e+02
2.5662e+02
2.5677e+02
2.5716e+02
2.5775e+02
2.5846e+02
2.5917e+02
2.5976e+02
2.6007e+02
2.5996e+02
2.5931e+02
2.5803e+02
2.5606e+02
2.5342e+02
2.5016e+02
2.4638e+02
2.4222e+02
2.3781e+02
2.3333e+02
2.2893e+02
2.2472e+02
2.2082e+02
2.1728e+02
2.1416e+02
2.1146e+02
2.0918e+02
2.0731e+02
2.0582e+02
2.0467e+02
2.0382e+02
2.0323e+02
2.0287e+02
2.0267e+02
2.0262e+02
2.0267e+02
2.0278e+02
2.0292e+02
2.0305e+02
2.0317e+02
2.0327e+02
2.0334e+02
2.0340e+02
2.0345e+02
2.0349e+02
2.0352e+02
2.0355e+02
2.0357e+02
2.0359e+02
2.0359e+02
2.0357e+02
2.0355e+02
2.0355e+02
2.0358e+02
2.0367e+02
2.0383e+02
2.0406e+02
2.0436e+02
2.0472e+02
2.0509e+02
2.0543e+02
2.0570e+02
2.0583e+02
2.0577e+02
2.0548e+02
2.0495e+02
2.0417e+02
2.0317e+02
2.0198e+02
2.0065e+02
1.9925e+02
1.9784e+02
1.9646e+02
1.9516e+02
1.9399e+02
1.9295e+02
1.9207e+02
1.9133e+02
1.9071e+02
1.9019e+02
1.8974e+02
1.8933e+02
1.8893e+02
1.8851e+02
1.8804e+02
1.8750e+02
1.8687e+02
1.8613e+02
1.8528e+02
1.8431e+02
1.8323e+02
1.8205e+02
1.8077e+02
1.7941e+02
1.7797e+02
1.7647e+02
1.7493e+02
1.7338e+02
1.7185e+02
1.7040e+02
1.6906e+02
1.6789e+02
1.6692e+02
1.6620e+02
1.6573e+02
1.6552e+02
1.6554e+02
1.6574e+02
1.6605e+02
1.6638e+02
1.6666e+02
1.6682e+02
1.6683e+02
1.6670e+02
1.6646e+02
1.6620e+02
1.6603e+02
1.6611e+02
1.6659e+02
1.6764e+02
1.6936e+02
1.7183e+02
1.7509e+02
1.7909e+02
1.8377e+02
1.8898e+02
1.9456e+02
2.0031e+02
2.0601e+02
2.1146e+02
2.1650e+02
2.2096e+02
2.2477e+02
2.2788e+02
2.3027e+02
2.3197e+02
2.3306e+02
2.3362e+02
2.3377e+02
2.3362e+02
2.3328e+02
2.3286e+02
2.3247e+02
2.3218e+02
2.3203e+02
2.3205e+02
2.3227e+02
2.3266e+02
2.3318e+02
2.3377e+02
2.3435e+02
2.3486e+02
2.3520e+02
2.3531e+02
2.3512e+02
2.3461e+02
2.3376e+02
2.3262e+02
2.3122e+02
2.2965e+02
2.2797e+02
2.2624e+02
2.2448e+02
2.2272e+02
2.2091e+02
2.1902e+02
2.1695e+02
2.1461e+02
2.1192e+02
2.0878e+02
2.0517e+02
2.0110e+02
1.9662e+02
1.9183e+02
1.8688e+02
