3.0767e+01
1.8197e+01
8.6757e+00
2.5722e+00
0000
8.3157e-01
4.7093e+00
1.1105e+01
1.9399e+01
2.8932e+01
3.9083e+01
4.9309e+01
5.9184e+01
6.8398e+01
7.6751e+01
8.4113e+01
9.0493e+01
9.6012e+01
1.0079e+02
1.0494e+02
1.0849e+02
1.1150e+02
1.1401e+02
1.1605e+02
1.1766e+02
1.1886e+02
1.1965e+02
1.2002e+02
1.2000e+02
1.1962e+02
1.1891e+02
1.1795e+02
1.1679e+02
1.1554e+02
1.1426e+02
1.1306e+02
1.1202e+02
1.1125e+02
1.1080e+02
1.1074e+02
1.1106e+02
1.1177e+02
1.1282e+02
1.1417e+02
1.1575e+02
1.1748e+02
1.1927e+02
1.2105e+02
1.2274e+02
1.2426e+02
1.2549e+02
1.2635e+02
1.2672e+02
1.2651e+02
1.2559e+02
1.2388e+02
1.2128e+02
1.1776e+02
1.1331e+02
1.0804e+02
1.0213e+02
9.5843e+01
8.9525e+01
8.3566e+01
7.8386e+01
7.4407e+01
7.1988e+01
7.1418e+01
7.2850e+01
7.6294e+01
8.1638e+01
8.8645e+01
9.6963e+01
1.0617e+02
1.1582e+02
1.2547e+02
1.3473e+02
1.4331e+02
1.5099e+02
1.5765e+02
1.6328e+02
1.6794e+02
1.7174e+02
1.7481e+02
1.7727e+02
1.7923e+02
1.8078e+02
1.8198e+02
1.8285e+02
1.8343e+02
1.8370e+02
1.8364e+02
1.8326e+02
1.8257e+02
1.8161e+02
1.8042e+02
1.7905e+02
1.7756e+02
1.7597e+02
1.7432e+02
1.7265e+02
1.7099e+02
1.6935e+02
1.6775e+02
1.6620e+02
1.6474e+02
1.6338e+02
1.6218e+02
1.6116e+02
1.6036e+02
1.5983e+02
1.5961e+02
1.5972e+02
1.6019e+02
1.6100e+02
1.6216e+02
1.6362e+02
1.6533e+02
1.6725e+02
1.6933e+02
1.7149e+02
1.7367e+02
1.7586e+02
1.7803e+02
1.8015e+02
1.8222e+02
1.8425e+02
1.8623e+02
1.8819e+02
1.9013e+02
1.9205e+02
1.9395e+02
1.9580e+02
1.9758e+02
1.9928e+02
2.0088e+02
2.0239e+02
2.0382e+02
2.0521e+02
2.0657e+02
2.0797e+02
2.0942e+02
2.1098e+02
2.1265e+02
2.1443e+02
2.1629e+02
2.1816e+02
2.2000e+02
2.2171e+02
2.2322e+02
2.2446e+02
2.2537e+02
2.2593e+02
2.2613e+02
2.2600e+02
2.2558e+02
2.2495e+02
2.2419e+02
2.2340e+02
2.2265e+02
2.2202e+02
2.2158e+02
2.2140e+02
2.2153e+02
2.2200e+02
2.2284e+02
2.2409e+02
2.2578e+02
2.2792e+02
2.3051e+02
2.3356e+02
2.3704e+02
2.4094e+02
2.4518e+02
2.4970e+02
2.5439e+02
2.5918e+02
2.6398e+02
2.6868e+02
2.7321e+02
2.7750e+02
2.8149e+02
2.8513e+02
2.8839e+02
2.9126e+02
2.9372e+02
2.9576e+02
2.9741e+02
2.9866e+02
2.9955e+02
3.0012e+02
3.0044e+02
3.0053e+02
3.0038e+02
2.9988e+02
2.9883e+02
2.9693e+02
2.9378e+02
2.8894e+02
2.8195e+02
2.7243e+02
2.6010e+02
2.4486e+02
2.2692e+02
2.0675e+02
1.8512e+02
1.6300e+02
1.4156e+02
1.2199e+02
1.0542e+02
9.2735e+01
8.4563e+01
8.1137e+01
8.2314e+01
8.7577e+01
9.6129e+01
1.0698e+02
1.1909e+02
1.3143e+02
1.4316e+02
1.5366e+02
1.6251e+02
1.6955e+02
1.7478e+02
1.7843e+02
1.8077e+02
1.8215e+02
1.8286e+02
1.8315e+02
1.8316e+02
1.8299e+02
1.8268e+02
1.8225e+02
1.8169e+02
1.8102e+02
1.8026e+02
1.7946e+02
1.7869e+02
1.7799e+02
1.7737e+02
1.7683e+02
1.7637e+02
1.7593e+02
1.7545e+02
1.7487e+02
1.7413e+02
1.7320e+02
1.7210e+02
1.7087e+02
1.6962e+02
1.6854e+02
1.6780e+02
1.6765e+02
1.6829e+02
1.6991e+02
1.7268e+02
1.7671e+02
1.8205e+02
1.8867e+02
1.9649e+02
2.0534e+02
2.1502e+02
2.2526e+02
2.3579e+02
2.4633e+02
2.5662e+02
2.6642e+02
2.7551e+02
2.8373e+02
2.9093e+02
2.9703e+02
3.0195e+02
3.0565e+02
3.0812e+02
3.0935e+02
3.0939e+02
3.0830e+02
3.0614e+02
3.0302e+02
2.9910e+02
2.9453e+02
2.8949e+02
2.8418e+02
2.7879e+02
2.7353e+02
2.6859e+02
2.6412e+02
2.6024e+02
2.5705e+02
2.5456e+02
2.5279e+02
2.5172e+02
2.5131e+02
2.5149e+02
2.5218e+02
2.5327e+02
2.5467e+02
2.5626e+02
2.5793e+02
2.5959e+02
2.6115e+02
2.6255e+02
2.6373e+02
2.6465e+02
2.6528e+02
2.6562e+02
2.6570e+02
2.6552e+02
2.6512e+02
2.6451e+02
2.6374e+02
2.6281e+02
2.6178e+02
2.6070e+02
2.5964e+02
2.5870e+02
2.5800e+02
2.5765e+02
2.5779e+02
2.5853e+02
2.5998e+02
2.6219e+02
2.6518e+02
2.6888e+02
2.7319e+02
2.7794e+02
2.8295e+02
2.8799e+02
2.9284e+02
2.9731e+02
3.0124e+02
3.0454e+02
3.0716e+02
3.0913e+02
3.1052e+02
3.1144e+02
3.1201e+02
3.1234e+02
3.1249e+02
3.1251e+02
3.1237e+02
3.1202e+02
3.1135e+02
3.1025e+02
3.0859e+02
3.0624e+02
3.0311e+02
2.9918e+02
2.9447e+02
2.8908e+02
2.8309e+02
2.7666e+02
2.6991e+02
2.6299e+02
2.5597e+02
2.4891e+02
2.4184e+02
2.3473e+02
2.2753e+02
2.2023e+02
2.1280e+02
2.0527e+02
1.9771e+02
1.9024e+02
1.8301e+02
1.7615e+02
1.6983e+02
1.6415e+02
1.5923e+02
1.5511e+02
1.5179e+02
1.4920e+02
1.4726e+02
1.4585e+02
1.4486e+02
1.4417e+02
1.4370e+02
1.4338e+02
1.4315e+02
1.4299e+02
1.4287e+02
1.4279e+02
1.4274e+02
1.4273e+02
1.4276e+02
1.4289e+02
1.4322e+02
1.4391e+02
1.4513e+02
1.4709e+02
1.5004e+02
1.5418e+02
1.5972e+02
1.6677e+02
1.7535e+02
1.8536e+02
1.9663e+02
2.0886e+02
2.2166e+02
2.3458e+02
2.4717e+02
2.5903e+02
2.6979e+02
2.7921e+02
2.8713e+02
2.9350e+02
2.9840e+02
3.0195e+02
3.0437e+02
3.0588e+02
3.0673e+02
3.0713e+02
3.0726e+02
3.0728e+02
3.0729e+02
3.0737e+02
3.0754e+02
3.0780e+02
3.0813e+02
3.0850e+02
3.0887e+02
3.0923e+02
3.0954e+02
3.0977e+02
3.0990e+02
3.0992e+02
3.0985e+02
3.0968e+02
3.0945e+02
3.0918e+02
3.0894e+02
3.0877e+02
3.0870e+02
3.0874e+02
3.0892e+02
3.0924e+02
3.0969e+02
3.1024e+02
3.1087e+02
3.1155e+02
3.1224e+02
3.1294e+02
3.1362e+02
3.1429e+02
3.1498e+02
3.1569e+02
3.1646e+02
3.1730e+02
3.1825e+02
3.1930e+02
3.2048e+02
3.2179e+02
3.2322e+02
3.2475e+02
3.2635e+02
3.2800e+02
3.2966e+02
3.3130e+02
3.3290e+02
3.3442e+02
3.3585e+02
3.3716e+02
3.3833e+02
3.3939e+02
3.4034e+02
3.4122e+02
3.4204e+02
3.4284e+02
3.4364e+02
3.4449e+02
3.4540e+02
3.4638e+02
3.4744e+02
3.4857e+02
3.4974e+02
3.5092e+02
3.5207e+02
3.5314e+02
3.5411e+02
3.5495e+02
3.5564e+02
3.5615e+02
3.5647e+02
3.5656e+02
3.5639e+02
3.5596e+02
3.5520e+02
3.5409e+02
3.5259e+02
3.5066e+02
3.4829e+02
3.4549e+02
3.4230e+02
3.3876e+02
3.3497e+02
3.3103e+02
3.2707e+02
3.2324e+02
3.1968e+02
3.1653e+02
3.1387e+02
3.1180e+02
3.1036e+02
3.0954e+02
3.0933e+02
3.0964e+02
3.1041e+02
3.1153e+02
3.1291e+02
3.1444e+02
3.1602e+02
3.1758e+02
3.1905e+02
3.2038e+02
3.2156e+02
3.2259e+02
3.2346e+02
3.2419e+02
3.2477e+02
3.2521e+02
3.2552e+02
3.2571e+02
3.2577e+02
3.2567e+02
3.2545e+02
3.2508e+02
3.2457e+02
3.2393e+02
3.2316e+02
3.2228e+02
3.2129e+02
3.2024e+02
3.1913e+02
3.1798e+02
3.1681e+02
3.1564e+02
3.1448e+02
3.1335e+02
3.1228e+02
3.1126e+02
3.1032e+02
3.0947e+02
3.0874e+02
3.0815e+02
3.0771e+02
3.0746e+02
3.0740e+02
3.0758e+02
3.0800e+02
3.0869e+02
3.0966e+02
3.1090e+02
3.1238e+02
3.1408e+02
3.1593e+02
3.1784e+02
3.1971e+02
3.2142e+02
3.2286e+02
3.2395e+02
3.2459e+02
3.2474e+02
3.2435e+02
3.2345e+02
3.2208e+02
3.2032e+02
3.1827e+02
3.1603e+02
3.1371e+02
3.1141e+02
3.0922e+02
3.0718e+02
3.0535e+02
3.0375e+02
3.0238e+02
3.0123e+02
3.0028e+02
2.9949e+02
2.9885e+02
2.9833e+02
2.9789e+02
2.9752e+02
2.9718e+02
2.9682e+02
2.9641e+02
2.9591e+02
2.9530e+02
2.9458e+02
2.9373e+02
2.9279e+02
2.9176e+02
2.9071e+02
2.8967e+02
2.8873e+02
2.8795e+02
2.8738e+02
2.8708e+02
2.8708e+02
2.8738e+02
2.8798e+02
2.8886e+02
2.8999e+02
2.9132e+02
2.9280e+02
2.9438e+02
2.9600e+02
2.9761e+02
2.9916e+02
3.0061e+02
3.0192e+02
3.0305e+02
3.0396e+02
3.0463e+02
3.0505e+02
3.0524e+02
3.0521e+02
3.0499e+02
3.0462e+02
3.0413e+02
3.0356e+02
3.0294e+02
3.0229e+02
3.0163e+02
3.0093e+02
3.0018e+02
2.9935e+02
2.9840e+02
2.9732e+02
2.9609e+02
2.9473e+02
2.9323e+02
2.9165e+02
2.9003e+02
2.8842e+02
2.8686e+02
2.8541e+02
2.8410e+02
2.8296e+02
2.8201e+02
2.8125e+02
2.8067e+02
2.8028e+02
2.8007e+02
2.8006e+02
2.8026e+02
2.8069e+02
2.8137e+02
2.8232e+02
2.8358e+02
2.8517e+02
2.8707e+02
2.8926e+02
2.9171e+02
2.9434e+02
2.9710e+02
2.9990e+02
3.0267e+02
3.0533e+02
3.0782e+02
3.1008e+02
3.1209e+02
3.1386e+02
3.1539e+02
3.1672e+02
3.1791e+02
3.1900e+02
3.2007e+02
3.2116e+02
3.2231e+02
3.2356e+02
3.2492e+02
3.2641e+02
3.2799e+02
3.2966e+02
3.3136e+02
3.3307e+02
3.3471e+02
3.3625e+02
3.3762e+02
3.3878e+02
3.3969e+02
3.4034e+02
3.4073e+02
3.4086e+02
3.4076e+02
3.4043e+02
3.3991e+02
3.3924e+02
3.3845e+02
3.3756e+02
3.3660e+02
3.3559e+02
3.3452e+02
3.3340e+02
3.3225e+02
3.3110e+02
3.2997e+02
3.2890e+02
3.2794e+02
3.2714e+02
3.2659e+02
3.2632e+02
3.2639e+02
3.2682e+02
3.2764e+02
3.2886e+02
3.3051e+02
3.3261e+02
3.3517e+02
3.3823e+02
3.4179e+02
3.4591e+02
3.5058e+02
3.5584e+02
3.6167e+02
3.6805e+02
3.7493e+02
3.8218e+02
3.8968e+02
3.9725e+02
4.0473e+02
4.1190e+02
4.1858e+02
4.2462e+02
4.2988e+02
4.3425e+02
4.3771e+02
4.4025e+02
4.4192e+02
4.4283e+02
4.4308e+02
4.4282e+02
4.4220e+02
4.4135e+02
4.4037e+02
4.3935e+02
4.3829e+02
4.3719e+02
4.3597e+02
4.3457e+02
4.3286e+02
4.3078e+02
4.2822e+02
4.2517e+02
4.2161e+02
4.1759e+02
4.1320e+02
4.0858e+02
4.0387e+02
3.9921e+02
3.9478e+02
3.9067e+02
3.8697e+02
3.8375e+02
3.8101e+02
3.7876e+02
3.7695e+02
3.7553e+02
3.7445e+02
3.7367e+02
3.7313e+02
3.7278e+02
3.7260e+02
3.7252e+02
3.7253e+02
3.7258e+02
3.7265e+02
3.7269e+02
3.7261e+02
3.7232e+02
3.7171e+02
3.7065e+02
3.6899e+02
3.6661e+02
3.6336e+02
3.5913e+02
3.5388e+02
3.4759e+02
3.4036e+02
3.3235e+02
3.2381e+02
3.1503e+02
3.0635e+02
2.9812e+02
2.9065e+02
2.8421e+02
2.7896e+02
2.7496e+02
2.7217e+02
2.7046e+02
2.6960e+02
2.6933e+02
2.6934e+02
2.6938e+02
2.6920e+02
2.6865e+02
2.6761e+02
2.6607e+02
2.6404e+02
2.6161e+02
2.5892e+02
2.5611e+02
2.5331e+02
2.5067e+02
2.4828e+02
2.4623e+02
2.4454e+02
2.4324e+02
2.4229e+02
2.4165e+02
2.4124e+02
2.4094e+02
2.4068e+02
2.4037e+02
2.3993e+02
2.3932e+02
2.3851e+02
2.3752e+02
2.3639e+02
2.3518e+02
2.3396e+02
2.3285e+02
2.3195e+02
2.3137e+02
2.3121e+02
2.3154e+02
2.3240e+02
2.3381e+02
2.3578e+02
2.3825e+02
2.4118e+02
2.4446e+02
2.4797e+02
2.5157e+02
2.5511e+02
2.5844e+02
2.6141e+02
2.6394e+02
2.6592e+02
2.6729e+02
2.6806e+02
2.6827e+02
2.6798e+02
2.6728e+02
2.6629e+02
2.6510e+02
2.6380e+02
2.6247e+02
2.6118e+02
2.5996e+02
2.5883e+02
2.5778e+02
2.5680e+02
2.5586e+02
2.5492e+02
2.5399e+02
2.5303e+02
2.5203e+02
2.5098e+02
2.4989e+02
2.4874e+02
2.4753e+02
2.4625e+02
2.4493e+02
2.4357e+02
2.4221e+02
2.4085e+02
2.3955e+02
2.3832e+02
2.3716e+02
2.3606e+02
2.3499e+02
2.3388e+02
2.3266e+02
2.3122e+02
2.2948e+02
2.2736e+02
2.2479e+02
2.2171e+02
2.1813e+02
2.1407e+02
2.0959e+02
2.0481e+02
1.9983e+02
1.9476e+02
1.8969e+02
1.8465e+02
1.7964e+02
1.7464e+02
1.6958e+02
1.6435e+02
1.5886e+02
1.5299e+02
1.4666e+02
1.3981e+02
1.3241e+02
1.2451e+02
1.1620e+02
1.0760e+02
9.8925e+01
9.0478e+01
8.2621e+01
7.5739e+01
7.0242e+01
6.6539e+01
6.5016e+01
6.6002e+01
6.9739e+01
7.6362e+01
8.5848e+01
9.8031e+01
1.1259e+02
1.2907e+02
1.4692e+02
1.6548e+02
1.8411e+02
2.0214e+02
2.1904e+02
2.3434e+02
2.4768e+02
2.5883e+02
2.6769e+02
2.7424e+02
2.7858e+02
2.8089e+02
2.8140e+02
2.8037e+02
2.7808e+02
2.7486e+02
2.7106e+02
2.6699e+02
2.6293e+02
2.5914e+02
2.5585e+02
2.5324e+02
2.5143e+02
2.5047e+02
2.5037e+02
2.5105e+02
2.5238e+02
2.5423e+02
2.5641e+02
2.5876e+02
2.6111e+02
2.6334e+02
2.6533e+02
2.6703e+02
2.6842e+02
2.6947e+02
2.7021e+02
2.7067e+02
2.7090e+02
2.7097e+02
2.7097e+02
2.7099e+02
2.7112e+02
2.7146e+02
2.7211e+02
2.7316e+02
2.7469e+02
2.7674e+02
2.7931e+02
2.8239e+02
2.8592e+02
2.8979e+02
2.9387e+02
2.9800e+02
3.0202e+02
3.0577e+02
3.0909e+02
3.1187e+02
3.1404e+02
3.1560e+02
3.1656e+02
3.1700e+02
3.1704e+02
3.1681e+02
3.1644e+02
3.1603e+02
3.1566e+02
3.1529e+02
3.1485e+02
3.1416e+02
3.1299e+02
3.1105e+02
3.0807e+02
3.0376e+02
2.9792e+02
2.9041e+02
2.8124e+02
2.7054e+02
2.5860e+02
2.4580e+02
2.3261e+02
2.1957e+02
2.0718e+02
1.9588e+02
1.8606e+02
1.7794e+02
1.7163e+02
1.6711e+02
1.6423e+02
1.6276e+02
1.6241e+02
1.6288e+02
1.6385e+02
1.6509e+02
1.6637e+02
1.6756e+02
1.6859e+02
1.6950e+02
1.7039e+02
1.7140e+02
1.7270e+02
1.7447e+02
1.7686e+02
1.8000e+02
1.8397e+02
1.8881e+02
1.9446e+02
2.0080e+02
2.0766e+02
2.1479e+02
2.2196e+02
2.2891e+02
2.3541e+02
2.4128e+02
2.4639e+02
2.5069e+02
2.5418e+02
2.5693e+02
2.5905e+02
2.6067e+02
2.6184e+02
2.6261e+02
2.6298e+02
2.6290e+02
2.6226e+02
2.6094e+02
2.5877e+02
2.5558e+02
2.5127e+02
2.4579e+02
2.3919e+02
2.3161e+02
2.2332e+02
2.1467e+02
2.0603e+02
1.9780e+02
1.9036e+02
1.8406e+02
1.7914e+02
1.7577e+02
1.7398e+02
1.7370e+02
1.7476e+02
1.7693e+02
1.7992e+02
1.8340e+02
1.8705e+02
1.9059e+02
1.9374e+02
1.9626e+02
1.9799e+02
1.9883e+02
1.9874e+02
1.9774e+02
1.9591e+02
1.9338e+02
1.9030e+02
1.8687e+02
1.8333e+02
1.7990e+02
1.7679e+02
1.7420e+02
1.7223e+02
1.7097e+02
1.7042e+02
1.7053e+02
1.7122e+02
1.7239e+02
1.7388e+02
1.7556e+02
1.7730e+02
1.7900e+02
1.8056e+02
1.8193e+02
1.8306e+02
1.8395e+02
1.8463e+02
1.8509e+02
1.8535e+02
1.8541e+02
1.8528e+02
1.8496e+02
1.8446e+02
1.8380e+02
1.8299e+02
1.8204e+02
1.8101e+02
1.7994e+02
1.7888e+02
1.7792e+02
1.7711e+02
1.7650e+02
1.7613e+02
1.7601e+02
1.7614e+02
1.7651e+02
1.7706e+02
1.7773e+02
1.7846e+02
1.7918e+02
1.7988e+02
1.8056e+02
1.8126e+02
1.8207e+02
1.8310e+02
1.8449e+02
1.8640e+02
1.8897e+02
1.9230e+02
1.9639e+02
2.0119e+02
2.0656e+02
2.1228e+02
2.1805e+02
2.2355e+02
2.2845e+02
2.3244e+02
2.3528e+02
2.3684e+02
2.3709e+02
2.3609e+02
2.3402e+02
2.3113e+02
2.2770e+02
2.2403e+02
2.2039e+02
2.1697e+02
2.1391e+02
2.1126e+02
2.0902e+02
2.0717e+02
2.0564e+02
2.0435e+02
2.0322e+02
2.0224e+02
2.0141e+02
2.0077e+02
2.0034e+02
2.0015e+02
2.0020e+02
2.0053e+02
2.0111e+02
2.0190e+02
2.0281e+02
2.0380e+02
2.0480e+02
2.0579e+02
2.0675e+02
2.0774e+02
2.0880e+02
2.1002e+02
2.1151e+02
2.1333e+02
2.1555e+02
2.1815e+02
2.2112e+02
2.2439e+02
2.2784e+02
2.3135e+02
2.3478e+02
2.3797e+02
2.4076e+02
2.4306e+02
2.4479e+02
2.4594e+02
2.4654e+02
2.4665e+02
2.4634e+02
2.4571e+02
2.4486e+02
2.4388e+02
2.4284e+02
2.4179e+02
2.4077e+02
2.3977e+02
2.3881e+02
2.3787e+02
2.3692e+02
2.3596e+02
2.3500e+02
2.3406e+02
2.3316e+02
2.3235e+02
2.3166e+02
2.3114e+02
2.3086e+02
2.3085e+02
2.3112e+02
2.3166e+02
2.3246e+02
2.3349e+02
2.3472e+02
2.3611e+02
2.3760e+02
2.3915e+02
2.4073e+02
2.4228e+02
2.4377e+02
2.4519e+02
2.4651e+02
2.4773e+02
2.4881e+02
2.4974e+02
2.5046e+02
2.5095e+02
2.5116e+02
2.5107e+02
2.5063e+02
2.4985e+02
2.4873e+02
2.4731e+02
2.4565e+02
2.4381e+02
2.4191e+02
2.4005e+02
2.3834e+02
2.3686e+02
2.3570e+02
2.3491e+02
2.3454e+02
2.3459e+02
2.3504e+02
2.3589e+02
2.3709e+02
2.3865e+02
2.4052e+02
2.4269e+02
2.4513e+02
2.4782e+02
2.5072e+02
2.5376e+02
2.5686e+02
2.5991e+02
2.6283e+02
2.6549e+02
2.6779e+02
2.6964e+02
2.7095e+02
2.7171e+02
2.7192e+02
2.7158e+02
2.7076e+02
2.6953e+02
2.6796e+02
2.6613e+02
2.6411e+02
2.6195e+02
2.5970e+02
2.5737e+02
2.5499e+02
2.5257e+02
2.5014e+02
2.4774e+02
2.4540e+02
2.4318e+02
2.4113e+02
2.3933e+02
2.3782e+02
2.3665e+02
2.3584e+02
2.3541e+02
2.3534e+02
2.3561e+02
2.3616e+02
2.3695e+02
2.3793e+02
2.3905e+02
2.4031e+02
2.4171e+02
2.4328e+02
2.4505e+02
2.4710e+02
2.4949e+02
2.5227e+02
2.5546e+02
2.5905e+02
2.6300e+02
2.6723e+02
2.7163e+02
2.7603e+02
2.8030e+02
2.8427e+02
2.8780e+02
2.9076e+02
2.9307e+02
2.9470e+02
2.9565e+02
2.9598e+02
2.9576e+02
2.9514e+02
2.9424e+02
2.9320e+02
2.9217e+02
2.9123e+02
2.9045e+02
2.8982e+02
2.8933e+02
2.8892e+02
2.8849e+02
2.8798e+02
2.8732e+02
2.8652e+02
2.8559e+02
2.8464e+02
2.8381e+02
2.8330e+02
2.8333e+02
2.8407e+02
2.8572e+02
2.8835e+02
2.9200e+02
2.9656e+02
3.0189e+02
3.0774e+02
3.1385e+02
3.1995e+02
3.2577e+02
3.3113e+02
3.3586e+02
3.3988e+02
3.4318e+02
3.4577e+02
3.4774e+02
3.4916e+02
3.5011e+02
3.5067e+02
3.5091e+02
3.5087e+02
3.5059e+02
3.5008e+02
3.4936e+02
3.4848e+02
3.4745e+02
3.4634e+02
3.4518e+02
3.4402e+02
3.4289e+02
3.4179e+02
3.4072e+02
3.3962e+02
3.3844e+02
3.3708e+02
3.3549e+02
3.3359e+02
3.3131e+02
3.2862e+02
3.2550e+02
3.2198e+02
3.1809e+02
3.1394e+02
3.0962e+02
3.0527e+02
3.0100e+02
2.9693e+02
2.9315e+02
2.8975e+02
2.8676e+02
2.8419e+02
2.8203e+02
2.8024e+02
2.7876e+02
2.7753e+02
2.7648e+02
2.7557e+02
2.7474e+02
2.7397e+02
2.7328e+02
2.7269e+02
2.7221e+02
2.7187e+02
2.7173e+02
2.7178e+02
2.7205e+02
2.7252e+02
2.7318e+02
2.7400e+02
2.7491e+02
2.7586e+02
2.7679e+02
2.7764e+02
2.7835e+02
2.7887e+02
2.7914e+02
2.7911e+02
2.7875e+02
2.7804e+02
2.7694e+02
2.7546e+02
2.7363e+02
2.7146e+02
2.6902e+02
2.6638e+02
2.6361e+02
2.6081e+02
2.5807e+02
2.5548e+02
2.5307e+02
2.5088e+02
2.4891e+02
2.4715e+02
2.4555e+02
2.4403e+02
2.4254e+02
2.4101e+02
2.3942e+02
2.3773e+02
2.3598e+02
2.3419e+02
2.3245e+02
2.3082e+02
2.2937e+02
2.2818e+02
2.2728e+02
2.2671e+02
2.2643e+02
2.2640e+02
2.2655e+02
2.2679e+02
2.2701e+02
2.2713e+02
2.2705e+02
2.2671e+02
2.2610e+02
2.2520e+02
2.2406e+02
2.2272e+02
2.2126e+02
2.1977e+02
2.1831e+02
2.1695e+02
2.1574e+02
2.1472e+02
2.1390e+02
2.1324e+02
2.1272e+02
2.1225e+02
2.1180e+02
2.1129e+02
2.1066e+02
2.0985e+02
2.0884e+02
2.0766e+02
2.0632e+02
2.0490e+02
2.0346e+02
2.0211e+02
2.0094e+02
2.0005e+02
1.9949e+02
1.9934e+02
1.9959e+02
2.0024e+02
2.0125e+02
2.0254e+02
2.0403e+02
2.0562e+02
2.0721e+02
2.0875e+02
2.1018e+02
2.1148e+02
2.1266e+02
2.1373e+02
2.1473e+02
2.1570e+02
2.1670e+02
2.1777e+02
2.1893e+02
2.2021e+02
2.2160e+02
2.2311e+02
2.2473e+02
2.2643e+02
2.2819e+02
2.2998e+02
2.3175e+02
2.3349e+02
2.3517e+02
2.3673e+02
2.3813e+02
2.3933e+02
2.4026e+02
2.4089e+02
2.4116e+02
2.4106e+02
2.4059e+02
2.3977e+02
2.3864e+02
2.3727e+02
2.3572e+02
2.3408e+02
2.3245e+02
2.3091e+02
2.2952e+02
2.2837e+02
2.2747e+02
2.2685e+02
2.2650e+02
2.2640e+02
2.2654e+02
2.2688e+02
2.2740e+02
2.2805e+02
2.2882e+02
2.2967e+02
2.3060e+02
2.3161e+02
2.3267e+02
2.3376e+02
2.3486e+02
2.3595e+02
2.3700e+02
2.3798e+02
2.3886e+02
2.3959e+02
2.4014e+02
2.4045e+02
2.4048e+02
2.4017e+02
2.3952e+02
2.3848e+02
2.3705e+02
2.3520e+02
2.3297e+02
2.3037e+02
2.2745e+02
2.2427e+02
2.2091e+02
2.1744e+02
2.1396e+02
2.1056e+02
2.0736e+02
2.0447e+02
2.0200e+02
2.0007e+02
1.9877e+02
1.9822e+02
1.9848e+02
1.9962e+02
2.0166e+02
2.0461e+02
2.0838e+02
2.1288e+02
2.1793e+02
2.2330e+02
2.2874e+02
2.3394e+02
2.3863e+02
2.4254e+02
2.4541e+02
2.4706e+02
2.4740e+02
2.4636e+02
2.4399e+02
2.4040e+02
2.3578e+02
2.3036e+02
2.2445e+02
2.1835e+02
2.1237e+02
2.0685e+02
2.0206e+02
1.9826e+02
1.9564e+02
1.9434e+02
1.9442e+02
1.9585e+02
1.9856e+02
2.0239e+02
2.0714e+02
2.1255e+02
2.1833e+02
2.2421e+02
2.2992e+02
2.3525e+02
2.4006e+02
2.4425e+02
2.4780e+02
2.5073e+02
2.5313e+02
2.5509e+02
2.5672e+02
2.5813e+02
2.5941e+02
2.6065e+02
2.6189e+02
2.6317e+02
2.6449e+02
2.6585e+02
2.6722e+02
2.6862e+02
2.7001e+02
2.7140e+02
2.7277e+02
2.7412e+02
2.7543e+02
2.7669e+02
2.7786e+02
2.7891e+02
2.7978e+02
2.8044e+02
2.8083e+02
2.8092e+02
2.8068e+02
2.8010e+02
2.7919e+02
2.7797e+02
2.7649e+02
2.7481e+02
2.7299e+02
2.7111e+02
2.6924e+02
2.6745e+02
2.6581e+02
2.6434e+02
2.6307e+02
2.6200e+02
2.6111e+02
2.6040e+02
2.5982e+02
2.5934e+02
2.5896e+02
2.5865e+02
2.5843e+02
2.5830e+02
2.5827e+02
2.5838e+02
2.5864e+02
2.5911e+02
2.5979e+02
2.6071e+02
2.6187e+02
2.6326e+02
2.6488e+02
2.6668e+02
2.6856e+02
2.7045e+02
2.7220e+02
2.7368e+02
2.7474e+02
2.7524e+02
2.7505e+02
2.7408e+02
2.7230e+02
2.6977e+02
2.6663e+02
2.6308e+02
2.5938e+02
2.5583e+02
2.5277e+02
2.5048e+02
2.4922e+02
2.4915e+02
2.5032e+02
2.5271e+02
2.5618e+02
2.6051e+02
2.6543e+02
2.7065e+02
2.7588e+02
2.8090e+02
2.8552e+02
2.8963e+02
2.9321e+02
2.9629e+02
2.9897e+02
3.0138e+02
3.0365e+02
3.0591e+02
3.0825e+02
3.1073e+02
3.1335e+02
3.1610e+02
3.1888e+02
3.2158e+02
3.2407e+02
3.2622e+02
3.2790e+02
3.2900e+02
3.2944e+02
3.2918e+02
3.2824e+02
3.2666e+02
3.2453e+02
3.2198e+02
3.1915e+02
3.1618e+02
3.1323e+02
3.1046e+02
3.0801e+02
3.0601e+02
3.0455e+02
3.0371e+02
3.0357e+02
3.0415e+02
3.0549e+02
3.0758e+02
3.1040e+02
3.1389e+02
3.1798e+02
3.2256e+02
3.2749e+02
3.3262e+02
3.3778e+02
3.4282e+02
3.4760e+02
3.5197e+02
3.5580e+02
3.5901e+02
3.6156e+02
3.6341e+02
3.6457e+02
3.6506e+02
3.6491e+02
3.6415e+02
3.6284e+02
3.6104e+02
3.5885e+02
3.5636e+02
3.5368e+02
3.5094e+02
3.4827e+02
3.4583e+02
3.4373e+02
3.4211e+02
3.4105e+02
3.4065e+02
3.4089e+02
3.4173e+02
3.4306e+02
3.4474e+02
3.4657e+02
3.4831e+02
3.4974e+02
3.5064e+02
3.5077e+02
3.4999e+02
3.4819e+02
3.4539e+02
3.4164e+02
3.3709e+02
3.3194e+02
3.2641e+02
3.2075e+02
3.1521e+02
3.1001e+02
3.0532e+02
3.0123e+02
2.9777e+02
2.9491e+02
2.9256e+02
2.9062e+02
2.8896e+02
2.8745e+02
2.8603e+02
2.8468e+02
2.8344e+02
2.8237e+02
2.8158e+02
2.8124e+02
2.8150e+02
2.8250e+02
2.8436e+02
2.8713e+02
2.9081e+02
2.9532e+02
3.0052e+02
3.0623e+02
3.1225e+02
3.1835e+02
3.2430e+02
3.2988e+02
3.3488e+02
3.3917e+02
3.4264e+02
3.4520e+02
3.4682e+02
3.4747e+02
3.4715e+02
3.4591e+02
3.4379e+02
3.4086e+02
3.3723e+02
3.3304e+02
3.2848e+02
3.2374e+02
3.1910e+02
3.1480e+02
3.1113e+02
3.0835e+02
3.0670e+02
3.0638e+02
3.0751e+02
3.1011e+02
3.1413e+02
3.1944e+02
3.2579e+02
3.3289e+02
3.4040e+02
3.4793e+02
3.5513e+02
3.6164e+02
3.6721e+02
3.7164e+02
3.7482e+02
3.7673e+02
3.7742e+02
3.7699e+02
3.7561e+02
3.7345e+02
3.7067e+02
3.6743e+02
3.6388e+02
3.6008e+02
3.5610e+02
3.5197e+02
3.4767e+02
3.4317e+02
3.3844e+02
3.3347e+02
3.2825e+02
3.2279e+02
3.1713e+02
3.1131e+02
3.0539e+02
2.9946e+02
2.9360e+02
2.8790e+02
2.8245e+02
2.7729e+02
2.7243e+02
2.6786e+02
2.6352e+02
2.5934e+02
2.5522e+02
2.5104e+02
2.4667e+02
2.4204e+02
2.3710e+02
2.3186e+02
2.2637e+02
2.2077e+02
2.1520e+02
2.0984e+02
2.0489e+02
2.0052e+02
1.9686e+02
1.9401e+02
1.9201e+02
1.9082e+02
1.9037e+02
1.9050e+02
1.9108e+02
1.9193e+02
1.9289e+02
1.9384e+02
1.9469e+02
1.9540e+02
1.9595e+02
1.9641e+02
1.9685e+02
1.9739e+02
1.9817e+02
1.9930e+02
2.0088e+02
2.0298e+02
2.0562e+02
2.0879e+02
2.1241e+02
2.1637e+02
2.2056e+02
2.2481e+02
2.2898e+02
2.3291e+02
2.3649e+02
2.3964e+02
2.4230e+02
2.4449e+02
2.4622e+02
2.4755e+02
2.4855e+02
2.4930e+02
2.4992e+02
2.5048e+02
2.5106e+02
2.5171e+02
2.5247e+02
2.5333e+02
2.5429e+02
2.5532e+02
2.5638e+02
2.5739e+02
2.5829e+02
2.5899e+02
2.5938e+02
2.5938e+02
2.5888e+02
2.5780e+02
2.5609e+02
2.5371e+02
2.5064e+02
2.4691e+02
2.4254e+02
2.3763e+02
2.3230e+02
2.2669e+02
2.2094e+02
2.1523e+02
