2.8811e+02
2.9633e+02
3.0403e+02
3.1095e+02
3.1682e+02
3.2144e+02
3.2470e+02
3.2651e+02
3.2686e+02
3.2578e+02
3.2336e+02
3.1972e+02
3.1502e+02
3.0949e+02
3.0334e+02
2.9684e+02
2.9025e+02
2.8380e+02
2.7769e+02
2.7214e+02
2.6728e+02
2.6319e+02
2.5992e+02
2.5746e+02
2.5576e+02
2.5474e+02
2.5433e+02
2.5445e+02
2.5505e+02
2.5611e+02
2.5760e+02
2.5952e+02
2.6186e+02
2.6462e+02
2.6774e+02
2.7115e+02
2.7474e+02
2.7840e+02
2.8196e+02
2.8524e+02
2.8809e+02
2.9039e+02
2.9206e+02
2.9310e+02
2.9356e+02
2.9361e+02
2.9343e+02
2.9330e+02
2.9349e+02
2.9430e+02
2.9600e+02
2.9877e+02
3.0271e+02
3.0780e+02
3.1390e+02
3.2076e+02
3.2802e+02
3.3528e+02
3.4210e+02
3.4806e+02
3.5280e+02
3.5607e+02
3.5775e+02
3.5782e+02
3.5644e+02
3.5385e+02
3.5037e+02
3.4637e+02
3.4217e+02
3.3811e+02
3.3443e+02
3.3133e+02
3.2892e+02
3.2724e+02
3.2628e+02
3.2600e+02
3.2632e+02
3.2720e+02
3.2858e+02
3.3039e+02
3.3260e+02
3.3515e+02
3.3796e+02
3.4098e+02
3.4410e+02
3.4722e+02
3.5023e+02
3.5304e+02
3.5559e+02
3.5785e+02
3.5981e+02
3.6152e+02
3.6308e+02
3.6458e+02
3.6614e+02
3.6787e+02
3.6987e+02
3.7221e+02
3.7491e+02
3.7797e+02
3.8131e+02
3.8483e+02
3.8840e+02
3.9185e+02
3.9504e+02
3.9780e+02
4.0001e+02
4.0154e+02
4.0232e+02
4.0234e+02
4.0159e+02
4.0012e+02
3.9799e+02
3.9532e+02
3.9219e+02
3.8876e+02
3.8514e+02
3.8145e+02
3.7778e+02
3.7421e+02
3.7079e+02
3.6760e+02
3.6470e+02
3.6213e+02
3.5996e+02
3.5821e+02
3.5693e+02
3.5611e+02
3.5579e+02
3.5593e+02
3.5650e+02
3.5745e+02
3.5870e+02
3.6017e+02
3.6177e+02
3.6341e+02
3.6499e+02
3.6648e+02
3.6783e+02
3.6902e+02
3.7005e+02
3.7095e+02
3.7175e+02
3.7248e+02
3.7319e+02
3.7389e+02
3.7458e+02
3.7526e+02
3.7591e+02
3.7649e+02
3.7697e+02
3.7731e+02
3.7748e+02
3.7743e+02
3.7716e+02
3.7664e+02
3.7589e+02
3.7494e+02
3.7384e+02
3.7263e+02
3.7135e+02
3.7006e+02
3.6880e+02
3.6764e+02
3.6661e+02
3.6577e+02
3.6515e+02
3.6479e+02
3.6471e+02
3.6492e+02
3.6542e+02
3.6621e+02
3.6728e+02
3.6859e+02
3.7011e+02
3.7179e+02
3.7356e+02
3.7536e+02
3.7710e+02
3.7871e+02
3.8006e+02
3.8108e+02
3.8165e+02
3.8170e+02
3.8115e+02
3.7995e+02
3.7811e+02
3.7565e+02
3.7267e+02
3.6930e+02
3.6569e+02
3.6207e+02
3.5863e+02
3.5559e+02
3.5312e+02
3.5135e+02
3.5033e+02
3.5009e+02
3.5059e+02
3.5171e+02
3.5333e+02
3.5528e+02
3.5739e+02
3.5948e+02
3.6142e+02
3.6309e+02
3.6441e+02
3.6534e+02
3.6589e+02
3.6605e+02
3.6587e+02
3.6539e+02
3.6468e+02
3.6381e+02
3.6284e+02
3.6182e+02
3.6082e+02
3.5986e+02
3.5896e+02
3.5808e+02
3.5716e+02
3.5607e+02
3.5468e+02
3.5283e+02
3.5035e+02
3.4712e+02
3.4304e+02
3.3809e+02
3.3230e+02
3.2581e+02
3.1881e+02
3.1159e+02
3.0446e+02
2.9778e+02
2.9186e+02
2.8696e+02
2.8329e+02
2.8094e+02
2.7991e+02
2.8012e+02
2.8140e+02
2.8354e+02
2.8628e+02
2.8938e+02
2.9260e+02
2.9572e+02
2.9860e+02
3.0111e+02
3.0318e+02
3.0476e+02
3.0587e+02
3.0654e+02
3.0684e+02
3.0685e+02
3.0663e+02
3.0630e+02
3.0595e+02
3.0567e+02
3.0553e+02
3.0560e+02
3.0592e+02
3.0651e+02
3.0737e+02
3.0845e+02
3.0969e+02
3.1102e+02
3.1236e+02
3.1364e+02
3.1479e+02
3.1574e+02
3.1646e+02
3.1694e+02
3.1718e+02
3.1717e+02
3.1693e+02
3.1648e+02
3.1581e+02
3.1496e+02
3.1393e+02
3.1273e+02
3.1137e+02
3.0985e+02
3.0822e+02
3.0648e+02
3.0470e+02
3.0291e+02
3.0117e+02
2.9954e+02
2.9808e+02
2.9685e+02
2.9590e+02
2.9528e+02
2.9501e+02
2.9509e+02
2.9550e+02
2.9623e+02
2.9722e+02
2.9839e+02
2.9967e+02
3.0095e+02
3.0217e+02
3.0323e+02
3.0405e+02
3.0455e+02
3.0471e+02
3.0448e+02
3.0390e+02
3.0297e+02
3.0177e+02
3.0036e+02
2.9883e+02
2.9729e+02
2.9582e+02
2.9451e+02
2.9342e+02
2.9260e+02
2.9210e+02
2.9192e+02
2.9208e+02
2.9252e+02
2.9322e+02
2.9411e+02
2.9514e+02
2.9624e+02
2.9736e+02
2.9843e+02
2.9940e+02
3.0020e+02
3.0082e+02
3.0123e+02
3.0146e+02
3.0149e+02
3.0138e+02
3.0116e+02
3.0089e+02
3.0062e+02
3.0042e+02
3.0032e+02
3.0035e+02
3.0050e+02
3.0075e+02
3.0107e+02
3.0139e+02
3.0166e+02
3.0180e+02
3.0176e+02
3.0149e+02
3.0097e+02
3.0019e+02
2.9918e+02
2.9797e+02
2.9661e+02
2.9513e+02
2.9359e+02
2.9200e+02
2.9040e+02
2.8877e+02
2.8713e+02
2.8545e+02
2.8372e+02
2.8193e+02
2.8010e+02
2.7826e+02
2.7643e+02
2.7468e+02
2.7305e+02
2.7161e+02
2.7038e+02
2.6939e+02
2.6865e+02
2.6815e+02
2.6784e+02
2.6767e+02
2.6759e+02
2.6754e+02
2.6746e+02
2.6733e+02
2.6711e+02
2.6680e+02
2.6639e+02
2.6590e+02
2.6536e+02
2.6479e+02
2.6420e+02
2.6362e+02
2.6304e+02
2.6245e+02
2.6184e+02
2.6119e+02
2.6048e+02
2.5970e+02
2.5887e+02
2.5799e+02
2.5710e+02
2.5626e+02
2.5554e+02
2.5503e+02
2.5479e+02
2.5490e+02
2.5541e+02
2.5631e+02
2.5759e+02
2.5919e+02
2.6099e+02
2.6289e+02
2.6476e+02
2.6646e+02
2.6791e+02
2.6902e+02
2.6975e+02
2.7014e+02
2.7020e+02
2.7003e+02
2.6970e+02
2.6931e+02
2.6894e+02
2.6861e+02
2.6836e+02
2.6817e+02
2.6801e+02
2.6783e+02
2.6757e+02
2.6721e+02
2.6672e+02
2.6610e+02
2.6540e+02
2.6465e+02
2.6395e+02
2.6336e+02
2.6296e+02
2.6279e+02
2.6289e+02
2.6325e+02
2.6382e+02
2.6455e+02
2.6533e+02
2.6606e+02
2.6663e+02
2.6695e+02
2.6694e+02
2.6655e+02
2.6575e+02
2.6458e+02
2.6306e+02
2.6127e+02
2.5931e+02
2.5728e+02
2.5527e+02
2.5340e+02
2.5175e+02
2.5036e+02
2.4926e+02
2.4847e+02
2.4796e+02
2.4770e+02
2.4765e+02
2.4774e+02
2.4792e+02
2.4814e+02
2.4835e+02
2.4853e+02
2.4864e+02
2.4869e+02
2.4865e+02
2.4852e+02
2.4830e+02
2.4802e+02
2.4767e+02
2.4725e+02
2.4678e+02
2.4626e+02
2.4572e+02
2.4518e+02
2.4468e+02
2.4423e+02
2.4385e+02
2.4357e+02
2.4339e+02
2.4330e+02
2.4328e+02
2.4331e+02
2.4336e+02
2.4340e+02
2.4341e+02
2.4335e+02
2.4321e+02
2.4297e+02
2.4267e+02
2.4239e+02
2.4222e+02
2.4227e+02
2.4266e+02
2.4354e+02
2.4504e+02
2.4726e+02
2.5029e+02
2.5416e+02
2.5884e+02
2.6422e+02
2.7015e+02
2.7642e+02
2.8276e+02
2.8891e+02
2.9459e+02
2.9956e+02
3.0364e+02
3.0670e+02
3.0870e+02
3.0964e+02
3.0957e+02
3.0863e+02
3.0694e+02
3.0462e+02
3.0183e+02
2.9868e+02
2.9524e+02
2.9162e+02
2.8786e+02
2.8404e+02
2.8018e+02
2.7634e+02
2.7258e+02
2.6895e+02
2.6555e+02
2.6243e+02
2.5964e+02
2.5724e+02
2.5521e+02
2.5352e+02
2.5213e+02
2.5090e+02
2.4972e+02
2.4841e+02
2.4685e+02
2.4487e+02
2.4235e+02
2.3920e+02
2.3537e+02
2.3091e+02
2.2594e+02
2.2064e+02
2.1525e+02
2.1007e+02
2.0541e+02
2.0157e+02
1.9881e+02
1.9734e+02
1.9726e+02
1.9859e+02
2.0123e+02
2.0501e+02
2.0967e+02
2.1487e+02
2.2029e+02
2.2557e+02
2.3044e+02
2.3463e+02
2.3796e+02
2.4034e+02
2.4174e+02
2.4220e+02
2.4182e+02
2.4074e+02
2.3912e+02
2.3713e+02
2.3493e+02
2.3266e+02
2.3045e+02
2.2840e+02
2.2657e+02
2.2500e+02
2.2369e+02
2.2265e+02
2.2185e+02
2.2128e+02
2.2090e+02
2.2068e+02
2.2059e+02
2.2063e+02
2.2082e+02
2.2121e+02
2.2185e+02
2.2280e+02
2.2415e+02
2.2598e+02
2.2837e+02
2.3136e+02
2.3498e+02
2.3921e+02
2.4398e+02
2.4915e+02
2.5453e+02
2.5991e+02
2.6504e+02
2.6966e+02
2.7356e+02
2.7652e+02
2.7840e+02
2.7914e+02
2.7875e+02
2.7729e+02
2.7493e+02
2.7186e+02
2.6832e+02
2.6453e+02
2.6071e+02
2.5705e+02
2.5370e+02
2.5078e+02
2.4833e+02
2.4633e+02
2.4472e+02
2.4343e+02
2.4237e+02
2.4145e+02
2.4059e+02
2.3972e+02
2.3880e+02
2.3780e+02
2.3674e+02
2.3562e+02
2.3448e+02
2.3338e+02
2.3234e+02
2.3141e+02
2.3060e+02
2.2992e+02
2.2940e+02
2.2901e+02
2.2877e+02
2.2864e+02
2.2862e+02
2.2869e+02
2.2887e+02
2.2913e+02
2.2948e+02
2.2989e+02
2.3035e+02
2.3084e+02
2.3130e+02
2.3172e+02
2.3202e+02
2.3217e+02
2.3212e+02
2.3184e+02
2.3131e+02
2.3051e+02
2.2948e+02
2.2824e+02
2.2685e+02
2.2539e+02
2.2391e+02
2.2250e+02
2.2123e+02
2.2018e+02
2.1940e+02
2.1892e+02
2.1874e+02
2.1885e+02
2.1927e+02
2.1996e+02
2.2093e+02
2.2214e+02
2.2360e+02
2.2529e+02
2.2720e+02
2.2935e+02
2.3172e+02
2.3431e+02
2.3707e+02
2.3998e+02
2.4295e+02
2.4594e+02
2.4885e+02
2.5162e+02
2.5418e+02
2.5647e+02
2.5848e+02
2.6017e+02
2.6157e+02
2.6268e+02
2.6354e+02
2.6418e+02
2.6464e+02
2.6497e+02
2.6519e+02
2.6533e+02
2.6541e+02
2.6551e+02
2.6565e+02
2.6586e+02
2.6616e+02
2.6659e+02
2.6713e+02
2.6780e+02
2.6859e+02
2.6945e+02
2.7036e+02
2.7126e+02
2.7211e+02
2.7287e+02
2.7349e+02
2.7398e+02
2.7430e+02
2.7447e+02
2.7449e+02
2.7439e+02
2.7418e+02
2.7388e+02
2.7350e+02
2.7305e+02
2.7253e+02
2.7195e+02
2.7129e+02
2.7056e+02
2.6975e+02
2.6885e+02
2.6785e+02
2.6676e+02
2.6555e+02
2.6423e+02
2.6282e+02
2.6132e+02
2.5979e+02
2.5828e+02
2.5683e+02
2.5552e+02
2.5443e+02
2.5360e+02
2.5310e+02
2.5295e+02
2.5316e+02
2.5373e+02
2.5461e+02
2.5577e+02
2.5716e+02
2.5871e+02
2.6038e+02
2.6213e+02
2.6391e+02
2.6573e+02
2.6756e+02
2.6938e+02
2.7119e+02
2.7298e+02
2.7473e+02
2.7644e+02
2.7809e+02
2.7967e+02
2.8117e+02
2.8261e+02
2.8397e+02
2.8526e+02
2.8646e+02
2.8753e+02
2.8846e+02
2.8918e+02
2.8963e+02
2.8974e+02
2.8944e+02
2.8871e+02
2.8756e+02
2.8605e+02
2.8428e+02
2.8239e+02
2.8056e+02
2.7895e+02
2.7774e+02
2.7705e+02
2.7696e+02
2.7748e+02
2.7853e+02
2.7997e+02
2.8163e+02
2.8328e+02
2.8472e+02
2.8573e+02
2.8618e+02
2.8596e+02
2.8508e+02
2.8357e+02
2.8157e+02
2.7921e+02
2.7666e+02
2.7410e+02
2.7165e+02
2.6937e+02
2.6729e+02
2.6539e+02
2.6361e+02
2.6185e+02
2.5997e+02
2.5786e+02
2.5539e+02
2.5250e+02
2.4915e+02
2.4536e+02
2.4121e+02
2.3684e+02
2.3244e+02
2.2825e+02
2.2452e+02
2.2151e+02
2.1947e+02
2.1864e+02
2.1922e+02
2.2131e+02
2.2497e+02
2.3014e+02
2.3670e+02
2.4440e+02
2.5292e+02
2.6191e+02
2.7093e+02
2.7959e+02
2.8748e+02
2.9429e+02
2.9977e+02
3.0378e+02
3.0629e+02
3.0733e+02
3.0701e+02
3.0547e+02
3.0290e+02
2.9947e+02
2.9533e+02
2.9060e+02
2.8536e+02
2.7967e+02
2.7357e+02
2.6709e+02
2.6029e+02
2.5327e+02
2.4617e+02
2.3918e+02
2.3248e+02
2.2628e+02
2.2075e+02
2.1603e+02
2.1220e+02
2.0928e+02
2.0723e+02
2.0591e+02
2.0517e+02
2.0484e+02
2.0473e+02
2.0470e+02
2.0461e+02
2.0440e+02
2.0404e+02
2.0355e+02
2.0297e+02
2.0239e+02
2.0191e+02
2.0159e+02
2.0148e+02
2.0162e+02
2.0201e+02
2.0262e+02
2.0341e+02
2.0435e+02
2.0537e+02
2.0645e+02
2.0755e+02
2.0866e+02
2.0979e+02
2.1096e+02
2.1219e+02
2.1347e+02
2.1479e+02
2.1609e+02
2.1730e+02
2.1832e+02
2.1904e+02
2.1933e+02
2.1907e+02
2.1817e+02
2.1657e+02
2.1428e+02
2.1134e+02
2.0789e+02
2.0406e+02
2.0005e+02
1.9610e+02
1.9241e+02
1.8919e+02
1.8660e+02
1.8480e+02
1.8385e+02
1.8382e+02
1.8470e+02
1.8642e+02
1.8892e+02
1.9207e+02
1.9574e+02
1.9977e+02
2.0403e+02
2.0834e+02
2.1257e+02
2.1659e+02
2.2032e+02
2.2368e+02
2.2664e+02
2.2916e+02
2.3127e+02
2.3300e+02
2.3440e+02
2.3555e+02
2.3649e+02
2.3728e+02
2.3796e+02
2.3856e+02
2.3908e+02
2.3953e+02
2.3988e+02
2.4011e+02
2.4019e+02
2.4009e+02
2.3977e+02
2.3921e+02
2.3836e+02
2.3723e+02
2.3579e+02
2.3407e+02
2.3207e+02
2.2983e+02
2.2741e+02
2.2486e+02
2.2225e+02
2.1964e+02
2.1711e+02
2.1471e+02
2.1249e+02
2.1048e+02
2.0867e+02
2.0706e+02
2.0558e+02
2.0418e+02
2.0278e+02
2.0131e+02
1.9971e+02
1.9790e+02
1.9582e+02
1.9342e+02
1.9068e+02
1.8757e+02
1.8413e+02
1.8036e+02
1.7633e+02
1.7210e+02
1.6775e+02
1.6337e+02
1.5905e+02
1.5490e+02
1.5102e+02
1.4750e+02
1.4440e+02
1.4176e+02
1.3958e+02
1.3785e+02
1.3651e+02
1.3546e+02
1.3461e+02
1.3383e+02
1.3303e+02
1.3211e+02
1.3100e+02
1.2967e+02
1.2809e+02
1.2629e+02
1.2432e+02
1.2222e+02
1.2008e+02
1.1798e+02
1.1602e+02
1.1426e+02
1.1276e+02
1.1155e+02
1.1065e+02
1.1005e+02
1.0972e+02
1.0961e+02
1.0967e+02
1.0984e+02
1.1004e+02
1.1020e+02
1.1025e+02
1.1015e+02
1.0985e+02
1.0934e+02
1.0862e+02
1.0775e+02
1.0676e+02
1.0574e+02
1.0475e+02
1.0384e+02
1.0309e+02
1.0254e+02
1.0221e+02
1.0211e+02
1.0221e+02
1.0248e+02
1.0288e+02
1.0333e+02
1.0379e+02
1.0419e+02
1.0451e+02
1.0472e+02
1.0482e+02
1.0484e+02
1.0480e+02
1.0477e+02
1.0486e+02
1.0519e+02
1.0587e+02
1.0706e+02
1.0887e+02
1.1144e+02
1.1485e+02
1.1916e+02
1.2437e+02
1.3038e+02
1.3703e+02
1.4409e+02
1.5127e+02
1.5825e+02
1.6470e+02
1.7028e+02
1.7475e+02
1.7790e+02
1.7966e+02
1.8004e+02
1.7916e+02
1.7724e+02
1.7457e+02
1.7147e+02
1.6826e+02
1.6524e+02
1.6263e+02
1.6059e+02
1.5922e+02
1.5850e+02
1.5836e+02
1.5866e+02
1.5925e+02
1.5996e+02
1.6065e+02
1.6122e+02
1.6158e+02
1.6171e+02
1.6161e+02
1.6132e+02
1.6091e+02
1.6046e+02
1.6002e+02
1.5965e+02
1.5936e+02
1.5917e+02
1.5906e+02
1.5901e+02
1.5900e+02
1.5899e+02
1.5895e+02
1.5889e+02
1.5881e+02
1.5871e+02
1.5864e+02
1.5866e+02
1.5887e+02
1.5939e+02
1.6031e+02
1.6177e+02
1.6389e+02
1.6676e+02
1.7049e+02
1.7511e+02
1.8062e+02
1.8695e+02
1.9399e+02
2.0158e+02
2.0948e+02
2.1748e+02
2.2530e+02
2.3274e+02
2.3957e+02
2.4566e+02
2.5091e+02
2.5527e+02
2.5879e+02
2.6152e+02
2.6356e+02
2.6502e+02
2.6603e+02
2.6670e+02
2.6712e+02
2.6733e+02
2.6733e+02
2.6713e+02
2.6668e+02
2.6590e+02
2.6474e+02
2.6314e+02
2.6104e+02
2.5843e+02
2.5533e+02
2.5178e+02
2.4789e+02
2.4375e+02
2.3954e+02
2.3541e+02
2.3154e+02
2.2810e+02
2.2523e+02
2.2303e+02
2.2155e+02
2.2082e+02
2.2078e+02
2.2137e+02
2.2249e+02
2.2405e+02
2.2596e+02
2.2813e+02
2.3052e+02
2.3308e+02
2.3581e+02
2.3868e+02
2.4171e+02
2.4487e+02
2.4812e+02
2.5138e+02
2.5451e+02
2.5739e+02
2.5984e+02
2.6172e+02
2.6289e+02
2.6327e+02
2.6281e+02
2.6151e+02
2.5947e+02
2.5680e+02
2.5365e+02
2.5018e+02
2.4656e+02
2.4293e+02
2.3940e+02
2.3606e+02
2.3294e+02
2.3007e+02
2.2746e+02
2.2509e+02
2.2295e+02
2.2102e+02
2.1929e+02
2.1776e+02
2.1642e+02
2.1526e+02
2.1425e+02
2.1338e+02
2.1261e+02
2.1190e+02
2.1121e+02
2.1049e+02
2.0969e+02
2.0879e+02
2.0773e+02
2.0649e+02
2.0504e+02
2.0334e+02
2.0140e+02
1.9920e+02
1.9675e+02
1.9405e+02
1.9115e+02
1.8809e+02
1.8491e+02
1.8171e+02
1.7855e+02
1.7552e+02
1.7269e+02
1.7011e+02
1.6779e+02
1.6575e+02
1.6395e+02
1.6235e+02
1.6090e+02
1.5952e+02
1.5817e+02
1.5676e+02
1.5527e+02
1.5368e+02
1.5199e+02
1.5022e+02
1.4842e+02
1.4664e+02
1.4493e+02
1.4335e+02
1.4190e+02
1.4060e+02
1.3942e+02
1.3832e+02
1.3726e+02
1.3616e+02
1.3497e+02
1.3366e+02
1.3224e+02
1.3073e+02
1.2920e+02
1.2776e+02
1.2655e+02
1.2569e+02
1.2533e+02
1.2558e+02
1.2652e+02
1.2821e+02
1.3066e+02
1.3386e+02
1.3776e+02
1.4228e+02
1.4732e+02
1.5281e+02
1.5865e+02
1.6474e+02
1.7098e+02
1.7728e+02
1.8350e+02
1.8953e+02
1.9525e+02
2.0052e+02
2.0523e+02
2.0927e+02
2.1256e+02
2.1506e+02
2.1678e+02
2.1775e+02
2.1806e+02
2.1781e+02
2.1714e+02
2.1615e+02
2.1497e+02
2.1367e+02
2.1230e+02
2.1090e+02
2.0948e+02
2.0803e+02
2.0653e+02
2.0495e+02
2.0325e+02
2.0145e+02
1.9957e+02
1.9764e+02
1.9573e+02
1.9389e+02
1.9222e+02
1.9078e+02
1.8965e+02
1.8888e+02
1.8853e+02
1.8861e+02
1.8914e+02
1.9012e+02
1.9151e+02
1.9330e+02
1.9543e+02
1.9785e+02
2.0049e+02
2.0328e+02
2.0612e+02
2.0896e+02
2.1172e+02
2.1434e+02
2.1680e+02
2.1907e+02
2.2114e+02
2.2302e+02
2.2472e+02
2.2626e+02
2.2765e+02
2.2890e+02
2.2999e+02
2.3090e+02
2.3159e+02
2.3199e+02
2.3207e+02
2.3179e+02
2.3114e+02
2.3010e+02
2.2872e+02
2.2703e+02
2.2513e+02
2.2309e+02
2.2103e+02
2.1905e+02
2.1722e+02
2.1561e+02
2.1425e+02
2.1315e+02
2.1232e+02
2.1172e+02
2.1132e+02
2.1108e+02
2.1098e+02
2.1100e+02
2.1113e+02
2.1140e+02
2.1184e+02
2.1247e+02
2.1335e+02
2.1451e+02
2.1596e+02
2.1771e+02
2.1973e+02
2.2196e+02
2.2435e+02
2.2679e+02
2.2919e+02
2.3145e+02
2.3349e+02
2.3525e+02
2.3669e+02
2.3779e+02
2.3854e+02
2.3897e+02
2.3909e+02
2.3892e+02
2.3849e+02
2.3782e+02
2.3696e+02
2.3590e+02
2.3469e+02
2.3335e+02
2.3194e+02
2.3050e+02
2.2910e+02
2.2780e+02
2.2667e+02
2.2576e+02
2.2512e+02
2.2476e+02
2.2468e+02
2.2486e+02
2.2525e+02
2.2581e+02
2.2649e+02
2.2726e+02
2.2808e+02
2.2892e+02
2.2977e+02
2.3061e+02
2.3142e+02
2.3221e+02
2.3297e+02
2.3368e+02
2.3430e+02
2.3483e+02
2.3523e+02
2.3549e+02
2.3560e+02
2.3559e+02
2.3545e+02
2.3524e+02
2.3500e+02
2.3479e+02
2.3467e+02
2.3467e+02
2.3483e+02
2.3518e+02
2.3573e+02
2.3645e+02
2.3732e+02
2.3829e+02
2.3930e+02
2.4030e+02
2.4120e+02
2.4197e+02
2.4255e+02
2.4292e+02
2.4304e+02
2.4292e+02
2.4258e+02
2.4203e+02
2.4131e+02
2.4047e+02
2.3955e+02
2.3858e+02
2.3762e+02
2.3669e+02
2.3584e+02
2.3509e+02
2.3448e+02
2.3402e+02
2.3372e+02
2.3360e+02
2.3364e+02
2.3385e+02
2.3420e+02
2.3467e+02
2.3524e+02
2.3587e+02
2.3652e+02
2.3717e+02
2.3779e+02
2.3838e+02
2.3894e+02
2.3949e+02
2.4004e+02
2.4061e+02
2.4124e+02
2.4192e+02
2.4268e+02
2.4351e+02
2.4441e+02
2.4533e+02
2.4625e+02
2.4712e+02
2.4792e+02
2.4861e+02
2.4918e+02
2.4962e+02
2.4994e+02
2.5017e+02
2.5033e+02
2.5048e+02
2.5066e+02
2.5091e+02
2.5128e+02
2.5180e+02
2.5247e+02
2.5330e+02
2.5425e+02
2.5530e+02
2.5641e+02
2.5753e+02
2.5860e+02
2.5957e+02
2.6037e+02
2.6098e+02
2.6136e+02
2.6151e+02
2.6142e+02
2.6107e+02
2.6042e+02
2.5945e+02
2.5811e+02
2.5635e+02
2.5412e+02
2.5137e+02
2.4807e+02
2.4419e+02
2.3975e+02
2.3483e+02
2.2953e+02
2.2399e+02
2.1840e+02
2.1294e+02
2.0778e+02
2.0309e+02
1.9898e+02
1.9552e+02
1.9274e+02
1.9060e+02
1.8902e+02
1.8791e+02
1.8715e+02
1.8666e+02
1.8634e+02
1.8617e+02
1.8610e+02
1.8616e+02
1.8637e+02
1.8678e+02
1.8746e+02
1.8845e+02
1.8979e+02
1.9146e+02
1.9345e+02
1.9570e+02
1.9811e+02
2.0059e+02
2.0300e+02
2.0521e+02
2.0713e+02
2.0862e+02
2.0961e+02
2.1005e+02
2.0989e+02
2.0917e+02
2.0790e+02
2.0618e+02
2.0410e+02
2.0177e+02
1.9933e+02
1.9690e+02
1.9459e+02
1.9248e+02
1.9067e+02
1.8917e+02
1.8800e+02
1.8716e+02
1.8662e+02
1.8633e+02
1.8623e+02
1.8627e+02
1.8637e+02
1.8649e+02
1.8656e+02
1.8658e+02
1.8650e+02
1.8633e+02
1.8608e+02
1.8580e+02
1.8554e+02
1.8534e+02
1.8527e+02
1.8542e+02
1.8585e+02
1.8662e+02
1.8779e+02
1.8936e+02
1.9132e+02
1.9362e+02
1.9619e+02
1.9894e+02
2.0174e+02
2.0442e+02
2.0683e+02
2.0880e+02
2.1020e+02
2.1090e+02
2.1081e+02
2.0988e+02
2.0808e+02
2.0545e+02
2.0206e+02
1.9805e+02
1.9354e+02
1.8872e+02
1.8376e+02
1.7882e+02
1.7407e+02
1.6963e+02
1.6560e+02
1.6204e+02
1.5900e+02
1.5647e+02
1.5445e+02
1.5288e+02
1.5173e+02
1.5093e+02
1.5046e+02
1.5027e+02
1.5030e+02
1.5053e+02
1.5090e+02
1.5139e+02
1.5198e+02
1.5264e+02
1.5334e+02
1.5405e+02
1.5477e+02
1.5546e+02
1.5612e+02
1.5672e+02
1.5725e+02
1.5769e+02
1.5800e+02
1.5816e+02
1.5815e+02
1.5793e+02
1.5747e+02
1.5677e+02
1.5582e+02
1.5466e+02
1.5331e+02
1.5181e+02
1.5023e+02
1.4861e+02
1.4700e+02
1.4546e+02
1.4402e+02
1.4272e+02
1.4155e+02
1.4054e+02
1.3964e+02
1.3886e+02
1.3815e+02
1.3749e+02
1.3684e+02
1.3618e+02
1.3546e+02
1.3466e+02
1.3377e+02
1.3275e+02
1.3159e+02
1.3028e+02
1.2883e+02
1.2725e+02
1.2556e+02
1.2375e+02
1.2180e+02
1.1973e+02
1.1749e+02
1.1506e+02
1.1238e+02
1.0940e+02
1.0608e+02
1.0237e+02
9.8274e+01
9.3804e+01
8.9025e+01
8.4018e+01
7.8865e+01
7.3651e+01
6.8461e+01
6.3361e+01
5.8394e+01
5.3587e+01
4.8942e+01
4.4479e+01
4.0239e+01
3.6293e+01
3.2750e+01
2.9760e+01
2.7533e+01
2.6287e+01
2.6232e+01
2.7532e+01
3.0284e+01
3.4501e+01
4.0110e+01
4.6913e+01
5.4567e+01
6.2639e+01
7.0629e+01
7.8028e+01
8.4344e+01
8.9140e+01
9.2087e+01
9.2973e+01
9.1712e+01
8.8353e+01
8.3085e+01
7.6220e+01
6.8163e+01
5.9361e+01
5.0265e+01
4.1296e+01
3.2833e+01
2.5190e+01
1.8576e+01
1.3128e+01
8.9033e+00
5.9082e+00
4.1127e+00
3.4519e+00
3.8689e+00
5.3065e+00
7.7162e+00
1.1034e+01
1.5185e+01
2.0060e+01
2.5521e+01
3.1419e+01
3.7565e+01
4.3750e+01
4.9743e+01
5.5338e+01
6.0349e+01
6.4602e+01
6.7968e+01
7.0377e+01
7.1801e+01
7.2228e+01
7.1678e+01
7.0177e+01
6.7770e+01
6.4517e+01
6.0503e+01
5.5827e+01
5.0608e+01
4.4999e+01
3.9161e+01
3.3283e+01
2.7546e+01
2.2128e+01
1.7185e+01
1.2824e+01
9.1046e+00
6.0411e+00
3.6289e+00
1.8376e+00
6.4561e-01
3.3831e-02
0000
5.7844e-01
1.8232e+00
3.8015e+00
6.5606e+00
1.0142e+01
1.4550e+01
1.9740e+01
2.5599e+01
3.1950e+01
3.8566e+01
4.5168e+01
5.1470e+01
5.7192e+01
6.2091e+01
6.5965e+01
6.8686e+01
7.0196e+01
7.0504e+01
6.9698e+01
6.7904e+01
6.5297e+01
6.2074e+01
5.8433e+01
5.4562e+01
5.0633e+01
4.6801e+01
4.3174e+01
3.9829e+01
3.6792e+01
3.4080e+01
3.1697e+01
2.9633e+01
2.7880e+01
2.6431e+01
2.5291e+01
2.4459e+01
2.3954e+01
2.3782e+01
2.3944e+01
2.4429e+01
2.5219e+01
2.6289e+01
2.7581e+01
2.9035e+01
3.0567e+01
3.2102e+01
3.3551e+01
3.4833e+01
3.5885e+01
3.6651e+01
3.7102e+01
3.7221e+01
3.7013e+01
3.6501e+01
3.5738e+01
3.4789e+01
3.3727e+01
3.2633e+01
3.1584e+01
3.0668e+01
2.9949e+01
2.9470e+01
2.9255e+01
2.9303e+01
2.9596e+01
3.0094e+01
3.0752e+01
3.1507e+01
3.2317e+01
3.3140e+01
3.3954e+01
3.4753e+01
3.5549e+01
3.6363e+01
3.7202e+01
3.8085e+01
3.9011e+01
3.9974e+01
4.0967e+01
4.1971e+01
4.2960e+01
4.3905e+01
4.4782e+01
4.5565e+01
4.6257e+01
4.6853e+01
4.7358e+01
4.7794e+01
4.8187e+01
4.8572e+01
4.8979e+01
4.9437e+01
4.9976e+01
5.0638e+01
5.1458e+01
5.2467e+01
5.3687e+01
5.5122e+01
5.6772e+01
5.8611e+01
6.0600e+01
6.2668e+01
6.4734e+01
6.6701e+01
6.8478e+01
6.9994e+01
7.1186e+01
7.2022e+01
7.2507e+01
7.2684e+01
7.2620e+01
7.2409e+01
7.2169e+01
7.2028e+01
7.2107e+01
7.2498e+01
7.3274e+01
7.4465e+01
7.6073e+01
7.8063e+01
8.0359e+01
8.2854e+01
8.5427e+01
8.7958e+01
9.0316e+01
9.2396e+01
9.4111e+01
9.5398e+01
9.6231e+01
9.6617e+01
9.6582e+01
9.6169e+01
9.5447e+01
9.4470e+01
9.3301e+01
9.1995e+01
9.0595e+01
8.9146e+01
8.7677e+01
8.6193e+01
8.4681e+01
8.3135e+01
8.1533e+01
7.9852e+01
7.8050e+01
7.6081e+01
7.3904e+01
7.1477e+01
6.8777e+01
6.5778e+01
6.2482e+01
5.8922e+01
5.5169e+01
5.1326e+01
4.7501e+01
4.3827e+01
4.0442e+01
3.7484e+01
3.5076e+01
3.3305e+01
3.2224e+01
3.1847e+01
3.2148e+01
3.3056e+01
3.4485e+01
3.6303e+01
3.8361e+01
4.0502e+01
4.2564e+01
4.4387e+01
4.5844e+01
4.6845e+01
4.7327e+01
4.7269e+01
4.6687e+01
4.5651e+01
4.4266e+01
4.2662e+01
4.0991e+01
3.9403e+01
3.8042e+01
3.7011e+01
3.6385e+01
3.6208e+01
3.6486e+01
3.7199e+01
3.8302e+01
3.9735e+01
4.1426e+01
4.3325e+01
4.5379e+01
4.7525e+01
4.9700e+01
5.1836e+01
5.3853e+01
5.5644e+01
5.7106e+01
5.8123e+01
5.8584e+01
5.8402e+01
5.7536e+01
5.6001e+01
5.3862e+01
5.1253e+01
4.8354e+01
4.5399e+01
4.2622e+01
4.0252e+01
3.8483e+01
3.7459e+01
3.7260e+01
3.7897e+01
3.9378e+01
4.1689e+01
4.4790e+01
4.8653e+01
5.3283e+01
5.8719e+01
6.5033e+01
7.2311e+01
8.0616e+01
8.9981e+01
1.0039e+02
1.1173e+02
1.2382e+02
1.3638e+02
1.4908e+02
