6.6722e+02
6.6200e+02
6.5411e+02
6.4327e+02
6.2931e+02
6.1227e+02
5.9240e+02
5.7011e+02
5.4600e+02
5.2078e+02
4.9521e+02
4.7004e+02
4.4597e+02
4.2355e+02
4.0318e+02
3.8511e+02
3.6938e+02
3.5592e+02
3.4453e+02
3.3495e+02
3.2688e+02
3.2003e+02
3.1414e+02
3.0898e+02
3.0436e+02
3.0012e+02
2.9621e+02
2.9263e+02
2.8939e+02
2.8650e+02
2.8396e+02
2.8178e+02
2.7996e+02
2.7849e+02
2.7735e+02
2.7647e+02
2.7577e+02
2.7516e+02
2.7453e+02
2.7377e+02
2.7277e+02
2.7143e+02
2.6973e+02
2.6767e+02
2.6535e+02
2.6290e+02
2.6055e+02
2.5852e+02
2.5710e+02
2.5652e+02
2.5702e+02
2.5875e+02
2.6178e+02
2.6606e+02
2.7148e+02
2.7781e+02
2.8476e+02
2.9199e+02
2.9915e+02
3.0585e+02
3.1178e+02
3.1663e+02
3.2017e+02
3.2225e+02
3.2275e+02
3.2164e+02
3.1894e+02
3.1475e+02
3.0920e+02
3.0250e+02
2.9490e+02
2.8672e+02
2.7832e+02
2.7009e+02
2.6240e+02
2.5564e+02
2.5014e+02
2.4617e+02
2.4394e+02
2.4356e+02
2.4504e+02
2.4827e+02
2.5308e+02
2.5920e+02
2.6635e+02
2.7417e+02
2.8234e+02
2.9054e+02
2.9849e+02
3.0597e+02
3.1283e+02
3.1897e+02
3.2431e+02
3.2881e+02
3.3245e+02
3.3521e+02
3.3710e+02
3.3809e+02
3.3817e+02
3.3731e+02
3.3555e+02
3.3292e+02
3.2949e+02
3.2541e+02
3.2085e+02
3.1607e+02
3.1134e+02
3.0695e+02
3.0318e+02
3.0027e+02
2.9840e+02
2.9767e+02
2.9811e+02
2.9968e+02
3.0228e+02
3.0575e+02
3.0993e+02
3.1463e+02
3.1967e+02
3.2489e+02
3.3018e+02
3.3543e+02
3.4059e+02
3.4564e+02
3.5055e+02
3.5531e+02
3.5992e+02
3.6433e+02
3.6854e+02
3.7251e+02
3.7624e+02
3.7971e+02
3.8291e+02
3.8584e+02
3.8847e+02
3.9081e+02
3.9284e+02
3.9455e+02
3.9592e+02
3.9692e+02
3.9755e+02
3.9779e+02
3.9766e+02
3.9718e+02
3.9638e+02
3.9533e+02
3.9409e+02
3.9274e+02
3.9136e+02
3.9004e+02
3.8883e+02
3.8777e+02
3.8690e+02
3.8621e+02
3.8568e+02
3.8529e+02
3.8499e+02
3.8476e+02
3.8454e+02
3.8431e+02
3.8403e+02
3.8366e+02
3.8320e+02
3.8261e+02
3.8190e+02
3.8106e+02
3.8000e+02
3.7865e+02
3.7690e+02
3.7464e+02
3.7173e+02
3.6805e+02
3.6343e+02
3.5782e+02
3.5120e+02
3.4364e+02
3.3529e+02
3.2641e+02
3.1732e+02
3.0842e+02
3.0014e+02
2.9288e+02
2.8698e+02
2.8270e+02
2.8022e+02
2.7956e+02
2.8064e+02
2.8328e+02
2.8721e+02
2.9212e+02
2.9771e+02
3.0368e+02
3.0978e+02
3.1583e+02
3.2169e+02
3.2722e+02
3.3234e+02
3.3705e+02
3.4131e+02
3.4511e+02
3.4842e+02
3.5121e+02
3.5348e+02
3.5525e+02
3.5653e+02
3.5739e+02
3.5785e+02
3.5801e+02
3.5792e+02
3.5761e+02
3.5705e+02
3.5617e+02
3.5489e+02
3.5309e+02
3.5065e+02
3.4742e+02
3.4328e+02
3.3821e+02
3.3227e+02
3.2565e+02
3.1862e+02
3.1153e+02
3.0480e+02
2.9888e+02
2.9421e+02
2.9112e+02
2.8989e+02
2.9063e+02
2.9328e+02
2.9764e+02
3.0339e+02
3.1011e+02
3.1731e+02
3.2451e+02
3.3126e+02
3.3720e+02
3.4207e+02
3.4574e+02
3.4815e+02
3.4939e+02
3.4961e+02
3.4901e+02
3.4778e+02
3.4604e+02
3.4392e+02
3.4147e+02
3.3870e+02
3.3560e+02
3.3211e+02
3.2814e+02
3.2362e+02
3.1852e+02
3.1286e+02
3.0670e+02
3.0017e+02
2.9339e+02
2.8655e+02
2.7983e+02
2.7340e+02
2.6745e+02
2.6216e+02
2.5767e+02
2.5412e+02
2.5165e+02
2.5036e+02
2.5037e+02
2.5174e+02
2.5455e+02
2.5880e+02
2.6444e+02
2.7136e+02
2.7936e+02
2.8816e+02
2.9744e+02
3.0683e+02
3.1592e+02
3.2436e+02
3.3181e+02
3.3801e+02
3.4280e+02
3.4609e+02
3.4788e+02
3.4828e+02
3.4745e+02
3.4559e+02
3.4291e+02
3.3961e+02
3.3589e+02
3.3193e+02
3.2789e+02
3.2392e+02
3.2013e+02
3.1663e+02
3.1352e+02
3.1089e+02
3.0882e+02
3.0738e+02
3.0662e+02
3.0653e+02
3.0708e+02
3.0822e+02
3.0984e+02
3.1184e+02
3.1409e+02
3.1646e+02
3.1882e+02
3.2109e+02
3.2315e+02
3.2496e+02
3.2644e+02
3.2760e+02
3.2846e+02
3.2903e+02
3.2935e+02
3.2943e+02
3.2926e+02
3.2883e+02
3.2812e+02
3.2710e+02
3.2573e+02
3.2398e+02
3.2182e+02
3.1930e+02
3.1647e+02
3.1346e+02
3.1045e+02
3.0766e+02
3.0534e+02
3.0376e+02
3.0316e+02
3.0377e+02
3.0573e+02
3.0911e+02
3.1388e+02
3.1990e+02
3.2700e+02
3.3490e+02
3.4333e+02
3.5199e+02
3.6058e+02
3.6885e+02
3.7660e+02
3.8369e+02
3.9001e+02
3.9549e+02
4.0014e+02
4.0401e+02
4.0712e+02
4.0954e+02
4.1134e+02
4.1255e+02
4.1327e+02
4.1353e+02
4.1341e+02
4.1295e+02
4.1224e+02
4.1134e+02
4.1033e+02
4.0930e+02
4.0833e+02
4.0751e+02
4.0693e+02
4.0666e+02
4.0678e+02
4.0732e+02
4.0833e+02
4.0981e+02
4.1175e+02
4.1411e+02
4.1681e+02
4.1976e+02
4.2287e+02
4.2605e+02
4.2920e+02
4.3222e+02
4.3503e+02
4.3756e+02
4.3978e+02
4.4166e+02
4.4321e+02
4.4445e+02
4.4545e+02
4.4627e+02
4.4698e+02
4.4767e+02
4.4843e+02
4.4935e+02
4.5047e+02
4.5184e+02
4.5344e+02
4.5523e+02
4.5714e+02
4.5904e+02
4.6083e+02
4.6237e+02
4.6357e+02
4.6430e+02
4.6452e+02
4.6419e+02
4.6331e+02
4.6194e+02
4.6017e+02
4.5808e+02
4.5578e+02
4.5338e+02
4.5099e+02
4.4869e+02
4.4657e+02
4.4469e+02
4.4307e+02
4.4174e+02
4.4071e+02
4.3999e+02
4.3957e+02
4.3945e+02
4.3962e+02
4.4005e+02
4.4073e+02
4.4163e+02
4.4273e+02
4.4403e+02
4.4551e+02
4.4714e+02
4.4892e+02
4.5083e+02
4.5287e+02
4.5500e+02
4.5720e+02
4.5943e+02
4.6167e+02
4.6385e+02
4.6594e+02
4.6790e+02
4.6970e+02
4.7135e+02
4.7285e+02
4.7424e+02
4.7557e+02
4.7689e+02
4.7826e+02
4.7973e+02
4.8134e+02
4.8308e+02
4.8493e+02
4.8682e+02
4.8868e+02
4.9038e+02
4.9181e+02
4.9286e+02
4.9343e+02
4.9348e+02
4.9297e+02
4.9192e+02
4.9039e+02
4.8847e+02
4.8628e+02
4.8395e+02
4.8161e+02
4.7939e+02
4.7741e+02
4.7574e+02
4.7446e+02
4.7360e+02
4.7312e+02
4.7296e+02
4.7301e+02
4.7315e+02
4.7322e+02
4.7306e+02
4.7248e+02
4.7134e+02
4.6955e+02
4.6703e+02
4.6381e+02
4.5995e+02
4.5559e+02
4.5092e+02
4.4617e+02
4.4158e+02
4.3738e+02
4.3376e+02
4.3088e+02
4.2882e+02
4.2761e+02
4.2722e+02
4.2755e+02
4.2847e+02
4.2975e+02
4.3111e+02
4.3226e+02
4.3289e+02
4.3271e+02
4.3139e+02
4.2868e+02
4.2438e+02
4.1837e+02
4.1065e+02
4.0137e+02
3.9084e+02
3.7951e+02
3.6795e+02
3.5680e+02
3.4672e+02
3.3834e+02
3.3221e+02
3.2872e+02
3.2809e+02
3.3030e+02
3.3515e+02
3.4226e+02
3.5110e+02
3.6106e+02
3.7149e+02
3.8182e+02
3.9154e+02
4.0026e+02
4.0772e+02
4.1376e+02
4.1841e+02
4.2180e+02
4.2408e+02
4.2548e+02
4.2620e+02
4.2642e+02
4.2632e+02
4.2604e+02
4.2569e+02
4.2539e+02
4.2519e+02
4.2512e+02
4.2518e+02
4.2543e+02
4.2589e+02
4.2657e+02
4.2751e+02
4.2871e+02
4.3014e+02
4.3180e+02
4.3367e+02
4.3571e+02
4.3788e+02
4.4014e+02
4.4245e+02
4.4475e+02
4.4699e+02
4.4916e+02
4.5123e+02
4.5316e+02
4.5496e+02
4.5661e+02
4.5814e+02
4.5953e+02
4.6080e+02
4.6194e+02
4.6295e+02
4.6382e+02
4.6451e+02
4.6499e+02
4.6519e+02
4.6505e+02
4.6451e+02
4.6351e+02
4.6201e+02
4.5996e+02
4.5736e+02
4.5422e+02
4.5057e+02
4.4649e+02
4.4208e+02
4.3746e+02
4.3274e+02
4.2806e+02
4.2354e+02
4.1929e+02
4.1538e+02
4.1190e+02
4.0885e+02
4.0626e+02
4.0412e+02
4.0243e+02
4.0115e+02
4.0030e+02
3.9987e+02
3.9989e+02
4.0043e+02
4.0153e+02
4.0325e+02
4.0565e+02
4.0876e+02
4.1261e+02
4.1717e+02
4.2238e+02
4.2810e+02
4.3417e+02
4.4039e+02
4.4654e+02
4.5241e+02
4.5778e+02
4.6246e+02
4.6633e+02
4.6926e+02
4.7119e+02
4.7209e+02
4.7195e+02
4.7082e+02
4.6876e+02
4.6581e+02
4.6204e+02
4.5747e+02
4.5215e+02
4.4612e+02
4.3943e+02
4.3218e+02
4.2444e+02
4.1634e+02
4.0801e+02
3.9967e+02
3.9152e+02
3.8381e+02
3.7678e+02
3.7068e+02
3.6572e+02
3.6210e+02
3.5996e+02
3.5937e+02
3.6035e+02
3.6283e+02
3.6668e+02
3.7167e+02
3.7756e+02
3.8404e+02
3.9078e+02
3.9751e+02
4.0396e+02
4.0990e+02
4.1516e+02
4.1962e+02
4.2325e+02
4.2606e+02
4.2813e+02
4.2957e+02
4.3048e+02
4.3101e+02
4.3130e+02
4.3146e+02
4.3162e+02
4.3187e+02
4.3228e+02
4.3289e+02
4.3374e+02
4.3486e+02
4.3626e+02
4.3792e+02
4.3980e+02
4.4183e+02
4.4391e+02
4.4593e+02
4.4775e+02
4.4922e+02
4.5020e+02
4.5052e+02
4.5007e+02
4.4874e+02
4.4642e+02
4.4301e+02
4.3846e+02
4.3276e+02
4.2589e+02
4.1789e+02
4.0878e+02
3.9863e+02
3.8757e+02
3.7571e+02
3.6321e+02
3.5027e+02
3.3712e+02
3.2403e+02
3.1127e+02
2.9911e+02
2.8779e+02
2.7750e+02
2.6838e+02
2.6051e+02
2.5389e+02
2.4846e+02
2.4414e+02
2.4080e+02
2.3829e+02
2.3648e+02
2.3521e+02
2.3445e+02
2.3421e+02
2.3453e+02
2.3551e+02
2.3728e+02
2.4002e+02
2.4388e+02
2.4898e+02
2.5536e+02
2.6304e+02
2.7194e+02
2.8190e+02
2.9270e+02
3.0406e+02
3.1568e+02
3.2727e+02
3.3853e+02
3.4922e+02
3.5917e+02
3.6823e+02
3.7636e+02
3.8357e+02
3.8992e+02
3.9548e+02
4.0035e+02
4.0463e+02
4.0843e+02
4.1182e+02
4.1487e+02
4.1767e+02
4.2028e+02
4.2273e+02
4.2505e+02
4.2726e+02
4.2938e+02
4.3140e+02
4.3335e+02
4.3520e+02
4.3694e+02
4.3853e+02
4.3994e+02
4.4115e+02
4.4213e+02
4.4288e+02
4.4341e+02
4.4375e+02
4.4396e+02
4.4408e+02
4.4418e+02
4.4433e+02
4.4460e+02
4.4504e+02
4.4571e+02
4.4661e+02
4.4777e+02
4.4916e+02
4.5075e+02
4.5245e+02
4.5415e+02
4.5571e+02
4.5699e+02
4.5783e+02
4.5806e+02
4.5754e+02
4.5615e+02
4.5379e+02
4.5044e+02
4.4609e+02
4.4081e+02
4.3474e+02
4.2803e+02
4.2090e+02
4.1356e+02
4.0625e+02
3.9915e+02
3.9244e+02
3.8626e+02
3.8070e+02
3.7577e+02
3.7146e+02
3.6769e+02
3.6436e+02
3.6133e+02
3.5849e+02
3.5570e+02
3.5285e+02
3.4986e+02
3.4665e+02
3.4319e+02
3.3953e+02
3.3573e+02
3.3186e+02
3.2805e+02
3.2441e+02
3.2107e+02
3.1815e+02
3.1576e+02
3.1399e+02
3.1287e+02
3.1240e+02
3.1255e+02
3.1324e+02
3.1435e+02
3.1575e+02
3.1730e+02
3.1885e+02
3.2026e+02
3.2141e+02
3.2218e+02
3.2250e+02
3.2232e+02
3.2163e+02
3.2046e+02
3.1884e+02
3.1686e+02
3.1458e+02
3.1212e+02
3.0957e+02
3.0703e+02
3.0460e+02
3.0236e+02
3.0034e+02
2.9853e+02
2.9688e+02
2.9531e+02
2.9371e+02
2.9192e+02
2.8980e+02
2.8719e+02
2.8397e+02
2.8006e+02
2.7543e+02
2.7014e+02
2.6428e+02
2.5800e+02
2.5149e+02
2.4496e+02
2.3864e+02
2.3271e+02
2.2739e+02
2.2284e+02
2.1920e+02
2.1656e+02
2.1499e+02
2.1452e+02
2.1516e+02
2.1689e+02
2.1971e+02
2.2358e+02
2.2846e+02
2.3427e+02
2.4093e+02
2.4833e+02
2.5637e+02
2.6493e+02
2.7388e+02
2.8306e+02
2.9234e+02
3.0157e+02
3.1061e+02
3.1932e+02
3.2760e+02
3.3533e+02
3.4245e+02
3.4891e+02
3.5468e+02
3.5977e+02
3.6423e+02
3.6812e+02
3.7153e+02
3.7453e+02
3.7718e+02
3.7955e+02
3.8170e+02
3.8366e+02
3.8546e+02
3.8713e+02
3.8868e+02
3.9011e+02
3.9141e+02
3.9258e+02
3.9361e+02
3.9452e+02
3.9528e+02
3.9590e+02
3.9638e+02
3.9670e+02
3.9688e+02
3.9692e+02
3.9684e+02
3.9666e+02
3.9640e+02
3.9611e+02
3.9582e+02
3.9553e+02
3.9523e+02
3.9489e+02
3.9446e+02
3.9390e+02
3.9314e+02
3.9212e+02
3.9080e+02
3.8917e+02
3.8726e+02
3.8511e+02
3.8283e+02
3.8050e+02
3.7822e+02
3.7607e+02
3.7413e+02
3.7243e+02
3.7098e+02
3.6976e+02
3.6867e+02
3.6765e+02
3.6661e+02
3.6545e+02
3.6413e+02
3.6261e+02
3.6088e+02
3.5897e+02
3.5693e+02
3.5484e+02
3.5276e+02
3.5079e+02
3.4898e+02
3.4743e+02
3.4617e+02
3.4526e+02
3.4469e+02
3.4447e+02
3.4459e+02
3.4505e+02
3.4579e+02
3.4676e+02
3.4787e+02
3.4902e+02
3.5013e+02
3.5109e+02
3.5178e+02
3.5212e+02
3.5201e+02
3.5139e+02
3.5023e+02
3.4853e+02
3.4630e+02
3.4358e+02
3.4044e+02
3.3694e+02
3.3318e+02
3.2921e+02
3.2514e+02
3.2104e+02
3.1699e+02
3.1305e+02
3.0929e+02
3.0578e+02
3.0258e+02
2.9977e+02
2.9738e+02
2.9549e+02
2.9411e+02
2.9327e+02
2.9294e+02
2.9312e+02
2.9375e+02
2.9476e+02
2.9599e+02
2.9731e+02
2.9855e+02
2.9954e+02
3.0008e+02
3.0000e+02
2.9911e+02
2.9723e+02
2.9425e+02
2.9008e+02
2.8467e+02
2.7802e+02
2.7019e+02
2.6127e+02
2.5142e+02
2.4083e+02
2.2981e+02
2.1867e+02
2.0780e+02
1.9755e+02
1.8834e+02
1.8049e+02
1.7432e+02
1.7004e+02
1.6780e+02
1.6761e+02
1.6939e+02
1.7299e+02
1.7817e+02
1.8463e+02
1.9210e+02
2.0031e+02
2.0905e+02
2.1814e+02
2.2744e+02
2.3688e+02
2.4639e+02
2.5592e+02
2.6544e+02
2.7484e+02
2.8399e+02
2.9273e+02
3.0088e+02
3.0826e+02
3.1472e+02
3.2017e+02
3.2456e+02
3.2786e+02
3.3015e+02
3.3154e+02
3.3216e+02
3.3220e+02
3.3181e+02
3.3114e+02
3.3034e+02
3.2944e+02
3.2851e+02
3.2751e+02
3.2641e+02
3.2512e+02
3.2357e+02
3.2168e+02
3.1938e+02
3.1661e+02
3.1334e+02
3.0958e+02
3.0538e+02
3.0083e+02
2.9603e+02
2.9110e+02
2.8621e+02
2.8148e+02
2.7707e+02
2.7314e+02
2.6985e+02
2.6735e+02
2.6574e+02
2.6514e+02
2.6565e+02
2.6733e+02
2.7020e+02
2.7420e+02
2.7926e+02
2.8519e+02
2.9176e+02
2.9867e+02
3.0560e+02
3.1224e+02
3.1829e+02
3.2350e+02
3.2769e+02
3.3077e+02
3.3276e+02
3.3372e+02
3.3381e+02
3.3321e+02
3.3211e+02
3.3068e+02
3.2905e+02
3.2731e+02
3.2548e+02
3.2355e+02
3.2150e+02
3.1928e+02
3.1684e+02
3.1416e+02
3.1125e+02
3.0817e+02
3.0501e+02
3.0187e+02
2.9886e+02
2.9608e+02
2.9360e+02
2.9148e+02
2.8973e+02
2.8833e+02
2.8724e+02
2.8637e+02
2.8566e+02
2.8501e+02
2.8437e+02
2.8368e+02
2.8291e+02
2.8206e+02
2.8115e+02
2.8023e+02
2.7934e+02
2.7852e+02
2.7778e+02
2.7712e+02
2.7654e+02
2.7599e+02
2.7541e+02
2.7473e+02
2.7387e+02
2.7276e+02
2.7135e+02
2.6961e+02
2.6755e+02
2.6520e+02
2.6265e+02
2.5998e+02
2.5729e+02
2.5470e+02
2.5229e+02
2.5012e+02
2.4821e+02
2.4651e+02
2.4499e+02
2.4353e+02
2.4203e+02
2.4035e+02
2.3839e+02
2.3609e+02
2.3346e+02
2.3055e+02
2.2746e+02
2.2439e+02
2.2159e+02
2.1930e+02
2.1781e+02
2.1734e+02
2.1806e+02
2.2001e+02
2.2319e+02
2.2747e+02
2.3262e+02
2.3834e+02
2.4431e+02
2.5017e+02
2.5558e+02
2.6027e+02
2.6403e+02
2.6674e+02
2.6835e+02
2.6890e+02
2.6850e+02
2.6730e+02
2.6549e+02
2.6323e+02
2.6071e+02
2.5810e+02
2.5561e+02
2.5348e+02
2.5189e+02
2.5108e+02
2.5127e+02
2.5272e+02
2.5562e+02
2.6015e+02
2.6639e+02
2.7433e+02
2.8384e+02
2.9469e+02
3.0646e+02
3.1867e+02
3.3072e+02
3.4202e+02
3.5197e+02
3.6003e+02
3.6579e+02
3.6894e+02
3.6934e+02
3.6700e+02
3.6207e+02
3.5480e+02
3.4556e+02
3.3474e+02
3.2278e+02
3.1008e+02
2.9702e+02
2.8394e+02
2.7115e+02
2.5887e+02
2.4727e+02
2.3650e+02
2.2669e+02
2.1792e+02
2.1021e+02
2.0357e+02
1.9797e+02
1.9332e+02
1.8950e+02
1.8634e+02
1.8366e+02
1.8132e+02
1.7916e+02
1.7703e+02
1.7483e+02
1.7248e+02
1.6994e+02
1.6721e+02
1.6433e+02
1.6135e+02
1.5835e+02
1.5541e+02
1.5259e+02
1.4994e+02
1.4749e+02
1.4527e+02
1.4327e+02
1.4152e+02
1.4001e+02
1.3873e+02
1.3768e+02
1.3683e+02
1.3619e+02
1.3574e+02
1.3549e+02
1.3543e+02
1.3554e+02
1.3584e+02
1.3628e+02
1.3687e+02
1.3755e+02
1.3831e+02
1.3910e+02
1.3991e+02
1.4074e+02
1.4161e+02
1.4256e+02
1.4364e+02
1.4495e+02
1.4654e+02
1.4849e+02
1.5086e+02
1.5368e+02
1.5694e+02
1.6060e+02
1.6460e+02
1.6881e+02
1.7310e+02
1.7733e+02
1.8137e+02
1.8510e+02
1.8845e+02
1.9138e+02
1.9389e+02
1.9601e+02
1.9779e+02
1.9929e+02
2.0058e+02
2.0172e+02
2.0277e+02
2.0376e+02
2.0472e+02
2.0564e+02
2.0650e+02
2.0729e+02
2.0798e+02
2.0856e+02
2.0903e+02
2.0939e+02
2.0966e+02
2.0986e+02
2.1003e+02
2.1019e+02
2.1040e+02
2.1066e+02
2.1100e+02
2.1145e+02
2.1204e+02
2.1282e+02
2.1379e+02
2.1499e+02
2.1645e+02
2.1818e+02
2.2022e+02
2.2259e+02
2.2531e+02
2.2841e+02
2.3188e+02
2.3573e+02
2.3995e+02
2.4451e+02
2.4940e+02
2.5458e+02
2.5997e+02
2.6549e+02
2.7103e+02
2.7645e+02
2.8159e+02
2.8628e+02
2.9035e+02
2.9366e+02
2.9607e+02
2.9747e+02
2.9781e+02
2.9705e+02
2.9522e+02
2.9239e+02
2.8862e+02
2.8398e+02
2.7858e+02
2.7249e+02
2.6577e+02
2.5850e+02
2.5072e+02
2.4249e+02
2.3389e+02
2.2507e+02
2.1624e+02
2.0771e+02
1.9980e+02
1.9287e+02
1.8729e+02
1.8339e+02
1.8148e+02
1.8172e+02
1.8421e+02
1.8882e+02
1.9533e+02
2.0334e+02
2.1235e+02
2.2179e+02
2.3107e+02
2.3964e+02
2.4706e+02
2.5297e+02
2.5717e+02
2.5954e+02
2.6011e+02
2.5898e+02
2.5633e+02
2.5232e+02
2.4715e+02
2.4100e+02
2.3402e+02
2.2633e+02
2.1812e+02
2.0960e+02
2.0099e+02
1.9252e+02
1.8446e+02
1.7714e+02
1.7089e+02
1.6600e+02
1.6270e+02
1.6110e+02
1.6125e+02
1.6303e+02
1.6627e+02
1.7071e+02
1.7603e+02
1.8189e+02
1.8794e+02
1.9388e+02
1.9944e+02
2.0440e+02
2.0863e+02
2.1204e+02
2.1462e+02
2.1639e+02
2.1739e+02
2.1769e+02
2.1738e+02
2.1656e+02
2.1534e+02
2.1386e+02
2.1225e+02
2.1066e+02
2.0921e+02
2.0802e+02
2.0720e+02
2.0681e+02
2.0689e+02
2.0745e+02
2.0846e+02
2.0984e+02
2.1150e+02
2.1332e+02
2.1517e+02
2.1693e+02
2.1849e+02
2.1976e+02
2.2066e+02
2.2117e+02
2.2128e+02
2.2099e+02
2.2035e+02
2.1940e+02
2.1819e+02
2.1681e+02
2.1530e+02
2.1373e+02
2.1216e+02
2.1062e+02
2.0915e+02
2.0780e+02
2.0658e+02
2.0551e+02
2.0458e+02
2.0379e+02
2.0312e+02
2.0256e+02
2.0209e+02
2.0166e+02
2.0121e+02
2.0069e+02
2.0001e+02
1.9913e+02
1.9798e+02
1.9650e+02
1.9466e+02
1.9247e+02
1.8992e+02
1.8707e+02
1.8397e+02
1.8073e+02
1.7743e+02
1.7418e+02
1.7104e+02
1.6810e+02
1.6539e+02
1.6296e+02
1.6079e+02
1.5887e+02
1.5719e+02
1.5572e+02
1.5445e+02
1.5336e+02
1.5247e+02
1.5179e+02
1.5137e+02
1.5122e+02
1.5138e+02
1.5185e+02
1.5268e+02
1.5390e+02
1.5552e+02
1.5758e+02
1.6009e+02
1.6311e+02
1.6664e+02
1.7072e+02
1.7535e+02
1.8051e+02
1.8617e+02
1.9223e+02
1.9860e+02
2.0511e+02
2.1159e+02
2.1788e+02
2.2378e+02
2.2916e+02
2.3390e+02
2.3792e+02
2.4121e+02
2.4378e+02
2.4570e+02
2.4704e+02
2.4793e+02
2.4845e+02
2.4870e+02
2.4874e+02
2.4862e+02
2.4836e+02
2.4801e+02
2.4761e+02
2.4720e+02
2.4682e+02
2.4653e+02
2.4644e+02
2.4665e+02
2.4725e+02
2.4835e+02
2.4999e+02
2.5221e+02
2.5497e+02
2.5822e+02
2.6181e+02
2.6560e+02
2.6939e+02
2.7298e+02
2.7617e+02
2.7877e+02
2.8062e+02
2.8159e+02
2.8162e+02
2.8068e+02
2.7880e+02
2.7605e+02
2.7250e+02
2.6833e+02
2.6369e+02
2.5877e+02
2.5375e+02
2.4881e+02
2.4409e+02
2.3972e+02
2.3579e+02
2.3236e+02
2.2948e+02
2.2712e+02
2.2528e+02
2.2388e+02
2.2291e+02
2.2232e+02
2.2207e+02
2.2215e+02
2.2253e+02
2.2324e+02
2.2427e+02
2.2561e+02
2.2724e+02
2.2913e+02
2.3123e+02
2.3345e+02
2.3571e+02
2.3787e+02
2.3983e+02
2.4149e+02
2.4277e+02
2.4359e+02
2.4390e+02
2.4370e+02
2.4300e+02
2.4183e+02
2.4025e+02
2.3830e+02
2.3605e+02
2.3356e+02
2.3087e+02
2.2803e+02
2.2509e+02
2.2209e+02
2.1907e+02
2.1607e+02
2.1312e+02
2.1027e+02
2.0755e+02
2.0501e+02
2.0267e+02
2.0055e+02
1.9867e+02
1.9702e+02
1.9558e+02
1.9432e+02
1.9322e+02
1.9225e+02
1.9138e+02
1.9059e+02
1.8986e+02
1.8917e+02
1.8853e+02
1.8790e+02
1.8729e+02
1.8668e+02
1.8604e+02
1.8533e+02
1.8453e+02
1.8360e+02
1.8250e+02
1.8120e+02
1.7969e+02
1.7798e+02
1.7609e+02
1.7405e+02
1.7192e+02
1.6977e+02
1.6767e+02
1.6568e+02
1.6386e+02
1.6229e+02
1.6097e+02
1.5992e+02
1.5910e+02
1.5847e+02
1.5797e+02
1.5753e+02
1.5706e+02
1.5649e+02
1.5575e+02
1.5480e+02
1.5362e+02
1.5223e+02
1.5067e+02
1.4901e+02
1.4734e+02
1.4576e+02
1.4437e+02
1.4328e+02
1.4257e+02
1.4229e+02
1.4248e+02
1.4315e+02
1.4427e+02
1.4581e+02
1.4769e+02
1.4983e+02
1.5211e+02
1.5441e+02
1.5662e+02
1.5859e+02
1.6020e+02
1.6136e+02
1.6198e+02
1.6202e+02
1.6146e+02
1.6034e+02
1.5868e+02
1.5658e+02
1.5416e+02
1.5155e+02
1.4889e+02
1.4631e+02
1.4394e+02
1.4184e+02
1.4009e+02
1.3870e+02
1.3765e+02
1.3693e+02
1.3648e+02
1.3624e+02
1.3616e+02
1.3617e+02
1.3623e+02
1.3630e+02
1.3637e+02
1.3644e+02
1.3656e+02
1.3677e+02
1.3712e+02
1.3765e+02
1.3842e+02
1.3947e+02
1.4083e+02
1.4254e+02
1.4460e+02
1.4699e+02
1.4969e+02
1.5265e+02
1.5584e+02
1.5916e+02
1.6254e+02
1.6587e+02
1.6905e+02
1.7199e+02
1.7461e+02
1.7682e+02
1.7858e+02
1.7988e+02
1.8071e+02
1.8112e+02
1.8118e+02
1.8097e+02
1.8062e+02
1.8025e+02
1.7998e+02
1.7993e+02
1.8016e+02
1.8073e+02
1.8166e+02
1.8296e+02
1.8461e+02
1.8655e+02
1.8872e+02
1.9107e+02
1.9353e+02
1.9605e+02
1.9858e+02
2.0107e+02
2.0351e+02
2.0586e+02
2.0809e+02
2.1021e+02
2.1220e+02
2.1404e+02
2.1573e+02
2.1726e+02
2.1861e+02
2.1976e+02
2.2070e+02
2.2140e+02
2.2183e+02
2.2197e+02
2.2179e+02
2.2128e+02
2.2045e+02
2.1932e+02
2.1791e+02
2.1628e+02
2.1450e+02
2.1264e+02
2.1077e+02
2.0899e+02
2.0735e+02
2.0590e+02
2.0468e+02
2.0368e+02
2.0289e+02
2.0228e+02
2.0181e+02
2.0145e+02
2.0114e+02
2.0085e+02
2.0054e+02
2.0020e+02
1.9979e+02
1.9931e+02
1.9876e+02
1.9814e+02
1.9748e+02
1.9677e+02
1.9605e+02
1.9533e+02
1.9464e+02
1.9401e+02
1.9345e+02
1.9296e+02
1.9255e+02
1.9222e+02
1.9193e+02
1.9167e+02
1.9141e+02
1.9113e+02
1.9078e+02
1.9037e+02
1.8987e+02
1.8930e+02
1.8868e+02
1.8804e+02
1.8741e+02
1.8685e+02
1.8640e+02
1.8610e+02
1.8598e+02
1.8606e+02
1.8637e+02
1.8690e+02
1.8763e+02
1.8849e+02
1.8937e+02
1.9018e+02
1.9078e+02
1.9103e+02
1.9079e+02
1.8992e+02
1.8831e+02
1.8588e+02
1.8262e+02
1.7856e+02
1.7375e+02
1.6835e+02
1.6249e+02
1.5637e+02
1.5016e+02
1.4407e+02
1.3823e+02
1.3279e+02
1.2779e+02
1.2327e+02
1.1920e+02
1.1552e+02
1.1218e+02
1.0907e+02
1.0613e+02
1.0328e+02
1.0051e+02
9.7810e+01
9.5215e+01
9.2802e+01
9.0676e+01
8.8967e+01
8.7788e+01
8.7221e+01
8.7320e+01
8.8095e+01
8.9513e+01
9.1485e+01
9.3887e+01
9.6566e+01
9.9359e+01
1.0211e+02
1.0468e+02
1.0699e+02
1.0895e+02
1.1058e+02
1.1189e+02
1.1291e+02
1.1372e+02
1.1440e+02
1.1502e+02
1.1562e+02
1.1623e+02
1.1686e+02
1.1751e+02
1.1816e+02
1.1879e+02
1.1938e+02
1.1991e+02
1.2039e+02
1.2081e+02
1.2116e+02
1.2146e+02
1.2172e+02
1.2197e+02
1.2223e+02
1.2251e+02
1.2284e+02
1.2326e+02
1.2378e+02
1.2446e+02
1.2533e+02
1.2644e+02
1.2782e+02
1.2947e+02
1.3142e+02
1.3364e+02
1.3608e+02
1.3867e+02
1.4129e+02
1.4379e+02
1.4601e+02
1.4779e+02
1.4895e+02
1.4935e+02
1.4886e+02
1.4743e+02
1.4501e+02
1.4165e+02
1.3745e+02
1.3255e+02
1.2716e+02
1.2150e+02
1.1586e+02
1.1054e+02
1.0583e+02
1.0203e+02
9.9390e+01
9.8147e+01
9.8460e+01
1.0043e+02
1.0406e+02
1.0928e+02
1.1590e+02
1.2369e+02
1.3235e+02
1.4149e+02
1.5075e+02
1.5974e+02
1.6814e+02
1.7568e+02
1.8216e+02
1.8747e+02
1.9157e+02
1.9450e+02
1.9632e+02
1.9713e+02
1.9704e+02
1.9615e+02
1.9455e+02
1.9233e+02
1.8954e+02
1.8626e+02
1.8256e+02
1.7851e+02
1.7419e+02
1.6967e+02
1.6503e+02
1.6038e+02
1.5577e+02
1.5123e+02
1.4673e+02
1.4219e+02
1.3752e+02
1.3262e+02
1.2732e+02
1.2152e+02
1.1511e+02
1.0799e+02
1.0016e+02
9.1621e+01
8.2467e+01
7.2824e+01
6.2861e+01
5.2769e+01
4.2780e+01
3.3167e+01
2.4223e+01
1.6260e+01
9.5758e+00
4.4695e+00
1.2017e+00
0000
1.0300e+00
4.3729e+00
1.0005e+01
1.7787e+01
2.7468e+01
3.8673e+01
5.0945e+01
6.3764e+01
7.6609e+01
8.8986e+01
1.0045e+02
1.1066e+02
1.1933e+02
1.2635e+02
1.3168e+02
1.3539e+02
1.3765e+02
1.3867e+02
1.3868e+02
1.3791e+02
1.3658e+02
1.3489e+02
1.3302e+02
1.3127e+02
1.3005e+02
1.2986e+02
1.3123e+02
1.3483e+02
1.4135e+02
1.5151e+02
1.6596e+02
1.8516e+02
2.0935e+02
2.3846e+02
2.7206e+02
3.0940e+02
3.4943e+02
3.9087e+02
