9.8864e+01
9.6959e+01
9.5834e+01
9.5629e+01
9.6432e+01
9.8273e+01
1.0113e+02
1.0492e+02
1.0951e+02
1.1475e+02
1.2045e+02
1.2639e+02
1.3239e+02
1.3825e+02
1.4381e+02
1.4892e+02
1.5348e+02
1.5740e+02
1.6067e+02
1.6326e+02
1.6521e+02
1.6658e+02
1.6743e+02
1.6785e+02
1.6791e+02
1.6768e+02
1.6725e+02
1.6665e+02
1.6593e+02
1.6513e+02
1.6427e+02
1.6337e+02
1.6244e+02
1.6147e+02
1.6049e+02
1.5952e+02
1.5858e+02
1.5763e+02
1.5663e+02
1.5548e+02
1.5408e+02
1.5231e+02
1.5002e+02
1.4706e+02
1.4332e+02
1.3874e+02
1.3332e+02
1.2718e+02
1.2050e+02
1.1354e+02
1.0664e+02
1.0017e+02
9.4480e+01
8.9885e+01
8.6633e+01
8.4876e+01
8.4676e+01
8.5976e+01
8.8626e+01
9.2410e+01
9.7067e+01
1.0233e+02
1.0793e+02
1.1367e+02
1.1939e+02
1.2495e+02
1.3024e+02
1.3515e+02
1.3952e+02
1.4322e+02
1.4605e+02
1.4780e+02
1.4822e+02
1.4709e+02
1.4424e+02
1.3956e+02
1.3304e+02
1.2483e+02
1.1529e+02
1.0502e+02
9.4735e+01
8.5303e+01
7.7650e+01
7.2711e+01
7.1374e+01
7.4378e+01
8.2217e+01
9.5089e+01
1.1288e+02
1.3515e+02
1.6120e+02
1.9005e+02
2.2062e+02
2.5175e+02
2.8230e+02
3.1123e+02
3.3759e+02
3.6063e+02
3.7984e+02
3.9492e+02
4.0576e+02
4.1237e+02
4.1487e+02
4.1351e+02
4.0859e+02
4.0051e+02
3.8970e+02
3.7668e+02
3.6199e+02
3.4615e+02
3.2966e+02
3.1300e+02
2.9660e+02
2.8081e+02
2.6589e+02
2.5201e+02
2.3921e+02
2.2751e+02
2.1686e+02
2.0719e+02
1.9845e+02
1.9058e+02
1.8357e+02
1.7744e+02
1.7219e+02
1.6780e+02
1.6427e+02
1.6160e+02
1.5975e+02
1.5865e+02
1.5820e+02
1.5827e+02
1.5875e+02
1.5950e+02
1.6044e+02
1.6148e+02
1.6255e+02
1.6363e+02
1.6471e+02
1.6577e+02
1.6682e+02
1.6785e+02
1.6885e+02
1.6981e+02
1.7073e+02
1.7157e+02
1.7232e+02
1.7295e+02
1.7342e+02
1.7371e+02
1.7383e+02
1.7375e+02
1.7351e+02
1.7313e+02
1.7269e+02
1.7234e+02
1.7222e+02
1.7252e+02
1.7342e+02
1.7512e+02
1.7780e+02
1.8162e+02
1.8665e+02
1.9293e+02
2.0038e+02
2.0886e+02
2.1816e+02
2.2797e+02
2.3796e+02
2.4776e+02
2.5698e+02
2.6519e+02
2.7201e+02
2.7708e+02
2.8011e+02
2.8086e+02
2.7919e+02
2.7503e+02
2.6840e+02
2.5942e+02
2.4834e+02
2.3548e+02
2.2128e+02
2.0627e+02
1.9099e+02
1.7599e+02
1.6179e+02
1.4882e+02
1.3746e+02
1.2793e+02
1.2035e+02
1.1473e+02
1.1093e+02
1.0876e+02
1.0793e+02
1.0815e+02
1.0911e+02
1.1051e+02
1.1209e+02
1.1362e+02
1.1491e+02
1.1585e+02
1.1641e+02
1.1657e+02
1.1638e+02
1.1590e+02
1.1521e+02
1.1443e+02
1.1366e+02
1.1294e+02
1.1229e+02
1.1169e+02
1.1104e+02
1.1020e+02
1.0903e+02
1.0732e+02
1.0492e+02
1.0167e+02
9.7512e+01
9.2427e+01
8.6499e+01
7.9876e+01
7.2761e+01
6.5415e+01
5.8134e+01
5.1218e+01
4.4926e+01
3.9489e+01
3.5082e+01
3.1827e+01
2.9790e+01
2.8977e+01
2.9347e+01
3.0817e+01
3.3280e+01
3.6587e+01
4.0583e+01
4.5105e+01
4.9972e+01
5.5043e+01
6.0224e+01
6.5453e+01
7.0692e+01
7.5947e+01
8.1239e+01
8.6603e+01
9.2084e+01
9.7709e+01
1.0349e+02
1.0937e+02
1.1529e+02
1.2110e+02
1.2669e+02
1.3195e+02
1.3680e+02
1.4123e+02
1.4526e+02
1.4903e+02
1.5271e+02
1.5656e+02
1.6081e+02
1.6571e+02
1.7143e+02
1.7808e+02
1.8574e+02
1.9439e+02
2.0399e+02
2.1444e+02
2.2563e+02
2.3746e+02
2.4985e+02
2.6276e+02
2.7617e+02
2.9007e+02
3.0443e+02
3.1920e+02
3.3425e+02
3.4942e+02
3.6445e+02
3.7905e+02
3.9291e+02
4.0565e+02
4.1686e+02
4.2615e+02
4.3315e+02
4.3756e+02
4.3910e+02
4.3758e+02
4.3290e+02
4.2504e+02
4.1410e+02
4.0031e+02
3.8403e+02
3.6573e+02
3.4600e+02
3.2547e+02
3.0478e+02
2.8458e+02
2.6540e+02
2.4774e+02
2.3195e+02
2.1823e+02
2.0661e+02
1.9699e+02
1.8916e+02
1.8287e+02
1.7782e+02
1.7372e+02
1.7029e+02
1.6730e+02
1.6454e+02
1.6186e+02
1.5918e+02
1.5650e+02
1.5383e+02
1.5120e+02
1.4867e+02
1.4627e+02
1.4409e+02
1.4216e+02
1.4055e+02
1.3932e+02
1.3850e+02
1.3809e+02
1.3809e+02
1.3848e+02
1.3922e+02
1.4028e+02
1.4163e+02
1.4325e+02
1.4511e+02
1.4719e+02
1.4948e+02
1.5199e+02
1.5476e+02
1.5778e+02
1.6109e+02
1.6465e+02
1.6846e+02
1.7246e+02
1.7658e+02
1.8075e+02
1.8485e+02
1.8878e+02
1.9243e+02
1.9568e+02
1.9844e+02
2.0066e+02
2.0229e+02
2.0332e+02
2.0379e+02
2.0375e+02
2.0329e+02
2.0251e+02
2.0152e+02
2.0044e+02
1.9939e+02
1.9846e+02
1.9773e+02
1.9723e+02
1.9699e+02
1.9699e+02
1.9721e+02
1.9757e+02
1.9800e+02
1.9843e+02
1.9880e+02
1.9904e+02
1.9911e+02
1.9898e+02
1.9865e+02
1.9813e+02
1.9743e+02
1.9659e+02
1.9564e+02
1.9459e+02
1.9346e+02
1.9228e+02
1.9105e+02
1.8978e+02
1.8851e+02
1.8723e+02
1.8600e+02
1.8485e+02
1.8381e+02
1.8293e+02
1.8224e+02
1.8177e+02
1.8154e+02
1.8158e+02
1.8187e+02
1.8243e+02
1.8323e+02
1.8426e+02
1.8549e+02
1.8688e+02
1.8841e+02
1.9002e+02
1.9167e+02
1.9332e+02
1.9491e+02
1.9641e+02
1.9776e+02
1.9898e+02
2.0005e+02
2.0101e+02
2.0191e+02
2.0283e+02
2.0383e+02
2.0502e+02
2.0646e+02
2.0821e+02
2.1030e+02
2.1274e+02
2.1548e+02
2.1846e+02
2.2158e+02
2.2475e+02
2.2786e+02
2.3080e+02
2.3346e+02
2.3578e+02
2.3773e+02
2.3929e+02
2.4045e+02
2.4124e+02
2.4171e+02
2.4189e+02
2.4180e+02
2.4147e+02
2.4091e+02
2.4014e+02
2.3916e+02
2.3798e+02
2.3662e+02
2.3511e+02
2.3347e+02
2.3176e+02
2.3004e+02
2.2840e+02
2.2690e+02
2.2562e+02
2.2460e+02
2.2389e+02
2.2349e+02
2.2340e+02
2.2360e+02
2.2403e+02
2.2464e+02
2.2535e+02
2.2612e+02
2.2689e+02
2.2762e+02
2.2827e+02
2.2882e+02
2.2927e+02
2.2961e+02
2.2986e+02
2.3003e+02
2.3016e+02
2.3030e+02
2.3049e+02
2.3078e+02
2.3122e+02
2.3187e+02
2.3276e+02
2.3393e+02
2.3540e+02
2.3716e+02
2.3916e+02
2.4136e+02
2.4367e+02
2.4600e+02
2.4824e+02
2.5030e+02
2.5207e+02
2.5351e+02
2.5455e+02
2.5517e+02
2.5539e+02
2.5524e+02
2.5478e+02
2.5406e+02
2.5316e+02
2.5213e+02
2.5104e+02
2.4995e+02
2.4891e+02
2.4794e+02
2.4707e+02
2.4634e+02
2.4576e+02
2.4535e+02
2.4512e+02
2.4506e+02
2.4518e+02
2.4546e+02
2.4585e+02
2.4632e+02
2.4682e+02
2.4728e+02
2.4765e+02
2.4788e+02
2.4793e+02
2.4778e+02
2.4742e+02
2.4685e+02
2.4607e+02
2.4510e+02
2.4397e+02
2.4272e+02
2.4138e+02
2.3997e+02
2.3852e+02
2.3706e+02
2.3563e+02
2.3425e+02
2.3296e+02
2.3180e+02
2.3080e+02
2.2999e+02
2.2940e+02
2.2905e+02
2.2895e+02
2.2912e+02
2.2956e+02
2.3027e+02
2.3124e+02
2.3245e+02
2.3389e+02
2.3553e+02
2.3734e+02
2.3928e+02
2.4129e+02
2.4334e+02
2.4538e+02
2.4736e+02
2.4928e+02
2.5112e+02
2.5289e+02
2.5461e+02
2.5630e+02
2.5801e+02
2.5976e+02
2.6158e+02
2.6348e+02
2.6546e+02
2.6751e+02
2.6959e+02
2.7165e+02
2.7366e+02
2.7558e+02
2.7738e+02
2.7905e+02
2.8058e+02
2.8199e+02
2.8330e+02
2.8457e+02
2.8583e+02
2.8713e+02
2.8850e+02
2.8996e+02
2.9152e+02
2.9320e+02
2.9497e+02
2.9684e+02
2.9876e+02
3.0072e+02
3.0269e+02
3.0467e+02
3.0665e+02
3.0863e+02
3.1061e+02
3.1258e+02
3.1455e+02
3.1650e+02
3.1841e+02
3.2027e+02
3.2201e+02
3.2361e+02
3.2501e+02
3.2618e+02
3.2708e+02
3.2769e+02
3.2802e+02
3.2809e+02
3.2796e+02
3.2769e+02
3.2737e+02
3.2707e+02
3.2688e+02
3.2685e+02
3.2704e+02
3.2747e+02
3.2816e+02
3.2906e+02
3.3014e+02
3.3135e+02
3.3260e+02
3.3384e+02
3.3498e+02
3.3598e+02
3.3682e+02
3.3749e+02
3.3800e+02
3.3839e+02
3.3873e+02
3.3907e+02
3.3949e+02
3.4006e+02
3.4083e+02
3.4182e+02
3.4304e+02
3.4448e+02
3.4608e+02
3.4780e+02
3.4955e+02
3.5123e+02
3.5277e+02
3.5410e+02
3.5516e+02
3.5592e+02
3.5638e+02
3.5653e+02
3.5643e+02
3.5609e+02
3.5557e+02
3.5493e+02
3.5421e+02
3.5346e+02
3.5272e+02
3.5204e+02
3.5144e+02
3.5095e+02
3.5059e+02
3.5039e+02
3.5038e+02
3.5057e+02
3.5097e+02
3.5160e+02
3.5244e+02
3.5347e+02
3.5466e+02
3.5597e+02
3.5733e+02
3.5868e+02
3.5994e+02
3.6106e+02
3.6195e+02
3.6259e+02
3.6294e+02
3.6297e+02
3.6267e+02
3.6205e+02
3.6115e+02
3.5999e+02
3.5862e+02
3.5709e+02
3.5545e+02
3.5375e+02
3.5201e+02
3.5030e+02
3.4863e+02
3.4705e+02
3.4558e+02
3.4426e+02
3.4310e+02
3.4212e+02
3.4133e+02
3.4072e+02
3.4029e+02
3.4003e+02
3.3993e+02
3.3998e+02
3.4016e+02
3.4046e+02
3.4087e+02
3.4139e+02
3.4204e+02
3.4282e+02
3.4373e+02
3.4477e+02
3.4594e+02
3.4724e+02
3.4864e+02
3.5009e+02
3.5156e+02
3.5298e+02
3.5430e+02
3.5547e+02
3.5646e+02
3.5722e+02
3.5774e+02
3.5802e+02
3.5806e+02
3.5790e+02
3.5755e+02
3.5707e+02
3.5649e+02
3.5586e+02
3.5524e+02
3.5467e+02
3.5420e+02
3.5384e+02
3.5362e+02
3.5355e+02
3.5366e+02
3.5393e+02
3.5435e+02
3.5489e+02
3.5551e+02
3.5618e+02
3.5685e+02
3.5747e+02
3.5801e+02
3.5841e+02
3.5865e+02
3.5872e+02
3.5861e+02
3.5832e+02
3.5788e+02
3.5731e+02
3.5667e+02
3.5601e+02
3.5538e+02
3.5482e+02
3.5438e+02
3.5411e+02
3.5402e+02
3.5413e+02
3.5443e+02
3.5489e+02
3.5548e+02
3.5614e+02
3.5683e+02
3.5748e+02
3.5802e+02
3.5841e+02
3.5860e+02
3.5858e+02
3.5834e+02
3.5788e+02
3.5724e+02
3.5647e+02
3.5562e+02
3.5476e+02
3.5395e+02
3.5325e+02
3.5270e+02
3.5235e+02
3.5221e+02
3.5229e+02
3.5259e+02
3.5308e+02
3.5373e+02
3.5452e+02
3.5541e+02
3.5637e+02
3.5738e+02
3.5840e+02
3.5943e+02
3.6044e+02
3.6143e+02
3.6236e+02
3.6322e+02
3.6399e+02
3.6465e+02
3.6518e+02
3.6556e+02
3.6574e+02
3.6571e+02
3.6545e+02
3.6498e+02
3.6429e+02
3.6338e+02
3.6229e+02
3.6104e+02
3.5966e+02
3.5820e+02
3.5669e+02
3.5518e+02
3.5369e+02
3.5225e+02
3.5088e+02
3.4962e+02
3.4846e+02
3.4745e+02
3.4660e+02
3.4595e+02
3.4550e+02
3.4527e+02
3.4527e+02
3.4551e+02
3.4598e+02
3.4665e+02
3.4749e+02
3.4843e+02
3.4942e+02
3.5039e+02
3.5127e+02
3.5201e+02
3.5256e+02
3.5291e+02
3.5305e+02
3.5299e+02
3.5281e+02
3.5253e+02
3.5222e+02
3.5196e+02
3.5180e+02
3.5179e+02
3.5197e+02
3.5234e+02
3.5289e+02
3.5362e+02
3.5450e+02
3.5548e+02
3.5654e+02
3.5762e+02
3.5870e+02
3.5974e+02
3.6072e+02
3.6162e+02
3.6243e+02
3.6313e+02
3.6373e+02
3.6420e+02
3.6453e+02
3.6473e+02
3.6480e+02
3.6474e+02
3.6455e+02
3.6425e+02
3.6385e+02
3.6337e+02
3.6283e+02
3.6225e+02
3.6163e+02
3.6099e+02
3.6032e+02
3.5962e+02
3.5886e+02
3.5802e+02
3.5711e+02
3.5613e+02
3.5509e+02
3.5403e+02
3.5300e+02
3.5204e+02
3.5123e+02
3.5064e+02
3.5032e+02
3.5033e+02
3.5069e+02
3.5137e+02
3.5234e+02
3.5351e+02
3.5479e+02
3.5608e+02
3.5725e+02
3.5820e+02
3.5882e+02
3.5907e+02
3.5891e+02
3.5837e+02
3.5749e+02
3.5636e+02
3.5508e+02
3.5376e+02
3.5252e+02
3.5145e+02
3.5064e+02
3.5012e+02
3.4993e+02
3.5002e+02
3.5033e+02
3.5079e+02
3.5129e+02
3.5174e+02
3.5207e+02
3.5221e+02
3.5211e+02
3.5175e+02
3.5117e+02
3.5041e+02
3.4955e+02
3.4865e+02
3.4782e+02
3.4713e+02
3.4666e+02
3.4646e+02
3.4659e+02
3.4707e+02
3.4789e+02
3.4905e+02
3.5052e+02
3.5226e+02
3.5422e+02
3.5634e+02
3.5853e+02
3.6074e+02
3.6288e+02
3.6490e+02
3.6671e+02
3.6828e+02
3.6956e+02
3.7052e+02
3.7119e+02
3.7158e+02
3.7173e+02
3.7169e+02
3.7153e+02
3.7132e+02
3.7112e+02
3.7100e+02
3.7099e+02
3.7112e+02
3.7139e+02
3.7180e+02
3.7233e+02
3.7295e+02
3.7363e+02
3.7433e+02
3.7503e+02
3.7573e+02
3.7642e+02
3.7713e+02
3.7788e+02
3.7870e+02
3.7962e+02
3.8069e+02
3.8194e+02
3.8338e+02
3.8499e+02
3.8677e+02
3.8870e+02
3.9075e+02
3.9287e+02
3.9502e+02
3.9717e+02
3.9929e+02
4.0135e+02
4.0333e+02
4.0520e+02
4.0695e+02
4.0855e+02
4.0997e+02
4.1119e+02
4.1217e+02
4.1286e+02
4.1323e+02
4.1323e+02
4.1285e+02
4.1209e+02
4.1097e+02
4.0952e+02
4.0783e+02
4.0597e+02
4.0405e+02
4.0218e+02
4.0047e+02
3.9899e+02
3.9784e+02
3.9706e+02
3.9668e+02
3.9670e+02
3.9709e+02
3.9778e+02
3.9871e+02
3.9981e+02
4.0099e+02
4.0219e+02
4.0335e+02
4.0442e+02
4.0536e+02
4.0619e+02
4.0690e+02
4.0752e+02
4.0807e+02
4.0857e+02
4.0904e+02
4.0949e+02
4.0992e+02
4.1031e+02
4.1064e+02
4.1090e+02
4.1105e+02
4.1108e+02
4.1096e+02
4.1072e+02
4.1035e+02
4.0990e+02
4.0938e+02
4.0884e+02
4.0833e+02
4.0786e+02
4.0747e+02
4.0718e+02
4.0699e+02
4.0689e+02
4.0688e+02
4.0692e+02
4.0701e+02
4.0711e+02
4.0722e+02
4.0733e+02
4.0742e+02
4.0750e+02
4.0758e+02
4.0765e+02
4.0772e+02
4.0782e+02
4.0796e+02
4.0813e+02
4.0835e+02
4.0865e+02
4.0902e+02
4.0947e+02
4.1002e+02
4.1066e+02
4.1137e+02
4.1214e+02
4.1295e+02
4.1376e+02
4.1454e+02
4.1522e+02
4.1578e+02
4.1618e+02
4.1639e+02
4.1636e+02
4.1607e+02
4.1553e+02
4.1473e+02
4.1370e+02
4.1246e+02
4.1104e+02
4.0946e+02
4.0778e+02
4.0602e+02
4.0422e+02
4.0241e+02
4.0062e+02
3.9888e+02
3.9723e+02
3.9569e+02
3.9429e+02
3.9306e+02
3.9201e+02
3.9116e+02
3.9051e+02
3.9007e+02
3.8983e+02
3.8976e+02
3.8984e+02
3.9002e+02
3.9029e+02
3.9059e+02
3.9088e+02
3.9111e+02
3.9125e+02
3.9127e+02
3.9117e+02
3.9094e+02
3.9058e+02
3.9010e+02
3.8953e+02
3.8889e+02
3.8823e+02
3.8759e+02
3.8700e+02
3.8653e+02
3.8619e+02
3.8604e+02
3.8610e+02
3.8637e+02
3.8687e+02
3.8757e+02
3.8844e+02
3.8944e+02
3.9052e+02
3.9159e+02
3.9247e+02
3.9293e+02
3.9270e+02
3.9147e+02
3.8891e+02
3.8469e+02
3.7853e+02
3.7020e+02
3.5956e+02
3.4663e+02
3.3160e+02
3.1483e+02
2.9681e+02
2.7814e+02
2.5951e+02
2.4161e+02
2.2508e+02
2.1040e+02
1.9794e+02
1.8786e+02
1.8015e+02
1.7463e+02
1.7097e+02
1.6879e+02
1.6763e+02
1.6709e+02
1.6681e+02
1.6651e+02
1.6601e+02
1.6517e+02
1.6395e+02
1.6241e+02
1.6064e+02
1.5878e+02
1.5696e+02
1.5529e+02
1.5390e+02
1.5291e+02
1.5245e+02
1.5267e+02
1.5368e+02
1.5560e+02
1.5846e+02
1.6233e+02
1.6716e+02
1.7289e+02
1.7942e+02
1.8670e+02
1.9463e+02
2.0316e+02
2.1226e+02
2.2187e+02
2.3194e+02
2.4238e+02
2.5307e+02
2.6381e+02
2.7432e+02
2.8423e+02
2.9311e+02
3.0048e+02
3.0587e+02
3.0890e+02
3.0930e+02
3.0699e+02
3.0204e+02
2.9474e+02
2.8555e+02
2.7505e+02
2.6388e+02
2.5270e+02
2.4209e+02
2.3253e+02
2.2433e+02
2.1762e+02
2.1237e+02
2.0843e+02
2.0555e+02
2.0341e+02
2.0171e+02
2.0021e+02
1.9875e+02
1.9725e+02
1.9577e+02
1.9450e+02
1.9369e+02
1.9364e+02
1.9461e+02
1.9684e+02
2.0043e+02
2.0539e+02
2.1158e+02
2.1877e+02
2.2660e+02
2.3464e+02
2.4245e+02
2.4963e+02
2.5585e+02
2.6090e+02
2.6469e+02
2.6728e+02
2.6887e+02
2.6971e+02
2.7012e+02
2.7039e+02
2.7078e+02
2.7148e+02
2.7258e+02
2.7407e+02
2.7585e+02
2.7774e+02
2.7952e+02
2.8100e+02
2.8203e+02
2.8251e+02
2.8242e+02
2.8180e+02
2.8080e+02
2.7958e+02
2.7833e+02
2.7728e+02
2.7659e+02
2.7631e+02
2.7644e+02
2.7688e+02
2.7742e+02
2.7782e+02
2.7774e+02
2.7690e+02
2.7501e+02
2.7190e+02
2.6755e+02
2.6207e+02
2.5574e+02
2.4898e+02
2.4235e+02
2.3650e+02
2.3203e+02
2.2950e+02
2.2934e+02
2.3180e+02
2.3691e+02
2.4449e+02
2.5413e+02
2.6527e+02
2.7725e+02
2.8935e+02
3.0092e+02
3.1137e+02
3.2029e+02
3.2740e+02
3.3261e+02
3.3599e+02
3.3777e+02
3.3826e+02
3.3781e+02
3.3676e+02
3.3540e+02
3.3392e+02
3.3244e+02
3.3096e+02
3.2943e+02
3.2770e+02
3.2559e+02
3.2293e+02
3.1956e+02
3.1536e+02
3.1032e+02
3.0457e+02
2.9830e+02
2.9181e+02
2.8547e+02
2.7971e+02
2.7495e+02
2.7158e+02
2.6990e+02
2.7009e+02
2.7222e+02
2.7622e+02
2.8186e+02
2.8882e+02
2.9673e+02
3.0514e+02
3.1365e+02
3.2181e+02
3.2925e+02
3.3566e+02
3.4082e+02
3.4453e+02
3.4671e+02
3.4732e+02
3.4636e+02
3.4391e+02
3.4003e+02
3.3485e+02
3.2849e+02
3.2107e+02
3.1271e+02
3.0351e+02
2.9354e+02
2.8283e+02
2.7142e+02
2.5932e+02
2.4658e+02
2.3335e+02
2.1981e+02
2.0625e+02
1.9307e+02
1.8072e+02
1.6973e+02
1.6062e+02
1.5388e+02
1.4988e+02
1.4886e+02
1.5086e+02
1.5579e+02
1.6335e+02
1.7307e+02
1.8434e+02
1.9647e+02
2.0876e+02
2.2056e+02
2.3126e+02
2.4036e+02
2.4746e+02
2.5231e+02
2.5480e+02
2.5505e+02
2.5329e+02
2.4991e+02
2.4542e+02
2.4040e+02
2.3554e+02
2.3153e+02
2.2905e+02
2.2863e+02
2.3071e+02
2.3553e+02
2.4317e+02
2.5347e+02
2.6610e+02
2.8055e+02
2.9620e+02
3.1238e+02
3.2843e+02
3.4371e+02
3.5771e+02
3.7006e+02
3.8053e+02
3.8908e+02
3.9578e+02
4.0084e+02
4.0452e+02
4.0711e+02
4.0893e+02
4.1027e+02
4.1140e+02
4.1248e+02
4.1364e+02
4.1486e+02
4.1612e+02
4.1735e+02
4.1848e+02
4.1943e+02
4.2010e+02
4.2044e+02
4.2043e+02
4.2005e+02
4.1934e+02
4.1834e+02
4.1711e+02
4.1571e+02
4.1418e+02
4.1257e+02
4.1089e+02
4.0918e+02
4.0743e+02
4.0564e+02
4.0381e+02
4.0189e+02
3.9979e+02
3.9736e+02
3.9446e+02
3.9091e+02
3.8648e+02
3.8095e+02
3.7411e+02
3.6581e+02
3.5593e+02
3.4450e+02
3.3165e+02
3.1760e+02
3.0272e+02
2.8742e+02
2.7223e+02
2.5770e+02
2.4440e+02
2.3282e+02
2.2338e+02
2.1640e+02
2.1208e+02
2.1048e+02
2.1161e+02
2.1534e+02
2.2150e+02
2.2983e+02
2.4004e+02
2.5183e+02
2.6487e+02
2.7881e+02
2.9333e+02
3.0811e+02
3.2287e+02
3.3731e+02
3.5112e+02
3.6402e+02
3.7575e+02
3.8608e+02
3.9481e+02
4.0180e+02
4.0697e+02
4.1028e+02
4.1178e+02
4.1158e+02
4.0989e+02
4.0692e+02
4.0291e+02
3.9812e+02
3.9283e+02
3.8730e+02
3.8176e+02
3.7640e+02
3.7137e+02
3.6674e+02
3.6256e+02
3.5880e+02
3.5546e+02
3.5248e+02
3.4982e+02
3.4741e+02
3.4518e+02
3.4310e+02
3.4111e+02
3.3920e+02
3.3732e+02
3.3545e+02
3.3355e+02
3.3158e+02
3.2941e+02
3.2683e+02
3.2362e+02
3.1950e+02
3.1420e+02
3.0740e+02
2.9883e+02
2.8826e+02
2.7555e+02
2.6072e+02
2.4392e+02
2.2545e+02
2.0575e+02
1.8538e+02
1.6497e+02
1.4524e+02
1.2690e+02
1.1061e+02
9.6921e+01
8.6285e+01
7.9005e+01
7.5228e+01
7.4969e+01
7.8115e+01
8.4466e+01
9.3727e+01
1.0553e+02
1.1947e+02
1.3512e+02
1.5202e+02
1.6974e+02
1.8787e+02
2.0608e+02
2.2403e+02
2.4137e+02
2.5774e+02
2.7284e+02
2.8636e+02
2.9803e+02
3.0762e+02
3.1495e+02
3.1989e+02
3.2238e+02
3.2247e+02
3.2031e+02
3.1614e+02
3.1028e+02
3.0305e+02
2.9487e+02
2.8615e+02
2.7727e+02
2.6856e+02
2.6032e+02
2.5274e+02
2.4595e+02
2.3999e+02
2.3487e+02
2.3054e+02
2.2695e+02
2.2404e+02
2.2174e+02
2.2000e+02
2.1875e+02
2.1793e+02
2.1749e+02
2.1737e+02
2.1754e+02
2.1793e+02
2.1850e+02
2.1916e+02
2.1981e+02
2.2034e+02
2.2065e+02
2.2064e+02
2.2023e+02
2.1936e+02
2.1796e+02
2.1602e+02
2.1354e+02
2.1056e+02
2.0714e+02
2.0337e+02
1.9937e+02
1.9525e+02
1.9113e+02
1.8711e+02
1.8330e+02
1.7979e+02
1.7664e+02
1.7391e+02
1.7162e+02
1.6979e+02
1.6841e+02
1.6748e+02
1.6696e+02
1.6682e+02
1.6699e+02
1.6743e+02
1.6805e+02
1.6877e+02
1.6950e+02
1.7019e+02
1.7076e+02
1.7117e+02
1.7136e+02
1.7130e+02
1.7099e+02
1.7046e+02
1.6974e+02
1.6886e+02
1.6788e+02
1.6685e+02
1.6580e+02
1.6475e+02
1.6372e+02
1.6270e+02
1.6167e+02
1.6060e+02
1.5947e+02
1.5827e+02
1.5702e+02
1.5577e+02
1.5455e+02
1.5345e+02
1.5255e+02
1.5194e+02
1.5170e+02
1.5189e+02
1.5254e+02
1.5363e+02
1.5512e+02
1.5693e+02
1.5894e+02
1.6104e+02
1.6311e+02
1.6504e+02
1.6675e+02
1.6820e+02
1.6936e+02
1.7028e+02
1.7101e+02
1.7168e+02
1.7243e+02
1.7342e+02
1.7481e+02
1.7674e+02
1.7931e+02
1.8256e+02
1.8648e+02
1.9097e+02
1.9588e+02
2.0096e+02
2.0595e+02
2.1052e+02
2.1441e+02
2.1734e+02
2.1912e+02
2.1966e+02
2.1893e+02
2.1705e+02
2.1419e+02
2.1059e+02
2.0653e+02
2.0230e+02
1.9818e+02
1.9437e+02
1.9106e+02
1.8834e+02
1.8624e+02
1.8476e+02
1.8384e+02
1.8340e+02
1.8335e+02
1.8358e+02
1.8403e+02
1.8463e+02
1.8533e+02
1.8611e+02
1.8695e+02
1.8782e+02
1.8867e+02
1.8940e+02
1.8992e+02
1.9009e+02
1.8978e+02
1.8883e+02
1.8708e+02
1.8441e+02
1.8070e+02
1.7591e+02
1.7008e+02
1.6329e+02
1.5571e+02
1.4759e+02
1.3917e+02
1.3073e+02
1.2255e+02
1.1486e+02
1.0786e+02
1.0167e+02
9.6358e+01
9.1914e+01
8.8294e+01
8.5409e+01
8.3160e+01
8.1436e+01
8.0145e+01
7.9223e+01
7.8613e+01
7.8277e+01
7.8180e+01
7.8307e+01
7.8650e+01
7.9192e+01
7.9906e+01
8.0746e+01
8.1679e+01
8.2668e+01
8.3684e+01
8.4715e+01
8.5750e+01
8.6777e+01
8.7791e+01
8.8796e+01
8.9786e+01
9.0754e+01
9.1681e+01
9.2556e+01
9.3366e+01
9.4096e+01
9.4753e+01
9.5375e+01
9.6038e+01
9.6838e+01
9.7900e+01
9.9364e+01
1.0137e+02
1.0403e+02
1.0746e+02
1.1169e+02
1.1671e+02
1.2245e+02
1.2879e+02
1.3555e+02
1.4252e+02
1.4946e+02
1.5613e+02
1.6232e+02
1.6786e+02
1.7260e+02
1.7647e+02
1.7941e+02
1.8143e+02
1.8257e+02
1.8287e+02
1.8243e+02
1.8132e+02
1.7964e+02
1.7746e+02
1.7491e+02
1.7209e+02
1.6914e+02
1.6616e+02
1.6323e+02
1.6046e+02
1.5791e+02
1.5562e+02
1.5362e+02
1.5189e+02
1.5040e+02
1.4909e+02
1.4789e+02
1.4675e+02
1.4560e+02
1.4439e+02
1.4311e+02
1.4183e+02
1.4065e+02
1.3972e+02
1.3922e+02
1.3936e+02
1.4034e+02
1.4234e+02
1.4550e+02
1.4989e+02
1.5548e+02
1.6216e+02
1.6973e+02
1.7791e+02
1.8637e+02
1.9472e+02
2.0257e+02
2.0956e+02
2.1542e+02
2.1994e+02
2.2302e+02
2.2467e+02
2.2498e+02
2.2411e+02
2.2229e+02
2.1971e+02
2.1656e+02
2.1301e+02
2.0916e+02
2.0508e+02
2.0080e+02
1.9630e+02
1.9153e+02
1.8642e+02
1.8097e+02
1.7518e+02
1.6912e+02
1.6287e+02
1.5659e+02
1.5046e+02
1.4464e+02
1.3931e+02
1.3458e+02
1.3054e+02
1.2723e+02
1.2462e+02
1.2261e+02
1.2108e+02
1.1987e+02
1.1879e+02
1.1766e+02
1.1631e+02
1.1460e+02
1.1241e+02
1.0969e+02
1.0641e+02
1.0263e+02
9.8427e+01
9.3929e+01
8.9264e+01
8.4575e+01
7.9994e+01
7.5658e+01
7.1683e+01
6.8179e+01
6.5227e+01
6.2878e+01
6.1149e+01
6.0036e+01
5.9529e+01
5.9585e+01
6.0156e+01
6.1181e+01
6.2593e+01
6.4310e+01
6.6238e+01
6.8292e+01
7.0394e+01
7.2472e+01
7.4457e+01
7.6296e+01
7.7942e+01
7.9362e+01
8.0531e+01
8.1448e+01
8.2111e+01
8.2494e+01
8.2583e+01
8.2330e+01
8.1697e+01
8.0632e+01
7.9064e+01
7.6949e+01
7.4243e+01
7.0921e+01
6.6984e+01
6.2468e+01
5.7438e+01
5.2003e+01
4.6295e+01
4.0463e+01
3.4672e+01
2.9074e+01
2.3809e+01
1.8985e+01
1.4685e+01
1.0957e+01
7.8214e+00
5.2617e+00
3.2382e+00
1.7195e+00
6.7588e-01
1.0213e-01
0000
3.9347e-01
1.3103e+00
2.7884e+00
4.8788e+00
7.6078e+00
1.0984e+01
1.4967e+01
1.9490e+01
2.4458e+01
2.9740e+01
3.5190e+01
4.0658e+01
4.5990e+01
5.1048e+01
5.5734e+01
5.9973e+01
6.3732e+01
6.7001e+01
6.9786e+01
7.2119e+01
7.4045e+01
7.5626e+01
7.6918e+01
7.7983e+01
7.8875e+01
7.9665e+01
8.0427e+01
8.1218e+01
8.2091e+01
8.3083e+01
8.4227e+01
8.5532e+01
8.6982e+01
8.8537e+01
9.0134e+01
9.1687e+01
9.3104e+01
9.4301e+01
9.5187e+01
9.5698e+01
9.5788e+01
9.5445e+01
9.4686e+01
9.3558e+01
9.2140e+01
9.0517e+01
8.8798e+01
8.7084e+01
8.5481e+01
8.4080e+01
8.2961e+01
8.2180e+01
8.1764e+01
8.1714e+01
8.1999e+01
8.2566e+01
8.3336e+01
8.4217e+01
8.5115e+01
8.5936e+01
8.6614e+01
8.7100e+01
8.7383e+01
8.7477e+01
8.7424e+01
8.7289e+01
8.7158e+01
8.7105e+01
8.7194e+01
8.7475e+01
8.7949e+01
8.8592e+01
8.9344e+01
9.0126e+01
9.0852e+01
9.1441e+01
9.1825e+01
9.1959e+01
9.1835e+01
9.1465e+01
9.0902e+01
9.0216e+01
8.9488e+01
8.8802e+01
8.8230e+01
8.7823e+01
8.7602e+01
8.7570e+01
8.7712e+01
8.8015e+01
8.8458e+01
8.9016e+01
8.9676e+01
9.0440e+01
9.1331e+01
9.2382e+01
9.3631e+01
9.5107e+01
9.6831e+01
9.8805e+01
1.0101e+02
1.0339e+02
1.0591e+02
