4.2279e+02
4.5825e+02
4.9084e+02
5.1958e+02
5.4381e+02
5.6324e+02
5.7788e+02
5.8809e+02
5.9442e+02
5.9763e+02
5.9851e+02
5.9784e+02
5.9632e+02
5.9453e+02
5.9291e+02
5.9182e+02
5.9140e+02
5.9160e+02
5.9235e+02
5.9355e+02
5.9507e+02
5.9675e+02
5.9842e+02
5.9994e+02
6.0116e+02
6.0197e+02
6.0228e+02
6.0201e+02
6.0111e+02
5.9957e+02
5.9741e+02
5.9464e+02
5.9129e+02
5.8741e+02
5.8303e+02
5.7820e+02
5.7298e+02
5.6744e+02
5.6168e+02
5.5582e+02
5.5001e+02
5.4440e+02
5.3917e+02
5.3446e+02
5.3043e+02
5.2720e+02
5.2486e+02
5.2340e+02
5.2278e+02
5.2292e+02
5.2368e+02
5.2488e+02
5.2636e+02
5.2795e+02
5.2951e+02
5.3094e+02
5.3218e+02
5.3322e+02
5.3413e+02
5.3498e+02
5.3589e+02
5.3701e+02
5.3844e+02
5.4028e+02
5.4260e+02
5.4542e+02
5.4872e+02
5.5240e+02
5.5629e+02
5.6017e+02
5.6380e+02
5.6692e+02
5.6926e+02
5.7060e+02
5.7075e+02
5.6961e+02
5.6718e+02
5.6358e+02
5.5901e+02
5.5376e+02
5.4822e+02
5.4280e+02
5.3796e+02
5.3414e+02
5.3171e+02
5.3097e+02
5.3207e+02
5.3508e+02
5.3993e+02
5.4645e+02
5.5434e+02
5.6326e+02
5.7280e+02
5.8259e+02
5.9225e+02
6.0147e+02
6.1000e+02
6.1766e+02
6.2438e+02
6.3015e+02
6.3504e+02
6.3914e+02
6.4256e+02
6.4543e+02
6.4782e+02
6.4983e+02
6.5149e+02
6.5279e+02
6.5372e+02
6.5424e+02
6.5435e+02
6.5401e+02
6.5327e+02
6.5212e+02
6.5063e+02
6.4889e+02
6.4701e+02
6.4509e+02
6.4326e+02
6.4161e+02
6.4022e+02
6.3916e+02
6.3844e+02
6.3808e+02
6.3804e+02
6.3829e+02
6.3878e+02
6.3947e+02
6.4032e+02
6.4128e+02
6.4233e+02
6.4346e+02
6.4467e+02
6.4594e+02
6.4725e+02
6.4865e+02
6.5012e+02
6.5165e+02
6.5324e+02
6.5481e+02
6.5626e+02
6.5748e+02
6.5832e+02
6.5863e+02
6.5825e+02
6.5702e+02
6.5483e+02
6.5157e+02
6.4720e+02
6.4177e+02
6.3534e+02
6.2808e+02
6.2018e+02
6.1188e+02
6.0342e+02
5.9505e+02
5.8701e+02
5.7950e+02
5.7267e+02
5.6666e+02
5.6155e+02
5.5740e+02
5.5424e+02
5.5207e+02
5.5089e+02
5.5066e+02
5.5135e+02
5.5287e+02
5.5510e+02
5.5791e+02
5.6116e+02
5.6468e+02
5.6831e+02
5.7189e+02
5.7526e+02
5.7831e+02
5.8095e+02
5.8313e+02
5.8488e+02
5.8624e+02
5.8729e+02
5.8813e+02
5.8884e+02
5.8953e+02
5.9028e+02
5.9117e+02
5.9222e+02
5.9347e+02
5.9489e+02
5.9643e+02
5.9807e+02
5.9973e+02
6.0137e+02
6.0293e+02
6.0438e+02
6.0568e+02
6.0683e+02
6.0781e+02
6.0864e+02
6.0935e+02
6.0995e+02
6.1046e+02
6.1093e+02
6.1136e+02
6.1174e+02
6.1208e+02
6.1238e+02
6.1260e+02
6.1273e+02
6.1274e+02
6.1260e+02
6.1231e+02
6.1187e+02
6.1129e+02
6.1058e+02
6.0979e+02
6.0894e+02
6.0808e+02
6.0726e+02
6.0651e+02
6.0587e+02
6.0538e+02
6.0502e+02
6.0480e+02
6.0467e+02
6.0462e+02
6.0461e+02
6.0459e+02
6.0453e+02
6.0438e+02
6.0412e+02
6.0372e+02
6.0317e+02
6.0246e+02
6.0158e+02
6.0057e+02
5.9942e+02
5.9818e+02
5.9688e+02
5.9557e+02
5.9432e+02
5.9318e+02
5.9224e+02
5.9160e+02
5.9137e+02
5.9168e+02
5.9261e+02
5.9427e+02
5.9673e+02
6.0005e+02
6.0424e+02
6.0926e+02
6.1496e+02
6.2114e+02
6.2753e+02
6.3381e+02
6.3963e+02
6.4461e+02
6.4840e+02
6.5067e+02
6.5115e+02
6.4969e+02
6.4624e+02
6.4088e+02
6.3379e+02
6.2524e+02
6.1555e+02
6.0513e+02
5.9438e+02
5.8368e+02
5.7340e+02
5.6385e+02
5.5527e+02
5.4784e+02
5.4164e+02
5.3664e+02
5.3281e+02
5.3003e+02
5.2816e+02
5.2707e+02
5.2662e+02
5.2671e+02
5.2728e+02
5.2834e+02
5.2996e+02
5.3225e+02
5.3534e+02
5.3934e+02
5.4436e+02
5.5043e+02
5.5753e+02
5.6554e+02
5.7427e+02
5.8345e+02
5.9276e+02
6.0187e+02
6.1046e+02
6.1830e+02
6.2519e+02
6.3104e+02
6.3582e+02
6.3959e+02
6.4247e+02
6.4457e+02
6.4603e+02
6.4702e+02
6.4763e+02
6.4797e+02
6.4810e+02
6.4806e+02
6.4788e+02
6.4756e+02
6.4714e+02
6.4666e+02
6.4617e+02
6.4572e+02
6.4536e+02
6.4513e+02
6.4504e+02
6.4510e+02
6.4528e+02
6.4555e+02
6.4584e+02
6.4612e+02
6.4633e+02
6.4643e+02
6.4641e+02
6.4627e+02
6.4600e+02
6.4564e+02
6.4522e+02
6.4477e+02
6.4428e+02
6.4375e+02
6.4314e+02
6.4241e+02
6.4151e+02
6.4036e+02
6.3888e+02
6.3702e+02
6.3474e+02
6.3202e+02
6.2890e+02
6.2542e+02
6.2166e+02
6.1773e+02
6.1377e+02
6.0991e+02
6.0629e+02
6.0304e+02
6.0028e+02
5.9808e+02
5.9652e+02
5.9560e+02
5.9533e+02
5.9563e+02
5.9643e+02
5.9762e+02
5.9907e+02
6.0069e+02
6.0232e+02
6.0388e+02
6.0527e+02
6.0644e+02
6.0735e+02
6.0800e+02
6.0842e+02
6.0862e+02
6.0864e+02
6.0850e+02
6.0825e+02
6.0793e+02
6.0757e+02
6.0721e+02
6.0688e+02
6.0663e+02
6.0650e+02
6.0653e+02
6.0677e+02
6.0724e+02
6.0797e+02
6.0894e+02
6.1012e+02
6.1146e+02
6.1288e+02
6.1431e+02
6.1567e+02
6.1693e+02
6.1811e+02
6.1925e+02
6.2045e+02
6.2187e+02
6.2368e+02
6.2609e+02
6.2929e+02
6.3346e+02
6.3868e+02
6.4498e+02
6.5231e+02
6.6051e+02
6.6938e+02
6.7865e+02
6.8802e+02
6.9716e+02
7.0575e+02
7.1348e+02
7.2009e+02
7.2538e+02
7.2919e+02
7.3144e+02
7.3208e+02
7.3112e+02
7.2860e+02
7.2464e+02
7.1938e+02
7.1303e+02
7.0583e+02
6.9804e+02
6.8996e+02
6.8186e+02
6.7404e+02
6.6672e+02
6.6011e+02
6.5433e+02
6.4946e+02
6.4554e+02
6.4256e+02
6.4048e+02
6.3923e+02
6.3875e+02
6.3901e+02
6.3995e+02
6.4156e+02
6.4382e+02
6.4668e+02
6.5011e+02
6.5406e+02
6.5841e+02
6.6302e+02
6.6771e+02
6.7230e+02
6.7658e+02
6.8040e+02
6.8358e+02
6.8594e+02
6.8734e+02
6.8764e+02
6.8675e+02
6.8458e+02
6.8110e+02
6.7631e+02
6.7030e+02
6.6325e+02
6.5538e+02
6.4705e+02
6.3866e+02
6.3070e+02
6.2366e+02
6.1797e+02
6.1405e+02
6.1214e+02
6.1236e+02
6.1469e+02
6.1892e+02
6.2473e+02
6.3168e+02
6.3932e+02
6.4724e+02
6.5505e+02
6.6249e+02
6.6939e+02
6.7569e+02
6.8143e+02
6.8667e+02
6.9155e+02
6.9620e+02
7.0073e+02
7.0519e+02
7.0960e+02
7.1390e+02
7.1797e+02
7.2164e+02
7.2474e+02
7.2710e+02
7.2857e+02
7.2903e+02
7.2839e+02
7.2659e+02
7.2364e+02
7.1960e+02
7.1461e+02
7.0886e+02
7.0261e+02
6.9609e+02
6.8960e+02
6.8340e+02
6.7774e+02
6.7281e+02
6.6873e+02
6.6556e+02
6.6328e+02
6.6183e+02
6.6111e+02
6.6098e+02
6.6126e+02
6.6183e+02
6.6254e+02
6.6331e+02
6.6405e+02
6.6469e+02
6.6520e+02
6.6558e+02
6.6585e+02
6.6603e+02
6.6611e+02
6.6602e+02
6.6568e+02
6.6497e+02
6.6377e+02
6.6189e+02
6.5915e+02
6.5535e+02
6.5031e+02
6.4397e+02
6.3637e+02
6.2770e+02
6.1822e+02
6.0836e+02
5.9866e+02
5.8969e+02
5.8207e+02
5.7631e+02
5.7285e+02
5.7193e+02
5.7364e+02
5.7782e+02
5.8416e+02
5.9218e+02
6.0133e+02
6.1102e+02
6.2068e+02
6.2984e+02
6.3814e+02
6.4535e+02
6.5135e+02
6.5619e+02
6.5999e+02
6.6295e+02
6.6527e+02
6.6713e+02
6.6870e+02
6.7010e+02
6.7144e+02
6.7281e+02
6.7424e+02
6.7575e+02
6.7737e+02
6.7913e+02
6.8107e+02
6.8321e+02
6.8558e+02
6.8819e+02
6.9105e+02
6.9413e+02
6.9739e+02
7.0077e+02
7.0417e+02
7.0754e+02
7.1076e+02
7.1376e+02
7.1647e+02
7.1884e+02
7.2082e+02
7.2241e+02
7.2362e+02
7.2450e+02
7.2510e+02
7.2542e+02
7.2548e+02
7.2528e+02
7.2480e+02
7.2399e+02
7.2279e+02
7.2111e+02
7.1891e+02
7.1617e+02
7.1292e+02
7.0928e+02
7.0543e+02
7.0161e+02
6.9813e+02
6.9532e+02
6.9348e+02
6.9286e+02
6.9365e+02
6.9590e+02
6.9954e+02
7.0440e+02
7.1020e+02
7.1658e+02
7.2317e+02
7.2959e+02
7.3552e+02
7.4070e+02
7.4498e+02
7.4830e+02
7.5064e+02
7.5210e+02
7.5285e+02
7.5307e+02
7.5290e+02
7.5250e+02
7.5197e+02
7.5140e+02
7.5084e+02
7.5031e+02
7.4981e+02
7.4931e+02
7.4878e+02
7.4819e+02
7.4750e+02
7.4670e+02
7.4577e+02
7.4468e+02
7.4341e+02
7.4197e+02
7.4034e+02
7.3854e+02
7.3654e+02
7.3436e+02
7.3203e+02
7.2954e+02
7.2693e+02
7.2423e+02
7.2146e+02
7.1866e+02
7.1583e+02
7.1298e+02
7.1006e+02
7.0705e+02
7.0386e+02
7.0042e+02
6.9662e+02
6.9236e+02
6.8757e+02
6.8219e+02
6.7620e+02
6.6962e+02
6.6255e+02
6.5510e+02
6.4744e+02
6.3975e+02
6.3222e+02
6.2502e+02
6.1832e+02
6.1225e+02
6.0689e+02
6.0227e+02
5.9841e+02
5.9526e+02
5.9277e+02
5.9087e+02
5.8947e+02
5.8849e+02
5.8787e+02
5.8752e+02
5.8737e+02
5.8737e+02
5.8746e+02
5.8761e+02
5.8778e+02
5.8794e+02
5.8806e+02
5.8812e+02
5.8813e+02
5.8810e+02
5.8807e+02
5.8812e+02
5.8833e+02
5.8879e+02
5.8959e+02
5.9084e+02
5.9261e+02
5.9499e+02
5.9799e+02
6.0161e+02
6.0580e+02
6.1045e+02
6.1542e+02
6.2059e+02
6.2577e+02
6.3082e+02
6.3561e+02
6.4002e+02
6.4400e+02
6.4750e+02
6.5054e+02
6.5314e+02
6.5538e+02
6.5731e+02
6.5898e+02
6.6045e+02
6.6174e+02
6.6289e+02
6.6391e+02
6.6483e+02
6.6564e+02
6.6635e+02
6.6696e+02
6.6747e+02
6.6789e+02
6.6824e+02
6.6854e+02
6.6876e+02
6.6891e+02
6.6896e+02
6.6891e+02
6.6875e+02
6.6846e+02
6.6805e+02
6.6753e+02
6.6692e+02
6.6627e+02
6.6561e+02
6.6498e+02
6.6441e+02
6.6395e+02
6.6360e+02
6.6338e+02
6.6326e+02
6.6324e+02
6.6329e+02
6.6341e+02
6.6359e+02
6.6383e+02
6.6415e+02
6.6456e+02
6.6511e+02
6.6583e+02
6.6673e+02
6.6785e+02
6.6919e+02
6.7073e+02
6.7243e+02
6.7424e+02
6.7608e+02
6.7789e+02
6.7956e+02
6.8103e+02
6.8222e+02
6.8308e+02
6.8357e+02
6.8368e+02
6.8342e+02
6.8282e+02
6.8191e+02
6.8076e+02
6.7940e+02
6.7789e+02
6.7628e+02
6.7462e+02
6.7295e+02
6.7129e+02
6.6967e+02
6.6810e+02
6.6658e+02
6.6512e+02
6.6372e+02
6.6237e+02
6.6106e+02
6.5982e+02
6.5870e+02
6.5777e+02
6.5711e+02
6.5684e+02
6.5708e+02
6.5796e+02
6.5961e+02
6.6212e+02
6.6553e+02
6.6982e+02
6.7491e+02
6.8061e+02
6.8671e+02
6.9290e+02
6.9888e+02
7.0436e+02
7.0905e+02
7.1276e+02
7.1533e+02
7.1671e+02
7.1693e+02
7.1611e+02
7.1440e+02
7.1202e+02
7.0917e+02
7.0604e+02
7.0281e+02
6.9962e+02
6.9658e+02
6.9375e+02
6.9115e+02
6.8875e+02
6.8655e+02
6.8453e+02
6.8266e+02
6.8095e+02
6.7940e+02
6.7802e+02
6.7681e+02
6.7577e+02
6.7491e+02
6.7423e+02
6.7373e+02
6.7337e+02
6.7315e+02
6.7301e+02
6.7291e+02
6.7283e+02
6.7276e+02
6.7275e+02
6.7286e+02
6.7319e+02
6.7385e+02
6.7497e+02
6.7671e+02
6.7918e+02
6.8250e+02
6.8674e+02
6.9188e+02
6.9782e+02
7.0438e+02
7.1135e+02
7.1844e+02
7.2532e+02
7.3169e+02
7.3724e+02
7.4172e+02
7.4497e+02
7.4693e+02
7.4768e+02
7.4735e+02
7.4620e+02
7.4453e+02
7.4269e+02
7.4103e+02
7.3987e+02
7.3947e+02
7.4001e+02
7.4156e+02
7.4407e+02
7.4741e+02
7.5134e+02
7.5558e+02
7.5981e+02
7.6374e+02
7.6707e+02
7.6957e+02
7.7103e+02
7.7132e+02
7.7038e+02
7.6823e+02
7.6491e+02
7.6051e+02
7.5512e+02
7.4887e+02
7.4190e+02
7.3435e+02
7.2639e+02
7.1817e+02
7.0986e+02
7.0160e+02
6.9354e+02
6.8585e+02
6.7866e+02
6.7209e+02
6.6623e+02
6.6115e+02
6.5688e+02
6.5342e+02
6.5074e+02
6.4877e+02
6.4744e+02
6.4663e+02
6.4625e+02
6.4617e+02
6.4627e+02
6.4643e+02
6.4656e+02
6.4658e+02
6.4645e+02
6.4614e+02
6.4565e+02
6.4501e+02
6.4425e+02
6.4344e+02
6.4265e+02
6.4191e+02
6.4128e+02
6.4078e+02
6.4042e+02
6.4019e+02
6.4007e+02
6.4004e+02
6.4011e+02
6.4026e+02
6.4051e+02
6.4090e+02
6.4146e+02
6.4227e+02
6.4335e+02
6.4479e+02
6.4660e+02
6.4880e+02
6.5141e+02
6.5439e+02
6.5774e+02
6.6139e+02
6.6532e+02
6.6948e+02
6.7386e+02
6.7845e+02
6.8323e+02
6.8819e+02
6.9331e+02
6.9857e+02
7.0389e+02
7.0922e+02
7.1444e+02
7.1944e+02
7.2407e+02
7.2815e+02
7.3152e+02
7.3401e+02
7.3548e+02
7.3581e+02
7.3492e+02
7.3278e+02
7.2939e+02
7.2482e+02
7.1920e+02
7.1273e+02
7.0562e+02
6.9816e+02
6.9064e+02
6.8334e+02
6.7655e+02
6.7047e+02
6.6530e+02
6.6112e+02
6.5799e+02
6.5585e+02
6.5458e+02
6.5401e+02
6.5393e+02
6.5410e+02
6.5431e+02
6.5436e+02
6.5406e+02
6.5328e+02
6.5194e+02
6.5001e+02
6.4752e+02
6.4456e+02
6.4129e+02
6.3787e+02
6.3449e+02
6.3134e+02
6.2862e+02
6.2648e+02
6.2506e+02
6.2443e+02
6.2460e+02
6.2552e+02
6.2705e+02
6.2903e+02
6.3127e+02
6.3354e+02
6.3565e+02
6.3742e+02
6.3874e+02
6.3951e+02
6.3973e+02
6.3943e+02
6.3871e+02
6.3772e+02
6.3660e+02
6.3554e+02
6.3467e+02
6.3412e+02
6.3398e+02
6.3429e+02
6.3509e+02
6.3636e+02
6.3806e+02
6.4010e+02
6.4244e+02
6.4499e+02
6.4771e+02
6.5054e+02
6.5346e+02
6.5647e+02
6.5956e+02
6.6274e+02
6.6603e+02
6.6943e+02
6.7293e+02
6.7651e+02
6.8011e+02
6.8367e+02
6.8713e+02
6.9039e+02
6.9338e+02
6.9603e+02
6.9831e+02
7.0018e+02
7.0163e+02
7.0268e+02
7.0334e+02
7.0362e+02
7.0350e+02
7.0298e+02
7.0200e+02
7.0053e+02
6.9850e+02
6.9583e+02
6.9246e+02
6.8834e+02
6.8344e+02
6.7780e+02
6.7146e+02
6.6452e+02
6.5710e+02
6.4935e+02
6.4141e+02
6.3345e+02
6.2561e+02
6.1810e+02
6.1109e+02
6.0480e+02
5.9940e+02
5.9511e+02
5.9210e+02
5.9054e+02
5.9054e+02
5.9217e+02
5.9542e+02
6.0019e+02
6.0630e+02
6.1345e+02
6.2131e+02
6.2950e+02
6.3761e+02
6.4525e+02
6.5203e+02
6.5764e+02
6.6185e+02
6.6451e+02
6.6555e+02
6.6500e+02
6.6294e+02
6.5952e+02
6.5494e+02
6.4940e+02
6.4316e+02
6.3648e+02
6.2960e+02
6.2278e+02
6.1623e+02
6.1011e+02
6.0460e+02
5.9980e+02
5.9579e+02
5.9261e+02
5.9025e+02
5.8866e+02
5.8778e+02
5.8752e+02
5.8776e+02
5.8838e+02
5.8926e+02
5.9031e+02
5.9143e+02
5.9253e+02
5.9353e+02
5.9439e+02
5.9509e+02
5.9559e+02
5.9589e+02
5.9600e+02
5.9594e+02
5.9572e+02
5.9534e+02
5.9483e+02
5.9419e+02
5.9342e+02
5.9254e+02
5.9159e+02
5.9060e+02
5.8966e+02
5.8885e+02
5.8827e+02
5.8802e+02
5.8824e+02
5.8902e+02
5.9041e+02
5.9239e+02
5.9490e+02
5.9780e+02
6.0087e+02
6.0390e+02
6.0658e+02
6.0864e+02
6.0985e+02
6.1000e+02
6.0902e+02
6.0689e+02
6.0370e+02
5.9964e+02
5.9495e+02
5.8991e+02
5.8481e+02
5.7992e+02
5.7551e+02
5.7175e+02
5.6878e+02
5.6671e+02
5.6554e+02
5.6528e+02
5.6587e+02
5.6723e+02
5.6930e+02
5.7200e+02
5.7524e+02
5.7890e+02
5.8287e+02
5.8704e+02
5.9129e+02
5.9550e+02
5.9958e+02
6.0344e+02
6.0702e+02
6.1027e+02
6.1317e+02
6.1573e+02
6.1795e+02
6.1989e+02
6.2163e+02
6.2327e+02
6.2492e+02
6.2670e+02
6.2875e+02
6.3121e+02
6.3423e+02
6.3790e+02
6.4229e+02
6.4745e+02
6.5334e+02
6.5981e+02
6.6666e+02
6.7361e+02
6.8031e+02
6.8640e+02
6.9150e+02
6.9524e+02
6.9737e+02
6.9767e+02
6.9610e+02
6.9271e+02
6.8767e+02
6.8127e+02
6.7384e+02
6.6577e+02
6.5748e+02
6.4936e+02
6.4173e+02
6.3486e+02
6.2893e+02
6.2399e+02
6.2005e+02
6.1702e+02
6.1481e+02
6.1324e+02
6.1217e+02
6.1143e+02
6.1090e+02
6.1045e+02
6.0998e+02
6.0942e+02
6.0873e+02
6.0792e+02
6.0698e+02
6.0594e+02
6.0481e+02
6.0363e+02
6.0243e+02
6.0122e+02
6.0003e+02
5.9886e+02
5.9771e+02
5.9658e+02
5.9543e+02
5.9423e+02
5.9294e+02
5.9150e+02
5.8986e+02
5.8796e+02
5.8577e+02
5.8326e+02
5.8042e+02
5.7723e+02
5.7374e+02
5.7003e+02
5.6621e+02
5.6241e+02
5.5881e+02
5.5554e+02
5.5278e+02
5.5068e+02
5.4935e+02
5.4888e+02
5.4928e+02
5.5053e+02
5.5252e+02
5.5511e+02
5.5810e+02
5.6131e+02
5.6452e+02
5.6754e+02
5.7021e+02
5.7239e+02
5.7402e+02
5.7504e+02
5.7547e+02
5.7536e+02
5.7476e+02
5.7376e+02
5.7249e+02
5.7104e+02
5.6951e+02
5.6802e+02
5.6666e+02
5.6551e+02
5.6461e+02
5.6397e+02
5.6360e+02
5.6345e+02
5.6348e+02
5.6360e+02
5.6372e+02
5.6373e+02
5.6354e+02
5.6307e+02
5.6228e+02
5.6116e+02
5.5977e+02
5.5822e+02
5.5668e+02
5.5535e+02
5.5447e+02
5.5426e+02
5.5490e+02
5.5654e+02
5.5925e+02
5.6299e+02
5.6766e+02
5.7304e+02
5.7883e+02
5.8469e+02
5.9025e+02
5.9515e+02
5.9911e+02
6.0190e+02
6.0340e+02
6.0358e+02
6.0255e+02
6.0048e+02
5.9760e+02
5.9418e+02
5.9049e+02
5.8676e+02
5.8319e+02
5.7993e+02
5.7705e+02
5.7460e+02
5.7256e+02
5.7084e+02
5.6929e+02
5.6777e+02
5.6608e+02
5.6404e+02
5.6148e+02
5.5824e+02
5.5420e+02
5.4928e+02
5.4347e+02
5.3682e+02
5.2946e+02
5.2160e+02
5.1348e+02
5.0540e+02
4.9764e+02
4.9049e+02
4.8416e+02
4.7885e+02
4.7464e+02
4.7155e+02
4.6955e+02
4.6857e+02
4.6852e+02
4.6933e+02
4.7093e+02
4.7328e+02
4.7639e+02
4.8028e+02
4.8494e+02
4.9043e+02
4.9677e+02
5.0394e+02
5.1186e+02
5.2042e+02
5.2941e+02
5.3864e+02
5.4785e+02
5.5683e+02
5.6535e+02
5.7322e+02
5.8033e+02
5.8657e+02
5.9195e+02
5.9648e+02
6.0024e+02
6.0332e+02
6.0583e+02
6.0788e+02
6.0957e+02
6.1098e+02
6.1217e+02
6.1320e+02
6.1410e+02
6.1486e+02
6.1549e+02
6.1599e+02
6.1635e+02
6.1659e+02
6.1671e+02
6.1673e+02
6.1667e+02
6.1654e+02
6.1639e+02
6.1623e+02
6.1609e+02
6.1600e+02
6.1596e+02
6.1601e+02
6.1613e+02
6.1633e+02
6.1661e+02
6.1695e+02
6.1734e+02
6.1774e+02
6.1810e+02
6.1840e+02
6.1859e+02
6.1861e+02
6.1841e+02
6.1796e+02
6.1724e+02
6.1623e+02
6.1495e+02
6.1342e+02
6.1167e+02
6.0977e+02
6.0777e+02
6.0571e+02
6.0362e+02
6.0151e+02
5.9936e+02
5.9715e+02
5.9480e+02
5.9229e+02
5.8954e+02
5.8655e+02
5.8330e+02
5.7982e+02
5.7618e+02
5.7250e+02
5.6888e+02
5.6547e+02
5.6238e+02
5.5974e+02
5.5760e+02
5.5601e+02
5.5495e+02
5.5438e+02
5.5422e+02
5.5440e+02
5.5481e+02
5.5536e+02
5.5598e+02
5.5663e+02
5.5726e+02
5.5787e+02
5.5844e+02
5.5899e+02
5.5956e+02
5.6016e+02
5.6084e+02
5.6163e+02
5.6255e+02
5.6363e+02
5.6487e+02
5.6631e+02
5.6794e+02
5.6977e+02
5.7177e+02
5.7392e+02
5.7617e+02
5.7846e+02
5.8074e+02
5.8291e+02
5.8492e+02
5.8668e+02
5.8815e+02
5.8930e+02
5.9014e+02
5.9068e+02
5.9099e+02
5.9114e+02
5.9121e+02
5.9129e+02
5.9147e+02
5.9182e+02
5.9239e+02
5.9318e+02
5.9417e+02
5.9531e+02
5.9654e+02
5.9776e+02
5.9889e+02
5.9986e+02
6.0061e+02
6.0114e+02
6.0143e+02
6.0154e+02
6.0150e+02
6.0141e+02
6.0135e+02
6.0138e+02
6.0157e+02
6.0194e+02
6.0251e+02
6.0330e+02
6.0428e+02
6.0545e+02
6.0680e+02
6.0835e+02
6.1016e+02
6.1229e+02
6.1483e+02
6.1783e+02
6.2133e+02
6.2529e+02
6.2963e+02
6.3420e+02
6.3875e+02
6.4299e+02
6.4656e+02
6.4909e+02
6.5031e+02
6.5003e+02
6.4818e+02
6.4486e+02
6.4033e+02
6.3500e+02
6.2938e+02
6.2405e+02
6.1957e+02
6.1644e+02
6.1503e+02
6.1553e+02
6.1797e+02
6.2217e+02
6.2781e+02
6.3446e+02
6.4162e+02
6.4880e+02
6.5555e+02
6.6152e+02
6.6645e+02
6.7015e+02
6.7255e+02
6.7367e+02
6.7357e+02
6.7234e+02
6.7002e+02
6.6670e+02
6.6246e+02
6.5741e+02
6.5170e+02
6.4552e+02
6.3907e+02
6.3260e+02
6.2642e+02
6.2081e+02
6.1607e+02
6.1242e+02
6.1002e+02
6.0893e+02
6.0909e+02
6.1037e+02
6.1255e+02
6.1537e+02
6.1856e+02
6.2182e+02
6.2495e+02
6.2778e+02
6.3022e+02
6.3228e+02
6.3400e+02
6.3549e+02
6.3691e+02
6.3845e+02
6.4025e+02
6.4244e+02
6.4510e+02
6.4827e+02
6.5190e+02
6.5592e+02
6.6020e+02
6.6458e+02
6.6887e+02
6.7289e+02
6.7648e+02
6.7947e+02
6.8175e+02
6.8326e+02
6.8394e+02
6.8381e+02
6.8291e+02
6.8132e+02
6.7912e+02
6.7644e+02
6.7340e+02
6.7013e+02
6.6677e+02
6.6345e+02
6.6030e+02
6.5741e+02
6.5485e+02
6.5267e+02
6.5087e+02
6.4944e+02
6.4829e+02
6.4733e+02
6.4644e+02
6.4549e+02
6.4438e+02
6.4302e+02
6.4133e+02
6.3932e+02
6.3699e+02
6.3442e+02
6.3171e+02
6.2900e+02
6.2643e+02
6.2414e+02
6.2226e+02
6.2089e+02
6.2007e+02
6.1986e+02
6.2021e+02
6.2108e+02
6.2236e+02
6.2393e+02
6.2565e+02
6.2739e+02
6.2900e+02
6.3038e+02
6.3142e+02
6.3207e+02
6.3232e+02
6.3220e+02
6.3177e+02
6.3112e+02
6.3036e+02
6.2961e+02
6.2899e+02
6.2859e+02
6.2848e+02
6.2872e+02
6.2930e+02
6.3021e+02
6.3138e+02
6.3273e+02
6.3415e+02
6.3549e+02
6.3661e+02
6.3736e+02
6.3760e+02
6.3721e+02
6.3612e+02
6.3428e+02
6.3167e+02
6.2837e+02
6.2444e+02
6.2003e+02
6.1529e+02
6.1040e+02
6.0559e+02
6.0108e+02
5.9710e+02
5.9382e+02
5.9143e+02
5.9003e+02
5.8974e+02
5.9060e+02
5.9261e+02
5.9574e+02
5.9987e+02
6.0483e+02
6.1042e+02
6.1640e+02
6.2252e+02
6.2850e+02
6.3413e+02
6.3921e+02
6.4362e+02
6.4729e+02
6.5025e+02
6.5257e+02
6.5437e+02
6.5582e+02
6.5706e+02
6.5825e+02
6.5945e+02
6.6073e+02
6.6208e+02
6.6346e+02
6.6478e+02
6.6593e+02
6.6680e+02
6.6725e+02
6.6717e+02
6.6646e+02
6.6508e+02
6.6296e+02
6.6007e+02
6.5634e+02
6.5176e+02
6.4632e+02
6.4005e+02
6.3300e+02
6.2530e+02
6.1707e+02
6.0850e+02
5.9978e+02
5.9110e+02
5.8266e+02
5.7465e+02
5.6720e+02
5.6039e+02
5.5425e+02
5.4879e+02
5.4399e+02
5.3982e+02
5.3628e+02
5.3339e+02
5.3117e+02
5.2970e+02
5.2903e+02
5.2922e+02
5.3029e+02
5.3228e+02
5.3514e+02
5.3876e+02
5.4297e+02
5.4756e+02
5.5230e+02
5.5696e+02
5.6133e+02
5.6524e+02
5.6857e+02
5.7124e+02
5.7325e+02
5.7466e+02
5.7555e+02
5.7603e+02
5.7621e+02
5.7617e+02
5.7598e+02
5.7569e+02
5.7529e+02
5.7480e+02
5.7420e+02
5.7348e+02
5.7261e+02
5.7157e+02
5.7037e+02
5.6903e+02
5.6759e+02
5.6609e+02
5.6459e+02
5.6313e+02
5.6177e+02
5.6055e+02
5.5951e+02
5.5869e+02
5.5814e+02
5.5788e+02
5.5795e+02
5.5839e+02
5.5922e+02
5.6045e+02
5.6209e+02
5.6411e+02
5.6648e+02
5.6911e+02
5.7194e+02
5.7487e+02
5.7781e+02
5.8068e+02
5.8337e+02
5.8582e+02
5.8797e+02
5.8979e+02
5.9128e+02
5.9246e+02
5.9335e+02
5.9400e+02
5.9445e+02
5.9472e+02
5.9482e+02
5.9474e+02
5.9444e+02
5.9390e+02
5.9305e+02
5.9185e+02
5.9028e+02
5.8834e+02
5.8605e+02
5.8350e+02
5.8076e+02
5.7796e+02
5.7524e+02
5.7270e+02
5.7046e+02
5.6859e+02
5.6712e+02
5.6605e+02
5.6531e+02
5.6483e+02
5.6451e+02
5.6426e+02
5.6399e+02
5.6362e+02
5.6311e+02
5.6246e+02
5.6168e+02
5.6086e+02
5.6009e+02
5.5947e+02
5.5916e+02
5.5927e+02
5.5993e+02
5.6126e+02
5.6333e+02
5.6618e+02
5.6981e+02
5.7417e+02
5.7916e+02
5.8464e+02
5.9043e+02
5.9631e+02
6.0209e+02
6.0756e+02
6.1253e+02
6.1685e+02
6.2042e+02
6.2319e+02
6.2516e+02
6.2633e+02
6.2680e+02
6.2662e+02
6.2594e+02
6.2491e+02
6.2369e+02
6.2246e+02
6.2138e+02
6.2064e+02
6.2040e+02
6.2081e+02
6.2198e+02
6.2400e+02
6.2692e+02
6.3074e+02
6.3542e+02
6.4085e+02
6.4692e+02
6.5347e+02
6.6034e+02
6.6738e+02
6.7441e+02
6.8128e+02
6.8777e+02
6.9367e+02
6.9874e+02
7.0277e+02
7.0549e+02
7.0667e+02
7.0608e+02
7.0355e+02
6.9903e+02
6.9251e+02
6.8415e+02
6.7419e+02
6.6298e+02
6.5095e+02
6.3856e+02
6.2630e+02
6.1458e+02
6.0373e+02
5.9393e+02
5.8528e+02
5.7770e+02
5.7103e+02
5.6500e+02
5.5933e+02
5.5373e+02
5.4801e+02
5.4204e+02
5.3579e+02
5.2935e+02
5.2287e+02
5.1658e+02
5.1080e+02
5.0580e+02
5.0181e+02
4.9896e+02
4.9731e+02
4.9681e+02
4.9731e+02
4.9862e+02
5.0048e+02
5.0265e+02
5.0489e+02
5.0700e+02
5.0883e+02
5.1030e+02
5.1137e+02
5.1204e+02
5.1234e+02
5.1235e+02
5.1211e+02
5.1167e+02
5.1108e+02
5.1036e+02
5.0958e+02
5.0882e+02
5.0814e+02
5.0763e+02
5.0737e+02
5.0749e+02
5.0808e+02
5.0920e+02
5.1090e+02
5.1318e+02
5.1598e+02
5.1921e+02
5.2273e+02
5.2634e+02
5.2984e+02
5.3301e+02
5.3563e+02
5.3752e+02
5.3852e+02
5.3852e+02
5.3744e+02
5.3529e+02
5.3212e+02
5.2806e+02
5.2330e+02
5.1803e+02
5.1251e+02
5.0699e+02
5.0172e+02
4.9694e+02
4.9284e+02
4.8954e+02
4.8712e+02
4.8560e+02
4.8500e+02
4.8532e+02
4.8653e+02
4.8862e+02
4.9160e+02
4.9555e+02
5.0057e+02
5.0682e+02
5.1447e+02
5.2368e+02
5.3466e+02
5.4754e+02
5.6237e+02
5.7910e+02
5.9738e+02
6.1653e+02
6.3564e+02
6.5364e+02
6.6922e+02
6.8097e+02
6.8746e+02
6.8738e+02
6.7971e+02
6.6382e+02
6.3959e+02
6.0746e+02
5.6842e+02
5.2396e+02
4.7593e+02
