4.6652e+02
4.7300e+02
4.7919e+02
4.8492e+02
4.9012e+02
4.9472e+02
4.9873e+02
5.0215e+02
5.0501e+02
5.0733e+02
5.0914e+02
5.1043e+02
5.1115e+02
5.1128e+02
5.1077e+02
5.0966e+02
5.0799e+02
5.0584e+02
5.0340e+02
5.0087e+02
4.9853e+02
4.9667e+02
4.9556e+02
4.9542e+02
4.9638e+02
4.9846e+02
5.0158e+02
5.0556e+02
5.1012e+02
5.1493e+02
5.1966e+02
5.2397e+02
5.2759e+02
5.3032e+02
5.3204e+02
5.3272e+02
5.3238e+02
5.3106e+02
5.2887e+02
5.2591e+02
5.2224e+02
5.1790e+02
5.1291e+02
5.0730e+02
5.0105e+02
4.9417e+02
4.8670e+02
4.7872e+02
4.7036e+02
4.6181e+02
4.5325e+02
4.4491e+02
4.3701e+02
4.2976e+02
4.2330e+02
4.1777e+02
4.1322e+02
4.0967e+02
4.0714e+02
4.0560e+02
4.0503e+02
4.0537e+02
4.0663e+02
4.0881e+02
4.1191e+02
4.1598e+02
4.2102e+02
4.2705e+02
4.3406e+02
4.4201e+02
4.5079e+02
4.6023e+02
4.7013e+02
4.8025e+02
4.9033e+02
5.0011e+02
5.0936e+02
5.1787e+02
5.2548e+02
5.3209e+02
5.3767e+02
5.4223e+02
5.4582e+02
5.4852e+02
5.5043e+02
5.5166e+02
5.5234e+02
5.5257e+02
5.5245e+02
5.5203e+02
5.5137e+02
5.5051e+02
5.4950e+02
5.4838e+02
5.4717e+02
5.4588e+02
5.4446e+02
5.4283e+02
5.4089e+02
5.3849e+02
5.3549e+02
5.3175e+02
5.2712e+02
5.2151e+02
5.1489e+02
5.0732e+02
4.9892e+02
4.8992e+02
4.8059e+02
4.7128e+02
4.6233e+02
4.5409e+02
4.4687e+02
4.4093e+02
4.3644e+02
4.3347e+02
4.3198e+02
4.3187e+02
4.3295e+02
4.3503e+02
4.3786e+02
4.4118e+02
4.4477e+02
4.4842e+02
4.5192e+02
4.5514e+02
4.5796e+02
4.6029e+02
4.6212e+02
4.6344e+02
4.6425e+02
4.6458e+02
4.6446e+02
4.6393e+02
4.6302e+02
4.6177e+02
4.6016e+02
4.5820e+02
4.5589e+02
4.5321e+02
4.5016e+02
4.4675e+02
4.4305e+02
4.3916e+02
4.3526e+02
4.3157e+02
4.2837e+02
4.2596e+02
4.2464e+02
4.2468e+02
4.2631e+02
4.2965e+02
4.3473e+02
4.4142e+02
4.4944e+02
4.5843e+02
4.6792e+02
4.7739e+02
4.8629e+02
4.9413e+02
5.0047e+02
5.0501e+02
5.0756e+02
5.0809e+02
5.0671e+02
5.0369e+02
4.9940e+02
4.9428e+02
4.8881e+02
4.8348e+02
4.7870e+02
4.7479e+02
4.7197e+02
4.7034e+02
4.6982e+02
4.7028e+02
4.7144e+02
4.7297e+02
4.7451e+02
4.7570e+02
4.7625e+02
4.7593e+02
4.7461e+02
4.7227e+02
4.6902e+02
4.6502e+02
4.6054e+02
4.5582e+02
4.5113e+02
4.4670e+02
4.4269e+02
4.3922e+02
4.3632e+02
4.3396e+02
4.3208e+02
4.3058e+02
4.2938e+02
4.2834e+02
4.2741e+02
4.2654e+02
4.2567e+02
4.2482e+02
4.2402e+02
4.2334e+02
4.2282e+02
4.2251e+02
4.2241e+02
4.2253e+02
4.2288e+02
4.2346e+02
4.2426e+02
4.2524e+02
4.2638e+02
4.2763e+02
4.2898e+02
4.3039e+02
4.3184e+02
4.3332e+02
4.3481e+02
4.3631e+02
4.3781e+02
4.3930e+02
4.4078e+02
4.4226e+02
4.4374e+02
4.4525e+02
4.4679e+02
4.4837e+02
4.5001e+02
4.5174e+02
4.5358e+02
4.5555e+02
4.5766e+02
4.5991e+02
4.6230e+02
4.6479e+02
4.6735e+02
4.6994e+02
4.7249e+02
4.7496e+02
4.7729e+02
4.7944e+02
4.8135e+02
4.8299e+02
4.8435e+02
4.8542e+02
4.8626e+02
4.8694e+02
4.8757e+02
4.8828e+02
4.8923e+02
4.9060e+02
4.9257e+02
4.9531e+02
4.9891e+02
5.0342e+02
5.0886e+02
5.1512e+02
5.2205e+02
5.2942e+02
5.3694e+02
5.4429e+02
5.5116e+02
5.5724e+02
5.6230e+02
5.6619e+02
5.6886e+02
5.7033e+02
5.7072e+02
5.7023e+02
5.6909e+02
5.6753e+02
5.6583e+02
5.6419e+02
5.6280e+02
5.6180e+02
5.6127e+02
5.6123e+02
5.6164e+02
5.6242e+02
5.6351e+02
5.6484e+02
5.6632e+02
5.6791e+02
5.6957e+02
5.7128e+02
5.7307e+02
5.7493e+02
5.7689e+02
5.7895e+02
5.8109e+02
5.8323e+02
5.8528e+02
5.8710e+02
5.8853e+02
5.8938e+02
5.8946e+02
5.8858e+02
5.8662e+02
5.8350e+02
5.7924e+02
5.7392e+02
5.6772e+02
5.6086e+02
5.5362e+02
5.4631e+02
5.3920e+02
5.3256e+02
5.2660e+02
5.2144e+02
5.1717e+02
5.1377e+02
5.1119e+02
5.0937e+02
5.0822e+02
5.0767e+02
5.0767e+02
5.0821e+02
5.0930e+02
5.1097e+02
5.1326e+02
5.1620e+02
5.1982e+02
5.2409e+02
5.2896e+02
5.3430e+02
5.3998e+02
5.4583e+02
5.5168e+02
5.5734e+02
5.6265e+02
5.6748e+02
5.7173e+02
5.7534e+02
5.7830e+02
5.8063e+02
5.8238e+02
5.8364e+02
5.8447e+02
5.8494e+02
5.8515e+02
5.8516e+02
5.8503e+02
5.8481e+02
5.8456e+02
5.8427e+02
5.8392e+02
5.8347e+02
5.8285e+02
5.8199e+02
5.8077e+02
5.7907e+02
5.7676e+02
5.7375e+02
5.6994e+02
5.6530e+02
5.5986e+02
5.5369e+02
5.4694e+02
5.3982e+02
5.3258e+02
5.2548e+02
5.1878e+02
5.1273e+02
5.0753e+02
5.0332e+02
5.0014e+02
4.9801e+02
4.9686e+02
4.9656e+02
4.9700e+02
4.9799e+02
4.9939e+02
5.0103e+02
5.0280e+02
5.0457e+02
5.0625e+02
5.0779e+02
5.0916e+02
5.1033e+02
5.1127e+02
5.1191e+02
5.1221e+02
5.1215e+02
5.1170e+02
5.1085e+02
5.0961e+02
5.0802e+02
5.0614e+02
5.0407e+02
5.0195e+02
4.9994e+02
4.9821e+02
4.9690e+02
4.9616e+02
4.9608e+02
4.9670e+02
4.9803e+02
4.9998e+02
5.0244e+02
5.0524e+02
5.0822e+02
5.1118e+02
5.1397e+02
5.1645e+02
5.1857e+02
5.2027e+02
5.2159e+02
5.2257e+02
5.2331e+02
5.2388e+02
5.2439e+02
5.2494e+02
5.2560e+02
5.2642e+02
5.2741e+02
5.2855e+02
5.2981e+02
5.3116e+02
5.3254e+02
5.3391e+02
5.3521e+02
5.3640e+02
5.3745e+02
5.3840e+02
5.3927e+02
5.4014e+02
5.4111e+02
5.4230e+02
5.4386e+02
5.4590e+02
5.4857e+02
5.5194e+02
5.5606e+02
5.6092e+02
5.6643e+02
5.7245e+02
5.7878e+02
5.8519e+02
5.9141e+02
5.9721e+02
6.0236e+02
6.0671e+02
6.1013e+02
6.1260e+02
6.1414e+02
6.1481e+02
6.1474e+02
6.1404e+02
6.1285e+02
6.1127e+02
6.0938e+02
6.0724e+02
6.0488e+02
6.0228e+02
5.9941e+02
5.9625e+02
5.9279e+02
5.8906e+02
5.8508e+02
5.8095e+02
5.7675e+02
5.7260e+02
5.6863e+02
5.6493e+02
5.6161e+02
5.5872e+02
5.5627e+02
5.5427e+02
5.5265e+02
5.5135e+02
5.5026e+02
5.4929e+02
5.4833e+02
5.4730e+02
5.4614e+02
5.4481e+02
5.4328e+02
5.4155e+02
5.3965e+02
5.3763e+02
5.3552e+02
5.3338e+02
5.3124e+02
5.2915e+02
5.2713e+02
5.2520e+02
5.2339e+02
5.2171e+02
5.2016e+02
5.1876e+02
5.1752e+02
5.1644e+02
5.1553e+02
5.1482e+02
5.1433e+02
5.1413e+02
5.1428e+02
5.1484e+02
5.1588e+02
5.1747e+02
5.1964e+02
5.2239e+02
5.2570e+02
5.2950e+02
5.3367e+02
5.3807e+02
5.4251e+02
5.4678e+02
5.5067e+02
5.5398e+02
5.5655e+02
5.5824e+02
5.5901e+02
5.5882e+02
5.5773e+02
5.5585e+02
5.5331e+02
5.5026e+02
5.4686e+02
5.4325e+02
5.3957e+02
5.3592e+02
5.3237e+02
5.2894e+02
5.2549e+02
5.2175e+02
5.1736e+02
5.1189e+02
5.0483e+02
4.9563e+02
4.8379e+02
4.6886e+02
4.5051e+02
4.2861e+02
4.0322e+02
3.7471e+02
3.4362e+02
3.1071e+02
2.7687e+02
2.4304e+02
2.1014e+02
1.7899e+02
1.5027e+02
1.2444e+02
1.0175e+02
8.2249e+01
6.5774e+01
5.2043e+01
4.0684e+01
3.1310e+01
2.3551e+01
1.7080e+01
1.1630e+01
7.0489e+00
3.3703e+00
8.7271e-01
0000
1.2925e+00
5.3827e+00
1.2937e+01
2.4603e+01
4.0910e+01
6.2207e+01
8.8601e+01
1.1988e+02
1.5547e+02
1.9451e+02
2.3585e+02
2.7818e+02
3.2013e+02
3.6041e+02
3.9787e+02
4.3164e+02
4.6118e+02
4.8627e+02
5.0699e+02
5.2369e+02
5.3690e+02
5.4725e+02
5.5537e+02
5.6180e+02
5.6698e+02
5.7124e+02
5.7480e+02
5.7772e+02
5.7997e+02
5.8144e+02
5.8202e+02
5.8167e+02
5.8037e+02
5.7817e+02
5.7513e+02
5.7142e+02
5.6719e+02
5.6263e+02
5.5794e+02
5.5330e+02
5.4888e+02
5.4482e+02
5.4120e+02
5.3813e+02
5.3568e+02
5.3391e+02
5.3286e+02
5.3255e+02
5.3301e+02
5.3426e+02
5.3637e+02
5.3939e+02
5.4342e+02
5.4858e+02
5.5500e+02
5.6281e+02
5.7215e+02
5.8313e+02
5.9584e+02
6.1032e+02
6.2655e+02
6.4440e+02
6.6363e+02
6.8390e+02
7.0477e+02
7.2575e+02
7.4629e+02
7.6577e+02
7.8353e+02
7.9889e+02
8.1125e+02
8.2006e+02
8.2489e+02
8.2541e+02
8.2142e+02
8.1286e+02
7.9988e+02
7.8279e+02
7.6212e+02
7.3854e+02
7.1289e+02
6.8608e+02
6.5905e+02
6.3270e+02
6.0784e+02
5.8514e+02
5.6509e+02
5.4796e+02
5.3382e+02
5.2259e+02
5.1402e+02
5.0777e+02
5.0348e+02
5.0076e+02
4.9930e+02
4.9882e+02
4.9908e+02
4.9988e+02
5.0108e+02
5.0260e+02
5.0437e+02
5.0630e+02
5.0831e+02
5.1028e+02
5.1212e+02
5.1375e+02
5.1511e+02
5.1616e+02
5.1690e+02
5.1732e+02
5.1745e+02
5.1733e+02
5.1700e+02
5.1652e+02
5.1591e+02
5.1522e+02
5.1448e+02
5.1371e+02
5.1294e+02
5.1221e+02
5.1152e+02
5.1089e+02
5.1031e+02
5.0977e+02
5.0926e+02
5.0873e+02
5.0815e+02
5.0746e+02
5.0663e+02
5.0560e+02
5.0432e+02
5.0278e+02
5.0096e+02
4.9889e+02
4.9660e+02
4.9416e+02
4.9164e+02
4.8912e+02
4.8671e+02
4.8449e+02
4.8257e+02
4.8101e+02
4.7988e+02
4.7920e+02
4.7899e+02
4.7925e+02
4.7993e+02
4.8098e+02
4.8232e+02
4.8386e+02
4.8550e+02
4.8713e+02
4.8867e+02
4.9002e+02
4.9109e+02
4.9184e+02
4.9222e+02
4.9220e+02
4.9179e+02
4.9101e+02
4.8990e+02
4.8855e+02
4.8700e+02
4.8536e+02
4.8369e+02
4.8208e+02
4.8060e+02
4.7930e+02
4.7822e+02
4.7736e+02
4.7673e+02
4.7634e+02
4.7622e+02
4.7642e+02
4.7699e+02
4.7800e+02
4.7954e+02
4.8172e+02
4.8463e+02
4.8835e+02
4.9291e+02
4.9830e+02
5.0442e+02
5.1114e+02
5.1825e+02
5.2545e+02
5.3242e+02
5.3884e+02
5.4439e+02
5.4878e+02
5.5179e+02
5.5326e+02
5.5311e+02
5.5137e+02
5.4812e+02
5.4353e+02
5.3783e+02
5.3126e+02
5.2412e+02
5.1669e+02
5.0924e+02
5.0200e+02
4.9517e+02
4.8888e+02
4.8323e+02
4.7827e+02
4.7402e+02
4.7046e+02
4.6755e+02
4.6523e+02
4.6341e+02
4.6202e+02
4.6098e+02
4.6021e+02
4.5959e+02
4.5906e+02
4.5853e+02
4.5796e+02
4.5728e+02
4.5646e+02
4.5546e+02
4.5430e+02
4.5299e+02
4.5156e+02
4.5008e+02
4.4860e+02
4.4719e+02
4.4588e+02
4.4470e+02
4.4366e+02
4.4274e+02
4.4191e+02
4.4111e+02
4.4030e+02
4.3942e+02
4.3840e+02
4.3722e+02
4.3583e+02
4.3424e+02
4.3246e+02
4.3053e+02
4.2849e+02
4.2639e+02
4.2430e+02
4.2227e+02
4.2034e+02
4.1857e+02
4.1702e+02
4.1570e+02
4.1464e+02
4.1382e+02
4.1320e+02
4.1275e+02
4.1240e+02
4.1210e+02
4.1178e+02
4.1138e+02
4.1081e+02
4.1003e+02
4.0904e+02
4.0782e+02
4.0641e+02
4.0486e+02
4.0322e+02
4.0157e+02
3.9997e+02
3.9851e+02
3.9720e+02
3.9607e+02
3.9512e+02
3.9431e+02
3.9358e+02
3.9290e+02
3.9220e+02
3.9141e+02
3.9049e+02
3.8943e+02
3.8823e+02
3.8688e+02
3.8543e+02
3.8393e+02
3.8245e+02
3.8108e+02
3.7986e+02
3.7886e+02
3.7813e+02
3.7769e+02
3.7756e+02
3.7777e+02
3.7832e+02
3.7919e+02
3.8037e+02
3.8181e+02
3.8352e+02
3.8546e+02
3.8763e+02
3.9000e+02
3.9257e+02
3.9536e+02
3.9839e+02
4.0168e+02
4.0527e+02
4.0918e+02
4.1342e+02
4.1798e+02
4.2285e+02
4.2797e+02
4.3327e+02
4.3862e+02
4.4392e+02
4.4904e+02
4.5387e+02
4.5831e+02
4.6230e+02
4.6581e+02
4.6881e+02
4.7132e+02
4.7335e+02
4.7493e+02
4.7610e+02
4.7686e+02
4.7721e+02
4.7715e+02
4.7667e+02
4.7576e+02
4.7444e+02
4.7274e+02
4.7072e+02
4.6848e+02
4.6612e+02
4.6376e+02
4.6152e+02
4.5952e+02
4.5787e+02
4.5664e+02
4.5589e+02
4.5565e+02
4.5593e+02
4.5674e+02
4.5806e+02
4.5984e+02
4.6205e+02
4.6463e+02
4.6752e+02
4.7066e+02
4.7396e+02
4.7735e+02
4.8078e+02
4.8419e+02
4.8752e+02
4.9069e+02
4.9367e+02
4.9639e+02
4.9883e+02
5.0096e+02
5.0274e+02
5.0411e+02
5.0504e+02
5.0550e+02
5.0549e+02
5.0501e+02
5.0410e+02
5.0281e+02
5.0120e+02
4.9935e+02
4.9735e+02
4.9529e+02
4.9323e+02
4.9122e+02
4.8933e+02
4.8758e+02
4.8601e+02
4.8464e+02
4.8352e+02
4.8267e+02
4.8213e+02
4.8193e+02
4.8212e+02
4.8271e+02
4.8370e+02
4.8510e+02
4.8687e+02
4.8898e+02
4.9135e+02
4.9391e+02
4.9656e+02
4.9923e+02
5.0185e+02
5.0436e+02
5.0670e+02
5.0885e+02
5.1080e+02
5.1253e+02
5.1407e+02
5.1544e+02
5.1670e+02
5.1791e+02
5.1912e+02
5.2044e+02
5.2194e+02
5.2370e+02
5.2579e+02
5.2825e+02
5.3111e+02
5.3433e+02
5.3788e+02
5.4167e+02
5.4560e+02
5.4951e+02
5.5328e+02
5.5676e+02
5.5983e+02
5.6239e+02
5.6438e+02
5.6576e+02
5.6655e+02
5.6678e+02
5.6655e+02
5.6594e+02
5.6507e+02
5.6405e+02
5.6301e+02
5.6206e+02
5.6132e+02
5.6085e+02
5.6073e+02
5.6099e+02
5.6163e+02
5.6266e+02
5.6402e+02
5.6567e+02
5.6753e+02
5.6954e+02
5.7163e+02
5.7373e+02
5.7580e+02
5.7779e+02
5.7971e+02
5.8155e+02
5.8333e+02
5.8506e+02
5.8674e+02
5.8838e+02
5.8998e+02
5.9154e+02
5.9303e+02
5.9444e+02
5.9574e+02
5.9693e+02
5.9799e+02
5.9893e+02
5.9976e+02
6.0051e+02
6.0124e+02
6.0199e+02
6.0283e+02
6.0380e+02
6.0498e+02
6.0639e+02
6.0806e+02
6.1000e+02
6.1217e+02
6.1451e+02
6.1694e+02
6.1934e+02
6.2161e+02
6.2364e+02
6.2531e+02
6.2657e+02
6.2735e+02
6.2766e+02
6.2754e+02
6.2704e+02
6.2626e+02
6.2531e+02
6.2430e+02
6.2333e+02
6.2250e+02
6.2185e+02
6.2141e+02
6.2121e+02
6.2122e+02
6.2144e+02
6.2185e+02
6.2240e+02
6.2306e+02
6.2379e+02
6.2458e+02
6.2539e+02
6.2624e+02
6.2712e+02
6.2802e+02
6.2896e+02
6.2993e+02
6.3096e+02
6.3205e+02
6.3318e+02
6.3434e+02
6.3549e+02
6.3659e+02
6.3757e+02
6.3835e+02
6.3887e+02
6.3907e+02
6.3890e+02
6.3834e+02
6.3740e+02
6.3611e+02
6.3453e+02
6.3271e+02
6.3074e+02
6.2871e+02
6.2667e+02
6.2468e+02
6.2277e+02
6.2094e+02
6.1919e+02
6.1751e+02
6.1589e+02
6.1430e+02
6.1272e+02
6.1114e+02
6.0957e+02
6.0799e+02
6.0644e+02
6.0492e+02
6.0347e+02
6.0209e+02
6.0081e+02
5.9963e+02
5.9856e+02
5.9759e+02
5.9671e+02
5.9589e+02
5.9512e+02
5.9439e+02
5.9368e+02
5.9297e+02
5.9228e+02
5.9161e+02
5.9100e+02
5.9045e+02
5.9003e+02
5.8977e+02
5.8972e+02
5.8993e+02
5.9041e+02
5.9119e+02
5.9227e+02
5.9363e+02
5.9524e+02
5.9700e+02
5.9881e+02
6.0055e+02
6.0208e+02
6.0324e+02
6.0389e+02
6.0389e+02
6.0316e+02
6.0163e+02
5.9931e+02
5.9624e+02
5.9254e+02
5.8837e+02
5.8391e+02
5.7937e+02
5.7496e+02
5.7086e+02
5.6720e+02
5.6407e+02
5.6153e+02
5.5958e+02
5.5817e+02
5.5722e+02
5.5665e+02
5.5638e+02
5.5637e+02
5.5660e+02
5.5710e+02
5.5792e+02
5.5911e+02
5.6073e+02
5.6288e+02
5.6562e+02
5.6900e+02
5.7302e+02
5.7765e+02
5.8283e+02
5.8847e+02
5.9445e+02
6.0064e+02
6.0688e+02
6.1305e+02
6.1898e+02
6.2456e+02
6.2968e+02
6.3420e+02
6.3801e+02
6.4099e+02
6.4302e+02
6.4399e+02
6.4384e+02
6.4248e+02
6.3989e+02
6.3606e+02
6.3107e+02
6.2503e+02
6.1807e+02
6.1039e+02
6.0222e+02
5.9382e+02
5.8547e+02
5.7742e+02
5.6990e+02
5.6312e+02
5.5720e+02
5.5222e+02
5.4823e+02
5.4521e+02
5.4307e+02
5.4175e+02
5.4111e+02
5.4106e+02
5.4146e+02
5.4223e+02
5.4327e+02
5.4450e+02
5.4586e+02
5.4734e+02
5.4892e+02
5.5059e+02
5.5234e+02
5.5413e+02
5.5597e+02
5.5784e+02
5.5970e+02
5.6150e+02
5.6320e+02
5.6475e+02
5.6610e+02
5.6722e+02
5.6808e+02
5.6864e+02
5.6890e+02
5.6885e+02
5.6851e+02
5.6790e+02
5.6708e+02
5.6611e+02
5.6504e+02
5.6395e+02
5.6291e+02
5.6200e+02
5.6130e+02
5.6086e+02
5.6073e+02
5.6097e+02
5.6160e+02
5.6264e+02
5.6408e+02
5.6591e+02
5.6810e+02
5.7061e+02
5.7337e+02
5.7632e+02
5.7940e+02
5.8254e+02
5.8569e+02
5.8879e+02
5.9183e+02
5.9479e+02
5.9763e+02
6.0040e+02
6.0316e+02
6.0596e+02
6.0889e+02
6.1205e+02
6.1552e+02
6.1939e+02
6.2372e+02
6.2851e+02
6.3376e+02
6.3941e+02
6.4537e+02
6.5148e+02
6.5758e+02
6.6350e+02
6.6903e+02
6.7403e+02
6.7835e+02
6.8192e+02
6.8468e+02
6.8664e+02
6.8788e+02
6.8848e+02
6.8855e+02
6.8821e+02
6.8757e+02
6.8674e+02
6.8583e+02
6.8487e+02
6.8389e+02
6.8287e+02
6.8174e+02
6.8039e+02
6.7869e+02
6.7650e+02
6.7366e+02
6.7005e+02
6.6553e+02
6.6003e+02
6.5353e+02
6.4606e+02
6.3774e+02
6.2871e+02
6.1918e+02
6.0942e+02
5.9966e+02
5.9015e+02
5.8111e+02
5.7270e+02
5.6504e+02
5.5816e+02
5.5206e+02
5.4667e+02
5.4192e+02
5.3772e+02
5.3399e+02
5.3066e+02
5.2767e+02
5.2499e+02
5.2260e+02
5.2051e+02
5.1874e+02
5.1730e+02
5.1622e+02
5.1551e+02
5.1514e+02
5.1512e+02
5.1544e+02
5.1611e+02
5.1718e+02
5.1868e+02
5.2064e+02
5.2312e+02
5.2614e+02
5.2972e+02
5.3381e+02
5.3833e+02
5.4313e+02
5.4802e+02
5.5277e+02
5.5713e+02
5.6083e+02
5.6367e+02
5.6547e+02
5.6614e+02
5.6565e+02
5.6409e+02
5.6161e+02
5.5844e+02
5.5485e+02
5.5112e+02
5.4750e+02
5.4421e+02
5.4139e+02
5.3913e+02
5.3745e+02
5.3630e+02
5.3561e+02
5.3527e+02
5.3513e+02
5.3508e+02
5.3501e+02
5.3482e+02
5.3445e+02
5.3387e+02
5.3308e+02
5.3208e+02
5.3090e+02
5.2956e+02
5.2810e+02
5.2656e+02
5.2501e+02
5.2349e+02
5.2204e+02
5.2073e+02
5.1962e+02
5.1875e+02
5.1818e+02
5.1793e+02
5.1803e+02
5.1847e+02
5.1924e+02
5.2031e+02
5.2166e+02
5.2323e+02
5.2498e+02
5.2686e+02
5.2886e+02
5.3097e+02
5.3323e+02
5.3567e+02
5.3834e+02
5.4125e+02
5.4434e+02
5.4749e+02
5.5045e+02
5.5286e+02
5.5429e+02
5.5418e+02
5.5199e+02
5.4717e+02
5.3928e+02
5.2809e+02
5.1361e+02
4.9618e+02
4.7638e+02
4.5508e+02
4.3334e+02
4.1235e+02
3.9330e+02
3.7724e+02
3.6505e+02
3.5727e+02
3.5416e+02
3.5563e+02
3.6127e+02
3.7046e+02
3.8239e+02
3.9622e+02
4.1107e+02
4.2618e+02
4.4093e+02
4.5485e+02
4.6762e+02
4.7906e+02
4.8913e+02
4.9782e+02
5.0521e+02
5.1134e+02
5.1629e+02
5.2013e+02
5.2292e+02
5.2474e+02
5.2565e+02
5.2571e+02
5.2499e+02
5.2358e+02
5.2161e+02
5.1923e+02
5.1654e+02
5.1368e+02
5.1077e+02
5.0789e+02
5.0514e+02
5.0257e+02
5.0023e+02
4.9814e+02
4.9632e+02
4.9478e+02
4.9353e+02
4.9256e+02
4.9187e+02
4.9146e+02
4.9131e+02
4.9143e+02
4.9182e+02
4.9247e+02
4.9336e+02
4.9448e+02
4.9580e+02
4.9727e+02
4.9885e+02
5.0047e+02
5.0209e+02
5.0364e+02
5.0508e+02
5.0636e+02
5.0745e+02
5.0832e+02
5.0895e+02
5.0936e+02
5.0956e+02
5.0959e+02
5.0950e+02
5.0936e+02
5.0924e+02
5.0922e+02
5.0936e+02
5.0976e+02
5.1047e+02
5.1155e+02
5.1303e+02
5.1492e+02
5.1721e+02
5.1986e+02
5.2279e+02
5.2594e+02
5.2921e+02
5.3252e+02
5.3577e+02
5.3890e+02
5.4185e+02
5.4457e+02
5.4704e+02
5.4925e+02
5.5120e+02
5.5292e+02
5.5443e+02
5.5576e+02
5.5692e+02
5.5789e+02
5.5864e+02
5.5914e+02
5.5934e+02
5.5919e+02
5.5862e+02
5.5756e+02
5.5600e+02
5.5390e+02
5.5130e+02
5.4823e+02
5.4475e+02
5.4092e+02
5.3684e+02
5.3257e+02
5.2817e+02
5.2371e+02
5.1920e+02
5.1465e+02
5.1006e+02
5.0546e+02
5.0091e+02
4.9653e+02
4.9247e+02
4.8894e+02
4.8617e+02
4.8441e+02
4.8391e+02
4.8485e+02
4.8739e+02
4.9158e+02
4.9738e+02
5.0467e+02
5.1319e+02
5.2267e+02
5.3276e+02
5.4313e+02
5.5344e+02
5.6341e+02
5.7282e+02
5.8150e+02
5.8934e+02
5.9631e+02
6.0242e+02
6.0773e+02
6.1229e+02
6.1618e+02
6.1946e+02
6.2222e+02
6.2450e+02
6.2638e+02
6.2789e+02
6.2907e+02
6.2993e+02
6.3048e+02
6.3074e+02
6.3073e+02
6.3048e+02
6.3000e+02
6.2928e+02
6.2829e+02
6.2703e+02
6.2548e+02
6.2363e+02
6.2147e+02
6.1898e+02
6.1618e+02
6.1306e+02
6.0967e+02
6.0607e+02
6.0233e+02
5.9855e+02
5.9485e+02
5.9134e+02
5.8814e+02
5.8534e+02
5.8301e+02
5.8118e+02
5.7984e+02
5.7894e+02
5.7841e+02
5.7813e+02
5.7796e+02
5.7780e+02
5.7756e+02
5.7719e+02
5.7668e+02
5.7608e+02
5.7547e+02
5.7499e+02
5.7481e+02
5.7507e+02
5.7592e+02
5.7742e+02
5.7960e+02
5.8241e+02
5.8576e+02
5.8947e+02
5.9337e+02
5.9721e+02
6.0074e+02
6.0375e+02
6.0601e+02
6.0738e+02
6.0774e+02
6.0703e+02
6.0522e+02
6.0234e+02
5.9844e+02
5.9362e+02
5.8801e+02
5.8173e+02
5.7497e+02
5.6791e+02
5.6077e+02
5.5372e+02
5.4694e+02
5.4059e+02
5.3481e+02
5.2969e+02
5.2528e+02
5.2158e+02
5.1859e+02
5.1626e+02
5.1450e+02
5.1326e+02
5.1248e+02
5.1209e+02
5.1204e+02
5.1230e+02
5.1285e+02
5.1369e+02
5.1484e+02
5.1628e+02
5.1802e+02
5.2001e+02
5.2215e+02
5.2426e+02
5.2605e+02
5.2716e+02
5.2714e+02
5.2546e+02
5.2155e+02
5.1483e+02
5.0477e+02
4.9096e+02
4.7318e+02
4.5144e+02
4.2605e+02
3.9765e+02
3.6716e+02
3.3575e+02
3.0474e+02
2.7553e+02
2.4945e+02
2.2770e+02
2.1121e+02
2.0054e+02
1.9590e+02
1.9713e+02
2.0374e+02
2.1498e+02
2.2990e+02
2.4751e+02
2.6683e+02
2.8698e+02
3.0722e+02
3.2700e+02
3.4597e+02
3.6400e+02
3.8108e+02
3.9725e+02
4.1265e+02
4.2741e+02
4.4169e+02
4.5557e+02
4.6917e+02
4.8255e+02
4.9576e+02
5.0880e+02
5.2164e+02
5.3423e+02
5.4651e+02
5.5840e+02
5.6981e+02
5.8063e+02
5.9075e+02
6.0007e+02
6.0851e+02
6.1602e+02
6.2255e+02
6.2803e+02
6.3240e+02
6.3557e+02
6.3748e+02
6.3802e+02
6.3708e+02
6.3458e+02
6.3045e+02
6.2469e+02
6.1736e+02
6.0859e+02
5.9863e+02
5.8783e+02
5.7664e+02
5.6555e+02
5.5507e+02
5.4568e+02
5.3782e+02
5.3182e+02
5.2791e+02
5.2617e+02
5.2655e+02
5.2883e+02
5.3273e+02
5.3786e+02
5.4378e+02
5.5005e+02
5.5626e+02
5.6206e+02
5.6716e+02
5.7137e+02
5.7465e+02
5.7702e+02
5.7860e+02
5.7953e+02
5.8001e+02
5.8021e+02
5.8031e+02
5.8044e+02
5.8066e+02
5.8101e+02
5.8148e+02
5.8205e+02
5.8265e+02
5.8319e+02
5.8360e+02
5.8384e+02
5.8380e+02
5.8337e+02
5.8244e+02
5.8089e+02
5.7860e+02
5.7543e+02
5.7125e+02
5.6598e+02
5.5964e+02
5.5236e+02
5.4432e+02
5.3585e+02
5.2731e+02
5.1918e+02
5.1192e+02
5.0596e+02
5.0167e+02
4.9928e+02
4.9887e+02
5.0037e+02
5.0355e+02
5.0807e+02
5.1345e+02
5.1922e+02
5.2490e+02
5.3007e+02
5.3441e+02
5.3773e+02
5.3991e+02
5.4099e+02
5.4110e+02
5.4046e+02
5.3933e+02
5.3798e+02
5.3663e+02
5.3548e+02
5.3465e+02
5.3424e+02
5.3425e+02
5.3464e+02
5.3530e+02
5.3613e+02
5.3702e+02
5.3788e+02
5.3865e+02
5.3928e+02
5.3977e+02
5.4017e+02
5.4052e+02
5.4092e+02
5.4146e+02
5.4222e+02
5.4324e+02
5.4458e+02
5.4625e+02
5.4824e+02
5.5051e+02
5.5300e+02
5.5562e+02
5.5828e+02
5.6089e+02
5.6334e+02
5.6554e+02
5.6743e+02
5.6892e+02
5.6996e+02
5.7051e+02
5.7056e+02
5.7017e+02
5.6935e+02
5.6820e+02
5.6680e+02
5.6525e+02
5.6365e+02
5.6214e+02
5.6082e+02
5.5980e+02
5.5914e+02
5.5889e+02
5.5909e+02
5.5974e+02
5.6084e+02
5.6234e+02
5.6420e+02
5.6634e+02
5.6868e+02
5.7114e+02
5.7365e+02
5.7614e+02
5.7858e+02
5.8095e+02
5.8326e+02
5.8553e+02
5.8783e+02
5.9022e+02
5.9277e+02
5.9555e+02
5.9862e+02
6.0200e+02
6.0565e+02
6.0950e+02
6.1340e+02
6.1717e+02
6.2061e+02
6.2348e+02
6.2552e+02
6.2648e+02
6.2618e+02
6.2448e+02
6.2132e+02
6.1673e+02
6.1085e+02
6.0390e+02
5.9625e+02
5.8829e+02
5.8050e+02
5.7334e+02
5.6729e+02
5.6278e+02
5.6019e+02
5.5985e+02
5.6192e+02
5.6653e+02
5.7364e+02
5.8314e+02
5.9487e+02
6.0854e+02
6.2381e+02
6.4031e+02
6.5762e+02
6.7531e+02
6.9296e+02
7.1019e+02
7.2661e+02
7.4190e+02
7.5581e+02
7.6812e+02
7.7875e+02
7.8765e+02
7.9488e+02
8.0048e+02
8.0450e+02
8.0700e+02
8.0801e+02
8.0751e+02
8.0546e+02
8.0179e+02
7.9645e+02
7.8939e+02
7.8060e+02
7.7015e+02
7.5820e+02
7.4502e+02
7.3097e+02
7.1648e+02
7.0203e+02
6.8806e+02
6.7498e+02
6.6311e+02
6.5269e+02
6.4382e+02
6.3650e+02
6.3063e+02
6.2604e+02
6.2252e+02
6.1984e+02
6.1778e+02
6.1614e+02
6.1473e+02
6.1342e+02
6.1208e+02
6.1063e+02
6.0905e+02
6.0733e+02
6.0543e+02
6.0333e+02
6.0100e+02
5.9846e+02
5.9574e+02
5.9286e+02
5.8989e+02
5.8687e+02
5.8385e+02
5.8088e+02
5.7799e+02
5.7520e+02
5.7252e+02
5.6995e+02
5.6753e+02
5.6525e+02
5.6309e+02
5.6096e+02
5.5863e+02
5.5577e+02
5.5195e+02
5.4660e+02
5.3909e+02
5.2884e+02
5.1545e+02
4.9863e+02
4.7838e+02
4.5502e+02
4.2926e+02
4.0213e+02
3.7495e+02
3.4923e+02
3.2645e+02
3.0795e+02
2.9473e+02
2.8740e+02
2.8605e+02
2.9029e+02
