5.7829e+01
6.1480e+01
6.5780e+01
7.0790e+01
7.6546e+01
8.3069e+01
9.0347e+01
9.8341e+01
1.0698e+02
1.1614e+02
1.2570e+02
1.3548e+02
1.4532e+02
1.5500e+02
1.6435e+02
1.7318e+02
1.8133e+02
1.8869e+02
1.9514e+02
2.0064e+02
2.0516e+02
2.0869e+02
2.1128e+02
2.1300e+02
2.1392e+02
2.1416e+02
2.1382e+02
2.1299e+02
2.1175e+02
2.1019e+02
2.0839e+02
2.0643e+02
2.0437e+02
2.0224e+02
2.0009e+02
1.9793e+02
1.9580e+02
1.9365e+02
1.9146e+02
1.8917e+02
1.8670e+02
1.8398e+02
1.8091e+02
1.7742e+02
1.7345e+02
1.6896e+02
1.6399e+02
1.5858e+02
1.5287e+02
1.4701e+02
1.4118e+02
1.3557e+02
1.3037e+02
1.2571e+02
1.2169e+02
1.1837e+02
1.1574e+02
1.1374e+02
1.1225e+02
1.1115e+02
1.1030e+02
1.0953e+02
1.0872e+02
1.0777e+02
1.0662e+02
1.0521e+02
1.0349e+02
1.0149e+02
9.9206e+01
9.6707e+01
9.4037e+01
9.1262e+01
8.8451e+01
8.5665e+01
8.2976e+01
8.0455e+01
7.8173e+01
7.6183e+01
7.4527e+01
7.3211e+01
7.2220e+01
7.1523e+01
7.1065e+01
7.0794e+01
7.0644e+01
7.0546e+01
7.0433e+01
7.0259e+01
6.9995e+01
6.9635e+01
6.9186e+01
6.8666e+01
6.8110e+01
6.7547e+01
6.7005e+01
6.6496e+01
6.6029e+01
6.5593e+01
6.5159e+01
6.4694e+01
6.4152e+01
6.3504e+01
6.2722e+01
6.1789e+01
6.0705e+01
5.9490e+01
5.8186e+01
5.6827e+01
5.5443e+01
5.4053e+01
5.2673e+01
5.1298e+01
4.9916e+01
4.8502e+01
4.7016e+01
4.5426e+01
4.3697e+01
4.1814e+01
3.9772e+01
3.7597e+01
3.5344e+01
3.3088e+01
3.0922e+01
2.8940e+01
2.7250e+01
2.5937e+01
2.5081e+01
2.4744e+01
2.4959e+01
2.5726e+01
2.7009e+01
2.8739e+01
3.0811e+01
3.3102e+01
3.5472e+01
3.7785e+01
3.9904e+01
4.1709e+01
4.3126e+01
4.4115e+01
4.4691e+01
4.4897e+01
4.4819e+01
4.4559e+01
4.4234e+01
4.3963e+01
4.3844e+01
4.3957e+01
4.4353e+01
4.5058e+01
4.6057e+01
4.7311e+01
4.8768e+01
5.0362e+01
5.2030e+01
5.3710e+01
5.5366e+01
5.6974e+01
5.8525e+01
6.0018e+01
6.1467e+01
6.2900e+01
6.4355e+01
6.5862e+01
6.7440e+01
6.9120e+01
7.0924e+01
7.2892e+01
7.5063e+01
7.7477e+01
8.0182e+01
8.3213e+01
8.6601e+01
9.0345e+01
9.4437e+01
9.8830e+01
1.0343e+02
1.0810e+02
1.1269e+02
1.1701e+02
1.2086e+02
1.2405e+02
1.2642e+02
1.2787e+02
1.2835e+02
1.2788e+02
1.2655e+02
1.2450e+02
1.2193e+02
1.1908e+02
1.1621e+02
1.1356e+02
1.1133e+02
1.0969e+02
1.0876e+02
1.0862e+02
1.0925e+02
1.1064e+02
1.1269e+02
1.1527e+02
1.1824e+02
1.2147e+02
1.2480e+02
1.2811e+02
1.3130e+02
1.3428e+02
1.3702e+02
1.3950e+02
1.4171e+02
1.4367e+02
1.4542e+02
1.4698e+02
1.4837e+02
1.4961e+02
1.5072e+02
1.5169e+02
1.5253e+02
1.5326e+02
1.5389e+02
1.5444e+02
1.5493e+02
1.5540e+02
1.5586e+02
1.5636e+02
1.5689e+02
1.5747e+02
1.5807e+02
1.5868e+02
1.5922e+02
1.5966e+02
1.5996e+02
1.6008e+02
1.6002e+02
1.5977e+02
1.5939e+02
1.5890e+02
1.5835e+02
1.5773e+02
1.5702e+02
1.5620e+02
1.5519e+02
1.5389e+02
1.5219e+02
1.4996e+02
1.4708e+02
1.4350e+02
1.3918e+02
1.3419e+02
1.2867e+02
1.2280e+02
1.1683e+02
1.1103e+02
1.0569e+02
1.0106e+02
9.7329e+01
9.4630e+01
9.2998e+01
9.2389e+01
9.2675e+01
9.3677e+01
9.5184e+01
9.7005e+01
9.8977e+01
1.0099e+02
1.0299e+02
1.0501e+02
1.0712e+02
1.0945e+02
1.1218e+02
1.1543e+02
1.1931e+02
1.2386e+02
1.2904e+02
1.3473e+02
1.4074e+02
1.4683e+02
1.5272e+02
1.5813e+02
1.6279e+02
1.6649e+02
1.6908e+02
1.7049e+02
1.7075e+02
1.6995e+02
1.6824e+02
1.6581e+02
1.6289e+02
1.5968e+02
1.5639e+02
1.5317e+02
1.5017e+02
1.4748e+02
1.4514e+02
1.4313e+02
1.4143e+02
1.4001e+02
1.3882e+02
1.3781e+02
1.3695e+02
1.3620e+02
1.3556e+02
1.3502e+02
1.3459e+02
1.3424e+02
1.3398e+02
1.3380e+02
1.3369e+02
1.3361e+02
1.3354e+02
1.3344e+02
1.3329e+02
1.3307e+02
1.3280e+02
1.3250e+02
1.3224e+02
1.3206e+02
1.3208e+02
1.3237e+02
1.3303e+02
1.3413e+02
1.3574e+02
1.3788e+02
1.4057e+02
1.4380e+02
1.4756e+02
1.5183e+02
1.5657e+02
1.6178e+02
1.6743e+02
1.7351e+02
1.8001e+02
1.8690e+02
1.9416e+02
2.0172e+02
2.0951e+02
2.1739e+02
2.2524e+02
2.3290e+02
2.4021e+02
2.4700e+02
2.5312e+02
2.5847e+02
2.6297e+02
2.6659e+02
2.6933e+02
2.7123e+02
2.7238e+02
2.7287e+02
2.7280e+02
2.7229e+02
2.7142e+02
2.7029e+02
2.6898e+02
2.6755e+02
2.6602e+02
2.6443e+02
2.6277e+02
2.6104e+02
2.5924e+02
2.5740e+02
2.5554e+02
2.5372e+02
2.5201e+02
2.5049e+02
2.4924e+02
2.4837e+02
2.4795e+02
2.4804e+02
2.4866e+02
2.4976e+02
2.5125e+02
2.5302e+02
2.5491e+02
2.5678e+02
2.5844e+02
2.5975e+02
2.6061e+02
2.6094e+02
2.6075e+02
2.6007e+02
2.5899e+02
2.5761e+02
2.5604e+02
2.5437e+02
2.5266e+02
2.5096e+02
2.4929e+02
2.4766e+02
2.4606e+02
2.4447e+02
2.4288e+02
2.4125e+02
2.3957e+02
2.3784e+02
2.3610e+02
2.3434e+02
2.3258e+02
2.3081e+02
2.2900e+02
2.2714e+02
2.2520e+02
2.2316e+02
2.2100e+02
2.1871e+02
2.1627e+02
2.1370e+02
2.1105e+02
2.0836e+02
2.0569e+02
2.0311e+02
2.0066e+02
1.9839e+02
1.9632e+02
1.9447e+02
1.9284e+02
1.9139e+02
1.9012e+02
1.8896e+02
1.8786e+02
1.8676e+02
1.8561e+02
1.8436e+02
1.8294e+02
1.8132e+02
1.7948e+02
1.7739e+02
1.7504e+02
1.7245e+02
1.6964e+02
1.6666e+02
1.6355e+02
1.6036e+02
1.5718e+02
1.5407e+02
1.5109e+02
1.4832e+02
1.4582e+02
1.4364e+02
1.4182e+02
1.4039e+02
1.3933e+02
1.3866e+02
1.3834e+02
1.3834e+02
1.3863e+02
1.3917e+02
1.3990e+02
1.4079e+02
1.4179e+02
1.4286e+02
1.4396e+02
1.4502e+02
1.4603e+02
1.4696e+02
1.4777e+02
1.4844e+02
1.4895e+02
1.4929e+02
1.4946e+02
1.4946e+02
1.4932e+02
1.4906e+02
1.4872e+02
1.4832e+02
1.4791e+02
1.4750e+02
1.4714e+02
1.4684e+02
1.4660e+02
1.4642e+02
1.4630e+02
1.4622e+02
1.4618e+02
1.4615e+02
1.4614e+02
1.4610e+02
1.4606e+02
1.4598e+02
1.4587e+02
1.4572e+02
1.4557e+02
1.4547e+02
1.4549e+02
1.4570e+02
1.4620e+02
1.4707e+02
1.4843e+02
1.5036e+02
1.5292e+02
1.5611e+02
1.5990e+02
1.6421e+02
1.6890e+02
1.7378e+02
1.7867e+02
1.8334e+02
1.8759e+02
1.9127e+02
1.9423e+02
1.9644e+02
1.9786e+02
1.9854e+02
1.9858e+02
1.9809e+02
1.9720e+02
1.9605e+02
1.9478e+02
1.9347e+02
1.9223e+02
1.9111e+02
1.9016e+02
1.8940e+02
1.8882e+02
1.8844e+02
1.8824e+02
1.8822e+02
1.8838e+02
1.8872e+02
1.8920e+02
1.8981e+02
1.9055e+02
1.9138e+02
1.9230e+02
1.9325e+02
1.9425e+02
1.9526e+02
1.9627e+02
1.9727e+02
1.9825e+02
1.9914e+02
1.9987e+02
2.0038e+02
2.0056e+02
2.0030e+02
1.9949e+02
1.9800e+02
1.9573e+02
1.9262e+02
1.8863e+02
1.8379e+02
1.7818e+02
1.7189e+02
1.6511e+02
1.5803e+02
1.5088e+02
1.4386e+02
1.3717e+02
1.3097e+02
1.2541e+02
1.2057e+02
1.1648e+02
1.1316e+02
1.1056e+02
1.0860e+02
1.0721e+02
1.0628e+02
1.0570e+02
1.0535e+02
1.0512e+02
1.0488e+02
1.0458e+02
1.0415e+02
1.0353e+02
1.0271e+02
1.0164e+02
1.0037e+02
9.8914e+01
9.7328e+01
9.5663e+01
9.3990e+01
9.2381e+01
9.0897e+01
8.9607e+01
8.8558e+01
8.7788e+01
8.7317e+01
8.7157e+01
8.7317e+01
8.7792e+01
8.8582e+01
8.9681e+01
9.1085e+01
9.2780e+01
9.4765e+01
9.7046e+01
9.9618e+01
1.0246e+02
1.0555e+02
1.0884e+02
1.1231e+02
1.1591e+02
1.1956e+02
1.2321e+02
1.2681e+02
1.3033e+02
1.3375e+02
1.3707e+02
1.4032e+02
1.4352e+02
1.4671e+02
1.4993e+02
1.5323e+02
1.5661e+02
1.6009e+02
1.6363e+02
1.6718e+02
1.7068e+02
1.7406e+02
1.7724e+02
1.8015e+02
1.8269e+02
1.8475e+02
1.8626e+02
1.8711e+02
1.8723e+02
1.8650e+02
1.8486e+02
1.8223e+02
1.7857e+02
1.7389e+02
1.6824e+02
1.6171e+02
1.5448e+02
1.4670e+02
1.3858e+02
1.3033e+02
1.2214e+02
1.1418e+02
1.0656e+02
9.9385e+01
9.2682e+01
8.6447e+01
8.0651e+01
7.5258e+01
7.0247e+01
6.5649e+01
6.1540e+01
5.8014e+01
5.5202e+01
5.3247e+01
5.2299e+01
5.2514e+01
5.4011e+01
5.6848e+01
6.1017e+01
6.6453e+01
7.3009e+01
8.0483e+01
8.8624e+01
9.7148e+01
1.0575e+02
1.1415e+02
1.2208e+02
1.2929e+02
1.3564e+02
1.4100e+02
1.4530e+02
1.4855e+02
1.5078e+02
1.5206e+02
1.5249e+02
1.5218e+02
1.5125e+02
1.4983e+02
1.4805e+02
1.4606e+02
1.4394e+02
1.4179e+02
1.3974e+02
1.3785e+02
1.3623e+02
1.3493e+02
1.3399e+02
1.3343e+02
1.3325e+02
1.3345e+02
1.3399e+02
1.3487e+02
1.3603e+02
1.3746e+02
1.3913e+02
1.4102e+02
1.4310e+02
1.4536e+02
1.4777e+02
1.5031e+02
1.5292e+02
1.5556e+02
1.5814e+02
1.6059e+02
1.6283e+02
1.6479e+02
1.6637e+02
1.6755e+02
1.6829e+02
1.6859e+02
1.6849e+02
1.6803e+02
1.6730e+02
1.6637e+02
1.6535e+02
1.6430e+02
1.6332e+02
1.6249e+02
1.6184e+02
1.6140e+02
1.6115e+02
1.6104e+02
1.6101e+02
1.6096e+02
1.6080e+02
1.6041e+02
1.5968e+02
1.5855e+02
1.5695e+02
1.5488e+02
1.5237e+02
1.4949e+02
1.4636e+02
1.4314e+02
1.3999e+02
1.3710e+02
1.3461e+02
1.3266e+02
1.3133e+02
1.3069e+02
1.3071e+02
1.3135e+02
1.3250e+02
1.3403e+02
1.3581e+02
1.3768e+02
1.3950e+02
1.4112e+02
1.4241e+02
1.4329e+02
1.4367e+02
1.4354e+02
1.4287e+02
1.4168e+02
1.4004e+02
1.3801e+02
1.3571e+02
1.3327e+02
1.3081e+02
1.2848e+02
1.2637e+02
1.2458e+02
1.2317e+02
1.2216e+02
1.2151e+02
1.2116e+02
1.2100e+02
1.2092e+02
1.2081e+02
1.2057e+02
1.2010e+02
1.1939e+02
1.1843e+02
1.1727e+02
1.1599e+02
1.1469e+02
1.1349e+02
1.1247e+02
1.1173e+02
1.1131e+02
1.1121e+02
1.1140e+02
1.1181e+02
1.1234e+02
1.1289e+02
1.1336e+02
1.1364e+02
1.1369e+02
1.1351e+02
1.1314e+02
1.1263e+02
1.1210e+02
1.1167e+02
1.1146e+02
1.1161e+02
1.1222e+02
1.1333e+02
1.1495e+02
1.1707e+02
1.1959e+02
1.2238e+02
1.2530e+02
1.2819e+02
1.3093e+02
1.3340e+02
1.3554e+02
1.3731e+02
1.3872e+02
1.3984e+02
1.4073e+02
1.4150e+02
1.4225e+02
1.4305e+02
1.4397e+02
1.4504e+02
1.4627e+02
1.4764e+02
1.4912e+02
1.5066e+02
1.5220e+02
1.5368e+02
1.5508e+02
1.5635e+02
1.5748e+02
1.5847e+02
1.5932e+02
1.6005e+02
1.6069e+02
1.6128e+02
1.6187e+02
1.6251e+02
1.6326e+02
1.6419e+02
1.6532e+02
1.6668e+02
1.6828e+02
1.7007e+02
1.7204e+02
1.7411e+02
1.7620e+02
1.7821e+02
1.8006e+02
1.8166e+02
1.8297e+02
1.8396e+02
1.8459e+02
1.8485e+02
1.8476e+02
1.8433e+02
1.8359e+02
1.8254e+02
1.8120e+02
1.7956e+02
1.7764e+02
1.7545e+02
1.7303e+02
1.7041e+02
1.6767e+02
1.6489e+02
1.6219e+02
1.5966e+02
1.5741e+02
1.5553e+02
1.5407e+02
1.5305e+02
1.5245e+02
1.5221e+02
1.5225e+02
1.5243e+02
1.5266e+02
1.5280e+02
1.5276e+02
1.5246e+02
1.5189e+02
1.5105e+02
1.4999e+02
1.4882e+02
1.4766e+02
1.4661e+02
1.4579e+02
1.4527e+02
1.4511e+02
1.4531e+02
1.4585e+02
1.4669e+02
1.4774e+02
1.4893e+02
1.5018e+02
1.5141e+02
1.5259e+02
1.5371e+02
1.5475e+02
1.5574e+02
1.5671e+02
1.5769e+02
1.5870e+02
1.5976e+02
1.6088e+02
1.6202e+02
1.6317e+02
1.6428e+02
1.6530e+02
1.6620e+02
1.6691e+02
1.6740e+02
1.6761e+02
1.6751e+02
1.6706e+02
1.6625e+02
1.6505e+02
1.6348e+02
1.6155e+02
1.5931e+02
1.5681e+02
1.5414e+02
1.5140e+02
1.4867e+02
1.4606e+02
1.4366e+02
1.4155e+02
1.3980e+02
1.3842e+02
1.3742e+02
1.3677e+02
1.3643e+02
1.3632e+02
1.3634e+02
1.3641e+02
1.3643e+02
1.3634e+02
1.3607e+02
1.3561e+02
1.3499e+02
1.3426e+02
1.3351e+02
1.3286e+02
1.3242e+02
1.3231e+02
1.3262e+02
1.3342e+02
1.3471e+02
1.3647e+02
1.3860e+02
1.4097e+02
1.4341e+02
1.4575e+02
1.4780e+02
1.4942e+02
1.5049e+02
1.5092e+02
1.5069e+02
1.4979e+02
1.4829e+02
1.4625e+02
1.4376e+02
1.4094e+02
1.3788e+02
1.3469e+02
1.3147e+02
1.2831e+02
1.2529e+02
1.2248e+02
1.1994e+02
1.1773e+02
1.1586e+02
1.1439e+02
1.1331e+02
1.1262e+02
1.1232e+02
1.1235e+02
1.1268e+02
1.1325e+02
1.1401e+02
1.1492e+02
1.1592e+02
1.1696e+02
1.1800e+02
1.1900e+02
1.1994e+02
1.2079e+02
1.2156e+02
1.2224e+02
1.2282e+02
1.2330e+02
1.2367e+02
1.2396e+02
1.2418e+02
1.2433e+02
1.2445e+02
1.2455e+02
1.2467e+02
1.2483e+02
1.2507e+02
1.2540e+02
1.2585e+02
1.2642e+02
1.2712e+02
1.2797e+02
1.2897e+02
1.3011e+02
1.3142e+02
1.3290e+02
1.3458e+02
1.3645e+02
1.3854e+02
1.4084e+02
1.4334e+02
1.4603e+02
1.4885e+02
1.5174e+02
1.5463e+02
1.5744e+02
1.6008e+02
1.6248e+02
1.6460e+02
1.6641e+02
1.6789e+02
1.6906e+02
1.6995e+02
1.7060e+02
1.7106e+02
1.7139e+02
1.7163e+02
1.7182e+02
1.7197e+02
1.7212e+02
1.7227e+02
1.7245e+02
1.7265e+02
1.7288e+02
1.7316e+02
1.7350e+02
1.7392e+02
1.7444e+02
1.7506e+02
1.7578e+02
1.7660e+02
1.7750e+02
1.7844e+02
1.7939e+02
1.8029e+02
1.8109e+02
1.8175e+02
1.8223e+02
1.8249e+02
1.8252e+02
1.8233e+02
1.8193e+02
1.8137e+02
1.8068e+02
1.7990e+02
1.7908e+02
1.7820e+02
1.7723e+02
1.7612e+02
1.7479e+02
1.7313e+02
1.7102e+02
1.6833e+02
1.6497e+02
1.6091e+02
1.5621e+02
1.5103e+02
1.4560e+02
1.4022e+02
1.3527e+02
1.3116e+02
1.2828e+02
1.2696e+02
1.2744e+02
1.2987e+02
1.3423e+02
1.4034e+02
1.4793e+02
1.5660e+02
1.6589e+02
1.7534e+02
1.8449e+02
1.9294e+02
2.0041e+02
2.0671e+02
2.1173e+02
2.1549e+02
2.1811e+02
2.1976e+02
2.2064e+02
2.2095e+02
2.2089e+02
2.2064e+02
2.2035e+02
2.2014e+02
2.2008e+02
2.2020e+02
2.2051e+02
2.2100e+02
2.2162e+02
2.2236e+02
2.2316e+02
2.2399e+02
2.2482e+02
2.2558e+02
2.2627e+02
2.2685e+02
2.2733e+02
2.2771e+02
2.2801e+02
2.2824e+02
2.2842e+02
2.2855e+02
2.2860e+02
2.2852e+02
2.2823e+02
2.2763e+02
2.2661e+02
2.2502e+02
2.2275e+02
2.1969e+02
2.1577e+02
2.1099e+02
2.0540e+02
1.9913e+02
1.9234e+02
1.8527e+02
1.7816e+02
1.7127e+02
1.6485e+02
1.5912e+02
1.5423e+02
1.5027e+02
1.4728e+02
1.4524e+02
1.4407e+02
1.4368e+02
1.4395e+02
1.4475e+02
1.4595e+02
1.4745e+02
1.4914e+02
1.5091e+02
1.5267e+02
1.5435e+02
1.5588e+02
1.5721e+02
1.5827e+02
1.5900e+02
1.5937e+02
1.5936e+02
1.5899e+02
1.5830e+02
1.5732e+02
1.5615e+02
1.5487e+02
1.5357e+02
1.5236e+02
1.5131e+02
1.5049e+02
1.4995e+02
1.4969e+02
1.4970e+02
1.4994e+02
1.5033e+02
1.5080e+02
1.5126e+02
1.5161e+02
1.5179e+02
1.5173e+02
1.5140e+02
1.5079e+02
1.4991e+02
1.4879e+02
1.4749e+02
1.4606e+02
1.4453e+02
1.4296e+02
1.4137e+02
1.3977e+02
1.3818e+02
1.3660e+02
1.3505e+02
1.3354e+02
1.3209e+02
1.3070e+02
1.2942e+02
1.2824e+02
1.2715e+02
1.2612e+02
1.2512e+02
1.2410e+02
1.2299e+02
1.2177e+02
1.2041e+02
1.1890e+02
1.1729e+02
1.1564e+02
1.1406e+02
1.1268e+02
1.1164e+02
1.1101e+02
1.1090e+02
1.1133e+02
1.1228e+02
1.1366e+02
1.1538e+02
1.1728e+02
1.1919e+02
1.2097e+02
1.2250e+02
1.2370e+02
1.2453e+02
1.2500e+02
1.2514e+02
1.2502e+02
1.2472e+02
1.2430e+02
1.2385e+02
1.2342e+02
1.2302e+02
1.2266e+02
1.2232e+02
1.2196e+02
1.2153e+02
1.2098e+02
1.2027e+02
1.1940e+02
1.1835e+02
1.1715e+02
1.1582e+02
1.1444e+02
1.1309e+02
1.1184e+02
1.1079e+02
1.1004e+02
1.0964e+02
1.0966e+02
1.1013e+02
1.1105e+02
1.1238e+02
1.1406e+02
1.1601e+02
1.1811e+02
1.2023e+02
1.2225e+02
1.2408e+02
1.2561e+02
1.2676e+02
1.2747e+02
1.2772e+02
1.2751e+02
1.2684e+02
1.2574e+02
1.2425e+02
1.2243e+02
1.2033e+02
1.1805e+02
1.1563e+02
1.1316e+02
1.1072e+02
1.0837e+02
1.0621e+02
1.0429e+02
1.0267e+02
1.0138e+02
1.0045e+02
9.9898e+01
9.9705e+01
9.9839e+01
1.0026e+02
1.0092e+02
1.0177e+02
1.0274e+02
1.0378e+02
1.0486e+02
1.0592e+02
1.0693e+02
1.0784e+02
1.0865e+02
1.0932e+02
1.0983e+02
1.1017e+02
1.1032e+02
1.1030e+02
1.1010e+02
1.0973e+02
1.0923e+02
1.0862e+02
1.0796e+02
1.0731e+02
1.0673e+02
1.0628e+02
1.0603e+02
1.0606e+02
1.0640e+02
1.0710e+02
1.0818e+02
1.0963e+02
1.1141e+02
1.1350e+02
1.1582e+02
1.1828e+02
1.2081e+02
1.2331e+02
1.2572e+02
1.2800e+02
1.3011e+02
1.3205e+02
1.3386e+02
1.3562e+02
1.3741e+02
1.3932e+02
1.4143e+02
1.4383e+02
1.4654e+02
1.4960e+02
1.5298e+02
1.5660e+02
1.6034e+02
1.6406e+02
1.6762e+02
1.7085e+02
1.7362e+02
1.7580e+02
1.7731e+02
1.7811e+02
1.7820e+02
1.7761e+02
1.7640e+02
1.7467e+02
1.7253e+02
1.7006e+02
1.6740e+02
1.6461e+02
1.6179e+02
1.5898e+02
1.5625e+02
1.5361e+02
1.5112e+02
1.4880e+02
1.4668e+02
1.4476e+02
1.4304e+02
1.4149e+02
1.4008e+02
1.3871e+02
1.3730e+02
1.3572e+02
1.3388e+02
1.3162e+02
1.2882e+02
1.2539e+02
1.2126e+02
1.1640e+02
1.1082e+02
1.0459e+02
9.7834e+01
9.0696e+01
8.3356e+01
7.6014e+01
6.8866e+01
6.2095e+01
5.5859e+01
5.0311e+01
4.5569e+01
4.1714e+01
3.8794e+01
3.6826e+01
3.5811e+01
3.5711e+01
3.6473e+01
3.8003e+01
4.0197e+01
4.2956e+01
4.6154e+01
4.9650e+01
5.3310e+01
5.7013e+01
6.0616e+01
6.4018e+01
6.7152e+01
6.9969e+01
7.2456e+01
7.4624e+01
7.6504e+01
7.8141e+01
7.9596e+01
8.0918e+01
8.2168e+01
8.3388e+01
8.4605e+01
8.5839e+01
8.7123e+01
8.8496e+01
8.9987e+01
9.1646e+01
9.3515e+01
9.5655e+01
9.8138e+01
1.0102e+02
1.0434e+02
1.0807e+02
1.1217e+02
1.1655e+02
1.2105e+02
1.2551e+02
1.2974e+02
1.3352e+02
1.3666e+02
1.3901e+02
1.4049e+02
1.4103e+02
1.4067e+02
1.3950e+02
1.3763e+02
1.3526e+02
1.3259e+02
1.2978e+02
1.2701e+02
1.2442e+02
1.2209e+02
1.2008e+02
1.1841e+02
1.1706e+02
1.1598e+02
1.1511e+02
1.1439e+02
1.1378e+02
1.1321e+02
1.1266e+02
1.1207e+02
1.1144e+02
1.1072e+02
1.0992e+02
1.0902e+02
1.0803e+02
1.0694e+02
1.0575e+02
1.0447e+02
1.0313e+02
1.0174e+02
1.0034e+02
9.8957e+01
9.7614e+01
9.6321e+01
9.5090e+01
9.3923e+01
9.2812e+01
9.1762e+01
9.0754e+01
8.9782e+01
8.8850e+01
8.7954e+01
8.7087e+01
8.6236e+01
8.5392e+01
8.4558e+01
8.3736e+01
8.2915e+01
8.2088e+01
8.1243e+01
8.0380e+01
7.9506e+01
7.8632e+01
7.7762e+01
7.6890e+01
7.6021e+01
7.5144e+01
7.4254e+01
7.3336e+01
7.2355e+01
7.1270e+01
7.0036e+01
6.8630e+01
6.7031e+01
6.5246e+01
6.3291e+01
6.1204e+01
5.9029e+01
5.6810e+01
5.4612e+01
5.2484e+01
5.0461e+01
4.8579e+01
4.6872e+01
4.5353e+01
4.4029e+01
4.2891e+01
4.1932e+01
4.1159e+01
4.0584e+01
4.0240e+01
4.0143e+01
4.0315e+01
4.0788e+01
4.1595e+01
4.2766e+01
4.4312e+01
4.6233e+01
4.8511e+01
5.1126e+01
5.4031e+01
5.7192e+01
6.0565e+01
6.4101e+01
6.7759e+01
7.1495e+01
7.5278e+01
7.9071e+01
8.2866e+01
8.6652e+01
9.0410e+01
9.4113e+01
9.7721e+01
1.0118e+02
1.0443e+02
1.0739e+02
1.0999e+02
1.1216e+02
1.1383e+02
1.1495e+02
1.1548e+02
1.1541e+02
1.1476e+02
1.1358e+02
1.1195e+02
1.0997e+02
1.0774e+02
1.0540e+02
1.0308e+02
1.0091e+02
9.8988e+01
9.7427e+01
9.6299e+01
9.5654e+01
9.5513e+01
9.5867e+01
9.6677e+01
9.7874e+01
9.9389e+01
1.0112e+02
1.0296e+02
1.0483e+02
1.0665e+02
1.0837e+02
1.0998e+02
1.1145e+02
1.1281e+02
1.1409e+02
1.1533e+02
1.1659e+02
1.1792e+02
1.1934e+02
1.2089e+02
1.2258e+02
1.2441e+02
1.2635e+02
1.2840e+02
1.3050e+02
1.3264e+02
1.3478e+02
1.3688e+02
1.3890e+02
1.4077e+02
1.4245e+02
1.4387e+02
1.4495e+02
1.4562e+02
1.4579e+02
1.4542e+02
1.4444e+02
1.4284e+02
1.4060e+02
1.3776e+02
1.3436e+02
1.3046e+02
1.2617e+02
1.2157e+02
1.1677e+02
1.1185e+02
1.0690e+02
1.0198e+02
9.7181e+01
9.2553e+01
8.8160e+01
8.4067e+01
8.0331e+01
7.7013e+01
7.4155e+01
7.1799e+01
6.9962e+01
6.8620e+01
6.7724e+01
6.7214e+01
6.7012e+01
6.6995e+01
6.7048e+01
6.7071e+01
6.6982e+01
6.6734e+01
6.6311e+01
6.5729e+01
6.5039e+01
6.4325e+01
6.3659e+01
6.3123e+01
6.2779e+01
6.2651e+01
6.2735e+01
6.2998e+01
6.3376e+01
6.3772e+01
6.4101e+01
6.4267e+01
6.4198e+01
6.3856e+01
6.3224e+01
6.2328e+01
6.1232e+01
6.0037e+01
5.8844e+01
5.7770e+01
5.6919e+01
5.6379e+01
5.6209e+01
5.6438e+01
5.7072e+01
5.8074e+01
5.9396e+01
6.0966e+01
6.2704e+01
6.4535e+01
6.6386e+01
6.8198e+01
6.9907e+01
7.1489e+01
7.2919e+01
7.4187e+01
7.5285e+01
7.6212e+01
7.6970e+01
7.7559e+01
7.7987e+01
7.8258e+01
7.8386e+01
7.8378e+01
7.8251e+01
7.8036e+01
7.7762e+01
7.7453e+01
7.7129e+01
7.6821e+01
7.6537e+01
7.6281e+01
7.6042e+01
7.5805e+01
7.5545e+01
7.5226e+01
7.4820e+01
7.4292e+01
7.3634e+01
7.2853e+01
7.1980e+01
7.1069e+01
7.0196e+01
6.9454e+01
6.8927e+01
6.8700e+01
6.8830e+01
6.9361e+01
7.0294e+01
7.1581e+01
7.3144e+01
7.4866e+01
7.6607e+01
7.8215e+01
7.9553e+01
8.0504e+01
8.0983e+01
8.0945e+01
8.0390e+01
7.9354e+01
7.7903e+01
7.6137e+01
7.4151e+01
7.2050e+01
6.9917e+01
6.7803e+01
6.5736e+01
6.3726e+01
6.1768e+01
5.9832e+01
5.7896e+01
5.5936e+01
5.3938e+01
5.1894e+01
4.9818e+01
4.7734e+01
4.5675e+01
4.3676e+01
4.1753e+01
3.9916e+01
3.8166e+01
3.6501e+01
3.4908e+01
3.3360e+01
3.1836e+01
3.0306e+01
2.8753e+01
2.7161e+01
2.5529e+01
2.3866e+01
2.2198e+01
2.0552e+01
1.8943e+01
1.7392e+01
1.5907e+01
1.4497e+01
1.3169e+01
1.1939e+01
1.0807e+01
9.7696e+00
8.8573e+00
8.1023e+00
7.5628e+00
7.3172e+00
7.4666e+00
8.1201e+00
9.3822e+00
1.1347e+01
1.4092e+01
1.7671e+01
2.2098e+01
2.7343e+01
3.3313e+01
3.9883e+01
4.6894e+01
5.4172e+01
6.1535e+01
6.8795e+01
7.5802e+01
8.2433e+01
8.8604e+01
9.4255e+01
9.9357e+01
1.0393e+02
1.0800e+02
1.1166e+02
1.1497e+02
1.1801e+02
1.2087e+02
1.2362e+02
1.2636e+02
1.2916e+02
1.3205e+02
1.3506e+02
1.3817e+02
1.4136e+02
1.4455e+02
1.4765e+02
1.5057e+02
1.5320e+02
1.5545e+02
1.5724e+02
1.5849e+02
1.5919e+02
1.5936e+02
1.5903e+02
1.5827e+02
1.5715e+02
1.5577e+02
1.5420e+02
1.5249e+02
1.5067e+02
1.4876e+02
1.4677e+02
1.4469e+02
1.4251e+02
1.4022e+02
1.3782e+02
1.3531e+02
1.3272e+02
1.3010e+02
1.2748e+02
1.2491e+02
1.2244e+02
1.2010e+02
1.1789e+02
1.1583e+02
1.1387e+02
1.1197e+02
1.1007e+02
1.0811e+02
1.0602e+02
1.0375e+02
1.0128e+02
9.8594e+01
9.5701e+01
9.2629e+01
8.9432e+01
8.6168e+01
8.2885e+01
7.9635e+01
7.6462e+01
7.3403e+01
7.0470e+01
6.7669e+01
6.4992e+01
6.2430e+01
5.9978e+01
5.7635e+01
5.5424e+01
5.3356e+01
5.1454e+01
4.9743e+01
4.8246e+01
4.6974e+01
4.5923e+01
4.5082e+01
4.4425e+01
4.3917e+01
4.3507e+01
4.3150e+01
4.2790e+01
4.2396e+01
4.1950e+01
4.1452e+01
4.0929e+01
4.0420e+01
3.9989e+01
3.9698e+01
3.9612e+01
3.9794e+01
4.0286e+01
4.1114e+01
4.2274e+01
4.3740e+01
4.5460e+01
4.7365e+01
4.9371e+01
5.1399e+01
5.3368e+01
5.5193e+01
5.6825e+01
5.8220e+01
5.9363e+01
6.0249e+01
6.0883e+01
6.1274e+01
6.1430e+01
6.1363e+01
6.1081e+01
6.0598e+01
5.9910e+01
5.9021e+01
5.7925e+01
5.6610e+01
5.5075e+01
5.3326e+01
5.1374e+01
4.9229e+01
4.6911e+01
4.4446e+01
4.1875e+01
3.9249e+01
3.6625e+01
3.4060e+01
3.1613e+01
2.9352e+01
2.7338e+01
2.5628e+01
2.4262e+01
2.3273e+01
2.2679e+01
2.2472e+01
2.2635e+01
2.3120e+01
2.3872e+01
2.4822e+01
2.5902e+01
2.7043e+01
2.8170e+01
2.9214e+01
3.0105e+01
3.0793e+01
3.1230e+01
3.1400e+01
3.1285e+01
3.0880e+01
3.0186e+01
2.9214e+01
2.8000e+01
2.6578e+01
2.4997e+01
2.3301e+01
2.1532e+01
1.9734e+01
1.7954e+01
1.6214e+01
1.4523e+01
1.2894e+01
1.1324e+01
9.8084e+00
8.3347e+00
6.9026e+00
5.5201e+00
4.2038e+00
2.9834e+00
1.8917e+00
9.8697e-01
3.2714e-01
0000
1.2802e-01
8.4969e-01
2.3143e+00
4.6839e+00
8.1314e+00
1.2794e+01
1.8778e+01
2.6121e+01
3.4785e+01
4.4644e+01
5.5439e+01
6.6792e+01
7.8234e+01
8.9244e+01
9.9274e+01
1.0780e+02
1.1437e+02
1.1867e+02
1.2053e+02
1.1995e+02
1.1709e+02
1.1228e+02
1.0593e+02
9.8533e+01
9.0604e+01
