2.0704e+02
2.0899e+02
2.1084e+02
2.1247e+02
2.1376e+02
2.1457e+02
2.1477e+02
2.1421e+02
2.1274e+02
2.1026e+02
2.0667e+02
2.0198e+02
1.9621e+02
1.8949e+02
1.8204e+02
1.7410e+02
1.6600e+02
1.5804e+02
1.5056e+02
1.4385e+02
1.3816e+02
1.3365e+02
1.3042e+02
1.2849e+02
1.2779e+02
1.2822e+02
1.2963e+02
1.3183e+02
1.3466e+02
1.3795e+02
1.4155e+02
1.4532e+02
1.4915e+02
1.5299e+02
1.5684e+02
1.6073e+02
1.6471e+02
1.6886e+02
1.7331e+02
1.7817e+02
1.8357e+02
1.8960e+02
1.9632e+02
2.0374e+02
2.1180e+02
2.2034e+02
2.2916e+02
2.3799e+02
2.4655e+02
2.5453e+02
2.6167e+02
2.6772e+02
2.7254e+02
2.7607e+02
2.7832e+02
2.7939e+02
2.7940e+02
2.7854e+02
2.7698e+02
2.7492e+02
2.7249e+02
2.6980e+02
2.6692e+02
2.6390e+02
2.6076e+02
2.5750e+02
2.5413e+02
2.5067e+02
2.4716e+02
2.4369e+02
2.4032e+02
2.3717e+02
2.3434e+02
2.3192e+02
2.2998e+02
2.2856e+02
2.2768e+02
2.2731e+02
2.2743e+02
2.2795e+02
2.2882e+02
2.2996e+02
2.3130e+02
2.3281e+02
2.3448e+02
2.3631e+02
2.3836e+02
2.4071e+02
2.4345e+02
2.4668e+02
2.5046e+02
2.5488e+02
2.5995e+02
2.6567e+02
2.7201e+02
2.7889e+02
2.8621e+02
2.9386e+02
3.0170e+02
3.0963e+02
3.1752e+02
3.2528e+02
3.3282e+02
3.4009e+02
3.4702e+02
3.5357e+02
3.5972e+02
3.6543e+02
3.7071e+02
3.7553e+02
3.7991e+02
3.8383e+02
3.8726e+02
3.9013e+02
3.9237e+02
3.9387e+02
3.9452e+02
3.9417e+02
3.9265e+02
3.8977e+02
3.8536e+02
3.7925e+02
3.7135e+02
3.6161e+02
3.5008e+02
3.3688e+02
3.2220e+02
3.0633e+02
2.8962e+02
2.7248e+02
2.5532e+02
2.3861e+02
2.2274e+02
2.0811e+02
1.9501e+02
1.8368e+02
1.7427e+02
1.6683e+02
1.6135e+02
1.5774e+02
1.5583e+02
1.5544e+02
1.5637e+02
1.5845e+02
1.6154e+02
1.6549e+02
1.7020e+02
1.7556e+02
1.8147e+02
1.8786e+02
1.9463e+02
2.0171e+02
2.0897e+02
2.1628e+02
2.2350e+02
2.3049e+02
2.3710e+02
2.4321e+02
2.4872e+02
2.5350e+02
2.5750e+02
2.6066e+02
2.6294e+02
2.6433e+02
2.6484e+02
2.6448e+02
2.6334e+02
2.6150e+02
2.5910e+02
2.5626e+02
2.5317e+02
2.5002e+02
2.4702e+02
2.4437e+02
2.4224e+02
2.4079e+02
2.4012e+02
2.4031e+02
2.4139e+02
2.4334e+02
2.4612e+02
2.4966e+02
2.5384e+02
2.5854e+02
2.6364e+02
2.6899e+02
2.7445e+02
2.7987e+02
2.8507e+02
2.8991e+02
2.9423e+02
2.9788e+02
3.0074e+02
3.0269e+02
3.0364e+02
3.0355e+02
3.0243e+02
3.0032e+02
2.9733e+02
2.9360e+02
2.8932e+02
2.8468e+02
2.7989e+02
2.7513e+02
2.7055e+02
2.6630e+02
2.6246e+02
2.5909e+02
2.5618e+02
2.5371e+02
2.5164e+02
2.4991e+02
2.4843e+02
2.4718e+02
2.4608e+02
2.4511e+02
2.4423e+02
2.4341e+02
2.4261e+02
2.4184e+02
2.4108e+02
2.4031e+02
2.3953e+02
2.3872e+02
2.3788e+02
2.3704e+02
2.3621e+02
2.3542e+02
2.3468e+02
2.3402e+02
2.3346e+02
2.3301e+02
2.3265e+02
2.3236e+02
2.3208e+02
2.3175e+02
2.3129e+02
2.3059e+02
2.2957e+02
2.2813e+02
2.2624e+02
2.2384e+02
2.2097e+02
2.1766e+02
2.1399e+02
2.1009e+02
2.0608e+02
2.0214e+02
1.9840e+02
1.9500e+02
1.9206e+02
1.8963e+02
1.8775e+02
1.8641e+02
1.8556e+02
1.8512e+02
1.8500e+02
1.8510e+02
1.8531e+02
1.8555e+02
1.8575e+02
1.8587e+02
1.8587e+02
1.8574e+02
1.8548e+02
1.8511e+02
1.8465e+02
1.8413e+02
1.8359e+02
1.8304e+02
1.8250e+02
1.8197e+02
1.8145e+02
1.8092e+02
1.8037e+02
1.7978e+02
1.7912e+02
1.7839e+02
1.7758e+02
1.7670e+02
1.7579e+02
1.7490e+02
1.7409e+02
1.7343e+02
1.7301e+02
1.7289e+02
1.7314e+02
1.7378e+02
1.7481e+02
1.7622e+02
1.7795e+02
1.7990e+02
1.8195e+02
1.8400e+02
1.8592e+02
1.8760e+02
1.8898e+02
1.9001e+02
1.9068e+02
1.9104e+02
1.9114e+02
1.9109e+02
1.9100e+02
1.9097e+02
1.9111e+02
1.9152e+02
1.9223e+02
1.9329e+02
1.9467e+02
1.9634e+02
1.9825e+02
2.0033e+02
2.0252e+02
2.0475e+02
2.0697e+02
2.0914e+02
2.1124e+02
2.1329e+02
2.1529e+02
2.1726e+02
2.1924e+02
2.2128e+02
2.2346e+02
2.2590e+02
2.2872e+02
2.3206e+02
2.3603e+02
2.4078e+02
2.4641e+02
2.5298e+02
2.6052e+02
2.6897e+02
2.7818e+02
2.8797e+02
2.9807e+02
3.0818e+02
3.1797e+02
3.2713e+02
3.3542e+02
3.4263e+02
3.4864e+02
3.5342e+02
3.5703e+02
3.5959e+02
3.6126e+02
3.6224e+02
3.6273e+02
3.6290e+02
3.6288e+02
3.6276e+02
3.6260e+02
3.6240e+02
3.6215e+02
3.6181e+02
3.6135e+02
3.6072e+02
3.5995e+02
3.5906e+02
3.5810e+02
3.5715e+02
3.5629e+02
3.5560e+02
3.5512e+02
3.5485e+02
3.5479e+02
3.5484e+02
3.5490e+02
3.5480e+02
3.5437e+02
3.5342e+02
3.5182e+02
3.4944e+02
3.4625e+02
3.4226e+02
3.3755e+02
3.3228e+02
3.2665e+02
3.2088e+02
3.1519e+02
3.0979e+02
3.0486e+02
3.0050e+02
2.9680e+02
2.9377e+02
2.9140e+02
2.8964e+02
2.8842e+02
2.8768e+02
2.8736e+02
2.8742e+02
2.8779e+02
2.8841e+02
2.8923e+02
2.9022e+02
2.9133e+02
2.9249e+02
2.9363e+02
2.9469e+02
2.9561e+02
2.9635e+02
2.9691e+02
2.9727e+02
2.9745e+02
2.9747e+02
2.9735e+02
2.9715e+02
2.9688e+02
2.9659e+02
2.9631e+02
2.9607e+02
2.9590e+02
2.9581e+02
2.9583e+02
2.9601e+02
2.9636e+02
2.9692e+02
2.9771e+02
2.9872e+02
2.9996e+02
3.0138e+02
3.0297e+02
3.0464e+02
3.0633e+02
3.0794e+02
3.0937e+02
3.1053e+02
3.1133e+02
3.1171e+02
3.1160e+02
3.1096e+02
3.0979e+02
3.0811e+02
3.0594e+02
3.0338e+02
3.0051e+02
2.9745e+02
2.9433e+02
2.9126e+02
2.8836e+02
2.8574e+02
2.8346e+02
2.8161e+02
2.8022e+02
2.7929e+02
2.7881e+02
2.7876e+02
2.7908e+02
2.7970e+02
2.8057e+02
2.8162e+02
2.8276e+02
2.8392e+02
2.8503e+02
2.8602e+02
2.8685e+02
2.8746e+02
2.8783e+02
2.8794e+02
2.8781e+02
2.8745e+02
2.8693e+02
2.8630e+02
2.8564e+02
2.8502e+02
2.8450e+02
2.8411e+02
2.8388e+02
2.8381e+02
2.8387e+02
2.8400e+02
2.8415e+02
2.8426e+02
2.8426e+02
2.8412e+02
2.8383e+02
2.8339e+02
2.8285e+02
2.8226e+02
2.8170e+02
2.8124e+02
2.8095e+02
2.8087e+02
2.8102e+02
2.8141e+02
2.8201e+02
2.8279e+02
2.8370e+02
2.8468e+02
2.8568e+02
2.8666e+02
2.8761e+02
2.8851e+02
2.8937e+02
2.9023e+02
2.9110e+02
2.9203e+02
2.9303e+02
2.9411e+02
2.9527e+02
2.9652e+02
2.9783e+02
2.9916e+02
3.0049e+02
3.0176e+02
3.0293e+02
3.0397e+02
3.0484e+02
3.0551e+02
3.0598e+02
3.0625e+02
3.0633e+02
3.0624e+02
3.0601e+02
3.0568e+02
3.0528e+02
3.0484e+02
3.0436e+02
3.0378e+02
3.0300e+02
3.0192e+02
3.0039e+02
2.9827e+02
2.9537e+02
2.9155e+02
2.8670e+02
2.8074e+02
2.7372e+02
2.6574e+02
2.5698e+02
2.4768e+02
2.3814e+02
2.2869e+02
2.1961e+02
2.1118e+02
2.0364e+02
1.9716e+02
1.9189e+02
1.8792e+02
1.8530e+02
1.8406e+02
1.8421e+02
1.8578e+02
1.8878e+02
1.9321e+02
1.9903e+02
2.0615e+02
2.1443e+02
2.2365e+02
2.3356e+02
2.4385e+02
2.5415e+02
2.6410e+02
2.7334e+02
2.8159e+02
2.8861e+02
2.9428e+02
2.9856e+02
3.0151e+02
3.0327e+02
3.0401e+02
3.0395e+02
3.0332e+02
3.0233e+02
3.0119e+02
3.0004e+02
2.9902e+02
2.9818e+02
2.9754e+02
2.9710e+02
2.9684e+02
2.9671e+02
2.9669e+02
2.9674e+02
2.9681e+02
2.9687e+02
2.9691e+02
2.9689e+02
2.9682e+02
2.9668e+02
2.9647e+02
2.9621e+02
2.9587e+02
2.9548e+02
2.9503e+02
2.9453e+02
2.9398e+02
2.9340e+02
2.9281e+02
2.9222e+02
2.9167e+02
2.9118e+02
2.9079e+02
2.9054e+02
2.9044e+02
2.9051e+02
2.9077e+02
2.9120e+02
2.9179e+02
2.9251e+02
2.9332e+02
2.9418e+02
2.9500e+02
2.9571e+02
2.9620e+02
2.9638e+02
2.9615e+02
2.9542e+02
2.9411e+02
2.9216e+02
2.8951e+02
2.8618e+02
2.8221e+02
2.7766e+02
2.7265e+02
2.6732e+02
2.6184e+02
2.5638e+02
2.5114e+02
2.4627e+02
2.4192e+02
2.3821e+02
2.3520e+02
2.3293e+02
2.3140e+02
2.3054e+02
2.3028e+02
2.3050e+02
2.3108e+02
2.3189e+02
2.3277e+02
2.3359e+02
2.3425e+02
2.3464e+02
2.3472e+02
2.3448e+02
2.3392e+02
2.3309e+02
2.3205e+02
2.3088e+02
2.2967e+02
2.2851e+02
2.2748e+02
2.2662e+02
2.2596e+02
2.2553e+02
2.2530e+02
2.2524e+02
2.2527e+02
2.2530e+02
2.2522e+02
2.2494e+02
2.2433e+02
2.2329e+02
2.2175e+02
2.1964e+02
2.1695e+02
2.1368e+02
2.0992e+02
2.0576e+02
2.0135e+02
1.9687e+02
1.9249e+02
1.8839e+02
1.8474e+02
1.8171e+02
1.7940e+02
1.7788e+02
1.7720e+02
1.7736e+02
1.7833e+02
1.8005e+02
1.8246e+02
1.8547e+02
1.8898e+02
1.9288e+02
1.9704e+02
2.0132e+02
2.0558e+02
2.0970e+02
2.1355e+02
2.1704e+02
2.2006e+02
2.2259e+02
2.2459e+02
2.2609e+02
2.2715e+02
2.2782e+02
2.2822e+02
2.2843e+02
2.2852e+02
2.2857e+02
2.2862e+02
2.2872e+02
2.2885e+02
2.2902e+02
2.2918e+02
2.2931e+02
2.2939e+02
2.2939e+02
2.2927e+02
2.2904e+02
2.2870e+02
2.2826e+02
2.2773e+02
2.2712e+02
2.2647e+02
2.2579e+02
2.2512e+02
2.2447e+02
2.2390e+02
2.2343e+02
2.2307e+02
2.2284e+02
2.2273e+02
2.2273e+02
2.2278e+02
2.2283e+02
2.2278e+02
2.2254e+02
2.2199e+02
2.2104e+02
2.1961e+02
2.1762e+02
2.1507e+02
2.1198e+02
2.0842e+02
2.0450e+02
2.0036e+02
1.9615e+02
1.9203e+02
1.8817e+02
1.8468e+02
1.8166e+02
1.7917e+02
1.7725e+02
1.7589e+02
1.7509e+02
1.7480e+02
1.7498e+02
1.7560e+02
1.7660e+02
1.7794e+02
1.7958e+02
1.8144e+02
1.8348e+02
1.8562e+02
1.8778e+02
1.8987e+02
1.9183e+02
1.9356e+02
1.9497e+02
1.9598e+02
1.9653e+02
1.9659e+02
1.9609e+02
1.9503e+02
1.9340e+02
1.9119e+02
1.8843e+02
1.8519e+02
1.8153e+02
1.7755e+02
1.7339e+02
1.6916e+02
1.6500e+02
1.6105e+02
1.5743e+02
1.5423e+02
1.5152e+02
1.4933e+02
1.4765e+02
1.4644e+02
1.4566e+02
1.4524e+02
1.4511e+02
1.4520e+02
1.4546e+02
1.4588e+02
1.4643e+02
1.4712e+02
1.4798e+02
1.4904e+02
1.5035e+02
1.5194e+02
1.5381e+02
1.5598e+02
1.5842e+02
1.6109e+02
1.6395e+02
1.6697e+02
1.7009e+02
1.7328e+02
1.7652e+02
1.7979e+02
1.8313e+02
1.8656e+02
1.9014e+02
1.9391e+02
1.9790e+02
2.0212e+02
2.0658e+02
2.1122e+02
2.1595e+02
2.2069e+02
2.2531e+02
2.2969e+02
2.3372e+02
2.3731e+02
2.4040e+02
2.4296e+02
2.4499e+02
2.4652e+02
2.4757e+02
2.4810e+02
2.4812e+02
2.4757e+02
2.4637e+02
2.4446e+02
2.4171e+02
2.3804e+02
2.3338e+02
2.2771e+02
2.2107e+02
2.1359e+02
2.0546e+02
1.9693e+02
1.8828e+02
1.7979e+02
1.7174e+02
1.6437e+02
1.5784e+02
1.5226e+02
1.4760e+02
1.4373e+02
1.4045e+02
1.3748e+02
1.3451e+02
1.3119e+02
1.2723e+02
1.2236e+02
1.1637e+02
1.0918e+02
1.0079e+02
9.1344e+01
8.1088e+01
7.0338e+01
5.9457e+01
4.8821e+01
3.8789e+01
2.9673e+01
2.1698e+01
1.5010e+01
9.6639e+00
5.6255e+00
2.7958e+00
1.0266e+00
1.5054e-01
0000
4.3229e-01
1.3275e+00
2.6051e+00
4.2059e+00
6.0794e+00
8.2114e+00
1.0596e+01
1.3203e+01
1.5976e+01
1.8847e+01
2.1744e+01
2.4593e+01
2.7320e+01
2.9862e+01
3.2174e+01
3.4232e+01
3.6045e+01
3.7645e+01
3.9082e+01
4.0424e+01
4.1748e+01
4.3141e+01
4.4687e+01
4.6457e+01
4.8499e+01
5.0846e+01
5.3505e+01
5.6454e+01
5.9651e+01
6.3030e+01
6.6513e+01
7.0013e+01
7.3449e+01
7.6745e+01
7.9844e+01
8.2711e+01
8.5334e+01
8.7721e+01
8.9904e+01
9.1937e+01
9.3876e+01
9.5778e+01
9.7684e+01
9.9625e+01
1.0162e+02
1.0369e+02
1.0583e+02
1.0804e+02
1.1031e+02
1.1260e+02
1.1492e+02
1.1724e+02
1.1954e+02
1.2184e+02
1.2416e+02
1.2653e+02
1.2898e+02
1.3156e+02
1.3433e+02
1.3733e+02
1.4062e+02
1.4424e+02
1.4820e+02
1.5250e+02
1.5711e+02
1.6197e+02
1.6699e+02
1.7205e+02
1.7703e+02
1.8183e+02
1.8632e+02
1.9041e+02
1.9405e+02
1.9722e+02
1.9992e+02
2.0221e+02
2.0413e+02
2.0574e+02
2.0710e+02
2.0826e+02
2.0926e+02
2.1012e+02
2.1085e+02
2.1144e+02
2.1187e+02
2.1210e+02
2.1209e+02
2.1182e+02
2.1127e+02
2.1042e+02
2.0927e+02
2.0781e+02
2.0607e+02
2.0407e+02
2.0185e+02
1.9946e+02
1.9698e+02
1.9448e+02
1.9206e+02
1.8978e+02
1.8773e+02
1.8597e+02
1.8451e+02
1.8330e+02
1.8222e+02
1.8112e+02
1.7981e+02
1.7806e+02
1.7563e+02
1.7230e+02
1.6792e+02
1.6237e+02
1.5565e+02
1.4785e+02
1.3915e+02
1.2982e+02
1.2017e+02
1.1056e+02
1.0133e+02
9.2780e+01
8.5138e+01
7.8563e+01
7.3125e+01
6.8811e+01
6.5548e+01
6.3202e+01
6.1614e+01
6.0610e+01
6.0039e+01
5.9768e+01
5.9700e+01
5.9755e+01
5.9864e+01
5.9997e+01
6.0156e+01
6.0343e+01
6.0549e+01
6.0769e+01
6.0996e+01
6.1221e+01
6.1442e+01
6.1639e+01
6.1775e+01
6.1799e+01
6.1656e+01
6.1275e+01
6.0578e+01
5.9470e+01
5.7865e+01
5.5695e+01
5.2918e+01
4.9541e+01
4.5614e+01
4.1242e+01
3.6586e+01
3.1856e+01
2.7298e+01
2.3170e+01
1.9730e+01
1.7207e+01
1.5789e+01
1.5601e+01
1.6706e+01
1.9094e+01
2.2686e+01
2.7342e+01
3.2867e+01
3.9046e+01
4.5648e+01
5.2446e+01
5.9228e+01
6.5809e+01
7.2055e+01
7.7885e+01
8.3269e+01
8.8219e+01
9.2791e+01
9.7058e+01
1.0113e+02
1.0512e+02
1.0913e+02
1.1327e+02
1.1760e+02
1.2217e+02
1.2694e+02
1.3186e+02
1.3682e+02
1.4169e+02
1.4631e+02
1.5050e+02
1.5409e+02
1.5693e+02
1.5891e+02
1.5997e+02
1.6008e+02
1.5929e+02
1.5765e+02
1.5527e+02
1.5225e+02
1.4870e+02
1.4473e+02
1.4042e+02
1.3585e+02
1.3104e+02
1.2605e+02
1.2089e+02
1.1561e+02
1.1025e+02
1.0490e+02
9.9636e+01
9.4569e+01
8.9802e+01
8.5436e+01
8.1552e+01
7.8209e+01
7.5445e+01
7.3259e+01
7.1622e+01
7.0482e+01
6.9776e+01
6.9435e+01
6.9394e+01
6.9597e+01
7.0003e+01
7.0588e+01
7.1331e+01
7.2236e+01
7.3315e+01
7.4585e+01
7.6066e+01
7.7775e+01
7.9722e+01
8.1902e+01
8.4308e+01
8.6914e+01
8.9675e+01
9.2534e+01
9.5422e+01
9.8262e+01
1.0097e+02
1.0348e+02
1.0571e+02
1.0763e+02
1.0921e+02
1.1045e+02
1.1135e+02
1.1196e+02
1.1234e+02
1.1254e+02
1.1263e+02
1.1268e+02
1.1274e+02
1.1284e+02
1.1301e+02
1.1326e+02
1.1355e+02
1.1388e+02
1.1419e+02
1.1446e+02
1.1464e+02
1.1469e+02
1.1459e+02
1.1432e+02
1.1388e+02
1.1327e+02
1.1252e+02
1.1167e+02
1.1077e+02
1.0987e+02
1.0902e+02
1.0824e+02
1.0758e+02
1.0706e+02
1.0667e+02
1.0640e+02
1.0625e+02
1.0617e+02
1.0615e+02
1.0615e+02
1.0614e+02
1.0609e+02
1.0599e+02
1.0583e+02
1.0561e+02
1.0533e+02
1.0501e+02
1.0468e+02
1.0435e+02
1.0404e+02
1.0378e+02
1.0358e+02
1.0344e+02
1.0337e+02
1.0337e+02
1.0344e+02
1.0359e+02
1.0381e+02
1.0412e+02
1.0452e+02
1.0504e+02
1.0568e+02
1.0650e+02
1.0752e+02
1.0877e+02
1.1025e+02
1.1197e+02
1.1392e+02
1.1606e+02
1.1832e+02
1.2064e+02
1.2294e+02
1.2513e+02
1.2712e+02
1.2886e+02
1.3028e+02
1.3138e+02
1.3217e+02
1.3266e+02
1.3292e+02
1.3300e+02
1.3300e+02
1.3300e+02
1.3310e+02
1.3335e+02
1.3383e+02
1.3456e+02
1.3555e+02
1.3680e+02
1.3828e+02
1.3994e+02
1.4173e+02
1.4358e+02
1.4543e+02
1.4720e+02
1.4884e+02
1.5032e+02
1.5159e+02
1.5264e+02
1.5348e+02
1.5410e+02
1.5452e+02
1.5476e+02
1.5486e+02
1.5482e+02
1.5469e+02
1.5448e+02
1.5421e+02
1.5389e+02
1.5355e+02
1.5320e+02
1.5286e+02
1.5256e+02
1.5229e+02
1.5209e+02
1.5195e+02
1.5188e+02
1.5188e+02
1.5195e+02
1.5209e+02
1.5227e+02
1.5249e+02
1.5275e+02
1.5302e+02
1.5332e+02
1.5364e+02
1.5398e+02
1.5433e+02
1.5471e+02
1.5513e+02
1.5557e+02
1.5606e+02
1.5660e+02
1.5719e+02
1.5783e+02
1.5852e+02
1.5926e+02
1.6006e+02
1.6090e+02
1.6177e+02
1.6269e+02
1.6363e+02
1.6459e+02
1.6555e+02
1.6651e+02
1.6748e+02
1.6844e+02
1.6940e+02
1.7037e+02
1.7134e+02
1.7233e+02
1.7333e+02
1.7434e+02
1.7536e+02
1.7637e+02
1.7734e+02
1.7825e+02
1.7909e+02
1.7982e+02
1.8044e+02
1.8093e+02
1.8128e+02
1.8150e+02
1.8160e+02
1.8162e+02
1.8159e+02
1.8154e+02
1.8152e+02
1.8156e+02
1.8169e+02
1.8193e+02
1.8228e+02
1.8276e+02
1.8334e+02
1.8400e+02
1.8472e+02
1.8548e+02
1.8625e+02
1.8702e+02
1.8779e+02
1.8857e+02
1.8936e+02
1.9018e+02
1.9107e+02
1.9205e+02
1.9313e+02
1.9432e+02
1.9563e+02
1.9704e+02
1.9852e+02
2.0006e+02
2.0163e+02
2.0321e+02
2.0477e+02
2.0630e+02
2.0778e+02
2.0922e+02
2.1060e+02
2.1193e+02
2.1320e+02
2.1440e+02
2.1551e+02
2.1652e+02
2.1741e+02
2.1816e+02
2.1875e+02
2.1918e+02
2.1942e+02
2.1948e+02
2.1936e+02
2.1905e+02
2.1859e+02
2.1802e+02
2.1741e+02
2.1684e+02
2.1644e+02
2.1630e+02
2.1658e+02
2.1740e+02
2.1888e+02
2.2113e+02
2.2418e+02
2.2804e+02
2.3264e+02
2.3783e+02
2.4346e+02
2.4930e+02
2.5510e+02
2.6063e+02
2.6567e+02
2.7006e+02
2.7368e+02
2.7649e+02
2.7849e+02
2.7976e+02
2.8040e+02
2.8058e+02
2.8045e+02
2.8017e+02
2.7988e+02
2.7970e+02
2.7972e+02
2.7998e+02
2.8048e+02
2.8118e+02
2.8198e+02
2.8280e+02
2.8348e+02
2.8391e+02
2.8392e+02
2.8339e+02
2.8223e+02
2.8035e+02
2.7776e+02
2.7448e+02
2.7062e+02
2.6633e+02
2.6179e+02
2.5724e+02
2.5290e+02
2.4899e+02
2.4569e+02
2.4315e+02
2.4147e+02
2.4067e+02
2.4071e+02
2.4149e+02
2.4286e+02
2.4464e+02
2.4663e+02
2.4861e+02
2.5040e+02
2.5183e+02
2.5277e+02
2.5314e+02
2.5290e+02
2.5208e+02
2.5074e+02
2.4897e+02
2.4688e+02
2.4461e+02
2.4222e+02
2.3981e+02
2.3740e+02
2.3501e+02
2.3261e+02
2.3014e+02
2.2754e+02
2.2471e+02
2.2159e+02
2.1814e+02
2.1436e+02
2.1029e+02
2.0599e+02
2.0157e+02
1.9714e+02
1.9285e+02
1.8880e+02
1.8508e+02
1.8174e+02
1.7882e+02
1.7632e+02
1.7420e+02
1.7242e+02
1.7091e+02
1.6961e+02
1.6846e+02
1.6742e+02
1.6644e+02
1.6550e+02
1.6457e+02
1.6365e+02
1.6273e+02
1.6183e+02
1.6096e+02
1.6013e+02
1.5935e+02
1.5863e+02
1.5801e+02
1.5750e+02
1.5713e+02
1.5693e+02
1.5701e+02
1.5747e+02
1.5844e+02
1.6008e+02
1.6257e+02
1.6607e+02
1.7075e+02
1.7676e+02
1.8415e+02
1.9289e+02
2.0287e+02
2.1384e+02
2.2547e+02
2.3735e+02
2.4905e+02
2.6008e+02
2.7005e+02
2.7860e+02
2.8550e+02
2.9061e+02
2.9397e+02
2.9569e+02
2.9599e+02
2.9516e+02
2.9350e+02
2.9130e+02
2.8883e+02
2.8629e+02
2.8381e+02
2.8149e+02
2.7934e+02
2.7731e+02
2.7533e+02
2.7334e+02
2.7126e+02
2.6906e+02
2.6671e+02
2.6423e+02
2.6165e+02
2.5900e+02
2.5636e+02
2.5378e+02
2.5132e+02
2.4906e+02
2.4702e+02
2.4525e+02
2.4376e+02
2.4255e+02
2.4160e+02
2.4090e+02
2.4042e+02
2.4012e+02
2.3999e+02
2.4000e+02
2.4010e+02
2.4027e+02
2.4047e+02
2.4068e+02
2.4085e+02
2.4094e+02
2.4093e+02
2.4078e+02
2.4045e+02
2.3993e+02
2.3921e+02
2.3829e+02
2.3719e+02
2.3594e+02
2.3459e+02
2.3319e+02
2.3180e+02
2.3049e+02
2.2930e+02
2.2830e+02
2.2751e+02
2.2694e+02
2.2661e+02
2.2651e+02
2.2661e+02
2.2688e+02
2.2729e+02
2.2781e+02
2.2841e+02
2.2908e+02
2.2978e+02
2.3050e+02
2.3122e+02
2.3192e+02
2.3258e+02
2.3319e+02
2.3375e+02
2.3421e+02
2.3451e+02
2.3454e+02
2.3420e+02
2.3334e+02
2.3182e+02
2.2948e+02
2.2614e+02
2.2170e+02
2.1605e+02
2.0920e+02
2.0119e+02
1.9217e+02
1.8238e+02
1.7213e+02
1.6178e+02
1.5170e+02
1.4226e+02
1.3377e+02
1.2650e+02
1.2061e+02
1.1615e+02
1.1308e+02
1.1128e+02
1.1056e+02
1.1068e+02
1.1139e+02
1.1246e+02
1.1365e+02
1.1479e+02
1.1573e+02
1.1637e+02
1.1667e+02
1.1667e+02
1.1639e+02
1.1589e+02
1.1525e+02
1.1454e+02
1.1386e+02
1.1327e+02
1.1284e+02
1.1261e+02
1.1261e+02
1.1284e+02
1.1328e+02
1.1390e+02
1.1466e+02
1.1550e+02
1.1637e+02
1.1722e+02
1.1800e+02
1.1868e+02
1.1925e+02
1.1969e+02
1.2002e+02
1.2023e+02
1.2036e+02
1.2043e+02
1.2054e+02
1.2084e+02
1.2156e+02
1.2296e+02
1.2535e+02
1.2908e+02
1.3450e+02
1.4193e+02
1.5163e+02
1.6375e+02
1.7829e+02
1.9507e+02
2.1376e+02
2.3382e+02
2.5465e+02
2.7553e+02
2.9576e+02
3.1466e+02
3.3171e+02
3.4648e+02
3.5877e+02
3.6855e+02
3.7593e+02
3.8120e+02
3.8470e+02
3.8683e+02
3.8797e+02
3.8846e+02
3.8855e+02
3.8844e+02
3.8827e+02
3.8806e+02
3.8779e+02
3.8741e+02
3.8686e+02
3.8610e+02
3.8514e+02
3.8400e+02
3.8273e+02
3.8140e+02
3.8006e+02
3.7879e+02
3.7766e+02
3.7671e+02
3.7597e+02
3.7542e+02
3.7505e+02
3.7479e+02
3.7458e+02
3.7435e+02
3.7401e+02
3.7349e+02
3.7275e+02
3.7177e+02
3.7053e+02
3.6905e+02
3.6735e+02
3.6549e+02
3.6351e+02
3.6147e+02
3.5942e+02
3.5738e+02
3.5539e+02
3.5346e+02
3.5158e+02
3.4976e+02
3.4798e+02
3.4622e+02
3.4446e+02
3.4272e+02
3.4099e+02
3.3927e+02
3.3756e+02
3.3588e+02
3.3422e+02
3.3258e+02
3.3096e+02
3.2932e+02
3.2767e+02
3.2597e+02
3.2423e+02
3.2244e+02
3.2063e+02
3.1879e+02
3.1696e+02
3.1519e+02
3.1348e+02
3.1187e+02
3.1036e+02
3.0894e+02
3.0758e+02
3.0623e+02
3.0484e+02
3.0335e+02
3.0171e+02
2.9986e+02
2.9780e+02
2.9553e+02
2.9308e+02
2.9048e+02
2.8779e+02
2.8506e+02
2.8234e+02
2.7968e+02
2.7713e+02
2.7468e+02
2.7233e+02
2.7008e+02
2.6793e+02
2.6584e+02
2.6381e+02
2.6183e+02
2.5990e+02
2.5804e+02
2.5627e+02
2.5460e+02
2.5306e+02
2.5168e+02
2.5047e+02
2.4945e+02
2.4861e+02
2.4796e+02
2.4748e+02
2.4714e+02
2.4693e+02
2.4679e+02
2.4668e+02
2.4657e+02
2.4642e+02
2.4621e+02
2.4593e+02
2.4558e+02
2.4519e+02
2.4478e+02
2.4440e+02
2.4406e+02
2.4382e+02
2.4367e+02
2.4362e+02
2.4365e+02
2.4374e+02
2.4384e+02
2.4393e+02
2.4395e+02
2.4387e+02
2.4365e+02
2.4331e+02
2.4282e+02
2.4220e+02
2.4149e+02
2.4069e+02
2.3984e+02
2.3894e+02
2.3800e+02
2.3701e+02
2.3599e+02
2.3491e+02
2.3378e+02
2.3259e+02
2.3136e+02
2.3009e+02
2.2879e+02
2.2750e+02
2.2623e+02
2.2503e+02
2.2389e+02
2.2280e+02
2.2170e+02
2.2051e+02
2.1915e+02
2.1747e+02
2.1533e+02
2.1259e+02
2.0911e+02
2.0481e+02
1.9963e+02
1.9359e+02
1.8677e+02
1.7933e+02
1.7147e+02
1.6342e+02
1.5544e+02
1.4777e+02
1.4063e+02
1.3420e+02
1.2859e+02
1.2390e+02
1.2021e+02
1.1761e+02
1.1613e+02
1.1586e+02
1.1689e+02
1.1932e+02
1.2325e+02
1.2875e+02
1.3584e+02
1.4445e+02
1.5445e+02
1.6563e+02
1.7766e+02
1.9018e+02
2.0275e+02
2.1498e+02
2.2648e+02
2.3697e+02
2.4622e+02
2.5414e+02
2.6070e+02
2.6598e+02
2.7007e+02
2.7308e+02
2.7512e+02
2.7624e+02
2.7648e+02
2.7582e+02
2.7423e+02
2.7167e+02
2.6810e+02
2.6350e+02
2.5793e+02
2.5151e+02
2.4442e+02
2.3693e+02
2.2931e+02
2.2185e+02
2.1482e+02
2.0847e+02
2.0297e+02
1.9844e+02
1.9491e+02
1.9235e+02
1.9066e+02
1.8971e+02
1.8935e+02
1.8939e+02
1.8967e+02
1.9004e+02
1.9037e+02
1.9056e+02
1.9053e+02
1.9027e+02
1.8983e+02
1.8930e+02
1.8881e+02
1.8850e+02
1.8854e+02
1.8909e+02
1.9032e+02
1.9234e+02
1.9521e+02
1.9894e+02
2.0345e+02
2.0858e+02
2.1413e+02
2.1978e+02
2.2522e+02
2.3010e+02
2.3410e+02
2.3693e+02
2.3837e+02
2.3828e+02
2.3661e+02
2.3341e+02
2.2885e+02
2.2317e+02
2.1667e+02
2.0969e+02
2.0259e+02
1.9573e+02
1.8938e+02
1.8382e+02
1.7922e+02
1.7564e+02
1.7309e+02
1.7150e+02
1.7081e+02
1.7089e+02
1.7164e+02
1.7298e+02
1.7486e+02
1.7725e+02
1.8016e+02
1.8363e+02
1.8768e+02
1.9233e+02
1.9757e+02
2.0336e+02
2.0959e+02
2.1610e+02
2.2271e+02
2.2920e+02
2.3535e+02
2.4096e+02
2.4587e+02
2.4993e+02
2.5304e+02
2.5515e+02
2.5623e+02
2.5632e+02
2.5546e+02
2.5375e+02
2.5126e+02
2.4808e+02
2.4430e+02
2.4000e+02
2.3529e+02
2.3023e+02
2.2492e+02
2.1942e+02
2.1379e+02
2.0810e+02
2.0240e+02
1.9673e+02
1.9115e+02
1.8571e+02
1.8050e+02
1.7564e+02
1.7122e+02
1.6738e+02
1.6426e+02
1.6200e+02
1.6072e+02
1.6054e+02
1.6148e+02
1.6353e+02
1.6657e+02
1.7042e+02
1.7484e+02
1.7953e+02
1.8415e+02
1.8837e+02
1.9187e+02
1.9437e+02
1.9569e+02
1.9575e+02
1.9454e+02
1.9217e+02
1.8882e+02
1.8476e+02
1.8027e+02
1.7568e+02
1.7130e+02
1.6740e+02
1.6423e+02
1.6195e+02
1.6066e+02
1.6036e+02
1.6102e+02
1.6253e+02
1.6475e+02
1.6752e+02
1.7065e+02
