1.8945e+02
1.8958e+02
1.8965e+02
1.8967e+02
1.8965e+02
1.8963e+02
1.8963e+02
1.8968e+02
1.8980e+02
1.9002e+02
1.9033e+02
1.9074e+02
1.9124e+02
1.9180e+02
1.9242e+02
1.9306e+02
1.9370e+02
1.9432e+02
1.9489e+02
1.9541e+02
1.9587e+02
1.9628e+02
1.9662e+02
1.9691e+02
1.9715e+02
1.9733e+02
1.9744e+02
1.9750e+02
1.9748e+02
1.9739e+02
1.9722e+02
1.9697e+02
1.9665e+02
1.9627e+02
1.9584e+02
1.9538e+02
1.9491e+02
1.9445e+02
1.9402e+02
1.9364e+02
1.9334e+02
1.9315e+02
1.9307e+02
1.9313e+02
1.9332e+02
1.9365e+02
1.9412e+02
1.9471e+02
1.9539e+02
1.9612e+02
1.9687e+02
1.9759e+02
1.9824e+02
1.9878e+02
1.9918e+02
1.9942e+02
1.9950e+02
1.9945e+02
1.9928e+02
1.9903e+02
1.9873e+02
1.9841e+02
1.9808e+02
1.9777e+02
1.9746e+02
1.9714e+02
1.9679e+02
1.9640e+02
1.9595e+02
1.9543e+02
1.9483e+02
1.9416e+02
1.9343e+02
1.9269e+02
1.9196e+02
1.9128e+02
1.9067e+02
1.9015e+02
1.8977e+02
1.8952e+02
1.8944e+02
1.8953e+02
1.8981e+02
1.9027e+02
1.9091e+02
1.9171e+02
1.9268e+02
1.9378e+02
1.9497e+02
1.9621e+02
1.9746e+02
1.9866e+02
1.9976e+02
2.0072e+02
2.0153e+02
2.0215e+02
2.0259e+02
2.0286e+02
2.0296e+02
2.0292e+02
2.0275e+02
2.0247e+02
2.0211e+02
2.0167e+02
2.0115e+02
2.0057e+02
1.9993e+02
1.9922e+02
1.9847e+02
1.9767e+02
1.9686e+02
1.9604e+02
1.9523e+02
1.9445e+02
1.9370e+02
1.9300e+02
1.9236e+02
1.9176e+02
1.9120e+02
1.9067e+02
1.9019e+02
1.8974e+02
1.8936e+02
1.8905e+02
1.8886e+02
1.8879e+02
1.8888e+02
1.8914e+02
1.8958e+02
1.9019e+02
1.9096e+02
1.9187e+02
1.9286e+02
1.9391e+02
1.9495e+02
1.9594e+02
1.9684e+02
1.9760e+02
1.9822e+02
1.9869e+02
1.9899e+02
1.9916e+02
1.9919e+02
1.9912e+02
1.9898e+02
1.9878e+02
1.9856e+02
1.9836e+02
1.9820e+02
1.9811e+02
1.9811e+02
1.9821e+02
1.9842e+02
1.9872e+02
1.9909e+02
1.9953e+02
1.9998e+02
2.0043e+02
2.0084e+02
2.0116e+02
2.0137e+02
2.0144e+02
2.0136e+02
2.0115e+02
2.0083e+02
2.0042e+02
1.9997e+02
1.9953e+02
1.9916e+02
1.9890e+02
1.9879e+02
1.9888e+02
1.9916e+02
1.9965e+02
2.0033e+02
2.0116e+02
2.0211e+02
2.0312e+02
2.0417e+02
2.0519e+02
2.0616e+02
2.0705e+02
2.0785e+02
2.0856e+02
2.0919e+02
2.0975e+02
2.1026e+02
2.1072e+02
2.1114e+02
2.1153e+02
2.1188e+02
2.1220e+02
2.1247e+02
2.1267e+02
2.1273e+02
2.1255e+02
2.1203e+02
2.1107e+02
2.0955e+02
2.0734e+02
2.0433e+02
2.0045e+02
1.9565e+02
1.8995e+02
1.8341e+02
1.7617e+02
1.6842e+02
1.6037e+02
1.5228e+02
1.4438e+02
1.3689e+02
1.3001e+02
1.2388e+02
1.1857e+02
1.1411e+02
1.1049e+02
1.0765e+02
1.0551e+02
1.0398e+02
1.0296e+02
1.0238e+02
1.0215e+02
1.0221e+02
1.0247e+02
1.0288e+02
1.0342e+02
1.0407e+02
1.0479e+02
1.0555e+02
1.0631e+02
1.0705e+02
1.0777e+02
1.0844e+02
1.0908e+02
1.0966e+02
1.1019e+02
1.1067e+02
1.1111e+02
1.1148e+02
1.1178e+02
1.1200e+02
1.1214e+02
1.1219e+02
1.1214e+02
1.1202e+02
1.1183e+02
1.1158e+02
1.1132e+02
1.1105e+02
1.1080e+02
1.1057e+02
1.1037e+02
1.1020e+02
1.1005e+02
1.0990e+02
1.0972e+02
1.0951e+02
1.0924e+02
1.0894e+02
1.0861e+02
1.0828e+02
1.0798e+02
1.0775e+02
1.0764e+02
1.0766e+02
1.0784e+02
1.0817e+02
1.0861e+02
1.0912e+02
1.0965e+02
1.1014e+02
1.1056e+02
1.1088e+02
1.1108e+02
1.1120e+02
1.1125e+02
1.1129e+02
1.1139e+02
1.1160e+02
1.1196e+02
1.1251e+02
1.1324e+02
1.1414e+02
1.1516e+02
1.1624e+02
1.1732e+02
1.1835e+02
1.1930e+02
1.2015e+02
1.2092e+02
1.2163e+02
1.2234e+02
1.2312e+02
1.2401e+02
1.2506e+02
1.2630e+02
1.2774e+02
1.2934e+02
1.3106e+02
1.3285e+02
1.3463e+02
1.3636e+02
1.3799e+02
1.3949e+02
1.4087e+02
1.4216e+02
1.4341e+02
1.4468e+02
1.4603e+02
1.4753e+02
1.4920e+02
1.5106e+02
1.5311e+02
1.5530e+02
1.5759e+02
1.5992e+02
1.6220e+02
1.6436e+02
1.6631e+02
1.6800e+02
1.6936e+02
1.7037e+02
1.7101e+02
1.7127e+02
1.7116e+02
1.7071e+02
1.6995e+02
1.6892e+02
1.6768e+02
1.6631e+02
1.6489e+02
1.6350e+02
1.6221e+02
1.6110e+02
1.6023e+02
1.5963e+02
1.5933e+02
1.5933e+02
1.5959e+02
1.6008e+02
1.6073e+02
1.6147e+02
1.6224e+02
1.6299e+02
1.6365e+02
1.6421e+02
1.6463e+02
1.6490e+02
1.6504e+02
1.6504e+02
1.6492e+02
1.6469e+02
1.6437e+02
1.6396e+02
1.6348e+02
1.6293e+02
1.6232e+02
1.6168e+02
1.6104e+02
1.6041e+02
1.5985e+02
1.5936e+02
1.5897e+02
1.5872e+02
1.5860e+02
1.5862e+02
1.5876e+02
1.5900e+02
1.5931e+02
1.5963e+02
1.5993e+02
1.6016e+02
1.6028e+02
1.6027e+02
1.6011e+02
1.5980e+02
1.5934e+02
1.5876e+02
1.5808e+02
1.5732e+02
1.5652e+02
1.5571e+02
1.5491e+02
1.5414e+02
1.5340e+02
1.5268e+02
1.5198e+02
1.5128e+02
1.5059e+02
1.4989e+02
1.4919e+02
1.4846e+02
1.4774e+02
1.4701e+02
1.4631e+02
1.4565e+02
1.4505e+02
1.4452e+02
1.4408e+02
1.4375e+02
1.4355e+02
1.4346e+02
1.4351e+02
1.4366e+02
1.4391e+02
1.4422e+02
1.4459e+02
1.4496e+02
1.4530e+02
1.4558e+02
1.4577e+02
1.4585e+02
1.4577e+02
1.4556e+02
1.4519e+02
1.4467e+02
1.4401e+02
1.4321e+02
1.4230e+02
1.4126e+02
1.4012e+02
1.3888e+02
1.3755e+02
1.3616e+02
1.3474e+02
1.3332e+02
1.3195e+02
1.3067e+02
1.2954e+02
1.2861e+02
1.2791e+02
1.2746e+02
1.2725e+02
1.2726e+02
1.2747e+02
1.2780e+02
1.2820e+02
1.2858e+02
1.2888e+02
1.2904e+02
1.2902e+02
1.2880e+02
1.2838e+02
1.2778e+02
1.2700e+02
1.2609e+02
1.2507e+02
1.2399e+02
1.2288e+02
1.2177e+02
1.2068e+02
1.1962e+02
1.1861e+02
1.1765e+02
1.1678e+02
1.1598e+02
1.1530e+02
1.1472e+02
1.1428e+02
1.1397e+02
1.1378e+02
1.1369e+02
1.1367e+02
1.1370e+02
1.1373e+02
1.1371e+02
1.1360e+02
1.1336e+02
1.1296e+02
1.1241e+02
1.1169e+02
1.1083e+02
1.0986e+02
1.0880e+02
1.0770e+02
1.0660e+02
1.0553e+02
1.0451e+02
1.0356e+02
1.0267e+02
1.0182e+02
1.0100e+02
1.0017e+02
9.9297e+01
9.8363e+01
9.7350e+01
9.6260e+01
9.5108e+01
9.3925e+01
9.2752e+01
9.1631e+01
9.0613e+01
8.9731e+01
8.9013e+01
8.8462e+01
8.8073e+01
8.7813e+01
8.7641e+01
8.7515e+01
8.7379e+01
8.7195e+01
8.6928e+01
8.6571e+01
8.6127e+01
8.5621e+01
8.5090e+01
8.4580e+01
8.4154e+01
8.3855e+01
8.3726e+01
8.3792e+01
8.4071e+01
8.4557e+01
8.5232e+01
8.6069e+01
8.7019e+01
8.8040e+01
8.9083e+01
9.0100e+01
9.1042e+01
9.1878e+01
9.2579e+01
9.3121e+01
9.3496e+01
9.3705e+01
9.3765e+01
9.3685e+01
9.3495e+01
9.3219e+01
9.2883e+01
9.2519e+01
9.2151e+01
9.1810e+01
9.1520e+01
9.1301e+01
9.1166e+01
9.1132e+01
9.1204e+01
9.1384e+01
9.1673e+01
9.2066e+01
9.2565e+01
9.3158e+01
9.3835e+01
9.4580e+01
9.5386e+01
9.6248e+01
9.7151e+01
9.8085e+01
9.9028e+01
9.9960e+01
1.0086e+02
1.0170e+02
1.0246e+02
1.0314e+02
1.0370e+02
1.0412e+02
1.0441e+02
1.0455e+02
1.0455e+02
1.0443e+02
1.0420e+02
1.0389e+02
1.0352e+02
1.0312e+02
1.0272e+02
1.0232e+02
1.0195e+02
1.0161e+02
1.0133e+02
1.0110e+02
1.0094e+02
1.0083e+02
1.0078e+02
1.0079e+02
1.0086e+02
1.0097e+02
1.0109e+02
1.0120e+02
1.0127e+02
1.0125e+02
1.0112e+02
1.0083e+02
1.0036e+02
9.9681e+01
9.8800e+01
9.7726e+01
9.6499e+01
9.5163e+01
9.3781e+01
9.2412e+01
9.1109e+01
8.9914e+01
8.8856e+01
8.7943e+01
8.7158e+01
8.6485e+01
8.5892e+01
8.5341e+01
8.4785e+01
8.4198e+01
8.3561e+01
8.2870e+01
8.2140e+01
8.1387e+01
8.0646e+01
7.9945e+01
7.9322e+01
7.8814e+01
7.8458e+01
7.8281e+01
7.8297e+01
7.8525e+01
7.8973e+01
7.9642e+01
8.0518e+01
8.1573e+01
8.2762e+01
8.4030e+01
8.5314e+01
8.6540e+01
8.7642e+01
8.8565e+01
8.9273e+01
8.9735e+01
8.9950e+01
8.9937e+01
8.9729e+01
8.9379e+01
8.8947e+01
8.8500e+01
8.8091e+01
8.7775e+01
8.7586e+01
8.7549e+01
8.7682e+01
8.7992e+01
8.8488e+01
8.9157e+01
8.9983e+01
9.0941e+01
9.2010e+01
9.3155e+01
9.4328e+01
9.5481e+01
9.6550e+01
9.7484e+01
9.8236e+01
9.8781e+01
9.9100e+01
9.9194e+01
9.9086e+01
9.8808e+01
9.8402e+01
9.7899e+01
9.7302e+01
9.6585e+01
9.5702e+01
9.4591e+01
9.3160e+01
9.1309e+01
8.8936e+01
8.5965e+01
8.2361e+01
7.8155e+01
7.3435e+01
6.8346e+01
6.3077e+01
5.7832e+01
5.2840e+01
4.8311e+01
4.4415e+01
4.1261e+01
3.8897e+01
3.7310e+01
3.6427e+01
3.6140e+01
3.6314e+01
3.6815e+01
3.7520e+01
3.8337e+01
3.9207e+01
4.0103e+01
4.1028e+01
4.1991e+01
4.3025e+01
4.4155e+01
4.5399e+01
4.6744e+01
4.8161e+01
4.9604e+01
5.1021e+01
5.2374e+01
5.3628e+01
5.4770e+01
5.5790e+01
5.6691e+01
5.7492e+01
5.8227e+01
5.8936e+01
5.9641e+01
6.0363e+01
6.1100e+01
6.1846e+01
6.2584e+01
6.3296e+01
6.3964e+01
6.4580e+01
6.5144e+01
6.5653e+01
6.6127e+01
6.6587e+01
6.7063e+01
6.7570e+01
6.8124e+01
6.8731e+01
6.9376e+01
7.0048e+01
7.0732e+01
7.1414e+01
7.2072e+01
7.2702e+01
7.3305e+01
7.3894e+01
7.4494e+01
7.5123e+01
7.5809e+01
7.6575e+01
7.7441e+01
7.8411e+01
7.9482e+01
8.0648e+01
8.1882e+01
8.3172e+01
8.4495e+01
8.5836e+01
8.7176e+01
8.8500e+01
8.9790e+01
9.1036e+01
9.2229e+01
9.3346e+01
9.4369e+01
9.5272e+01
9.6038e+01
9.6643e+01
9.7079e+01
9.7352e+01
9.7477e+01
9.7478e+01
9.7390e+01
9.7273e+01
9.7174e+01
9.7144e+01
9.7221e+01
9.7430e+01
9.7791e+01
9.8299e+01
9.8939e+01
9.9673e+01
1.0047e+02
1.0128e+02
1.0208e+02
1.0284e+02
1.0354e+02
1.0418e+02
1.0479e+02
1.0537e+02
1.0596e+02
1.0658e+02
1.0725e+02
1.0798e+02
1.0879e+02
1.0967e+02
1.1059e+02
1.1156e+02
1.1256e+02
1.1357e+02
1.1457e+02
1.1556e+02
1.1653e+02
1.1749e+02
1.1843e+02
1.1935e+02
1.2024e+02
1.2110e+02
1.2190e+02
1.2263e+02
1.2328e+02
1.2382e+02
1.2426e+02
1.2457e+02
1.2477e+02
1.2485e+02
1.2484e+02
1.2477e+02
1.2465e+02
1.2453e+02
1.2441e+02
1.2433e+02
1.2429e+02
1.2429e+02
1.2434e+02
1.2442e+02
1.2452e+02
1.2462e+02
1.2470e+02
1.2473e+02
1.2469e+02
1.2457e+02
1.2435e+02
1.2405e+02
1.2368e+02
1.2325e+02
1.2279e+02
1.2234e+02
1.2193e+02
1.2158e+02
1.2133e+02
1.2117e+02
1.2114e+02
1.2121e+02
1.2138e+02
1.2163e+02
1.2192e+02
1.2224e+02
1.2255e+02
1.2284e+02
1.2305e+02
1.2319e+02
1.2322e+02
1.2314e+02
1.2293e+02
1.2257e+02
1.2204e+02
1.2134e+02
1.2045e+02
1.1939e+02
1.1815e+02
1.1675e+02
1.1520e+02
1.1355e+02
1.1180e+02
1.1001e+02
1.0819e+02
1.0640e+02
1.0467e+02
1.0303e+02
1.0152e+02
1.0016e+02
9.8986e+01
9.8005e+01
9.7234e+01
9.6682e+01
9.6363e+01
9.6264e+01
9.6362e+01
9.6617e+01
9.6997e+01
9.7464e+01
9.7964e+01
9.8444e+01
9.8854e+01
9.9165e+01
9.9352e+01
9.9403e+01
9.9312e+01
9.9091e+01
9.8773e+01
9.8387e+01
9.7979e+01
9.7589e+01
9.7250e+01
9.6990e+01
9.6832e+01
9.6779e+01
9.6815e+01
9.6925e+01
9.7081e+01
9.7250e+01
9.7389e+01
9.7464e+01
9.7443e+01
9.7301e+01
9.7019e+01
9.6579e+01
9.5984e+01
9.5244e+01
9.4387e+01
9.3443e+01
9.2443e+01
9.1431e+01
9.0452e+01
8.9557e+01
8.8791e+01
8.8199e+01
8.7813e+01
8.7658e+01
8.7732e+01
8.8018e+01
8.8490e+01
8.9092e+01
8.9768e+01
9.0450e+01
9.1076e+01
9.1588e+01
9.1952e+01
9.2155e+01
9.2194e+01
9.2095e+01
9.1894e+01
9.1645e+01
9.1394e+01
9.1187e+01
9.1047e+01
9.0982e+01
9.0989e+01
9.1033e+01
9.1071e+01
9.1045e+01
9.0897e+01
9.0578e+01
9.0049e+01
8.9290e+01
8.8298e+01
8.7097e+01
8.5716e+01
8.4208e+01
8.2630e+01
8.1047e+01
7.9511e+01
7.8071e+01
7.6768e+01
7.5620e+01
7.4640e+01
7.3825e+01
7.3164e+01
7.2629e+01
7.2194e+01
7.1837e+01
7.1536e+01
7.1272e+01
7.1012e+01
7.0735e+01
7.0423e+01
7.0062e+01
6.9633e+01
6.9114e+01
6.8488e+01
6.7740e+01
6.6871e+01
6.5880e+01
6.4785e+01
6.3605e+01
6.2380e+01
6.1156e+01
5.9978e+01
5.8907e+01
5.7985e+01
5.7261e+01
5.6762e+01
5.6508e+01
5.6488e+01
5.6680e+01
5.7050e+01
5.7546e+01
5.8120e+01
5.8714e+01
5.9275e+01
5.9755e+01
6.0118e+01
6.0339e+01
6.0407e+01
6.0341e+01
6.0162e+01
5.9902e+01
5.9596e+01
5.9291e+01
5.9026e+01
5.8840e+01
5.8761e+01
5.8796e+01
5.8956e+01
5.9245e+01
5.9663e+01
6.0204e+01
6.0855e+01
6.1602e+01
6.2426e+01
6.3326e+01
6.4285e+01
6.5292e+01
6.6326e+01
6.7373e+01
6.8410e+01
6.9417e+01
7.0376e+01
7.1258e+01
7.2046e+01
7.2726e+01
7.3294e+01
7.3744e+01
7.4081e+01
7.4307e+01
7.4424e+01
7.4442e+01
7.4371e+01
7.4227e+01
7.4028e+01
7.3806e+01
7.3598e+01
7.3451e+01
7.3429e+01
7.3590e+01
7.4006e+01
7.4739e+01
7.5843e+01
7.7353e+01
7.9294e+01
8.1666e+01
8.4440e+01
8.7581e+01
9.1032e+01
9.4740e+01
9.8644e+01
1.0270e+02
1.0685e+02
1.1107e+02
1.1535e+02
1.1966e+02
1.2399e+02
1.2830e+02
1.3251e+02
1.3654e+02
1.4027e+02
1.4356e+02
1.4626e+02
1.4824e+02
1.4936e+02
1.4955e+02
1.4876e+02
1.4704e+02
1.4447e+02
1.4122e+02
1.3750e+02
1.3352e+02
1.2954e+02
1.2576e+02
1.2239e+02
1.1953e+02
1.1722e+02
1.1543e+02
1.1404e+02
1.1290e+02
1.1179e+02
1.1051e+02
1.0883e+02
1.0660e+02
1.0371e+02
1.0013e+02
9.5927e+01
9.1249e+01
8.6335e+01
8.1490e+01
7.7055e+01
7.3368e+01
7.0741e+01
6.9424e+01
6.9577e+01
7.1259e+01
7.4408e+01
7.8863e+01
8.4361e+01
9.0584e+01
9.7174e+01
1.0378e+02
1.1009e+02
1.1583e+02
1.2081e+02
1.2493e+02
1.2817e+02
1.3057e+02
1.3224e+02
1.3330e+02
1.3389e+02
1.3411e+02
1.3406e+02
1.3380e+02
1.3332e+02
1.3263e+02
1.3168e+02
1.3041e+02
1.2876e+02
1.2669e+02
1.2419e+02
1.2124e+02
1.1789e+02
1.1420e+02
1.1027e+02
1.0620e+02
1.0213e+02
9.8181e+01
9.4459e+01
9.1060e+01
8.8047e+01
8.5453e+01
8.3272e+01
8.1477e+01
8.0026e+01
7.8855e+01
7.7908e+01
7.7124e+01
7.6466e+01
7.5912e+01
7.5460e+01
7.5120e+01
7.4895e+01
7.4804e+01
7.4858e+01
7.5064e+01
7.5401e+01
7.5834e+01
7.6315e+01
7.6784e+01
7.7175e+01
7.7422e+01
7.7476e+01
7.7300e+01
7.6878e+01
7.6205e+01
7.5301e+01
7.4199e+01
7.2943e+01
7.1597e+01
7.0222e+01
6.8887e+01
6.7653e+01
6.6588e+01
6.5740e+01
6.5147e+01
6.4834e+01
6.4808e+01
6.5061e+01
6.5561e+01
6.6261e+01
6.7094e+01
6.7987e+01
6.8855e+01
6.9620e+01
7.0213e+01
7.0568e+01
7.0643e+01
7.0412e+01
6.9880e+01
6.9069e+01
6.8028e+01
6.6826e+01
6.5539e+01
6.4258e+01
6.3067e+01
6.2049e+01
6.1266e+01
6.0772e+01
6.0595e+01
6.0739e+01
6.1190e+01
6.1910e+01
6.2853e+01
6.3958e+01
6.5163e+01
6.6407e+01
6.7640e+01
6.8816e+01
6.9899e+01
7.0885e+01
7.1776e+01
7.2595e+01
7.3368e+01
7.4132e+01
7.4925e+01
7.5786e+01
7.6756e+01
7.7861e+01
7.9123e+01
8.0542e+01
8.2118e+01
8.3830e+01
8.5643e+01
8.7511e+01
8.9375e+01
9.1176e+01
9.2850e+01
9.4347e+01
9.5615e+01
9.6622e+01
9.7350e+01
9.7799e+01
9.7993e+01
9.7958e+01
9.7735e+01
9.7372e+01
9.6921e+01
9.6429e+01
9.5954e+01
9.5541e+01
9.5211e+01
9.4980e+01
9.4850e+01
9.4826e+01
9.4898e+01
9.5057e+01
9.5283e+01
9.5555e+01
9.5858e+01
9.6171e+01
9.6482e+01
9.6775e+01
9.7042e+01
9.7276e+01
9.7474e+01
9.7635e+01
9.7756e+01
9.7845e+01
9.7901e+01
9.7929e+01
9.7928e+01
9.7900e+01
9.7849e+01
9.7783e+01
9.7716e+01
9.7656e+01
9.7623e+01
9.7636e+01
9.7715e+01
9.7870e+01
9.8111e+01
9.8447e+01
9.8881e+01
9.9411e+01
1.0001e+02
1.0066e+02
1.0132e+02
1.0197e+02
1.0257e+02
1.0310e+02
1.0354e+02
1.0389e+02
1.0414e+02
1.0430e+02
1.0440e+02
1.0446e+02
1.0451e+02
1.0456e+02
1.0464e+02
1.0476e+02
1.0493e+02
1.0514e+02
1.0539e+02
1.0566e+02
1.0593e+02
1.0618e+02
1.0641e+02
1.0659e+02
1.0674e+02
1.0686e+02
1.0698e+02
1.0712e+02
1.0733e+02
1.0764e+02
1.0810e+02
1.0873e+02
1.0957e+02
1.1062e+02
1.1187e+02
1.1328e+02
1.1479e+02
1.1633e+02
1.1781e+02
1.1913e+02
1.2022e+02
1.2097e+02
1.2135e+02
1.2132e+02
1.2089e+02
1.2008e+02
1.1896e+02
1.1761e+02
1.1614e+02
1.1466e+02
1.1325e+02
1.1202e+02
1.1101e+02
1.1025e+02
1.0975e+02
1.0948e+02
1.0940e+02
1.0944e+02
1.0954e+02
1.0962e+02
1.0962e+02
1.0950e+02
1.0922e+02
1.0880e+02
1.0822e+02
1.0753e+02
1.0679e+02
1.0604e+02
1.0536e+02
1.0482e+02
1.0447e+02
1.0437e+02
1.0454e+02
1.0500e+02
1.0575e+02
1.0675e+02
1.0797e+02
1.0934e+02
1.1077e+02
1.1219e+02
1.1352e+02
1.1466e+02
1.1559e+02
1.1625e+02
1.1664e+02
1.1676e+02
1.1662e+02
1.1626e+02
1.1573e+02
1.1509e+02
1.1440e+02
1.1370e+02
1.1303e+02
1.1242e+02
1.1189e+02
1.1146e+02
1.1112e+02
1.1087e+02
1.1070e+02
1.1061e+02
1.1057e+02
1.1060e+02
1.1070e+02
1.1088e+02
1.1117e+02
1.1158e+02
1.1214e+02
1.1286e+02
1.1375e+02
1.1483e+02
1.1608e+02
1.1748e+02
1.1899e+02
1.2059e+02
1.2220e+02
1.2378e+02
1.2528e+02
1.2668e+02
1.2794e+02
1.2903e+02
1.2994e+02
1.3067e+02
1.3120e+02
1.3154e+02
1.3171e+02
1.3170e+02
1.3151e+02
1.3115e+02
1.3063e+02
1.2995e+02
1.2913e+02
1.2821e+02
1.2722e+02
1.2619e+02
1.2517e+02
1.2419e+02
1.2329e+02
1.2248e+02
1.2178e+02
1.2117e+02
1.2064e+02
1.2015e+02
1.1966e+02
1.1913e+02
1.1850e+02
1.1774e+02
1.1681e+02
1.1571e+02
1.1442e+02
1.1299e+02
1.1144e+02
1.0980e+02
1.0815e+02
1.0651e+02
1.0495e+02
1.0350e+02
1.0221e+02
1.0108e+02
1.0012e+02
9.9334e+01
9.8695e+01
9.8198e+01
9.7837e+01
9.7621e+01
9.7567e+01
9.7710e+01
9.8092e+01
9.8755e+01
9.9758e+01
1.0114e+02
1.0292e+02
1.0510e+02
1.0762e+02
1.1041e+02
1.1336e+02
1.1632e+02
1.1913e+02
1.2165e+02
1.2372e+02
1.2522e+02
1.2607e+02
1.2621e+02
1.2568e+02
1.2454e+02
1.2290e+02
1.2090e+02
1.1872e+02
1.1654e+02
1.1452e+02
1.1283e+02
1.1157e+02
1.1085e+02
1.1069e+02
1.1106e+02
1.1193e+02
1.1319e+02
1.1475e+02
1.1649e+02
1.1828e+02
1.2004e+02
1.2167e+02
1.2311e+02
1.2433e+02
1.2532e+02
1.2611e+02
1.2668e+02
1.2706e+02
1.2725e+02
1.2724e+02
1.2702e+02
1.2654e+02
1.2579e+02
1.2474e+02
1.2339e+02
1.2176e+02
1.1989e+02
1.1786e+02
1.1576e+02
1.1368e+02
1.1174e+02
1.1004e+02
1.0864e+02
1.0760e+02
1.0692e+02
1.0658e+02
1.0652e+02
1.0667e+02
1.0692e+02
1.0719e+02
1.0739e+02
1.0744e+02
1.0728e+02
1.0691e+02
1.0632e+02
1.0551e+02
1.0452e+02
1.0341e+02
1.0224e+02
1.0108e+02
9.9982e+01
9.8991e+01
9.8142e+01
9.7453e+01
9.6934e+01
9.6568e+01
9.6327e+01
9.6169e+01
9.6039e+01
9.5896e+01
9.5699e+01
9.5419e+01
9.5042e+01
9.4585e+01
9.4078e+01
9.3558e+01
9.3080e+01
9.2689e+01
9.2432e+01
9.2337e+01
9.2419e+01
9.2665e+01
9.3046e+01
9.3519e+01
9.4027e+01
9.4522e+01
9.4954e+01
9.5292e+01
9.5509e+01
9.5595e+01
9.5552e+01
9.5403e+01
9.5183e+01
9.4916e+01
9.4628e+01
9.4335e+01
9.4056e+01
9.3798e+01
9.3565e+01
9.3362e+01
9.3178e+01
9.3017e+01
9.2874e+01
9.2749e+01
9.2637e+01
9.2534e+01
9.2434e+01
9.2326e+01
9.2211e+01
9.2083e+01
9.1940e+01
9.1777e+01
9.1600e+01
9.1406e+01
9.1202e+01
9.0991e+01
9.0773e+01
9.0552e+01
9.0317e+01
9.0066e+01
8.9786e+01
8.9472e+01
8.9109e+01
8.8683e+01
8.8181e+01
8.7584e+01
8.6885e+01
8.6070e+01
8.5130e+01
8.4052e+01
8.2832e+01
8.1466e+01
7.9949e+01
7.8291e+01
7.6500e+01
7.4591e+01
7.2583e+01
7.0506e+01
6.8388e+01
6.6247e+01
6.4111e+01
6.1992e+01
5.9909e+01
5.7877e+01
5.5924e+01
5.4077e+01
5.2369e+01
5.0840e+01
4.9534e+01
4.8510e+01
4.7804e+01
4.7444e+01
4.7432e+01
4.7747e+01
4.8341e+01
4.9149e+01
5.0090e+01
5.1061e+01
5.1968e+01
5.2722e+01
5.3260e+01
5.3537e+01
5.3547e+01
5.3315e+01
5.2881e+01
5.2309e+01
5.1661e+01
5.1007e+01
5.0398e+01
4.9875e+01
4.9462e+01
4.9152e+01
4.8935e+01
4.8788e+01
4.8694e+01
4.8634e+01
4.8590e+01
4.8542e+01
4.8475e+01
4.8373e+01
4.8204e+01
4.7945e+01
4.7561e+01
4.7014e+01
4.6267e+01
4.5291e+01
4.4059e+01
4.2564e+01
4.0825e+01
3.8880e+01
3.6803e+01
3.4679e+01
3.2609e+01
3.0682e+01
2.8980e+01
2.7567e+01
2.6473e+01
2.5705e+01
2.5228e+01
2.4984e+01
2.4896e+01
2.4885e+01
2.4875e+01
2.4802e+01
2.4625e+01
2.4315e+01
2.3870e+01
2.3310e+01
2.2682e+01
2.2039e+01
2.1440e+01
2.0944e+01
2.0592e+01
2.0422e+01
2.0445e+01
2.0665e+01
2.1066e+01
2.1625e+01
2.2305e+01
2.3055e+01
2.3827e+01
2.4562e+01
2.5211e+01
2.5727e+01
2.6084e+01
2.6264e+01
2.6272e+01
2.6130e+01
2.5872e+01
2.5551e+01
2.5218e+01
2.4935e+01
2.4750e+01
2.4707e+01
2.4828e+01
2.5113e+01
2.5545e+01
2.6088e+01
2.6706e+01
2.7344e+01
2.7948e+01
2.8468e+01
2.8866e+01
2.9121e+01
2.9220e+01
2.9189e+01
2.9052e+01
2.8849e+01
2.8629e+01
2.8450e+01
2.8362e+01
2.8413e+01
2.8640e+01
2.9061e+01
2.9690e+01
3.0522e+01
3.1542e+01
3.2714e+01
3.4000e+01
3.5359e+01
3.6740e+01
3.8108e+01
3.9424e+01
4.0659e+01
4.1791e+01
4.2813e+01
4.3730e+01
4.4551e+01
4.5286e+01
4.5935e+01
4.6516e+01
4.7041e+01
4.7521e+01
4.7955e+01
4.8346e+01
4.8693e+01
4.8986e+01
4.9230e+01
4.9428e+01
4.9588e+01
4.9718e+01
4.9842e+01
4.9986e+01
5.0174e+01
5.0437e+01
5.0793e+01
5.1262e+01
5.1854e+01
5.2577e+01
5.3421e+01
5.4365e+01
5.5388e+01
5.6458e+01
5.7544e+01
5.8608e+01
5.9624e+01
6.0564e+01
6.1413e+01
6.2165e+01
6.2827e+01
6.3418e+01
6.3941e+01
6.4411e+01
6.4838e+01
6.5234e+01
6.5598e+01
6.5924e+01
6.6193e+01
6.6368e+01
6.6415e+01
6.6296e+01
6.5986e+01
6.5451e+01
6.4677e+01
6.3667e+01
6.2448e+01
6.1073e+01
5.9605e+01
5.8122e+01
5.6707e+01
5.5446e+01
5.4412e+01
5.3665e+01
5.3237e+01
5.3130e+01
5.3326e+01
5.3776e+01
5.4425e+01
5.5195e+01
5.6006e+01
5.6779e+01
5.7445e+01
5.7964e+01
5.8299e+01
5.8438e+01
5.8381e+01
5.8144e+01
5.7746e+01
5.7214e+01
5.6578e+01
5.5863e+01
5.5096e+01
5.4296e+01
5.3491e+01
5.2711e+01
5.1988e+01
5.1351e+01
5.0827e+01
5.0450e+01
5.0240e+01
5.0207e+01
5.0348e+01
5.0652e+01
5.1085e+01
5.1599e+01
5.2136e+01
5.2622e+01
5.2988e+01
5.3159e+01
5.3079e+01
5.2706e+01
5.2030e+01
5.1066e+01
4.9861e+01
4.8491e+01
4.7034e+01
4.5583e+01
4.4229e+01
4.3059e+01
4.2132e+01
4.1485e+01
4.1129e+01
4.1039e+01
4.1169e+01
4.1445e+01
4.1787e+01
4.2112e+01
4.2361e+01
4.2481e+01
4.2436e+01
4.2224e+01
4.1861e+01
4.1379e+01
4.0804e+01
4.0166e+01
3.9493e+01
3.8801e+01
3.8093e+01
3.7358e+01
3.6586e+01
3.5758e+01
3.4861e+01
3.3890e+01
3.2859e+01
3.1785e+01
3.0698e+01
2.9645e+01
2.8670e+01
2.7819e+01
2.7123e+01
2.6612e+01
2.6276e+01
2.6082e+01
2.5982e+01
2.5914e+01
2.5820e+01
2.5622e+01
2.5257e+01
2.4671e+01
2.3841e+01
2.2770e+01
2.1480e+01
2.0024e+01
1.8466e+01
1.6895e+01
1.5395e+01
1.4045e+01
1.2908e+01
1.2030e+01
1.1434e+01
1.1108e+01
1.1029e+01
1.1156e+01
1.1444e+01
1.1836e+01
1.2288e+01
1.2765e+01
1.3239e+01
1.3710e+01
1.4176e+01
1.4645e+01
1.5116e+01
1.5600e+01
1.6106e+01
1.6628e+01
1.7152e+01
1.7658e+01
1.8136e+01
1.8567e+01
1.8932e+01
1.9214e+01
1.9406e+01
1.9504e+01
1.9510e+01
1.9434e+01
1.9275e+01
1.9044e+01
1.8743e+01
1.8373e+01
1.7938e+01
1.7432e+01
1.6849e+01
1.6177e+01
1.5414e+01
1.4550e+01
1.3585e+01
1.2521e+01
1.1369e+01
1.0152e+01
8.8902e+00
7.6179e+00
6.3642e+00
5.1719e+00
4.0763e+00
3.1128e+00
2.3011e+00
1.6466e+00
1.1417e+00
7.6190e-01
4.8695e-01
2.8929e-01
1.5116e-01
5.6574e-02
3.9300e-03
0000
6.3004e-02
2.2769e-01
5.2195e-01
9.7888e-01
1.6126e+00
2.4234e+00
3.3952e+00
4.4939e+00
5.6605e+00
6.8178e+00
7.8939e+00
8.8052e+00
9.5353e+00
1.0146e+01
1.0745e+01
1.1499e+01
1.2636e+01
1.4435e+01
1.7198e+01
2.1218e+01
2.6738e+01
3.3925e+01
4.2838e+01
5.3400e+01
6.5403e+01
7.8514e+01
9.2304e+01
