1.9941e+02
2.0203e+02
2.0458e+02
2.0696e+02
2.0909e+02
2.1090e+02
2.1235e+02
2.1340e+02
2.1406e+02
2.1434e+02
2.1429e+02
2.1394e+02
2.1334e+02
2.1256e+02
2.1162e+02
2.1057e+02
2.0943e+02
2.0821e+02
2.0693e+02
2.0558e+02
2.0418e+02
2.0275e+02
2.0133e+02
2.0002e+02
1.9892e+02
1.9814e+02
1.9785e+02
1.9820e+02
1.9934e+02
2.0141e+02
2.0449e+02
2.0857e+02
2.1356e+02
2.1928e+02
2.2548e+02
2.3182e+02
2.3790e+02
2.4333e+02
2.4772e+02
2.5078e+02
2.5229e+02
2.5215e+02
2.5040e+02
2.4720e+02
2.4281e+02
2.3758e+02
2.3188e+02
2.2608e+02
2.2049e+02
2.1539e+02
2.1093e+02
2.0721e+02
2.0425e+02
2.0200e+02
2.0036e+02
1.9922e+02
1.9850e+02
1.9809e+02
1.9795e+02
1.9802e+02
1.9829e+02
1.9875e+02
1.9941e+02
2.0028e+02
2.0136e+02
2.0264e+02
2.0409e+02
2.0569e+02
2.0739e+02
2.0916e+02
2.1098e+02
2.1282e+02
2.1465e+02
2.1645e+02
2.1822e+02
2.1991e+02
2.2150e+02
2.2297e+02
2.2428e+02
2.2541e+02
2.2631e+02
2.2695e+02
2.2733e+02
2.2744e+02
2.2728e+02
2.2688e+02
2.2626e+02
2.2549e+02
2.2461e+02
2.2371e+02
2.2283e+02
2.2204e+02
2.2137e+02
2.2085e+02
2.2050e+02
2.2030e+02
2.2025e+02
2.2032e+02
2.2049e+02
2.2071e+02
2.2096e+02
2.2120e+02
2.2139e+02
2.2153e+02
2.2160e+02
2.2156e+02
2.2142e+02
2.2115e+02
2.2073e+02
2.2016e+02
2.1943e+02
2.1852e+02
2.1747e+02
2.1627e+02
2.1497e+02
2.1360e+02
2.1222e+02
2.1089e+02
2.0967e+02
2.0862e+02
2.0780e+02
2.0726e+02
2.0703e+02
2.0711e+02
2.0747e+02
2.0808e+02
2.0887e+02
2.0976e+02
2.1065e+02
2.1146e+02
2.1208e+02
2.1246e+02
2.1254e+02
2.1230e+02
2.1173e+02
2.1087e+02
2.0976e+02
2.0846e+02
2.0706e+02
2.0563e+02
2.0424e+02
2.0294e+02
2.0181e+02
2.0085e+02
2.0009e+02
1.9953e+02
1.9917e+02
1.9898e+02
1.9894e+02
1.9903e+02
1.9921e+02
1.9946e+02
1.9977e+02
2.0011e+02
2.0048e+02
2.0089e+02
2.0134e+02
2.0185e+02
2.0243e+02
2.0310e+02
2.0387e+02
2.0476e+02
2.0577e+02
2.0690e+02
2.0814e+02
2.0946e+02
2.1082e+02
2.1217e+02
2.1349e+02
2.1474e+02
2.1588e+02
2.1690e+02
2.1778e+02
2.1855e+02
2.1923e+02
2.1984e+02
2.2044e+02
2.2106e+02
2.2174e+02
2.2251e+02
2.2338e+02
2.2435e+02
2.2540e+02
2.2649e+02
2.2759e+02
2.2864e+02
2.2960e+02
2.3041e+02
2.3103e+02
2.3145e+02
2.3166e+02
2.3165e+02
2.3145e+02
2.3110e+02
2.3064e+02
2.3011e+02
2.2956e+02
2.2904e+02
2.2859e+02
2.2824e+02
2.2798e+02
2.2784e+02
2.2779e+02
2.2783e+02
2.2793e+02
2.2809e+02
2.2828e+02
2.2852e+02
2.2882e+02
2.2923e+02
2.2976e+02
2.3047e+02
2.3139e+02
2.3257e+02
2.3402e+02
2.3571e+02
2.3764e+02
2.3974e+02
2.4195e+02
2.4419e+02
2.4637e+02
2.4841e+02
2.5025e+02
2.5180e+02
2.5304e+02
2.5394e+02
2.5449e+02
2.5470e+02
2.5458e+02
2.5415e+02
2.5345e+02
2.5250e+02
2.5133e+02
2.5001e+02
2.4855e+02
2.4702e+02
2.4547e+02
2.4396e+02
2.4255e+02
2.4129e+02
2.4022e+02
2.3938e+02
2.3878e+02
2.3844e+02
2.3833e+02
2.3843e+02
2.3869e+02
2.3906e+02
2.3949e+02
2.3991e+02
2.4028e+02
2.4055e+02
2.4067e+02
2.4063e+02
2.4042e+02
2.4004e+02
2.3949e+02
2.3880e+02
2.3799e+02
2.3707e+02
2.3606e+02
2.3498e+02
2.3382e+02
2.3259e+02
2.3128e+02
2.2988e+02
2.2839e+02
2.2679e+02
2.2509e+02
2.2330e+02
2.2142e+02
2.1950e+02
2.1756e+02
2.1567e+02
2.1386e+02
2.1217e+02
2.1063e+02
2.0927e+02
2.0809e+02
2.0708e+02
2.0619e+02
2.0538e+02
2.0457e+02
2.0371e+02
2.0273e+02
2.0156e+02
2.0018e+02
1.9858e+02
1.9675e+02
1.9473e+02
1.9257e+02
1.9034e+02
1.8812e+02
1.8600e+02
1.8402e+02
1.8227e+02
1.8077e+02
1.7956e+02
1.7863e+02
1.7796e+02
1.7753e+02
1.7727e+02
1.7715e+02
1.7710e+02
1.7707e+02
1.7700e+02
1.7686e+02
1.7662e+02
1.7628e+02
1.7583e+02
1.7529e+02
1.7468e+02
1.7404e+02
1.7341e+02
1.7282e+02
1.7230e+02
1.7184e+02
1.7144e+02
1.7106e+02
1.7068e+02
1.7025e+02
1.6972e+02
1.6907e+02
1.6825e+02
1.6725e+02
1.6609e+02
1.6479e+02
1.6339e+02
1.6196e+02
1.6053e+02
1.5919e+02
1.5796e+02
1.5688e+02
1.5596e+02
1.5523e+02
1.5467e+02
1.5428e+02
1.5404e+02
1.5393e+02
1.5394e+02
1.5407e+02
1.5432e+02
1.5467e+02
1.5510e+02
1.5558e+02
1.5609e+02
1.5657e+02
1.5700e+02
1.5735e+02
1.5757e+02
1.5766e+02
1.5761e+02
1.5744e+02
1.5718e+02
1.5687e+02
1.5657e+02
1.5633e+02
1.5618e+02
1.5615e+02
1.5625e+02
1.5647e+02
1.5678e+02
1.5714e+02
1.5751e+02
1.5784e+02
1.5811e+02
1.5827e+02
1.5831e+02
1.5823e+02
1.5803e+02
1.5773e+02
1.5735e+02
1.5693e+02
1.5649e+02
1.5607e+02
1.5568e+02
1.5535e+02
1.5509e+02
1.5492e+02
1.5483e+02
1.5484e+02
1.5493e+02
1.5511e+02
1.5534e+02
1.5563e+02
1.5594e+02
1.5624e+02
1.5652e+02
1.5674e+02
1.5688e+02
1.5693e+02
1.5687e+02
1.5670e+02
1.5641e+02
1.5602e+02
1.5553e+02
1.5495e+02
1.5432e+02
1.5364e+02
1.5294e+02
1.5226e+02
1.5162e+02
1.5103e+02
1.5052e+02
1.5009e+02
1.4976e+02
1.4955e+02
1.4946e+02
1.4950e+02
1.4966e+02
1.4993e+02
1.5028e+02
1.5068e+02
1.5109e+02
1.5147e+02
1.5177e+02
1.5193e+02
1.5193e+02
1.5173e+02
1.5132e+02
1.5070e+02
1.4989e+02
1.4891e+02
1.4781e+02
1.4666e+02
1.4550e+02
1.4440e+02
1.4339e+02
1.4251e+02
1.4178e+02
1.4121e+02
1.4077e+02
1.4046e+02
1.4025e+02
1.4012e+02
1.4006e+02
1.4005e+02
1.4010e+02
1.4022e+02
1.4042e+02
1.4070e+02
1.4108e+02
1.4157e+02
1.4216e+02
1.4285e+02
1.4362e+02
1.4445e+02
1.4531e+02
1.4617e+02
1.4704e+02
1.4789e+02
1.4872e+02
1.4953e+02
1.5033e+02
1.5112e+02
1.5191e+02
1.5269e+02
1.5346e+02
1.5421e+02
1.5492e+02
1.5557e+02
1.5614e+02
1.5662e+02
1.5698e+02
1.5724e+02
1.5739e+02
1.5744e+02
1.5740e+02
1.5727e+02
1.5707e+02
1.5681e+02
1.5652e+02
1.5621e+02
1.5590e+02
1.5560e+02
1.5533e+02
1.5513e+02
1.5501e+02
1.5499e+02
1.5510e+02
1.5533e+02
1.5567e+02
1.5612e+02
1.5662e+02
1.5715e+02
1.5765e+02
1.5806e+02
1.5833e+02
1.5843e+02
1.5832e+02
1.5799e+02
1.5747e+02
1.5678e+02
1.5598e+02
1.5510e+02
1.5420e+02
1.5334e+02
1.5256e+02
1.5189e+02
1.5134e+02
1.5093e+02
1.5063e+02
1.5042e+02
1.5028e+02
1.5019e+02
1.5012e+02
1.5006e+02
1.5001e+02
1.4996e+02
1.4993e+02
1.4992e+02
1.4994e+02
1.5000e+02
1.5012e+02
1.5029e+02
1.5054e+02
1.5087e+02
1.5127e+02
1.5175e+02
1.5231e+02
1.5294e+02
1.5366e+02
1.5444e+02
1.5526e+02
1.5611e+02
1.5695e+02
1.5772e+02
1.5836e+02
1.5881e+02
1.5899e+02
1.5885e+02
1.5834e+02
1.5745e+02
1.5618e+02
1.5458e+02
1.5271e+02
1.5067e+02
1.4860e+02
1.4661e+02
1.4484e+02
1.4340e+02
1.4238e+02
1.4182e+02
1.4173e+02
1.4210e+02
1.4286e+02
1.4392e+02
1.4519e+02
1.4659e+02
1.4806e+02
1.4952e+02
1.5095e+02
1.5233e+02
1.5367e+02
1.5499e+02
1.5629e+02
1.5759e+02
1.5888e+02
1.6015e+02
1.6138e+02
1.6256e+02
1.6365e+02
1.6465e+02
1.6555e+02
1.6639e+02
1.6723e+02
1.6811e+02
1.6912e+02
1.7034e+02
1.7185e+02
1.7370e+02
1.7595e+02
1.7860e+02
1.8164e+02
1.8504e+02
1.8874e+02
1.9267e+02
1.9677e+02
2.0096e+02
2.0515e+02
2.0927e+02
2.1325e+02
2.1704e+02
2.2058e+02
2.2384e+02
2.2677e+02
2.2935e+02
2.3158e+02
2.3346e+02
2.3499e+02
2.3622e+02
2.3716e+02
2.3787e+02
2.3840e+02
2.3879e+02
2.3908e+02
2.3932e+02
2.3952e+02
2.3971e+02
2.3989e+02
2.4006e+02
2.4022e+02
2.4037e+02
2.4050e+02
2.4064e+02
2.4078e+02
2.4101e+02
2.4139e+02
2.4205e+02
2.4311e+02
2.4471e+02
2.4701e+02
2.5015e+02
2.5426e+02
2.5940e+02
2.6561e+02
2.7284e+02
2.8098e+02
2.8982e+02
2.9912e+02
3.0858e+02
3.1787e+02
3.2669e+02
3.3476e+02
3.4186e+02
3.4783e+02
3.5253e+02
3.5587e+02
3.5785e+02
3.5848e+02
3.5778e+02
3.5579e+02
3.5255e+02
3.4809e+02
3.4248e+02
3.3579e+02
3.2816e+02
3.1974e+02
3.1075e+02
3.0140e+02
2.9199e+02
2.8278e+02
2.7407e+02
2.6609e+02
2.5901e+02
2.5296e+02
2.4797e+02
2.4403e+02
2.4104e+02
2.3889e+02
2.3741e+02
2.3645e+02
2.3585e+02
2.3549e+02
2.3523e+02
2.3499e+02
2.3469e+02
2.3433e+02
2.3389e+02
2.3338e+02
2.3279e+02
2.3211e+02
2.3136e+02
2.3052e+02
2.2959e+02
2.2858e+02
2.2749e+02
2.2631e+02
2.2505e+02
2.2371e+02
2.2233e+02
2.2093e+02
2.1952e+02
2.1816e+02
2.1685e+02
2.1564e+02
2.1454e+02
2.1356e+02
2.1269e+02
2.1191e+02
2.1120e+02
2.1053e+02
2.0985e+02
2.0914e+02
2.0841e+02
2.0768e+02
2.0701e+02
2.0647e+02
2.0617e+02
2.0621e+02
2.0672e+02
2.0780e+02
2.0952e+02
2.1195e+02
2.1505e+02
2.1877e+02
2.2298e+02
2.2750e+02
2.3215e+02
2.3670e+02
2.4097e+02
2.4476e+02
2.4795e+02
2.5046e+02
2.5228e+02
2.5343e+02
2.5401e+02
2.5412e+02
2.5390e+02
2.5347e+02
2.5295e+02
2.5241e+02
2.5192e+02
2.5150e+02
2.5112e+02
2.5076e+02
2.5036e+02
2.4986e+02
2.4920e+02
2.4832e+02
2.4718e+02
2.4578e+02
2.4409e+02
2.4213e+02
2.3992e+02
2.3750e+02
2.3491e+02
2.3220e+02
2.2943e+02
2.2668e+02
2.2400e+02
2.2144e+02
2.1905e+02
2.1685e+02
2.1485e+02
2.1304e+02
2.1138e+02
2.0984e+02
2.0836e+02
2.0690e+02
2.0539e+02
2.0381e+02
2.0212e+02
2.0032e+02
1.9842e+02
1.9644e+02
1.9440e+02
1.9233e+02
1.9028e+02
1.8827e+02
1.8633e+02
1.8448e+02
1.8273e+02
1.8108e+02
1.7953e+02
1.7806e+02
1.7670e+02
1.7544e+02
1.7429e+02
1.7326e+02
1.7234e+02
1.7153e+02
1.7082e+02
1.7020e+02
1.6968e+02
1.6924e+02
1.6885e+02
1.6851e+02
1.6819e+02
1.6788e+02
1.6757e+02
1.6725e+02
1.6690e+02
1.6652e+02
1.6610e+02
1.6561e+02
1.6504e+02
1.6437e+02
1.6357e+02
1.6263e+02
1.6154e+02
1.6029e+02
1.5889e+02
1.5737e+02
1.5576e+02
1.5409e+02
1.5240e+02
1.5076e+02
1.4919e+02
1.4773e+02
1.4639e+02
1.4521e+02
1.4417e+02
1.4328e+02
1.4252e+02
1.4184e+02
1.4125e+02
1.4070e+02
1.4018e+02
1.3969e+02
1.3920e+02
1.3873e+02
1.3825e+02
1.3777e+02
1.3728e+02
1.3678e+02
1.3626e+02
1.3572e+02
1.3517e+02
1.3460e+02
1.3403e+02
1.3348e+02
1.3297e+02
1.3251e+02
1.3212e+02
1.3181e+02
1.3158e+02
1.3141e+02
1.3129e+02
1.3117e+02
1.3102e+02
1.3082e+02
1.3053e+02
1.3014e+02
1.2963e+02
1.2903e+02
1.2835e+02
1.2760e+02
1.2681e+02
1.2602e+02
1.2525e+02
1.2452e+02
1.2386e+02
1.2327e+02
1.2276e+02
1.2232e+02
1.2195e+02
1.2167e+02
1.2147e+02
1.2135e+02
1.2133e+02
1.2141e+02
1.2157e+02
1.2181e+02
1.2212e+02
1.2250e+02
1.2292e+02
1.2338e+02
1.2385e+02
1.2434e+02
1.2483e+02
1.2531e+02
1.2578e+02
1.2624e+02
1.2668e+02
1.2711e+02
1.2752e+02
1.2793e+02
1.2833e+02
1.2873e+02
1.2912e+02
1.2951e+02
1.2988e+02
1.3022e+02
1.3052e+02
1.3075e+02
1.3092e+02
1.3102e+02
1.3104e+02
1.3098e+02
1.3083e+02
1.3058e+02
1.3022e+02
1.2973e+02
1.2910e+02
1.2829e+02
1.2727e+02
1.2601e+02
1.2451e+02
1.2275e+02
1.2075e+02
1.1857e+02
1.1627e+02
1.1394e+02
1.1167e+02
1.0956e+02
1.0770e+02
1.0615e+02
1.0495e+02
1.0413e+02
1.0366e+02
1.0352e+02
1.0365e+02
1.0397e+02
1.0445e+02
1.0503e+02
1.0567e+02
1.0635e+02
1.0707e+02
1.0782e+02
1.0862e+02
1.0947e+02
1.1040e+02
1.1140e+02
1.1247e+02
1.1359e+02
1.1475e+02
1.1592e+02
1.1709e+02
1.1824e+02
1.1934e+02
1.2039e+02
1.2136e+02
1.2225e+02
1.2304e+02
1.2374e+02
1.2433e+02
1.2481e+02
1.2518e+02
1.2542e+02
1.2553e+02
1.2551e+02
1.2538e+02
1.2513e+02
1.2480e+02
1.2440e+02
1.2395e+02
1.2347e+02
1.2299e+02
1.2255e+02
1.2216e+02
1.2183e+02
1.2159e+02
1.2142e+02
1.2134e+02
1.2131e+02
1.2132e+02
1.2134e+02
1.2133e+02
1.2128e+02
1.2115e+02
1.2092e+02
1.2058e+02
1.2012e+02
1.1955e+02
1.1889e+02
1.1814e+02
1.1734e+02
1.1651e+02
1.1567e+02
1.1484e+02
1.1403e+02
1.1325e+02
1.1253e+02
1.1185e+02
1.1122e+02
1.1063e+02
1.1009e+02
1.0961e+02
1.0919e+02
1.0884e+02
1.0855e+02
1.0833e+02
1.0818e+02
1.0810e+02
1.0809e+02
1.0812e+02
1.0820e+02
1.0829e+02
1.0838e+02
1.0844e+02
1.0844e+02
1.0834e+02
1.0813e+02
1.0779e+02
1.0730e+02
1.0666e+02
1.0586e+02
1.0493e+02
1.0387e+02
1.0273e+02
1.0154e+02
1.0034e+02
9.9199e+01
9.8158e+01
9.7270e+01
9.6575e+01
9.6096e+01
9.5848e+01
9.5825e+01
9.6001e+01
9.6333e+01
9.6767e+01
9.7242e+01
9.7690e+01
9.8049e+01
9.8259e+01
9.8277e+01
9.8076e+01
9.7646e+01
9.6999e+01
9.6156e+01
9.5155e+01
9.4036e+01
9.2847e+01
9.1631e+01
9.0427e+01
8.9267e+01
8.8181e+01
8.7194e+01
8.6314e+01
8.5545e+01
8.4875e+01
8.4287e+01
8.3756e+01
8.3238e+01
8.2688e+01
8.2066e+01
8.1333e+01
8.0447e+01
7.9383e+01
7.8128e+01
7.6692e+01
7.5109e+01
7.3427e+01
7.1692e+01
6.9943e+01
6.8220e+01
6.6544e+01
6.4923e+01
6.3340e+01
6.1759e+01
6.0132e+01
5.8413e+01
5.6567e+01
5.4571e+01
5.2440e+01
5.0214e+01
4.7969e+01
4.5802e+01
4.3821e+01
4.2135e+01
4.0835e+01
3.9993e+01
3.9634e+01
3.9743e+01
4.0274e+01
4.1137e+01
4.2213e+01
4.3369e+01
4.4479e+01
4.5421e+01
4.6108e+01
4.6476e+01
4.6491e+01
4.6151e+01
4.5488e+01
4.4566e+01
4.3460e+01
4.2237e+01
4.0927e+01
3.9549e+01
3.8103e+01
3.6562e+01
3.4874e+01
3.2973e+01
3.0793e+01
2.8272e+01
2.5371e+01
2.2094e+01
1.8507e+01
1.4736e+01
1.0960e+01
7.3947e+00
4.2778e+00
1.8615e+00
3.7464e-01
0000
8.4756e-01
2.9355e+00
6.1882e+00
1.0440e+01
1.5451e+01
2.0908e+01
2.6468e+01
3.1787e+01
3.6552e+01
4.0503e+01
4.3460e+01
4.5329e+01
4.6108e+01
4.5904e+01
4.4881e+01
4.3250e+01
4.1241e+01
3.9074e+01
3.6951e+01
3.5037e+01
3.3457e+01
3.2284e+01
3.1553e+01
3.1248e+01
3.1323e+01
3.1730e+01
3.2419e+01
3.3341e+01
3.4445e+01
3.5696e+01
3.7046e+01
3.8452e+01
3.9881e+01
4.1292e+01
4.2629e+01
4.3835e+01
4.4869e+01
4.5688e+01
4.6265e+01
4.6584e+01
4.6641e+01
4.6447e+01
4.6016e+01
4.5375e+01
4.4549e+01
4.3567e+01
4.2449e+01
4.1217e+01
3.9904e+01
3.8536e+01
3.7140e+01
3.5747e+01
3.4399e+01
3.3128e+01
3.1975e+01
3.0966e+01
3.0116e+01
2.9433e+01
2.8918e+01
2.8554e+01
2.8314e+01
2.8179e+01
2.8129e+01
2.8151e+01
2.8241e+01
2.8404e+01
2.8640e+01
2.8946e+01
2.9325e+01
2.9762e+01
3.0230e+01
3.0685e+01
3.1069e+01
3.1320e+01
3.1383e+01
3.1220e+01
3.0808e+01
3.0153e+01
2.9284e+01
2.8258e+01
2.7149e+01
2.6048e+01
2.5037e+01
2.4181e+01
2.3542e+01
2.3154e+01
2.3034e+01
2.3178e+01
2.3559e+01
2.4141e+01
2.4894e+01
2.5792e+01
2.6808e+01
2.7930e+01
2.9151e+01
3.0465e+01
3.1876e+01
3.3391e+01
3.5010e+01
3.6717e+01
3.8496e+01
4.0321e+01
4.2171e+01
4.4025e+01
4.5869e+01
4.7704e+01
4.9542e+01
5.1416e+01
5.3368e+01
5.5458e+01
5.7746e+01
6.0294e+01
6.3153e+01
6.6356e+01
6.9915e+01
7.3805e+01
7.7967e+01
8.2288e+01
8.6615e+01
9.0782e+01
9.4606e+01
9.7901e+01
1.0049e+02
1.0224e+02
1.0304e+02
1.0283e+02
1.0162e+02
9.9461e+01
9.6476e+01
9.2829e+01
8.8733e+01
8.4419e+01
8.0147e+01
7.6167e+01
7.2712e+01
6.9986e+01
6.8145e+01
6.7289e+01
6.7466e+01
6.8665e+01
7.0810e+01
7.3780e+01
7.7403e+01
8.1475e+01
8.5781e+01
9.0101e+01
9.4231e+01
9.7978e+01
1.0118e+02
1.0371e+02
1.0548e+02
1.0642e+02
1.0650e+02
1.0574e+02
1.0414e+02
1.0178e+02
9.8740e+01
9.5157e+01
9.1178e+01
8.6973e+01
8.2721e+01
7.8602e+01
7.4787e+01
7.1419e+01
6.8612e+01
6.6442e+01
6.4945e+01
6.4110e+01
6.3893e+01
6.4218e+01
6.4992e+01
6.6146e+01
6.7625e+01
6.9412e+01
7.1520e+01
7.3996e+01
7.6905e+01
8.0321e+01
8.4321e+01
8.8974e+01
9.4323e+01
1.0035e+02
1.0698e+02
1.1409e+02
1.2151e+02
1.2902e+02
1.3640e+02
1.4342e+02
1.4985e+02
1.5552e+02
1.6030e+02
1.6412e+02
1.6697e+02
1.6890e+02
1.7002e+02
1.7044e+02
1.7035e+02
1.6989e+02
1.6923e+02
1.6849e+02
1.6782e+02
1.6732e+02
1.6704e+02
1.6703e+02
1.6728e+02
1.6778e+02
1.6850e+02
1.6936e+02
1.7030e+02
1.7122e+02
1.7203e+02
1.7263e+02
1.7291e+02
1.7280e+02
1.7222e+02
1.7115e+02
1.6957e+02
1.6751e+02
1.6500e+02
1.6215e+02
1.5904e+02
1.5577e+02
1.5247e+02
1.4923e+02
1.4614e+02
1.4328e+02
1.4069e+02
1.3839e+02
1.3638e+02
1.3463e+02
1.3312e+02
1.3180e+02
1.3062e+02
1.2954e+02
1.2853e+02
1.2756e+02
1.2662e+02
1.2571e+02
1.2486e+02
1.2405e+02
1.2325e+02
1.2241e+02
1.2146e+02
1.2032e+02
1.1888e+02
1.1701e+02
1.1461e+02
1.1158e+02
1.0785e+02
1.0339e+02
9.8215e+01
9.2395e+01
8.6028e+01
7.9254e+01
7.2248e+01
6.5220e+01
5.8391e+01
5.1996e+01
4.6276e+01
4.1468e+01
3.7796e+01
3.5457e+01
3.4608e+01
3.5356e+01
3.7744e+01
4.1735e+01
4.7202e+01
5.3940e+01
6.1655e+01
7.0003e+01
7.8596e+01
8.7020e+01
9.4877e+01
1.0181e+02
1.0751e+02
1.1179e+02
1.1449e+02
1.1559e+02
1.1512e+02
1.1320e+02
1.1003e+02
1.0582e+02
1.0084e+02
9.5375e+01
8.9739e+01
8.4237e+01
7.9159e+01
7.4764e+01
7.1284e+01
6.8915e+01
6.7805e+01
6.8042e+01
6.9653e+01
7.2604e+01
7.6802e+01
8.2099e+01
8.8298e+01
9.5145e+01
1.0234e+02
1.0959e+02
1.1655e+02
1.2294e+02
1.2848e+02
1.3297e+02
1.3622e+02
1.3812e+02
1.3863e+02
1.3779e+02
1.3569e+02
1.3251e+02
1.2845e+02
1.2375e+02
1.1868e+02
1.1349e+02
1.0842e+02
1.0368e+02
9.9440e+01
9.5807e+01
9.2863e+01
9.0637e+01
8.9113e+01
8.8238e+01
8.7936e+01
8.8102e+01
8.8627e+01
8.9398e+01
9.0303e+01
9.1241e+01
9.2147e+01
9.2991e+01
9.3758e+01
9.4463e+01
9.5146e+01
9.5866e+01
9.6691e+01
9.7696e+01
9.8943e+01
1.0047e+02
1.0229e+02
1.0437e+02
1.0668e+02
1.0912e+02
1.1160e+02
1.1398e+02
1.1616e+02
1.1803e+02
1.1952e+02
1.2056e+02
1.2115e+02
1.2129e+02
1.2103e+02
1.2046e+02
1.1967e+02
1.1878e+02
1.1789e+02
1.1711e+02
1.1653e+02
1.1620e+02
1.1616e+02
1.1641e+02
1.1693e+02
1.1766e+02
1.1853e+02
1.1945e+02
1.2034e+02
1.2110e+02
1.2168e+02
1.2204e+02
1.2215e+02
1.2205e+02
1.2178e+02
1.2141e+02
1.2103e+02
1.2074e+02
1.2064e+02
1.2077e+02
1.2116e+02
1.2179e+02
1.2256e+02
1.2335e+02
1.2401e+02
1.2438e+02
1.2427e+02
1.2354e+02
1.2212e+02
1.2000e+02
1.1727e+02
1.1410e+02
1.1075e+02
1.0755e+02
1.0483e+02
1.0296e+02
1.0221e+02
1.0281e+02
1.0486e+02
1.0836e+02
1.1316e+02
1.1905e+02
1.2569e+02
1.3276e+02
1.3986e+02
1.4661e+02
1.5269e+02
1.5782e+02
1.6179e+02
1.6445e+02
1.6571e+02
1.6554e+02
1.6398e+02
1.6116e+02
1.5723e+02
1.5245e+02
1.4709e+02
1.4149e+02
1.3605e+02
1.3113e+02
1.2711e+02
1.2429e+02
1.2289e+02
1.2306e+02
1.2479e+02
1.2799e+02
1.3245e+02
1.3786e+02
1.4389e+02
1.5019e+02
1.5636e+02
1.6206e+02
1.6699e+02
1.7092e+02
1.7366e+02
1.7508e+02
1.7516e+02
1.7390e+02
1.7137e+02
1.6772e+02
1.6315e+02
1.5796e+02
1.5249e+02
1.4711e+02
1.4221e+02
1.3815e+02
1.3524e+02
1.3374e+02
1.3381e+02
1.3547e+02
1.3859e+02
1.4292e+02
1.4811e+02
1.5372e+02
1.5929e+02
1.6435e+02
1.6850e+02
1.7141e+02
1.7286e+02
1.7275e+02
1.7112e+02
1.6814e+02
1.6410e+02
1.5932e+02
1.5418e+02
1.4905e+02
1.4431e+02
1.4024e+02
1.3712e+02
1.3509e+02
1.3427e+02
1.3465e+02
1.3615e+02
1.3865e+02
1.4196e+02
1.4586e+02
1.5013e+02
1.5452e+02
1.5876e+02
1.6263e+02
1.6591e+02
1.6846e+02
1.7019e+02
1.7104e+02
1.7103e+02
1.7022e+02
1.6871e+02
1.6664e+02
1.6416e+02
1.6141e+02
1.5853e+02
1.5562e+02
1.5278e+02
1.5007e+02
1.4758e+02
1.4539e+02
1.4359e+02
1.4227e+02
1.4156e+02
1.4159e+02
1.4252e+02
1.4444e+02
1.4744e+02
1.5157e+02
1.5680e+02
1.6303e+02
1.7011e+02
1.7779e+02
1.8581e+02
1.9387e+02
2.0168e+02
2.0899e+02
2.1557e+02
2.2126e+02
2.2592e+02
2.2947e+02
2.3189e+02
2.3320e+02
2.3341e+02
2.3257e+02
2.3073e+02
2.2794e+02
2.2428e+02
2.1982e+02
2.1468e+02
2.0898e+02
2.0286e+02
1.9648e+02
1.9003e+02
1.8367e+02
1.7756e+02
1.7184e+02
1.6660e+02
1.6191e+02
1.5778e+02
1.5420e+02
1.5113e+02
1.4850e+02
1.4625e+02
1.4433e+02
1.4269e+02
1.4129e+02
1.4010e+02
1.3910e+02
1.3827e+02
1.3760e+02
1.3710e+02
1.3672e+02
1.3644e+02
1.3622e+02
1.3602e+02
1.3580e+02
1.3554e+02
1.3520e+02
1.3479e+02
1.3429e+02
1.3371e+02
1.3307e+02
1.3240e+02
1.3173e+02
1.3109e+02
1.3052e+02
1.3004e+02
1.2967e+02
1.2943e+02
1.2932e+02
1.2931e+02
1.2941e+02
1.2957e+02
1.2977e+02
1.2997e+02
1.3013e+02
1.3022e+02
1.3022e+02
1.3010e+02
1.2986e+02
1.2952e+02
1.2911e+02
1.2868e+02
1.2832e+02
1.2812e+02
1.2818e+02
1.2860e+02
1.2946e+02
1.3083e+02
1.3273e+02
1.3514e+02
1.3799e+02
1.4115e+02
1.4444e+02
1.4768e+02
1.5063e+02
1.5309e+02
1.5487e+02
1.5583e+02
1.5585e+02
1.5490e+02
1.5300e+02
1.5022e+02
1.4666e+02
1.4246e+02
1.3776e+02
1.3268e+02
1.2738e+02
1.2196e+02
1.1655e+02
1.1123e+02
1.0610e+02
1.0128e+02
9.6862e+01
9.2934e+01
8.9576e+01
8.6859e+01
8.4825e+01
8.3483e+01
8.2802e+01
8.2721e+01
8.3155e+01
8.3993e+01
8.5110e+01
8.6378e+01
8.7688e+01
8.8950e+01
9.0085e+01
9.1039e+01
9.1791e+01
9.2347e+01
9.2717e+01
9.2919e+01
9.2967e+01
9.2872e+01
9.2651e+01
9.2323e+01
9.1916e+01
9.1478e+01
9.1097e+01
9.0881e+01
9.0973e+01
9.1527e+01
9.2704e+01
9.4670e+01
9.7574e+01
1.0153e+02
1.0660e+02
1.1278e+02
1.1999e+02
1.2808e+02
1.3683e+02
1.4596e+02
1.5518e+02
1.6416e+02
1.7263e+02
1.8032e+02
1.8698e+02
1.9242e+02
1.9650e+02
1.9910e+02
2.0015e+02
1.9965e+02
1.9759e+02
1.9402e+02
1.8905e+02
1.8281e+02
1.7551e+02
1.6742e+02
1.5886e+02
1.5014e+02
1.4163e+02
1.3366e+02
1.2652e+02
1.2047e+02
1.1566e+02
1.1221e+02
1.1015e+02
1.0945e+02
1.1005e+02
1.1184e+02
1.1473e+02
1.1862e+02
1.2345e+02
1.2913e+02
1.3559e+02
1.4273e+02
1.5045e+02
1.5860e+02
1.6702e+02
1.7552e+02
1.8387e+02
1.9180e+02
1.9908e+02
2.0548e+02
2.1081e+02
2.1493e+02
2.1776e+02
2.1929e+02
2.1954e+02
2.1863e+02
2.1669e+02
2.1394e+02
2.1063e+02
2.0702e+02
2.0340e+02
2.0002e+02
1.9709e+02
1.9476e+02
1.9316e+02
1.9232e+02
1.9225e+02
1.9288e+02
1.9410e+02
1.9578e+02
1.9780e+02
2.0004e+02
2.0238e+02
2.0477e+02
2.0716e+02
2.0952e+02
2.1181e+02
2.1401e+02
2.1608e+02
2.1796e+02
2.1957e+02
2.2084e+02
2.2167e+02
2.2196e+02
2.2165e+02
2.2072e+02
2.1919e+02
2.1711e+02
2.1460e+02
2.1177e+02
2.0875e+02
2.0567e+02
2.0268e+02
1.9985e+02
1.9727e+02
1.9495e+02
1.9291e+02
1.9113e+02
1.8958e+02
1.8825e+02
1.8710e+02
1.8614e+02
1.8537e+02
1.8481e+02
1.8447e+02
1.8436e+02
1.8448e+02
1.8484e+02
1.8542e+02
1.8620e+02
1.8717e+02
1.8834e+02
1.8973e+02
1.9137e+02
1.9332e+02
1.9565e+02
1.9841e+02
2.0165e+02
2.0537e+02
2.0953e+02
2.1406e+02
2.1885e+02
2.2375e+02
2.2858e+02
2.3315e+02
2.3730e+02
2.4091e+02
2.4386e+02
2.4606e+02
2.4747e+02
2.4805e+02
2.4779e+02
2.4668e+02
2.4471e+02
2.4188e+02
2.3824e+02
2.3385e+02
2.2884e+02
2.2335e+02
2.1762e+02
2.1192e+02
2.0654e+02
2.0178e+02
1.9791e+02
1.9513e+02
1.9356e+02
1.9322e+02
1.9399e+02
1.9566e+02
1.9793e+02
2.0043e+02
2.0278e+02
2.0462e+02
2.0565e+02
2.0563e+02
2.0442e+02
2.0194e+02
1.9824e+02
1.9337e+02
1.8750e+02
1.8076e+02
1.7331e+02
1.6526e+02
1.5674e+02
1.4785e+02
1.3871e+02
1.2940e+02
1.2005e+02
1.1080e+02
1.0182e+02
9.3332e+01
8.5566e+01
7.8738e+01
7.3046e+01
6.8643e+01
6.5632e+01
6.4039e+01
6.3829e+01
6.4903e+01
6.7104e+01
7.0251e+01
7.4165e+01
7.8675e+01
8.3634e+01
8.8943e+01
9.4548e+01
1.0043e+02
1.0660e+02
1.1306e+02
1.1982e+02
1.2684e+02
1.3406e+02
1.4137e+02
1.4867e+02
1.5579e+02
1.6254e+02
1.6877e+02
1.7430e+02
1.7904e+02
1.8290e+02
1.8587e+02
1.8797e+02
1.8926e+02
1.8985e+02
1.8985e+02
