2.4003e+02
2.3913e+02
2.3822e+02
2.3732e+02
2.3645e+02
2.3564e+02
2.3490e+02
2.3425e+02
2.3367e+02
2.3319e+02
2.3279e+02
2.3249e+02
2.3228e+02
2.3218e+02
2.3220e+02
2.3236e+02
2.3268e+02
2.3318e+02
2.3384e+02
2.3466e+02
2.3562e+02
2.3671e+02
2.3796e+02
2.3938e+02
2.4098e+02
2.4283e+02
2.4500e+02
2.4756e+02
2.5062e+02
2.5424e+02
2.5846e+02
2.6327e+02
2.6864e+02
2.7445e+02
2.8055e+02
2.8675e+02
2.9281e+02
2.9853e+02
3.0369e+02
3.0811e+02
3.1169e+02
3.1434e+02
3.1607e+02
3.1692e+02
3.1698e+02
3.1636e+02
3.1518e+02
3.1357e+02
3.1164e+02
3.0948e+02
3.0720e+02
3.0484e+02
3.0243e+02
2.9995e+02
2.9739e+02
2.9478e+02
2.9210e+02
2.8937e+02
2.8664e+02
2.8395e+02
2.8138e+02
2.7900e+02
2.7692e+02
2.7522e+02
2.7397e+02
2.7323e+02
2.7301e+02
2.7331e+02
2.7415e+02
2.7548e+02
2.7729e+02
2.7955e+02
2.8223e+02
2.8532e+02
2.8884e+02
2.9279e+02
2.9718e+02
3.0200e+02
3.0718e+02
3.1265e+02
3.1827e+02
3.2389e+02
3.2928e+02
3.3418e+02
3.3834e+02
3.4153e+02
3.4357e+02
3.4426e+02
3.4347e+02
3.4111e+02
3.3717e+02
3.3168e+02
3.2476e+02
3.1656e+02
3.0727e+02
2.9714e+02
2.8643e+02
2.7545e+02
2.6448e+02
2.5380e+02
2.4368e+02
2.3436e+02
2.2604e+02
2.1887e+02
2.1294e+02
2.0830e+02
2.0493e+02
2.0276e+02
2.0169e+02
2.0159e+02
2.0227e+02
2.0355e+02
2.0523e+02
2.0714e+02
2.0913e+02
2.1108e+02
2.1293e+02
2.1464e+02
2.1622e+02
2.1778e+02
2.1944e+02
2.2133e+02
2.2362e+02
2.2643e+02
2.2989e+02
2.3404e+02
2.3889e+02
2.4435e+02
2.5030e+02
2.5658e+02
2.6296e+02
2.6922e+02
2.7515e+02
2.8054e+02
2.8528e+02
2.8927e+02
2.9247e+02
2.9490e+02
2.9664e+02
2.9779e+02
2.9848e+02
2.9886e+02
2.9902e+02
2.9904e+02
2.9891e+02
2.9860e+02
2.9801e+02
2.9701e+02
2.9541e+02
2.9304e+02
2.8971e+02
2.8530e+02
2.7975e+02
2.7307e+02
2.6535e+02
2.5680e+02
2.4765e+02
2.3822e+02
2.2885e+02
2.1984e+02
2.1148e+02
2.0399e+02
1.9751e+02
1.9214e+02
1.8787e+02
1.8465e+02
1.8238e+02
1.8094e+02
1.8020e+02
1.8003e+02
1.8033e+02
1.8098e+02
1.8191e+02
1.8305e+02
1.8441e+02
1.8599e+02
1.8785e+02
1.9004e+02
1.9261e+02
1.9566e+02
1.9928e+02
2.0355e+02
2.0853e+02
2.1424e+02
2.2067e+02
2.2773e+02
2.3530e+02
2.4320e+02
2.5122e+02
2.5915e+02
2.6676e+02
2.7387e+02
2.8032e+02
2.8603e+02
2.9093e+02
2.9504e+02
2.9842e+02
3.0115e+02
3.0336e+02
3.0515e+02
3.0662e+02
3.0786e+02
3.0894e+02
3.0991e+02
3.1078e+02
3.1155e+02
3.1221e+02
3.1275e+02
3.1316e+02
3.1342e+02
3.1356e+02
3.1356e+02
3.1345e+02
3.1324e+02
3.1295e+02
3.1259e+02
3.1218e+02
3.1174e+02
3.1129e+02
3.1082e+02
3.1038e+02
3.0995e+02
3.0958e+02
3.0925e+02
3.0900e+02
3.0884e+02
3.0878e+02
3.0882e+02
3.0891e+02
3.0898e+02
3.0893e+02
3.0867e+02
3.0805e+02
3.0693e+02
3.0519e+02
3.0269e+02
2.9932e+02
2.9503e+02
2.8983e+02
2.8378e+02
2.7701e+02
2.6971e+02
2.6211e+02
2.5447e+02
2.4703e+02
2.4004e+02
2.3368e+02
2.2812e+02
2.2343e+02
2.1964e+02
2.1675e+02
2.1472e+02
2.1350e+02
2.1303e+02
2.1326e+02
2.1415e+02
2.1567e+02
2.1782e+02
2.2056e+02
2.2389e+02
2.2777e+02
2.3212e+02
2.3685e+02
2.4181e+02
2.4686e+02
2.5186e+02
2.5667e+02
2.6121e+02
2.6540e+02
2.6926e+02
2.7279e+02
2.7605e+02
2.7911e+02
2.8205e+02
2.8491e+02
2.8775e+02
2.9059e+02
2.9339e+02
2.9614e+02
2.9878e+02
3.0127e+02
3.0356e+02
3.0562e+02
3.0743e+02
3.0899e+02
3.1034e+02
3.1151e+02
3.1254e+02
3.1344e+02
3.1424e+02
3.1494e+02
3.1552e+02
3.1597e+02
3.1627e+02
3.1639e+02
3.1632e+02
3.1605e+02
3.1556e+02
3.1490e+02
3.1408e+02
3.1315e+02
3.1214e+02
3.1108e+02
3.1002e+02
3.0900e+02
3.0804e+02
3.0715e+02
3.0633e+02
3.0559e+02
3.0492e+02
3.0431e+02
3.0378e+02
3.0332e+02
3.0296e+02
3.0271e+02
3.0260e+02
3.0262e+02
3.0279e+02
3.0310e+02
3.0351e+02
3.0398e+02
3.0446e+02
3.0486e+02
3.0512e+02
3.0517e+02
3.0497e+02
3.0449e+02
3.0374e+02
3.0278e+02
3.0166e+02
3.0048e+02
2.9931e+02
2.9826e+02
2.9738e+02
2.9672e+02
2.9628e+02
2.9605e+02
2.9598e+02
2.9601e+02
2.9607e+02
2.9609e+02
2.9601e+02
2.9577e+02
2.9537e+02
2.9478e+02
2.9404e+02
2.9316e+02
2.9218e+02
2.9112e+02
2.9000e+02
2.8886e+02
2.8771e+02
2.8655e+02
2.8540e+02
2.8427e+02
2.8316e+02
2.8209e+02
2.8105e+02
2.8007e+02
2.7914e+02
2.7828e+02
2.7748e+02
2.7672e+02
2.7602e+02
2.7533e+02
2.7466e+02
2.7397e+02
2.7325e+02
2.7249e+02
2.7170e+02
2.7087e+02
2.7002e+02
2.6919e+02
2.6840e+02
2.6769e+02
2.6711e+02
2.6669e+02
2.6646e+02
2.6645e+02
2.6668e+02
2.6715e+02
2.6781e+02
2.6864e+02
2.6958e+02
2.7058e+02
2.7158e+02
2.7254e+02
2.7341e+02
2.7416e+02
2.7479e+02
2.7532e+02
2.7577e+02
2.7617e+02
2.7657e+02
2.7698e+02
2.7743e+02
2.7794e+02
2.7849e+02
2.7906e+02
2.7959e+02
2.8003e+02
2.8034e+02
2.8047e+02
2.8039e+02
2.8008e+02
2.7955e+02
2.7882e+02
2.7794e+02
2.7696e+02
2.7596e+02
2.7498e+02
2.7410e+02
2.7337e+02
2.7283e+02
2.7249e+02
2.7235e+02
2.7239e+02
2.7260e+02
2.7294e+02
2.7336e+02
2.7382e+02
2.7429e+02
2.7471e+02
2.7504e+02
2.7526e+02
2.7533e+02
2.7523e+02
2.7492e+02
2.7439e+02
2.7364e+02
2.7265e+02
2.7143e+02
2.7000e+02
2.6838e+02
2.6661e+02
2.6472e+02
2.6277e+02
2.6079e+02
2.5883e+02
2.5693e+02
2.5513e+02
2.5346e+02
2.5194e+02
2.5060e+02
2.4945e+02
2.4852e+02
2.4783e+02
2.4738e+02
2.4719e+02
2.4723e+02
2.4748e+02
2.4791e+02
2.4846e+02
2.4907e+02
2.4966e+02
2.5018e+02
2.5057e+02
2.5076e+02
2.5074e+02
2.5049e+02
2.5003e+02
2.4940e+02
2.4866e+02
2.4786e+02
2.4706e+02
2.4632e+02
2.4570e+02
2.4523e+02
2.4494e+02
2.4482e+02
2.4487e+02
2.4509e+02
2.4544e+02
2.4590e+02
2.4643e+02
2.4701e+02
2.4761e+02
2.4820e+02
2.4875e+02
2.4925e+02
2.4969e+02
2.5004e+02
2.5032e+02
2.5053e+02
2.5069e+02
2.5081e+02
2.5091e+02
2.5101e+02
2.5111e+02
2.5124e+02
2.5140e+02
2.5158e+02
2.5176e+02
2.5190e+02
2.5198e+02
2.5198e+02
2.5187e+02
2.5162e+02
2.5124e+02
2.5071e+02
2.5006e+02
2.4929e+02
2.4844e+02
2.4752e+02
2.4658e+02
2.4563e+02
2.4470e+02
2.4381e+02
2.4296e+02
2.4215e+02
2.4140e+02
2.4071e+02
2.4009e+02
2.3955e+02
2.3911e+02
2.3878e+02
2.3859e+02
2.3856e+02
2.3871e+02
2.3905e+02
2.3957e+02
2.4027e+02
2.4112e+02
2.4212e+02
2.4322e+02
2.4439e+02
2.4561e+02
2.4682e+02
2.4801e+02
2.4914e+02
2.5021e+02
2.5119e+02
2.5210e+02
2.5294e+02
2.5374e+02
2.5449e+02
2.5524e+02
2.5601e+02
2.5682e+02
2.5770e+02
2.5867e+02
2.5974e+02
2.6095e+02
2.6229e+02
2.6377e+02
2.6540e+02
2.6714e+02
2.6896e+02
2.7080e+02
2.7259e+02
2.7426e+02
2.7572e+02
2.7687e+02
2.7764e+02
2.7796e+02
2.7779e+02
2.7713e+02
2.7600e+02
2.7447e+02
2.7265e+02
2.7063e+02
2.6857e+02
2.6656e+02
2.6473e+02
2.6314e+02
2.6184e+02
2.6085e+02
2.6015e+02
2.5972e+02
2.5952e+02
2.5949e+02
2.5961e+02
2.5983e+02
2.6013e+02
2.6050e+02
2.6093e+02
2.6140e+02
2.6188e+02
2.6238e+02
2.6285e+02
2.6327e+02
2.6362e+02
2.6387e+02
2.6400e+02
2.6403e+02
2.6396e+02
2.6382e+02
2.6362e+02
2.6341e+02
2.6319e+02
2.6299e+02
2.6280e+02
2.6262e+02
2.6244e+02
2.6223e+02
2.6197e+02
2.6165e+02
2.6126e+02
2.6080e+02
2.6027e+02
2.5968e+02
2.5906e+02
2.5843e+02
2.5780e+02
2.5720e+02
2.5664e+02
2.5614e+02
2.5569e+02
2.5531e+02
2.5498e+02
2.5470e+02
2.5445e+02
2.5423e+02
2.5401e+02
2.5379e+02
2.5358e+02
2.5335e+02
2.5310e+02
2.5284e+02
2.5256e+02
2.5226e+02
2.5195e+02
2.5162e+02
2.5128e+02
2.5092e+02
2.5054e+02
2.5014e+02
2.4972e+02
2.4927e+02
2.4881e+02
2.4835e+02
2.4790e+02
2.4748e+02
2.4712e+02
2.4683e+02
2.4662e+02
2.4651e+02
2.4651e+02
2.4662e+02
2.4685e+02
2.4717e+02
2.4760e+02
2.4812e+02
2.4873e+02
2.4939e+02
2.5009e+02
2.5080e+02
2.5150e+02
2.5215e+02
2.5273e+02
2.5321e+02
2.5357e+02
2.5380e+02
2.5388e+02
2.5382e+02
2.5362e+02
2.5332e+02
2.5292e+02
2.5245e+02
2.5194e+02
2.5140e+02
2.5085e+02
2.5030e+02
2.4975e+02
2.4922e+02
2.4872e+02
2.4826e+02
2.4788e+02
2.4758e+02
2.4739e+02
2.4734e+02
2.4743e+02
2.4768e+02
2.4808e+02
2.4860e+02
2.4921e+02
2.4988e+02
2.5054e+02
2.5115e+02
2.5164e+02
2.5197e+02
2.5210e+02
2.5203e+02
2.5174e+02
2.5127e+02
2.5064e+02
2.4991e+02
2.4912e+02
2.4831e+02
2.4751e+02
2.4676e+02
2.4606e+02
2.4541e+02
2.4478e+02
2.4414e+02
2.4344e+02
2.4264e+02
2.4169e+02
2.4055e+02
2.3920e+02
2.3764e+02
2.3586e+02
2.3390e+02
2.3179e+02
2.2956e+02
2.2728e+02
2.2499e+02
2.2274e+02
2.2060e+02
2.1860e+02
2.1680e+02
2.1521e+02
2.1387e+02
2.1280e+02
2.1199e+02
2.1143e+02
2.1110e+02
2.1095e+02
2.1094e+02
2.1103e+02
2.1116e+02
2.1127e+02
2.1132e+02
2.1126e+02
2.1105e+02
2.1069e+02
2.1017e+02
2.0951e+02
2.0874e+02
2.0789e+02
2.0701e+02
2.0615e+02
2.0532e+02
2.0457e+02
2.0391e+02
2.0337e+02
2.0293e+02
2.0261e+02
2.0238e+02
2.0221e+02
2.0209e+02
2.0199e+02
2.0188e+02
2.0176e+02
2.0159e+02
2.0138e+02
2.0120e+02
2.0112e+02
2.0125e+02
2.0171e+02
2.0267e+02
2.0427e+02
2.0667e+02
2.1001e+02
2.1435e+02
2.1971e+02
2.2603e+02
2.3315e+02
2.4084e+02
2.4884e+02
2.5684e+02
2.6456e+02
2.7176e+02
2.7829e+02
2.8405e+02
2.8906e+02
2.9339e+02
2.9719e+02
3.0066e+02
3.0396e+02
3.0726e+02
3.1063e+02
3.1408e+02
3.1754e+02
3.2090e+02
3.2400e+02
3.2664e+02
3.2863e+02
3.2983e+02
3.3014e+02
3.2957e+02
3.2817e+02
3.2608e+02
3.2351e+02
3.2067e+02
3.1783e+02
3.1521e+02
3.1303e+02
3.1148e+02
3.1070e+02
3.1077e+02
3.1171e+02
3.1347e+02
3.1593e+02
3.1894e+02
3.2229e+02
3.2579e+02
3.2922e+02
3.3239e+02
3.3513e+02
3.3733e+02
3.3893e+02
3.3995e+02
3.4044e+02
3.4051e+02
3.4028e+02
3.3989e+02
3.3947e+02
3.3910e+02
3.3885e+02
3.3873e+02
3.3874e+02
3.3880e+02
3.3885e+02
3.3879e+02
3.3854e+02
3.3801e+02
3.3720e+02
3.3606e+02
3.3463e+02
3.3295e+02
3.3108e+02
3.2913e+02
3.2719e+02
3.2539e+02
3.2382e+02
3.2259e+02
3.2179e+02
3.2149e+02
3.2174e+02
3.2254e+02
3.2388e+02
3.2568e+02
3.2786e+02
3.3027e+02
3.3276e+02
3.3518e+02
3.3735e+02
3.3914e+02
3.4042e+02
3.4109e+02
3.4110e+02
3.4044e+02
3.3912e+02
3.3720e+02
3.3473e+02
3.3182e+02
3.2859e+02
3.2515e+02
3.2168e+02
3.1833e+02
3.1527e+02
3.1265e+02
3.1063e+02
3.0935e+02
3.0891e+02
3.0935e+02
3.1068e+02
3.1284e+02
3.1568e+02
3.1901e+02
3.2260e+02
3.2620e+02
3.2956e+02
3.3247e+02
3.3474e+02
3.3628e+02
3.3704e+02
3.3708e+02
3.3648e+02
3.3541e+02
3.3406e+02
3.3261e+02
3.3125e+02
3.3013e+02
3.2934e+02
3.2893e+02
3.2892e+02
3.2925e+02
3.2984e+02
3.3055e+02
3.3127e+02
3.3190e+02
3.3231e+02
3.3244e+02
3.3223e+02
3.3165e+02
3.3071e+02
3.2944e+02
3.2787e+02
3.2605e+02
3.2405e+02
3.2191e+02
3.1967e+02
3.1738e+02
3.1506e+02
3.1272e+02
3.1038e+02
3.0805e+02
3.0570e+02
3.0335e+02
3.0099e+02
2.9867e+02
2.9644e+02
2.9438e+02
2.9257e+02
2.9115e+02
2.9023e+02
2.8996e+02
2.9043e+02
2.9172e+02
2.9387e+02
2.9684e+02
3.0057e+02
3.0490e+02
3.0964e+02
3.1458e+02
3.1946e+02
3.2407e+02
3.2818e+02
3.3164e+02
3.3432e+02
3.3619e+02
3.3722e+02
3.3744e+02
3.3692e+02
3.3574e+02
3.3397e+02
3.3168e+02
3.2895e+02
3.2583e+02
3.2236e+02
3.1858e+02
3.1451e+02
3.1018e+02
3.0562e+02
3.0088e+02
2.9603e+02
2.9115e+02
2.8637e+02
2.8183e+02
2.7769e+02
2.7413e+02
2.7130e+02
2.6935e+02
2.6843e+02
2.6861e+02
2.6993e+02
2.7236e+02
2.7575e+02
2.7993e+02
2.8464e+02
2.8957e+02
2.9443e+02
2.9894e+02
3.0288e+02
3.0611e+02
3.0858e+02
3.1031e+02
3.1138e+02
3.1195e+02
3.1222e+02
3.1237e+02
3.1257e+02
3.1292e+02
3.1347e+02
3.1421e+02
3.1504e+02
3.1588e+02
3.1658e+02
3.1701e+02
3.1705e+02
3.1661e+02
3.1567e+02
3.1426e+02
3.1249e+02
3.1048e+02
3.0839e+02
3.0637e+02
3.0462e+02
3.0330e+02
3.0252e+02
3.0241e+02
3.0303e+02
3.0436e+02
3.0635e+02
3.0888e+02
3.1178e+02
3.1486e+02
3.1789e+02
3.2070e+02
3.2308e+02
3.2486e+02
3.2595e+02
3.2626e+02
3.2579e+02
3.2458e+02
3.2272e+02
3.2034e+02
3.1759e+02
3.1462e+02
3.1154e+02
3.0850e+02
3.0559e+02
3.0290e+02
3.0047e+02
2.9831e+02
2.9639e+02
2.9470e+02
2.9318e+02
2.9177e+02
2.9041e+02
2.8902e+02
2.8753e+02
2.8587e+02
2.8400e+02
2.8187e+02
2.7946e+02
2.7678e+02
2.7384e+02
2.7071e+02
2.6748e+02
2.6427e+02
2.6121e+02
2.5844e+02
2.5612e+02
2.5436e+02
2.5328e+02
2.5293e+02
2.5330e+02
2.5435e+02
2.5600e+02
2.5814e+02
2.6061e+02
2.6327e+02
2.6601e+02
2.6872e+02
2.7134e+02
2.7385e+02
2.7628e+02
2.7865e+02
2.8100e+02
2.8334e+02
2.8567e+02
2.8797e+02
2.9014e+02
2.9210e+02
2.9372e+02
2.9490e+02
2.9554e+02
2.9557e+02
2.9497e+02
2.9374e+02
2.9197e+02
2.8975e+02
2.8726e+02
2.8464e+02
2.8209e+02
2.7978e+02
2.7785e+02
2.7645e+02
2.7569e+02
2.7562e+02
2.7625e+02
2.7757e+02
2.7948e+02
2.8187e+02
2.8458e+02
2.8743e+02
2.9019e+02
2.9268e+02
2.9469e+02
2.9607e+02
2.9675e+02
2.9671e+02
2.9598e+02
2.9469e+02
2.9299e+02
2.9110e+02
2.8922e+02
2.8757e+02
2.8633e+02
2.8562e+02
2.8551e+02
2.8598e+02
2.8695e+02
2.8827e+02
2.8976e+02
2.9124e+02
2.9250e+02
2.9339e+02
2.9377e+02
2.9358e+02
2.9284e+02
2.9160e+02
2.9000e+02
2.8819e+02
2.8634e+02
2.8464e+02
2.8323e+02
2.8226e+02
2.8181e+02
2.8193e+02
2.8261e+02
2.8379e+02
2.8537e+02
2.8724e+02
2.8926e+02
2.9134e+02
2.9337e+02
2.9526e+02
2.9697e+02
2.9848e+02
2.9979e+02
3.0095e+02
3.0199e+02
3.0296e+02
3.0390e+02
3.0485e+02
3.0582e+02
3.0681e+02
3.0780e+02
3.0876e+02
3.0963e+02
3.1038e+02
3.1095e+02
3.1131e+02
3.1143e+02
3.1131e+02
3.1099e+02
3.1051e+02
3.0991e+02
3.0925e+02
3.0859e+02
3.0797e+02
3.0743e+02
3.0699e+02
3.0667e+02
3.0648e+02
3.0643e+02
3.0652e+02
3.0675e+02
3.0715e+02
3.0773e+02
3.0849e+02
3.0945e+02
3.1061e+02
3.1194e+02
3.1340e+02
3.1491e+02
3.1640e+02
3.1779e+02
3.1902e+02
3.2005e+02
3.2086e+02
3.2147e+02
3.2194e+02
3.2234e+02
3.2277e+02
3.2333e+02
3.2411e+02
3.2516e+02
3.2649e+02
3.2808e+02
3.2986e+02
3.3173e+02
3.3358e+02
3.3530e+02
3.3676e+02
3.3787e+02
3.3857e+02
3.3881e+02
3.3858e+02
3.3790e+02
3.3682e+02
3.3538e+02
3.3366e+02
3.3170e+02
3.2954e+02
3.2725e+02
3.2486e+02
3.2243e+02
3.1998e+02
3.1755e+02
3.1516e+02
3.1281e+02
3.1048e+02
3.0813e+02
3.0570e+02
3.0312e+02
3.0029e+02
2.9710e+02
2.9344e+02
2.8924e+02
2.8443e+02
2.7899e+02
2.7300e+02
2.6661e+02
2.6003e+02
2.5350e+02
2.4735e+02
2.4190e+02
2.3746e+02
2.3430e+02
2.3263e+02
2.3254e+02
2.3402e+02
2.3694e+02
2.4108e+02
2.4612e+02
2.5172e+02
2.5749e+02
2.6308e+02
2.6816e+02
2.7247e+02
2.7585e+02
2.7822e+02
2.7962e+02
2.8018e+02
2.8007e+02
2.7950e+02
2.7870e+02
2.7789e+02
2.7727e+02
2.7701e+02
2.7723e+02
2.7801e+02
2.7932e+02
2.8109e+02
2.8320e+02
2.8550e+02
2.8781e+02
2.8993e+02
2.9170e+02
2.9298e+02
2.9366e+02
2.9367e+02
2.9299e+02
2.9167e+02
2.8976e+02
2.8734e+02
2.8450e+02
2.8133e+02
2.7788e+02
2.7421e+02
2.7035e+02
2.6631e+02
2.6210e+02
2.5772e+02
2.5320e+02
2.4858e+02
2.4397e+02
2.3951e+02
2.3534e+02
2.3165e+02
2.2860e+02
2.2634e+02
2.2499e+02
2.2462e+02
2.2521e+02
2.2669e+02
2.2893e+02
2.3174e+02
2.3492e+02
2.3826e+02
2.4154e+02
2.4462e+02
2.4739e+02
2.4980e+02
2.5184e+02
2.5358e+02
2.5509e+02
2.5646e+02
2.5776e+02
2.5905e+02
2.6032e+02
2.6156e+02
2.6271e+02
2.6373e+02
2.6452e+02
2.6503e+02
2.6522e+02
2.6507e+02
2.6462e+02
2.6390e+02
2.6302e+02
2.6203e+02
2.6100e+02
2.5995e+02
2.5888e+02
2.5773e+02
2.5646e+02
2.5497e+02
2.5316e+02
2.5092e+02
2.4819e+02
2.4493e+02
2.4113e+02
2.3686e+02
2.3219e+02
2.2725e+02
2.2219e+02
2.1715e+02
2.1224e+02
2.0754e+02
2.0307e+02
1.9882e+02
1.9474e+02
1.9073e+02
1.8665e+02
1.8240e+02
1.7787e+02
1.7297e+02
1.6769e+02
1.6204e+02
1.5612e+02
1.5004e+02
1.4397e+02
1.3811e+02
1.3264e+02
1.2775e+02
1.2359e+02
1.2024e+02
1.1772e+02
1.1604e+02
1.1513e+02
1.1489e+02
1.1519e+02
1.1589e+02
1.1685e+02
1.1795e+02
1.1912e+02
1.2036e+02
1.2168e+02
1.2317e+02
1.2496e+02
1.2722e+02
1.3009e+02
1.3372e+02
1.3822e+02
1.4360e+02
1.4980e+02
1.5665e+02
1.6394e+02
1.7133e+02
1.7848e+02
1.8500e+02
1.9055e+02
1.9481e+02
1.9758e+02
1.9875e+02
1.9831e+02
1.9638e+02
1.9317e+02
1.8897e+02
1.8411e+02
1.7889e+02
1.7363e+02
1.6859e+02
1.6397e+02
1.5991e+02
1.5646e+02
1.5362e+02
1.5133e+02
1.4947e+02
1.4796e+02
1.4667e+02
1.4552e+02
1.4443e+02
1.4335e+02
1.4224e+02
1.4110e+02
1.3998e+02
1.3893e+02
1.3799e+02
1.3720e+02
1.3660e+02
1.3621e+02
1.3602e+02
1.3603e+02
1.3618e+02
1.3644e+02
1.3674e+02
1.3701e+02
1.3722e+02
1.3731e+02
1.3727e+02
1.3709e+02
1.3678e+02
1.3637e+02
1.3590e+02
1.3541e+02
1.3496e+02
1.3460e+02
1.3436e+02
1.3429e+02
1.3443e+02
1.3482e+02
1.3547e+02
1.3641e+02
1.3766e+02
1.3921e+02
1.4106e+02
1.4320e+02
1.4559e+02
1.4819e+02
1.5094e+02
1.5376e+02
1.5657e+02
1.5928e+02
1.6181e+02
1.6405e+02
1.6594e+02
1.6741e+02
1.6840e+02
1.6888e+02
1.6884e+02
1.6829e+02
1.6724e+02
1.6575e+02
1.6388e+02
1.6169e+02
1.5927e+02
1.5669e+02
1.5404e+02
1.5140e+02
1.4886e+02
1.4644e+02
1.4421e+02
1.4216e+02
1.4029e+02
1.3855e+02
1.3689e+02
1.3526e+02
1.3357e+02
1.3176e+02
1.2976e+02
1.2752e+02
1.2503e+02
1.2228e+02
1.1930e+02
1.1613e+02
1.1283e+02
1.0948e+02
1.0617e+02
1.0296e+02
9.9929e+01
9.7112e+01
9.4539e+01
9.2212e+01
9.0117e+01
8.8222e+01
8.6479e+01
8.4834e+01
8.3235e+01
8.1635e+01
7.9988e+01
7.8274e+01
7.6485e+01
7.4627e+01
7.2732e+01
7.0839e+01
6.8994e+01
6.7244e+01
6.5638e+01
6.4205e+01
6.2981e+01
6.1995e+01
6.1260e+01
6.0772e+01
6.0521e+01
6.0492e+01
6.0657e+01
6.0983e+01
6.1432e+01
6.1964e+01
6.2542e+01
6.3120e+01
6.3659e+01
6.4120e+01
6.4478e+01
6.4722e+01
6.4855e+01
6.4897e+01
6.4876e+01
6.4824e+01
6.4777e+01
6.4776e+01
6.4849e+01
6.5024e+01
6.5306e+01
6.5685e+01
6.6137e+01
6.6629e+01
6.7119e+01
6.7566e+01
6.7942e+01
6.8221e+01
6.8384e+01
6.8433e+01
6.8376e+01
6.8235e+01
6.8039e+01
6.7822e+01
6.7616e+01
6.7451e+01
6.7344e+01
6.7303e+01
6.7329e+01
6.7412e+01
6.7539e+01
6.7689e+01
6.7837e+01
6.7953e+01
6.8007e+01
6.7982e+01
6.7865e+01
6.7653e+01
6.7350e+01
6.6967e+01
6.6509e+01
6.5993e+01
6.5431e+01
6.4829e+01
6.4189e+01
6.3507e+01
6.2776e+01
6.1972e+01
6.1080e+01
6.0087e+01
5.8992e+01
5.7803e+01
5.6540e+01
5.5234e+01
5.3927e+01
5.2676e+01
5.1546e+01
5.0636e+01
5.0070e+01
4.9985e+01
5.0531e+01
5.1865e+01
5.4143e+01
5.7499e+01
6.2047e+01
6.7850e+01
7.4906e+01
8.3140e+01
9.2389e+01
1.0240e+02
1.1287e+02
1.2343e+02
1.3370e+02
1.4333e+02
1.5199e+02
1.5945e+02
1.6553e+02
1.7019e+02
1.7347e+02
1.7547e+02
1.7639e+02
1.7643e+02
1.7581e+02
1.7473e+02
1.7336e+02
1.7181e+02
1.7018e+02
1.6852e+02
1.6684e+02
1.6513e+02
1.6341e+02
1.6168e+02
1.6000e+02
1.5844e+02
1.5709e+02
1.5605e+02
1.5541e+02
1.5524e+02
1.5560e+02
1.5651e+02
1.5796e+02
1.5992e+02
1.6227e+02
1.6492e+02
1.6772e+02
1.7054e+02
1.7325e+02
1.7574e+02
1.7792e+02
1.7973e+02
1.8111e+02
1.8202e+02
1.8242e+02
1.8232e+02
1.8167e+02
1.8047e+02
1.7868e+02
1.7628e+02
1.7323e+02
1.6956e+02
1.6526e+02
1.6040e+02
1.5505e+02
1.4935e+02
1.4345e+02
1.3756e+02
1.3188e+02
1.2662e+02
1.2200e+02
1.1819e+02
1.1530e+02
1.1343e+02
1.1258e+02
1.1271e+02
1.1372e+02
1.1548e+02
1.1781e+02
1.2051e+02
1.2338e+02
1.2624e+02
1.2893e+02
1.3138e+02
1.3354e+02
1.3542e+02
1.3706e+02
1.3851e+02
1.3987e+02
1.4124e+02
1.4269e+02
1.4429e+02
1.4605e+02
1.4795e+02
1.4995e+02
1.5195e+02
1.5384e+02
1.5553e+02
1.5689e+02
1.5784e+02
1.5831e+02
1.5824e+02
1.5767e+02
1.5662e+02
1.5517e+02
1.5343e+02
1.5152e+02
1.4956e+02
1.4766e+02
1.4593e+02
1.4446e+02
1.4332e+02
1.4252e+02
1.4208e+02
1.4196e+02
1.4210e+02
1.4243e+02
1.4288e+02
1.4337e+02
1.4383e+02
1.4418e+02
1.4437e+02
1.4434e+02
1.4408e+02
1.4358e+02
1.4284e+02
1.4190e+02
1.4077e+02
1.3952e+02
1.3819e+02
1.3686e+02
1.3561e+02
1.3452e+02
1.3366e+02
1.3311e+02
1.3291e+02
1.3313e+02
1.3379e+02
1.3491e+02
1.3649e+02
1.3851e+02
1.4095e+02
1.4373e+02
1.4678e+02
1.4997e+02
1.5318e+02
1.5627e+02
1.5908e+02
1.6147e+02
1.6326e+02
1.6435e+02
1.6464e+02
1.6410e+02
1.6274e+02
1.6064e+02
1.5793e+02
1.5478e+02
1.5144e+02
1.4811e+02
1.4504e+02
1.4242e+02
1.4043e+02
1.3916e+02
1.3866e+02
1.3891e+02
1.3985e+02
1.4136e+02
1.4328e+02
1.4546e+02
1.4772e+02
1.4987e+02
1.5173e+02
1.5311e+02
1.5387e+02
1.5390e+02
1.5309e+02
1.5139e+02
1.4877e+02
1.4524e+02
1.4086e+02
1.3575e+02
1.3005e+02
1.2398e+02
1.1776e+02
1.1167e+02
1.0598e+02
1.0093e+02
9.6764e+01
9.3669e+01
9.1793e+01
9.1219e+01
9.1963e+01
9.3968e+01
9.7116e+01
1.0124e+02
1.0610e+02
1.1145e+02
1.1696e+02
1.2235e+02
1.2731e+02
1.3158e+02
1.3498e+02
1.3737e+02
1.3868e+02
1.3890e+02
1.3811e+02
1.3643e+02
1.3404e+02
1.3113e+02
1.2791e+02
1.2460e+02
1.2131e+02
1.1814e+02
1.1509e+02
1.1210e+02
1.0907e+02
1.0583e+02
1.0221e+02
9.8054e+01
9.3225e+01
8.7629e+01
8.1249e+01
7.4140e+01
6.6441e+01
5.8353e+01
5.0117e+01
4.1994e+01
3.4247e+01
2.7115e+01
2.0776e+01
1.5343e+01
1.0861e+01
7.3140e+00
4.6322e+00
2.7035e+00
1.4008e+00
5.9165e-01
1.5920e-01
0000
3.6890e-02
2.0698e-01
4.6176e-01
7.8518e-01
1.1762e+00
1.6202e+00
2.0889e+00
2.5659e+00
3.0199e+00
3.4127e+00
3.7132e+00
3.8969e+00
3.9573e+00
3.9030e+00
3.7670e+00
3.5901e+00
3.4279e+00
3.3494e+00
3.4273e+00
3.7303e+00
4.3173e+00
5.2387e+00
6.5198e+00
8.1708e+00
1.0167e+01
1.2461e+01
1.4993e+01
1.7691e+01
2.0462e+01
2.3205e+01
2.5833e+01
2.8260e+01
3.0407e+01
3.2215e+01
3.3650e+01
3.4695e+01
3.5355e+01
3.5662e+01
3.5658e+01
3.5414e+01
3.5015e+01
3.4544e+01
3.4087e+01
3.3722e+01
3.3515e+01
3.3499e+01
3.3681e+01
3.4025e+01
3.4462e+01
3.4899e+01
3.5227e+01
3.5323e+01
3.5059e+01
3.4333e+01
3.3069e+01
3.1244e+01
2.8880e+01
2.6047e+01
2.2868e+01
1.9512e+01
1.6179e+01
1.3073e+01
1.0406e+01
8.3638e+00
7.0987e+00
6.7057e+00
7.2205e+00
8.6207e+00
1.0822e+01
1.3698e+01
1.7075e+01
2.0744e+01
2.4480e+01
2.8065e+01
3.1307e+01
3.4041e+01
3.6140e+01
3.7526e+01
3.8189e+01
3.8189e+01
3.7657e+01
3.6770e+01
3.5750e+01
3.4849e+01
3.4325e+01
3.4428e+01
3.5371e+01
3.7340e+01
4.0469e+01
4.4831e+01
5.0434e+01
5.7230e+01
6.5118e+01
7.3958e+01
8.3593e+01
9.3852e+01
1.0457e+02
1.1557e+02
1.2672e+02
1.3784e+02
1.4879e+02
1.5942e+02
1.6962e+02
1.7921e+02
1.8802e+02
1.9582e+02
2.0239e+02
2.0751e+02
2.1099e+02
2.1262e+02
2.1227e+02
2.0983e+02
2.0528e+02
1.9871e+02
1.9031e+02
1.8036e+02
1.6922e+02
1.5736e+02
1.4525e+02
1.3335e+02
1.2209e+02
1.1181e+02
1.0279e+02
9.5186e+01
8.9053e+01
8.4375e+01
8.1074e+01
7.9034e+01
7.8151e+01
7.8367e+01
7.9671e+01
8.2097e+01
8.5720e+01
9.0615e+01
9.6861e+01
1.0452e+02
1.1357e+02
1.2391e+02
1.3532e+02
1.4751e+02
1.6011e+02
1.7272e+02
1.8493e+02
